#Genome A	Genes in A	Genome B	Genes in B	# orthologous genes	Mean AAI	Std AAI	Orthologous fraction (OF)
GCA_003210495.1_ASM321049v1_genomic_prodigal_proteins	1134	GCA_003011125.1_ASM301112v1_genomic_prodigal_proteins	3076	484	61.45	13.25	42.68
GCA_003210495.1_ASM321049v1_genomic_prodigal_proteins	1134	GCA_900177365.1_IMG-taxon_2708742537_annotated_assembly_genomic_prodigal_proteins	3310	331	52.05	13.23	29.19
GCA_003210495.1_ASM321049v1_genomic_prodigal_proteins	1134	GCA_002760445.1_ASM276044v1_genomic_prodigal_proteins	2661	281	52.08	12.18	24.78
GCA_003210495.1_ASM321049v1_genomic_prodigal_proteins	1134	GCA_900474185.1_UW69_genomic_prodigal_proteins	2629	638	69.81	13.73	56.26
GCA_003210495.1_ASM321049v1_genomic_prodigal_proteins	1134	GCA_003210775.1_ASM321077v1_genomic_prodigal_proteins	2665	664	88.56	12.60	58.55
GCA_003210495.1_ASM321049v1_genomic_prodigal_proteins	1134	GCA_002700765.1_ASM270076v1_genomic_prodigal_proteins	2134	540	67.96	14.16	47.62
GCA_003210495.1_ASM321049v1_genomic_prodigal_proteins	1134	GCA_902599585.1_AG-916-O11_genomic_prodigal_proteins	1470	306	68.64	15.01	26.98
GCA_003210495.1_ASM321049v1_genomic_prodigal_proteins	1134	GCA_900474045.1_N19_genomic_prodigal_proteins	2484	594	69.95	13.93	52.38
GCA_003210495.1_ASM321049v1_genomic_prodigal_proteins	1134	GCA_003210815.1_ASM321081v1_genomic_prodigal_proteins	2087	638	95.71	10.75	56.26
GCA_003210495.1_ASM321049v1_genomic_prodigal_proteins	1134	GCA_900473955.1_GEYO_genomic_prodigal_proteins	2674	808	93.31	8.17	71.25
GCA_003210495.1_ASM321049v1_genomic_prodigal_proteins	1134	GCA_002167425.2_ASM216742v2_genomic_prodigal_proteins	2822	573	67.53	13.91	50.53
GCA_003210495.1_ASM321049v1_genomic_prodigal_proteins	1134	GCA_009844645.1_ASM984464v1_genomic_prodigal_proteins	1983	338	59.18	12.72	29.81
GCA_003210495.1_ASM321049v1_genomic_prodigal_proteins	1134	GCA_008081095.1_ASM808109v1_genomic_prodigal_proteins	1533	329	69.54	13.99	29.01
GCA_003210495.1_ASM321049v1_genomic_prodigal_proteins	1134	GCA_000014585.1_ASM1458v1_genomic_prodigal_proteins	2879	673	72.14	12.95	59.35
GCA_003210495.1_ASM321049v1_genomic_prodigal_proteins	1134	GCA_000317085.1_ASM31708v1_genomic_prodigal_proteins	3673	317	50.25	12.74	27.95
GCA_003210495.1_ASM321049v1_genomic_prodigal_proteins	1134	GCA_013133755.1_ASM1313375v1_genomic_prodigal_proteins	2700	813	93.40	8.95	71.69
GCA_003210495.1_ASM321049v1_genomic_prodigal_proteins	1134	GCA_003210475.1_ASM321047v1_genomic_prodigal_proteins	1514	493	95.37	12.17	43.47
GCA_003210495.1_ASM321049v1_genomic_prodigal_proteins	1134	GCA_003208815.1_ASM320881v1_genomic_prodigal_proteins	1352	250	67.63	15.44	22.05
GCA_003210495.1_ASM321049v1_genomic_prodigal_proteins	1134	GCA_000012505.1_ASM1250v1_genomic_prodigal_proteins	2461	619	68.42	13.89	54.59
GCA_003210495.1_ASM321049v1_genomic_prodigal_proteins	1134	GCA_000153825.1_ASM15382v1_genomic_prodigal_proteins	2811	677	72.72	13.29	59.70
GCA_003210495.1_ASM321049v1_genomic_prodigal_proteins	1134	GCA_002760475.1_ASM276047v1_genomic_prodigal_proteins	2647	278	52.23	12.10	24.51
GCA_003210495.1_ASM321049v1_genomic_prodigal_proteins	1134	GCA_003210565.1_ASM321056v1_genomic_prodigal_proteins	836	184	69.24	15.11	22.01
GCA_003210495.1_ASM321049v1_genomic_prodigal_proteins	1134	GCA_902618505.1_AG-892-K03_genomic_prodigal_proteins	959	110	63.86	16.31	11.47
GCA_003210495.1_ASM321049v1_genomic_prodigal_proteins	1134	GCA_005577135.1_ASM557713v1_genomic_prodigal_proteins	3356	332	52.15	13.03	29.28
GCA_003210495.1_ASM321049v1_genomic_prodigal_proteins	1134	GCA_003846445.1_ASM384644v1_genomic_prodigal_proteins	2740	379	54.09	13.14	33.42
GCA_003210495.1_ASM321049v1_genomic_prodigal_proteins	1134	GCA_000505665.1_ASM50566v1_genomic_prodigal_proteins	2466	328	51.94	12.64	28.92
GCA_003210495.1_ASM321049v1_genomic_prodigal_proteins	1134	GCA_902616255.1_AG-919-I18_genomic_prodigal_proteins	1046	211	66.74	15.63	20.17
GCA_003210495.1_ASM321049v1_genomic_prodigal_proteins	1134	GCA_001182765.1_WH8103.1_genomic_prodigal_proteins	2676	612	69.79	13.68	53.97
GCA_003210495.1_ASM321049v1_genomic_prodigal_proteins	1134	GCA_002760375.1_ASM276037v1_genomic_prodigal_proteins	2702	279	52.16	12.18	24.60
GCA_003210495.1_ASM321049v1_genomic_prodigal_proteins	1134	GCA_902592305.1_AG-914-O22_genomic_prodigal_proteins	179	24	63.85	14.40	13.41
GCA_003210495.1_ASM321049v1_genomic_prodigal_proteins	1134	GCA_001632165.1_ASM163216v1_genomic_prodigal_proteins	2830	805	93.05	9.40	70.99
GCA_003210495.1_ASM321049v1_genomic_prodigal_proteins	1134	GCA_004332405.1_ASM433240v1_genomic_prodigal_proteins	2437	625	72.92	13.56	55.11
GCA_003210495.1_ASM321049v1_genomic_prodigal_proteins	1134	GCA_900473975.1_N26_genomic_prodigal_proteins	2454	592	70.15	13.80	52.20
GCA_003210495.1_ASM321049v1_genomic_prodigal_proteins	1134	GCA_902612475.1_AG-918-G20_genomic_prodigal_proteins	502	96	66.00	14.13	19.12
GCA_003210495.1_ASM321049v1_genomic_prodigal_proteins	1134	GCA_000775285.1_ASM77528v1_genomic_prodigal_proteins	4812	315	51.93	13.01	27.78
GCA_003210495.1_ASM321049v1_genomic_prodigal_proteins	1134	GCA_002698505.1_ASM269850v1_genomic_prodigal_proteins	2471	625	71.42	13.54	55.11
GCA_003210495.1_ASM321049v1_genomic_prodigal_proteins	1134	GCA_002252665.1_ASM225266v1_genomic_prodigal_proteins	2771	527	65.65	13.10	46.47
GCA_003210495.1_ASM321049v1_genomic_prodigal_proteins	1134	GCA_003555505.1_ASM355550v1_genomic_prodigal_proteins	3351	248	52.62	13.24	21.87
GCA_003210495.1_ASM321049v1_genomic_prodigal_proteins	1134	GCA_900474015.1_UW106_genomic_prodigal_proteins	2762	641	69.85	13.81	56.53
GCA_003210495.1_ASM321049v1_genomic_prodigal_proteins	1134	GCA_000715475.1_ASM71547v1_genomic_prodigal_proteins	3299	330	52.11	13.12	29.10
GCA_003210495.1_ASM321049v1_genomic_prodigal_proteins	1134	GCA_001628295.1_ASM162829v1_genomic_prodigal_proteins	2145	540	70.32	13.71	47.62
GCA_003210495.1_ASM321049v1_genomic_prodigal_proteins	1134	GCA_003208775.1_ASM320877v1_genomic_prodigal_proteins	1808	442	70.39	14.38	38.98
GCA_003210495.1_ASM321049v1_genomic_prodigal_proteins	1134	GCA_003210975.1_ASM321097v1_genomic_prodigal_proteins	627	100	64.79	16.85	15.95
GCA_003210495.1_ASM321049v1_genomic_prodigal_proteins	1134	GCA_003208915.1_ASM320891v1_genomic_prodigal_proteins	1208	229	67.11	14.24	20.19
GCA_003210495.1_ASM321049v1_genomic_prodigal_proteins	1134	GCA_009837735.1_ASM983773v1_genomic_prodigal_proteins	2041	289	59.38	12.71	25.49
GCA_003210495.1_ASM321049v1_genomic_prodigal_proteins	1134	GCA_902548805.1_AG-901-N20_genomic_prodigal_proteins	158	30	65.67	19.89	18.99
GCA_003210495.1_ASM321049v1_genomic_prodigal_proteins	1134	GCA_003211235.1_ASM321123v1_genomic_prodigal_proteins	1698	349	68.00	14.02	30.78
GCA_003210495.1_ASM321049v1_genomic_prodigal_proteins	1134	GCA_004209775.1_ASM420977v1_genomic_prodigal_proteins	2798	621	73.36	12.44	54.76
GCA_003210495.1_ASM321049v1_genomic_prodigal_proteins	1134	GCA_003283215.1_ASM328321v1_genomic_prodigal_proteins	239	68	86.04	16.99	28.45
GCA_003210495.1_ASM321049v1_genomic_prodigal_proteins	1134	GCA_003209555.1_ASM320955v1_genomic_prodigal_proteins	908	151	63.66	14.15	16.63
GCA_003210495.1_ASM321049v1_genomic_prodigal_proteins	1134	GCA_000153805.1_ASM15380v1_genomic_prodigal_proteins	2517	628	68.48	13.83	55.38
GCA_003210495.1_ASM321049v1_genomic_prodigal_proteins	1134	GCA_003283205.1_ASM328320v1_genomic_prodigal_proteins	274	75	85.99	19.40	27.37
GCA_003210495.1_ASM321049v1_genomic_prodigal_proteins	1134	GCA_900473925.1_N5_genomic_prodigal_proteins	2417	590	70.31	13.76	52.03
GCA_003210495.1_ASM321049v1_genomic_prodigal_proteins	1134	GCA_902592665.1_AG-447-E14_genomic_prodigal_proteins	1111	182	64.88	16.24	16.38
GCA_003210495.1_ASM321049v1_genomic_prodigal_proteins	1134	GCA_011523155.1_ASM1152315v1_genomic_prodigal_proteins	2101	478	69.86	12.68	42.15
GCA_003210495.1_ASM321049v1_genomic_prodigal_proteins	1134	GCA_003211275.1_ASM321127v1_genomic_prodigal_proteins	2168	641	94.79	11.97	56.53
GCA_003210495.1_ASM321049v1_genomic_prodigal_proteins	1134	GCA_003957805.1_ASM395780v1_genomic_prodigal_proteins	2887	390	54.05	13.02	34.39
GCA_003210495.1_ASM321049v1_genomic_prodigal_proteins	1134	GCA_012270465.1_ASM1227046v1_genomic_prodigal_proteins	2311	450	62.32	13.50	39.68
GCA_003210495.1_ASM321049v1_genomic_prodigal_proteins	1134	GCA_001693255.1_ASM169325v1_genomic_prodigal_proteins	3177	329	52.21	13.18	29.01
GCA_003210495.1_ASM321049v1_genomic_prodigal_proteins	1134	GCA_003210385.1_ASM321038v1_genomic_prodigal_proteins	286	78	66.93	16.12	27.27
GCA_003210495.1_ASM321049v1_genomic_prodigal_proteins	1134	GCA_002170705.1_ASM217070v1_genomic_prodigal_proteins	1392	347	68.28	14.73	30.60
GCA_003210495.1_ASM321049v1_genomic_prodigal_proteins	1134	GCA_002356215.1_ASM235621v1_genomic_prodigal_proteins	2953	327	52.18	13.16	28.84
GCA_003210495.1_ASM321049v1_genomic_prodigal_proteins	1134	GCA_003210935.1_ASM321093v1_genomic_prodigal_proteins	1868	548	91.68	12.24	48.32
GCA_003210495.1_ASM321049v1_genomic_prodigal_proteins	1134	GCA_003210535.1_ASM321053v1_genomic_prodigal_proteins	1257	254	67.06	15.25	22.40
GCA_003210495.1_ASM321049v1_genomic_prodigal_proteins	1134	GCA_002724845.1_ASM272484v1_genomic_prodigal_proteins	1589	423	69.07	13.89	37.30
GCA_003210495.1_ASM321049v1_genomic_prodigal_proteins	1134	GCA_000153285.1_ASM15328v1_genomic_prodigal_proteins	2746	689	76.01	12.64	60.76
GCA_003210495.1_ASM321049v1_genomic_prodigal_proteins	1134	GCA_003211035.1_ASM321103v1_genomic_prodigal_proteins	530	96	62.31	15.52	18.11
GCA_003210495.1_ASM321049v1_genomic_prodigal_proteins	1134	GCA_001521855.1_ASM152185v1_genomic_prodigal_proteins	3144	333	52.09	13.10	29.37
GCA_003210495.1_ASM321049v1_genomic_prodigal_proteins	1134	GCA_009835965.1_ASM983596v1_genomic_prodigal_proteins	2105	359	59.92	12.55	31.66
GCA_003210495.1_ASM321049v1_genomic_prodigal_proteins	1134	GCA_012269695.1_ASM1226969v1_genomic_prodigal_proteins	2043	391	63.31	13.22	34.48
GCA_003210495.1_ASM321049v1_genomic_prodigal_proteins	1134	GCA_000737535.1_ASM73753v1_genomic_prodigal_proteins	3013	635	68.71	14.03	56.00
GCA_003210495.1_ASM321049v1_genomic_prodigal_proteins	1134	GCA_000586015.1_SynSpo.0_genomic_prodigal_proteins	1907	290	60.39	12.69	25.57
GCA_003210495.1_ASM321049v1_genomic_prodigal_proteins	1134	GCA_002760345.1_ASM276034v1_genomic_prodigal_proteins	2731	289	52.21	12.11	25.49
GCA_003210495.1_ASM321049v1_genomic_prodigal_proteins	1134	GCA_000013225.1_ASM1322v1_genomic_prodigal_proteins	2844	289	52.11	12.18	25.49
GCA_003210495.1_ASM321049v1_genomic_prodigal_proteins	1134	GCA_000332275.1_ASM33227v1_genomic_prodigal_proteins	4564	333	50.47	12.39	29.37
GCA_003210495.1_ASM321049v1_genomic_prodigal_proteins	1134	GCA_002252675.1_ASM225267v1_genomic_prodigal_proteins	3295	536	64.29	13.36	47.27
GCA_003210495.1_ASM321049v1_genomic_prodigal_proteins	1134	GCA_000737575.1_ASM73757v1_genomic_prodigal_proteins	2662	629	69.88	13.56	55.47
GCA_003210495.1_ASM321049v1_genomic_prodigal_proteins	1134	GCA_902596755.1_AG-916-D19_genomic_prodigal_proteins	1152	237	67.58	14.20	20.90
GCA_003210495.1_ASM321049v1_genomic_prodigal_proteins	1134	GCA_003211455.1_ASM321145v1_genomic_prodigal_proteins	1186	224	67.61	15.44	19.75
GCA_003210495.1_ASM321049v1_genomic_prodigal_proteins	1134	GCA_003208755.1_ASM320875v1_genomic_prodigal_proteins	690	178	67.80	15.30	25.80
GCA_003210495.1_ASM321049v1_genomic_prodigal_proteins	1134	GCA_007571215.1_ASM757121v1_genomic_prodigal_proteins	1879	352	58.78	12.87	31.04
GCA_003210495.1_ASM321049v1_genomic_prodigal_proteins	1134	GCA_001007635.1_ASM100763v1_genomic_prodigal_proteins	2333	317	59.67	12.52	27.95
GCA_003210495.1_ASM321049v1_genomic_prodigal_proteins	1134	GCA_000179255.1_ASM17925v1_genomic_prodigal_proteins	2729	552	64.73	13.60	48.68
GCA_003210495.1_ASM321049v1_genomic_prodigal_proteins	1134	GCA_003208975.1_ASM320897v1_genomic_prodigal_proteins	1804	361	67.68	14.50	31.83
GCA_003210495.1_ASM321049v1_genomic_prodigal_proteins	1134	GCA_012103655.1_ASM1210365v1_genomic_prodigal_proteins	2723	683	72.45	12.92	60.23
GCA_003210495.1_ASM321049v1_genomic_prodigal_proteins	1134	GCA_902582045.1_AG-912-B07_genomic_prodigal_proteins	196	7	52.27	14.87	3.57
GCA_003210495.1_ASM321049v1_genomic_prodigal_proteins	1134	GCA_000153045.1_ASM15304v1_genomic_prodigal_proteins	3242	554	64.29	13.28	48.85
GCA_003210495.1_ASM321049v1_genomic_prodigal_proteins	1134	GCA_902549675.1_AG-903-B09_genomic_prodigal_proteins	836	131	68.07	15.21	15.67
GCA_003210495.1_ASM321049v1_genomic_prodigal_proteins	1134	GCA_002018045.1_ASM201804v1_genomic_prodigal_proteins	1559	281	59.78	12.55	24.78
GCA_003210495.1_ASM321049v1_genomic_prodigal_proteins	1134	GCA_004213055.1_ASM421305v1_genomic_prodigal_proteins	2241	595	72.04	13.47	52.47
GCA_003210495.1_ASM321049v1_genomic_prodigal_proteins	1134	GCA_007571085.1_ASM757108v1_genomic_prodigal_proteins	1784	348	58.76	12.97	30.69
GCA_003210495.1_ASM321049v1_genomic_prodigal_proteins	1134	GCA_009839805.1_ASM983980v1_genomic_prodigal_proteins	1848	255	58.03	11.87	22.49
GCA_003210495.1_ASM321049v1_genomic_prodigal_proteins	1134	GCA_003210375.1_ASM321037v1_genomic_prodigal_proteins	2155	491	67.84	14.05	43.30
GCA_003210495.1_ASM321049v1_genomic_prodigal_proteins	1134	GCA_004332415.1_ASM433241v1_genomic_prodigal_proteins	2408	623	73.21	13.14	54.94
GCA_003210495.1_ASM321049v1_genomic_prodigal_proteins	1134	GCA_009836025.1_ASM983602v1_genomic_prodigal_proteins	2290	365	59.22	12.82	32.19
GCA_003210495.1_ASM321049v1_genomic_prodigal_proteins	1134	GCA_009843455.1_ASM984345v1_genomic_prodigal_proteins	2423	348	58.99	12.47	30.69
GCA_003210495.1_ASM321049v1_genomic_prodigal_proteins	1134	GCA_009843485.1_ASM984348v1_genomic_prodigal_proteins	2158	356	59.73	12.48	31.39
GCA_003210495.1_ASM321049v1_genomic_prodigal_proteins	1134	GCA_003283135.1_ASM328313v1_genomic_prodigal_proteins	459	68	66.04	16.78	14.81
GCA_003210495.1_ASM321049v1_genomic_prodigal_proteins	1134	GCA_902635485.1_AG-447-G23_genomic_prodigal_proteins	327	53	69.59	15.84	16.21
GCA_003210495.1_ASM321049v1_genomic_prodigal_proteins	1134	GCA_002760415.1_ASM276041v1_genomic_prodigal_proteins	2670	282	52.00	12.15	24.87
GCA_003210495.1_ASM321049v1_genomic_prodigal_proteins	1134	GCA_002754935.1_ASM275493v1_genomic_prodigal_proteins	2664	310	52.33	12.68	27.34
GCA_003210495.1_ASM321049v1_genomic_prodigal_proteins	1134	GCA_002171685.2_ASM217168v2_genomic_prodigal_proteins	811	190	70.68	14.70	23.43
GCA_003210495.1_ASM321049v1_genomic_prodigal_proteins	1134	GCA_000737595.1_ASM73759v1_genomic_prodigal_proteins	2774	634	69.41	13.97	55.91
GCA_003210495.1_ASM321049v1_genomic_prodigal_proteins	1134	GCA_003331785.1_ASM333178v1_genomic_prodigal_proteins	2125	572	72.38	13.34	50.44
GCA_003210495.1_ASM321049v1_genomic_prodigal_proteins	1134	GCA_009842265.1_ASM984226v1_genomic_prodigal_proteins	2398	360	59.31	12.61	31.75
GCA_003210495.1_ASM321049v1_genomic_prodigal_proteins	1134	GCA_902579345.1_AG-911-L15_genomic_prodigal_proteins	248	11	48.00	15.86	4.44
GCA_003210495.1_ASM321049v1_genomic_prodigal_proteins	1134	GCA_000011345.1_ASM1134v1_genomic_prodigal_proteins	2520	329	52.01	12.70	29.01
GCA_003210495.1_ASM321049v1_genomic_prodigal_proteins	1134	GCA_003210705.1_ASM321070v1_genomic_prodigal_proteins	2244	643	94.89	11.87	56.70
GCA_003210495.1_ASM321049v1_genomic_prodigal_proteins	1134	GCA_000019485.1_ASM1948v1_genomic_prodigal_proteins	3233	335	52.04	13.17	29.54
GCA_003210495.1_ASM321049v1_genomic_prodigal_proteins	1134	GCA_003283055.1_ASM328305v1_genomic_prodigal_proteins	482	45	65.11	14.39	9.34
GCA_003210495.1_ASM321049v1_genomic_prodigal_proteins	1134	GCA_000010065.1_ASM1006v1_genomic_prodigal_proteins	2691	388	54.08	12.99	34.22
GCA_003210495.1_ASM321049v1_genomic_prodigal_proteins	1134	GCA_000316685.1_ASM31668v1_genomic_prodigal_proteins	3706	335	51.74	12.71	29.54
GCA_003210495.1_ASM321049v1_genomic_prodigal_proteins	1134	GCA_000063525.1_ASM6352v1_genomic_prodigal_proteins	2540	565	63.60	14.05	49.82
GCA_003210495.1_ASM321049v1_genomic_prodigal_proteins	1134	GCA_003283165.1_ASM328316v1_genomic_prodigal_proteins	217	32	67.85	15.71	14.75
GCA_003210495.1_ASM321049v1_genomic_prodigal_proteins	1134	GCA_902540675.1_AG-359-E22_genomic_prodigal_proteins	584	75	63.61	16.92	12.84
GCA_003210495.1_ASM321049v1_genomic_prodigal_proteins	1134	GCA_011055065.1_ASM1105506v1_genomic_prodigal_proteins	2792	276	52.19	12.44	24.34
GCA_003210495.1_ASM321049v1_genomic_prodigal_proteins	1134	GCA_000013205.1_ASM1320v1_genomic_prodigal_proteins	2750	290	52.14	12.15	25.57
GCA_003210495.1_ASM321049v1_genomic_prodigal_proteins	1134	GCA_003539795.1_ASM353979v1_genomic_prodigal_proteins	2284	473	67.86	13.60	41.71
GCA_003210495.1_ASM321049v1_genomic_prodigal_proteins	1134	GCA_002171995.1_ASM217199v1_genomic_prodigal_proteins	1978	375	70.00	14.06	33.07
GCA_003210495.1_ASM321049v1_genomic_prodigal_proteins	1134	GCA_011523835.1_ASM1152383v1_genomic_prodigal_proteins	2468	596	74.73	13.60	52.56
GCA_003210495.1_ASM321049v1_genomic_prodigal_proteins	1134	GCA_002172175.1_ASM217217v1_genomic_prodigal_proteins	1846	381	62.36	13.67	33.60
GCA_003210495.1_ASM321049v1_genomic_prodigal_proteins	1134	GCA_003208835.1_ASM320883v1_genomic_prodigal_proteins	2208	464	68.07	14.46	40.92
GCA_003210495.1_ASM321049v1_genomic_prodigal_proteins	1134	GCA_902589915.1_AG-914-F20_genomic_prodigal_proteins	373	41	65.56	14.59	10.99
GCA_003210495.1_ASM321049v1_genomic_prodigal_proteins	1134	GCA_000485815.1_ASM48581v1_genomic_prodigal_proteins	3083	323	52.03	13.07	28.48
GCA_003210495.1_ASM321049v1_genomic_prodigal_proteins	1134	GCA_008807075.1_ASM880707v1_genomic_prodigal_proteins	2925	550	64.04	13.49	48.50
GCA_003210495.1_ASM321049v1_genomic_prodigal_proteins	1134	GCA_000179235.2_ASM17923v2_genomic_prodigal_proteins	3071	559	65.22	13.55	49.29
GCA_003210495.1_ASM321049v1_genomic_prodigal_proteins	1134	GCA_003210795.1_ASM321079v1_genomic_prodigal_proteins	2239	499	68.93	13.75	44.00
GCA_003210495.1_ASM321049v1_genomic_prodigal_proteins	1134	GCA_002706715.1_ASM270671v1_genomic_prodigal_proteins	1148	266	67.49	14.72	23.46
GCA_003210495.1_ASM321049v1_genomic_prodigal_proteins	1134	GCA_003331245.1_ASM333124v1_genomic_prodigal_proteins	2021	507	69.34	13.77	44.71
GCA_003210495.1_ASM321049v1_genomic_prodigal_proteins	1134	GCA_009843385.1_ASM984338v1_genomic_prodigal_proteins	2085	297	59.41	12.49	26.19
GCA_003210495.1_ASM321049v1_genomic_prodigal_proteins	1134	GCA_003211205.1_ASM321120v1_genomic_prodigal_proteins	2288	577	93.55	11.30	50.88
GCA_003210495.1_ASM321049v1_genomic_prodigal_proteins	1134	GCA_000063505.1_ASM6350v1_genomic_prodigal_proteins	2558	666	76.47	12.61	58.73
GCA_003210495.1_ASM321049v1_genomic_prodigal_proteins	1134	GCA_900474245.1_UW179B_genomic_prodigal_proteins	2743	662	72.38	13.02	58.38
GCA_003210495.1_ASM321049v1_genomic_prodigal_proteins	1134	GCA_003210345.1_ASM321034v1_genomic_prodigal_proteins	1256	248	66.35	13.99	21.87
GCA_003210495.1_ASM321049v1_genomic_prodigal_proteins	1134	GCA_003210315.1_ASM321031v1_genomic_prodigal_proteins	1815	486	70.95	13.94	42.86
GCA_003210495.1_ASM321049v1_genomic_prodigal_proteins	1134	GCA_009836155.1_ASM983615v1_genomic_prodigal_proteins	1947	337	59.73	12.98	29.72
GCA_003210495.1_ASM321049v1_genomic_prodigal_proteins	1134	GCA_003990665.2_ASM399066v2_genomic_prodigal_proteins	2499	331	52.05	12.64	29.19
GCA_003210495.1_ASM321049v1_genomic_prodigal_proteins	1134	GCA_003209135.1_ASM320913v1_genomic_prodigal_proteins	1719	325	65.59	14.80	28.66
GCA_003210495.1_ASM321049v1_genomic_prodigal_proteins	1134	GCA_009845105.1_ASM984510v1_genomic_prodigal_proteins	1941	294	59.04	12.55	25.93
GCA_003210495.1_ASM321049v1_genomic_prodigal_proteins	1134	GCA_002690325.1_ASM269032v1_genomic_prodigal_proteins	2554	571	67.86	13.94	50.35
GCA_003210495.1_ASM321049v1_genomic_prodigal_proteins	1134	GCA_000161795.2_ASM16179v2_genomic_prodigal_proteins	2407	590	70.01	13.62	52.03
GCA_003210495.1_ASM321049v1_genomic_prodigal_proteins	1134	GCA_004211895.1_ASM421189v1_genomic_prodigal_proteins	954	254	69.39	14.66	26.62
GCA_003210495.1_ASM321049v1_genomic_prodigal_proteins	1134	GCA_003210735.1_ASM321073v1_genomic_prodigal_proteins	2337	558	68.80	13.41	49.21
GCA_003210495.1_ASM321049v1_genomic_prodigal_proteins	1134	GCA_003209035.1_ASM320903v1_genomic_prodigal_proteins	1803	415	67.18	14.49	36.60
GCA_003210495.1_ASM321049v1_genomic_prodigal_proteins	1134	GCA_003712085.1_ASM371208v1_genomic_prodigal_proteins	2745	611	69.60	13.62	53.88
GCA_003210495.1_ASM321049v1_genomic_prodigal_proteins	1134	GCA_003212155.1_ASM321215v1_genomic_prodigal_proteins	262	28	56.75	15.81	10.69
GCA_003210495.1_ASM321049v1_genomic_prodigal_proteins	1134	GCA_001040845.1_ASM104084v1_genomic_prodigal_proteins	2917	684	72.42	12.56	60.32
GCA_003210495.1_ASM321049v1_genomic_prodigal_proteins	1134	GCA_002018015.1_ASM201801v1_genomic_prodigal_proteins	1578	257	59.88	12.56	22.66
GCA_003210495.1_ASM321049v1_genomic_prodigal_proteins	1134	GCA_003211255.1_ASM321125v1_genomic_prodigal_proteins	1850	385	68.49	13.85	33.95
GCA_003210495.1_ASM321049v1_genomic_prodigal_proteins	1134	GCA_002721235.1_ASM272123v1_genomic_prodigal_proteins	3119	334	52.16	13.06	29.45
GCA_003210495.1_ASM321049v1_genomic_prodigal_proteins	1134	GCA_009839305.1_ASM983930v1_genomic_prodigal_proteins	1816	276	60.51	12.95	24.34
GCA_003210495.1_ASM321049v1_genomic_prodigal_proteins	1134	GCA_011365345.1_ASM1136534v1_genomic_prodigal_proteins	2655	640	69.82	13.81	56.44
GCA_003210495.1_ASM321049v1_genomic_prodigal_proteins	1134	GCA_001039265.1_ASM103926v1_genomic_prodigal_proteins	2832	394	65.73	13.94	34.74
GCA_003210495.1_ASM321049v1_genomic_prodigal_proteins	1134	GCA_001628325.1_ASM162832v1_genomic_prodigal_proteins	2129	551	70.23	13.86	48.59
GCA_003210495.1_ASM321049v1_genomic_prodigal_proteins	1134	GCA_003209215.1_ASM320921v1_genomic_prodigal_proteins	1679	348	68.73	14.13	30.69
GCA_003210495.1_ASM321049v1_genomic_prodigal_proteins	1134	GCA_002737305.1_ASM273730v1_genomic_prodigal_proteins	1951	388	64.78	13.53	34.22
GCA_003210495.1_ASM321049v1_genomic_prodigal_proteins	1134	GCA_003210515.1_ASM321051v1_genomic_prodigal_proteins	1673	412	67.17	14.54	36.33
GCA_003210495.1_ASM321049v1_genomic_prodigal_proteins	1134	GCA_011525445.1_ASM1152544v1_genomic_prodigal_proteins	3208	556	70.52	13.71	49.03
GCA_003210495.1_ASM321049v1_genomic_prodigal_proteins	1134	GCA_902599435.1_AG-916-N22_genomic_prodigal_proteins	793	142	68.08	15.69	17.91
GCA_003210495.1_ASM321049v1_genomic_prodigal_proteins	1134	GCA_003149585.1_ASM314958v1_genomic_prodigal_proteins	2600	560	65.02	13.61	49.38
GCA_003210495.1_ASM321049v1_genomic_prodigal_proteins	1134	GCA_902560665.1_AG-905-O11_genomic_prodigal_proteins	401	50	68.72	17.61	12.47
GCA_003210495.1_ASM321049v1_genomic_prodigal_proteins	1134	GCA_003331795.1_ASM333179v1_genomic_prodigal_proteins	1948	432	62.76	14.58	38.10
GCA_003210495.1_ASM321049v1_genomic_prodigal_proteins	1134	GCA_002017955.1_ASM201795v1_genomic_prodigal_proteins	512	72	57.66	11.58	14.06
GCA_003210495.1_ASM321049v1_genomic_prodigal_proteins	1134	GCA_902584485.1_AG-912-O23_genomic_prodigal_proteins	535	127	66.40	14.80	23.74
GCA_003210495.1_ASM321049v1_genomic_prodigal_proteins	1134	GCA_902527915.1_AG-896-G19_genomic_prodigal_proteins	1003	191	68.39	15.58	19.04
GCA_003210495.1_ASM321049v1_genomic_prodigal_proteins	1134	GCA_902635365.1_AG-447-D19_genomic_prodigal_proteins	1690	344	66.67	15.57	30.34
GCA_003210495.1_ASM321049v1_genomic_prodigal_proteins	1134	GCA_900474085.1_UW86_genomic_prodigal_proteins	2403	594	70.36	13.68	52.38
GCA_003210495.1_ASM321049v1_genomic_prodigal_proteins	1134	GCA_001885215.1_ASM188521v1_genomic_prodigal_proteins	2897	533	63.83	12.77	47.00
GCA_003210495.1_ASM321049v1_genomic_prodigal_proteins	1134	GCA_902575935.1_AG-426-B22_genomic_prodigal_proteins	254	37	64.41	18.13	14.57
GCA_003210495.1_ASM321049v1_genomic_prodigal_proteins	1134	GCA_900474295.1_UW140_genomic_prodigal_proteins	2925	700	71.58	13.02	61.73
GCA_003210495.1_ASM321049v1_genomic_prodigal_proteins	1134	GCA_003211565.1_ASM321156v1_genomic_prodigal_proteins	1489	308	68.47	15.02	27.16
GCA_003210495.1_ASM321049v1_genomic_prodigal_proteins	1134	GCA_003526105.1_ASM352610v1_genomic_prodigal_proteins	1581	304	69.18	14.41	26.81
GCA_003210495.1_ASM321049v1_genomic_prodigal_proteins	1134	GCA_002172935.1_ASM217293v1_genomic_prodigal_proteins	1996	533	75.33	12.92	47.00
GCA_003210495.1_ASM321049v1_genomic_prodigal_proteins	1134	GCA_003210335.1_ASM321033v1_genomic_prodigal_proteins	942	232	83.08	17.74	24.63
GCA_003210495.1_ASM321049v1_genomic_prodigal_proteins	1134	GCA_009846115.1_ASM984611v1_genomic_prodigal_proteins	2048	332	59.45	12.71	29.28
GCA_003210495.1_ASM321049v1_genomic_prodigal_proteins	1134	GCA_001693295.1_ASM169329v1_genomic_prodigal_proteins	3183	334	52.09	13.09	29.45
GCA_003210495.1_ASM321049v1_genomic_prodigal_proteins	1134	GCA_900473965.1_UW179A_genomic_prodigal_proteins	3383	827	88.85	10.54	72.93
GCA_003210495.1_ASM321049v1_genomic_prodigal_proteins	1134	GCA_003213755.1_ASM321375v1_genomic_prodigal_proteins	1050	199	61.86	15.40	18.95
GCA_003210495.1_ASM321049v1_genomic_prodigal_proteins	1134	GCA_003209155.1_ASM320915v1_genomic_prodigal_proteins	2305	687	96.65	8.46	60.58
GCA_003210495.1_ASM321049v1_genomic_prodigal_proteins	1134	GCA_003211515.1_ASM321151v1_genomic_prodigal_proteins	2451	470	67.98	14.61	41.45
GCA_003210495.1_ASM321049v1_genomic_prodigal_proteins	1134	GCA_002693285.1_ASM269328v1_genomic_prodigal_proteins	2440	637	78.01	12.55	56.17
GCA_003210495.1_ASM321049v1_genomic_prodigal_proteins	1134	GCA_003210555.1_ASM321055v1_genomic_prodigal_proteins	1847	429	71.18	13.52	37.83
GCA_003210495.1_ASM321049v1_genomic_prodigal_proteins	1134	GCA_000155595.1_ASM15559v1_genomic_prodigal_proteins	5270	367	51.47	12.55	32.36
GCA_003210495.1_ASM321049v1_genomic_prodigal_proteins	1134	GCA_001007665.1_ASM100766v1_genomic_prodigal_proteins	2356	365	59.35	12.38	32.19
GCA_003210495.1_ASM321049v1_genomic_prodigal_proteins	1134	GCA_009919765.1_ASM991976v1_genomic_prodigal_proteins	2524	382	63.11	14.04	33.69
GCA_003210495.1_ASM321049v1_genomic_prodigal_proteins	1134	GCA_003331225.1_ASM333122v1_genomic_prodigal_proteins	2113	483	64.54	13.51	42.59
GCA_003210495.1_ASM321049v1_genomic_prodigal_proteins	1134	GCA_900177825.1_IMG-taxon_2708742468_annotated_assembly_genomic_prodigal_proteins	3317	331	52.21	13.14	29.19
GCA_003210495.1_ASM321049v1_genomic_prodigal_proteins	1134	GCA_000195975.1_ASM19597v1_genomic_prodigal_proteins	2719	609	70.07	13.52	53.70
GCA_003210495.1_ASM321049v1_genomic_prodigal_proteins	1134	GCA_902618885.1_AG-920-D15_genomic_prodigal_proteins	1178	243	68.42	15.34	21.43
GCA_003210495.1_ASM321049v1_genomic_prodigal_proteins	1134	GCA_003209165.1_ASM320916v1_genomic_prodigal_proteins	2711	524	68.95	14.04	46.21
GCA_003210495.1_ASM321049v1_genomic_prodigal_proteins	1134	GCA_001007625.1_ASM100762v1_genomic_prodigal_proteins	2478	322	59.63	12.43	28.40
GCA_003210495.1_ASM321049v1_genomic_prodigal_proteins	1134	GCA_008386235.1_ASM838623v1_genomic_prodigal_proteins	2571	335	51.87	12.59	29.54
GCA_003210495.1_ASM321049v1_genomic_prodigal_proteins	1134	GCA_001631935.1_ASM163193v1_genomic_prodigal_proteins	3526	827	88.70	10.17	72.93
GCA_003210495.1_ASM321049v1_genomic_prodigal_proteins	1134	GCA_002151525.1_ASM215152v1_genomic_prodigal_proteins	1628	408	61.46	13.96	35.98
GCA_003210495.1_ASM321049v1_genomic_prodigal_proteins	1134	GCA_000153065.1_ASM15306v1_genomic_prodigal_proteins	2704	620	73.22	12.42	54.67
GCA_003210495.1_ASM321049v1_genomic_prodigal_proteins	1134	GCA_009837265.1_ASM983726v1_genomic_prodigal_proteins	2126	334	60.08	12.65	29.45
GCA_003210495.1_ASM321049v1_genomic_prodigal_proteins	1134	GCA_902533725.1_AG-898-C20_genomic_prodigal_proteins	421	65	65.29	15.00	15.44
GCA_003210495.1_ASM321049v1_genomic_prodigal_proteins	1134	GCA_002171075.2_ASM217107v2_genomic_prodigal_proteins	1919	435	62.33	12.88	38.36
GCA_003210495.1_ASM321049v1_genomic_prodigal_proteins	1134	GCA_002760395.1_ASM276039v1_genomic_prodigal_proteins	2661	277	52.04	12.18	24.43
GCA_003210495.1_ASM321049v1_genomic_prodigal_proteins	1134	GCA_003209005.1_ASM320900v1_genomic_prodigal_proteins	2548	769	92.65	10.65	67.81
GCA_003210495.1_ASM321049v1_genomic_prodigal_proteins	1134	GCA_002017915.1_ASM201791v1_genomic_prodigal_proteins	623	95	60.66	12.53	15.25
GCA_003210495.1_ASM321049v1_genomic_prodigal_proteins	1134	GCA_900047545.1_m9_genomic_prodigal_proteins	1575	284	59.78	12.40	25.04
GCA_003210495.1_ASM321049v1_genomic_prodigal_proteins	1134	GCA_001632105.1_ASM163210v1_genomic_prodigal_proteins	3521	825	88.64	10.36	72.75
GCA_003210495.1_ASM321049v1_genomic_prodigal_proteins	1134	GCA_004212765.1_ASM421276v1_genomic_prodigal_proteins	1162	295	67.02	14.44	26.01
GCA_003210495.1_ASM321049v1_genomic_prodigal_proteins	1134	GCA_002685515.1_ASM268551v1_genomic_prodigal_proteins	1286	355	88.36	12.04	31.31
GCA_003210495.1_ASM321049v1_genomic_prodigal_proteins	1134	GCA_007828135.1_ASM782813v1_genomic_prodigal_proteins	2917	534	63.90	12.83	47.09
GCA_003210495.1_ASM321049v1_genomic_prodigal_proteins	1134	GCA_011047875.1_ASM1104787v1_genomic_prodigal_proteins	2810	282	52.27	12.34	24.87
GCA_003210495.1_ASM321049v1_genomic_prodigal_proteins	1134	GCA_009840445.1_ASM984044v1_genomic_prodigal_proteins	2167	369	59.70	12.54	32.54
GCA_003210495.1_ASM321049v1_genomic_prodigal_proteins	1134	GCA_003210995.1_ASM321099v1_genomic_prodigal_proteins	2385	715	96.40	9.24	63.05
GCA_003210495.1_ASM321049v1_genomic_prodigal_proteins	1134	GCA_902616995.1_AG-919-L20_genomic_prodigal_proteins	654	167	68.44	14.23	25.54
GCA_003210495.1_ASM321049v1_genomic_prodigal_proteins	1134	GCA_009845825.1_ASM984582v1_genomic_prodigal_proteins	2168	326	59.33	12.51	28.75
GCA_003210495.1_ASM321049v1_genomic_prodigal_proteins	1134	GCA_000515235.1_ASM51523v1_genomic_prodigal_proteins	2873	646	68.85	14.05	56.97
GCA_003210495.1_ASM321049v1_genomic_prodigal_proteins	1134	GCA_003523965.1_ASM352396v1_genomic_prodigal_proteins	1735	235	60.65	12.93	20.72
GCA_003210495.1_ASM321049v1_genomic_prodigal_proteins	1134	GCA_002684175.1_ASM268417v1_genomic_prodigal_proteins	1819	361	66.99	14.25	31.83
GCA_003210495.1_ASM321049v1_genomic_prodigal_proteins	1134	GCA_011523295.1_ASM1152329v1_genomic_prodigal_proteins	2851	494	67.51	13.77	43.56
GCA_003210495.1_ASM321049v1_genomic_prodigal_proteins	1134	GCA_003211015.1_ASM321101v1_genomic_prodigal_proteins	2128	661	92.12	11.75	58.29
GCA_003210495.1_ASM321049v1_genomic_prodigal_proteins	1134	GCA_002006815.1_ASM200681v1_genomic_prodigal_proteins	1973	458	62.10	13.55	40.39
GCA_009838425.1_ASM983842v1_genomic_prodigal_proteins	1544	GCA_900473895.1_N32_genomic_prodigal_proteins	2509	753	61.41	12.92	48.77
GCA_009838425.1_ASM983842v1_genomic_prodigal_proteins	1544	GCA_003210495.1_ASM321049v1_genomic_prodigal_proteins	1134	231	58.74	12.14	20.37
GCA_009838425.1_ASM983842v1_genomic_prodigal_proteins	1544	GCA_003011125.1_ASM301112v1_genomic_prodigal_proteins	3076	734	60.39	12.60	47.54
GCA_009838425.1_ASM983842v1_genomic_prodigal_proteins	1544	GCA_900177365.1_IMG-taxon_2708742537_annotated_assembly_genomic_prodigal_proteins	3310	577	53.69	12.48	37.37
GCA_009838425.1_ASM983842v1_genomic_prodigal_proteins	1544	GCA_002760445.1_ASM276044v1_genomic_prodigal_proteins	2661	523	53.70	11.67	33.87
GCA_009838425.1_ASM983842v1_genomic_prodigal_proteins	1544	GCA_900474185.1_UW69_genomic_prodigal_proteins	2629	752	61.30	12.75	48.70
GCA_009838425.1_ASM983842v1_genomic_prodigal_proteins	1544	GCA_003210775.1_ASM321077v1_genomic_prodigal_proteins	2665	559	60.17	13.04	36.20
GCA_009838425.1_ASM983842v1_genomic_prodigal_proteins	1544	GCA_002700765.1_ASM270076v1_genomic_prodigal_proteins	2134	577	60.69	12.73	37.37
GCA_009838425.1_ASM983842v1_genomic_prodigal_proteins	1544	GCA_902599585.1_AG-916-O11_genomic_prodigal_proteins	1470	373	61.24	13.47	25.37
GCA_009838425.1_ASM983842v1_genomic_prodigal_proteins	1544	GCA_900474045.1_N19_genomic_prodigal_proteins	2484	748	61.48	12.88	48.45
GCA_009838425.1_ASM983842v1_genomic_prodigal_proteins	1544	GCA_003210815.1_ASM321081v1_genomic_prodigal_proteins	2087	469	60.06	12.69	30.38
GCA_009838425.1_ASM983842v1_genomic_prodigal_proteins	1544	GCA_900473955.1_GEYO_genomic_prodigal_proteins	2674	747	60.87	12.90	48.38
GCA_009838425.1_ASM983842v1_genomic_prodigal_proteins	1544	GCA_002167425.2_ASM216742v2_genomic_prodigal_proteins	2822	636	60.35	12.75	41.19
GCA_009838425.1_ASM983842v1_genomic_prodigal_proteins	1544	GCA_009844645.1_ASM984464v1_genomic_prodigal_proteins	1983	1041	98.83	3.39	67.42
GCA_009838425.1_ASM983842v1_genomic_prodigal_proteins	1544	GCA_008081095.1_ASM808109v1_genomic_prodigal_proteins	1533	415	61.07	12.60	27.07
GCA_009838425.1_ASM983842v1_genomic_prodigal_proteins	1544	GCA_000014585.1_ASM1458v1_genomic_prodigal_proteins	2879	749	60.80	12.83	48.51
GCA_009838425.1_ASM983842v1_genomic_prodigal_proteins	1544	GCA_000317085.1_ASM31708v1_genomic_prodigal_proteins	3673	554	52.00	11.87	35.88
GCA_009838425.1_ASM983842v1_genomic_prodigal_proteins	1544	GCA_013133755.1_ASM1313375v1_genomic_prodigal_proteins	2700	738	60.82	12.82	47.80
GCA_009838425.1_ASM983842v1_genomic_prodigal_proteins	1544	GCA_003210475.1_ASM321047v1_genomic_prodigal_proteins	1514	364	59.67	12.48	24.04
GCA_009838425.1_ASM983842v1_genomic_prodigal_proteins	1544	GCA_003208815.1_ASM320881v1_genomic_prodigal_proteins	1352	277	58.59	13.52	20.49
GCA_009838425.1_ASM983842v1_genomic_prodigal_proteins	1544	GCA_000012505.1_ASM1250v1_genomic_prodigal_proteins	2461	745	60.60	12.89	48.25
GCA_009838425.1_ASM983842v1_genomic_prodigal_proteins	1544	GCA_000153825.1_ASM15382v1_genomic_prodigal_proteins	2811	758	61.55	12.85	49.09
GCA_009838425.1_ASM983842v1_genomic_prodigal_proteins	1544	GCA_002760475.1_ASM276047v1_genomic_prodigal_proteins	2647	526	53.63	11.66	34.07
GCA_009838425.1_ASM983842v1_genomic_prodigal_proteins	1544	GCA_003210565.1_ASM321056v1_genomic_prodigal_proteins	836	198	59.76	14.02	23.68
GCA_009838425.1_ASM983842v1_genomic_prodigal_proteins	1544	GCA_902618505.1_AG-892-K03_genomic_prodigal_proteins	959	184	61.38	13.93	19.19
GCA_009838425.1_ASM983842v1_genomic_prodigal_proteins	1544	GCA_005577135.1_ASM557713v1_genomic_prodigal_proteins	3356	581	53.68	12.48	37.63
GCA_009838425.1_ASM983842v1_genomic_prodigal_proteins	1544	GCA_003846445.1_ASM384644v1_genomic_prodigal_proteins	2740	622	56.05	12.76	40.28
GCA_009838425.1_ASM983842v1_genomic_prodigal_proteins	1544	GCA_000505665.1_ASM50566v1_genomic_prodigal_proteins	2466	566	54.41	12.19	36.66
GCA_009838425.1_ASM983842v1_genomic_prodigal_proteins	1544	GCA_902616255.1_AG-919-I18_genomic_prodigal_proteins	1046	237	60.23	13.23	22.66
GCA_009838425.1_ASM983842v1_genomic_prodigal_proteins	1544	GCA_001182765.1_WH8103.1_genomic_prodigal_proteins	2676	753	61.47	12.63	48.77
GCA_009838425.1_ASM983842v1_genomic_prodigal_proteins	1544	GCA_002760375.1_ASM276037v1_genomic_prodigal_proteins	2702	525	53.65	11.68	34.00
GCA_009838425.1_ASM983842v1_genomic_prodigal_proteins	1544	GCA_902592305.1_AG-914-O22_genomic_prodigal_proteins	179	39	61.83	13.56	21.79
GCA_009838425.1_ASM983842v1_genomic_prodigal_proteins	1544	GCA_001632165.1_ASM163216v1_genomic_prodigal_proteins	2830	745	60.84	12.81	48.25
GCA_009838425.1_ASM983842v1_genomic_prodigal_proteins	1544	GCA_004332405.1_ASM433240v1_genomic_prodigal_proteins	2437	753	61.68	12.89	48.77
GCA_009838425.1_ASM983842v1_genomic_prodigal_proteins	1544	GCA_900473975.1_N26_genomic_prodigal_proteins	2454	749	61.65	12.80	48.51
GCA_009838425.1_ASM983842v1_genomic_prodigal_proteins	1544	GCA_902612475.1_AG-918-G20_genomic_prodigal_proteins	502	91	59.71	12.55	18.13
GCA_009838425.1_ASM983842v1_genomic_prodigal_proteins	1544	GCA_000775285.1_ASM77528v1_genomic_prodigal_proteins	4812	534	54.29	12.46	34.59
GCA_009838425.1_ASM983842v1_genomic_prodigal_proteins	1544	GCA_002698505.1_ASM269850v1_genomic_prodigal_proteins	2471	686	60.92	12.61	44.43
GCA_009838425.1_ASM983842v1_genomic_prodigal_proteins	1544	GCA_002252665.1_ASM225266v1_genomic_prodigal_proteins	2771	771	62.20	12.25	49.94
GCA_009838425.1_ASM983842v1_genomic_prodigal_proteins	1544	GCA_003555505.1_ASM355550v1_genomic_prodigal_proteins	3351	441	55.07	12.83	28.56
GCA_009838425.1_ASM983842v1_genomic_prodigal_proteins	1544	GCA_900474015.1_UW106_genomic_prodigal_proteins	2762	751	61.27	12.82	48.64
GCA_009838425.1_ASM983842v1_genomic_prodigal_proteins	1544	GCA_000715475.1_ASM71547v1_genomic_prodigal_proteins	3299	578	53.58	12.54	37.44
GCA_009838425.1_ASM983842v1_genomic_prodigal_proteins	1544	GCA_001628295.1_ASM162829v1_genomic_prodigal_proteins	2145	706	61.49	12.79	45.73
GCA_009838425.1_ASM983842v1_genomic_prodigal_proteins	1544	GCA_003208775.1_ASM320877v1_genomic_prodigal_proteins	1808	432	61.18	13.38	27.98
GCA_009838425.1_ASM983842v1_genomic_prodigal_proteins	1544	GCA_003210975.1_ASM321097v1_genomic_prodigal_proteins	627	178	61.66	13.84	28.39
GCA_009838425.1_ASM983842v1_genomic_prodigal_proteins	1544	GCA_003208915.1_ASM320891v1_genomic_prodigal_proteins	1208	264	60.18	12.28	21.85
GCA_009838425.1_ASM983842v1_genomic_prodigal_proteins	1544	GCA_009837735.1_ASM983773v1_genomic_prodigal_proteins	2041	944	97.77	4.96	61.14
GCA_009838425.1_ASM983842v1_genomic_prodigal_proteins	1544	GCA_902548805.1_AG-901-N20_genomic_prodigal_proteins	158	28	62.96	14.54	17.72
GCA_009838425.1_ASM983842v1_genomic_prodigal_proteins	1544	GCA_003211235.1_ASM321123v1_genomic_prodigal_proteins	1698	407	60.25	12.96	26.36
GCA_009838425.1_ASM983842v1_genomic_prodigal_proteins	1544	GCA_004209775.1_ASM420977v1_genomic_prodigal_proteins	2798	766	61.80	12.84	49.61
GCA_009838425.1_ASM983842v1_genomic_prodigal_proteins	1544	GCA_003283215.1_ASM328321v1_genomic_prodigal_proteins	239	20	63.09	14.74	8.37
GCA_009838425.1_ASM983842v1_genomic_prodigal_proteins	1544	GCA_003209555.1_ASM320955v1_genomic_prodigal_proteins	908	175	61.03	13.71	19.27
GCA_009838425.1_ASM983842v1_genomic_prodigal_proteins	1544	GCA_000153805.1_ASM15380v1_genomic_prodigal_proteins	2517	746	60.66	13.02	48.32
GCA_009838425.1_ASM983842v1_genomic_prodigal_proteins	1544	GCA_003283205.1_ASM328320v1_genomic_prodigal_proteins	274	28	60.47	15.40	10.22
GCA_009838425.1_ASM983842v1_genomic_prodigal_proteins	1544	GCA_900473925.1_N5_genomic_prodigal_proteins	2417	747	61.46	12.82	48.38
GCA_009838425.1_ASM983842v1_genomic_prodigal_proteins	1544	GCA_902592665.1_AG-447-E14_genomic_prodigal_proteins	1111	198	58.71	13.84	17.82
GCA_009838425.1_ASM983842v1_genomic_prodigal_proteins	1544	GCA_011523155.1_ASM1152315v1_genomic_prodigal_proteins	2101	522	59.24	12.09	33.81
GCA_009838425.1_ASM983842v1_genomic_prodigal_proteins	1544	GCA_003211275.1_ASM321127v1_genomic_prodigal_proteins	2168	500	60.25	12.98	32.38
GCA_009838425.1_ASM983842v1_genomic_prodigal_proteins	1544	GCA_003957805.1_ASM395780v1_genomic_prodigal_proteins	2887	642	55.80	12.67	41.58
GCA_009838425.1_ASM983842v1_genomic_prodigal_proteins	1544	GCA_012270465.1_ASM1227046v1_genomic_prodigal_proteins	2311	636	60.86	12.22	41.19
GCA_009838425.1_ASM983842v1_genomic_prodigal_proteins	1544	GCA_001693255.1_ASM169325v1_genomic_prodigal_proteins	3177	580	53.69	12.43	37.56
GCA_009838425.1_ASM983842v1_genomic_prodigal_proteins	1544	GCA_003210385.1_ASM321038v1_genomic_prodigal_proteins	286	96	59.33	13.02	33.57
GCA_009838425.1_ASM983842v1_genomic_prodigal_proteins	1544	GCA_002170705.1_ASM217070v1_genomic_prodigal_proteins	1392	417	60.71	12.38	29.96
GCA_009838425.1_ASM983842v1_genomic_prodigal_proteins	1544	GCA_002356215.1_ASM235621v1_genomic_prodigal_proteins	2953	577	53.59	12.52	37.37
GCA_009838425.1_ASM983842v1_genomic_prodigal_proteins	1544	GCA_003210935.1_ASM321093v1_genomic_prodigal_proteins	1868	505	60.06	12.90	32.71
GCA_009838425.1_ASM983842v1_genomic_prodigal_proteins	1544	GCA_003210535.1_ASM321053v1_genomic_prodigal_proteins	1257	315	57.60	12.91	25.06
GCA_009838425.1_ASM983842v1_genomic_prodigal_proteins	1544	GCA_002724845.1_ASM272484v1_genomic_prodigal_proteins	1589	539	60.79	12.86	34.91
GCA_009838425.1_ASM983842v1_genomic_prodigal_proteins	1544	GCA_000153285.1_ASM15328v1_genomic_prodigal_proteins	2746	757	61.12	13.07	49.03
GCA_009838425.1_ASM983842v1_genomic_prodigal_proteins	1544	GCA_003211035.1_ASM321103v1_genomic_prodigal_proteins	530	131	58.69	11.81	24.72
GCA_009838425.1_ASM983842v1_genomic_prodigal_proteins	1544	GCA_001521855.1_ASM152185v1_genomic_prodigal_proteins	3144	579	53.84	12.32	37.50
GCA_009838425.1_ASM983842v1_genomic_prodigal_proteins	1544	GCA_009835965.1_ASM983596v1_genomic_prodigal_proteins	2105	943	87.16	7.91	61.08
GCA_009838425.1_ASM983842v1_genomic_prodigal_proteins	1544	GCA_012269695.1_ASM1226969v1_genomic_prodigal_proteins	2043	565	61.20	12.07	36.59
GCA_009838425.1_ASM983842v1_genomic_prodigal_proteins	1544	GCA_000737535.1_ASM73753v1_genomic_prodigal_proteins	3013	741	61.44	12.69	47.99
GCA_009838425.1_ASM983842v1_genomic_prodigal_proteins	1544	GCA_000586015.1_SynSpo.0_genomic_prodigal_proteins	1907	767	90.20	7.29	49.68
GCA_009838425.1_ASM983842v1_genomic_prodigal_proteins	1544	GCA_002760345.1_ASM276034v1_genomic_prodigal_proteins	2731	532	53.62	11.62	34.46
GCA_009838425.1_ASM983842v1_genomic_prodigal_proteins	1544	GCA_000013225.1_ASM1322v1_genomic_prodigal_proteins	2844	531	53.59	11.56	34.39
GCA_009838425.1_ASM983842v1_genomic_prodigal_proteins	1544	GCA_000332275.1_ASM33227v1_genomic_prodigal_proteins	4564	552	52.51	12.00	35.75
GCA_009838425.1_ASM983842v1_genomic_prodigal_proteins	1544	GCA_002252675.1_ASM225267v1_genomic_prodigal_proteins	3295	755	62.11	12.27	48.90
GCA_009838425.1_ASM983842v1_genomic_prodigal_proteins	1544	GCA_000737575.1_ASM73757v1_genomic_prodigal_proteins	2662	755	61.64	12.77	48.90
GCA_009838425.1_ASM983842v1_genomic_prodigal_proteins	1544	GCA_902596755.1_AG-916-D19_genomic_prodigal_proteins	1152	279	60.27	13.16	24.22
GCA_009838425.1_ASM983842v1_genomic_prodigal_proteins	1544	GCA_003211455.1_ASM321145v1_genomic_prodigal_proteins	1186	258	60.43	12.88	21.75
GCA_009838425.1_ASM983842v1_genomic_prodigal_proteins	1544	GCA_003208755.1_ASM320875v1_genomic_prodigal_proteins	690	161	60.36	13.71	23.33
GCA_009838425.1_ASM983842v1_genomic_prodigal_proteins	1544	GCA_007571215.1_ASM757121v1_genomic_prodigal_proteins	1879	885	79.06	10.04	57.32
GCA_009838425.1_ASM983842v1_genomic_prodigal_proteins	1544	GCA_001007635.1_ASM100763v1_genomic_prodigal_proteins	2333	864	86.77	7.87	55.96
GCA_009838425.1_ASM983842v1_genomic_prodigal_proteins	1544	GCA_000179255.1_ASM17925v1_genomic_prodigal_proteins	2729	763	62.01	12.60	49.42
GCA_009838425.1_ASM983842v1_genomic_prodigal_proteins	1544	GCA_003208975.1_ASM320897v1_genomic_prodigal_proteins	1804	398	59.98	12.90	25.78
GCA_009838425.1_ASM983842v1_genomic_prodigal_proteins	1544	GCA_012103655.1_ASM1210365v1_genomic_prodigal_proteins	2723	741	60.79	12.83	47.99
GCA_009838425.1_ASM983842v1_genomic_prodigal_proteins	1544	GCA_902582045.1_AG-912-B07_genomic_prodigal_proteins	196	21	57.25	13.55	10.71
GCA_009838425.1_ASM983842v1_genomic_prodigal_proteins	1544	GCA_000153045.1_ASM15304v1_genomic_prodigal_proteins	3242	774	62.17	12.58	50.13
GCA_009838425.1_ASM983842v1_genomic_prodigal_proteins	1544	GCA_902549675.1_AG-903-B09_genomic_prodigal_proteins	836	183	60.85	13.81	21.89
GCA_009838425.1_ASM983842v1_genomic_prodigal_proteins	1544	GCA_002018045.1_ASM201804v1_genomic_prodigal_proteins	1559	716	86.88	8.56	46.37
GCA_009838425.1_ASM983842v1_genomic_prodigal_proteins	1544	GCA_004213055.1_ASM421305v1_genomic_prodigal_proteins	2241	680	61.32	12.74	44.04
GCA_009838425.1_ASM983842v1_genomic_prodigal_proteins	1544	GCA_007571085.1_ASM757108v1_genomic_prodigal_proteins	1784	868	79.19	9.69	56.22
GCA_009838425.1_ASM983842v1_genomic_prodigal_proteins	1544	GCA_009839805.1_ASM983980v1_genomic_prodigal_proteins	1848	872	98.41	6.04	56.48
GCA_009838425.1_ASM983842v1_genomic_prodigal_proteins	1544	GCA_003210375.1_ASM321037v1_genomic_prodigal_proteins	2155	558	60.12	13.05	36.14
GCA_009838425.1_ASM983842v1_genomic_prodigal_proteins	1544	GCA_004332415.1_ASM433241v1_genomic_prodigal_proteins	2408	750	61.74	12.81	48.58
GCA_009838425.1_ASM983842v1_genomic_prodigal_proteins	1544	GCA_009836025.1_ASM983602v1_genomic_prodigal_proteins	2290	1125	98.96	3.07	72.86
GCA_009838425.1_ASM983842v1_genomic_prodigal_proteins	1544	GCA_009843455.1_ASM984345v1_genomic_prodigal_proteins	2423	1138	98.77	4.01	73.70
GCA_009838425.1_ASM983842v1_genomic_prodigal_proteins	1544	GCA_009843485.1_ASM984348v1_genomic_prodigal_proteins	2158	948	87.23	7.70	61.40
GCA_009838425.1_ASM983842v1_genomic_prodigal_proteins	1544	GCA_003283135.1_ASM328313v1_genomic_prodigal_proteins	459	62	59.28	13.31	13.51
GCA_009838425.1_ASM983842v1_genomic_prodigal_proteins	1544	GCA_902635485.1_AG-447-G23_genomic_prodigal_proteins	327	39	64.59	13.79	11.93
GCA_009838425.1_ASM983842v1_genomic_prodigal_proteins	1544	GCA_002760415.1_ASM276041v1_genomic_prodigal_proteins	2670	528	53.63	11.64	34.20
GCA_009838425.1_ASM983842v1_genomic_prodigal_proteins	1544	GCA_002754935.1_ASM275493v1_genomic_prodigal_proteins	2664	565	54.01	12.36	36.59
GCA_009838425.1_ASM983842v1_genomic_prodigal_proteins	1544	GCA_002171685.2_ASM217168v2_genomic_prodigal_proteins	811	303	61.06	12.57	37.36
GCA_009838425.1_ASM983842v1_genomic_prodigal_proteins	1544	GCA_000737595.1_ASM73759v1_genomic_prodigal_proteins	2774	752	61.32	12.79	48.70
GCA_009838425.1_ASM983842v1_genomic_prodigal_proteins	1544	GCA_003331785.1_ASM333178v1_genomic_prodigal_proteins	2125	693	61.00	12.66	44.88
GCA_009838425.1_ASM983842v1_genomic_prodigal_proteins	1544	GCA_009842265.1_ASM984226v1_genomic_prodigal_proteins	2398	1076	97.95	3.64	69.69
GCA_009838425.1_ASM983842v1_genomic_prodigal_proteins	1544	GCA_902579345.1_AG-911-L15_genomic_prodigal_proteins	248	33	58.83	15.32	13.31
GCA_009838425.1_ASM983842v1_genomic_prodigal_proteins	1544	GCA_000011345.1_ASM1134v1_genomic_prodigal_proteins	2520	591	54.24	12.44	38.28
GCA_009838425.1_ASM983842v1_genomic_prodigal_proteins	1544	GCA_003210705.1_ASM321070v1_genomic_prodigal_proteins	2244	537	61.02	12.84	34.78
GCA_009838425.1_ASM983842v1_genomic_prodigal_proteins	1544	GCA_000019485.1_ASM1948v1_genomic_prodigal_proteins	3233	583	53.72	12.42	37.76
GCA_009838425.1_ASM983842v1_genomic_prodigal_proteins	1544	GCA_003283055.1_ASM328305v1_genomic_prodigal_proteins	482	29	63.29	16.29	6.02
GCA_009838425.1_ASM983842v1_genomic_prodigal_proteins	1544	GCA_000010065.1_ASM1006v1_genomic_prodigal_proteins	2691	634	55.78	12.69	41.06
GCA_009838425.1_ASM983842v1_genomic_prodigal_proteins	1544	GCA_000316685.1_ASM31668v1_genomic_prodigal_proteins	3706	596	53.47	12.27	38.60
GCA_009838425.1_ASM983842v1_genomic_prodigal_proteins	1544	GCA_000063525.1_ASM6352v1_genomic_prodigal_proteins	2540	766	62.03	12.52	49.61
GCA_009838425.1_ASM983842v1_genomic_prodigal_proteins	1544	GCA_003283165.1_ASM328316v1_genomic_prodigal_proteins	217	41	56.65	14.81	18.89
GCA_009838425.1_ASM983842v1_genomic_prodigal_proteins	1544	GCA_902540675.1_AG-359-E22_genomic_prodigal_proteins	584	108	62.74	14.03	18.49
GCA_009838425.1_ASM983842v1_genomic_prodigal_proteins	1544	GCA_011055065.1_ASM1105506v1_genomic_prodigal_proteins	2792	516	53.55	11.65	33.42
GCA_009838425.1_ASM983842v1_genomic_prodigal_proteins	1544	GCA_000013205.1_ASM1320v1_genomic_prodigal_proteins	2750	534	53.65	11.63	34.59
GCA_009838425.1_ASM983842v1_genomic_prodigal_proteins	1544	GCA_003539795.1_ASM353979v1_genomic_prodigal_proteins	2284	568	59.75	12.10	36.79
GCA_009838425.1_ASM983842v1_genomic_prodigal_proteins	1544	GCA_002171995.1_ASM217199v1_genomic_prodigal_proteins	1978	436	60.63	12.75	28.24
GCA_009838425.1_ASM983842v1_genomic_prodigal_proteins	1544	GCA_011523835.1_ASM1152383v1_genomic_prodigal_proteins	2468	649	60.58	12.79	42.03
GCA_009838425.1_ASM983842v1_genomic_prodigal_proteins	1544	GCA_002172175.1_ASM217217v1_genomic_prodigal_proteins	1846	475	60.20	12.48	30.76
GCA_009838425.1_ASM983842v1_genomic_prodigal_proteins	1544	GCA_003208835.1_ASM320883v1_genomic_prodigal_proteins	2208	568	60.61	12.97	36.79
GCA_009838425.1_ASM983842v1_genomic_prodigal_proteins	1544	GCA_902589915.1_AG-914-F20_genomic_prodigal_proteins	373	69	63.59	14.09	18.50
GCA_009838425.1_ASM983842v1_genomic_prodigal_proteins	1544	GCA_000485815.1_ASM48581v1_genomic_prodigal_proteins	3083	569	53.60	12.52	36.85
GCA_009838425.1_ASM983842v1_genomic_prodigal_proteins	1544	GCA_008807075.1_ASM880707v1_genomic_prodigal_proteins	2925	740	61.77	12.81	47.93
GCA_009838425.1_ASM983842v1_genomic_prodigal_proteins	1544	GCA_000179235.2_ASM17923v2_genomic_prodigal_proteins	3071	772	62.12	12.41	50.00
GCA_009838425.1_ASM983842v1_genomic_prodigal_proteins	1544	GCA_003210795.1_ASM321079v1_genomic_prodigal_proteins	2239	554	60.48	12.65	35.88
GCA_009838425.1_ASM983842v1_genomic_prodigal_proteins	1544	GCA_002706715.1_ASM270671v1_genomic_prodigal_proteins	1148	400	60.99	12.80	34.84
GCA_009838425.1_ASM983842v1_genomic_prodigal_proteins	1544	GCA_003331245.1_ASM333124v1_genomic_prodigal_proteins	2021	620	60.94	12.25	40.16
GCA_009838425.1_ASM983842v1_genomic_prodigal_proteins	1544	GCA_009843385.1_ASM984338v1_genomic_prodigal_proteins	2085	1079	99.44	3.89	69.88
GCA_009838425.1_ASM983842v1_genomic_prodigal_proteins	1544	GCA_003211205.1_ASM321120v1_genomic_prodigal_proteins	2288	583	60.43	13.14	37.76
GCA_009838425.1_ASM983842v1_genomic_prodigal_proteins	1544	GCA_000063505.1_ASM6350v1_genomic_prodigal_proteins	2558	748	61.33	12.96	48.45
GCA_009838425.1_ASM983842v1_genomic_prodigal_proteins	1544	GCA_900474245.1_UW179B_genomic_prodigal_proteins	2743	747	60.91	12.83	48.38
GCA_009838425.1_ASM983842v1_genomic_prodigal_proteins	1544	GCA_003210345.1_ASM321034v1_genomic_prodigal_proteins	1256	312	59.27	12.74	24.84
GCA_009838425.1_ASM983842v1_genomic_prodigal_proteins	1544	GCA_003210315.1_ASM321031v1_genomic_prodigal_proteins	1815	451	59.99	12.89	29.21
GCA_009838425.1_ASM983842v1_genomic_prodigal_proteins	1544	GCA_009836155.1_ASM983615v1_genomic_prodigal_proteins	1947	1020	98.88	2.92	66.06
GCA_009838425.1_ASM983842v1_genomic_prodigal_proteins	1544	GCA_003990665.2_ASM399066v2_genomic_prodigal_proteins	2499	589	54.25	12.47	38.15
GCA_009838425.1_ASM983842v1_genomic_prodigal_proteins	1544	GCA_003209135.1_ASM320913v1_genomic_prodigal_proteins	1719	418	60.06	12.66	27.07
GCA_009838425.1_ASM983842v1_genomic_prodigal_proteins	1544	GCA_009845105.1_ASM984510v1_genomic_prodigal_proteins	1941	897	97.56	5.84	58.10
GCA_009838425.1_ASM983842v1_genomic_prodigal_proteins	1544	GCA_002690325.1_ASM269032v1_genomic_prodigal_proteins	2554	684	60.26	12.63	44.30
GCA_009838425.1_ASM983842v1_genomic_prodigal_proteins	1544	GCA_000161795.2_ASM16179v2_genomic_prodigal_proteins	2407	749	61.41	12.74	48.51
GCA_009838425.1_ASM983842v1_genomic_prodigal_proteins	1544	GCA_004211895.1_ASM421189v1_genomic_prodigal_proteins	954	321	60.53	12.97	33.65
GCA_009838425.1_ASM983842v1_genomic_prodigal_proteins	1544	GCA_003210735.1_ASM321073v1_genomic_prodigal_proteins	2337	544	60.31	12.83	35.23
GCA_009838425.1_ASM983842v1_genomic_prodigal_proteins	1544	GCA_003209035.1_ASM320903v1_genomic_prodigal_proteins	1803	412	61.01	12.96	26.68
GCA_009838425.1_ASM983842v1_genomic_prodigal_proteins	1544	GCA_003712085.1_ASM371208v1_genomic_prodigal_proteins	2745	760	61.35	12.68	49.22
GCA_009838425.1_ASM983842v1_genomic_prodigal_proteins	1544	GCA_003212155.1_ASM321215v1_genomic_prodigal_proteins	262	40	61.02	16.10	15.27
GCA_009838425.1_ASM983842v1_genomic_prodigal_proteins	1544	GCA_001040845.1_ASM104084v1_genomic_prodigal_proteins	2917	756	60.75	12.80	48.96
GCA_009838425.1_ASM983842v1_genomic_prodigal_proteins	1544	GCA_002018015.1_ASM201801v1_genomic_prodigal_proteins	1578	706	87.12	8.01	45.73
GCA_009838425.1_ASM983842v1_genomic_prodigal_proteins	1544	GCA_003211255.1_ASM321125v1_genomic_prodigal_proteins	1850	418	60.09	12.79	27.07
GCA_009838425.1_ASM983842v1_genomic_prodigal_proteins	1544	GCA_002721235.1_ASM272123v1_genomic_prodigal_proteins	3119	579	53.81	12.36	37.50
GCA_009838425.1_ASM983842v1_genomic_prodigal_proteins	1544	GCA_009839305.1_ASM983930v1_genomic_prodigal_proteins	1816	773	87.08	8.22	50.06
GCA_009838425.1_ASM983842v1_genomic_prodigal_proteins	1544	GCA_011365345.1_ASM1136534v1_genomic_prodigal_proteins	2655	752	61.34	12.88	48.70
GCA_009838425.1_ASM983842v1_genomic_prodigal_proteins	1544	GCA_001039265.1_ASM103926v1_genomic_prodigal_proteins	2832	543	63.63	12.57	35.17
GCA_009838425.1_ASM983842v1_genomic_prodigal_proteins	1544	GCA_001628325.1_ASM162832v1_genomic_prodigal_proteins	2129	690	61.46	12.67	44.69
GCA_009838425.1_ASM983842v1_genomic_prodigal_proteins	1544	GCA_003209215.1_ASM320921v1_genomic_prodigal_proteins	1679	392	60.31	12.62	25.39
GCA_009838425.1_ASM983842v1_genomic_prodigal_proteins	1544	GCA_002737305.1_ASM273730v1_genomic_prodigal_proteins	1951	628	62.30	12.72	40.67
GCA_009838425.1_ASM983842v1_genomic_prodigal_proteins	1544	GCA_003210515.1_ASM321051v1_genomic_prodigal_proteins	1673	417	59.43	13.22	27.01
GCA_009838425.1_ASM983842v1_genomic_prodigal_proteins	1544	GCA_011525445.1_ASM1152544v1_genomic_prodigal_proteins	3208	635	59.57	12.69	41.13
GCA_009838425.1_ASM983842v1_genomic_prodigal_proteins	1544	GCA_902599435.1_AG-916-N22_genomic_prodigal_proteins	793	186	61.86	12.68	23.46
GCA_009838425.1_ASM983842v1_genomic_prodigal_proteins	1544	GCA_003149585.1_ASM314958v1_genomic_prodigal_proteins	2600	761	62.06	12.44	49.29
GCA_009838425.1_ASM983842v1_genomic_prodigal_proteins	1544	GCA_902560665.1_AG-905-O11_genomic_prodigal_proteins	401	71	60.69	14.34	17.71
GCA_009838425.1_ASM983842v1_genomic_prodigal_proteins	1544	GCA_003331795.1_ASM333179v1_genomic_prodigal_proteins	1948	617	62.13	12.43	39.96
GCA_009838425.1_ASM983842v1_genomic_prodigal_proteins	1544	GCA_002017955.1_ASM201795v1_genomic_prodigal_proteins	512	209	84.77	11.25	40.82
GCA_009838425.1_ASM983842v1_genomic_prodigal_proteins	1544	GCA_902584485.1_AG-912-O23_genomic_prodigal_proteins	535	93	59.13	14.36	17.38
GCA_009838425.1_ASM983842v1_genomic_prodigal_proteins	1544	GCA_902527915.1_AG-896-G19_genomic_prodigal_proteins	1003	240	61.70	13.49	23.93
GCA_009838425.1_ASM983842v1_genomic_prodigal_proteins	1544	GCA_902635365.1_AG-447-D19_genomic_prodigal_proteins	1690	346	60.68	13.15	22.41
GCA_009838425.1_ASM983842v1_genomic_prodigal_proteins	1544	GCA_900474085.1_UW86_genomic_prodigal_proteins	2403	752	61.31	12.93	48.70
GCA_009838425.1_ASM983842v1_genomic_prodigal_proteins	1544	GCA_001885215.1_ASM188521v1_genomic_prodigal_proteins	2897	776	61.57	12.55	50.26
GCA_009838425.1_ASM983842v1_genomic_prodigal_proteins	1544	GCA_902575935.1_AG-426-B22_genomic_prodigal_proteins	254	69	63.46	14.21	27.17
GCA_009838425.1_ASM983842v1_genomic_prodigal_proteins	1544	GCA_900474295.1_UW140_genomic_prodigal_proteins	2925	746	61.27	12.71	48.32
GCA_009838425.1_ASM983842v1_genomic_prodigal_proteins	1544	GCA_003211565.1_ASM321156v1_genomic_prodigal_proteins	1489	335	61.25	12.97	22.50
GCA_009838425.1_ASM983842v1_genomic_prodigal_proteins	1544	GCA_003526105.1_ASM352610v1_genomic_prodigal_proteins	1581	432	61.68	12.78	27.98
GCA_009838425.1_ASM983842v1_genomic_prodigal_proteins	1544	GCA_002172935.1_ASM217293v1_genomic_prodigal_proteins	1996	590	60.48	12.70	38.21
GCA_009838425.1_ASM983842v1_genomic_prodigal_proteins	1544	GCA_003210335.1_ASM321033v1_genomic_prodigal_proteins	942	141	59.27	13.25	14.97
GCA_009838425.1_ASM983842v1_genomic_prodigal_proteins	1544	GCA_009846115.1_ASM984611v1_genomic_prodigal_proteins	2048	880	86.93	8.04	56.99
GCA_009838425.1_ASM983842v1_genomic_prodigal_proteins	1544	GCA_001693295.1_ASM169329v1_genomic_prodigal_proteins	3183	579	53.77	12.45	37.50
GCA_009838425.1_ASM983842v1_genomic_prodigal_proteins	1544	GCA_900473965.1_UW179A_genomic_prodigal_proteins	3383	749	60.91	12.82	48.51
GCA_009838425.1_ASM983842v1_genomic_prodigal_proteins	1544	GCA_003213755.1_ASM321375v1_genomic_prodigal_proteins	1050	279	61.14	12.86	26.57
GCA_009838425.1_ASM983842v1_genomic_prodigal_proteins	1544	GCA_003209155.1_ASM320915v1_genomic_prodigal_proteins	2305	562	60.46	12.72	36.40
GCA_009838425.1_ASM983842v1_genomic_prodigal_proteins	1544	GCA_003211515.1_ASM321151v1_genomic_prodigal_proteins	2451	493	60.34	12.87	31.93
GCA_009838425.1_ASM983842v1_genomic_prodigal_proteins	1544	GCA_002693285.1_ASM269328v1_genomic_prodigal_proteins	2440	654	60.48	12.88	42.36
GCA_009838425.1_ASM983842v1_genomic_prodigal_proteins	1544	GCA_003210555.1_ASM321055v1_genomic_prodigal_proteins	1847	414	60.62	12.93	26.81
GCA_009838425.1_ASM983842v1_genomic_prodigal_proteins	1544	GCA_000155595.1_ASM15559v1_genomic_prodigal_proteins	5270	593	53.00	12.39	38.41
GCA_009838425.1_ASM983842v1_genomic_prodigal_proteins	1544	GCA_001007665.1_ASM100766v1_genomic_prodigal_proteins	2356	940	86.85	7.84	60.88
GCA_009838425.1_ASM983842v1_genomic_prodigal_proteins	1544	GCA_009919765.1_ASM991976v1_genomic_prodigal_proteins	2524	527	61.82	12.55	34.13
GCA_009838425.1_ASM983842v1_genomic_prodigal_proteins	1544	GCA_003331225.1_ASM333122v1_genomic_prodigal_proteins	2113	659	62.16	12.38	42.68
GCA_009838425.1_ASM983842v1_genomic_prodigal_proteins	1544	GCA_900177825.1_IMG-taxon_2708742468_annotated_assembly_genomic_prodigal_proteins	3317	578	53.63	12.46	37.44
GCA_009838425.1_ASM983842v1_genomic_prodigal_proteins	1544	GCA_000195975.1_ASM19597v1_genomic_prodigal_proteins	2719	753	61.32	12.68	48.77
GCA_009838425.1_ASM983842v1_genomic_prodigal_proteins	1544	GCA_902618885.1_AG-920-D15_genomic_prodigal_proteins	1178	288	62.53	13.67	24.45
GCA_009838425.1_ASM983842v1_genomic_prodigal_proteins	1544	GCA_003209165.1_ASM320916v1_genomic_prodigal_proteins	2711	638	61.27	12.86	41.32
GCA_009838425.1_ASM983842v1_genomic_prodigal_proteins	1544	GCA_001007625.1_ASM100762v1_genomic_prodigal_proteins	2478	850	88.16	7.31	55.05
GCA_009838425.1_ASM983842v1_genomic_prodigal_proteins	1544	GCA_008386235.1_ASM838623v1_genomic_prodigal_proteins	2571	590	54.13	12.50	38.21
GCA_009838425.1_ASM983842v1_genomic_prodigal_proteins	1544	GCA_001631935.1_ASM163193v1_genomic_prodigal_proteins	3526	755	60.84	12.83	48.90
GCA_009838425.1_ASM983842v1_genomic_prodigal_proteins	1544	GCA_002151525.1_ASM215152v1_genomic_prodigal_proteins	1628	540	61.02	12.80	34.97
GCA_009838425.1_ASM983842v1_genomic_prodigal_proteins	1544	GCA_000153065.1_ASM15306v1_genomic_prodigal_proteins	2704	756	61.90	12.76	48.96
GCA_009838425.1_ASM983842v1_genomic_prodigal_proteins	1544	GCA_009837265.1_ASM983726v1_genomic_prodigal_proteins	2126	899	86.99	8.30	58.23
GCA_009838425.1_ASM983842v1_genomic_prodigal_proteins	1544	GCA_902533725.1_AG-898-C20_genomic_prodigal_proteins	421	57	60.54	13.82	13.54
GCA_009838425.1_ASM983842v1_genomic_prodigal_proteins	1544	GCA_002171075.2_ASM217107v2_genomic_prodigal_proteins	1919	568	60.64	12.24	36.79
GCA_009838425.1_ASM983842v1_genomic_prodigal_proteins	1544	GCA_002760395.1_ASM276039v1_genomic_prodigal_proteins	2661	520	53.70	11.70	33.68
GCA_009838425.1_ASM983842v1_genomic_prodigal_proteins	1544	GCA_003209005.1_ASM320900v1_genomic_prodigal_proteins	2548	623	60.41	12.92	40.35
GCA_009838425.1_ASM983842v1_genomic_prodigal_proteins	1544	GCA_002017915.1_ASM201791v1_genomic_prodigal_proteins	623	271	86.10	10.96	43.50
GCA_009838425.1_ASM983842v1_genomic_prodigal_proteins	1544	GCA_900047545.1_m9_genomic_prodigal_proteins	1575	745	85.90	8.62	48.25
GCA_009838425.1_ASM983842v1_genomic_prodigal_proteins	1544	GCA_001632105.1_ASM163210v1_genomic_prodigal_proteins	3521	759	60.79	12.89	49.16
GCA_009838425.1_ASM983842v1_genomic_prodigal_proteins	1544	GCA_004212765.1_ASM421276v1_genomic_prodigal_proteins	1162	372	61.01	12.54	32.01
GCA_009838425.1_ASM983842v1_genomic_prodigal_proteins	1544	GCA_002685515.1_ASM268551v1_genomic_prodigal_proteins	1286	404	59.95	12.71	31.42
GCA_009838425.1_ASM983842v1_genomic_prodigal_proteins	1544	GCA_007828135.1_ASM782813v1_genomic_prodigal_proteins	2917	775	61.56	12.56	50.19
GCA_009838425.1_ASM983842v1_genomic_prodigal_proteins	1544	GCA_011047875.1_ASM1104787v1_genomic_prodigal_proteins	2810	528	53.63	11.56	34.20
GCA_009838425.1_ASM983842v1_genomic_prodigal_proteins	1544	GCA_009840445.1_ASM984044v1_genomic_prodigal_proteins	2167	964	87.07	8.02	62.44
GCA_009838425.1_ASM983842v1_genomic_prodigal_proteins	1544	GCA_003210995.1_ASM321099v1_genomic_prodigal_proteins	2385	532	61.27	12.94	34.46
GCA_009838425.1_ASM983842v1_genomic_prodigal_proteins	1544	GCA_902616995.1_AG-919-L20_genomic_prodigal_proteins	654	135	60.89	13.44	20.64
GCA_009838425.1_ASM983842v1_genomic_prodigal_proteins	1544	GCA_009845825.1_ASM984582v1_genomic_prodigal_proteins	2168	1139	99.61	3.51	73.77
GCA_009838425.1_ASM983842v1_genomic_prodigal_proteins	1544	GCA_000515235.1_ASM51523v1_genomic_prodigal_proteins	2873	750	61.13	12.72	48.58
GCA_009838425.1_ASM983842v1_genomic_prodigal_proteins	1544	GCA_003523965.1_ASM352396v1_genomic_prodigal_proteins	1735	664	89.77	8.21	43.01
GCA_009838425.1_ASM983842v1_genomic_prodigal_proteins	1544	GCA_002684175.1_ASM268417v1_genomic_prodigal_proteins	1819	461	59.25	12.62	29.86
GCA_009838425.1_ASM983842v1_genomic_prodigal_proteins	1544	GCA_011523295.1_ASM1152329v1_genomic_prodigal_proteins	2851	576	59.41	12.51	37.31
GCA_009838425.1_ASM983842v1_genomic_prodigal_proteins	1544	GCA_003211015.1_ASM321101v1_genomic_prodigal_proteins	2128	549	60.01	12.65	35.56
GCA_009838425.1_ASM983842v1_genomic_prodigal_proteins	1544	GCA_002006815.1_ASM200681v1_genomic_prodigal_proteins	1973	682	61.42	12.64	44.17
GCA_003210815.1_ASM321081v1_genomic_prodigal_proteins	2087	GCA_900473955.1_GEYO_genomic_prodigal_proteins	2674	1504	93.76	6.99	72.07
GCA_003210815.1_ASM321081v1_genomic_prodigal_proteins	2087	GCA_002167425.2_ASM216742v2_genomic_prodigal_proteins	2822	1083	68.64	14.15	51.89
GCA_003210815.1_ASM321081v1_genomic_prodigal_proteins	2087	GCA_009844645.1_ASM984464v1_genomic_prodigal_proteins	1983	675	60.13	12.75	34.04
GCA_003210815.1_ASM321081v1_genomic_prodigal_proteins	2087	GCA_008081095.1_ASM808109v1_genomic_prodigal_proteins	1533	614	70.63	13.92	40.05
GCA_003210815.1_ASM321081v1_genomic_prodigal_proteins	2087	GCA_000014585.1_ASM1458v1_genomic_prodigal_proteins	2879	1278	72.46	13.48	61.24
GCA_003210815.1_ASM321081v1_genomic_prodigal_proteins	2087	GCA_000317085.1_ASM31708v1_genomic_prodigal_proteins	3673	605	50.97	11.77	28.99
GCA_003210815.1_ASM321081v1_genomic_prodigal_proteins	2087	GCA_013133755.1_ASM1313375v1_genomic_prodigal_proteins	2700	1527	93.77	7.93	73.17
GCA_003210815.1_ASM321081v1_genomic_prodigal_proteins	2087	GCA_003210475.1_ASM321047v1_genomic_prodigal_proteins	1514	1002	99.63	4.23	66.18
GCA_003210815.1_ASM321081v1_genomic_prodigal_proteins	2087	GCA_003208815.1_ASM320881v1_genomic_prodigal_proteins	1352	428	67.36	14.66	31.66
GCA_003210815.1_ASM321081v1_genomic_prodigal_proteins	2087	GCA_000012505.1_ASM1250v1_genomic_prodigal_proteins	2461	1173	69.58	13.83	56.21
GCA_003210815.1_ASM321081v1_genomic_prodigal_proteins	2087	GCA_000153825.1_ASM15382v1_genomic_prodigal_proteins	2811	1274	72.21	14.02	61.04
GCA_003210815.1_ASM321081v1_genomic_prodigal_proteins	2087	GCA_002760475.1_ASM276047v1_genomic_prodigal_proteins	2647	552	52.42	11.33	26.45
GCA_003210815.1_ASM321081v1_genomic_prodigal_proteins	2087	GCA_003210565.1_ASM321056v1_genomic_prodigal_proteins	836	383	72.06	14.97	45.81
GCA_003210815.1_ASM321081v1_genomic_prodigal_proteins	2087	GCA_902618505.1_AG-892-K03_genomic_prodigal_proteins	959	258	70.07	15.44	26.90
GCA_003210815.1_ASM321081v1_genomic_prodigal_proteins	2087	GCA_005577135.1_ASM557713v1_genomic_prodigal_proteins	3356	681	52.58	12.49	32.63
GCA_003210815.1_ASM321081v1_genomic_prodigal_proteins	2087	GCA_003846445.1_ASM384644v1_genomic_prodigal_proteins	2740	729	54.88	12.48	34.93
GCA_003210815.1_ASM321081v1_genomic_prodigal_proteins	2087	GCA_000505665.1_ASM50566v1_genomic_prodigal_proteins	2466	625	52.79	11.95	29.95
GCA_003210815.1_ASM321081v1_genomic_prodigal_proteins	2087	GCA_902616255.1_AG-919-I18_genomic_prodigal_proteins	1046	432	68.01	14.25	41.30
GCA_003210815.1_ASM321081v1_genomic_prodigal_proteins	2087	GCA_001182765.1_WH8103.1_genomic_prodigal_proteins	2676	1153	70.52	13.75	55.25
GCA_003210815.1_ASM321081v1_genomic_prodigal_proteins	2087	GCA_002760375.1_ASM276037v1_genomic_prodigal_proteins	2702	553	52.41	11.37	26.50
GCA_003210815.1_ASM321081v1_genomic_prodigal_proteins	2087	GCA_902592305.1_AG-914-O22_genomic_prodigal_proteins	179	63	66.85	16.18	35.20
GCA_003210815.1_ASM321081v1_genomic_prodigal_proteins	2087	GCA_001632165.1_ASM163216v1_genomic_prodigal_proteins	2830	1545	93.38	8.42	74.03
GCA_003210815.1_ASM321081v1_genomic_prodigal_proteins	2087	GCA_004332405.1_ASM433240v1_genomic_prodigal_proteins	2437	1176	73.30	13.42	56.35
GCA_003210815.1_ASM321081v1_genomic_prodigal_proteins	2087	GCA_900473975.1_N26_genomic_prodigal_proteins	2454	1127	70.69	13.75	54.00
GCA_003210815.1_ASM321081v1_genomic_prodigal_proteins	2087	GCA_902612475.1_AG-918-G20_genomic_prodigal_proteins	502	162	68.19	14.39	32.27
GCA_003210815.1_ASM321081v1_genomic_prodigal_proteins	2087	GCA_000775285.1_ASM77528v1_genomic_prodigal_proteins	4812	574	53.07	12.54	27.50
GCA_003210815.1_ASM321081v1_genomic_prodigal_proteins	2087	GCA_002698505.1_ASM269850v1_genomic_prodigal_proteins	2471	1150	71.56	13.77	55.10
GCA_003210815.1_ASM321081v1_genomic_prodigal_proteins	2087	GCA_002252665.1_ASM225266v1_genomic_prodigal_proteins	2771	1049	65.96	13.56	50.26
GCA_003210815.1_ASM321081v1_genomic_prodigal_proteins	2087	GCA_003555505.1_ASM355550v1_genomic_prodigal_proteins	3351	479	52.66	12.48	22.95
GCA_003210815.1_ASM321081v1_genomic_prodigal_proteins	2087	GCA_900474015.1_UW106_genomic_prodigal_proteins	2762	1220	69.81	14.32	58.46
GCA_003210815.1_ASM321081v1_genomic_prodigal_proteins	2087	GCA_000715475.1_ASM71547v1_genomic_prodigal_proteins	3299	671	52.51	12.49	32.15
GCA_003210815.1_ASM321081v1_genomic_prodigal_proteins	2087	GCA_001628295.1_ASM162829v1_genomic_prodigal_proteins	2145	1021	70.60	13.76	48.92
GCA_003210815.1_ASM321081v1_genomic_prodigal_proteins	2087	GCA_003208775.1_ASM320877v1_genomic_prodigal_proteins	1808	831	72.07	13.49	45.96
GCA_003210815.1_ASM321081v1_genomic_prodigal_proteins	2087	GCA_003210975.1_ASM321097v1_genomic_prodigal_proteins	627	290	70.20	15.51	46.25
GCA_003210815.1_ASM321081v1_genomic_prodigal_proteins	2087	GCA_003208915.1_ASM320891v1_genomic_prodigal_proteins	1208	445	68.49	14.15	36.84
GCA_003210815.1_ASM321081v1_genomic_prodigal_proteins	2087	GCA_009837735.1_ASM983773v1_genomic_prodigal_proteins	2041	592	60.13	12.74	29.01
GCA_003210815.1_ASM321081v1_genomic_prodigal_proteins	2087	GCA_902548805.1_AG-901-N20_genomic_prodigal_proteins	158	33	64.92	16.88	20.89
GCA_003210815.1_ASM321081v1_genomic_prodigal_proteins	2087	GCA_003211235.1_ASM321123v1_genomic_prodigal_proteins	1698	683	69.13	14.23	40.22
GCA_003210815.1_ASM321081v1_genomic_prodigal_proteins	2087	GCA_004209775.1_ASM420977v1_genomic_prodigal_proteins	2798	1171	73.15	13.41	56.11
GCA_003210815.1_ASM321081v1_genomic_prodigal_proteins	2087	GCA_003283215.1_ASM328321v1_genomic_prodigal_proteins	239	84	87.30	16.51	35.15
GCA_003210815.1_ASM321081v1_genomic_prodigal_proteins	2087	GCA_003209555.1_ASM320955v1_genomic_prodigal_proteins	908	258	63.85	14.93	28.41
GCA_003210815.1_ASM321081v1_genomic_prodigal_proteins	2087	GCA_000153805.1_ASM15380v1_genomic_prodigal_proteins	2517	1199	69.37	13.94	57.45
GCA_003210815.1_ASM321081v1_genomic_prodigal_proteins	2087	GCA_003283205.1_ASM328320v1_genomic_prodigal_proteins	274	132	93.81	11.00	48.18
GCA_003210815.1_ASM321081v1_genomic_prodigal_proteins	2087	GCA_900473925.1_N5_genomic_prodigal_proteins	2417	1123	70.64	13.81	53.81
GCA_003210815.1_ASM321081v1_genomic_prodigal_proteins	2087	GCA_902592665.1_AG-447-E14_genomic_prodigal_proteins	1111	406	67.93	14.47	36.54
GCA_003210815.1_ASM321081v1_genomic_prodigal_proteins	2087	GCA_011523155.1_ASM1152315v1_genomic_prodigal_proteins	2101	854	70.76	12.77	40.92
GCA_003210815.1_ASM321081v1_genomic_prodigal_proteins	2087	GCA_003211275.1_ASM321127v1_genomic_prodigal_proteins	2168	1242	96.40	10.09	59.51
GCA_003210815.1_ASM321081v1_genomic_prodigal_proteins	2087	GCA_003957805.1_ASM395780v1_genomic_prodigal_proteins	2887	756	54.81	12.46	36.22
GCA_003210815.1_ASM321081v1_genomic_prodigal_proteins	2087	GCA_012270465.1_ASM1227046v1_genomic_prodigal_proteins	2311	873	64.58	13.59	41.83
GCA_003210815.1_ASM321081v1_genomic_prodigal_proteins	2087	GCA_001693255.1_ASM169325v1_genomic_prodigal_proteins	3177	671	52.70	12.46	32.15
GCA_003210815.1_ASM321081v1_genomic_prodigal_proteins	2087	GCA_003210385.1_ASM321038v1_genomic_prodigal_proteins	286	156	72.28	12.50	54.55
GCA_003210815.1_ASM321081v1_genomic_prodigal_proteins	2087	GCA_002170705.1_ASM217070v1_genomic_prodigal_proteins	1392	608	69.99	13.94	43.68
GCA_003210815.1_ASM321081v1_genomic_prodigal_proteins	2087	GCA_002356215.1_ASM235621v1_genomic_prodigal_proteins	2953	658	52.65	12.56	31.53
GCA_003210815.1_ASM321081v1_genomic_prodigal_proteins	2087	GCA_003210935.1_ASM321093v1_genomic_prodigal_proteins	1868	1069	92.93	10.24	57.23
GCA_003210815.1_ASM321081v1_genomic_prodigal_proteins	2087	GCA_003210535.1_ASM321053v1_genomic_prodigal_proteins	1257	460	67.01	14.20	36.60
GCA_003210815.1_ASM321081v1_genomic_prodigal_proteins	2087	GCA_002724845.1_ASM272484v1_genomic_prodigal_proteins	1589	781	69.57	13.79	49.15
GCA_003210815.1_ASM321081v1_genomic_prodigal_proteins	2087	GCA_000153285.1_ASM15328v1_genomic_prodigal_proteins	2746	1286	76.40	12.68	61.62
GCA_003210815.1_ASM321081v1_genomic_prodigal_proteins	2087	GCA_003211035.1_ASM321103v1_genomic_prodigal_proteins	530	236	69.53	13.97	44.53
GCA_003210815.1_ASM321081v1_genomic_prodigal_proteins	2087	GCA_001521855.1_ASM152185v1_genomic_prodigal_proteins	3144	681	52.58	12.48	32.63
GCA_003210815.1_ASM321081v1_genomic_prodigal_proteins	2087	GCA_009835965.1_ASM983596v1_genomic_prodigal_proteins	2105	723	60.02	12.75	34.64
GCA_003210815.1_ASM321081v1_genomic_prodigal_proteins	2087	GCA_012269695.1_ASM1226969v1_genomic_prodigal_proteins	2043	746	64.37	13.85	36.51
GCA_003210815.1_ASM321081v1_genomic_prodigal_proteins	2087	GCA_000737535.1_ASM73753v1_genomic_prodigal_proteins	3013	1216	69.36	14.13	58.27
GCA_003210815.1_ASM321081v1_genomic_prodigal_proteins	2087	GCA_000586015.1_SynSpo.0_genomic_prodigal_proteins	1907	569	60.66	13.20	29.84
GCA_003210815.1_ASM321081v1_genomic_prodigal_proteins	2087	GCA_002760345.1_ASM276034v1_genomic_prodigal_proteins	2731	569	52.25	11.43	27.26
GCA_003210815.1_ASM321081v1_genomic_prodigal_proteins	2087	GCA_000013225.1_ASM1322v1_genomic_prodigal_proteins	2844	572	52.35	11.49	27.41
GCA_003210815.1_ASM321081v1_genomic_prodigal_proteins	2087	GCA_000332275.1_ASM33227v1_genomic_prodigal_proteins	4564	635	51.28	11.60	30.43
GCA_003210815.1_ASM321081v1_genomic_prodigal_proteins	2087	GCA_002252675.1_ASM225267v1_genomic_prodigal_proteins	3295	1035	65.15	13.62	49.59
GCA_003210815.1_ASM321081v1_genomic_prodigal_proteins	2087	GCA_000737575.1_ASM73757v1_genomic_prodigal_proteins	2662	1212	70.03	14.09	58.07
GCA_003210815.1_ASM321081v1_genomic_prodigal_proteins	2087	GCA_902596755.1_AG-916-D19_genomic_prodigal_proteins	1152	444	69.38	14.59	38.54
GCA_003210815.1_ASM321081v1_genomic_prodigal_proteins	2087	GCA_003211455.1_ASM321145v1_genomic_prodigal_proteins	1186	487	68.85	14.48	41.06
GCA_003210815.1_ASM321081v1_genomic_prodigal_proteins	2087	GCA_003208755.1_ASM320875v1_genomic_prodigal_proteins	690	288	68.59	14.83	41.74
GCA_003210815.1_ASM321081v1_genomic_prodigal_proteins	2087	GCA_007571215.1_ASM757121v1_genomic_prodigal_proteins	1879	717	59.46	12.97	38.16
GCA_003210815.1_ASM321081v1_genomic_prodigal_proteins	2087	GCA_001007635.1_ASM100763v1_genomic_prodigal_proteins	2333	654	60.07	12.65	31.34
GCA_003210815.1_ASM321081v1_genomic_prodigal_proteins	2087	GCA_000179255.1_ASM17925v1_genomic_prodigal_proteins	2729	1082	65.79	13.98	51.84
GCA_003210815.1_ASM321081v1_genomic_prodigal_proteins	2087	GCA_003208975.1_ASM320897v1_genomic_prodigal_proteins	1804	660	69.41	14.55	36.59
GCA_003210815.1_ASM321081v1_genomic_prodigal_proteins	2087	GCA_012103655.1_ASM1210365v1_genomic_prodigal_proteins	2723	1268	72.72	13.25	60.76
GCA_003210815.1_ASM321081v1_genomic_prodigal_proteins	2087	GCA_902582045.1_AG-912-B07_genomic_prodigal_proteins	196	54	68.93	15.61	27.55
GCA_003210815.1_ASM321081v1_genomic_prodigal_proteins	2087	GCA_000153045.1_ASM15304v1_genomic_prodigal_proteins	3242	1049	65.30	13.67	50.26
GCA_003210815.1_ASM321081v1_genomic_prodigal_proteins	2087	GCA_902549675.1_AG-903-B09_genomic_prodigal_proteins	836	270	70.41	14.93	32.30
GCA_003210815.1_ASM321081v1_genomic_prodigal_proteins	2087	GCA_002018045.1_ASM201804v1_genomic_prodigal_proteins	1559	549	61.08	12.66	35.21
GCA_003210815.1_ASM321081v1_genomic_prodigal_proteins	2087	GCA_004213055.1_ASM421305v1_genomic_prodigal_proteins	2241	1057	71.99	14.05	50.65
GCA_003210815.1_ASM321081v1_genomic_prodigal_proteins	2087	GCA_007571085.1_ASM757108v1_genomic_prodigal_proteins	1784	702	59.29	12.97	39.35
GCA_003210815.1_ASM321081v1_genomic_prodigal_proteins	2087	GCA_009839805.1_ASM983980v1_genomic_prodigal_proteins	1848	497	58.06	12.29	26.89
GCA_003210815.1_ASM321081v1_genomic_prodigal_proteins	2087	GCA_003210375.1_ASM321037v1_genomic_prodigal_proteins	2155	917	69.26	14.12	43.94
GCA_003210815.1_ASM321081v1_genomic_prodigal_proteins	2087	GCA_004332415.1_ASM433241v1_genomic_prodigal_proteins	2408	1181	73.29	13.32	56.59
GCA_003210815.1_ASM321081v1_genomic_prodigal_proteins	2087	GCA_009836025.1_ASM983602v1_genomic_prodigal_proteins	2290	726	59.95	12.86	34.79
GCA_003210815.1_ASM321081v1_genomic_prodigal_proteins	2087	GCA_009843455.1_ASM984345v1_genomic_prodigal_proteins	2423	712	59.91	12.75	34.12
GCA_003210815.1_ASM321081v1_genomic_prodigal_proteins	2087	GCA_009843485.1_ASM984348v1_genomic_prodigal_proteins	2158	727	60.01	12.80	34.83
GCA_003210815.1_ASM321081v1_genomic_prodigal_proteins	2087	GCA_003283135.1_ASM328313v1_genomic_prodigal_proteins	459	127	66.24	14.93	27.67
GCA_003210815.1_ASM321081v1_genomic_prodigal_proteins	2087	GCA_902635485.1_AG-447-G23_genomic_prodigal_proteins	327	103	65.46	15.44	31.50
GCA_003210815.1_ASM321081v1_genomic_prodigal_proteins	2087	GCA_002760415.1_ASM276041v1_genomic_prodigal_proteins	2670	554	52.33	11.38	26.55
GCA_003210815.1_ASM321081v1_genomic_prodigal_proteins	2087	GCA_002754935.1_ASM275493v1_genomic_prodigal_proteins	2664	602	52.65	12.02	28.85
GCA_003210815.1_ASM321081v1_genomic_prodigal_proteins	2087	GCA_002171685.2_ASM217168v2_genomic_prodigal_proteins	811	447	74.01	12.86	55.12
GCA_003210815.1_ASM321081v1_genomic_prodigal_proteins	2087	GCA_000737595.1_ASM73759v1_genomic_prodigal_proteins	2774	1204	69.78	14.25	57.69
GCA_003210815.1_ASM321081v1_genomic_prodigal_proteins	2087	GCA_003331785.1_ASM333178v1_genomic_prodigal_proteins	2125	1118	73.32	12.87	53.57
GCA_003210815.1_ASM321081v1_genomic_prodigal_proteins	2087	GCA_009842265.1_ASM984226v1_genomic_prodigal_proteins	2398	719	60.04	12.74	34.45
GCA_003210815.1_ASM321081v1_genomic_prodigal_proteins	2087	GCA_902579345.1_AG-911-L15_genomic_prodigal_proteins	248	83	67.25	16.46	33.47
GCA_003210815.1_ASM321081v1_genomic_prodigal_proteins	2087	GCA_000011345.1_ASM1134v1_genomic_prodigal_proteins	2520	628	53.02	11.95	30.09
GCA_003210815.1_ASM321081v1_genomic_prodigal_proteins	2087	GCA_003210705.1_ASM321070v1_genomic_prodigal_proteins	2244	1339	96.82	8.09	64.16
GCA_003210815.1_ASM321081v1_genomic_prodigal_proteins	2087	GCA_000019485.1_ASM1948v1_genomic_prodigal_proteins	3233	677	52.68	12.43	32.44
GCA_003210815.1_ASM321081v1_genomic_prodigal_proteins	2087	GCA_003283055.1_ASM328305v1_genomic_prodigal_proteins	482	81	66.52	14.94	16.80
GCA_003210815.1_ASM321081v1_genomic_prodigal_proteins	2087	GCA_000010065.1_ASM1006v1_genomic_prodigal_proteins	2691	750	54.84	12.50	35.94
GCA_003210815.1_ASM321081v1_genomic_prodigal_proteins	2087	GCA_000316685.1_ASM31668v1_genomic_prodigal_proteins	3706	666	52.26	11.97	31.91
GCA_003210815.1_ASM321081v1_genomic_prodigal_proteins	2087	GCA_000063525.1_ASM6352v1_genomic_prodigal_proteins	2540	1073	65.25	13.97	51.41
GCA_003210815.1_ASM321081v1_genomic_prodigal_proteins	2087	GCA_003283165.1_ASM328316v1_genomic_prodigal_proteins	217	36	70.85	15.39	16.59
GCA_003210815.1_ASM321081v1_genomic_prodigal_proteins	2087	GCA_902540675.1_AG-359-E22_genomic_prodigal_proteins	584	140	70.52	17.21	23.97
GCA_003210815.1_ASM321081v1_genomic_prodigal_proteins	2087	GCA_011055065.1_ASM1105506v1_genomic_prodigal_proteins	2792	547	52.29	11.58	26.21
GCA_003210815.1_ASM321081v1_genomic_prodigal_proteins	2087	GCA_000013205.1_ASM1320v1_genomic_prodigal_proteins	2750	571	52.19	11.45	27.36
GCA_003210815.1_ASM321081v1_genomic_prodigal_proteins	2087	GCA_003539795.1_ASM353979v1_genomic_prodigal_proteins	2284	920	69.04	13.47	44.08
GCA_003210815.1_ASM321081v1_genomic_prodigal_proteins	2087	GCA_002171995.1_ASM217199v1_genomic_prodigal_proteins	1978	725	71.44	14.03	36.65
GCA_003210815.1_ASM321081v1_genomic_prodigal_proteins	2087	GCA_011523835.1_ASM1152383v1_genomic_prodigal_proteins	2468	1081	75.76	13.61	51.80
GCA_003210815.1_ASM321081v1_genomic_prodigal_proteins	2087	GCA_002172175.1_ASM217217v1_genomic_prodigal_proteins	1846	733	63.72	13.89	39.71
GCA_003210815.1_ASM321081v1_genomic_prodigal_proteins	2087	GCA_003208835.1_ASM320883v1_genomic_prodigal_proteins	2208	864	69.64	13.95	41.40
GCA_003210815.1_ASM321081v1_genomic_prodigal_proteins	2087	GCA_902589915.1_AG-914-F20_genomic_prodigal_proteins	373	90	68.92	13.84	24.13
GCA_003210815.1_ASM321081v1_genomic_prodigal_proteins	2087	GCA_000485815.1_ASM48581v1_genomic_prodigal_proteins	3083	646	52.53	12.55	30.95
GCA_003210815.1_ASM321081v1_genomic_prodigal_proteins	2087	GCA_008807075.1_ASM880707v1_genomic_prodigal_proteins	2925	1032	64.95	13.74	49.45
GCA_003210815.1_ASM321081v1_genomic_prodigal_proteins	2087	GCA_000179235.2_ASM17923v2_genomic_prodigal_proteins	3071	1086	66.27	13.81	52.04
GCA_003210815.1_ASM321081v1_genomic_prodigal_proteins	2087	GCA_003210795.1_ASM321079v1_genomic_prodigal_proteins	2239	913	69.10	14.01	43.75
GCA_003210815.1_ASM321081v1_genomic_prodigal_proteins	2087	GCA_002706715.1_ASM270671v1_genomic_prodigal_proteins	1148	576	69.75	14.16	50.17
GCA_003210815.1_ASM321081v1_genomic_prodigal_proteins	2087	GCA_003331245.1_ASM333124v1_genomic_prodigal_proteins	2021	996	69.76	13.78	49.28
GCA_003210815.1_ASM321081v1_genomic_prodigal_proteins	2087	GCA_009843385.1_ASM984338v1_genomic_prodigal_proteins	2085	611	59.98	12.85	29.30
GCA_003210815.1_ASM321081v1_genomic_prodigal_proteins	2087	GCA_003211205.1_ASM321120v1_genomic_prodigal_proteins	2288	1228	95.82	7.00	58.84
GCA_003210815.1_ASM321081v1_genomic_prodigal_proteins	2087	GCA_000063505.1_ASM6350v1_genomic_prodigal_proteins	2558	1257	76.63	13.27	60.23
GCA_003210815.1_ASM321081v1_genomic_prodigal_proteins	2087	GCA_900474245.1_UW179B_genomic_prodigal_proteins	2743	1256	72.75	13.19	60.18
GCA_003210815.1_ASM321081v1_genomic_prodigal_proteins	2087	GCA_003210345.1_ASM321034v1_genomic_prodigal_proteins	1256	538	68.58	13.74	42.83
GCA_003210815.1_ASM321081v1_genomic_prodigal_proteins	2087	GCA_003210315.1_ASM321031v1_genomic_prodigal_proteins	1815	831	70.89	14.05	45.79
GCA_003210815.1_ASM321081v1_genomic_prodigal_proteins	2087	GCA_009836155.1_ASM983615v1_genomic_prodigal_proteins	1947	686	60.12	12.70	35.23
GCA_003210815.1_ASM321081v1_genomic_prodigal_proteins	2087	GCA_003990665.2_ASM399066v2_genomic_prodigal_proteins	2499	629	52.98	12.01	30.14
GCA_003210815.1_ASM321081v1_genomic_prodigal_proteins	2087	GCA_003209135.1_ASM320913v1_genomic_prodigal_proteins	1719	671	68.13	14.71	39.03
GCA_003210815.1_ASM321081v1_genomic_prodigal_proteins	2087	GCA_009845105.1_ASM984510v1_genomic_prodigal_proteins	1941	577	59.94	12.73	29.73
GCA_003210815.1_ASM321081v1_genomic_prodigal_proteins	2087	GCA_002690325.1_ASM269032v1_genomic_prodigal_proteins	2554	1092	69.30	13.98	52.32
GCA_003210815.1_ASM321081v1_genomic_prodigal_proteins	2087	GCA_000161795.2_ASM16179v2_genomic_prodigal_proteins	2407	1136	70.40	13.74	54.43
GCA_003210815.1_ASM321081v1_genomic_prodigal_proteins	2087	GCA_004211895.1_ASM421189v1_genomic_prodigal_proteins	954	470	70.26	13.55	49.27
GCA_003210815.1_ASM321081v1_genomic_prodigal_proteins	2087	GCA_003210735.1_ASM321073v1_genomic_prodigal_proteins	2337	945	68.74	14.15	45.28
GCA_003210815.1_ASM321081v1_genomic_prodigal_proteins	2087	GCA_003209035.1_ASM320903v1_genomic_prodigal_proteins	1803	686	68.87	14.51	38.05
GCA_003210815.1_ASM321081v1_genomic_prodigal_proteins	2087	GCA_003712085.1_ASM371208v1_genomic_prodigal_proteins	2745	1161	70.32	13.86	55.63
GCA_003210815.1_ASM321081v1_genomic_prodigal_proteins	2087	GCA_003212155.1_ASM321215v1_genomic_prodigal_proteins	262	83	61.72	16.96	31.68
GCA_003210815.1_ASM321081v1_genomic_prodigal_proteins	2087	GCA_001040845.1_ASM104084v1_genomic_prodigal_proteins	2917	1295	72.63	13.26	62.05
GCA_003210815.1_ASM321081v1_genomic_prodigal_proteins	2087	GCA_002018015.1_ASM201801v1_genomic_prodigal_proteins	1578	537	61.32	12.62	34.03
GCA_003210815.1_ASM321081v1_genomic_prodigal_proteins	2087	GCA_003211255.1_ASM321125v1_genomic_prodigal_proteins	1850	720	68.84	13.76	38.92
GCA_003210815.1_ASM321081v1_genomic_prodigal_proteins	2087	GCA_002721235.1_ASM272123v1_genomic_prodigal_proteins	3119	679	52.55	12.48	32.53
GCA_003210815.1_ASM321081v1_genomic_prodigal_proteins	2087	GCA_009839305.1_ASM983930v1_genomic_prodigal_proteins	1816	554	60.59	13.07	30.51
GCA_003210815.1_ASM321081v1_genomic_prodigal_proteins	2087	GCA_011365345.1_ASM1136534v1_genomic_prodigal_proteins	2655	1213	69.98	14.22	58.12
GCA_003210815.1_ASM321081v1_genomic_prodigal_proteins	2087	GCA_001039265.1_ASM103926v1_genomic_prodigal_proteins	2832	688	67.22	13.90	32.97
GCA_003210815.1_ASM321081v1_genomic_prodigal_proteins	2087	GCA_001628325.1_ASM162832v1_genomic_prodigal_proteins	2129	1023	70.46	13.88	49.02
GCA_003210815.1_ASM321081v1_genomic_prodigal_proteins	2087	GCA_003209215.1_ASM320921v1_genomic_prodigal_proteins	1679	584	70.13	14.04	34.78
GCA_003210815.1_ASM321081v1_genomic_prodigal_proteins	2087	GCA_002737305.1_ASM273730v1_genomic_prodigal_proteins	1951	740	65.68	13.90	37.93
GCA_003210815.1_ASM321081v1_genomic_prodigal_proteins	2087	GCA_003210515.1_ASM321051v1_genomic_prodigal_proteins	1673	688	67.94	14.18	41.12
GCA_003210815.1_ASM321081v1_genomic_prodigal_proteins	2087	GCA_011525445.1_ASM1152544v1_genomic_prodigal_proteins	3208	1024	71.13	13.26	49.07
GCA_003210815.1_ASM321081v1_genomic_prodigal_proteins	2087	GCA_902599435.1_AG-916-N22_genomic_prodigal_proteins	793	312	71.98	14.09	39.34
GCA_003210815.1_ASM321081v1_genomic_prodigal_proteins	2087	GCA_003149585.1_ASM314958v1_genomic_prodigal_proteins	2600	1091	65.79	13.94	52.28
GCA_003210815.1_ASM321081v1_genomic_prodigal_proteins	2087	GCA_902560665.1_AG-905-O11_genomic_prodigal_proteins	401	160	70.15	15.25	39.90
GCA_003210815.1_ASM321081v1_genomic_prodigal_proteins	2087	GCA_003331795.1_ASM333179v1_genomic_prodigal_proteins	1948	861	65.04	14.32	44.20
GCA_003210815.1_ASM321081v1_genomic_prodigal_proteins	2087	GCA_002017955.1_ASM201795v1_genomic_prodigal_proteins	512	167	60.44	13.08	32.62
GCA_003210815.1_ASM321081v1_genomic_prodigal_proteins	2087	GCA_902584485.1_AG-912-O23_genomic_prodigal_proteins	535	188	68.62	14.38	35.14
GCA_003210815.1_ASM321081v1_genomic_prodigal_proteins	2087	GCA_902527915.1_AG-896-G19_genomic_prodigal_proteins	1003	398	68.80	14.20	39.68
GCA_003210815.1_ASM321081v1_genomic_prodigal_proteins	2087	GCA_902635365.1_AG-447-D19_genomic_prodigal_proteins	1690	568	69.46	14.60	33.61
GCA_003210815.1_ASM321081v1_genomic_prodigal_proteins	2087	GCA_900474085.1_UW86_genomic_prodigal_proteins	2403	1134	70.51	13.89	54.34
GCA_003210815.1_ASM321081v1_genomic_prodigal_proteins	2087	GCA_001885215.1_ASM188521v1_genomic_prodigal_proteins	2897	1034	64.63	13.46	49.54
GCA_003210815.1_ASM321081v1_genomic_prodigal_proteins	2087	GCA_902575935.1_AG-426-B22_genomic_prodigal_proteins	254	91	71.16	16.29	35.83
GCA_003210815.1_ASM321081v1_genomic_prodigal_proteins	2087	GCA_900474295.1_UW140_genomic_prodigal_proteins	2925	1305	71.83	13.80	62.53
GCA_003210815.1_ASM321081v1_genomic_prodigal_proteins	2087	GCA_003211565.1_ASM321156v1_genomic_prodigal_proteins	1489	529	69.40	14.76	35.53
GCA_003210815.1_ASM321081v1_genomic_prodigal_proteins	2087	GCA_003526105.1_ASM352610v1_genomic_prodigal_proteins	1581	606	70.23	14.44	38.33
GCA_003210815.1_ASM321081v1_genomic_prodigal_proteins	2087	GCA_002172935.1_ASM217293v1_genomic_prodigal_proteins	1996	940	76.19	13.03	47.09
GCA_003210815.1_ASM321081v1_genomic_prodigal_proteins	2087	GCA_003210335.1_ASM321033v1_genomic_prodigal_proteins	942	437	86.59	12.96	46.39
GCA_003210815.1_ASM321081v1_genomic_prodigal_proteins	2087	GCA_009846115.1_ASM984611v1_genomic_prodigal_proteins	2048	643	60.00	12.66	31.40
GCA_003210815.1_ASM321081v1_genomic_prodigal_proteins	2087	GCA_001693295.1_ASM169329v1_genomic_prodigal_proteins	3183	680	52.56	12.50	32.58
GCA_003210815.1_ASM321081v1_genomic_prodigal_proteins	2087	GCA_900473965.1_UW179A_genomic_prodigal_proteins	3383	1602	89.03	10.53	76.76
GCA_003210815.1_ASM321081v1_genomic_prodigal_proteins	2087	GCA_003213755.1_ASM321375v1_genomic_prodigal_proteins	1050	407	63.76	14.98	38.76
GCA_003210815.1_ASM321081v1_genomic_prodigal_proteins	2087	GCA_003209155.1_ASM320915v1_genomic_prodigal_proteins	2305	1335	97.51	5.89	63.97
GCA_003210815.1_ASM321081v1_genomic_prodigal_proteins	2087	GCA_003211515.1_ASM321151v1_genomic_prodigal_proteins	2451	865	68.10	14.46	41.45
GCA_003210815.1_ASM321081v1_genomic_prodigal_proteins	2087	GCA_002693285.1_ASM269328v1_genomic_prodigal_proteins	2440	1169	78.96	12.09	56.01
GCA_003210815.1_ASM321081v1_genomic_prodigal_proteins	2087	GCA_003210555.1_ASM321055v1_genomic_prodigal_proteins	1847	757	71.54	13.83	40.99
GCA_003210815.1_ASM321081v1_genomic_prodigal_proteins	2087	GCA_000155595.1_ASM15559v1_genomic_prodigal_proteins	5270	696	52.11	12.16	33.35
GCA_003210815.1_ASM321081v1_genomic_prodigal_proteins	2087	GCA_001007665.1_ASM100766v1_genomic_prodigal_proteins	2356	746	59.85	12.75	35.75
GCA_003210815.1_ASM321081v1_genomic_prodigal_proteins	2087	GCA_009919765.1_ASM991976v1_genomic_prodigal_proteins	2524	721	65.07	14.07	34.55
GCA_003210815.1_ASM321081v1_genomic_prodigal_proteins	2087	GCA_003331225.1_ASM333122v1_genomic_prodigal_proteins	2113	910	64.93	13.70	43.60
GCA_003210815.1_ASM321081v1_genomic_prodigal_proteins	2087	GCA_900177825.1_IMG-taxon_2708742468_annotated_assembly_genomic_prodigal_proteins	3317	668	52.71	12.44	32.01
GCA_003210815.1_ASM321081v1_genomic_prodigal_proteins	2087	GCA_000195975.1_ASM19597v1_genomic_prodigal_proteins	2719	1153	70.52	13.71	55.25
GCA_003210815.1_ASM321081v1_genomic_prodigal_proteins	2087	GCA_902618885.1_AG-920-D15_genomic_prodigal_proteins	1178	451	70.75	15.18	38.29
GCA_003210815.1_ASM321081v1_genomic_prodigal_proteins	2087	GCA_003209165.1_ASM320916v1_genomic_prodigal_proteins	2711	1002	69.96	13.99	48.01
GCA_003210815.1_ASM321081v1_genomic_prodigal_proteins	2087	GCA_001007625.1_ASM100762v1_genomic_prodigal_proteins	2478	656	59.83	13.16	31.43
GCA_003210815.1_ASM321081v1_genomic_prodigal_proteins	2087	GCA_008386235.1_ASM838623v1_genomic_prodigal_proteins	2571	637	52.60	12.11	30.52
GCA_003210815.1_ASM321081v1_genomic_prodigal_proteins	2087	GCA_001631935.1_ASM163193v1_genomic_prodigal_proteins	3526	1597	89.18	9.92	76.52
GCA_003210815.1_ASM321081v1_genomic_prodigal_proteins	2087	GCA_002151525.1_ASM215152v1_genomic_prodigal_proteins	1628	707	62.85	13.67	43.43
GCA_003210815.1_ASM321081v1_genomic_prodigal_proteins	2087	GCA_000153065.1_ASM15306v1_genomic_prodigal_proteins	2704	1158	73.34	13.13	55.49
GCA_003210815.1_ASM321081v1_genomic_prodigal_proteins	2087	GCA_009837265.1_ASM983726v1_genomic_prodigal_proteins	2126	691	59.80	12.77	33.11
GCA_003210815.1_ASM321081v1_genomic_prodigal_proteins	2087	GCA_902533725.1_AG-898-C20_genomic_prodigal_proteins	421	107	68.16	13.82	25.42
GCA_003210815.1_ASM321081v1_genomic_prodigal_proteins	2087	GCA_002171075.2_ASM217107v2_genomic_prodigal_proteins	1919	789	63.59	13.32	41.12
GCA_003210815.1_ASM321081v1_genomic_prodigal_proteins	2087	GCA_002760395.1_ASM276039v1_genomic_prodigal_proteins	2661	552	52.36	11.35	26.45
GCA_003210815.1_ASM321081v1_genomic_prodigal_proteins	2087	GCA_003209005.1_ASM320900v1_genomic_prodigal_proteins	2548	1393	93.29	9.20	66.75
GCA_003210815.1_ASM321081v1_genomic_prodigal_proteins	2087	GCA_002017915.1_ASM201791v1_genomic_prodigal_proteins	623	211	62.26	13.20	33.87
GCA_003210815.1_ASM321081v1_genomic_prodigal_proteins	2087	GCA_900047545.1_m9_genomic_prodigal_proteins	1575	559	59.93	12.68	35.49
GCA_003210815.1_ASM321081v1_genomic_prodigal_proteins	2087	GCA_001632105.1_ASM163210v1_genomic_prodigal_proteins	3521	1598	89.17	10.00	76.57
GCA_003210815.1_ASM321081v1_genomic_prodigal_proteins	2087	GCA_004212765.1_ASM421276v1_genomic_prodigal_proteins	1162	587	70.24	13.80	50.52
GCA_003210815.1_ASM321081v1_genomic_prodigal_proteins	2087	GCA_002685515.1_ASM268551v1_genomic_prodigal_proteins	1286	681	89.78	10.00	52.95
GCA_003210815.1_ASM321081v1_genomic_prodigal_proteins	2087	GCA_007828135.1_ASM782813v1_genomic_prodigal_proteins	2917	1035	64.66	13.50	49.59
GCA_003210815.1_ASM321081v1_genomic_prodigal_proteins	2087	GCA_011047875.1_ASM1104787v1_genomic_prodigal_proteins	2810	565	52.38	11.53	27.07
GCA_003210815.1_ASM321081v1_genomic_prodigal_proteins	2087	GCA_009840445.1_ASM984044v1_genomic_prodigal_proteins	2167	740	60.04	12.76	35.46
GCA_003210815.1_ASM321081v1_genomic_prodigal_proteins	2087	GCA_003210995.1_ASM321099v1_genomic_prodigal_proteins	2385	1361	97.14	8.12	65.21
GCA_003210815.1_ASM321081v1_genomic_prodigal_proteins	2087	GCA_902616995.1_AG-919-L20_genomic_prodigal_proteins	654	253	69.86	14.28	38.69
GCA_003210815.1_ASM321081v1_genomic_prodigal_proteins	2087	GCA_009845825.1_ASM984582v1_genomic_prodigal_proteins	2168	651	60.40	12.75	31.19
GCA_003210815.1_ASM321081v1_genomic_prodigal_proteins	2087	GCA_000515235.1_ASM51523v1_genomic_prodigal_proteins	2873	1202	69.50	14.14	57.59
GCA_003210815.1_ASM321081v1_genomic_prodigal_proteins	2087	GCA_003523965.1_ASM352396v1_genomic_prodigal_proteins	1735	500	60.76	12.98	28.82
GCA_003210815.1_ASM321081v1_genomic_prodigal_proteins	2087	GCA_002684175.1_ASM268417v1_genomic_prodigal_proteins	1819	710	68.84	13.43	39.03
GCA_003210815.1_ASM321081v1_genomic_prodigal_proteins	2087	GCA_011523295.1_ASM1152329v1_genomic_prodigal_proteins	2851	919	68.23	13.96	44.03
GCA_003210815.1_ASM321081v1_genomic_prodigal_proteins	2087	GCA_003211015.1_ASM321101v1_genomic_prodigal_proteins	2128	1162	93.26	9.21	55.68
GCA_003210815.1_ASM321081v1_genomic_prodigal_proteins	2087	GCA_002006815.1_ASM200681v1_genomic_prodigal_proteins	1973	857	63.43	13.59	43.44
GCA_003210775.1_ASM321077v1_genomic_prodigal_proteins	2665	GCA_002700765.1_ASM270076v1_genomic_prodigal_proteins	2134	1024	68.74	13.74	47.99
GCA_003210775.1_ASM321077v1_genomic_prodigal_proteins	2665	GCA_902599585.1_AG-916-O11_genomic_prodigal_proteins	1470	683	70.46	13.99	46.46
GCA_003210775.1_ASM321077v1_genomic_prodigal_proteins	2665	GCA_900474045.1_N19_genomic_prodigal_proteins	2484	1304	70.52	13.96	52.50
GCA_003210775.1_ASM321077v1_genomic_prodigal_proteins	2665	GCA_003210815.1_ASM321081v1_genomic_prodigal_proteins	2087	1266	89.33	11.18	60.66
GCA_003210775.1_ASM321077v1_genomic_prodigal_proteins	2665	GCA_900473955.1_GEYO_genomic_prodigal_proteins	2674	1719	90.20	9.68	64.50
GCA_003210775.1_ASM321077v1_genomic_prodigal_proteins	2665	GCA_002167425.2_ASM216742v2_genomic_prodigal_proteins	2822	1194	68.44	14.20	44.80
GCA_003210775.1_ASM321077v1_genomic_prodigal_proteins	2665	GCA_009844645.1_ASM984464v1_genomic_prodigal_proteins	1983	795	60.40	13.17	40.09
GCA_003210775.1_ASM321077v1_genomic_prodigal_proteins	2665	GCA_008081095.1_ASM808109v1_genomic_prodigal_proteins	1533	666	70.12	13.87	43.44
GCA_003210775.1_ASM321077v1_genomic_prodigal_proteins	2665	GCA_000014585.1_ASM1458v1_genomic_prodigal_proteins	2879	1493	72.55	13.13	56.02
GCA_003210775.1_ASM321077v1_genomic_prodigal_proteins	2665	GCA_000317085.1_ASM31708v1_genomic_prodigal_proteins	3673	686	51.33	12.48	25.74
GCA_003210775.1_ASM321077v1_genomic_prodigal_proteins	2665	GCA_013133755.1_ASM1313375v1_genomic_prodigal_proteins	2700	1753	90.51	9.34	65.78
GCA_003210775.1_ASM321077v1_genomic_prodigal_proteins	2665	GCA_003210475.1_ASM321047v1_genomic_prodigal_proteins	1514	922	88.34	12.57	60.90
GCA_003210775.1_ASM321077v1_genomic_prodigal_proteins	2665	GCA_003208815.1_ASM320881v1_genomic_prodigal_proteins	1352	558	68.00	15.01	41.27
GCA_003210775.1_ASM321077v1_genomic_prodigal_proteins	2665	GCA_000012505.1_ASM1250v1_genomic_prodigal_proteins	2461	1343	69.50	13.92	54.57
GCA_003210775.1_ASM321077v1_genomic_prodigal_proteins	2665	GCA_000153825.1_ASM15382v1_genomic_prodigal_proteins	2811	1493	72.32	13.72	56.02
GCA_003210775.1_ASM321077v1_genomic_prodigal_proteins	2665	GCA_002760475.1_ASM276047v1_genomic_prodigal_proteins	2647	639	52.49	11.96	24.14
GCA_003210775.1_ASM321077v1_genomic_prodigal_proteins	2665	GCA_003210565.1_ASM321056v1_genomic_prodigal_proteins	836	384	71.34	14.26	45.93
GCA_003210775.1_ASM321077v1_genomic_prodigal_proteins	2665	GCA_902618505.1_AG-892-K03_genomic_prodigal_proteins	959	326	69.43	15.29	33.99
GCA_003210775.1_ASM321077v1_genomic_prodigal_proteins	2665	GCA_005577135.1_ASM557713v1_genomic_prodigal_proteins	3356	735	53.37	12.73	27.58
GCA_003210775.1_ASM321077v1_genomic_prodigal_proteins	2665	GCA_003846445.1_ASM384644v1_genomic_prodigal_proteins	2740	839	54.96	12.98	31.48
GCA_003210775.1_ASM321077v1_genomic_prodigal_proteins	2665	GCA_000505665.1_ASM50566v1_genomic_prodigal_proteins	2466	714	53.04	12.46	28.95
GCA_003210775.1_ASM321077v1_genomic_prodigal_proteins	2665	GCA_902616255.1_AG-919-I18_genomic_prodigal_proteins	1046	480	68.29	14.32	45.89
GCA_003210775.1_ASM321077v1_genomic_prodigal_proteins	2665	GCA_001182765.1_WH8103.1_genomic_prodigal_proteins	2676	1335	70.51	13.68	50.09
GCA_003210775.1_ASM321077v1_genomic_prodigal_proteins	2665	GCA_002760375.1_ASM276037v1_genomic_prodigal_proteins	2702	642	52.42	11.98	24.09
GCA_003210775.1_ASM321077v1_genomic_prodigal_proteins	2665	GCA_902592305.1_AG-914-O22_genomic_prodigal_proteins	179	64	70.26	14.89	35.75
GCA_003210775.1_ASM321077v1_genomic_prodigal_proteins	2665	GCA_001632165.1_ASM163216v1_genomic_prodigal_proteins	2830	1762	89.89	9.93	66.12
GCA_003210775.1_ASM321077v1_genomic_prodigal_proteins	2665	GCA_004332405.1_ASM433240v1_genomic_prodigal_proteins	2437	1363	73.36	13.30	55.93
GCA_003210775.1_ASM321077v1_genomic_prodigal_proteins	2665	GCA_900473975.1_N26_genomic_prodigal_proteins	2454	1315	70.58	14.02	53.59
GCA_003210775.1_ASM321077v1_genomic_prodigal_proteins	2665	GCA_902612475.1_AG-918-G20_genomic_prodigal_proteins	502	176	68.44	14.17	35.06
GCA_003210775.1_ASM321077v1_genomic_prodigal_proteins	2665	GCA_000775285.1_ASM77528v1_genomic_prodigal_proteins	4812	666	53.14	12.97	24.99
GCA_003210775.1_ASM321077v1_genomic_prodigal_proteins	2665	GCA_002698505.1_ASM269850v1_genomic_prodigal_proteins	2471	1315	71.69	13.63	53.22
GCA_003210775.1_ASM321077v1_genomic_prodigal_proteins	2665	GCA_002252665.1_ASM225266v1_genomic_prodigal_proteins	2771	1182	66.38	13.70	44.35
GCA_003210775.1_ASM321077v1_genomic_prodigal_proteins	2665	GCA_003555505.1_ASM355550v1_genomic_prodigal_proteins	3351	543	53.57	12.71	20.38
GCA_003210775.1_ASM321077v1_genomic_prodigal_proteins	2665	GCA_900474015.1_UW106_genomic_prodigal_proteins	2762	1414	69.87	14.23	53.06
GCA_003210775.1_ASM321077v1_genomic_prodigal_proteins	2665	GCA_000715475.1_ASM71547v1_genomic_prodigal_proteins	3299	719	53.46	12.73	26.98
GCA_003210775.1_ASM321077v1_genomic_prodigal_proteins	2665	GCA_001628295.1_ASM162829v1_genomic_prodigal_proteins	2145	1177	70.70	13.85	54.87
GCA_003210775.1_ASM321077v1_genomic_prodigal_proteins	2665	GCA_003208775.1_ASM320877v1_genomic_prodigal_proteins	1808	964	71.84	13.72	53.32
GCA_003210775.1_ASM321077v1_genomic_prodigal_proteins	2665	GCA_003210975.1_ASM321097v1_genomic_prodigal_proteins	627	358	68.53	15.13	57.10
GCA_003210775.1_ASM321077v1_genomic_prodigal_proteins	2665	GCA_003208915.1_ASM320891v1_genomic_prodigal_proteins	1208	544	68.90	14.08	45.03
GCA_003210775.1_ASM321077v1_genomic_prodigal_proteins	2665	GCA_009837735.1_ASM983773v1_genomic_prodigal_proteins	2041	670	60.57	13.34	32.83
GCA_003210775.1_ASM321077v1_genomic_prodigal_proteins	2665	GCA_902548805.1_AG-901-N20_genomic_prodigal_proteins	158	63	68.53	16.56	39.87
GCA_003210775.1_ASM321077v1_genomic_prodigal_proteins	2665	GCA_003211235.1_ASM321123v1_genomic_prodigal_proteins	1698	731	69.20	14.03	43.05
GCA_003210775.1_ASM321077v1_genomic_prodigal_proteins	2665	GCA_004209775.1_ASM420977v1_genomic_prodigal_proteins	2798	1387	73.06	13.36	52.05
GCA_003210775.1_ASM321077v1_genomic_prodigal_proteins	2665	GCA_003283215.1_ASM328321v1_genomic_prodigal_proteins	239	92	78.78	18.29	38.49
GCA_003210775.1_ASM321077v1_genomic_prodigal_proteins	2665	GCA_003209555.1_ASM320955v1_genomic_prodigal_proteins	908	356	64.31	14.85	39.21
GCA_003210775.1_ASM321077v1_genomic_prodigal_proteins	2665	GCA_000153805.1_ASM15380v1_genomic_prodigal_proteins	2517	1368	69.28	14.08	54.35
GCA_003210775.1_ASM321077v1_genomic_prodigal_proteins	2665	GCA_003283205.1_ASM328320v1_genomic_prodigal_proteins	274	130	83.25	17.31	47.45
GCA_003210775.1_ASM321077v1_genomic_prodigal_proteins	2665	GCA_900473925.1_N5_genomic_prodigal_proteins	2417	1300	70.71	13.95	53.79
GCA_003210775.1_ASM321077v1_genomic_prodigal_proteins	2665	GCA_902592665.1_AG-447-E14_genomic_prodigal_proteins	1111	452	67.99	14.18	40.68
GCA_003210775.1_ASM321077v1_genomic_prodigal_proteins	2665	GCA_011523155.1_ASM1152315v1_genomic_prodigal_proteins	2101	962	70.33	13.12	45.79
GCA_003210775.1_ASM321077v1_genomic_prodigal_proteins	2665	GCA_003211275.1_ASM321127v1_genomic_prodigal_proteins	2168	1355	89.29	11.18	62.50
GCA_003210775.1_ASM321077v1_genomic_prodigal_proteins	2665	GCA_003957805.1_ASM395780v1_genomic_prodigal_proteins	2887	850	55.07	12.86	31.89
GCA_003210775.1_ASM321077v1_genomic_prodigal_proteins	2665	GCA_012270465.1_ASM1227046v1_genomic_prodigal_proteins	2311	980	63.55	14.01	42.41
GCA_003210775.1_ASM321077v1_genomic_prodigal_proteins	2665	GCA_001693255.1_ASM169325v1_genomic_prodigal_proteins	3177	737	53.44	12.72	27.65
GCA_003210775.1_ASM321077v1_genomic_prodigal_proteins	2665	GCA_003210385.1_ASM321038v1_genomic_prodigal_proteins	286	166	71.83	13.15	58.04
GCA_003210775.1_ASM321077v1_genomic_prodigal_proteins	2665	GCA_002170705.1_ASM217070v1_genomic_prodigal_proteins	1392	740	69.08	13.87	53.16
GCA_003210775.1_ASM321077v1_genomic_prodigal_proteins	2665	GCA_002356215.1_ASM235621v1_genomic_prodigal_proteins	2953	723	53.39	12.67	27.13
GCA_003210775.1_ASM321077v1_genomic_prodigal_proteins	2665	GCA_003210935.1_ASM321093v1_genomic_prodigal_proteins	1868	1178	89.69	11.00	63.06
GCA_003210775.1_ASM321077v1_genomic_prodigal_proteins	2665	GCA_003210535.1_ASM321053v1_genomic_prodigal_proteins	1257	552	68.62	13.56	43.91
GCA_003210775.1_ASM321077v1_genomic_prodigal_proteins	2665	GCA_002724845.1_ASM272484v1_genomic_prodigal_proteins	1589	882	69.77	13.60	55.51
GCA_003210775.1_ASM321077v1_genomic_prodigal_proteins	2665	GCA_000153285.1_ASM15328v1_genomic_prodigal_proteins	2746	1491	76.55	12.67	55.95
GCA_003210775.1_ASM321077v1_genomic_prodigal_proteins	2665	GCA_003211035.1_ASM321103v1_genomic_prodigal_proteins	530	236	68.43	13.45	44.53
GCA_003210775.1_ASM321077v1_genomic_prodigal_proteins	2665	GCA_001521855.1_ASM152185v1_genomic_prodigal_proteins	3144	740	53.35	12.74	27.77
GCA_003210775.1_ASM321077v1_genomic_prodigal_proteins	2665	GCA_009835965.1_ASM983596v1_genomic_prodigal_proteins	2105	836	60.72	13.02	39.71
GCA_003210775.1_ASM321077v1_genomic_prodigal_proteins	2665	GCA_012269695.1_ASM1226969v1_genomic_prodigal_proteins	2043	830	63.95	13.79	40.63
GCA_003210775.1_ASM321077v1_genomic_prodigal_proteins	2665	GCA_000737535.1_ASM73753v1_genomic_prodigal_proteins	3013	1417	69.23	14.13	53.17
GCA_003210775.1_ASM321077v1_genomic_prodigal_proteins	2665	GCA_000586015.1_SynSpo.0_genomic_prodigal_proteins	1907	662	61.13	13.67	34.71
GCA_003210775.1_ASM321077v1_genomic_prodigal_proteins	2665	GCA_002760345.1_ASM276034v1_genomic_prodigal_proteins	2731	647	52.45	11.88	24.28
GCA_003210775.1_ASM321077v1_genomic_prodigal_proteins	2665	GCA_000013225.1_ASM1322v1_genomic_prodigal_proteins	2844	645	52.51	11.97	24.20
GCA_003210775.1_ASM321077v1_genomic_prodigal_proteins	2665	GCA_000332275.1_ASM33227v1_genomic_prodigal_proteins	4564	729	51.33	12.08	27.35
GCA_003210775.1_ASM321077v1_genomic_prodigal_proteins	2665	GCA_002252675.1_ASM225267v1_genomic_prodigal_proteins	3295	1176	65.51	13.75	44.13
GCA_003210775.1_ASM321077v1_genomic_prodigal_proteins	2665	GCA_000737575.1_ASM73757v1_genomic_prodigal_proteins	2662	1389	70.11	14.03	52.18
GCA_003210775.1_ASM321077v1_genomic_prodigal_proteins	2665	GCA_902596755.1_AG-916-D19_genomic_prodigal_proteins	1152	511	68.58	14.28	44.36
GCA_003210775.1_ASM321077v1_genomic_prodigal_proteins	2665	GCA_003211455.1_ASM321145v1_genomic_prodigal_proteins	1186	509	69.09	14.52	42.92
GCA_003210775.1_ASM321077v1_genomic_prodigal_proteins	2665	GCA_003208755.1_ASM320875v1_genomic_prodigal_proteins	690	349	69.34	14.32	50.58
GCA_003210775.1_ASM321077v1_genomic_prodigal_proteins	2665	GCA_007571215.1_ASM757121v1_genomic_prodigal_proteins	1879	813	60.04	13.29	43.27
GCA_003210775.1_ASM321077v1_genomic_prodigal_proteins	2665	GCA_001007635.1_ASM100763v1_genomic_prodigal_proteins	2333	749	60.98	12.95	32.10
GCA_003210775.1_ASM321077v1_genomic_prodigal_proteins	2665	GCA_000179255.1_ASM17925v1_genomic_prodigal_proteins	2729	1244	65.58	14.04	46.68
GCA_003210775.1_ASM321077v1_genomic_prodigal_proteins	2665	GCA_003208975.1_ASM320897v1_genomic_prodigal_proteins	1804	756	69.14	14.37	41.91
GCA_003210775.1_ASM321077v1_genomic_prodigal_proteins	2665	GCA_012103655.1_ASM1210365v1_genomic_prodigal_proteins	2723	1480	72.86	13.14	55.53
GCA_003210775.1_ASM321077v1_genomic_prodigal_proteins	2665	GCA_902582045.1_AG-912-B07_genomic_prodigal_proteins	196	79	68.30	15.36	40.31
GCA_003210775.1_ASM321077v1_genomic_prodigal_proteins	2665	GCA_000153045.1_ASM15304v1_genomic_prodigal_proteins	3242	1208	65.61	13.73	45.33
GCA_003210775.1_ASM321077v1_genomic_prodigal_proteins	2665	GCA_902549675.1_AG-903-B09_genomic_prodigal_proteins	836	342	70.10	15.14	40.91
GCA_003210775.1_ASM321077v1_genomic_prodigal_proteins	2665	GCA_002018045.1_ASM201804v1_genomic_prodigal_proteins	1559	640	61.58	12.90	41.05
GCA_003210775.1_ASM321077v1_genomic_prodigal_proteins	2665	GCA_004213055.1_ASM421305v1_genomic_prodigal_proteins	2241	1240	72.33	13.76	55.33
GCA_003210775.1_ASM321077v1_genomic_prodigal_proteins	2665	GCA_007571085.1_ASM757108v1_genomic_prodigal_proteins	1784	805	59.98	13.36	45.12
GCA_003210775.1_ASM321077v1_genomic_prodigal_proteins	2665	GCA_009839805.1_ASM983980v1_genomic_prodigal_proteins	1848	578	58.36	12.72	31.28
GCA_003210775.1_ASM321077v1_genomic_prodigal_proteins	2665	GCA_003210375.1_ASM321037v1_genomic_prodigal_proteins	2155	1033	68.36	14.18	47.94
GCA_003210775.1_ASM321077v1_genomic_prodigal_proteins	2665	GCA_004332415.1_ASM433241v1_genomic_prodigal_proteins	2408	1367	73.41	13.20	56.77
GCA_003210775.1_ASM321077v1_genomic_prodigal_proteins	2665	GCA_009836025.1_ASM983602v1_genomic_prodigal_proteins	2290	838	60.34	13.29	36.59
GCA_003210775.1_ASM321077v1_genomic_prodigal_proteins	2665	GCA_009843455.1_ASM984345v1_genomic_prodigal_proteins	2423	825	60.12	13.16	34.05
GCA_003210775.1_ASM321077v1_genomic_prodigal_proteins	2665	GCA_009843485.1_ASM984348v1_genomic_prodigal_proteins	2158	832	60.65	13.09	38.55
GCA_003210775.1_ASM321077v1_genomic_prodigal_proteins	2665	GCA_003283135.1_ASM328313v1_genomic_prodigal_proteins	459	144	67.46	15.63	31.37
GCA_003210775.1_ASM321077v1_genomic_prodigal_proteins	2665	GCA_902635485.1_AG-447-G23_genomic_prodigal_proteins	327	113	64.96	15.92	34.56
GCA_003210775.1_ASM321077v1_genomic_prodigal_proteins	2665	GCA_002760415.1_ASM276041v1_genomic_prodigal_proteins	2670	642	52.47	11.92	24.09
GCA_003210775.1_ASM321077v1_genomic_prodigal_proteins	2665	GCA_002754935.1_ASM275493v1_genomic_prodigal_proteins	2664	675	53.34	12.49	25.34
GCA_003210775.1_ASM321077v1_genomic_prodigal_proteins	2665	GCA_002171685.2_ASM217168v2_genomic_prodigal_proteins	811	477	73.32	12.83	58.82
GCA_003210775.1_ASM321077v1_genomic_prodigal_proteins	2665	GCA_000737595.1_ASM73759v1_genomic_prodigal_proteins	2774	1378	69.98	14.17	51.71
GCA_003210775.1_ASM321077v1_genomic_prodigal_proteins	2665	GCA_003331785.1_ASM333178v1_genomic_prodigal_proteins	2125	1245	73.28	12.79	58.59
GCA_003210775.1_ASM321077v1_genomic_prodigal_proteins	2665	GCA_009842265.1_ASM984226v1_genomic_prodigal_proteins	2398	833	60.28	13.15	34.74
GCA_003210775.1_ASM321077v1_genomic_prodigal_proteins	2665	GCA_902579345.1_AG-911-L15_genomic_prodigal_proteins	248	98	66.42	17.31	39.52
GCA_003210775.1_ASM321077v1_genomic_prodigal_proteins	2665	GCA_000011345.1_ASM1134v1_genomic_prodigal_proteins	2520	718	53.33	12.46	28.49
GCA_003210775.1_ASM321077v1_genomic_prodigal_proteins	2665	GCA_003210705.1_ASM321070v1_genomic_prodigal_proteins	2244	1413	89.85	10.45	62.97
GCA_003210775.1_ASM321077v1_genomic_prodigal_proteins	2665	GCA_000019485.1_ASM1948v1_genomic_prodigal_proteins	3233	734	53.35	12.76	27.54
GCA_003210775.1_ASM321077v1_genomic_prodigal_proteins	2665	GCA_003283055.1_ASM328305v1_genomic_prodigal_proteins	482	113	65.42	16.33	23.44
GCA_003210775.1_ASM321077v1_genomic_prodigal_proteins	2665	GCA_000010065.1_ASM1006v1_genomic_prodigal_proteins	2691	846	55.10	12.81	31.74
GCA_003210775.1_ASM321077v1_genomic_prodigal_proteins	2665	GCA_000316685.1_ASM31668v1_genomic_prodigal_proteins	3706	743	52.95	12.38	27.88
GCA_003210775.1_ASM321077v1_genomic_prodigal_proteins	2665	GCA_000063525.1_ASM6352v1_genomic_prodigal_proteins	2540	1236	64.77	14.51	48.66
GCA_003210775.1_ASM321077v1_genomic_prodigal_proteins	2665	GCA_003283165.1_ASM328316v1_genomic_prodigal_proteins	217	40	64.70	17.14	18.43
GCA_003210775.1_ASM321077v1_genomic_prodigal_proteins	2665	GCA_902540675.1_AG-359-E22_genomic_prodigal_proteins	584	233	68.03	15.44	39.90
GCA_003210775.1_ASM321077v1_genomic_prodigal_proteins	2665	GCA_011055065.1_ASM1105506v1_genomic_prodigal_proteins	2792	623	52.32	12.14	23.38
GCA_003210775.1_ASM321077v1_genomic_prodigal_proteins	2665	GCA_000013205.1_ASM1320v1_genomic_prodigal_proteins	2750	648	52.48	11.90	24.32
GCA_003210775.1_ASM321077v1_genomic_prodigal_proteins	2665	GCA_003539795.1_ASM353979v1_genomic_prodigal_proteins	2284	1019	68.40	13.43	44.61
GCA_003210775.1_ASM321077v1_genomic_prodigal_proteins	2665	GCA_002171995.1_ASM217199v1_genomic_prodigal_proteins	1978	800	71.76	13.70	40.44
GCA_003210775.1_ASM321077v1_genomic_prodigal_proteins	2665	GCA_011523835.1_ASM1152383v1_genomic_prodigal_proteins	2468	1241	76.01	13.08	50.28
GCA_003210775.1_ASM321077v1_genomic_prodigal_proteins	2665	GCA_002172175.1_ASM217217v1_genomic_prodigal_proteins	1846	752	62.57	14.14	40.74
GCA_003210775.1_ASM321077v1_genomic_prodigal_proteins	2665	GCA_003208835.1_ASM320883v1_genomic_prodigal_proteins	2208	1013	69.35	14.16	45.88
GCA_003210775.1_ASM321077v1_genomic_prodigal_proteins	2665	GCA_902589915.1_AG-914-F20_genomic_prodigal_proteins	373	133	71.97	14.24	35.66
GCA_003210775.1_ASM321077v1_genomic_prodigal_proteins	2665	GCA_000485815.1_ASM48581v1_genomic_prodigal_proteins	3083	717	53.19	12.74	26.90
GCA_003210775.1_ASM321077v1_genomic_prodigal_proteins	2665	GCA_008807075.1_ASM880707v1_genomic_prodigal_proteins	2925	1198	65.22	13.67	44.95
GCA_003210775.1_ASM321077v1_genomic_prodigal_proteins	2665	GCA_000179235.2_ASM17923v2_genomic_prodigal_proteins	3071	1264	66.27	13.97	47.43
GCA_003210775.1_ASM321077v1_genomic_prodigal_proteins	2665	GCA_003210795.1_ASM321079v1_genomic_prodigal_proteins	2239	1058	69.61	14.35	47.25
GCA_003210775.1_ASM321077v1_genomic_prodigal_proteins	2665	GCA_002706715.1_ASM270671v1_genomic_prodigal_proteins	1148	639	69.70	14.58	55.66
GCA_003210775.1_ASM321077v1_genomic_prodigal_proteins	2665	GCA_003331245.1_ASM333124v1_genomic_prodigal_proteins	2021	1126	69.66	13.74	55.71
GCA_003210775.1_ASM321077v1_genomic_prodigal_proteins	2665	GCA_009843385.1_ASM984338v1_genomic_prodigal_proteins	2085	708	60.22	13.46	33.96
GCA_003210775.1_ASM321077v1_genomic_prodigal_proteins	2665	GCA_003211205.1_ASM321120v1_genomic_prodigal_proteins	2288	1387	90.28	9.62	60.62
GCA_003210775.1_ASM321077v1_genomic_prodigal_proteins	2665	GCA_000063505.1_ASM6350v1_genomic_prodigal_proteins	2558	1471	76.88	12.93	57.51
GCA_003210775.1_ASM321077v1_genomic_prodigal_proteins	2665	GCA_900474245.1_UW179B_genomic_prodigal_proteins	2743	1464	72.95	13.01	54.93
GCA_003210775.1_ASM321077v1_genomic_prodigal_proteins	2665	GCA_003210345.1_ASM321034v1_genomic_prodigal_proteins	1256	559	68.51	14.12	44.51
GCA_003210775.1_ASM321077v1_genomic_prodigal_proteins	2665	GCA_003210315.1_ASM321031v1_genomic_prodigal_proteins	1815	996	71.66	13.70	54.88
GCA_003210775.1_ASM321077v1_genomic_prodigal_proteins	2665	GCA_009836155.1_ASM983615v1_genomic_prodigal_proteins	1947	797	60.54	13.14	40.93
GCA_003210775.1_ASM321077v1_genomic_prodigal_proteins	2665	GCA_003990665.2_ASM399066v2_genomic_prodigal_proteins	2499	718	53.30	12.52	28.73
GCA_003210775.1_ASM321077v1_genomic_prodigal_proteins	2665	GCA_003209135.1_ASM320913v1_genomic_prodigal_proteins	1719	739	67.70	14.58	42.99
GCA_003210775.1_ASM321077v1_genomic_prodigal_proteins	2665	GCA_009845105.1_ASM984510v1_genomic_prodigal_proteins	1941	658	60.22	13.18	33.90
GCA_003210775.1_ASM321077v1_genomic_prodigal_proteins	2665	GCA_002690325.1_ASM269032v1_genomic_prodigal_proteins	2554	1288	69.43	13.76	50.43
GCA_003210775.1_ASM321077v1_genomic_prodigal_proteins	2665	GCA_000161795.2_ASM16179v2_genomic_prodigal_proteins	2407	1313	70.61	13.78	54.55
GCA_003210775.1_ASM321077v1_genomic_prodigal_proteins	2665	GCA_004211895.1_ASM421189v1_genomic_prodigal_proteins	954	504	70.47	14.07	52.83
GCA_003210775.1_ASM321077v1_genomic_prodigal_proteins	2665	GCA_003210735.1_ASM321073v1_genomic_prodigal_proteins	2337	1068	69.39	14.12	45.70
GCA_003210775.1_ASM321077v1_genomic_prodigal_proteins	2665	GCA_003209035.1_ASM320903v1_genomic_prodigal_proteins	1803	856	68.48	14.85	47.48
GCA_003210775.1_ASM321077v1_genomic_prodigal_proteins	2665	GCA_003712085.1_ASM371208v1_genomic_prodigal_proteins	2745	1342	70.26	13.81	50.36
GCA_003210775.1_ASM321077v1_genomic_prodigal_proteins	2665	GCA_003212155.1_ASM321215v1_genomic_prodigal_proteins	262	89	63.04	18.15	33.97
GCA_003210775.1_ASM321077v1_genomic_prodigal_proteins	2665	GCA_001040845.1_ASM104084v1_genomic_prodigal_proteins	2917	1503	72.70	13.05	56.40
GCA_003210775.1_ASM321077v1_genomic_prodigal_proteins	2665	GCA_002018015.1_ASM201801v1_genomic_prodigal_proteins	1578	640	61.44	13.10	40.56
GCA_003210775.1_ASM321077v1_genomic_prodigal_proteins	2665	GCA_003211255.1_ASM321125v1_genomic_prodigal_proteins	1850	817	68.97	14.36	44.16
GCA_003210775.1_ASM321077v1_genomic_prodigal_proteins	2665	GCA_002721235.1_ASM272123v1_genomic_prodigal_proteins	3119	732	53.40	12.67	27.47
GCA_003210775.1_ASM321077v1_genomic_prodigal_proteins	2665	GCA_009839305.1_ASM983930v1_genomic_prodigal_proteins	1816	616	61.07	13.38	33.92
GCA_003210775.1_ASM321077v1_genomic_prodigal_proteins	2665	GCA_011365345.1_ASM1136534v1_genomic_prodigal_proteins	2655	1390	70.14	14.06	52.35
GCA_003210775.1_ASM321077v1_genomic_prodigal_proteins	2665	GCA_001039265.1_ASM103926v1_genomic_prodigal_proteins	2832	830	67.18	14.24	31.14
GCA_003210775.1_ASM321077v1_genomic_prodigal_proteins	2665	GCA_001628325.1_ASM162832v1_genomic_prodigal_proteins	2129	1172	70.53	13.84	55.05
GCA_003210775.1_ASM321077v1_genomic_prodigal_proteins	2665	GCA_003209215.1_ASM320921v1_genomic_prodigal_proteins	1679	677	69.48	13.95	40.32
GCA_003210775.1_ASM321077v1_genomic_prodigal_proteins	2665	GCA_002737305.1_ASM273730v1_genomic_prodigal_proteins	1951	882	65.70	14.04	45.21
GCA_003210775.1_ASM321077v1_genomic_prodigal_proteins	2665	GCA_003210515.1_ASM321051v1_genomic_prodigal_proteins	1673	802	68.53	14.10	47.94
GCA_003210775.1_ASM321077v1_genomic_prodigal_proteins	2665	GCA_011525445.1_ASM1152544v1_genomic_prodigal_proteins	3208	1198	71.34	13.21	44.95
GCA_003210775.1_ASM321077v1_genomic_prodigal_proteins	2665	GCA_902599435.1_AG-916-N22_genomic_prodigal_proteins	793	328	70.62	14.46	41.36
GCA_003210775.1_ASM321077v1_genomic_prodigal_proteins	2665	GCA_003149585.1_ASM314958v1_genomic_prodigal_proteins	2600	1253	65.68	14.07	48.19
GCA_003210775.1_ASM321077v1_genomic_prodigal_proteins	2665	GCA_902560665.1_AG-905-O11_genomic_prodigal_proteins	401	185	70.22	15.93	46.13
GCA_003210775.1_ASM321077v1_genomic_prodigal_proteins	2665	GCA_003331795.1_ASM333179v1_genomic_prodigal_proteins	1948	958	64.27	14.74	49.18
GCA_003210775.1_ASM321077v1_genomic_prodigal_proteins	2665	GCA_002017955.1_ASM201795v1_genomic_prodigal_proteins	512	191	60.73	13.65	37.30
GCA_003210775.1_ASM321077v1_genomic_prodigal_proteins	2665	GCA_902584485.1_AG-912-O23_genomic_prodigal_proteins	535	216	68.20	15.57	40.37
GCA_003210775.1_ASM321077v1_genomic_prodigal_proteins	2665	GCA_902527915.1_AG-896-G19_genomic_prodigal_proteins	1003	499	69.83	14.46	49.75
GCA_003210775.1_ASM321077v1_genomic_prodigal_proteins	2665	GCA_902635365.1_AG-447-D19_genomic_prodigal_proteins	1690	728	68.21	14.72	43.08
GCA_003210775.1_ASM321077v1_genomic_prodigal_proteins	2665	GCA_900474085.1_UW86_genomic_prodigal_proteins	2403	1314	70.61	13.88	54.68
GCA_003210775.1_ASM321077v1_genomic_prodigal_proteins	2665	GCA_001885215.1_ASM188521v1_genomic_prodigal_proteins	2897	1158	65.02	13.61	43.45
GCA_003210775.1_ASM321077v1_genomic_prodigal_proteins	2665	GCA_902575935.1_AG-426-B22_genomic_prodigal_proteins	254	115	69.55	15.03	45.28
GCA_003210775.1_ASM321077v1_genomic_prodigal_proteins	2665	GCA_900474295.1_UW140_genomic_prodigal_proteins	2925	1509	72.01	13.72	56.62
GCA_003210775.1_ASM321077v1_genomic_prodigal_proteins	2665	GCA_003211565.1_ASM321156v1_genomic_prodigal_proteins	1489	607	68.67	14.46	40.77
GCA_003210775.1_ASM321077v1_genomic_prodigal_proteins	2665	GCA_003526105.1_ASM352610v1_genomic_prodigal_proteins	1581	701	70.48	14.22	44.34
GCA_003210775.1_ASM321077v1_genomic_prodigal_proteins	2665	GCA_002172935.1_ASM217293v1_genomic_prodigal_proteins	1996	1094	76.00	12.36	54.81
GCA_003210775.1_ASM321077v1_genomic_prodigal_proteins	2665	GCA_003210335.1_ASM321033v1_genomic_prodigal_proteins	942	502	88.89	13.19	53.29
GCA_003210775.1_ASM321077v1_genomic_prodigal_proteins	2665	GCA_009846115.1_ASM984611v1_genomic_prodigal_proteins	2048	743	60.46	13.11	36.28
GCA_003210775.1_ASM321077v1_genomic_prodigal_proteins	2665	GCA_001693295.1_ASM169329v1_genomic_prodigal_proteins	3183	734	53.34	12.77	27.54
GCA_003210775.1_ASM321077v1_genomic_prodigal_proteins	2665	GCA_900473965.1_UW179A_genomic_prodigal_proteins	3383	1871	88.93	10.02	70.21
GCA_003210775.1_ASM321077v1_genomic_prodigal_proteins	2665	GCA_003213755.1_ASM321375v1_genomic_prodigal_proteins	1050	467	64.76	15.26	44.48
GCA_003210775.1_ASM321077v1_genomic_prodigal_proteins	2665	GCA_003209155.1_ASM320915v1_genomic_prodigal_proteins	2305	1473	90.13	9.85	63.90
GCA_003210775.1_ASM321077v1_genomic_prodigal_proteins	2665	GCA_003211515.1_ASM321151v1_genomic_prodigal_proteins	2451	975	67.68	15.33	39.78
GCA_003210775.1_ASM321077v1_genomic_prodigal_proteins	2665	GCA_002693285.1_ASM269328v1_genomic_prodigal_proteins	2440	1340	78.64	12.10	54.92
GCA_003210775.1_ASM321077v1_genomic_prodigal_proteins	2665	GCA_003210555.1_ASM321055v1_genomic_prodigal_proteins	1847	888	71.57	13.46	48.08
GCA_003210775.1_ASM321077v1_genomic_prodigal_proteins	2665	GCA_000155595.1_ASM15559v1_genomic_prodigal_proteins	5270	798	52.37	12.66	29.94
GCA_003210775.1_ASM321077v1_genomic_prodigal_proteins	2665	GCA_001007665.1_ASM100766v1_genomic_prodigal_proteins	2356	849	60.30	13.12	36.04
GCA_003210775.1_ASM321077v1_genomic_prodigal_proteins	2665	GCA_009919765.1_ASM991976v1_genomic_prodigal_proteins	2524	829	64.27	14.30	32.84
GCA_003210775.1_ASM321077v1_genomic_prodigal_proteins	2665	GCA_003331225.1_ASM333122v1_genomic_prodigal_proteins	2113	1033	64.71	14.08	48.89
GCA_003210775.1_ASM321077v1_genomic_prodigal_proteins	2665	GCA_900177825.1_IMG-taxon_2708742468_annotated_assembly_genomic_prodigal_proteins	3317	725	53.32	12.79	27.20
GCA_003210775.1_ASM321077v1_genomic_prodigal_proteins	2665	GCA_000195975.1_ASM19597v1_genomic_prodigal_proteins	2719	1332	70.65	13.64	49.98
GCA_003210775.1_ASM321077v1_genomic_prodigal_proteins	2665	GCA_902618885.1_AG-920-D15_genomic_prodigal_proteins	1178	527	70.17	14.32	44.74
GCA_003210775.1_ASM321077v1_genomic_prodigal_proteins	2665	GCA_003209165.1_ASM320916v1_genomic_prodigal_proteins	2711	1185	69.56	14.20	44.47
GCA_003210775.1_ASM321077v1_genomic_prodigal_proteins	2665	GCA_001007625.1_ASM100762v1_genomic_prodigal_proteins	2478	754	60.46	13.35	30.43
GCA_003210775.1_ASM321077v1_genomic_prodigal_proteins	2665	GCA_008386235.1_ASM838623v1_genomic_prodigal_proteins	2571	726	53.15	12.64	28.24
GCA_003210775.1_ASM321077v1_genomic_prodigal_proteins	2665	GCA_001631935.1_ASM163193v1_genomic_prodigal_proteins	3526	1849	88.94	9.75	69.38
GCA_003210775.1_ASM321077v1_genomic_prodigal_proteins	2665	GCA_002151525.1_ASM215152v1_genomic_prodigal_proteins	1628	840	63.09	14.48	51.60
GCA_003210775.1_ASM321077v1_genomic_prodigal_proteins	2665	GCA_000153065.1_ASM15306v1_genomic_prodigal_proteins	2704	1373	73.06	13.22	51.52
GCA_003210775.1_ASM321077v1_genomic_prodigal_proteins	2665	GCA_009837265.1_ASM983726v1_genomic_prodigal_proteins	2126	787	60.51	12.98	37.02
GCA_003210775.1_ASM321077v1_genomic_prodigal_proteins	2665	GCA_902533725.1_AG-898-C20_genomic_prodigal_proteins	421	134	69.39	13.98	31.83
GCA_003210775.1_ASM321077v1_genomic_prodigal_proteins	2665	GCA_002171075.2_ASM217107v2_genomic_prodigal_proteins	1919	881	63.07	13.88	45.91
GCA_003210775.1_ASM321077v1_genomic_prodigal_proteins	2665	GCA_002760395.1_ASM276039v1_genomic_prodigal_proteins	2661	636	52.49	11.98	23.90
GCA_003210775.1_ASM321077v1_genomic_prodigal_proteins	2665	GCA_003209005.1_ASM320900v1_genomic_prodigal_proteins	2548	1595	90.18	10.07	62.60
GCA_003210775.1_ASM321077v1_genomic_prodigal_proteins	2665	GCA_002017915.1_ASM201791v1_genomic_prodigal_proteins	623	244	62.79	13.84	39.17
GCA_003210775.1_ASM321077v1_genomic_prodigal_proteins	2665	GCA_900047545.1_m9_genomic_prodigal_proteins	1575	661	60.30	13.22	41.97
GCA_003210775.1_ASM321077v1_genomic_prodigal_proteins	2665	GCA_001632105.1_ASM163210v1_genomic_prodigal_proteins	3521	1870	88.82	9.94	70.17
GCA_003210775.1_ASM321077v1_genomic_prodigal_proteins	2665	GCA_004212765.1_ASM421276v1_genomic_prodigal_proteins	1162	621	69.41	13.92	53.44
GCA_003210775.1_ASM321077v1_genomic_prodigal_proteins	2665	GCA_002685515.1_ASM268551v1_genomic_prodigal_proteins	1286	808	93.19	8.63	62.83
GCA_003210775.1_ASM321077v1_genomic_prodigal_proteins	2665	GCA_007828135.1_ASM782813v1_genomic_prodigal_proteins	2917	1160	65.04	13.64	43.53
GCA_003210775.1_ASM321077v1_genomic_prodigal_proteins	2665	GCA_011047875.1_ASM1104787v1_genomic_prodigal_proteins	2810	641	52.28	12.02	24.05
GCA_003210775.1_ASM321077v1_genomic_prodigal_proteins	2665	GCA_009840445.1_ASM984044v1_genomic_prodigal_proteins	2167	856	60.52	13.07	39.50
GCA_003210775.1_ASM321077v1_genomic_prodigal_proteins	2665	GCA_003210995.1_ASM321099v1_genomic_prodigal_proteins	2385	1447	89.55	10.74	60.67
GCA_003210775.1_ASM321077v1_genomic_prodigal_proteins	2665	GCA_902616995.1_AG-919-L20_genomic_prodigal_proteins	654	279	69.88	14.58	42.66
GCA_003210775.1_ASM321077v1_genomic_prodigal_proteins	2665	GCA_009845825.1_ASM984582v1_genomic_prodigal_proteins	2168	737	60.53	13.06	33.99
GCA_003210775.1_ASM321077v1_genomic_prodigal_proteins	2665	GCA_000515235.1_ASM51523v1_genomic_prodigal_proteins	2873	1413	69.31	14.30	53.02
GCA_003210775.1_ASM321077v1_genomic_prodigal_proteins	2665	GCA_003523965.1_ASM352396v1_genomic_prodigal_proteins	1735	550	61.67	13.41	31.70
GCA_003210775.1_ASM321077v1_genomic_prodigal_proteins	2665	GCA_002684175.1_ASM268417v1_genomic_prodigal_proteins	1819	799	68.29	13.58	43.93
GCA_003210775.1_ASM321077v1_genomic_prodigal_proteins	2665	GCA_011523295.1_ASM1152329v1_genomic_prodigal_proteins	2851	1054	68.35	13.87	39.55
GCA_003210775.1_ASM321077v1_genomic_prodigal_proteins	2665	GCA_003211015.1_ASM321101v1_genomic_prodigal_proteins	2128	1390	89.89	10.75	65.32
GCA_003210775.1_ASM321077v1_genomic_prodigal_proteins	2665	GCA_002006815.1_ASM200681v1_genomic_prodigal_proteins	1973	1011	63.27	14.22	51.24
GCA_002760445.1_ASM276044v1_genomic_prodigal_proteins	2661	GCA_900474185.1_UW69_genomic_prodigal_proteins	2629	905	53.11	11.96	34.42
GCA_002760445.1_ASM276044v1_genomic_prodigal_proteins	2661	GCA_003210775.1_ASM321077v1_genomic_prodigal_proteins	2665	643	52.54	12.12	24.16
GCA_002760445.1_ASM276044v1_genomic_prodigal_proteins	2661	GCA_002700765.1_ASM270076v1_genomic_prodigal_proteins	2134	691	52.40	11.68	32.38
GCA_002760445.1_ASM276044v1_genomic_prodigal_proteins	2661	GCA_902599585.1_AG-916-O11_genomic_prodigal_proteins	1470	468	53.60	12.13	31.84
GCA_002760445.1_ASM276044v1_genomic_prodigal_proteins	2661	GCA_900474045.1_N19_genomic_prodigal_proteins	2484	902	53.12	11.78	36.31
GCA_002760445.1_ASM276044v1_genomic_prodigal_proteins	2661	GCA_003210815.1_ASM321081v1_genomic_prodigal_proteins	2087	557	52.50	11.57	26.69
GCA_002760445.1_ASM276044v1_genomic_prodigal_proteins	2661	GCA_900473955.1_GEYO_genomic_prodigal_proteins	2674	897	52.73	11.90	33.71
GCA_002760445.1_ASM276044v1_genomic_prodigal_proteins	2661	GCA_002167425.2_ASM216742v2_genomic_prodigal_proteins	2822	767	52.61	11.51	28.82
GCA_002760445.1_ASM276044v1_genomic_prodigal_proteins	2661	GCA_009844645.1_ASM984464v1_genomic_prodigal_proteins	1983	778	53.16	11.52	39.23
GCA_002760445.1_ASM276044v1_genomic_prodigal_proteins	2661	GCA_008081095.1_ASM808109v1_genomic_prodigal_proteins	1533	492	53.02	11.46	32.09
GCA_002760445.1_ASM276044v1_genomic_prodigal_proteins	2661	GCA_000014585.1_ASM1458v1_genomic_prodigal_proteins	2879	920	52.83	11.97	34.57
GCA_002760445.1_ASM276044v1_genomic_prodigal_proteins	2661	GCA_000317085.1_ASM31708v1_genomic_prodigal_proteins	3673	1236	56.50	12.47	46.45
GCA_002760445.1_ASM276044v1_genomic_prodigal_proteins	2661	GCA_013133755.1_ASM1313375v1_genomic_prodigal_proteins	2700	903	52.71	12.04	33.93
GCA_002760445.1_ASM276044v1_genomic_prodigal_proteins	2661	GCA_003210475.1_ASM321047v1_genomic_prodigal_proteins	1514	467	52.26	11.31	30.85
GCA_002760445.1_ASM276044v1_genomic_prodigal_proteins	2661	GCA_003208815.1_ASM320881v1_genomic_prodigal_proteins	1352	372	51.43	11.71	27.51
GCA_002760445.1_ASM276044v1_genomic_prodigal_proteins	2661	GCA_000012505.1_ASM1250v1_genomic_prodigal_proteins	2461	895	52.83	11.92	36.37
GCA_002760445.1_ASM276044v1_genomic_prodigal_proteins	2661	GCA_000153825.1_ASM15382v1_genomic_prodigal_proteins	2811	934	52.88	12.19	35.10
GCA_002760445.1_ASM276044v1_genomic_prodigal_proteins	2661	GCA_002760475.1_ASM276047v1_genomic_prodigal_proteins	2647	2433	99.37	2.74	91.92
GCA_002760445.1_ASM276044v1_genomic_prodigal_proteins	2661	GCA_003210565.1_ASM321056v1_genomic_prodigal_proteins	836	232	52.66	12.52	27.75
GCA_002760445.1_ASM276044v1_genomic_prodigal_proteins	2661	GCA_902618505.1_AG-892-K03_genomic_prodigal_proteins	959	210	54.70	12.89	21.90
GCA_002760445.1_ASM276044v1_genomic_prodigal_proteins	2661	GCA_005577135.1_ASM557713v1_genomic_prodigal_proteins	3356	1239	56.55	12.33	46.56
GCA_002760445.1_ASM276044v1_genomic_prodigal_proteins	2661	GCA_003846445.1_ASM384644v1_genomic_prodigal_proteins	2740	1182	57.77	12.09	44.42
GCA_002760445.1_ASM276044v1_genomic_prodigal_proteins	2661	GCA_000505665.1_ASM50566v1_genomic_prodigal_proteins	2466	1236	58.54	12.62	50.12
GCA_002760445.1_ASM276044v1_genomic_prodigal_proteins	2661	GCA_902616255.1_AG-919-I18_genomic_prodigal_proteins	1046	299	52.65	12.28	28.59
GCA_002760445.1_ASM276044v1_genomic_prodigal_proteins	2661	GCA_001182765.1_WH8103.1_genomic_prodigal_proteins	2676	916	52.91	11.97	34.42
GCA_002760445.1_ASM276044v1_genomic_prodigal_proteins	2661	GCA_002760375.1_ASM276037v1_genomic_prodigal_proteins	2702	2534	99.98	0.20	95.23
GCA_002760445.1_ASM276044v1_genomic_prodigal_proteins	2661	GCA_902592305.1_AG-914-O22_genomic_prodigal_proteins	179	50	53.57	12.34	27.93
GCA_002760445.1_ASM276044v1_genomic_prodigal_proteins	2661	GCA_001632165.1_ASM163216v1_genomic_prodigal_proteins	2830	910	52.74	11.97	34.20
GCA_002760445.1_ASM276044v1_genomic_prodigal_proteins	2661	GCA_004332405.1_ASM433240v1_genomic_prodigal_proteins	2437	920	53.25	12.11	37.75
GCA_002760445.1_ASM276044v1_genomic_prodigal_proteins	2661	GCA_900473975.1_N26_genomic_prodigal_proteins	2454	907	53.16	11.86	36.96
GCA_002760445.1_ASM276044v1_genomic_prodigal_proteins	2661	GCA_902612475.1_AG-918-G20_genomic_prodigal_proteins	502	107	50.33	11.22	21.31
GCA_002760445.1_ASM276044v1_genomic_prodigal_proteins	2661	GCA_000775285.1_ASM77528v1_genomic_prodigal_proteins	4812	1124	58.78	12.33	42.24
GCA_002760445.1_ASM276044v1_genomic_prodigal_proteins	2661	GCA_002698505.1_ASM269850v1_genomic_prodigal_proteins	2471	838	52.72	11.86	33.91
GCA_002760445.1_ASM276044v1_genomic_prodigal_proteins	2661	GCA_002252665.1_ASM225266v1_genomic_prodigal_proteins	2771	961	53.83	11.84	36.11
GCA_002760445.1_ASM276044v1_genomic_prodigal_proteins	2661	GCA_003555505.1_ASM355550v1_genomic_prodigal_proteins	3351	936	58.89	13.25	35.17
GCA_002760445.1_ASM276044v1_genomic_prodigal_proteins	2661	GCA_900474015.1_UW106_genomic_prodigal_proteins	2762	906	53.13	11.92	34.05
GCA_002760445.1_ASM276044v1_genomic_prodigal_proteins	2661	GCA_000715475.1_ASM71547v1_genomic_prodigal_proteins	3299	1225	56.53	12.36	46.04
GCA_002760445.1_ASM276044v1_genomic_prodigal_proteins	2661	GCA_001628295.1_ASM162829v1_genomic_prodigal_proteins	2145	837	53.08	11.60	39.02
GCA_002760445.1_ASM276044v1_genomic_prodigal_proteins	2661	GCA_003208775.1_ASM320877v1_genomic_prodigal_proteins	1808	548	52.82	12.47	30.31
GCA_002760445.1_ASM276044v1_genomic_prodigal_proteins	2661	GCA_003210975.1_ASM321097v1_genomic_prodigal_proteins	627	229	53.42	12.15	36.52
GCA_002760445.1_ASM276044v1_genomic_prodigal_proteins	2661	GCA_003208915.1_ASM320891v1_genomic_prodigal_proteins	1208	323	52.41	11.67	26.74
GCA_002760445.1_ASM276044v1_genomic_prodigal_proteins	2661	GCA_009837735.1_ASM983773v1_genomic_prodigal_proteins	2041	675	53.29	11.76	33.07
GCA_002760445.1_ASM276044v1_genomic_prodigal_proteins	2661	GCA_902548805.1_AG-901-N20_genomic_prodigal_proteins	158	35	54.85	12.77	22.15
GCA_002760445.1_ASM276044v1_genomic_prodigal_proteins	2661	GCA_003211235.1_ASM321123v1_genomic_prodigal_proteins	1698	493	52.44	12.05	29.03
GCA_002760445.1_ASM276044v1_genomic_prodigal_proteins	2661	GCA_004209775.1_ASM420977v1_genomic_prodigal_proteins	2798	949	53.38	12.12	35.66
GCA_002760445.1_ASM276044v1_genomic_prodigal_proteins	2661	GCA_003283215.1_ASM328321v1_genomic_prodigal_proteins	239	29	54.55	12.13	12.13
GCA_002760445.1_ASM276044v1_genomic_prodigal_proteins	2661	GCA_003209555.1_ASM320955v1_genomic_prodigal_proteins	908	219	52.42	12.45	24.12
GCA_002760445.1_ASM276044v1_genomic_prodigal_proteins	2661	GCA_000153805.1_ASM15380v1_genomic_prodigal_proteins	2517	898	52.77	12.00	35.68
GCA_002760445.1_ASM276044v1_genomic_prodigal_proteins	2661	GCA_003283205.1_ASM328320v1_genomic_prodigal_proteins	274	35	56.67	13.95	12.77
GCA_002760445.1_ASM276044v1_genomic_prodigal_proteins	2661	GCA_900473925.1_N5_genomic_prodigal_proteins	2417	896	53.27	11.86	37.07
GCA_002760445.1_ASM276044v1_genomic_prodigal_proteins	2661	GCA_902592665.1_AG-447-E14_genomic_prodigal_proteins	1111	231	52.51	12.08	20.79
GCA_002760445.1_ASM276044v1_genomic_prodigal_proteins	2661	GCA_011523155.1_ASM1152315v1_genomic_prodigal_proteins	2101	609	51.30	11.01	28.99
GCA_002760445.1_ASM276044v1_genomic_prodigal_proteins	2661	GCA_003211275.1_ASM321127v1_genomic_prodigal_proteins	2168	588	52.15	11.75	27.12
GCA_002760445.1_ASM276044v1_genomic_prodigal_proteins	2661	GCA_003957805.1_ASM395780v1_genomic_prodigal_proteins	2887	1215	57.56	12.08	45.66
GCA_002760445.1_ASM276044v1_genomic_prodigal_proteins	2661	GCA_012270465.1_ASM1227046v1_genomic_prodigal_proteins	2311	743	52.18	11.45	32.15
GCA_002760445.1_ASM276044v1_genomic_prodigal_proteins	2661	GCA_001693255.1_ASM169325v1_genomic_prodigal_proteins	3177	1245	56.46	12.36	46.79
GCA_002760445.1_ASM276044v1_genomic_prodigal_proteins	2661	GCA_003210385.1_ASM321038v1_genomic_prodigal_proteins	286	105	53.15	13.29	36.71
GCA_002760445.1_ASM276044v1_genomic_prodigal_proteins	2661	GCA_002170705.1_ASM217070v1_genomic_prodigal_proteins	1392	501	52.68	11.28	35.99
GCA_002760445.1_ASM276044v1_genomic_prodigal_proteins	2661	GCA_002356215.1_ASM235621v1_genomic_prodigal_proteins	2953	1224	56.61	12.32	46.00
GCA_002760445.1_ASM276044v1_genomic_prodigal_proteins	2661	GCA_003210935.1_ASM321093v1_genomic_prodigal_proteins	1868	608	53.10	11.95	32.55
GCA_002760445.1_ASM276044v1_genomic_prodigal_proteins	2661	GCA_003210535.1_ASM321053v1_genomic_prodigal_proteins	1257	353	51.51	12.13	28.08
GCA_002760445.1_ASM276044v1_genomic_prodigal_proteins	2661	GCA_002724845.1_ASM272484v1_genomic_prodigal_proteins	1589	668	52.60	11.64	42.04
GCA_002760445.1_ASM276044v1_genomic_prodigal_proteins	2661	GCA_000153285.1_ASM15328v1_genomic_prodigal_proteins	2746	926	52.93	12.22	34.80
GCA_002760445.1_ASM276044v1_genomic_prodigal_proteins	2661	GCA_003211035.1_ASM321103v1_genomic_prodigal_proteins	530	160	51.83	11.35	30.19
GCA_002760445.1_ASM276044v1_genomic_prodigal_proteins	2661	GCA_001521855.1_ASM152185v1_genomic_prodigal_proteins	3144	1244	56.57	12.32	46.75
GCA_002760445.1_ASM276044v1_genomic_prodigal_proteins	2661	GCA_009835965.1_ASM983596v1_genomic_prodigal_proteins	2105	818	53.34	11.66	38.86
GCA_002760445.1_ASM276044v1_genomic_prodigal_proteins	2661	GCA_012269695.1_ASM1226969v1_genomic_prodigal_proteins	2043	637	52.51	11.50	31.18
GCA_002760445.1_ASM276044v1_genomic_prodigal_proteins	2661	GCA_000737535.1_ASM73753v1_genomic_prodigal_proteins	3013	917	53.04	11.98	34.46
GCA_002760445.1_ASM276044v1_genomic_prodigal_proteins	2661	GCA_000586015.1_SynSpo.0_genomic_prodigal_proteins	1907	664	53.58	11.93	34.82
GCA_002760445.1_ASM276044v1_genomic_prodigal_proteins	2661	GCA_002760345.1_ASM276034v1_genomic_prodigal_proteins	2731	2375	98.58	4.21	89.25
GCA_002760445.1_ASM276044v1_genomic_prodigal_proteins	2661	GCA_000013225.1_ASM1322v1_genomic_prodigal_proteins	2844	2230	87.49	8.27	83.80
GCA_002760445.1_ASM276044v1_genomic_prodigal_proteins	2661	GCA_000332275.1_ASM33227v1_genomic_prodigal_proteins	4564	1465	60.62	12.51	55.05
GCA_002760445.1_ASM276044v1_genomic_prodigal_proteins	2661	GCA_002252675.1_ASM225267v1_genomic_prodigal_proteins	3295	988	53.55	12.08	37.13
GCA_002760445.1_ASM276044v1_genomic_prodigal_proteins	2661	GCA_000737575.1_ASM73757v1_genomic_prodigal_proteins	2662	914	53.37	11.95	34.35
GCA_002760445.1_ASM276044v1_genomic_prodigal_proteins	2661	GCA_902596755.1_AG-916-D19_genomic_prodigal_proteins	1152	330	52.95	11.73	28.65
GCA_002760445.1_ASM276044v1_genomic_prodigal_proteins	2661	GCA_003211455.1_ASM321145v1_genomic_prodigal_proteins	1186	298	52.48	12.02	25.13
GCA_002760445.1_ASM276044v1_genomic_prodigal_proteins	2661	GCA_003208755.1_ASM320875v1_genomic_prodigal_proteins	690	187	53.51	12.07	27.10
GCA_002760445.1_ASM276044v1_genomic_prodigal_proteins	2661	GCA_007571215.1_ASM757121v1_genomic_prodigal_proteins	1879	811	53.07	11.68	43.16
GCA_002760445.1_ASM276044v1_genomic_prodigal_proteins	2661	GCA_001007635.1_ASM100763v1_genomic_prodigal_proteins	2333	770	53.07	11.63	33.00
GCA_002760445.1_ASM276044v1_genomic_prodigal_proteins	2661	GCA_000179255.1_ASM17925v1_genomic_prodigal_proteins	2729	943	53.51	11.77	35.44
GCA_002760445.1_ASM276044v1_genomic_prodigal_proteins	2661	GCA_003208975.1_ASM320897v1_genomic_prodigal_proteins	1804	474	52.34	11.72	26.27
GCA_002760445.1_ASM276044v1_genomic_prodigal_proteins	2661	GCA_012103655.1_ASM1210365v1_genomic_prodigal_proteins	2723	917	52.58	11.98	34.46
GCA_002760445.1_ASM276044v1_genomic_prodigal_proteins	2661	GCA_902582045.1_AG-912-B07_genomic_prodigal_proteins	196	25	51.35	12.83	12.76
GCA_002760445.1_ASM276044v1_genomic_prodigal_proteins	2661	GCA_000153045.1_ASM15304v1_genomic_prodigal_proteins	3242	991	53.58	11.97	37.24
GCA_002760445.1_ASM276044v1_genomic_prodigal_proteins	2661	GCA_902549675.1_AG-903-B09_genomic_prodigal_proteins	836	223	53.78	12.80	26.67
GCA_002760445.1_ASM276044v1_genomic_prodigal_proteins	2661	GCA_002018045.1_ASM201804v1_genomic_prodigal_proteins	1559	660	53.89	11.54	42.33
GCA_002760445.1_ASM276044v1_genomic_prodigal_proteins	2661	GCA_004213055.1_ASM421305v1_genomic_prodigal_proteins	2241	826	52.85	11.72	36.86
GCA_002760445.1_ASM276044v1_genomic_prodigal_proteins	2661	GCA_007571085.1_ASM757108v1_genomic_prodigal_proteins	1784	791	53.09	11.71	44.34
GCA_002760445.1_ASM276044v1_genomic_prodigal_proteins	2661	GCA_009839805.1_ASM983980v1_genomic_prodigal_proteins	1848	535	51.90	11.14	28.95
GCA_002760445.1_ASM276044v1_genomic_prodigal_proteins	2661	GCA_003210375.1_ASM321037v1_genomic_prodigal_proteins	2155	658	52.37	12.00	30.53
GCA_002760445.1_ASM276044v1_genomic_prodigal_proteins	2661	GCA_004332415.1_ASM433241v1_genomic_prodigal_proteins	2408	928	53.19	11.95	38.54
GCA_002760445.1_ASM276044v1_genomic_prodigal_proteins	2661	GCA_009836025.1_ASM983602v1_genomic_prodigal_proteins	2290	830	53.14	11.61	36.24
GCA_002760445.1_ASM276044v1_genomic_prodigal_proteins	2661	GCA_009843455.1_ASM984345v1_genomic_prodigal_proteins	2423	820	52.98	11.46	33.84
GCA_002760445.1_ASM276044v1_genomic_prodigal_proteins	2661	GCA_009843485.1_ASM984348v1_genomic_prodigal_proteins	2158	819	53.35	11.59	37.95
GCA_002760445.1_ASM276044v1_genomic_prodigal_proteins	2661	GCA_003283135.1_ASM328313v1_genomic_prodigal_proteins	459	76	52.64	12.91	16.56
GCA_002760445.1_ASM276044v1_genomic_prodigal_proteins	2661	GCA_902635485.1_AG-447-G23_genomic_prodigal_proteins	327	56	51.96	13.79	17.13
GCA_002760445.1_ASM276044v1_genomic_prodigal_proteins	2661	GCA_002760415.1_ASM276041v1_genomic_prodigal_proteins	2670	2451	99.31	2.93	92.11
GCA_002760445.1_ASM276044v1_genomic_prodigal_proteins	2661	GCA_002754935.1_ASM275493v1_genomic_prodigal_proteins	2664	1204	58.37	12.55	45.25
GCA_002760445.1_ASM276044v1_genomic_prodigal_proteins	2661	GCA_002171685.2_ASM217168v2_genomic_prodigal_proteins	811	372	53.35	11.53	45.87
GCA_002760445.1_ASM276044v1_genomic_prodigal_proteins	2661	GCA_000737595.1_ASM73759v1_genomic_prodigal_proteins	2774	916	53.23	11.92	34.42
GCA_002760445.1_ASM276044v1_genomic_prodigal_proteins	2661	GCA_003331785.1_ASM333178v1_genomic_prodigal_proteins	2125	843	52.86	11.72	39.67
GCA_002760445.1_ASM276044v1_genomic_prodigal_proteins	2661	GCA_009842265.1_ASM984226v1_genomic_prodigal_proteins	2398	816	53.27	11.56	34.03
GCA_002760445.1_ASM276044v1_genomic_prodigal_proteins	2661	GCA_902579345.1_AG-911-L15_genomic_prodigal_proteins	248	39	53.74	15.07	15.73
GCA_002760445.1_ASM276044v1_genomic_prodigal_proteins	2661	GCA_000011345.1_ASM1134v1_genomic_prodigal_proteins	2520	1259	58.49	12.73	49.96
GCA_002760445.1_ASM276044v1_genomic_prodigal_proteins	2661	GCA_003210705.1_ASM321070v1_genomic_prodigal_proteins	2244	634	52.67	11.86	28.25
GCA_002760445.1_ASM276044v1_genomic_prodigal_proteins	2661	GCA_000019485.1_ASM1948v1_genomic_prodigal_proteins	3233	1250	56.44	12.40	46.97
GCA_002760445.1_ASM276044v1_genomic_prodigal_proteins	2661	GCA_003283055.1_ASM328305v1_genomic_prodigal_proteins	482	31	50.67	13.33	6.43
GCA_002760445.1_ASM276044v1_genomic_prodigal_proteins	2661	GCA_000010065.1_ASM1006v1_genomic_prodigal_proteins	2691	1198	57.58	12.03	45.02
GCA_002760445.1_ASM276044v1_genomic_prodigal_proteins	2661	GCA_000316685.1_ASM31668v1_genomic_prodigal_proteins	3706	1266	57.60	12.31	47.58
GCA_002760445.1_ASM276044v1_genomic_prodigal_proteins	2661	GCA_000063525.1_ASM6352v1_genomic_prodigal_proteins	2540	938	53.64	11.98	36.93
GCA_002760445.1_ASM276044v1_genomic_prodigal_proteins	2661	GCA_003283165.1_ASM328316v1_genomic_prodigal_proteins	217	34	51.87	11.59	15.67
GCA_002760445.1_ASM276044v1_genomic_prodigal_proteins	2661	GCA_902540675.1_AG-359-E22_genomic_prodigal_proteins	584	151	53.05	12.78	25.86
GCA_002760445.1_ASM276044v1_genomic_prodigal_proteins	2661	GCA_011055065.1_ASM1105506v1_genomic_prodigal_proteins	2792	2099	86.67	8.18	78.88
GCA_002760445.1_ASM276044v1_genomic_prodigal_proteins	2661	GCA_000013205.1_ASM1320v1_genomic_prodigal_proteins	2750	2393	98.59	4.13	89.93
GCA_002760445.1_ASM276044v1_genomic_prodigal_proteins	2661	GCA_003539795.1_ASM353979v1_genomic_prodigal_proteins	2284	659	51.90	11.04	28.85
GCA_002760445.1_ASM276044v1_genomic_prodigal_proteins	2661	GCA_002171995.1_ASM217199v1_genomic_prodigal_proteins	1978	537	51.82	11.83	27.15
GCA_002760445.1_ASM276044v1_genomic_prodigal_proteins	2661	GCA_011523835.1_ASM1152383v1_genomic_prodigal_proteins	2468	781	52.54	11.79	31.65
GCA_002760445.1_ASM276044v1_genomic_prodigal_proteins	2661	GCA_002172175.1_ASM217217v1_genomic_prodigal_proteins	1846	596	51.92	11.61	32.29
GCA_002760445.1_ASM276044v1_genomic_prodigal_proteins	2661	GCA_003208835.1_ASM320883v1_genomic_prodigal_proteins	2208	674	52.68	11.85	30.53
GCA_002760445.1_ASM276044v1_genomic_prodigal_proteins	2661	GCA_902589915.1_AG-914-F20_genomic_prodigal_proteins	373	72	53.90	12.98	19.30
GCA_002760445.1_ASM276044v1_genomic_prodigal_proteins	2661	GCA_000485815.1_ASM48581v1_genomic_prodigal_proteins	3083	1201	56.69	12.24	45.13
GCA_002760445.1_ASM276044v1_genomic_prodigal_proteins	2661	GCA_008807075.1_ASM880707v1_genomic_prodigal_proteins	2925	927	53.33	12.08	34.84
GCA_002760445.1_ASM276044v1_genomic_prodigal_proteins	2661	GCA_000179235.2_ASM17923v2_genomic_prodigal_proteins	3071	1002	53.50	12.02	37.66
GCA_002760445.1_ASM276044v1_genomic_prodigal_proteins	2661	GCA_003210795.1_ASM321079v1_genomic_prodigal_proteins	2239	668	52.36	11.56	29.83
GCA_002760445.1_ASM276044v1_genomic_prodigal_proteins	2661	GCA_002706715.1_ASM270671v1_genomic_prodigal_proteins	1148	493	53.25	11.91	42.94
GCA_002760445.1_ASM276044v1_genomic_prodigal_proteins	2661	GCA_003331245.1_ASM333124v1_genomic_prodigal_proteins	2021	744	52.99	11.36	36.81
GCA_002760445.1_ASM276044v1_genomic_prodigal_proteins	2661	GCA_009843385.1_ASM984338v1_genomic_prodigal_proteins	2085	687	53.62	11.57	32.95
GCA_002760445.1_ASM276044v1_genomic_prodigal_proteins	2661	GCA_003211205.1_ASM321120v1_genomic_prodigal_proteins	2288	700	52.57	11.92	30.59
GCA_002760445.1_ASM276044v1_genomic_prodigal_proteins	2661	GCA_000063505.1_ASM6350v1_genomic_prodigal_proteins	2558	932	52.85	12.19	36.43
GCA_002760445.1_ASM276044v1_genomic_prodigal_proteins	2661	GCA_900474245.1_UW179B_genomic_prodigal_proteins	2743	925	52.64	11.97	34.76
GCA_002760445.1_ASM276044v1_genomic_prodigal_proteins	2661	GCA_003210345.1_ASM321034v1_genomic_prodigal_proteins	1256	351	52.13	12.17	27.95
GCA_002760445.1_ASM276044v1_genomic_prodigal_proteins	2661	GCA_003210315.1_ASM321031v1_genomic_prodigal_proteins	1815	545	52.87	12.06	30.03
GCA_002760445.1_ASM276044v1_genomic_prodigal_proteins	2661	GCA_009836155.1_ASM983615v1_genomic_prodigal_proteins	1947	787	53.31	11.49	40.42
GCA_002760445.1_ASM276044v1_genomic_prodigal_proteins	2661	GCA_003990665.2_ASM399066v2_genomic_prodigal_proteins	2499	1264	58.48	12.70	50.58
GCA_002760445.1_ASM276044v1_genomic_prodigal_proteins	2661	GCA_003209135.1_ASM320913v1_genomic_prodigal_proteins	1719	478	51.91	11.29	27.81
GCA_002760445.1_ASM276044v1_genomic_prodigal_proteins	2661	GCA_009845105.1_ASM984510v1_genomic_prodigal_proteins	1941	653	52.94	11.57	33.64
GCA_002760445.1_ASM276044v1_genomic_prodigal_proteins	2661	GCA_002690325.1_ASM269032v1_genomic_prodigal_proteins	2554	809	51.88	11.53	31.68
GCA_002760445.1_ASM276044v1_genomic_prodigal_proteins	2661	GCA_000161795.2_ASM16179v2_genomic_prodigal_proteins	2407	900	53.25	11.97	37.39
GCA_002760445.1_ASM276044v1_genomic_prodigal_proteins	2661	GCA_004211895.1_ASM421189v1_genomic_prodigal_proteins	954	390	52.73	11.99	40.88
GCA_002760445.1_ASM276044v1_genomic_prodigal_proteins	2661	GCA_003210735.1_ASM321073v1_genomic_prodigal_proteins	2337	649	52.24	11.84	27.77
GCA_002760445.1_ASM276044v1_genomic_prodigal_proteins	2661	GCA_003209035.1_ASM320903v1_genomic_prodigal_proteins	1803	487	52.57	12.00	27.01
GCA_002760445.1_ASM276044v1_genomic_prodigal_proteins	2661	GCA_003712085.1_ASM371208v1_genomic_prodigal_proteins	2745	917	52.85	11.87	34.46
GCA_002760445.1_ASM276044v1_genomic_prodigal_proteins	2661	GCA_003212155.1_ASM321215v1_genomic_prodigal_proteins	262	52	51.93	14.14	19.85
GCA_002760445.1_ASM276044v1_genomic_prodigal_proteins	2661	GCA_001040845.1_ASM104084v1_genomic_prodigal_proteins	2917	920	52.82	11.94	34.57
GCA_002760445.1_ASM276044v1_genomic_prodigal_proteins	2661	GCA_002018015.1_ASM201801v1_genomic_prodigal_proteins	1578	658	53.71	11.76	41.70
GCA_002760445.1_ASM276044v1_genomic_prodigal_proteins	2661	GCA_003211255.1_ASM321125v1_genomic_prodigal_proteins	1850	493	51.89	11.58	26.65
GCA_002760445.1_ASM276044v1_genomic_prodigal_proteins	2661	GCA_002721235.1_ASM272123v1_genomic_prodigal_proteins	3119	1239	56.50	12.34	46.56
GCA_002760445.1_ASM276044v1_genomic_prodigal_proteins	2661	GCA_009839305.1_ASM983930v1_genomic_prodigal_proteins	1816	602	54.33	11.92	33.15
GCA_002760445.1_ASM276044v1_genomic_prodigal_proteins	2661	GCA_011365345.1_ASM1136534v1_genomic_prodigal_proteins	2655	911	53.11	11.93	34.31
GCA_002760445.1_ASM276044v1_genomic_prodigal_proteins	2661	GCA_001039265.1_ASM103926v1_genomic_prodigal_proteins	2832	696	55.33	12.28	26.16
GCA_002760445.1_ASM276044v1_genomic_prodigal_proteins	2661	GCA_001628325.1_ASM162832v1_genomic_prodigal_proteins	2129	818	52.97	11.54	38.42
GCA_002760445.1_ASM276044v1_genomic_prodigal_proteins	2661	GCA_003209215.1_ASM320921v1_genomic_prodigal_proteins	1679	466	53.25	12.23	27.75
GCA_002760445.1_ASM276044v1_genomic_prodigal_proteins	2661	GCA_002737305.1_ASM273730v1_genomic_prodigal_proteins	1951	759	54.29	11.72	38.90
GCA_002760445.1_ASM276044v1_genomic_prodigal_proteins	2661	GCA_003210515.1_ASM321051v1_genomic_prodigal_proteins	1673	513	52.41	12.19	30.66
GCA_002760445.1_ASM276044v1_genomic_prodigal_proteins	2661	GCA_011525445.1_ASM1152544v1_genomic_prodigal_proteins	3208	738	51.74	11.73	27.73
GCA_002760445.1_ASM276044v1_genomic_prodigal_proteins	2661	GCA_902599435.1_AG-916-N22_genomic_prodigal_proteins	793	240	54.55	12.09	30.26
GCA_002760445.1_ASM276044v1_genomic_prodigal_proteins	2661	GCA_003149585.1_ASM314958v1_genomic_prodigal_proteins	2600	965	53.69	11.78	37.12
GCA_002760445.1_ASM276044v1_genomic_prodigal_proteins	2661	GCA_902560665.1_AG-905-O11_genomic_prodigal_proteins	401	81	54.36	14.40	20.20
GCA_002760445.1_ASM276044v1_genomic_prodigal_proteins	2661	GCA_003331795.1_ASM333179v1_genomic_prodigal_proteins	1948	765	53.18	12.08	39.27
GCA_002760445.1_ASM276044v1_genomic_prodigal_proteins	2661	GCA_002017955.1_ASM201795v1_genomic_prodigal_proteins	512	185	52.32	11.64	36.13
GCA_002760445.1_ASM276044v1_genomic_prodigal_proteins	2661	GCA_902584485.1_AG-912-O23_genomic_prodigal_proteins	535	122	51.85	12.61	22.80
GCA_002760445.1_ASM276044v1_genomic_prodigal_proteins	2661	GCA_902527915.1_AG-896-G19_genomic_prodigal_proteins	1003	264	53.37	12.45	26.32
GCA_002760445.1_ASM276044v1_genomic_prodigal_proteins	2661	GCA_902635365.1_AG-447-D19_genomic_prodigal_proteins	1690	436	53.27	11.99	25.80
GCA_002760445.1_ASM276044v1_genomic_prodigal_proteins	2661	GCA_900474085.1_UW86_genomic_prodigal_proteins	2403	900	53.27	11.89	37.45
GCA_002760445.1_ASM276044v1_genomic_prodigal_proteins	2661	GCA_001885215.1_ASM188521v1_genomic_prodigal_proteins	2897	968	53.66	11.82	36.38
GCA_002760445.1_ASM276044v1_genomic_prodigal_proteins	2661	GCA_902575935.1_AG-426-B22_genomic_prodigal_proteins	254	87	58.88	13.56	34.25
GCA_002760445.1_ASM276044v1_genomic_prodigal_proteins	2661	GCA_900474295.1_UW140_genomic_prodigal_proteins	2925	921	52.88	11.91	34.61
GCA_002760445.1_ASM276044v1_genomic_prodigal_proteins	2661	GCA_003211565.1_ASM321156v1_genomic_prodigal_proteins	1489	408	52.80	12.53	27.40
GCA_002760445.1_ASM276044v1_genomic_prodigal_proteins	2661	GCA_003526105.1_ASM352610v1_genomic_prodigal_proteins	1581	501	53.25	11.60	31.69
GCA_002760445.1_ASM276044v1_genomic_prodigal_proteins	2661	GCA_002172935.1_ASM217293v1_genomic_prodigal_proteins	1996	692	52.52	11.69	34.67
GCA_002760445.1_ASM276044v1_genomic_prodigal_proteins	2661	GCA_003210335.1_ASM321033v1_genomic_prodigal_proteins	942	169	52.10	12.47	17.94
GCA_002760445.1_ASM276044v1_genomic_prodigal_proteins	2661	GCA_009846115.1_ASM984611v1_genomic_prodigal_proteins	2048	703	53.41	11.45	34.33
GCA_002760445.1_ASM276044v1_genomic_prodigal_proteins	2661	GCA_001693295.1_ASM169329v1_genomic_prodigal_proteins	3183	1234	56.56	12.39	46.37
GCA_002760445.1_ASM276044v1_genomic_prodigal_proteins	2661	GCA_900473965.1_UW179A_genomic_prodigal_proteins	3383	903	52.95	12.07	33.93
GCA_002760445.1_ASM276044v1_genomic_prodigal_proteins	2661	GCA_003213755.1_ASM321375v1_genomic_prodigal_proteins	1050	318	53.36	12.60	30.29
GCA_002760445.1_ASM276044v1_genomic_prodigal_proteins	2661	GCA_003209155.1_ASM320915v1_genomic_prodigal_proteins	2305	678	52.76	11.66	29.41
GCA_002760445.1_ASM276044v1_genomic_prodigal_proteins	2661	GCA_003211515.1_ASM321151v1_genomic_prodigal_proteins	2451	606	52.30	11.99	24.72
GCA_002760445.1_ASM276044v1_genomic_prodigal_proteins	2661	GCA_002693285.1_ASM269328v1_genomic_prodigal_proteins	2440	791	52.58	11.75	32.42
GCA_002760445.1_ASM276044v1_genomic_prodigal_proteins	2661	GCA_003210555.1_ASM321055v1_genomic_prodigal_proteins	1847	505	52.78	11.63	27.34
GCA_002760445.1_ASM276044v1_genomic_prodigal_proteins	2661	GCA_000155595.1_ASM15559v1_genomic_prodigal_proteins	5270	1285	55.93	12.08	48.29
GCA_002760445.1_ASM276044v1_genomic_prodigal_proteins	2661	GCA_001007665.1_ASM100766v1_genomic_prodigal_proteins	2356	842	53.04	11.46	35.74
GCA_002760445.1_ASM276044v1_genomic_prodigal_proteins	2661	GCA_009919765.1_ASM991976v1_genomic_prodigal_proteins	2524	626	52.98	11.75	24.80
GCA_002760445.1_ASM276044v1_genomic_prodigal_proteins	2661	GCA_003331225.1_ASM333122v1_genomic_prodigal_proteins	2113	820	53.43	11.79	38.81
GCA_002760445.1_ASM276044v1_genomic_prodigal_proteins	2661	GCA_900177825.1_IMG-taxon_2708742468_annotated_assembly_genomic_prodigal_proteins	3317	1233	56.48	12.39	46.34
GCA_002760445.1_ASM276044v1_genomic_prodigal_proteins	2661	GCA_000195975.1_ASM19597v1_genomic_prodigal_proteins	2719	912	53.02	11.95	34.27
GCA_002760445.1_ASM276044v1_genomic_prodigal_proteins	2661	GCA_902618885.1_AG-920-D15_genomic_prodigal_proteins	1178	334	53.67	12.48	28.35
GCA_002760445.1_ASM276044v1_genomic_prodigal_proteins	2661	GCA_003209165.1_ASM320916v1_genomic_prodigal_proteins	2711	776	53.10	12.02	29.16
GCA_002760445.1_ASM276044v1_genomic_prodigal_proteins	2661	GCA_001007625.1_ASM100762v1_genomic_prodigal_proteins	2478	747	53.31	11.63	30.15
GCA_002760445.1_ASM276044v1_genomic_prodigal_proteins	2661	GCA_008386235.1_ASM838623v1_genomic_prodigal_proteins	2571	1278	58.39	12.72	49.71
GCA_002760445.1_ASM276044v1_genomic_prodigal_proteins	2661	GCA_001631935.1_ASM163193v1_genomic_prodigal_proteins	3526	899	52.89	11.96	33.78
GCA_002760445.1_ASM276044v1_genomic_prodigal_proteins	2661	GCA_002151525.1_ASM215152v1_genomic_prodigal_proteins	1628	680	53.20	11.82	41.77
GCA_002760445.1_ASM276044v1_genomic_prodigal_proteins	2661	GCA_000153065.1_ASM15306v1_genomic_prodigal_proteins	2704	936	53.56	12.03	35.17
GCA_002760445.1_ASM276044v1_genomic_prodigal_proteins	2661	GCA_009837265.1_ASM983726v1_genomic_prodigal_proteins	2126	763	53.45	11.65	35.89
GCA_002760445.1_ASM276044v1_genomic_prodigal_proteins	2661	GCA_902533725.1_AG-898-C20_genomic_prodigal_proteins	421	86	53.43	13.81	20.43
GCA_002760445.1_ASM276044v1_genomic_prodigal_proteins	2661	GCA_002171075.2_ASM217107v2_genomic_prodigal_proteins	1919	667	52.24	11.39	34.76
GCA_002760445.1_ASM276044v1_genomic_prodigal_proteins	2661	GCA_002760395.1_ASM276039v1_genomic_prodigal_proteins	2661	2478	99.90	0.81	93.12
GCA_002760445.1_ASM276044v1_genomic_prodigal_proteins	2661	GCA_003209005.1_ASM320900v1_genomic_prodigal_proteins	2548	755	52.22	11.86	29.63
GCA_002760445.1_ASM276044v1_genomic_prodigal_proteins	2661	GCA_002017915.1_ASM201791v1_genomic_prodigal_proteins	623	243	55.50	12.01	39.00
GCA_002760445.1_ASM276044v1_genomic_prodigal_proteins	2661	GCA_900047545.1_m9_genomic_prodigal_proteins	1575	646	53.02	11.79	41.02
GCA_002760445.1_ASM276044v1_genomic_prodigal_proteins	2661	GCA_001632105.1_ASM163210v1_genomic_prodigal_proteins	3521	902	52.76	11.92	33.90
GCA_002760445.1_ASM276044v1_genomic_prodigal_proteins	2661	GCA_004212765.1_ASM421276v1_genomic_prodigal_proteins	1162	439	53.40	12.03	37.78
GCA_002760445.1_ASM276044v1_genomic_prodigal_proteins	2661	GCA_002685515.1_ASM268551v1_genomic_prodigal_proteins	1286	481	51.97	11.52	37.40
GCA_002760445.1_ASM276044v1_genomic_prodigal_proteins	2661	GCA_007828135.1_ASM782813v1_genomic_prodigal_proteins	2917	970	53.73	11.91	36.45
GCA_002760445.1_ASM276044v1_genomic_prodigal_proteins	2661	GCA_011047875.1_ASM1104787v1_genomic_prodigal_proteins	2810	2142	86.76	8.24	80.50
GCA_002760445.1_ASM276044v1_genomic_prodigal_proteins	2661	GCA_009840445.1_ASM984044v1_genomic_prodigal_proteins	2167	841	53.36	11.69	38.81
GCA_002760445.1_ASM276044v1_genomic_prodigal_proteins	2661	GCA_003210995.1_ASM321099v1_genomic_prodigal_proteins	2385	638	53.08	12.01	26.75
GCA_002760445.1_ASM276044v1_genomic_prodigal_proteins	2661	GCA_902616995.1_AG-919-L20_genomic_prodigal_proteins	654	170	53.41	13.18	25.99
GCA_002760445.1_ASM276044v1_genomic_prodigal_proteins	2661	GCA_009845825.1_ASM984582v1_genomic_prodigal_proteins	2168	727	53.41	11.49	33.53
GCA_002760445.1_ASM276044v1_genomic_prodigal_proteins	2661	GCA_000515235.1_ASM51523v1_genomic_prodigal_proteins	2873	918	52.98	11.97	34.50
GCA_002760445.1_ASM276044v1_genomic_prodigal_proteins	2661	GCA_003523965.1_ASM352396v1_genomic_prodigal_proteins	1735	562	53.97	11.39	32.39
GCA_002760445.1_ASM276044v1_genomic_prodigal_proteins	2661	GCA_002684175.1_ASM268417v1_genomic_prodigal_proteins	1819	533	51.93	11.13	29.30
GCA_002760445.1_ASM276044v1_genomic_prodigal_proteins	2661	GCA_011523295.1_ASM1152329v1_genomic_prodigal_proteins	2851	693	51.28	11.27	26.04
GCA_002760445.1_ASM276044v1_genomic_prodigal_proteins	2661	GCA_003211015.1_ASM321101v1_genomic_prodigal_proteins	2128	665	52.26	11.74	31.25
GCA_002760445.1_ASM276044v1_genomic_prodigal_proteins	2661	GCA_002006815.1_ASM200681v1_genomic_prodigal_proteins	1973	862	53.01	11.90	43.69
GCA_009498715.1_ASM949871v1_genomic_prodigal_proteins	2867	GCA_002252635.1_ASM225263v1_genomic_prodigal_proteins	3011	1261	56.48	13.13	43.98
GCA_009498715.1_ASM949871v1_genomic_prodigal_proteins	2867	GCA_009838425.1_ASM983842v1_genomic_prodigal_proteins	1544	603	55.96	12.68	39.05
GCA_009498715.1_ASM949871v1_genomic_prodigal_proteins	2867	GCA_900473895.1_N32_genomic_prodigal_proteins	2509	1137	55.94	13.07	45.32
GCA_009498715.1_ASM949871v1_genomic_prodigal_proteins	2867	GCA_003210495.1_ASM321049v1_genomic_prodigal_proteins	1134	361	54.19	13.28	31.83
GCA_009498715.1_ASM949871v1_genomic_prodigal_proteins	2867	GCA_003011125.1_ASM301112v1_genomic_prodigal_proteins	3076	1105	55.45	12.84	38.54
GCA_009498715.1_ASM949871v1_genomic_prodigal_proteins	2867	GCA_900177365.1_IMG-taxon_2708742537_annotated_assembly_genomic_prodigal_proteins	3310	1392	59.54	12.93	48.55
GCA_009498715.1_ASM949871v1_genomic_prodigal_proteins	2867	GCA_002760445.1_ASM276044v1_genomic_prodigal_proteins	2661	1144	57.68	12.08	42.99
GCA_009498715.1_ASM949871v1_genomic_prodigal_proteins	2867	GCA_900474185.1_UW69_genomic_prodigal_proteins	2629	1141	55.69	13.17	43.40
GCA_009498715.1_ASM949871v1_genomic_prodigal_proteins	2867	GCA_003210775.1_ASM321077v1_genomic_prodigal_proteins	2665	813	55.10	13.07	30.51
GCA_009498715.1_ASM949871v1_genomic_prodigal_proteins	2867	GCA_002700765.1_ASM270076v1_genomic_prodigal_proteins	2134	863	55.20	12.94	40.44
GCA_009498715.1_ASM949871v1_genomic_prodigal_proteins	2867	GCA_902599585.1_AG-916-O11_genomic_prodigal_proteins	1470	561	56.65	13.59	38.16
GCA_009498715.1_ASM949871v1_genomic_prodigal_proteins	2867	GCA_900474045.1_N19_genomic_prodigal_proteins	2484	1119	55.95	13.00	45.05
GCA_009498715.1_ASM949871v1_genomic_prodigal_proteins	2867	GCA_003210815.1_ASM321081v1_genomic_prodigal_proteins	2087	706	55.04	12.67	33.83
GCA_009498715.1_ASM949871v1_genomic_prodigal_proteins	2867	GCA_900473955.1_GEYO_genomic_prodigal_proteins	2674	1101	55.47	13.08	41.17
GCA_009498715.1_ASM949871v1_genomic_prodigal_proteins	2867	GCA_002167425.2_ASM216742v2_genomic_prodigal_proteins	2822	966	54.87	12.73	34.23
GCA_009498715.1_ASM949871v1_genomic_prodigal_proteins	2867	GCA_009844645.1_ASM984464v1_genomic_prodigal_proteins	1983	882	55.62	12.57	44.48
GCA_009498715.1_ASM949871v1_genomic_prodigal_proteins	2867	GCA_008081095.1_ASM808109v1_genomic_prodigal_proteins	1533	618	55.50	12.73	40.31
GCA_009498715.1_ASM949871v1_genomic_prodigal_proteins	2867	GCA_000014585.1_ASM1458v1_genomic_prodigal_proteins	2879	1134	55.40	13.28	39.55
GCA_009498715.1_ASM949871v1_genomic_prodigal_proteins	2867	GCA_000317085.1_ASM31708v1_genomic_prodigal_proteins	3673	1284	57.02	12.69	44.79
GCA_009498715.1_ASM949871v1_genomic_prodigal_proteins	2867	GCA_013133755.1_ASM1313375v1_genomic_prodigal_proteins	2700	1109	55.60	13.03	41.07
GCA_009498715.1_ASM949871v1_genomic_prodigal_proteins	2867	GCA_003210475.1_ASM321047v1_genomic_prodigal_proteins	1514	561	55.07	12.84	37.05
GCA_009498715.1_ASM949871v1_genomic_prodigal_proteins	2867	GCA_003208815.1_ASM320881v1_genomic_prodigal_proteins	1352	436	54.58	13.13	32.25
GCA_009498715.1_ASM949871v1_genomic_prodigal_proteins	2867	GCA_000012505.1_ASM1250v1_genomic_prodigal_proteins	2461	1105	55.71	13.01	44.90
GCA_009498715.1_ASM949871v1_genomic_prodigal_proteins	2867	GCA_000153825.1_ASM15382v1_genomic_prodigal_proteins	2811	1158	55.70	13.19	41.20
GCA_009498715.1_ASM949871v1_genomic_prodigal_proteins	2867	GCA_002760475.1_ASM276047v1_genomic_prodigal_proteins	2647	1140	57.69	12.10	43.07
GCA_009498715.1_ASM949871v1_genomic_prodigal_proteins	2867	GCA_003210565.1_ASM321056v1_genomic_prodigal_proteins	836	279	56.08	13.85	33.37
GCA_009498715.1_ASM949871v1_genomic_prodigal_proteins	2867	GCA_902618505.1_AG-892-K03_genomic_prodigal_proteins	959	265	57.22	14.06	27.63
GCA_009498715.1_ASM949871v1_genomic_prodigal_proteins	2867	GCA_005577135.1_ASM557713v1_genomic_prodigal_proteins	3356	1394	59.52	12.96	48.62
GCA_009498715.1_ASM949871v1_genomic_prodigal_proteins	2867	GCA_003846445.1_ASM384644v1_genomic_prodigal_proteins	2740	2442	97.86	4.15	89.12
GCA_009498715.1_ASM949871v1_genomic_prodigal_proteins	2867	GCA_000505665.1_ASM50566v1_genomic_prodigal_proteins	2466	1296	60.24	12.94	52.55
GCA_009498715.1_ASM949871v1_genomic_prodigal_proteins	2867	GCA_902616255.1_AG-919-I18_genomic_prodigal_proteins	1046	364	55.10	13.14	34.80
GCA_009498715.1_ASM949871v1_genomic_prodigal_proteins	2867	GCA_001182765.1_WH8103.1_genomic_prodigal_proteins	2676	1143	55.81	13.05	42.71
GCA_009498715.1_ASM949871v1_genomic_prodigal_proteins	2867	GCA_002760375.1_ASM276037v1_genomic_prodigal_proteins	2702	1143	57.65	12.10	42.30
GCA_009498715.1_ASM949871v1_genomic_prodigal_proteins	2867	GCA_902592305.1_AG-914-O22_genomic_prodigal_proteins	179	65	56.06	13.55	36.31
GCA_009498715.1_ASM949871v1_genomic_prodigal_proteins	2867	GCA_001632165.1_ASM163216v1_genomic_prodigal_proteins	2830	1104	55.62	13.03	39.01
GCA_009498715.1_ASM949871v1_genomic_prodigal_proteins	2867	GCA_004332405.1_ASM433240v1_genomic_prodigal_proteins	2437	1164	55.85	13.20	47.76
GCA_009498715.1_ASM949871v1_genomic_prodigal_proteins	2867	GCA_900473975.1_N26_genomic_prodigal_proteins	2454	1125	55.85	13.08	45.84
GCA_009498715.1_ASM949871v1_genomic_prodigal_proteins	2867	GCA_902612475.1_AG-918-G20_genomic_prodigal_proteins	502	127	53.72	12.75	25.30
GCA_009498715.1_ASM949871v1_genomic_prodigal_proteins	2867	GCA_000775285.1_ASM77528v1_genomic_prodigal_proteins	4812	1263	61.68	13.18	44.05
GCA_009498715.1_ASM949871v1_genomic_prodigal_proteins	2867	GCA_002698505.1_ASM269850v1_genomic_prodigal_proteins	2471	1055	55.10	13.13	42.70
GCA_009498715.1_ASM949871v1_genomic_prodigal_proteins	2867	GCA_002252665.1_ASM225266v1_genomic_prodigal_proteins	2771	1200	56.68	13.15	43.31
GCA_009498715.1_ASM949871v1_genomic_prodigal_proteins	2867	GCA_003555505.1_ASM355550v1_genomic_prodigal_proteins	3351	990	60.93	13.19	34.53
GCA_009498715.1_ASM949871v1_genomic_prodigal_proteins	2867	GCA_900474015.1_UW106_genomic_prodigal_proteins	2762	1144	55.66	13.19	41.42
GCA_009498715.1_ASM949871v1_genomic_prodigal_proteins	2867	GCA_000715475.1_ASM71547v1_genomic_prodigal_proteins	3299	1375	59.66	12.96	47.96
GCA_009498715.1_ASM949871v1_genomic_prodigal_proteins	2867	GCA_001628295.1_ASM162829v1_genomic_prodigal_proteins	2145	1035	55.88	12.82	48.25
GCA_009498715.1_ASM949871v1_genomic_prodigal_proteins	2867	GCA_003208775.1_ASM320877v1_genomic_prodigal_proteins	1808	649	55.58	13.19	35.90
GCA_009498715.1_ASM949871v1_genomic_prodigal_proteins	2867	GCA_003210975.1_ASM321097v1_genomic_prodigal_proteins	627	276	55.36	13.87	44.02
GCA_009498715.1_ASM949871v1_genomic_prodigal_proteins	2867	GCA_003208915.1_ASM320891v1_genomic_prodigal_proteins	1208	393	55.54	12.88	32.53
GCA_009498715.1_ASM949871v1_genomic_prodigal_proteins	2867	GCA_009837735.1_ASM983773v1_genomic_prodigal_proteins	2041	755	56.02	12.63	36.99
GCA_009498715.1_ASM949871v1_genomic_prodigal_proteins	2867	GCA_902548805.1_AG-901-N20_genomic_prodigal_proteins	158	49	55.18	13.95	31.01
GCA_009498715.1_ASM949871v1_genomic_prodigal_proteins	2867	GCA_003211235.1_ASM321123v1_genomic_prodigal_proteins	1698	603	55.15	13.38	35.51
GCA_009498715.1_ASM949871v1_genomic_prodigal_proteins	2867	GCA_004209775.1_ASM420977v1_genomic_prodigal_proteins	2798	1200	55.76	13.13	42.89
GCA_009498715.1_ASM949871v1_genomic_prodigal_proteins	2867	GCA_003283215.1_ASM328321v1_genomic_prodigal_proteins	239	33	59.69	12.32	13.81
GCA_009498715.1_ASM949871v1_genomic_prodigal_proteins	2867	GCA_003209555.1_ASM320955v1_genomic_prodigal_proteins	908	262	56.25	12.81	28.85
GCA_009498715.1_ASM949871v1_genomic_prodigal_proteins	2867	GCA_000153805.1_ASM15380v1_genomic_prodigal_proteins	2517	1108	55.64	12.96	44.02
GCA_009498715.1_ASM949871v1_genomic_prodigal_proteins	2867	GCA_003283205.1_ASM328320v1_genomic_prodigal_proteins	274	48	57.48	15.12	17.52
GCA_009498715.1_ASM949871v1_genomic_prodigal_proteins	2867	GCA_900473925.1_N5_genomic_prodigal_proteins	2417	1110	55.96	13.06	45.92
GCA_009498715.1_ASM949871v1_genomic_prodigal_proteins	2867	GCA_902592665.1_AG-447-E14_genomic_prodigal_proteins	1111	300	54.99	13.08	27.00
GCA_009498715.1_ASM949871v1_genomic_prodigal_proteins	2867	GCA_011523155.1_ASM1152315v1_genomic_prodigal_proteins	2101	788	53.74	11.94	37.51
GCA_009498715.1_ASM949871v1_genomic_prodigal_proteins	2867	GCA_003211275.1_ASM321127v1_genomic_prodigal_proteins	2168	720	55.40	13.09	33.21
GCA_009498715.1_ASM949871v1_genomic_prodigal_proteins	2867	GCA_003957805.1_ASM395780v1_genomic_prodigal_proteins	2887	2341	90.04	8.38	81.65
GCA_009498715.1_ASM949871v1_genomic_prodigal_proteins	2867	GCA_012270465.1_ASM1227046v1_genomic_prodigal_proteins	2311	927	55.64	12.40	40.11
GCA_009498715.1_ASM949871v1_genomic_prodigal_proteins	2867	GCA_001693255.1_ASM169325v1_genomic_prodigal_proteins	3177	1410	59.48	12.99	49.18
GCA_009498715.1_ASM949871v1_genomic_prodigal_proteins	2867	GCA_003210385.1_ASM321038v1_genomic_prodigal_proteins	286	137	55.83	13.19	47.90
GCA_009498715.1_ASM949871v1_genomic_prodigal_proteins	2867	GCA_002170705.1_ASM217070v1_genomic_prodigal_proteins	1392	625	55.79	12.53	44.90
GCA_009498715.1_ASM949871v1_genomic_prodigal_proteins	2867	GCA_002356215.1_ASM235621v1_genomic_prodigal_proteins	2953	1391	59.70	12.95	48.52
GCA_009498715.1_ASM949871v1_genomic_prodigal_proteins	2867	GCA_003210935.1_ASM321093v1_genomic_prodigal_proteins	1868	745	55.61	13.10	39.88
GCA_009498715.1_ASM949871v1_genomic_prodigal_proteins	2867	GCA_003210535.1_ASM321053v1_genomic_prodigal_proteins	1257	429	54.30	12.95	34.13
GCA_009498715.1_ASM949871v1_genomic_prodigal_proteins	2867	GCA_002724845.1_ASM272484v1_genomic_prodigal_proteins	1589	810	55.51	12.70	50.98
GCA_009498715.1_ASM949871v1_genomic_prodigal_proteins	2867	GCA_000153285.1_ASM15328v1_genomic_prodigal_proteins	2746	1156	55.66	13.16	42.10
GCA_009498715.1_ASM949871v1_genomic_prodigal_proteins	2867	GCA_003211035.1_ASM321103v1_genomic_prodigal_proteins	530	211	53.76	12.47	39.81
GCA_009498715.1_ASM949871v1_genomic_prodigal_proteins	2867	GCA_001521855.1_ASM152185v1_genomic_prodigal_proteins	3144	1404	59.59	12.95	48.97
GCA_009498715.1_ASM949871v1_genomic_prodigal_proteins	2867	GCA_009835965.1_ASM983596v1_genomic_prodigal_proteins	2105	931	55.77	12.57	44.23
GCA_009498715.1_ASM949871v1_genomic_prodigal_proteins	2867	GCA_012269695.1_ASM1226969v1_genomic_prodigal_proteins	2043	799	55.92	12.59	39.11
GCA_009498715.1_ASM949871v1_genomic_prodigal_proteins	2867	GCA_000737535.1_ASM73753v1_genomic_prodigal_proteins	3013	1141	55.52	13.21	39.80
GCA_009498715.1_ASM949871v1_genomic_prodigal_proteins	2867	GCA_000586015.1_SynSpo.0_genomic_prodigal_proteins	1907	744	56.30	13.05	39.01
GCA_009498715.1_ASM949871v1_genomic_prodigal_proteins	2867	GCA_002760345.1_ASM276034v1_genomic_prodigal_proteins	2731	1157	57.62	12.06	42.37
GCA_009498715.1_ASM949871v1_genomic_prodigal_proteins	2867	GCA_000013225.1_ASM1322v1_genomic_prodigal_proteins	2844	1164	57.58	12.15	40.93
GCA_009498715.1_ASM949871v1_genomic_prodigal_proteins	2867	GCA_000332275.1_ASM33227v1_genomic_prodigal_proteins	4564	1277	56.94	12.25	44.54
GCA_009498715.1_ASM949871v1_genomic_prodigal_proteins	2867	GCA_002252675.1_ASM225267v1_genomic_prodigal_proteins	3295	1271	56.38	13.26	44.33
GCA_009498715.1_ASM949871v1_genomic_prodigal_proteins	2867	GCA_000737575.1_ASM73757v1_genomic_prodigal_proteins	2662	1140	55.86	13.18	42.82
GCA_009498715.1_ASM949871v1_genomic_prodigal_proteins	2867	GCA_902596755.1_AG-916-D19_genomic_prodigal_proteins	1152	408	55.40	12.92	35.42
GCA_009498715.1_ASM949871v1_genomic_prodigal_proteins	2867	GCA_003211455.1_ASM321145v1_genomic_prodigal_proteins	1186	385	54.47	13.04	32.46
GCA_009498715.1_ASM949871v1_genomic_prodigal_proteins	2867	GCA_003208755.1_ASM320875v1_genomic_prodigal_proteins	690	263	55.73	13.06	38.12
GCA_009498715.1_ASM949871v1_genomic_prodigal_proteins	2867	GCA_007571215.1_ASM757121v1_genomic_prodigal_proteins	1879	919	55.40	12.51	48.91
GCA_009498715.1_ASM949871v1_genomic_prodigal_proteins	2867	GCA_001007635.1_ASM100763v1_genomic_prodigal_proteins	2333	873	55.53	12.67	37.42
GCA_009498715.1_ASM949871v1_genomic_prodigal_proteins	2867	GCA_000179255.1_ASM17925v1_genomic_prodigal_proteins	2729	1179	56.44	12.97	43.20
GCA_009498715.1_ASM949871v1_genomic_prodigal_proteins	2867	GCA_003208975.1_ASM320897v1_genomic_prodigal_proteins	1804	594	55.32	12.79	32.93
GCA_009498715.1_ASM949871v1_genomic_prodigal_proteins	2867	GCA_012103655.1_ASM1210365v1_genomic_prodigal_proteins	2723	1131	55.54	13.06	41.54
GCA_009498715.1_ASM949871v1_genomic_prodigal_proteins	2867	GCA_902582045.1_AG-912-B07_genomic_prodigal_proteins	196	42	52.77	13.01	21.43
GCA_009498715.1_ASM949871v1_genomic_prodigal_proteins	2867	GCA_000153045.1_ASM15304v1_genomic_prodigal_proteins	3242	1265	56.25	13.05	44.12
GCA_009498715.1_ASM949871v1_genomic_prodigal_proteins	2867	GCA_902549675.1_AG-903-B09_genomic_prodigal_proteins	836	283	55.95	14.27	33.85
GCA_009498715.1_ASM949871v1_genomic_prodigal_proteins	2867	GCA_002018045.1_ASM201804v1_genomic_prodigal_proteins	1559	740	56.33	12.62	47.47
GCA_009498715.1_ASM949871v1_genomic_prodigal_proteins	2867	GCA_004213055.1_ASM421305v1_genomic_prodigal_proteins	2241	1018	55.54	13.12	45.43
GCA_009498715.1_ASM949871v1_genomic_prodigal_proteins	2867	GCA_007571085.1_ASM757108v1_genomic_prodigal_proteins	1784	897	55.45	12.55	50.28
GCA_009498715.1_ASM949871v1_genomic_prodigal_proteins	2867	GCA_009839805.1_ASM983980v1_genomic_prodigal_proteins	1848	626	53.97	12.07	33.87
GCA_009498715.1_ASM949871v1_genomic_prodigal_proteins	2867	GCA_003210375.1_ASM321037v1_genomic_prodigal_proteins	2155	825	55.14	13.00	38.28
GCA_009498715.1_ASM949871v1_genomic_prodigal_proteins	2867	GCA_004332415.1_ASM433241v1_genomic_prodigal_proteins	2408	1170	55.70	13.11	48.59
GCA_009498715.1_ASM949871v1_genomic_prodigal_proteins	2867	GCA_009836025.1_ASM983602v1_genomic_prodigal_proteins	2290	945	55.60	12.51	41.27
GCA_009498715.1_ASM949871v1_genomic_prodigal_proteins	2867	GCA_009843455.1_ASM984345v1_genomic_prodigal_proteins	2423	920	55.47	12.46	37.97
GCA_009498715.1_ASM949871v1_genomic_prodigal_proteins	2867	GCA_009843485.1_ASM984348v1_genomic_prodigal_proteins	2158	926	55.76	12.65	42.91
GCA_009498715.1_ASM949871v1_genomic_prodigal_proteins	2867	GCA_003283135.1_ASM328313v1_genomic_prodigal_proteins	459	97	55.10	14.36	21.13
GCA_009498715.1_ASM949871v1_genomic_prodigal_proteins	2867	GCA_902635485.1_AG-447-G23_genomic_prodigal_proteins	327	63	53.51	14.20	19.27
GCA_009498715.1_ASM949871v1_genomic_prodigal_proteins	2867	GCA_002760415.1_ASM276041v1_genomic_prodigal_proteins	2670	1147	57.59	12.08	42.96
GCA_009498715.1_ASM949871v1_genomic_prodigal_proteins	2867	GCA_002754935.1_ASM275493v1_genomic_prodigal_proteins	2664	1260	60.07	12.81	47.30
GCA_009498715.1_ASM949871v1_genomic_prodigal_proteins	2867	GCA_002171685.2_ASM217168v2_genomic_prodigal_proteins	811	460	56.44	12.58	56.72
GCA_009498715.1_ASM949871v1_genomic_prodigal_proteins	2867	GCA_000737595.1_ASM73759v1_genomic_prodigal_proteins	2774	1166	55.56	13.17	42.03
GCA_009498715.1_ASM949871v1_genomic_prodigal_proteins	2867	GCA_003331785.1_ASM333178v1_genomic_prodigal_proteins	2125	1022	55.49	13.01	48.09
GCA_009498715.1_ASM949871v1_genomic_prodigal_proteins	2867	GCA_009842265.1_ASM984226v1_genomic_prodigal_proteins	2398	933	55.55	12.56	38.91
GCA_009498715.1_ASM949871v1_genomic_prodigal_proteins	2867	GCA_902579345.1_AG-911-L15_genomic_prodigal_proteins	248	56	50.02	14.35	22.58
GCA_009498715.1_ASM949871v1_genomic_prodigal_proteins	2867	GCA_000011345.1_ASM1134v1_genomic_prodigal_proteins	2520	1302	60.37	12.89	51.67
GCA_009498715.1_ASM949871v1_genomic_prodigal_proteins	2867	GCA_003210705.1_ASM321070v1_genomic_prodigal_proteins	2244	804	55.02	13.08	35.83
GCA_009498715.1_ASM949871v1_genomic_prodigal_proteins	2867	GCA_000019485.1_ASM1948v1_genomic_prodigal_proteins	3233	1408	59.51	12.92	49.11
GCA_009498715.1_ASM949871v1_genomic_prodigal_proteins	2867	GCA_003283055.1_ASM328305v1_genomic_prodigal_proteins	482	34	53.23	16.28	7.05
GCA_009498715.1_ASM949871v1_genomic_prodigal_proteins	2867	GCA_000010065.1_ASM1006v1_genomic_prodigal_proteins	2691	2257	89.99	8.44	83.87
GCA_009498715.1_ASM949871v1_genomic_prodigal_proteins	2867	GCA_000316685.1_ASM31668v1_genomic_prodigal_proteins	3706	1432	59.69	13.05	49.95
GCA_009498715.1_ASM949871v1_genomic_prodigal_proteins	2867	GCA_000063525.1_ASM6352v1_genomic_prodigal_proteins	2540	1152	56.67	13.09	45.35
GCA_009498715.1_ASM949871v1_genomic_prodigal_proteins	2867	GCA_003283165.1_ASM328316v1_genomic_prodigal_proteins	217	52	52.33	12.69	23.96
GCA_009498715.1_ASM949871v1_genomic_prodigal_proteins	2867	GCA_902540675.1_AG-359-E22_genomic_prodigal_proteins	584	173	55.48	14.04	29.62
GCA_009498715.1_ASM949871v1_genomic_prodigal_proteins	2867	GCA_011055065.1_ASM1105506v1_genomic_prodigal_proteins	2792	1127	57.47	12.10	40.37
GCA_009498715.1_ASM949871v1_genomic_prodigal_proteins	2867	GCA_000013205.1_ASM1320v1_genomic_prodigal_proteins	2750	1159	57.64	12.06	42.15
GCA_009498715.1_ASM949871v1_genomic_prodigal_proteins	2867	GCA_003539795.1_ASM353979v1_genomic_prodigal_proteins	2284	856	54.49	12.47	37.48
GCA_009498715.1_ASM949871v1_genomic_prodigal_proteins	2867	GCA_002171995.1_ASM217199v1_genomic_prodigal_proteins	1978	642	55.03	13.05	32.46
GCA_009498715.1_ASM949871v1_genomic_prodigal_proteins	2867	GCA_011523835.1_ASM1152383v1_genomic_prodigal_proteins	2468	970	55.61	12.73	39.30
GCA_009498715.1_ASM949871v1_genomic_prodigal_proteins	2867	GCA_002172175.1_ASM217217v1_genomic_prodigal_proteins	1846	726	54.86	12.40	39.33
GCA_009498715.1_ASM949871v1_genomic_prodigal_proteins	2867	GCA_003208835.1_ASM320883v1_genomic_prodigal_proteins	2208	843	55.74	13.03	38.18
GCA_009498715.1_ASM949871v1_genomic_prodigal_proteins	2867	GCA_902589915.1_AG-914-F20_genomic_prodigal_proteins	373	99	55.62	13.79	26.54
GCA_009498715.1_ASM949871v1_genomic_prodigal_proteins	2867	GCA_000485815.1_ASM48581v1_genomic_prodigal_proteins	3083	1359	59.77	12.84	47.40
GCA_009498715.1_ASM949871v1_genomic_prodigal_proteins	2867	GCA_008807075.1_ASM880707v1_genomic_prodigal_proteins	2925	1183	55.56	13.11	41.26
GCA_009498715.1_ASM949871v1_genomic_prodigal_proteins	2867	GCA_000179235.2_ASM17923v2_genomic_prodigal_proteins	3071	1247	56.33	13.07	43.49
GCA_009498715.1_ASM949871v1_genomic_prodigal_proteins	2867	GCA_003210795.1_ASM321079v1_genomic_prodigal_proteins	2239	828	55.01	12.90	36.98
GCA_009498715.1_ASM949871v1_genomic_prodigal_proteins	2867	GCA_002706715.1_ASM270671v1_genomic_prodigal_proteins	1148	603	56.40	13.29	52.53
GCA_009498715.1_ASM949871v1_genomic_prodigal_proteins	2867	GCA_003331245.1_ASM333124v1_genomic_prodigal_proteins	2021	929	55.45	12.69	45.97
GCA_009498715.1_ASM949871v1_genomic_prodigal_proteins	2867	GCA_009843385.1_ASM984338v1_genomic_prodigal_proteins	2085	785	56.04	12.61	37.65
GCA_009498715.1_ASM949871v1_genomic_prodigal_proteins	2867	GCA_003211205.1_ASM321120v1_genomic_prodigal_proteins	2288	870	55.50	13.16	38.02
GCA_009498715.1_ASM949871v1_genomic_prodigal_proteins	2867	GCA_000063505.1_ASM6350v1_genomic_prodigal_proteins	2558	1156	55.73	13.18	45.19
GCA_009498715.1_ASM949871v1_genomic_prodigal_proteins	2867	GCA_900474245.1_UW179B_genomic_prodigal_proteins	2743	1143	55.49	13.16	41.67
GCA_009498715.1_ASM949871v1_genomic_prodigal_proteins	2867	GCA_003210345.1_ASM321034v1_genomic_prodigal_proteins	1256	469	54.37	12.57	37.34
GCA_009498715.1_ASM949871v1_genomic_prodigal_proteins	2867	GCA_003210315.1_ASM321031v1_genomic_prodigal_proteins	1815	668	55.15	13.43	36.80
GCA_009498715.1_ASM949871v1_genomic_prodigal_proteins	2867	GCA_009836155.1_ASM983615v1_genomic_prodigal_proteins	1947	897	55.73	12.45	46.07
GCA_009498715.1_ASM949871v1_genomic_prodigal_proteins	2867	GCA_003990665.2_ASM399066v2_genomic_prodigal_proteins	2499	1298	60.42	12.86	51.94
GCA_009498715.1_ASM949871v1_genomic_prodigal_proteins	2867	GCA_003209135.1_ASM320913v1_genomic_prodigal_proteins	1719	601	54.57	12.79	34.96
GCA_009498715.1_ASM949871v1_genomic_prodigal_proteins	2867	GCA_009845105.1_ASM984510v1_genomic_prodigal_proteins	1941	742	55.30	12.61	38.23
GCA_009498715.1_ASM949871v1_genomic_prodigal_proteins	2867	GCA_002690325.1_ASM269032v1_genomic_prodigal_proteins	2554	1031	54.51	12.62	40.37
GCA_009498715.1_ASM949871v1_genomic_prodigal_proteins	2867	GCA_000161795.2_ASM16179v2_genomic_prodigal_proteins	2407	1123	55.89	13.14	46.66
GCA_009498715.1_ASM949871v1_genomic_prodigal_proteins	2867	GCA_004211895.1_ASM421189v1_genomic_prodigal_proteins	954	469	55.99	12.92	49.16
GCA_009498715.1_ASM949871v1_genomic_prodigal_proteins	2867	GCA_003210735.1_ASM321073v1_genomic_prodigal_proteins	2337	811	54.74	12.89	34.70
GCA_009498715.1_ASM949871v1_genomic_prodigal_proteins	2867	GCA_003209035.1_ASM320903v1_genomic_prodigal_proteins	1803	587	55.50	13.13	32.56
GCA_009498715.1_ASM949871v1_genomic_prodigal_proteins	2867	GCA_003712085.1_ASM371208v1_genomic_prodigal_proteins	2745	1142	55.74	13.03	41.60
GCA_009498715.1_ASM949871v1_genomic_prodigal_proteins	2867	GCA_003212155.1_ASM321215v1_genomic_prodigal_proteins	262	65	56.08	14.90	24.81
GCA_009498715.1_ASM949871v1_genomic_prodigal_proteins	2867	GCA_001040845.1_ASM104084v1_genomic_prodigal_proteins	2917	1137	55.38	13.11	39.66
GCA_009498715.1_ASM949871v1_genomic_prodigal_proteins	2867	GCA_002018015.1_ASM201801v1_genomic_prodigal_proteins	1578	725	56.45	12.80	45.94
GCA_009498715.1_ASM949871v1_genomic_prodigal_proteins	2867	GCA_003211255.1_ASM321125v1_genomic_prodigal_proteins	1850	626	53.97	12.73	33.84
GCA_009498715.1_ASM949871v1_genomic_prodigal_proteins	2867	GCA_002721235.1_ASM272123v1_genomic_prodigal_proteins	3119	1393	59.69	12.82	48.59
GCA_009498715.1_ASM949871v1_genomic_prodigal_proteins	2867	GCA_009839305.1_ASM983930v1_genomic_prodigal_proteins	1816	688	56.64	12.90	37.89
GCA_009498715.1_ASM949871v1_genomic_prodigal_proteins	2867	GCA_011365345.1_ASM1136534v1_genomic_prodigal_proteins	2655	1142	55.75	13.16	43.01
GCA_009498715.1_ASM949871v1_genomic_prodigal_proteins	2867	GCA_001039265.1_ASM103926v1_genomic_prodigal_proteins	2832	877	58.00	13.21	30.97
GCA_009498715.1_ASM949871v1_genomic_prodigal_proteins	2867	GCA_001628325.1_ASM162832v1_genomic_prodigal_proteins	2129	1021	55.82	12.73	47.96
GCA_009498715.1_ASM949871v1_genomic_prodigal_proteins	2867	GCA_003209215.1_ASM320921v1_genomic_prodigal_proteins	1679	565	55.88	13.22	33.65
GCA_009498715.1_ASM949871v1_genomic_prodigal_proteins	2867	GCA_002737305.1_ASM273730v1_genomic_prodigal_proteins	1951	914	57.30	12.87	46.85
GCA_009498715.1_ASM949871v1_genomic_prodigal_proteins	2867	GCA_003210515.1_ASM321051v1_genomic_prodigal_proteins	1673	632	54.95	12.80	37.78
GCA_009498715.1_ASM949871v1_genomic_prodigal_proteins	2867	GCA_011525445.1_ASM1152544v1_genomic_prodigal_proteins	3208	935	54.91	12.59	32.61
GCA_009498715.1_ASM949871v1_genomic_prodigal_proteins	2867	GCA_902599435.1_AG-916-N22_genomic_prodigal_proteins	793	279	58.45	12.99	35.18
GCA_009498715.1_ASM949871v1_genomic_prodigal_proteins	2867	GCA_003149585.1_ASM314958v1_genomic_prodigal_proteins	2600	1210	56.41	13.09	46.54
GCA_009498715.1_ASM949871v1_genomic_prodigal_proteins	2867	GCA_902560665.1_AG-905-O11_genomic_prodigal_proteins	401	111	56.12	15.07	27.68
GCA_009498715.1_ASM949871v1_genomic_prodigal_proteins	2867	GCA_003331795.1_ASM333179v1_genomic_prodigal_proteins	1948	925	56.38	13.12	47.48
GCA_009498715.1_ASM949871v1_genomic_prodigal_proteins	2867	GCA_002017955.1_ASM201795v1_genomic_prodigal_proteins	512	216	55.53	12.83	42.19
GCA_009498715.1_ASM949871v1_genomic_prodigal_proteins	2867	GCA_902584485.1_AG-912-O23_genomic_prodigal_proteins	535	132	55.19	14.01	24.67
GCA_009498715.1_ASM949871v1_genomic_prodigal_proteins	2867	GCA_902527915.1_AG-896-G19_genomic_prodigal_proteins	1003	349	56.10	13.35	34.80
GCA_009498715.1_ASM949871v1_genomic_prodigal_proteins	2867	GCA_902635365.1_AG-447-D19_genomic_prodigal_proteins	1690	552	55.97	13.28	32.66
GCA_009498715.1_ASM949871v1_genomic_prodigal_proteins	2867	GCA_900474085.1_UW86_genomic_prodigal_proteins	2403	1125	55.81	13.04	46.82
GCA_009498715.1_ASM949871v1_genomic_prodigal_proteins	2867	GCA_001885215.1_ASM188521v1_genomic_prodigal_proteins	2897	1227	56.00	12.88	42.80
GCA_009498715.1_ASM949871v1_genomic_prodigal_proteins	2867	GCA_902575935.1_AG-426-B22_genomic_prodigal_proteins	254	105	60.75	15.24	41.34
GCA_009498715.1_ASM949871v1_genomic_prodigal_proteins	2867	GCA_900474295.1_UW140_genomic_prodigal_proteins	2925	1137	55.49	13.23	39.66
GCA_009498715.1_ASM949871v1_genomic_prodigal_proteins	2867	GCA_003211565.1_ASM321156v1_genomic_prodigal_proteins	1489	496	55.53	13.03	33.31
GCA_009498715.1_ASM949871v1_genomic_prodigal_proteins	2867	GCA_003526105.1_ASM352610v1_genomic_prodigal_proteins	1581	621	56.41	12.68	39.28
GCA_009498715.1_ASM949871v1_genomic_prodigal_proteins	2867	GCA_002172935.1_ASM217293v1_genomic_prodigal_proteins	1996	894	55.37	12.85	44.79
GCA_009498715.1_ASM949871v1_genomic_prodigal_proteins	2867	GCA_003210335.1_ASM321033v1_genomic_prodigal_proteins	942	208	54.04	13.31	22.08
GCA_009498715.1_ASM949871v1_genomic_prodigal_proteins	2867	GCA_009846115.1_ASM984611v1_genomic_prodigal_proteins	2048	809	55.70	12.37	39.50
GCA_009498715.1_ASM949871v1_genomic_prodigal_proteins	2867	GCA_001693295.1_ASM169329v1_genomic_prodigal_proteins	3183	1408	59.50	12.92	49.11
GCA_009498715.1_ASM949871v1_genomic_prodigal_proteins	2867	GCA_900473965.1_UW179A_genomic_prodigal_proteins	3383	1129	55.36	13.13	39.38
GCA_009498715.1_ASM949871v1_genomic_prodigal_proteins	2867	GCA_003213755.1_ASM321375v1_genomic_prodigal_proteins	1050	400	56.29	13.07	38.10
GCA_009498715.1_ASM949871v1_genomic_prodigal_proteins	2867	GCA_003209155.1_ASM320915v1_genomic_prodigal_proteins	2305	845	55.23	12.99	36.66
GCA_009498715.1_ASM949871v1_genomic_prodigal_proteins	2867	GCA_003211515.1_ASM321151v1_genomic_prodigal_proteins	2451	720	54.92	13.32	29.38
GCA_009498715.1_ASM949871v1_genomic_prodigal_proteins	2867	GCA_002693285.1_ASM269328v1_genomic_prodigal_proteins	2440	978	55.15	12.98	40.08
GCA_009498715.1_ASM949871v1_genomic_prodigal_proteins	2867	GCA_003210555.1_ASM321055v1_genomic_prodigal_proteins	1847	626	55.25	12.86	33.89
GCA_009498715.1_ASM949871v1_genomic_prodigal_proteins	2867	GCA_000155595.1_ASM15559v1_genomic_prodigal_proteins	5270	1466	58.14	12.96	51.13
GCA_009498715.1_ASM949871v1_genomic_prodigal_proteins	2867	GCA_001007665.1_ASM100766v1_genomic_prodigal_proteins	2356	946	55.58	12.43	40.15
GCA_009498715.1_ASM949871v1_genomic_prodigal_proteins	2867	GCA_009919765.1_ASM991976v1_genomic_prodigal_proteins	2524	783	56.49	12.89	31.02
GCA_009498715.1_ASM949871v1_genomic_prodigal_proteins	2867	GCA_003331225.1_ASM333122v1_genomic_prodigal_proteins	2113	991	56.35	13.04	46.90
GCA_009498715.1_ASM949871v1_genomic_prodigal_proteins	2867	GCA_900177825.1_IMG-taxon_2708742468_annotated_assembly_genomic_prodigal_proteins	3317	1388	59.62	12.91	48.41
GCA_009498715.1_ASM949871v1_genomic_prodigal_proteins	2867	GCA_000195975.1_ASM19597v1_genomic_prodigal_proteins	2719	1141	55.72	13.12	41.96
GCA_009498715.1_ASM949871v1_genomic_prodigal_proteins	2867	GCA_902618885.1_AG-920-D15_genomic_prodigal_proteins	1178	427	56.59	13.73	36.25
GCA_009498715.1_ASM949871v1_genomic_prodigal_proteins	2867	GCA_003209165.1_ASM320916v1_genomic_prodigal_proteins	2711	963	55.85	13.18	35.52
GCA_009498715.1_ASM949871v1_genomic_prodigal_proteins	2867	GCA_001007625.1_ASM100762v1_genomic_prodigal_proteins	2478	843	55.89	12.76	34.02
GCA_009498715.1_ASM949871v1_genomic_prodigal_proteins	2867	GCA_008386235.1_ASM838623v1_genomic_prodigal_proteins	2571	1327	60.37	12.79	51.61
GCA_009498715.1_ASM949871v1_genomic_prodigal_proteins	2867	GCA_001631935.1_ASM163193v1_genomic_prodigal_proteins	3526	1123	55.51	13.15	39.17
GCA_009498715.1_ASM949871v1_genomic_prodigal_proteins	2867	GCA_002151525.1_ASM215152v1_genomic_prodigal_proteins	1628	820	56.26	12.85	50.37
GCA_009498715.1_ASM949871v1_genomic_prodigal_proteins	2867	GCA_000153065.1_ASM15306v1_genomic_prodigal_proteins	2704	1172	55.89	13.10	43.34
GCA_009498715.1_ASM949871v1_genomic_prodigal_proteins	2867	GCA_009837265.1_ASM983726v1_genomic_prodigal_proteins	2126	866	55.88	12.68	40.73
GCA_009498715.1_ASM949871v1_genomic_prodigal_proteins	2867	GCA_902533725.1_AG-898-C20_genomic_prodigal_proteins	421	85	57.13	14.83	20.19
GCA_009498715.1_ASM949871v1_genomic_prodigal_proteins	2867	GCA_002171075.2_ASM217107v2_genomic_prodigal_proteins	1919	841	55.20	12.74	43.82
GCA_009498715.1_ASM949871v1_genomic_prodigal_proteins	2867	GCA_002760395.1_ASM276039v1_genomic_prodigal_proteins	2661	1131	57.72	12.07	42.50
GCA_009498715.1_ASM949871v1_genomic_prodigal_proteins	2867	GCA_003209005.1_ASM320900v1_genomic_prodigal_proteins	2548	919	55.26	12.86	36.07
GCA_009498715.1_ASM949871v1_genomic_prodigal_proteins	2867	GCA_002017915.1_ASM201791v1_genomic_prodigal_proteins	623	285	57.70	13.08	45.75
GCA_009498715.1_ASM949871v1_genomic_prodigal_proteins	2867	GCA_900047545.1_m9_genomic_prodigal_proteins	1575	731	55.59	12.64	46.41
GCA_009498715.1_ASM949871v1_genomic_prodigal_proteins	2867	GCA_001632105.1_ASM163210v1_genomic_prodigal_proteins	3521	1129	55.40	13.01	39.38
GCA_009498715.1_ASM949871v1_genomic_prodigal_proteins	2867	GCA_004212765.1_ASM421276v1_genomic_prodigal_proteins	1162	568	55.42	12.81	48.88
GCA_009498715.1_ASM949871v1_genomic_prodigal_proteins	2867	GCA_002685515.1_ASM268551v1_genomic_prodigal_proteins	1286	609	54.37	12.48	47.36
GCA_009498715.1_ASM949871v1_genomic_prodigal_proteins	2867	GCA_007828135.1_ASM782813v1_genomic_prodigal_proteins	2917	1229	56.07	12.95	42.87
GCA_009498715.1_ASM949871v1_genomic_prodigal_proteins	2867	GCA_011047875.1_ASM1104787v1_genomic_prodigal_proteins	2810	1149	57.55	12.11	40.89
GCA_009498715.1_ASM949871v1_genomic_prodigal_proteins	2867	GCA_009840445.1_ASM984044v1_genomic_prodigal_proteins	2167	951	55.66	12.60	43.89
GCA_009498715.1_ASM949871v1_genomic_prodigal_proteins	2867	GCA_003210995.1_ASM321099v1_genomic_prodigal_proteins	2385	801	55.91	13.29	33.58
GCA_009498715.1_ASM949871v1_genomic_prodigal_proteins	2867	GCA_902616995.1_AG-919-L20_genomic_prodigal_proteins	654	224	55.73	14.19	34.25
GCA_009498715.1_ASM949871v1_genomic_prodigal_proteins	2867	GCA_009845825.1_ASM984582v1_genomic_prodigal_proteins	2168	820	56.01	12.50	37.82
GCA_009498715.1_ASM949871v1_genomic_prodigal_proteins	2867	GCA_000515235.1_ASM51523v1_genomic_prodigal_proteins	2873	1128	55.69	13.05	39.34
GCA_009498715.1_ASM949871v1_genomic_prodigal_proteins	2867	GCA_003523965.1_ASM352396v1_genomic_prodigal_proteins	1735	641	56.72	12.64	36.95
GCA_009498715.1_ASM949871v1_genomic_prodigal_proteins	2867	GCA_002684175.1_ASM268417v1_genomic_prodigal_proteins	1819	676	54.04	12.39	37.16
GCA_009498715.1_ASM949871v1_genomic_prodigal_proteins	2867	GCA_011523295.1_ASM1152329v1_genomic_prodigal_proteins	2851	893	53.82	12.31	31.32
GCA_009498715.1_ASM949871v1_genomic_prodigal_proteins	2867	GCA_003211015.1_ASM321101v1_genomic_prodigal_proteins	2128	812	54.90	12.83	38.16
GCA_009498715.1_ASM949871v1_genomic_prodigal_proteins	2867	GCA_002006815.1_ASM200681v1_genomic_prodigal_proteins	1973	1036	56.35	12.99	52.51
GCA_900473955.1_GEYO_genomic_prodigal_proteins	2674	GCA_002167425.2_ASM216742v2_genomic_prodigal_proteins	2822	1578	69.55	13.73	59.01
GCA_900473955.1_GEYO_genomic_prodigal_proteins	2674	GCA_009844645.1_ASM984464v1_genomic_prodigal_proteins	1983	1084	60.89	12.95	54.66
GCA_900473955.1_GEYO_genomic_prodigal_proteins	2674	GCA_008081095.1_ASM808109v1_genomic_prodigal_proteins	1533	955	71.42	13.39	62.30
GCA_900473955.1_GEYO_genomic_prodigal_proteins	2674	GCA_000014585.1_ASM1458v1_genomic_prodigal_proteins	2879	1930	73.85	12.82	72.18
GCA_900473955.1_GEYO_genomic_prodigal_proteins	2674	GCA_000317085.1_ASM31708v1_genomic_prodigal_proteins	3673	958	51.63	12.28	35.83
GCA_900473955.1_GEYO_genomic_prodigal_proteins	2674	GCA_013133755.1_ASM1313375v1_genomic_prodigal_proteins	2700	2337	96.86	6.15	87.40
GCA_900473955.1_GEYO_genomic_prodigal_proteins	2674	GCA_003210475.1_ASM321047v1_genomic_prodigal_proteins	1514	1115	93.85	7.00	73.65
GCA_900473955.1_GEYO_genomic_prodigal_proteins	2674	GCA_003208815.1_ASM320881v1_genomic_prodigal_proteins	1352	729	69.15	14.22	53.92
GCA_900473955.1_GEYO_genomic_prodigal_proteins	2674	GCA_000012505.1_ASM1250v1_genomic_prodigal_proteins	2461	1809	70.23	13.86	73.51
GCA_900473955.1_GEYO_genomic_prodigal_proteins	2674	GCA_000153825.1_ASM15382v1_genomic_prodigal_proteins	2811	1901	73.57	13.33	71.09
GCA_900473955.1_GEYO_genomic_prodigal_proteins	2674	GCA_002760475.1_ASM276047v1_genomic_prodigal_proteins	2647	894	52.73	11.83	33.77
GCA_900473955.1_GEYO_genomic_prodigal_proteins	2674	GCA_003210565.1_ASM321056v1_genomic_prodigal_proteins	836	496	73.35	13.97	59.33
GCA_900473955.1_GEYO_genomic_prodigal_proteins	2674	GCA_902618505.1_AG-892-K03_genomic_prodigal_proteins	959	418	70.88	15.16	43.59
GCA_900473955.1_GEYO_genomic_prodigal_proteins	2674	GCA_005577135.1_ASM557713v1_genomic_prodigal_proteins	3356	1045	53.38	12.78	39.08
GCA_900473955.1_GEYO_genomic_prodigal_proteins	2674	GCA_003846445.1_ASM384644v1_genomic_prodigal_proteins	2740	1142	55.45	13.01	42.71
GCA_900473955.1_GEYO_genomic_prodigal_proteins	2674	GCA_000505665.1_ASM50566v1_genomic_prodigal_proteins	2466	985	53.31	12.45	39.94
GCA_900473955.1_GEYO_genomic_prodigal_proteins	2674	GCA_902616255.1_AG-919-I18_genomic_prodigal_proteins	1046	596	69.34	13.75	56.98
GCA_900473955.1_GEYO_genomic_prodigal_proteins	2674	GCA_001182765.1_WH8103.1_genomic_prodigal_proteins	2676	1794	71.01	13.82	67.09
GCA_900473955.1_GEYO_genomic_prodigal_proteins	2674	GCA_002760375.1_ASM276037v1_genomic_prodigal_proteins	2702	897	52.68	11.85	33.55
GCA_900473955.1_GEYO_genomic_prodigal_proteins	2674	GCA_902592305.1_AG-914-O22_genomic_prodigal_proteins	179	94	70.76	13.94	52.51
GCA_900473955.1_GEYO_genomic_prodigal_proteins	2674	GCA_001632165.1_ASM163216v1_genomic_prodigal_proteins	2830	2300	96.13	6.07	86.01
GCA_900473955.1_GEYO_genomic_prodigal_proteins	2674	GCA_004332405.1_ASM433240v1_genomic_prodigal_proteins	2437	1813	74.33	13.15	74.39
GCA_900473955.1_GEYO_genomic_prodigal_proteins	2674	GCA_900473975.1_N26_genomic_prodigal_proteins	2454	1780	71.12	13.86	72.53
GCA_900473955.1_GEYO_genomic_prodigal_proteins	2674	GCA_902612475.1_AG-918-G20_genomic_prodigal_proteins	502	233	69.18	13.83	46.41
GCA_900473955.1_GEYO_genomic_prodigal_proteins	2674	GCA_000775285.1_ASM77528v1_genomic_prodigal_proteins	4812	931	53.60	12.93	34.82
GCA_900473955.1_GEYO_genomic_prodigal_proteins	2674	GCA_002698505.1_ASM269850v1_genomic_prodigal_proteins	2471	1737	72.74	13.15	70.30
GCA_900473955.1_GEYO_genomic_prodigal_proteins	2674	GCA_002252665.1_ASM225266v1_genomic_prodigal_proteins	2771	1606	66.82	13.71	60.06
GCA_900473955.1_GEYO_genomic_prodigal_proteins	2674	GCA_003555505.1_ASM355550v1_genomic_prodigal_proteins	3351	727	54.03	12.77	27.19
GCA_900473955.1_GEYO_genomic_prodigal_proteins	2674	GCA_900474015.1_UW106_genomic_prodigal_proteins	2762	1850	70.75	13.99	69.18
GCA_900473955.1_GEYO_genomic_prodigal_proteins	2674	GCA_000715475.1_ASM71547v1_genomic_prodigal_proteins	3299	1026	53.36	12.84	38.37
GCA_900473955.1_GEYO_genomic_prodigal_proteins	2674	GCA_001628295.1_ASM162829v1_genomic_prodigal_proteins	2145	1622	71.48	13.59	75.62
GCA_900473955.1_GEYO_genomic_prodigal_proteins	2674	GCA_003208775.1_ASM320877v1_genomic_prodigal_proteins	1808	1200	73.15	13.03	66.37
GCA_900473955.1_GEYO_genomic_prodigal_proteins	2674	GCA_003210975.1_ASM321097v1_genomic_prodigal_proteins	627	436	70.42	14.91	69.54
GCA_900473955.1_GEYO_genomic_prodigal_proteins	2674	GCA_003208915.1_ASM320891v1_genomic_prodigal_proteins	1208	690	69.39	14.08	57.12
GCA_900473955.1_GEYO_genomic_prodigal_proteins	2674	GCA_009837735.1_ASM983773v1_genomic_prodigal_proteins	2041	937	60.76	13.02	45.91
GCA_900473955.1_GEYO_genomic_prodigal_proteins	2674	GCA_902548805.1_AG-901-N20_genomic_prodigal_proteins	158	74	67.19	16.33	46.84
GCA_900473955.1_GEYO_genomic_prodigal_proteins	2674	GCA_003211235.1_ASM321123v1_genomic_prodigal_proteins	1698	983	70.36	13.55	57.89
GCA_900473955.1_GEYO_genomic_prodigal_proteins	2674	GCA_004209775.1_ASM420977v1_genomic_prodigal_proteins	2798	1815	74.23	12.94	67.88
GCA_900473955.1_GEYO_genomic_prodigal_proteins	2674	GCA_003283215.1_ASM328321v1_genomic_prodigal_proteins	239	69	84.37	18.53	28.87
GCA_900473955.1_GEYO_genomic_prodigal_proteins	2674	GCA_003209555.1_ASM320955v1_genomic_prodigal_proteins	908	435	65.55	14.52	47.91
GCA_900473955.1_GEYO_genomic_prodigal_proteins	2674	GCA_000153805.1_ASM15380v1_genomic_prodigal_proteins	2517	1840	69.87	14.00	73.10
GCA_900473955.1_GEYO_genomic_prodigal_proteins	2674	GCA_003283205.1_ASM328320v1_genomic_prodigal_proteins	274	99	88.84	16.09	36.13
GCA_900473955.1_GEYO_genomic_prodigal_proteins	2674	GCA_900473925.1_N5_genomic_prodigal_proteins	2417	1763	71.19	13.81	72.94
GCA_900473955.1_GEYO_genomic_prodigal_proteins	2674	GCA_902592665.1_AG-447-E14_genomic_prodigal_proteins	1111	554	68.49	14.36	49.86
GCA_900473955.1_GEYO_genomic_prodigal_proteins	2674	GCA_011523155.1_ASM1152315v1_genomic_prodigal_proteins	2101	1294	71.54	12.58	61.59
GCA_900473955.1_GEYO_genomic_prodigal_proteins	2674	GCA_003211275.1_ASM321127v1_genomic_prodigal_proteins	2168	1596	93.79	7.43	73.62
GCA_900473955.1_GEYO_genomic_prodigal_proteins	2674	GCA_003957805.1_ASM395780v1_genomic_prodigal_proteins	2887	1175	55.37	12.99	43.94
GCA_900473955.1_GEYO_genomic_prodigal_proteins	2674	GCA_012270465.1_ASM1227046v1_genomic_prodigal_proteins	2311	1351	64.61	13.76	58.46
GCA_900473955.1_GEYO_genomic_prodigal_proteins	2674	GCA_001693255.1_ASM169325v1_genomic_prodigal_proteins	3177	1038	53.54	12.71	38.82
GCA_900473955.1_GEYO_genomic_prodigal_proteins	2674	GCA_003210385.1_ASM321038v1_genomic_prodigal_proteins	286	217	73.70	12.56	75.87
GCA_900473955.1_GEYO_genomic_prodigal_proteins	2674	GCA_002170705.1_ASM217070v1_genomic_prodigal_proteins	1392	965	70.84	13.45	69.32
GCA_900473955.1_GEYO_genomic_prodigal_proteins	2674	GCA_002356215.1_ASM235621v1_genomic_prodigal_proteins	2953	1033	53.42	12.83	38.63
GCA_900473955.1_GEYO_genomic_prodigal_proteins	2674	GCA_003210935.1_ASM321093v1_genomic_prodigal_proteins	1868	1499	96.56	6.45	80.25
GCA_900473955.1_GEYO_genomic_prodigal_proteins	2674	GCA_003210535.1_ASM321053v1_genomic_prodigal_proteins	1257	716	69.03	13.81	56.96
GCA_900473955.1_GEYO_genomic_prodigal_proteins	2674	GCA_002724845.1_ASM272484v1_genomic_prodigal_proteins	1589	1226	70.75	13.40	77.16
GCA_900473955.1_GEYO_genomic_prodigal_proteins	2674	GCA_000153285.1_ASM15328v1_genomic_prodigal_proteins	2746	1952	77.74	12.16	73.00
GCA_900473955.1_GEYO_genomic_prodigal_proteins	2674	GCA_003211035.1_ASM321103v1_genomic_prodigal_proteins	530	334	68.64	13.95	63.02
GCA_900473955.1_GEYO_genomic_prodigal_proteins	2674	GCA_001521855.1_ASM152185v1_genomic_prodigal_proteins	3144	1049	53.36	12.80	39.23
GCA_900473955.1_GEYO_genomic_prodigal_proteins	2674	GCA_009835965.1_ASM983596v1_genomic_prodigal_proteins	2105	1158	61.04	12.74	55.01
GCA_900473955.1_GEYO_genomic_prodigal_proteins	2674	GCA_012269695.1_ASM1226969v1_genomic_prodigal_proteins	2043	1154	64.81	13.71	56.49
GCA_900473955.1_GEYO_genomic_prodigal_proteins	2674	GCA_000737535.1_ASM73753v1_genomic_prodigal_proteins	3013	1831	70.44	13.75	68.47
GCA_900473955.1_GEYO_genomic_prodigal_proteins	2674	GCA_000586015.1_SynSpo.0_genomic_prodigal_proteins	1907	910	61.55	13.30	47.72
GCA_900473955.1_GEYO_genomic_prodigal_proteins	2674	GCA_002760345.1_ASM276034v1_genomic_prodigal_proteins	2731	906	52.76	11.82	33.88
GCA_900473955.1_GEYO_genomic_prodigal_proteins	2674	GCA_000013225.1_ASM1322v1_genomic_prodigal_proteins	2844	913	52.72	11.85	34.14
GCA_900473955.1_GEYO_genomic_prodigal_proteins	2674	GCA_000332275.1_ASM33227v1_genomic_prodigal_proteins	4564	1017	51.60	12.15	38.03
GCA_900473955.1_GEYO_genomic_prodigal_proteins	2674	GCA_002252675.1_ASM225267v1_genomic_prodigal_proteins	3295	1596	66.23	13.52	59.69
GCA_900473955.1_GEYO_genomic_prodigal_proteins	2674	GCA_000737575.1_ASM73757v1_genomic_prodigal_proteins	2662	1839	71.09	13.72	69.08
GCA_900473955.1_GEYO_genomic_prodigal_proteins	2674	GCA_902596755.1_AG-916-D19_genomic_prodigal_proteins	1152	643	69.90	13.86	55.82
GCA_900473955.1_GEYO_genomic_prodigal_proteins	2674	GCA_003211455.1_ASM321145v1_genomic_prodigal_proteins	1186	658	69.72	14.16	55.48
GCA_900473955.1_GEYO_genomic_prodigal_proteins	2674	GCA_003208755.1_ASM320875v1_genomic_prodigal_proteins	690	441	69.61	14.38	63.91
GCA_900473955.1_GEYO_genomic_prodigal_proteins	2674	GCA_007571215.1_ASM757121v1_genomic_prodigal_proteins	1879	1137	60.46	13.11	60.51
GCA_900473955.1_GEYO_genomic_prodigal_proteins	2674	GCA_001007635.1_ASM100763v1_genomic_prodigal_proteins	2333	1044	61.03	12.81	44.75
GCA_900473955.1_GEYO_genomic_prodigal_proteins	2674	GCA_000179255.1_ASM17925v1_genomic_prodigal_proteins	2729	1669	66.57	13.80	62.42
GCA_900473955.1_GEYO_genomic_prodigal_proteins	2674	GCA_003208975.1_ASM320897v1_genomic_prodigal_proteins	1804	999	70.17	13.91	55.38
GCA_900473955.1_GEYO_genomic_prodigal_proteins	2674	GCA_012103655.1_ASM1210365v1_genomic_prodigal_proteins	2723	1927	74.01	12.71	72.06
GCA_900473955.1_GEYO_genomic_prodigal_proteins	2674	GCA_902582045.1_AG-912-B07_genomic_prodigal_proteins	196	79	69.83	14.43	40.31
GCA_900473955.1_GEYO_genomic_prodigal_proteins	2674	GCA_000153045.1_ASM15304v1_genomic_prodigal_proteins	3242	1651	66.01	13.78	61.74
GCA_900473955.1_GEYO_genomic_prodigal_proteins	2674	GCA_902549675.1_AG-903-B09_genomic_prodigal_proteins	836	444	71.08	13.99	53.11
GCA_900473955.1_GEYO_genomic_prodigal_proteins	2674	GCA_002018045.1_ASM201804v1_genomic_prodigal_proteins	1559	901	61.60	12.78	57.79
GCA_900473955.1_GEYO_genomic_prodigal_proteins	2674	GCA_004213055.1_ASM421305v1_genomic_prodigal_proteins	2241	1640	73.43	13.20	73.18
GCA_900473955.1_GEYO_genomic_prodigal_proteins	2674	GCA_007571085.1_ASM757108v1_genomic_prodigal_proteins	1784	1117	60.38	13.20	62.61
GCA_900473955.1_GEYO_genomic_prodigal_proteins	2674	GCA_009839805.1_ASM983980v1_genomic_prodigal_proteins	1848	773	58.99	12.41	41.83
GCA_900473955.1_GEYO_genomic_prodigal_proteins	2674	GCA_003210375.1_ASM321037v1_genomic_prodigal_proteins	2155	1355	69.65	14.05	62.88
GCA_900473955.1_GEYO_genomic_prodigal_proteins	2674	GCA_004332415.1_ASM433241v1_genomic_prodigal_proteins	2408	1839	74.23	13.04	76.37
GCA_900473955.1_GEYO_genomic_prodigal_proteins	2674	GCA_009836025.1_ASM983602v1_genomic_prodigal_proteins	2290	1157	60.65	12.96	50.52
GCA_900473955.1_GEYO_genomic_prodigal_proteins	2674	GCA_009843455.1_ASM984345v1_genomic_prodigal_proteins	2423	1133	60.69	12.84	46.76
GCA_900473955.1_GEYO_genomic_prodigal_proteins	2674	GCA_009843485.1_ASM984348v1_genomic_prodigal_proteins	2158	1161	60.98	12.78	53.80
GCA_900473955.1_GEYO_genomic_prodigal_proteins	2674	GCA_003283135.1_ASM328313v1_genomic_prodigal_proteins	459	171	70.42	14.53	37.25
GCA_900473955.1_GEYO_genomic_prodigal_proteins	2674	GCA_902635485.1_AG-447-G23_genomic_prodigal_proteins	327	137	66.02	15.89	41.90
GCA_900473955.1_GEYO_genomic_prodigal_proteins	2674	GCA_002760415.1_ASM276041v1_genomic_prodigal_proteins	2670	896	52.72	11.82	33.56
GCA_900473955.1_GEYO_genomic_prodigal_proteins	2674	GCA_002754935.1_ASM275493v1_genomic_prodigal_proteins	2664	966	53.12	12.47	36.26
GCA_900473955.1_GEYO_genomic_prodigal_proteins	2674	GCA_002171685.2_ASM217168v2_genomic_prodigal_proteins	811	657	75.14	12.22	81.01
GCA_900473955.1_GEYO_genomic_prodigal_proteins	2674	GCA_000737595.1_ASM73759v1_genomic_prodigal_proteins	2774	1835	70.68	13.82	68.62
GCA_900473955.1_GEYO_genomic_prodigal_proteins	2674	GCA_003331785.1_ASM333178v1_genomic_prodigal_proteins	2125	1709	74.40	12.43	80.42
GCA_900473955.1_GEYO_genomic_prodigal_proteins	2674	GCA_009842265.1_ASM984226v1_genomic_prodigal_proteins	2398	1151	60.68	12.91	48.00
GCA_900473955.1_GEYO_genomic_prodigal_proteins	2674	GCA_902579345.1_AG-911-L15_genomic_prodigal_proteins	248	104	67.35	15.54	41.94
GCA_900473955.1_GEYO_genomic_prodigal_proteins	2674	GCA_000011345.1_ASM1134v1_genomic_prodigal_proteins	2520	1000	53.46	12.45	39.68
GCA_900473955.1_GEYO_genomic_prodigal_proteins	2674	GCA_003210705.1_ASM321070v1_genomic_prodigal_proteins	2244	1722	93.42	8.28	76.74
GCA_900473955.1_GEYO_genomic_prodigal_proteins	2674	GCA_000019485.1_ASM1948v1_genomic_prodigal_proteins	3233	1045	53.36	12.83	39.08
GCA_900473955.1_GEYO_genomic_prodigal_proteins	2674	GCA_003283055.1_ASM328305v1_genomic_prodigal_proteins	482	111	65.41	15.54	23.03
GCA_900473955.1_GEYO_genomic_prodigal_proteins	2674	GCA_000010065.1_ASM1006v1_genomic_prodigal_proteins	2691	1164	55.32	12.98	43.53
GCA_900473955.1_GEYO_genomic_prodigal_proteins	2674	GCA_000316685.1_ASM31668v1_genomic_prodigal_proteins	3706	1035	53.05	12.39	38.71
GCA_900473955.1_GEYO_genomic_prodigal_proteins	2674	GCA_000063525.1_ASM6352v1_genomic_prodigal_proteins	2540	1646	65.67	14.22	64.80
GCA_900473955.1_GEYO_genomic_prodigal_proteins	2674	GCA_003283165.1_ASM328316v1_genomic_prodigal_proteins	217	70	70.48	13.10	32.26
GCA_900473955.1_GEYO_genomic_prodigal_proteins	2674	GCA_902540675.1_AG-359-E22_genomic_prodigal_proteins	584	310	70.15	15.68	53.08
GCA_900473955.1_GEYO_genomic_prodigal_proteins	2674	GCA_011055065.1_ASM1105506v1_genomic_prodigal_proteins	2792	871	52.65	11.95	32.57
GCA_900473955.1_GEYO_genomic_prodigal_proteins	2674	GCA_000013205.1_ASM1320v1_genomic_prodigal_proteins	2750	906	52.78	11.84	33.88
GCA_900473955.1_GEYO_genomic_prodigal_proteins	2674	GCA_003539795.1_ASM353979v1_genomic_prodigal_proteins	2284	1377	69.88	13.17	60.29
GCA_900473955.1_GEYO_genomic_prodigal_proteins	2674	GCA_002171995.1_ASM217199v1_genomic_prodigal_proteins	1978	1065	72.72	13.25	53.84
GCA_900473955.1_GEYO_genomic_prodigal_proteins	2674	GCA_011523835.1_ASM1152383v1_genomic_prodigal_proteins	2468	1656	77.43	12.31	67.10
GCA_900473955.1_GEYO_genomic_prodigal_proteins	2674	GCA_002172175.1_ASM217217v1_genomic_prodigal_proteins	1846	1071	63.72	13.95	58.02
GCA_900473955.1_GEYO_genomic_prodigal_proteins	2674	GCA_003208835.1_ASM320883v1_genomic_prodigal_proteins	2208	1343	70.26	14.07	60.82
GCA_900473955.1_GEYO_genomic_prodigal_proteins	2674	GCA_902589915.1_AG-914-F20_genomic_prodigal_proteins	373	141	71.73	15.08	37.80
GCA_900473955.1_GEYO_genomic_prodigal_proteins	2674	GCA_000485815.1_ASM48581v1_genomic_prodigal_proteins	3083	1011	53.45	12.74	37.81
GCA_900473955.1_GEYO_genomic_prodigal_proteins	2674	GCA_008807075.1_ASM880707v1_genomic_prodigal_proteins	2925	1631	65.71	13.82	60.99
GCA_900473955.1_GEYO_genomic_prodigal_proteins	2674	GCA_000179235.2_ASM17923v2_genomic_prodigal_proteins	3071	1676	67.16	13.71	62.68
GCA_900473955.1_GEYO_genomic_prodigal_proteins	2674	GCA_003210795.1_ASM321079v1_genomic_prodigal_proteins	2239	1402	70.06	14.15	62.62
GCA_900473955.1_GEYO_genomic_prodigal_proteins	2674	GCA_002706715.1_ASM270671v1_genomic_prodigal_proteins	1148	887	71.07	13.64	77.26
GCA_900473955.1_GEYO_genomic_prodigal_proteins	2674	GCA_003331245.1_ASM333124v1_genomic_prodigal_proteins	2021	1506	70.89	13.35	74.52
GCA_900473955.1_GEYO_genomic_prodigal_proteins	2674	GCA_009843385.1_ASM984338v1_genomic_prodigal_proteins	2085	969	60.87	13.00	46.47
GCA_900473955.1_GEYO_genomic_prodigal_proteins	2674	GCA_003211205.1_ASM321120v1_genomic_prodigal_proteins	2288	1788	94.63	6.43	78.15
GCA_900473955.1_GEYO_genomic_prodigal_proteins	2674	GCA_000063505.1_ASM6350v1_genomic_prodigal_proteins	2558	1928	78.28	12.03	75.37
GCA_900473955.1_GEYO_genomic_prodigal_proteins	2674	GCA_900474245.1_UW179B_genomic_prodigal_proteins	2743	1919	74.10	12.75	71.77
GCA_900473955.1_GEYO_genomic_prodigal_proteins	2674	GCA_003210345.1_ASM321034v1_genomic_prodigal_proteins	1256	758	69.17	13.49	60.35
GCA_900473955.1_GEYO_genomic_prodigal_proteins	2674	GCA_003210315.1_ASM321031v1_genomic_prodigal_proteins	1815	1193	73.11	12.97	65.73
GCA_900473955.1_GEYO_genomic_prodigal_proteins	2674	GCA_009836155.1_ASM983615v1_genomic_prodigal_proteins	1947	1094	60.93	12.91	56.19
GCA_900473955.1_GEYO_genomic_prodigal_proteins	2674	GCA_003990665.2_ASM399066v2_genomic_prodigal_proteins	2499	1003	53.43	12.47	40.14
GCA_900473955.1_GEYO_genomic_prodigal_proteins	2674	GCA_003209135.1_ASM320913v1_genomic_prodigal_proteins	1719	1003	69.32	13.98	58.35
GCA_900473955.1_GEYO_genomic_prodigal_proteins	2674	GCA_009845105.1_ASM984510v1_genomic_prodigal_proteins	1941	908	60.51	12.96	46.78
GCA_900473955.1_GEYO_genomic_prodigal_proteins	2674	GCA_002690325.1_ASM269032v1_genomic_prodigal_proteins	2554	1690	69.86	13.75	66.17
GCA_900473955.1_GEYO_genomic_prodigal_proteins	2674	GCA_000161795.2_ASM16179v2_genomic_prodigal_proteins	2407	1774	71.02	13.78	73.70
GCA_900473955.1_GEYO_genomic_prodigal_proteins	2674	GCA_004211895.1_ASM421189v1_genomic_prodigal_proteins	954	701	71.32	13.48	73.48
GCA_900473955.1_GEYO_genomic_prodigal_proteins	2674	GCA_003210735.1_ASM321073v1_genomic_prodigal_proteins	2337	1409	69.66	13.71	60.29
GCA_900473955.1_GEYO_genomic_prodigal_proteins	2674	GCA_003209035.1_ASM320903v1_genomic_prodigal_proteins	1803	1044	69.82	14.08	57.90
GCA_900473955.1_GEYO_genomic_prodigal_proteins	2674	GCA_003712085.1_ASM371208v1_genomic_prodigal_proteins	2745	1791	71.05	13.71	66.98
GCA_900473955.1_GEYO_genomic_prodigal_proteins	2674	GCA_003212155.1_ASM321215v1_genomic_prodigal_proteins	262	110	64.18	16.36	41.98
GCA_900473955.1_GEYO_genomic_prodigal_proteins	2674	GCA_001040845.1_ASM104084v1_genomic_prodigal_proteins	2917	1937	73.90	12.68	72.44
GCA_900473955.1_GEYO_genomic_prodigal_proteins	2674	GCA_002018015.1_ASM201801v1_genomic_prodigal_proteins	1578	874	61.61	12.88	55.39
GCA_900473955.1_GEYO_genomic_prodigal_proteins	2674	GCA_003211255.1_ASM321125v1_genomic_prodigal_proteins	1850	1075	69.60	13.70	58.11
GCA_900473955.1_GEYO_genomic_prodigal_proteins	2674	GCA_002721235.1_ASM272123v1_genomic_prodigal_proteins	3119	1044	53.42	12.76	39.04
GCA_900473955.1_GEYO_genomic_prodigal_proteins	2674	GCA_009839305.1_ASM983930v1_genomic_prodigal_proteins	1816	871	61.45	13.14	47.96
GCA_900473955.1_GEYO_genomic_prodigal_proteins	2674	GCA_011365345.1_ASM1136534v1_genomic_prodigal_proteins	2655	1850	70.99	13.90	69.68
GCA_900473955.1_GEYO_genomic_prodigal_proteins	2674	GCA_001039265.1_ASM103926v1_genomic_prodigal_proteins	2832	1115	67.97	13.78	41.70
GCA_900473955.1_GEYO_genomic_prodigal_proteins	2674	GCA_001628325.1_ASM162832v1_genomic_prodigal_proteins	2129	1599	71.35	13.56	75.11
GCA_900473955.1_GEYO_genomic_prodigal_proteins	2674	GCA_003209215.1_ASM320921v1_genomic_prodigal_proteins	1679	916	70.62	13.76	54.56
GCA_900473955.1_GEYO_genomic_prodigal_proteins	2674	GCA_002737305.1_ASM273730v1_genomic_prodigal_proteins	1951	1220	66.88	13.69	62.53
GCA_900473955.1_GEYO_genomic_prodigal_proteins	2674	GCA_003210515.1_ASM321051v1_genomic_prodigal_proteins	1673	1068	69.08	13.91	63.84
GCA_900473955.1_GEYO_genomic_prodigal_proteins	2674	GCA_011525445.1_ASM1152544v1_genomic_prodigal_proteins	3208	1560	72.35	12.98	58.34
GCA_900473955.1_GEYO_genomic_prodigal_proteins	2674	GCA_902599435.1_AG-916-N22_genomic_prodigal_proteins	793	447	72.06	13.99	56.37
GCA_900473955.1_GEYO_genomic_prodigal_proteins	2674	GCA_003149585.1_ASM314958v1_genomic_prodigal_proteins	2600	1701	66.50	13.97	65.42
GCA_900473955.1_GEYO_genomic_prodigal_proteins	2674	GCA_902560665.1_AG-905-O11_genomic_prodigal_proteins	401	198	70.22	15.20	49.38
GCA_900473955.1_GEYO_genomic_prodigal_proteins	2674	GCA_003331795.1_ASM333179v1_genomic_prodigal_proteins	1948	1321	65.34	14.39	67.81
GCA_900473955.1_GEYO_genomic_prodigal_proteins	2674	GCA_002017955.1_ASM201795v1_genomic_prodigal_proteins	512	244	61.33	12.64	47.66
GCA_900473955.1_GEYO_genomic_prodigal_proteins	2674	GCA_902584485.1_AG-912-O23_genomic_prodigal_proteins	535	243	70.01	14.86	45.42
GCA_900473955.1_GEYO_genomic_prodigal_proteins	2674	GCA_902527915.1_AG-896-G19_genomic_prodigal_proteins	1003	583	70.22	14.02	58.13
GCA_900473955.1_GEYO_genomic_prodigal_proteins	2674	GCA_902635365.1_AG-447-D19_genomic_prodigal_proteins	1690	921	70.11	14.20	54.50
GCA_900473955.1_GEYO_genomic_prodigal_proteins	2674	GCA_900474085.1_UW86_genomic_prodigal_proteins	2403	1794	71.09	13.92	74.66
GCA_900473955.1_GEYO_genomic_prodigal_proteins	2674	GCA_001885215.1_ASM188521v1_genomic_prodigal_proteins	2897	1600	65.68	13.32	59.84
GCA_900473955.1_GEYO_genomic_prodigal_proteins	2674	GCA_902575935.1_AG-426-B22_genomic_prodigal_proteins	254	156	73.40	13.94	61.42
GCA_900473955.1_GEYO_genomic_prodigal_proteins	2674	GCA_900474295.1_UW140_genomic_prodigal_proteins	2925	1938	73.15	13.28	72.48
GCA_900473955.1_GEYO_genomic_prodigal_proteins	2674	GCA_003211565.1_ASM321156v1_genomic_prodigal_proteins	1489	823	70.04	14.26	55.27
GCA_900473955.1_GEYO_genomic_prodigal_proteins	2674	GCA_003526105.1_ASM352610v1_genomic_prodigal_proteins	1581	948	71.61	13.78	59.96
GCA_900473955.1_GEYO_genomic_prodigal_proteins	2674	GCA_002172935.1_ASM217293v1_genomic_prodigal_proteins	1996	1477	77.59	11.68	74.00
GCA_900473955.1_GEYO_genomic_prodigal_proteins	2674	GCA_003210335.1_ASM321033v1_genomic_prodigal_proteins	942	494	87.30	12.29	52.44
GCA_900473955.1_GEYO_genomic_prodigal_proteins	2674	GCA_009846115.1_ASM984611v1_genomic_prodigal_proteins	2048	1023	60.91	12.79	49.95
GCA_900473955.1_GEYO_genomic_prodigal_proteins	2674	GCA_001693295.1_ASM169329v1_genomic_prodigal_proteins	3183	1042	53.39	12.78	38.97
GCA_900473955.1_GEYO_genomic_prodigal_proteins	2674	GCA_900473965.1_UW179A_genomic_prodigal_proteins	3383	2259	90.38	8.45	84.48
GCA_900473955.1_GEYO_genomic_prodigal_proteins	2674	GCA_003213755.1_ASM321375v1_genomic_prodigal_proteins	1050	589	64.68	14.56	56.10
GCA_900473955.1_GEYO_genomic_prodigal_proteins	2674	GCA_003209155.1_ASM320915v1_genomic_prodigal_proteins	2305	1787	94.07	6.68	77.53
GCA_900473955.1_GEYO_genomic_prodigal_proteins	2674	GCA_003211515.1_ASM321151v1_genomic_prodigal_proteins	2451	1235	69.38	14.24	50.39
GCA_900473955.1_GEYO_genomic_prodigal_proteins	2674	GCA_002693285.1_ASM269328v1_genomic_prodigal_proteins	2440	1750	80.08	11.52	71.72
GCA_900473955.1_GEYO_genomic_prodigal_proteins	2674	GCA_003210555.1_ASM321055v1_genomic_prodigal_proteins	1847	1114	73.18	12.77	60.31
GCA_900473955.1_GEYO_genomic_prodigal_proteins	2674	GCA_000155595.1_ASM15559v1_genomic_prodigal_proteins	5270	1116	52.44	12.69	41.74
GCA_900473955.1_GEYO_genomic_prodigal_proteins	2674	GCA_001007665.1_ASM100766v1_genomic_prodigal_proteins	2356	1183	60.55	12.92	50.21
GCA_900473955.1_GEYO_genomic_prodigal_proteins	2674	GCA_009919765.1_ASM991976v1_genomic_prodigal_proteins	2524	1105	65.40	14.06	43.78
GCA_900473955.1_GEYO_genomic_prodigal_proteins	2674	GCA_003331225.1_ASM333122v1_genomic_prodigal_proteins	2113	1442	65.39	14.06	68.24
GCA_900473955.1_GEYO_genomic_prodigal_proteins	2674	GCA_900177825.1_IMG-taxon_2708742468_annotated_assembly_genomic_prodigal_proteins	3317	1033	53.37	12.85	38.63
GCA_900473955.1_GEYO_genomic_prodigal_proteins	2674	GCA_000195975.1_ASM19597v1_genomic_prodigal_proteins	2719	1789	71.14	13.75	66.90
GCA_900473955.1_GEYO_genomic_prodigal_proteins	2674	GCA_902618885.1_AG-920-D15_genomic_prodigal_proteins	1178	687	71.66	14.62	58.32
GCA_900473955.1_GEYO_genomic_prodigal_proteins	2674	GCA_003209165.1_ASM320916v1_genomic_prodigal_proteins	2711	1556	70.45	14.00	58.19
GCA_900473955.1_GEYO_genomic_prodigal_proteins	2674	GCA_001007625.1_ASM100762v1_genomic_prodigal_proteins	2478	1040	60.82	13.15	41.97
GCA_900473955.1_GEYO_genomic_prodigal_proteins	2674	GCA_008386235.1_ASM838623v1_genomic_prodigal_proteins	2571	1000	53.36	12.50	38.90
GCA_900473955.1_GEYO_genomic_prodigal_proteins	2674	GCA_001631935.1_ASM163193v1_genomic_prodigal_proteins	3526	2240	90.38	8.38	83.77
GCA_900473955.1_GEYO_genomic_prodigal_proteins	2674	GCA_002151525.1_ASM215152v1_genomic_prodigal_proteins	1628	1103	63.45	14.00	67.75
GCA_900473955.1_GEYO_genomic_prodigal_proteins	2674	GCA_000153065.1_ASM15306v1_genomic_prodigal_proteins	2704	1794	74.28	12.87	67.09
GCA_900473955.1_GEYO_genomic_prodigal_proteins	2674	GCA_009837265.1_ASM983726v1_genomic_prodigal_proteins	2126	1091	60.87	12.71	51.32
GCA_900473955.1_GEYO_genomic_prodigal_proteins	2674	GCA_902533725.1_AG-898-C20_genomic_prodigal_proteins	421	159	69.24	13.88	37.77
GCA_900473955.1_GEYO_genomic_prodigal_proteins	2674	GCA_002171075.2_ASM217107v2_genomic_prodigal_proteins	1919	1223	63.78	13.71	63.73
GCA_900473955.1_GEYO_genomic_prodigal_proteins	2674	GCA_002760395.1_ASM276039v1_genomic_prodigal_proteins	2661	889	52.70	11.85	33.41
GCA_900473955.1_GEYO_genomic_prodigal_proteins	2674	GCA_003209005.1_ASM320900v1_genomic_prodigal_proteins	2548	1994	97.02	5.34	78.26
GCA_900473955.1_GEYO_genomic_prodigal_proteins	2674	GCA_002017915.1_ASM201791v1_genomic_prodigal_proteins	623	326	62.91	13.54	52.33
GCA_900473955.1_GEYO_genomic_prodigal_proteins	2674	GCA_900047545.1_m9_genomic_prodigal_proteins	1575	905	60.91	12.81	57.46
GCA_900473955.1_GEYO_genomic_prodigal_proteins	2674	GCA_001632105.1_ASM163210v1_genomic_prodigal_proteins	3521	2257	90.30	8.62	84.41
GCA_900473955.1_GEYO_genomic_prodigal_proteins	2674	GCA_004212765.1_ASM421276v1_genomic_prodigal_proteins	1162	832	70.73	13.51	71.60
GCA_900473955.1_GEYO_genomic_prodigal_proteins	2674	GCA_002685515.1_ASM268551v1_genomic_prodigal_proteins	1286	1100	90.73	7.80	85.54
GCA_900473955.1_GEYO_genomic_prodigal_proteins	2674	GCA_007828135.1_ASM782813v1_genomic_prodigal_proteins	2917	1600	65.71	13.34	59.84
GCA_900473955.1_GEYO_genomic_prodigal_proteins	2674	GCA_011047875.1_ASM1104787v1_genomic_prodigal_proteins	2810	902	52.66	11.93	33.73
GCA_900473955.1_GEYO_genomic_prodigal_proteins	2674	GCA_009840445.1_ASM984044v1_genomic_prodigal_proteins	2167	1191	60.94	12.81	54.96
GCA_900473955.1_GEYO_genomic_prodigal_proteins	2674	GCA_003210995.1_ASM321099v1_genomic_prodigal_proteins	2385	1745	93.87	7.24	73.17
GCA_900473955.1_GEYO_genomic_prodigal_proteins	2674	GCA_902616995.1_AG-919-L20_genomic_prodigal_proteins	654	344	71.04	13.73	52.60
GCA_900473955.1_GEYO_genomic_prodigal_proteins	2674	GCA_009845825.1_ASM984582v1_genomic_prodigal_proteins	2168	1009	60.98	12.77	46.54
GCA_900473955.1_GEYO_genomic_prodigal_proteins	2674	GCA_000515235.1_ASM51523v1_genomic_prodigal_proteins	2873	1848	70.29	13.96	69.11
GCA_900473955.1_GEYO_genomic_prodigal_proteins	2674	GCA_003523965.1_ASM352396v1_genomic_prodigal_proteins	1735	762	62.00	13.05	43.92
GCA_900473955.1_GEYO_genomic_prodigal_proteins	2674	GCA_002684175.1_ASM268417v1_genomic_prodigal_proteins	1819	1105	68.95	13.24	60.75
GCA_900473955.1_GEYO_genomic_prodigal_proteins	2674	GCA_011523295.1_ASM1152329v1_genomic_prodigal_proteins	2851	1414	69.25	13.64	52.88
GCA_900473955.1_GEYO_genomic_prodigal_proteins	2674	GCA_003211015.1_ASM321101v1_genomic_prodigal_proteins	2128	1731	96.84	6.28	81.34
GCA_900473955.1_GEYO_genomic_prodigal_proteins	2674	GCA_002006815.1_ASM200681v1_genomic_prodigal_proteins	1973	1375	63.96	13.96	69.69
GCA_900177365.1_IMG-taxon_2708742537_annotated_assembly_genomic_prodigal_proteins	3310	GCA_002760445.1_ASM276044v1_genomic_prodigal_proteins	2661	1233	56.48	12.34	46.34
GCA_900177365.1_IMG-taxon_2708742537_annotated_assembly_genomic_prodigal_proteins	3310	GCA_900474185.1_UW69_genomic_prodigal_proteins	2629	1056	53.51	12.91	40.17
GCA_900177365.1_IMG-taxon_2708742537_annotated_assembly_genomic_prodigal_proteins	3310	GCA_003210775.1_ASM321077v1_genomic_prodigal_proteins	2665	730	53.35	12.88	27.39
GCA_900177365.1_IMG-taxon_2708742537_annotated_assembly_genomic_prodigal_proteins	3310	GCA_002700765.1_ASM270076v1_genomic_prodigal_proteins	2134	823	52.57	12.71	38.57
GCA_900177365.1_IMG-taxon_2708742537_annotated_assembly_genomic_prodigal_proteins	3310	GCA_902599585.1_AG-916-O11_genomic_prodigal_proteins	1470	546	54.10	13.35	37.14
GCA_900177365.1_IMG-taxon_2708742537_annotated_assembly_genomic_prodigal_proteins	3310	GCA_900474045.1_N19_genomic_prodigal_proteins	2484	1034	53.57	12.85	41.63
GCA_900177365.1_IMG-taxon_2708742537_annotated_assembly_genomic_prodigal_proteins	3310	GCA_003210815.1_ASM321081v1_genomic_prodigal_proteins	2087	670	52.71	12.60	32.10
GCA_900177365.1_IMG-taxon_2708742537_annotated_assembly_genomic_prodigal_proteins	3310	GCA_900473955.1_GEYO_genomic_prodigal_proteins	2674	1035	53.37	12.93	38.71
GCA_900177365.1_IMG-taxon_2708742537_annotated_assembly_genomic_prodigal_proteins	3310	GCA_002167425.2_ASM216742v2_genomic_prodigal_proteins	2822	895	52.95	12.47	31.72
GCA_900177365.1_IMG-taxon_2708742537_annotated_assembly_genomic_prodigal_proteins	3310	GCA_009844645.1_ASM984464v1_genomic_prodigal_proteins	1983	859	53.50	12.33	43.32
GCA_900177365.1_IMG-taxon_2708742537_annotated_assembly_genomic_prodigal_proteins	3310	GCA_008081095.1_ASM808109v1_genomic_prodigal_proteins	1533	577	53.44	12.40	37.64
GCA_900177365.1_IMG-taxon_2708742537_annotated_assembly_genomic_prodigal_proteins	3310	GCA_000014585.1_ASM1458v1_genomic_prodigal_proteins	2879	1070	53.17	12.94	37.17
GCA_900177365.1_IMG-taxon_2708742537_annotated_assembly_genomic_prodigal_proteins	3310	GCA_000317085.1_ASM31708v1_genomic_prodigal_proteins	3673	1427	58.04	12.32	43.11
GCA_900177365.1_IMG-taxon_2708742537_annotated_assembly_genomic_prodigal_proteins	3310	GCA_013133755.1_ASM1313375v1_genomic_prodigal_proteins	2700	1033	53.31	12.99	38.26
GCA_900177365.1_IMG-taxon_2708742537_annotated_assembly_genomic_prodigal_proteins	3310	GCA_003210475.1_ASM321047v1_genomic_prodigal_proteins	1514	528	52.86	12.83	34.87
GCA_900177365.1_IMG-taxon_2708742537_annotated_assembly_genomic_prodigal_proteins	3310	GCA_003208815.1_ASM320881v1_genomic_prodigal_proteins	1352	415	52.43	12.69	30.70
GCA_900177365.1_IMG-taxon_2708742537_annotated_assembly_genomic_prodigal_proteins	3310	GCA_000012505.1_ASM1250v1_genomic_prodigal_proteins	2461	1042	53.27	12.77	42.34
GCA_900177365.1_IMG-taxon_2708742537_annotated_assembly_genomic_prodigal_proteins	3310	GCA_000153825.1_ASM15382v1_genomic_prodigal_proteins	2811	1085	53.57	12.94	38.60
GCA_900177365.1_IMG-taxon_2708742537_annotated_assembly_genomic_prodigal_proteins	3310	GCA_002760475.1_ASM276047v1_genomic_prodigal_proteins	2647	1230	56.48	12.33	46.47
GCA_900177365.1_IMG-taxon_2708742537_annotated_assembly_genomic_prodigal_proteins	3310	GCA_003210565.1_ASM321056v1_genomic_prodigal_proteins	836	267	52.98	13.61	31.94
GCA_900177365.1_IMG-taxon_2708742537_annotated_assembly_genomic_prodigal_proteins	3310	GCA_902618505.1_AG-892-K03_genomic_prodigal_proteins	959	257	54.63	13.75	26.80
GCA_900177365.1_IMG-taxon_2708742537_annotated_assembly_genomic_prodigal_proteins	3310	GCA_005577135.1_ASM557713v1_genomic_prodigal_proteins	3356	2753	97.37	6.69	83.17
GCA_900177365.1_IMG-taxon_2708742537_annotated_assembly_genomic_prodigal_proteins	3310	GCA_003846445.1_ASM384644v1_genomic_prodigal_proteins	2740	1431	59.74	12.80	52.23
GCA_900177365.1_IMG-taxon_2708742537_annotated_assembly_genomic_prodigal_proteins	3310	GCA_000505665.1_ASM50566v1_genomic_prodigal_proteins	2466	1378	59.35	12.97	55.88
GCA_900177365.1_IMG-taxon_2708742537_annotated_assembly_genomic_prodigal_proteins	3310	GCA_902616255.1_AG-919-I18_genomic_prodigal_proteins	1046	352	52.62	12.98	33.65
GCA_900177365.1_IMG-taxon_2708742537_annotated_assembly_genomic_prodigal_proteins	3310	GCA_001182765.1_WH8103.1_genomic_prodigal_proteins	2676	1084	53.33	12.97	40.51
GCA_900177365.1_IMG-taxon_2708742537_annotated_assembly_genomic_prodigal_proteins	3310	GCA_002760375.1_ASM276037v1_genomic_prodigal_proteins	2702	1235	56.46	12.34	45.71
GCA_900177365.1_IMG-taxon_2708742537_annotated_assembly_genomic_prodigal_proteins	3310	GCA_902592305.1_AG-914-O22_genomic_prodigal_proteins	179	57	54.53	13.12	31.84
GCA_900177365.1_IMG-taxon_2708742537_annotated_assembly_genomic_prodigal_proteins	3310	GCA_001632165.1_ASM163216v1_genomic_prodigal_proteins	2830	1050	53.28	12.94	37.10
GCA_900177365.1_IMG-taxon_2708742537_annotated_assembly_genomic_prodigal_proteins	3310	GCA_004332405.1_ASM433240v1_genomic_prodigal_proteins	2437	1073	53.51	12.96	44.03
GCA_900177365.1_IMG-taxon_2708742537_annotated_assembly_genomic_prodigal_proteins	3310	GCA_900473975.1_N26_genomic_prodigal_proteins	2454	1038	53.70	12.85	42.30
GCA_900177365.1_IMG-taxon_2708742537_annotated_assembly_genomic_prodigal_proteins	3310	GCA_902612475.1_AG-918-G20_genomic_prodigal_proteins	502	130	51.40	12.25	25.90
GCA_900177365.1_IMG-taxon_2708742537_annotated_assembly_genomic_prodigal_proteins	3310	GCA_000775285.1_ASM77528v1_genomic_prodigal_proteins	4812	1441	61.33	12.61	43.53
GCA_900177365.1_IMG-taxon_2708742537_annotated_assembly_genomic_prodigal_proteins	3310	GCA_002698505.1_ASM269850v1_genomic_prodigal_proteins	2471	958	53.44	12.81	38.77
GCA_900177365.1_IMG-taxon_2708742537_annotated_assembly_genomic_prodigal_proteins	3310	GCA_002252665.1_ASM225266v1_genomic_prodigal_proteins	2771	1117	54.05	12.92	40.31
GCA_900177365.1_IMG-taxon_2708742537_annotated_assembly_genomic_prodigal_proteins	3310	GCA_003555505.1_ASM355550v1_genomic_prodigal_proteins	3351	1071	59.56	13.40	32.36
GCA_900177365.1_IMG-taxon_2708742537_annotated_assembly_genomic_prodigal_proteins	3310	GCA_900474015.1_UW106_genomic_prodigal_proteins	2762	1052	53.51	12.91	38.09
GCA_900177365.1_IMG-taxon_2708742537_annotated_assembly_genomic_prodigal_proteins	3310	GCA_000715475.1_ASM71547v1_genomic_prodigal_proteins	3299	2745	97.38	6.37	83.21
GCA_900177365.1_IMG-taxon_2708742537_annotated_assembly_genomic_prodigal_proteins	3310	GCA_001628295.1_ASM162829v1_genomic_prodigal_proteins	2145	955	53.90	12.56	44.52
GCA_900177365.1_IMG-taxon_2708742537_annotated_assembly_genomic_prodigal_proteins	3310	GCA_003208775.1_ASM320877v1_genomic_prodigal_proteins	1808	623	53.33	13.05	34.46
GCA_900177365.1_IMG-taxon_2708742537_annotated_assembly_genomic_prodigal_proteins	3310	GCA_003210975.1_ASM321097v1_genomic_prodigal_proteins	627	251	52.96	13.51	40.03
GCA_900177365.1_IMG-taxon_2708742537_annotated_assembly_genomic_prodigal_proteins	3310	GCA_003208915.1_ASM320891v1_genomic_prodigal_proteins	1208	376	53.05	12.70	31.13
GCA_900177365.1_IMG-taxon_2708742537_annotated_assembly_genomic_prodigal_proteins	3310	GCA_009837735.1_ASM983773v1_genomic_prodigal_proteins	2041	721	53.85	12.45	35.33
GCA_900177365.1_IMG-taxon_2708742537_annotated_assembly_genomic_prodigal_proteins	3310	GCA_902548805.1_AG-901-N20_genomic_prodigal_proteins	158	43	53.75	13.73	27.22
GCA_900177365.1_IMG-taxon_2708742537_annotated_assembly_genomic_prodigal_proteins	3310	GCA_003211235.1_ASM321123v1_genomic_prodigal_proteins	1698	582	53.04	12.93	34.28
GCA_900177365.1_IMG-taxon_2708742537_annotated_assembly_genomic_prodigal_proteins	3310	GCA_004209775.1_ASM420977v1_genomic_prodigal_proteins	2798	1119	53.55	12.91	39.99
GCA_900177365.1_IMG-taxon_2708742537_annotated_assembly_genomic_prodigal_proteins	3310	GCA_003283215.1_ASM328321v1_genomic_prodigal_proteins	239	33	54.58	14.06	13.81
GCA_900177365.1_IMG-taxon_2708742537_annotated_assembly_genomic_prodigal_proteins	3310	GCA_003209555.1_ASM320955v1_genomic_prodigal_proteins	908	254	53.52	13.39	27.97
GCA_900177365.1_IMG-taxon_2708742537_annotated_assembly_genomic_prodigal_proteins	3310	GCA_000153805.1_ASM15380v1_genomic_prodigal_proteins	2517	1051	53.20	12.79	41.76
GCA_900177365.1_IMG-taxon_2708742537_annotated_assembly_genomic_prodigal_proteins	3310	GCA_003283205.1_ASM328320v1_genomic_prodigal_proteins	274	44	54.64	15.52	16.06
GCA_900177365.1_IMG-taxon_2708742537_annotated_assembly_genomic_prodigal_proteins	3310	GCA_900473925.1_N5_genomic_prodigal_proteins	2417	1025	53.77	12.77	42.41
GCA_900177365.1_IMG-taxon_2708742537_annotated_assembly_genomic_prodigal_proteins	3310	GCA_902592665.1_AG-447-E14_genomic_prodigal_proteins	1111	286	52.28	12.79	25.74
GCA_900177365.1_IMG-taxon_2708742537_annotated_assembly_genomic_prodigal_proteins	3310	GCA_011523155.1_ASM1152315v1_genomic_prodigal_proteins	2101	727	51.24	11.69	34.60
GCA_900177365.1_IMG-taxon_2708742537_annotated_assembly_genomic_prodigal_proteins	3310	GCA_003211275.1_ASM321127v1_genomic_prodigal_proteins	2168	691	53.13	12.84	31.87
GCA_900177365.1_IMG-taxon_2708742537_annotated_assembly_genomic_prodigal_proteins	3310	GCA_003957805.1_ASM395780v1_genomic_prodigal_proteins	2887	1505	59.32	12.93	52.13
GCA_900177365.1_IMG-taxon_2708742537_annotated_assembly_genomic_prodigal_proteins	3310	GCA_012270465.1_ASM1227046v1_genomic_prodigal_proteins	2311	872	52.52	12.49	37.73
GCA_900177365.1_IMG-taxon_2708742537_annotated_assembly_genomic_prodigal_proteins	3310	GCA_001693255.1_ASM169325v1_genomic_prodigal_proteins	3177	2694	93.98	7.49	84.80
GCA_900177365.1_IMG-taxon_2708742537_annotated_assembly_genomic_prodigal_proteins	3310	GCA_003210385.1_ASM321038v1_genomic_prodigal_proteins	286	130	52.37	13.56	45.45
GCA_900177365.1_IMG-taxon_2708742537_annotated_assembly_genomic_prodigal_proteins	3310	GCA_002170705.1_ASM217070v1_genomic_prodigal_proteins	1392	574	52.75	12.25	41.24
GCA_900177365.1_IMG-taxon_2708742537_annotated_assembly_genomic_prodigal_proteins	3310	GCA_002356215.1_ASM235621v1_genomic_prodigal_proteins	2953	2487	83.90	11.07	84.22
GCA_900177365.1_IMG-taxon_2708742537_annotated_assembly_genomic_prodigal_proteins	3310	GCA_003210935.1_ASM321093v1_genomic_prodigal_proteins	1868	701	53.68	13.07	37.53
GCA_900177365.1_IMG-taxon_2708742537_annotated_assembly_genomic_prodigal_proteins	3310	GCA_003210535.1_ASM321053v1_genomic_prodigal_proteins	1257	396	52.76	12.57	31.50
GCA_900177365.1_IMG-taxon_2708742537_annotated_assembly_genomic_prodigal_proteins	3310	GCA_002724845.1_ASM272484v1_genomic_prodigal_proteins	1589	736	53.61	12.72	46.32
GCA_900177365.1_IMG-taxon_2708742537_annotated_assembly_genomic_prodigal_proteins	3310	GCA_000153285.1_ASM15328v1_genomic_prodigal_proteins	2746	1091	53.16	13.09	39.73
GCA_900177365.1_IMG-taxon_2708742537_annotated_assembly_genomic_prodigal_proteins	3310	GCA_003211035.1_ASM321103v1_genomic_prodigal_proteins	530	189	51.86	12.23	35.66
GCA_900177365.1_IMG-taxon_2708742537_annotated_assembly_genomic_prodigal_proteins	3310	GCA_001521855.1_ASM152185v1_genomic_prodigal_proteins	3144	2746	97.57	6.04	87.34
GCA_900177365.1_IMG-taxon_2708742537_annotated_assembly_genomic_prodigal_proteins	3310	GCA_009835965.1_ASM983596v1_genomic_prodigal_proteins	2105	918	53.46	12.34	43.61
GCA_900177365.1_IMG-taxon_2708742537_annotated_assembly_genomic_prodigal_proteins	3310	GCA_012269695.1_ASM1226969v1_genomic_prodigal_proteins	2043	743	53.13	12.59	36.37
GCA_900177365.1_IMG-taxon_2708742537_annotated_assembly_genomic_prodigal_proteins	3310	GCA_000737535.1_ASM73753v1_genomic_prodigal_proteins	3013	1068	53.39	12.94	35.45
GCA_900177365.1_IMG-taxon_2708742537_annotated_assembly_genomic_prodigal_proteins	3310	GCA_000586015.1_SynSpo.0_genomic_prodigal_proteins	1907	718	54.31	12.93	37.65
GCA_900177365.1_IMG-taxon_2708742537_annotated_assembly_genomic_prodigal_proteins	3310	GCA_002760345.1_ASM276034v1_genomic_prodigal_proteins	2731	1250	56.52	12.25	45.77
GCA_900177365.1_IMG-taxon_2708742537_annotated_assembly_genomic_prodigal_proteins	3310	GCA_000013225.1_ASM1322v1_genomic_prodigal_proteins	2844	1272	56.57	12.27	44.73
GCA_900177365.1_IMG-taxon_2708742537_annotated_assembly_genomic_prodigal_proteins	3310	GCA_000332275.1_ASM33227v1_genomic_prodigal_proteins	4564	1533	56.80	12.56	46.31
GCA_900177365.1_IMG-taxon_2708742537_annotated_assembly_genomic_prodigal_proteins	3310	GCA_002252675.1_ASM225267v1_genomic_prodigal_proteins	3295	1181	53.88	12.78	35.84
GCA_900177365.1_IMG-taxon_2708742537_annotated_assembly_genomic_prodigal_proteins	3310	GCA_000737575.1_ASM73757v1_genomic_prodigal_proteins	2662	1086	53.32	12.98	40.80
GCA_900177365.1_IMG-taxon_2708742537_annotated_assembly_genomic_prodigal_proteins	3310	GCA_902596755.1_AG-916-D19_genomic_prodigal_proteins	1152	386	53.10	12.90	33.51
GCA_900177365.1_IMG-taxon_2708742537_annotated_assembly_genomic_prodigal_proteins	3310	GCA_003211455.1_ASM321145v1_genomic_prodigal_proteins	1186	377	53.39	12.85	31.79
GCA_900177365.1_IMG-taxon_2708742537_annotated_assembly_genomic_prodigal_proteins	3310	GCA_003208755.1_ASM320875v1_genomic_prodigal_proteins	690	233	53.46	13.63	33.77
GCA_900177365.1_IMG-taxon_2708742537_annotated_assembly_genomic_prodigal_proteins	3310	GCA_007571215.1_ASM757121v1_genomic_prodigal_proteins	1879	887	53.28	12.36	47.21
GCA_900177365.1_IMG-taxon_2708742537_annotated_assembly_genomic_prodigal_proteins	3310	GCA_001007635.1_ASM100763v1_genomic_prodigal_proteins	2333	842	53.44	12.46	36.09
GCA_900177365.1_IMG-taxon_2708742537_annotated_assembly_genomic_prodigal_proteins	3310	GCA_000179255.1_ASM17925v1_genomic_prodigal_proteins	2729	1095	53.89	12.89	40.12
GCA_900177365.1_IMG-taxon_2708742537_annotated_assembly_genomic_prodigal_proteins	3310	GCA_003208975.1_ASM320897v1_genomic_prodigal_proteins	1804	560	53.00	12.62	31.04
GCA_900177365.1_IMG-taxon_2708742537_annotated_assembly_genomic_prodigal_proteins	3310	GCA_012103655.1_ASM1210365v1_genomic_prodigal_proteins	2723	1049	53.33	12.74	38.52
GCA_900177365.1_IMG-taxon_2708742537_annotated_assembly_genomic_prodigal_proteins	3310	GCA_902582045.1_AG-912-B07_genomic_prodigal_proteins	196	31	51.02	12.61	15.82
GCA_900177365.1_IMG-taxon_2708742537_annotated_assembly_genomic_prodigal_proteins	3310	GCA_000153045.1_ASM15304v1_genomic_prodigal_proteins	3242	1176	53.82	12.62	36.27
GCA_900177365.1_IMG-taxon_2708742537_annotated_assembly_genomic_prodigal_proteins	3310	GCA_902549675.1_AG-903-B09_genomic_prodigal_proteins	836	267	55.32	13.56	31.94
GCA_900177365.1_IMG-taxon_2708742537_annotated_assembly_genomic_prodigal_proteins	3310	GCA_002018045.1_ASM201804v1_genomic_prodigal_proteins	1559	712	54.43	12.32	45.67
GCA_900177365.1_IMG-taxon_2708742537_annotated_assembly_genomic_prodigal_proteins	3310	GCA_004213055.1_ASM421305v1_genomic_prodigal_proteins	2241	938	53.55	12.83	41.86
GCA_900177365.1_IMG-taxon_2708742537_annotated_assembly_genomic_prodigal_proteins	3310	GCA_007571085.1_ASM757108v1_genomic_prodigal_proteins	1784	876	53.21	12.42	49.10
GCA_900177365.1_IMG-taxon_2708742537_annotated_assembly_genomic_prodigal_proteins	3310	GCA_009839805.1_ASM983980v1_genomic_prodigal_proteins	1848	585	51.72	11.66	31.66
GCA_900177365.1_IMG-taxon_2708742537_annotated_assembly_genomic_prodigal_proteins	3310	GCA_003210375.1_ASM321037v1_genomic_prodigal_proteins	2155	777	52.78	12.81	36.06
GCA_900177365.1_IMG-taxon_2708742537_annotated_assembly_genomic_prodigal_proteins	3310	GCA_004332415.1_ASM433241v1_genomic_prodigal_proteins	2408	1070	53.50	12.79	44.44
GCA_900177365.1_IMG-taxon_2708742537_annotated_assembly_genomic_prodigal_proteins	3310	GCA_009836025.1_ASM983602v1_genomic_prodigal_proteins	2290	908	53.50	12.34	39.65
GCA_900177365.1_IMG-taxon_2708742537_annotated_assembly_genomic_prodigal_proteins	3310	GCA_009843455.1_ASM984345v1_genomic_prodigal_proteins	2423	886	53.43	12.21	36.57
GCA_900177365.1_IMG-taxon_2708742537_annotated_assembly_genomic_prodigal_proteins	3310	GCA_009843485.1_ASM984348v1_genomic_prodigal_proteins	2158	917	53.45	12.36	42.49
GCA_900177365.1_IMG-taxon_2708742537_annotated_assembly_genomic_prodigal_proteins	3310	GCA_003283135.1_ASM328313v1_genomic_prodigal_proteins	459	92	52.15	14.14	20.04
GCA_900177365.1_IMG-taxon_2708742537_annotated_assembly_genomic_prodigal_proteins	3310	GCA_902635485.1_AG-447-G23_genomic_prodigal_proteins	327	64	52.74	14.98	19.57
GCA_900177365.1_IMG-taxon_2708742537_annotated_assembly_genomic_prodigal_proteins	3310	GCA_002760415.1_ASM276041v1_genomic_prodigal_proteins	2670	1237	56.41	12.36	46.33
GCA_900177365.1_IMG-taxon_2708742537_annotated_assembly_genomic_prodigal_proteins	3310	GCA_002754935.1_ASM275493v1_genomic_prodigal_proteins	2664	1349	59.40	12.90	50.64
GCA_900177365.1_IMG-taxon_2708742537_annotated_assembly_genomic_prodigal_proteins	3310	GCA_002171685.2_ASM217168v2_genomic_prodigal_proteins	811	415	53.88	12.27	51.17
GCA_900177365.1_IMG-taxon_2708742537_annotated_assembly_genomic_prodigal_proteins	3310	GCA_000737595.1_ASM73759v1_genomic_prodigal_proteins	2774	1067	53.36	12.98	38.46
GCA_900177365.1_IMG-taxon_2708742537_annotated_assembly_genomic_prodigal_proteins	3310	GCA_003331785.1_ASM333178v1_genomic_prodigal_proteins	2125	957	53.51	12.67	45.04
GCA_900177365.1_IMG-taxon_2708742537_annotated_assembly_genomic_prodigal_proteins	3310	GCA_009842265.1_ASM984226v1_genomic_prodigal_proteins	2398	891	53.59	12.28	37.16
GCA_900177365.1_IMG-taxon_2708742537_annotated_assembly_genomic_prodigal_proteins	3310	GCA_902579345.1_AG-911-L15_genomic_prodigal_proteins	248	45	53.13	14.30	18.15
GCA_900177365.1_IMG-taxon_2708742537_annotated_assembly_genomic_prodigal_proteins	3310	GCA_000011345.1_ASM1134v1_genomic_prodigal_proteins	2520	1407	59.30	12.99	55.83
GCA_900177365.1_IMG-taxon_2708742537_annotated_assembly_genomic_prodigal_proteins	3310	GCA_003210705.1_ASM321070v1_genomic_prodigal_proteins	2244	747	52.80	13.01	33.29
GCA_900177365.1_IMG-taxon_2708742537_annotated_assembly_genomic_prodigal_proteins	3310	GCA_000019485.1_ASM1948v1_genomic_prodigal_proteins	3233	3177	99.98	0.26	98.27
GCA_900177365.1_IMG-taxon_2708742537_annotated_assembly_genomic_prodigal_proteins	3310	GCA_003283055.1_ASM328305v1_genomic_prodigal_proteins	482	36	50.61	14.68	7.47
GCA_900177365.1_IMG-taxon_2708742537_annotated_assembly_genomic_prodigal_proteins	3310	GCA_000010065.1_ASM1006v1_genomic_prodigal_proteins	2691	1469	59.48	12.77	54.59
GCA_900177365.1_IMG-taxon_2708742537_annotated_assembly_genomic_prodigal_proteins	3310	GCA_000316685.1_ASM31668v1_genomic_prodigal_proteins	3706	1525	59.32	12.82	46.07
GCA_900177365.1_IMG-taxon_2708742537_annotated_assembly_genomic_prodigal_proteins	3310	GCA_000063525.1_ASM6352v1_genomic_prodigal_proteins	2540	1112	53.75	13.05	43.78
GCA_900177365.1_IMG-taxon_2708742537_annotated_assembly_genomic_prodigal_proteins	3310	GCA_003283165.1_ASM328316v1_genomic_prodigal_proteins	217	54	51.44	12.26	24.88
GCA_900177365.1_IMG-taxon_2708742537_annotated_assembly_genomic_prodigal_proteins	3310	GCA_902540675.1_AG-359-E22_genomic_prodigal_proteins	584	164	52.58	14.08	28.08
GCA_900177365.1_IMG-taxon_2708742537_annotated_assembly_genomic_prodigal_proteins	3310	GCA_011055065.1_ASM1105506v1_genomic_prodigal_proteins	2792	1228	56.56	12.22	43.98
GCA_900177365.1_IMG-taxon_2708742537_annotated_assembly_genomic_prodigal_proteins	3310	GCA_000013205.1_ASM1320v1_genomic_prodigal_proteins	2750	1255	56.50	12.28	45.64
GCA_900177365.1_IMG-taxon_2708742537_annotated_assembly_genomic_prodigal_proteins	3310	GCA_003539795.1_ASM353979v1_genomic_prodigal_proteins	2284	802	51.88	12.06	35.11
GCA_900177365.1_IMG-taxon_2708742537_annotated_assembly_genomic_prodigal_proteins	3310	GCA_002171995.1_ASM217199v1_genomic_prodigal_proteins	1978	608	52.88	12.66	30.74
GCA_900177365.1_IMG-taxon_2708742537_annotated_assembly_genomic_prodigal_proteins	3310	GCA_011523835.1_ASM1152383v1_genomic_prodigal_proteins	2468	905	52.88	12.45	36.67
GCA_900177365.1_IMG-taxon_2708742537_annotated_assembly_genomic_prodigal_proteins	3310	GCA_002172175.1_ASM217217v1_genomic_prodigal_proteins	1846	693	52.58	12.19	37.54
GCA_900177365.1_IMG-taxon_2708742537_annotated_assembly_genomic_prodigal_proteins	3310	GCA_003208835.1_ASM320883v1_genomic_prodigal_proteins	2208	791	53.00	12.72	35.82
GCA_900177365.1_IMG-taxon_2708742537_annotated_assembly_genomic_prodigal_proteins	3310	GCA_902589915.1_AG-914-F20_genomic_prodigal_proteins	373	89	53.42	13.64	23.86
GCA_900177365.1_IMG-taxon_2708742537_annotated_assembly_genomic_prodigal_proteins	3310	GCA_000485815.1_ASM48581v1_genomic_prodigal_proteins	3083	2457	83.83	11.11	79.70
GCA_900177365.1_IMG-taxon_2708742537_annotated_assembly_genomic_prodigal_proteins	3310	GCA_008807075.1_ASM880707v1_genomic_prodigal_proteins	2925	1109	53.21	12.75	37.91
GCA_900177365.1_IMG-taxon_2708742537_annotated_assembly_genomic_prodigal_proteins	3310	GCA_000179235.2_ASM17923v2_genomic_prodigal_proteins	3071	1165	53.91	12.84	37.94
GCA_900177365.1_IMG-taxon_2708742537_annotated_assembly_genomic_prodigal_proteins	3310	GCA_003210795.1_ASM321079v1_genomic_prodigal_proteins	2239	785	52.38	12.62	35.06
GCA_900177365.1_IMG-taxon_2708742537_annotated_assembly_genomic_prodigal_proteins	3310	GCA_002706715.1_ASM270671v1_genomic_prodigal_proteins	1148	579	53.38	12.92	50.44
GCA_900177365.1_IMG-taxon_2708742537_annotated_assembly_genomic_prodigal_proteins	3310	GCA_003331245.1_ASM333124v1_genomic_prodigal_proteins	2021	897	52.87	12.41	44.38
GCA_900177365.1_IMG-taxon_2708742537_annotated_assembly_genomic_prodigal_proteins	3310	GCA_009843385.1_ASM984338v1_genomic_prodigal_proteins	2085	762	53.88	12.43	36.55
GCA_900177365.1_IMG-taxon_2708742537_annotated_assembly_genomic_prodigal_proteins	3310	GCA_003211205.1_ASM321120v1_genomic_prodigal_proteins	2288	822	53.02	13.03	35.93
GCA_900177365.1_IMG-taxon_2708742537_annotated_assembly_genomic_prodigal_proteins	3310	GCA_000063505.1_ASM6350v1_genomic_prodigal_proteins	2558	1065	53.40	12.93	41.63
GCA_900177365.1_IMG-taxon_2708742537_annotated_assembly_genomic_prodigal_proteins	3310	GCA_900474245.1_UW179B_genomic_prodigal_proteins	2743	1064	53.32	12.85	38.79
GCA_900177365.1_IMG-taxon_2708742537_annotated_assembly_genomic_prodigal_proteins	3310	GCA_003210345.1_ASM321034v1_genomic_prodigal_proteins	1256	412	51.99	12.58	32.80
GCA_900177365.1_IMG-taxon_2708742537_annotated_assembly_genomic_prodigal_proteins	3310	GCA_003210315.1_ASM321031v1_genomic_prodigal_proteins	1815	630	53.24	12.79	34.71
GCA_900177365.1_IMG-taxon_2708742537_annotated_assembly_genomic_prodigal_proteins	3310	GCA_009836155.1_ASM983615v1_genomic_prodigal_proteins	1947	864	53.59	12.22	44.38
GCA_900177365.1_IMG-taxon_2708742537_annotated_assembly_genomic_prodigal_proteins	3310	GCA_003990665.2_ASM399066v2_genomic_prodigal_proteins	2499	1409	59.34	12.99	56.38
GCA_900177365.1_IMG-taxon_2708742537_annotated_assembly_genomic_prodigal_proteins	3310	GCA_003209135.1_ASM320913v1_genomic_prodigal_proteins	1719	562	51.83	12.48	32.69
GCA_900177365.1_IMG-taxon_2708742537_annotated_assembly_genomic_prodigal_proteins	3310	GCA_009845105.1_ASM984510v1_genomic_prodigal_proteins	1941	723	53.11	12.43	37.25
GCA_900177365.1_IMG-taxon_2708742537_annotated_assembly_genomic_prodigal_proteins	3310	GCA_002690325.1_ASM269032v1_genomic_prodigal_proteins	2554	967	52.29	12.60	37.86
GCA_900177365.1_IMG-taxon_2708742537_annotated_assembly_genomic_prodigal_proteins	3310	GCA_000161795.2_ASM16179v2_genomic_prodigal_proteins	2407	1026	53.76	12.90	42.63
GCA_900177365.1_IMG-taxon_2708742537_annotated_assembly_genomic_prodigal_proteins	3310	GCA_004211895.1_ASM421189v1_genomic_prodigal_proteins	954	444	53.17	13.00	46.54
GCA_900177365.1_IMG-taxon_2708742537_annotated_assembly_genomic_prodigal_proteins	3310	GCA_003210735.1_ASM321073v1_genomic_prodigal_proteins	2337	767	52.36	12.73	32.82
GCA_900177365.1_IMG-taxon_2708742537_annotated_assembly_genomic_prodigal_proteins	3310	GCA_003209035.1_ASM320903v1_genomic_prodigal_proteins	1803	577	52.69	13.06	32.00
GCA_900177365.1_IMG-taxon_2708742537_annotated_assembly_genomic_prodigal_proteins	3310	GCA_003712085.1_ASM371208v1_genomic_prodigal_proteins	2745	1086	53.28	12.86	39.56
GCA_900177365.1_IMG-taxon_2708742537_annotated_assembly_genomic_prodigal_proteins	3310	GCA_003212155.1_ASM321215v1_genomic_prodigal_proteins	262	57	53.98	15.30	21.76
GCA_900177365.1_IMG-taxon_2708742537_annotated_assembly_genomic_prodigal_proteins	3310	GCA_001040845.1_ASM104084v1_genomic_prodigal_proteins	2917	1073	53.12	12.93	36.78
GCA_900177365.1_IMG-taxon_2708742537_annotated_assembly_genomic_prodigal_proteins	3310	GCA_002018015.1_ASM201801v1_genomic_prodigal_proteins	1578	689	54.35	12.57	43.66
GCA_900177365.1_IMG-taxon_2708742537_annotated_assembly_genomic_prodigal_proteins	3310	GCA_003211255.1_ASM321125v1_genomic_prodigal_proteins	1850	600	51.69	12.64	32.43
GCA_900177365.1_IMG-taxon_2708742537_annotated_assembly_genomic_prodigal_proteins	3310	GCA_002721235.1_ASM272123v1_genomic_prodigal_proteins	3119	2715	97.57	6.19	87.05
GCA_900177365.1_IMG-taxon_2708742537_annotated_assembly_genomic_prodigal_proteins	3310	GCA_009839305.1_ASM983930v1_genomic_prodigal_proteins	1816	673	54.52	12.59	37.06
GCA_900177365.1_IMG-taxon_2708742537_annotated_assembly_genomic_prodigal_proteins	3310	GCA_011365345.1_ASM1136534v1_genomic_prodigal_proteins	2655	1052	53.70	12.90	39.62
GCA_900177365.1_IMG-taxon_2708742537_annotated_assembly_genomic_prodigal_proteins	3310	GCA_001039265.1_ASM103926v1_genomic_prodigal_proteins	2832	804	55.32	12.95	28.39
GCA_900177365.1_IMG-taxon_2708742537_annotated_assembly_genomic_prodigal_proteins	3310	GCA_001628325.1_ASM162832v1_genomic_prodigal_proteins	2129	946	53.59	12.48	44.43
GCA_900177365.1_IMG-taxon_2708742537_annotated_assembly_genomic_prodigal_proteins	3310	GCA_003209215.1_ASM320921v1_genomic_prodigal_proteins	1679	548	53.95	13.14	32.64
GCA_900177365.1_IMG-taxon_2708742537_annotated_assembly_genomic_prodigal_proteins	3310	GCA_002737305.1_ASM273730v1_genomic_prodigal_proteins	1951	855	54.66	12.75	43.82
GCA_900177365.1_IMG-taxon_2708742537_annotated_assembly_genomic_prodigal_proteins	3310	GCA_003210515.1_ASM321051v1_genomic_prodigal_proteins	1673	604	52.49	12.78	36.10
GCA_900177365.1_IMG-taxon_2708742537_annotated_assembly_genomic_prodigal_proteins	3310	GCA_011525445.1_ASM1152544v1_genomic_prodigal_proteins	3208	869	52.37	12.54	27.09
GCA_900177365.1_IMG-taxon_2708742537_annotated_assembly_genomic_prodigal_proteins	3310	GCA_902599435.1_AG-916-N22_genomic_prodigal_proteins	793	268	55.29	13.15	33.80
GCA_900177365.1_IMG-taxon_2708742537_annotated_assembly_genomic_prodigal_proteins	3310	GCA_003149585.1_ASM314958v1_genomic_prodigal_proteins	2600	1122	53.98	12.84	43.15
GCA_900177365.1_IMG-taxon_2708742537_annotated_assembly_genomic_prodigal_proteins	3310	GCA_902560665.1_AG-905-O11_genomic_prodigal_proteins	401	98	55.86	14.16	24.44
GCA_900177365.1_IMG-taxon_2708742537_annotated_assembly_genomic_prodigal_proteins	3310	GCA_003331795.1_ASM333179v1_genomic_prodigal_proteins	1948	885	53.58	12.99	45.43
GCA_900177365.1_IMG-taxon_2708742537_annotated_assembly_genomic_prodigal_proteins	3310	GCA_002017955.1_ASM201795v1_genomic_prodigal_proteins	512	201	53.33	12.65	39.26
GCA_900177365.1_IMG-taxon_2708742537_annotated_assembly_genomic_prodigal_proteins	3310	GCA_902584485.1_AG-912-O23_genomic_prodigal_proteins	535	145	53.01	13.60	27.10
GCA_900177365.1_IMG-taxon_2708742537_annotated_assembly_genomic_prodigal_proteins	3310	GCA_902527915.1_AG-896-G19_genomic_prodigal_proteins	1003	343	53.20	13.49	34.20
GCA_900177365.1_IMG-taxon_2708742537_annotated_assembly_genomic_prodigal_proteins	3310	GCA_902635365.1_AG-447-D19_genomic_prodigal_proteins	1690	504	53.94	12.90	29.82
GCA_900177365.1_IMG-taxon_2708742537_annotated_assembly_genomic_prodigal_proteins	3310	GCA_900474085.1_UW86_genomic_prodigal_proteins	2403	1037	53.68	12.82	43.15
GCA_900177365.1_IMG-taxon_2708742537_annotated_assembly_genomic_prodigal_proteins	3310	GCA_001885215.1_ASM188521v1_genomic_prodigal_proteins	2897	1164	53.58	12.60	40.18
GCA_900177365.1_IMG-taxon_2708742537_annotated_assembly_genomic_prodigal_proteins	3310	GCA_902575935.1_AG-426-B22_genomic_prodigal_proteins	254	100	58.30	14.59	39.37
GCA_900177365.1_IMG-taxon_2708742537_annotated_assembly_genomic_prodigal_proteins	3310	GCA_900474295.1_UW140_genomic_prodigal_proteins	2925	1068	53.38	13.00	36.51
GCA_900177365.1_IMG-taxon_2708742537_annotated_assembly_genomic_prodigal_proteins	3310	GCA_003211565.1_ASM321156v1_genomic_prodigal_proteins	1489	472	53.35	13.13	31.70
GCA_900177365.1_IMG-taxon_2708742537_annotated_assembly_genomic_prodigal_proteins	3310	GCA_003526105.1_ASM352610v1_genomic_prodigal_proteins	1581	559	54.33	12.55	35.36
GCA_900177365.1_IMG-taxon_2708742537_annotated_assembly_genomic_prodigal_proteins	3310	GCA_002172935.1_ASM217293v1_genomic_prodigal_proteins	1996	827	52.59	12.63	41.43
GCA_900177365.1_IMG-taxon_2708742537_annotated_assembly_genomic_prodigal_proteins	3310	GCA_003210335.1_ASM321033v1_genomic_prodigal_proteins	942	196	52.36	13.55	20.81
GCA_900177365.1_IMG-taxon_2708742537_annotated_assembly_genomic_prodigal_proteins	3310	GCA_009846115.1_ASM984611v1_genomic_prodigal_proteins	2048	801	53.25	12.35	39.11
GCA_900177365.1_IMG-taxon_2708742537_annotated_assembly_genomic_prodigal_proteins	3310	GCA_001693295.1_ASM169329v1_genomic_prodigal_proteins	3183	2775	97.84	5.65	87.18
GCA_900177365.1_IMG-taxon_2708742537_annotated_assembly_genomic_prodigal_proteins	3310	GCA_900473965.1_UW179A_genomic_prodigal_proteins	3383	1066	53.25	13.06	32.21
GCA_900177365.1_IMG-taxon_2708742537_annotated_assembly_genomic_prodigal_proteins	3310	GCA_003213755.1_ASM321375v1_genomic_prodigal_proteins	1050	382	53.21	13.27	36.38
GCA_900177365.1_IMG-taxon_2708742537_annotated_assembly_genomic_prodigal_proteins	3310	GCA_003209155.1_ASM320915v1_genomic_prodigal_proteins	2305	794	53.21	12.83	34.45
GCA_900177365.1_IMG-taxon_2708742537_annotated_assembly_genomic_prodigal_proteins	3310	GCA_003211515.1_ASM321151v1_genomic_prodigal_proteins	2451	702	52.61	12.88	28.64
GCA_900177365.1_IMG-taxon_2708742537_annotated_assembly_genomic_prodigal_proteins	3310	GCA_002693285.1_ASM269328v1_genomic_prodigal_proteins	2440	917	52.97	12.80	37.58
GCA_900177365.1_IMG-taxon_2708742537_annotated_assembly_genomic_prodigal_proteins	3310	GCA_003210555.1_ASM321055v1_genomic_prodigal_proteins	1847	580	53.07	12.67	31.40
GCA_900177365.1_IMG-taxon_2708742537_annotated_assembly_genomic_prodigal_proteins	3310	GCA_000155595.1_ASM15559v1_genomic_prodigal_proteins	5270	1707	58.94	13.02	51.57
GCA_900177365.1_IMG-taxon_2708742537_annotated_assembly_genomic_prodigal_proteins	3310	GCA_001007665.1_ASM100766v1_genomic_prodigal_proteins	2356	921	53.39	12.26	39.09
GCA_900177365.1_IMG-taxon_2708742537_annotated_assembly_genomic_prodigal_proteins	3310	GCA_009919765.1_ASM991976v1_genomic_prodigal_proteins	2524	753	53.43	12.97	29.83
GCA_900177365.1_IMG-taxon_2708742537_annotated_assembly_genomic_prodigal_proteins	3310	GCA_003331225.1_ASM333122v1_genomic_prodigal_proteins	2113	953	53.76	12.83	45.10
GCA_900177365.1_IMG-taxon_2708742537_annotated_assembly_genomic_prodigal_proteins	3310	GCA_900177825.1_IMG-taxon_2708742468_annotated_assembly_genomic_prodigal_proteins	3317	3169	99.98	0.31	95.74
GCA_900177365.1_IMG-taxon_2708742537_annotated_assembly_genomic_prodigal_proteins	3310	GCA_000195975.1_ASM19597v1_genomic_prodigal_proteins	2719	1084	53.36	12.96	39.87
GCA_900177365.1_IMG-taxon_2708742537_annotated_assembly_genomic_prodigal_proteins	3310	GCA_902618885.1_AG-920-D15_genomic_prodigal_proteins	1178	413	54.08	13.36	35.06
GCA_900177365.1_IMG-taxon_2708742537_annotated_assembly_genomic_prodigal_proteins	3310	GCA_003209165.1_ASM320916v1_genomic_prodigal_proteins	2711	907	53.63	12.87	33.46
GCA_900177365.1_IMG-taxon_2708742537_annotated_assembly_genomic_prodigal_proteins	3310	GCA_001007625.1_ASM100762v1_genomic_prodigal_proteins	2478	807	54.14	12.43	32.57
GCA_900177365.1_IMG-taxon_2708742537_annotated_assembly_genomic_prodigal_proteins	3310	GCA_008386235.1_ASM838623v1_genomic_prodigal_proteins	2571	1443	59.20	13.02	56.13
GCA_900177365.1_IMG-taxon_2708742537_annotated_assembly_genomic_prodigal_proteins	3310	GCA_001631935.1_ASM163193v1_genomic_prodigal_proteins	3526	1051	53.28	12.98	31.75
GCA_900177365.1_IMG-taxon_2708742537_annotated_assembly_genomic_prodigal_proteins	3310	GCA_002151525.1_ASM215152v1_genomic_prodigal_proteins	1628	774	53.69	12.80	47.54
GCA_900177365.1_IMG-taxon_2708742537_annotated_assembly_genomic_prodigal_proteins	3310	GCA_000153065.1_ASM15306v1_genomic_prodigal_proteins	2704	1089	53.54	12.94	40.27
GCA_900177365.1_IMG-taxon_2708742537_annotated_assembly_genomic_prodigal_proteins	3310	GCA_009837265.1_ASM983726v1_genomic_prodigal_proteins	2126	848	53.56	12.42	39.89
GCA_900177365.1_IMG-taxon_2708742537_annotated_assembly_genomic_prodigal_proteins	3310	GCA_902533725.1_AG-898-C20_genomic_prodigal_proteins	421	94	55.32	14.74	22.33
GCA_900177365.1_IMG-taxon_2708742537_annotated_assembly_genomic_prodigal_proteins	3310	GCA_002171075.2_ASM217107v2_genomic_prodigal_proteins	1919	803	52.52	12.55	41.84
GCA_900177365.1_IMG-taxon_2708742537_annotated_assembly_genomic_prodigal_proteins	3310	GCA_002760395.1_ASM276039v1_genomic_prodigal_proteins	2661	1228	56.47	12.32	46.15
GCA_900177365.1_IMG-taxon_2708742537_annotated_assembly_genomic_prodigal_proteins	3310	GCA_003209005.1_ASM320900v1_genomic_prodigal_proteins	2548	867	52.89	12.78	34.03
GCA_900177365.1_IMG-taxon_2708742537_annotated_assembly_genomic_prodigal_proteins	3310	GCA_002017915.1_ASM201791v1_genomic_prodigal_proteins	623	269	54.94	13.42	43.18
GCA_900177365.1_IMG-taxon_2708742537_annotated_assembly_genomic_prodigal_proteins	3310	GCA_900047545.1_m9_genomic_prodigal_proteins	1575	699	53.22	12.52	44.38
GCA_900177365.1_IMG-taxon_2708742537_annotated_assembly_genomic_prodigal_proteins	3310	GCA_001632105.1_ASM163210v1_genomic_prodigal_proteins	3521	1051	53.22	12.89	31.75
GCA_900177365.1_IMG-taxon_2708742537_annotated_assembly_genomic_prodigal_proteins	3310	GCA_004212765.1_ASM421276v1_genomic_prodigal_proteins	1162	542	52.98	12.74	46.64
GCA_900177365.1_IMG-taxon_2708742537_annotated_assembly_genomic_prodigal_proteins	3310	GCA_002685515.1_ASM268551v1_genomic_prodigal_proteins	1286	562	51.93	12.57	43.70
GCA_900177365.1_IMG-taxon_2708742537_annotated_assembly_genomic_prodigal_proteins	3310	GCA_007828135.1_ASM782813v1_genomic_prodigal_proteins	2917	1170	53.58	12.70	40.11
GCA_900177365.1_IMG-taxon_2708742537_annotated_assembly_genomic_prodigal_proteins	3310	GCA_011047875.1_ASM1104787v1_genomic_prodigal_proteins	2810	1251	56.69	12.21	44.52
GCA_900177365.1_IMG-taxon_2708742537_annotated_assembly_genomic_prodigal_proteins	3310	GCA_009840445.1_ASM984044v1_genomic_prodigal_proteins	2167	933	53.47	12.34	43.05
GCA_900177365.1_IMG-taxon_2708742537_annotated_assembly_genomic_prodigal_proteins	3310	GCA_003210995.1_ASM321099v1_genomic_prodigal_proteins	2385	745	53.80	13.22	31.24
GCA_900177365.1_IMG-taxon_2708742537_annotated_assembly_genomic_prodigal_proteins	3310	GCA_902616995.1_AG-919-L20_genomic_prodigal_proteins	654	207	52.91	13.38	31.65
GCA_900177365.1_IMG-taxon_2708742537_annotated_assembly_genomic_prodigal_proteins	3310	GCA_009845825.1_ASM984582v1_genomic_prodigal_proteins	2168	803	53.66	12.23	37.04
GCA_900177365.1_IMG-taxon_2708742537_annotated_assembly_genomic_prodigal_proteins	3310	GCA_000515235.1_ASM51523v1_genomic_prodigal_proteins	2873	1062	53.34	12.93	36.96
GCA_900177365.1_IMG-taxon_2708742537_annotated_assembly_genomic_prodigal_proteins	3310	GCA_003523965.1_ASM352396v1_genomic_prodigal_proteins	1735	613	54.79	12.31	35.33
GCA_900177365.1_IMG-taxon_2708742537_annotated_assembly_genomic_prodigal_proteins	3310	GCA_002684175.1_ASM268417v1_genomic_prodigal_proteins	1819	625	51.91	12.17	34.36
GCA_900177365.1_IMG-taxon_2708742537_annotated_assembly_genomic_prodigal_proteins	3310	GCA_011523295.1_ASM1152329v1_genomic_prodigal_proteins	2851	817	51.41	12.32	28.66
GCA_900177365.1_IMG-taxon_2708742537_annotated_assembly_genomic_prodigal_proteins	3310	GCA_003211015.1_ASM321101v1_genomic_prodigal_proteins	2128	767	52.58	12.88	36.04
GCA_900177365.1_IMG-taxon_2708742537_annotated_assembly_genomic_prodigal_proteins	3310	GCA_002006815.1_ASM200681v1_genomic_prodigal_proteins	1973	981	53.72	12.85	49.72
GCA_902599585.1_AG-916-O11_genomic_prodigal_proteins	1470	GCA_900474045.1_N19_genomic_prodigal_proteins	2484	932	78.64	13.78	63.40
GCA_902599585.1_AG-916-O11_genomic_prodigal_proteins	1470	GCA_003210815.1_ASM321081v1_genomic_prodigal_proteins	2087	595	71.21	14.07	40.48
GCA_902599585.1_AG-916-O11_genomic_prodigal_proteins	1470	GCA_900473955.1_GEYO_genomic_prodigal_proteins	2674	899	71.31	14.22	61.16
GCA_902599585.1_AG-916-O11_genomic_prodigal_proteins	1470	GCA_002167425.2_ASM216742v2_genomic_prodigal_proteins	2822	895	74.90	14.04	60.88
GCA_902599585.1_AG-916-O11_genomic_prodigal_proteins	1470	GCA_009844645.1_ASM984464v1_genomic_prodigal_proteins	1983	558	62.05	13.39	37.96
GCA_902599585.1_AG-916-O11_genomic_prodigal_proteins	1470	GCA_008081095.1_ASM808109v1_genomic_prodigal_proteins	1533	556	77.77	14.09	37.82
GCA_902599585.1_AG-916-O11_genomic_prodigal_proteins	1470	GCA_000014585.1_ASM1458v1_genomic_prodigal_proteins	2879	891	71.47	13.86	60.61
GCA_902599585.1_AG-916-O11_genomic_prodigal_proteins	1470	GCA_000317085.1_ASM31708v1_genomic_prodigal_proteins	3673	490	53.28	12.26	33.33
GCA_902599585.1_AG-916-O11_genomic_prodigal_proteins	1470	GCA_013133755.1_ASM1313375v1_genomic_prodigal_proteins	2700	873	71.64	13.93	59.39
GCA_902599585.1_AG-916-O11_genomic_prodigal_proteins	1470	GCA_003210475.1_ASM321047v1_genomic_prodigal_proteins	1514	484	70.56	14.16	32.93
GCA_902599585.1_AG-916-O11_genomic_prodigal_proteins	1470	GCA_003208815.1_ASM320881v1_genomic_prodigal_proteins	1352	404	74.53	14.68	29.88
GCA_902599585.1_AG-916-O11_genomic_prodigal_proteins	1470	GCA_000012505.1_ASM1250v1_genomic_prodigal_proteins	2461	963	76.27	13.78	65.51
GCA_902599585.1_AG-916-O11_genomic_prodigal_proteins	1470	GCA_000153825.1_ASM15382v1_genomic_prodigal_proteins	2811	917	72.65	14.05	62.38
GCA_902599585.1_AG-916-O11_genomic_prodigal_proteins	1470	GCA_002760475.1_ASM276047v1_genomic_prodigal_proteins	2647	466	53.67	12.11	31.70
GCA_902599585.1_AG-916-O11_genomic_prodigal_proteins	1470	GCA_003210565.1_ASM321056v1_genomic_prodigal_proteins	836	249	69.52	15.50	29.78
GCA_902599585.1_AG-916-O11_genomic_prodigal_proteins	1470	GCA_902618505.1_AG-892-K03_genomic_prodigal_proteins	959	320	85.58	14.96	33.37
GCA_902599585.1_AG-916-O11_genomic_prodigal_proteins	1470	GCA_005577135.1_ASM557713v1_genomic_prodigal_proteins	3356	554	54.01	13.33	37.69
GCA_902599585.1_AG-916-O11_genomic_prodigal_proteins	1470	GCA_003846445.1_ASM384644v1_genomic_prodigal_proteins	2740	563	56.72	13.52	38.30
GCA_902599585.1_AG-916-O11_genomic_prodigal_proteins	1470	GCA_000505665.1_ASM50566v1_genomic_prodigal_proteins	2466	503	54.33	12.91	34.22
GCA_902599585.1_AG-916-O11_genomic_prodigal_proteins	1470	GCA_902616255.1_AG-919-I18_genomic_prodigal_proteins	1046	437	73.98	14.74	41.78
GCA_902599585.1_AG-916-O11_genomic_prodigal_proteins	1470	GCA_001182765.1_WH8103.1_genomic_prodigal_proteins	2676	1128	94.91	7.71	76.73
GCA_902599585.1_AG-916-O11_genomic_prodigal_proteins	1470	GCA_002760375.1_ASM276037v1_genomic_prodigal_proteins	2702	469	53.58	12.12	31.90
GCA_902599585.1_AG-916-O11_genomic_prodigal_proteins	1470	GCA_902592305.1_AG-914-O22_genomic_prodigal_proteins	179	66	94.73	11.97	36.87
GCA_902599585.1_AG-916-O11_genomic_prodigal_proteins	1470	GCA_001632165.1_ASM163216v1_genomic_prodigal_proteins	2830	903	71.63	13.87	61.43
GCA_902599585.1_AG-916-O11_genomic_prodigal_proteins	1470	GCA_004332405.1_ASM433240v1_genomic_prodigal_proteins	2437	885	72.69	13.90	60.20
GCA_902599585.1_AG-916-O11_genomic_prodigal_proteins	1470	GCA_900473975.1_N26_genomic_prodigal_proteins	2454	941	78.82	13.96	64.01
GCA_902599585.1_AG-916-O11_genomic_prodigal_proteins	1470	GCA_902612475.1_AG-918-G20_genomic_prodigal_proteins	502	170	90.30	14.85	33.86
GCA_902599585.1_AG-916-O11_genomic_prodigal_proteins	1470	GCA_000775285.1_ASM77528v1_genomic_prodigal_proteins	4812	504	54.82	12.86	34.29
GCA_902599585.1_AG-916-O11_genomic_prodigal_proteins	1470	GCA_002698505.1_ASM269850v1_genomic_prodigal_proteins	2471	820	71.34	14.01	55.78
GCA_902599585.1_AG-916-O11_genomic_prodigal_proteins	1470	GCA_002252665.1_ASM225266v1_genomic_prodigal_proteins	2771	792	68.33	13.92	53.88
GCA_902599585.1_AG-916-O11_genomic_prodigal_proteins	1470	GCA_003555505.1_ASM355550v1_genomic_prodigal_proteins	3351	392	54.46	13.46	26.67
GCA_902599585.1_AG-916-O11_genomic_prodigal_proteins	1470	GCA_900474015.1_UW106_genomic_prodigal_proteins	2762	1007	78.32	13.52	68.50
GCA_902599585.1_AG-916-O11_genomic_prodigal_proteins	1470	GCA_000715475.1_ASM71547v1_genomic_prodigal_proteins	3299	545	54.11	13.38	37.07
GCA_902599585.1_AG-916-O11_genomic_prodigal_proteins	1470	GCA_001628295.1_ASM162829v1_genomic_prodigal_proteins	2145	869	78.78	13.42	59.12
GCA_902599585.1_AG-916-O11_genomic_prodigal_proteins	1470	GCA_003208775.1_ASM320877v1_genomic_prodigal_proteins	1808	605	69.11	14.45	41.16
GCA_902599585.1_AG-916-O11_genomic_prodigal_proteins	1470	GCA_003210975.1_ASM321097v1_genomic_prodigal_proteins	627	241	75.87	15.68	38.44
GCA_902599585.1_AG-916-O11_genomic_prodigal_proteins	1470	GCA_003208915.1_ASM320891v1_genomic_prodigal_proteins	1208	423	77.22	13.63	35.02
GCA_902599585.1_AG-916-O11_genomic_prodigal_proteins	1470	GCA_009837735.1_ASM983773v1_genomic_prodigal_proteins	2041	465	61.64	13.69	31.63
GCA_902599585.1_AG-916-O11_genomic_prodigal_proteins	1470	GCA_902548805.1_AG-901-N20_genomic_prodigal_proteins	158	45	86.70	17.43	28.48
GCA_902599585.1_AG-916-O11_genomic_prodigal_proteins	1470	GCA_003211235.1_ASM321123v1_genomic_prodigal_proteins	1698	505	77.97	13.50	34.35
GCA_902599585.1_AG-916-O11_genomic_prodigal_proteins	1470	GCA_004209775.1_ASM420977v1_genomic_prodigal_proteins	2798	881	73.04	13.65	59.93
GCA_902599585.1_AG-916-O11_genomic_prodigal_proteins	1470	GCA_003283215.1_ASM328321v1_genomic_prodigal_proteins	239	34	74.29	17.24	14.23
GCA_902599585.1_AG-916-O11_genomic_prodigal_proteins	1470	GCA_003209555.1_ASM320955v1_genomic_prodigal_proteins	908	251	67.27	15.81	27.64
GCA_902599585.1_AG-916-O11_genomic_prodigal_proteins	1470	GCA_000153805.1_ASM15380v1_genomic_prodigal_proteins	2517	952	76.22	13.56	64.76
GCA_902599585.1_AG-916-O11_genomic_prodigal_proteins	1470	GCA_003283205.1_ASM328320v1_genomic_prodigal_proteins	274	34	65.21	17.25	12.41
GCA_902599585.1_AG-916-O11_genomic_prodigal_proteins	1470	GCA_900473925.1_N5_genomic_prodigal_proteins	2417	923	78.87	13.54	62.79
GCA_902599585.1_AG-916-O11_genomic_prodigal_proteins	1470	GCA_902592665.1_AG-447-E14_genomic_prodigal_proteins	1111	323	73.81	15.54	29.07
GCA_902599585.1_AG-916-O11_genomic_prodigal_proteins	1470	GCA_011523155.1_ASM1152315v1_genomic_prodigal_proteins	2101	643	69.97	13.71	43.74
GCA_902599585.1_AG-916-O11_genomic_prodigal_proteins	1470	GCA_003211275.1_ASM321127v1_genomic_prodigal_proteins	2168	629	70.52	14.19	42.79
GCA_902599585.1_AG-916-O11_genomic_prodigal_proteins	1470	GCA_003957805.1_ASM395780v1_genomic_prodigal_proteins	2887	579	56.58	13.50	39.39
GCA_902599585.1_AG-916-O11_genomic_prodigal_proteins	1470	GCA_012270465.1_ASM1227046v1_genomic_prodigal_proteins	2311	651	65.45	14.16	44.29
GCA_902599585.1_AG-916-O11_genomic_prodigal_proteins	1470	GCA_001693255.1_ASM169325v1_genomic_prodigal_proteins	3177	549	54.32	13.13	37.35
GCA_902599585.1_AG-916-O11_genomic_prodigal_proteins	1470	GCA_003210385.1_ASM321038v1_genomic_prodigal_proteins	286	126	68.86	14.53	44.06
GCA_902599585.1_AG-916-O11_genomic_prodigal_proteins	1470	GCA_002170705.1_ASM217070v1_genomic_prodigal_proteins	1392	546	77.44	13.91	39.22
GCA_902599585.1_AG-916-O11_genomic_prodigal_proteins	1470	GCA_002356215.1_ASM235621v1_genomic_prodigal_proteins	2953	541	54.25	13.22	36.80
GCA_902599585.1_AG-916-O11_genomic_prodigal_proteins	1470	GCA_003210935.1_ASM321093v1_genomic_prodigal_proteins	1868	594	71.63	14.73	40.41
GCA_902599585.1_AG-916-O11_genomic_prodigal_proteins	1470	GCA_003210535.1_ASM321053v1_genomic_prodigal_proteins	1257	399	73.26	14.27	31.74
GCA_902599585.1_AG-916-O11_genomic_prodigal_proteins	1470	GCA_002724845.1_ASM272484v1_genomic_prodigal_proteins	1589	637	78.48	13.29	43.33
GCA_902599585.1_AG-916-O11_genomic_prodigal_proteins	1470	GCA_000153285.1_ASM15328v1_genomic_prodigal_proteins	2746	921	72.27	14.30	62.65
GCA_902599585.1_AG-916-O11_genomic_prodigal_proteins	1470	GCA_003211035.1_ASM321103v1_genomic_prodigal_proteins	530	219	77.64	13.31	41.32
GCA_902599585.1_AG-916-O11_genomic_prodigal_proteins	1470	GCA_001521855.1_ASM152185v1_genomic_prodigal_proteins	3144	554	54.07	13.24	37.69
GCA_902599585.1_AG-916-O11_genomic_prodigal_proteins	1470	GCA_009835965.1_ASM983596v1_genomic_prodigal_proteins	2105	589	61.96	13.29	40.07
GCA_902599585.1_AG-916-O11_genomic_prodigal_proteins	1470	GCA_012269695.1_ASM1226969v1_genomic_prodigal_proteins	2043	551	65.94	14.18	37.48
GCA_902599585.1_AG-916-O11_genomic_prodigal_proteins	1470	GCA_000737535.1_ASM73753v1_genomic_prodigal_proteins	3013	1041	75.75	14.04	70.82
GCA_902599585.1_AG-916-O11_genomic_prodigal_proteins	1470	GCA_000586015.1_SynSpo.0_genomic_prodigal_proteins	1907	489	62.87	13.36	33.27
GCA_902599585.1_AG-916-O11_genomic_prodigal_proteins	1470	GCA_002760345.1_ASM276034v1_genomic_prodigal_proteins	2731	473	53.64	12.11	32.18
GCA_902599585.1_AG-916-O11_genomic_prodigal_proteins	1470	GCA_000013225.1_ASM1322v1_genomic_prodigal_proteins	2844	481	53.49	12.27	32.72
GCA_902599585.1_AG-916-O11_genomic_prodigal_proteins	1470	GCA_000332275.1_ASM33227v1_genomic_prodigal_proteins	4564	536	52.82	12.41	36.46
GCA_902599585.1_AG-916-O11_genomic_prodigal_proteins	1470	GCA_002252675.1_ASM225267v1_genomic_prodigal_proteins	3295	789	67.43	13.90	53.67
GCA_902599585.1_AG-916-O11_genomic_prodigal_proteins	1470	GCA_000737575.1_ASM73757v1_genomic_prodigal_proteins	2662	1025	78.76	13.22	69.73
GCA_902599585.1_AG-916-O11_genomic_prodigal_proteins	1470	GCA_902596755.1_AG-916-D19_genomic_prodigal_proteins	1152	472	92.98	12.54	40.97
GCA_902599585.1_AG-916-O11_genomic_prodigal_proteins	1470	GCA_003211455.1_ASM321145v1_genomic_prodigal_proteins	1186	349	75.41	15.38	29.43
GCA_902599585.1_AG-916-O11_genomic_prodigal_proteins	1470	GCA_003208755.1_ASM320875v1_genomic_prodigal_proteins	690	212	72.50	15.75	30.72
GCA_902599585.1_AG-916-O11_genomic_prodigal_proteins	1470	GCA_007571215.1_ASM757121v1_genomic_prodigal_proteins	1879	581	61.59	13.50	39.52
GCA_902599585.1_AG-916-O11_genomic_prodigal_proteins	1470	GCA_001007635.1_ASM100763v1_genomic_prodigal_proteins	2333	532	61.80	13.20	36.19
GCA_902599585.1_AG-916-O11_genomic_prodigal_proteins	1470	GCA_000179255.1_ASM17925v1_genomic_prodigal_proteins	2729	831	67.91	14.11	56.53
GCA_902599585.1_AG-916-O11_genomic_prodigal_proteins	1470	GCA_003208975.1_ASM320897v1_genomic_prodigal_proteins	1804	608	77.36	13.32	41.36
GCA_902599585.1_AG-916-O11_genomic_prodigal_proteins	1470	GCA_012103655.1_ASM1210365v1_genomic_prodigal_proteins	2723	910	71.28	13.80	61.90
GCA_902599585.1_AG-916-O11_genomic_prodigal_proteins	1470	GCA_902582045.1_AG-912-B07_genomic_prodigal_proteins	196	82	91.64	13.39	41.84
GCA_902599585.1_AG-916-O11_genomic_prodigal_proteins	1470	GCA_000153045.1_ASM15304v1_genomic_prodigal_proteins	3242	812	67.90	13.85	55.24
GCA_902599585.1_AG-916-O11_genomic_prodigal_proteins	1470	GCA_902549675.1_AG-903-B09_genomic_prodigal_proteins	836	343	87.67	14.16	41.03
GCA_902599585.1_AG-916-O11_genomic_prodigal_proteins	1470	GCA_002018045.1_ASM201804v1_genomic_prodigal_proteins	1559	474	62.13	13.56	32.24
GCA_902599585.1_AG-916-O11_genomic_prodigal_proteins	1470	GCA_004213055.1_ASM421305v1_genomic_prodigal_proteins	2241	777	72.14	13.84	52.86
GCA_902599585.1_AG-916-O11_genomic_prodigal_proteins	1470	GCA_007571085.1_ASM757108v1_genomic_prodigal_proteins	1784	586	61.66	13.54	39.86
GCA_902599585.1_AG-916-O11_genomic_prodigal_proteins	1470	GCA_009839805.1_ASM983980v1_genomic_prodigal_proteins	1848	402	60.24	12.63	27.35
GCA_902599585.1_AG-916-O11_genomic_prodigal_proteins	1470	GCA_003210375.1_ASM321037v1_genomic_prodigal_proteins	2155	724	75.23	13.57	49.25
GCA_902599585.1_AG-916-O11_genomic_prodigal_proteins	1470	GCA_004332415.1_ASM433241v1_genomic_prodigal_proteins	2408	914	72.39	14.14	62.18
GCA_902599585.1_AG-916-O11_genomic_prodigal_proteins	1470	GCA_009836025.1_ASM983602v1_genomic_prodigal_proteins	2290	589	61.81	13.42	40.07
GCA_902599585.1_AG-916-O11_genomic_prodigal_proteins	1470	GCA_009843455.1_ASM984345v1_genomic_prodigal_proteins	2423	579	61.75	13.25	39.39
GCA_902599585.1_AG-916-O11_genomic_prodigal_proteins	1470	GCA_009843485.1_ASM984348v1_genomic_prodigal_proteins	2158	595	61.87	13.35	40.48
GCA_902599585.1_AG-916-O11_genomic_prodigal_proteins	1470	GCA_003283135.1_ASM328313v1_genomic_prodigal_proteins	459	89	68.02	15.92	19.39
GCA_902599585.1_AG-916-O11_genomic_prodigal_proteins	1470	GCA_902635485.1_AG-447-G23_genomic_prodigal_proteins	327	74	73.66	16.03	22.63
GCA_902599585.1_AG-916-O11_genomic_prodigal_proteins	1470	GCA_002760415.1_ASM276041v1_genomic_prodigal_proteins	2670	467	53.63	12.09	31.77
GCA_902599585.1_AG-916-O11_genomic_prodigal_proteins	1470	GCA_002754935.1_ASM275493v1_genomic_prodigal_proteins	2664	497	53.98	12.88	33.81
GCA_902599585.1_AG-916-O11_genomic_prodigal_proteins	1470	GCA_002171685.2_ASM217168v2_genomic_prodigal_proteins	811	362	72.52	13.11	44.64
GCA_902599585.1_AG-916-O11_genomic_prodigal_proteins	1470	GCA_000737595.1_ASM73759v1_genomic_prodigal_proteins	2774	985	78.19	13.58	67.01
GCA_902599585.1_AG-916-O11_genomic_prodigal_proteins	1470	GCA_003331785.1_ASM333178v1_genomic_prodigal_proteins	2125	807	71.37	13.83	54.90
GCA_902599585.1_AG-916-O11_genomic_prodigal_proteins	1470	GCA_009842265.1_ASM984226v1_genomic_prodigal_proteins	2398	587	61.78	13.34	39.93
GCA_902599585.1_AG-916-O11_genomic_prodigal_proteins	1470	GCA_902579345.1_AG-911-L15_genomic_prodigal_proteins	248	132	95.70	7.98	53.23
GCA_902599585.1_AG-916-O11_genomic_prodigal_proteins	1470	GCA_000011345.1_ASM1134v1_genomic_prodigal_proteins	2520	510	54.33	12.97	34.69
GCA_902599585.1_AG-916-O11_genomic_prodigal_proteins	1470	GCA_003210705.1_ASM321070v1_genomic_prodigal_proteins	2244	720	70.78	13.87	48.98
GCA_902599585.1_AG-916-O11_genomic_prodigal_proteins	1470	GCA_000019485.1_ASM1948v1_genomic_prodigal_proteins	3233	551	54.07	13.32	37.48
GCA_902599585.1_AG-916-O11_genomic_prodigal_proteins	1470	GCA_003283055.1_ASM328305v1_genomic_prodigal_proteins	482	57	69.94	16.52	11.83
GCA_902599585.1_AG-916-O11_genomic_prodigal_proteins	1470	GCA_000010065.1_ASM1006v1_genomic_prodigal_proteins	2691	574	56.59	13.50	39.05
GCA_902599585.1_AG-916-O11_genomic_prodigal_proteins	1470	GCA_000316685.1_ASM31668v1_genomic_prodigal_proteins	3706	522	54.13	12.91	35.51
GCA_902599585.1_AG-916-O11_genomic_prodigal_proteins	1470	GCA_000063525.1_ASM6352v1_genomic_prodigal_proteins	2540	835	67.18	14.62	56.80
GCA_902599585.1_AG-916-O11_genomic_prodigal_proteins	1470	GCA_003283165.1_ASM328316v1_genomic_prodigal_proteins	217	78	75.71	16.25	35.94
GCA_902599585.1_AG-916-O11_genomic_prodigal_proteins	1470	GCA_902540675.1_AG-359-E22_genomic_prodigal_proteins	584	256	93.06	13.57	43.84
GCA_902599585.1_AG-916-O11_genomic_prodigal_proteins	1470	GCA_011055065.1_ASM1105506v1_genomic_prodigal_proteins	2792	460	53.58	12.19	31.29
GCA_902599585.1_AG-916-O11_genomic_prodigal_proteins	1470	GCA_000013205.1_ASM1320v1_genomic_prodigal_proteins	2750	473	53.61	12.13	32.18
GCA_902599585.1_AG-916-O11_genomic_prodigal_proteins	1470	GCA_003539795.1_ASM353979v1_genomic_prodigal_proteins	2284	774	77.73	13.44	52.65
GCA_902599585.1_AG-916-O11_genomic_prodigal_proteins	1470	GCA_002171995.1_ASM217199v1_genomic_prodigal_proteins	1978	520	71.22	14.33	35.37
GCA_902599585.1_AG-916-O11_genomic_prodigal_proteins	1470	GCA_011523835.1_ASM1152383v1_genomic_prodigal_proteins	2468	798	72.14	14.23	54.29
GCA_902599585.1_AG-916-O11_genomic_prodigal_proteins	1470	GCA_002172175.1_ASM217217v1_genomic_prodigal_proteins	1846	531	66.15	14.59	36.12
GCA_902599585.1_AG-916-O11_genomic_prodigal_proteins	1470	GCA_003208835.1_ASM320883v1_genomic_prodigal_proteins	2208	669	76.53	14.04	45.51
GCA_902599585.1_AG-916-O11_genomic_prodigal_proteins	1470	GCA_902589915.1_AG-914-F20_genomic_prodigal_proteins	373	75	80.68	21.02	20.11
GCA_902599585.1_AG-916-O11_genomic_prodigal_proteins	1470	GCA_000485815.1_ASM48581v1_genomic_prodigal_proteins	3083	533	54.29	13.24	36.26
GCA_902599585.1_AG-916-O11_genomic_prodigal_proteins	1470	GCA_008807075.1_ASM880707v1_genomic_prodigal_proteins	2925	810	67.27	13.71	55.10
GCA_902599585.1_AG-916-O11_genomic_prodigal_proteins	1470	GCA_000179235.2_ASM17923v2_genomic_prodigal_proteins	3071	804	68.63	13.91	54.69
GCA_902599585.1_AG-916-O11_genomic_prodigal_proteins	1470	GCA_003210795.1_ASM321079v1_genomic_prodigal_proteins	2239	767	77.92	13.26	52.18
GCA_902599585.1_AG-916-O11_genomic_prodigal_proteins	1470	GCA_002706715.1_ASM270671v1_genomic_prodigal_proteins	1148	472	79.28	13.36	41.11
GCA_902599585.1_AG-916-O11_genomic_prodigal_proteins	1470	GCA_003331245.1_ASM333124v1_genomic_prodigal_proteins	2021	844	78.03	13.12	57.41
GCA_902599585.1_AG-916-O11_genomic_prodigal_proteins	1470	GCA_009843385.1_ASM984338v1_genomic_prodigal_proteins	2085	495	62.23	13.55	33.67
GCA_902599585.1_AG-916-O11_genomic_prodigal_proteins	1470	GCA_003211205.1_ASM321120v1_genomic_prodigal_proteins	2288	730	71.34	13.90	49.66
GCA_902599585.1_AG-916-O11_genomic_prodigal_proteins	1470	GCA_000063505.1_ASM6350v1_genomic_prodigal_proteins	2558	929	71.81	14.58	63.20
GCA_902599585.1_AG-916-O11_genomic_prodigal_proteins	1470	GCA_900474245.1_UW179B_genomic_prodigal_proteins	2743	933	71.04	14.26	63.47
GCA_902599585.1_AG-916-O11_genomic_prodigal_proteins	1470	GCA_003210345.1_ASM321034v1_genomic_prodigal_proteins	1256	373	73.08	14.52	29.70
GCA_902599585.1_AG-916-O11_genomic_prodigal_proteins	1470	GCA_003210315.1_ASM321031v1_genomic_prodigal_proteins	1815	555	69.56	14.65	37.76
GCA_902599585.1_AG-916-O11_genomic_prodigal_proteins	1470	GCA_009836155.1_ASM983615v1_genomic_prodigal_proteins	1947	556	61.88	13.35	37.82
GCA_902599585.1_AG-916-O11_genomic_prodigal_proteins	1470	GCA_003990665.2_ASM399066v2_genomic_prodigal_proteins	2499	507	54.45	12.93	34.49
GCA_902599585.1_AG-916-O11_genomic_prodigal_proteins	1470	GCA_003209135.1_ASM320913v1_genomic_prodigal_proteins	1719	567	74.14	14.19	38.57
GCA_902599585.1_AG-916-O11_genomic_prodigal_proteins	1470	GCA_009845105.1_ASM984510v1_genomic_prodigal_proteins	1941	461	61.20	13.76	31.36
GCA_902599585.1_AG-916-O11_genomic_prodigal_proteins	1470	GCA_002690325.1_ASM269032v1_genomic_prodigal_proteins	2554	906	74.93	13.65	61.63
GCA_902599585.1_AG-916-O11_genomic_prodigal_proteins	1470	GCA_000161795.2_ASM16179v2_genomic_prodigal_proteins	2407	933	78.97	13.15	63.47
GCA_902599585.1_AG-916-O11_genomic_prodigal_proteins	1470	GCA_004211895.1_ASM421189v1_genomic_prodigal_proteins	954	396	78.31	14.64	41.51
GCA_902599585.1_AG-916-O11_genomic_prodigal_proteins	1470	GCA_003210735.1_ASM321073v1_genomic_prodigal_proteins	2337	828	77.71	12.98	56.33
GCA_902599585.1_AG-916-O11_genomic_prodigal_proteins	1470	GCA_003209035.1_ASM320903v1_genomic_prodigal_proteins	1803	667	77.45	13.92	45.37
GCA_902599585.1_AG-916-O11_genomic_prodigal_proteins	1470	GCA_003712085.1_ASM371208v1_genomic_prodigal_proteins	2745	1114	94.80	7.77	75.78
GCA_902599585.1_AG-916-O11_genomic_prodigal_proteins	1470	GCA_003212155.1_ASM321215v1_genomic_prodigal_proteins	262	60	70.23	18.09	22.90
GCA_902599585.1_AG-916-O11_genomic_prodigal_proteins	1470	GCA_001040845.1_ASM104084v1_genomic_prodigal_proteins	2917	907	71.68	13.55	61.70
GCA_902599585.1_AG-916-O11_genomic_prodigal_proteins	1470	GCA_002018015.1_ASM201801v1_genomic_prodigal_proteins	1578	439	62.65	13.47	29.86
GCA_902599585.1_AG-916-O11_genomic_prodigal_proteins	1470	GCA_003211255.1_ASM321125v1_genomic_prodigal_proteins	1850	670	77.25	13.36	45.58
GCA_902599585.1_AG-916-O11_genomic_prodigal_proteins	1470	GCA_002721235.1_ASM272123v1_genomic_prodigal_proteins	3119	553	54.01	13.36	37.62
GCA_902599585.1_AG-916-O11_genomic_prodigal_proteins	1470	GCA_009839305.1_ASM983930v1_genomic_prodigal_proteins	1816	445	62.63	13.47	30.27
GCA_902599585.1_AG-916-O11_genomic_prodigal_proteins	1470	GCA_011365345.1_ASM1136534v1_genomic_prodigal_proteins	2655	1018	78.25	13.86	69.25
GCA_902599585.1_AG-916-O11_genomic_prodigal_proteins	1470	GCA_001039265.1_ASM103926v1_genomic_prodigal_proteins	2832	560	68.68	14.19	38.10
GCA_902599585.1_AG-916-O11_genomic_prodigal_proteins	1470	GCA_001628325.1_ASM162832v1_genomic_prodigal_proteins	2129	842	78.83	13.23	57.28
GCA_902599585.1_AG-916-O11_genomic_prodigal_proteins	1470	GCA_003209215.1_ASM320921v1_genomic_prodigal_proteins	1679	534	77.14	14.40	36.33
GCA_902599585.1_AG-916-O11_genomic_prodigal_proteins	1470	GCA_002737305.1_ASM273730v1_genomic_prodigal_proteins	1951	595	68.12	14.11	40.48
GCA_902599585.1_AG-916-O11_genomic_prodigal_proteins	1470	GCA_003210515.1_ASM321051v1_genomic_prodigal_proteins	1673	614	74.85	13.83	41.77
GCA_902599585.1_AG-916-O11_genomic_prodigal_proteins	1470	GCA_011525445.1_ASM1152544v1_genomic_prodigal_proteins	3208	760	71.06	14.47	51.70
GCA_902599585.1_AG-916-O11_genomic_prodigal_proteins	1470	GCA_902599435.1_AG-916-N22_genomic_prodigal_proteins	793	373	88.87	11.82	47.04
GCA_902599585.1_AG-916-O11_genomic_prodigal_proteins	1470	GCA_003149585.1_ASM314958v1_genomic_prodigal_proteins	2600	836	67.61	14.34	56.87
GCA_902599585.1_AG-916-O11_genomic_prodigal_proteins	1470	GCA_902560665.1_AG-905-O11_genomic_prodigal_proteins	401	166	93.15	10.74	41.40
GCA_902599585.1_AG-916-O11_genomic_prodigal_proteins	1470	GCA_003331795.1_ASM333179v1_genomic_prodigal_proteins	1948	651	66.87	14.99	44.29
GCA_902599585.1_AG-916-O11_genomic_prodigal_proteins	1470	GCA_002017955.1_ASM201795v1_genomic_prodigal_proteins	512	137	61.79	13.51	26.76
GCA_902599585.1_AG-916-O11_genomic_prodigal_proteins	1470	GCA_902584485.1_AG-912-O23_genomic_prodigal_proteins	535	177	90.47	14.58	33.08
GCA_902599585.1_AG-916-O11_genomic_prodigal_proteins	1470	GCA_902527915.1_AG-896-G19_genomic_prodigal_proteins	1003	415	93.59	10.91	41.38
GCA_902599585.1_AG-916-O11_genomic_prodigal_proteins	1470	GCA_902635365.1_AG-447-D19_genomic_prodigal_proteins	1690	541	74.91	14.64	36.80
GCA_902599585.1_AG-916-O11_genomic_prodigal_proteins	1470	GCA_900474085.1_UW86_genomic_prodigal_proteins	2403	958	78.71	13.62	65.17
GCA_902599585.1_AG-916-O11_genomic_prodigal_proteins	1470	GCA_001885215.1_ASM188521v1_genomic_prodigal_proteins	2897	793	66.85	13.65	53.95
GCA_902599585.1_AG-916-O11_genomic_prodigal_proteins	1470	GCA_902575935.1_AG-426-B22_genomic_prodigal_proteins	254	103	78.90	16.16	40.55
GCA_902599585.1_AG-916-O11_genomic_prodigal_proteins	1470	GCA_900474295.1_UW140_genomic_prodigal_proteins	2925	922	72.19	13.73	62.72
GCA_902599585.1_AG-916-O11_genomic_prodigal_proteins	1470	GCA_003211565.1_ASM321156v1_genomic_prodigal_proteins	1489	465	77.11	14.05	31.63
GCA_902599585.1_AG-916-O11_genomic_prodigal_proteins	1470	GCA_003526105.1_ASM352610v1_genomic_prodigal_proteins	1581	506	78.74	14.17	34.42
GCA_902599585.1_AG-916-O11_genomic_prodigal_proteins	1470	GCA_002172935.1_ASM217293v1_genomic_prodigal_proteins	1996	690	71.17	14.52	46.94
GCA_902599585.1_AG-916-O11_genomic_prodigal_proteins	1470	GCA_003210335.1_ASM321033v1_genomic_prodigal_proteins	942	220	66.68	16.28	23.35
GCA_902599585.1_AG-916-O11_genomic_prodigal_proteins	1470	GCA_009846115.1_ASM984611v1_genomic_prodigal_proteins	2048	528	61.60	13.52	35.92
GCA_902599585.1_AG-916-O11_genomic_prodigal_proteins	1470	GCA_001693295.1_ASM169329v1_genomic_prodigal_proteins	3183	551	54.04	13.31	37.48
GCA_902599585.1_AG-916-O11_genomic_prodigal_proteins	1470	GCA_900473965.1_UW179A_genomic_prodigal_proteins	3383	896	71.46	13.94	60.95
GCA_902599585.1_AG-916-O11_genomic_prodigal_proteins	1470	GCA_003213755.1_ASM321375v1_genomic_prodigal_proteins	1050	332	66.85	15.31	31.62
GCA_902599585.1_AG-916-O11_genomic_prodigal_proteins	1470	GCA_003209155.1_ASM320915v1_genomic_prodigal_proteins	2305	701	71.37	14.18	47.69
GCA_902599585.1_AG-916-O11_genomic_prodigal_proteins	1470	GCA_003211515.1_ASM321151v1_genomic_prodigal_proteins	2451	708	74.15	14.31	48.16
GCA_902599585.1_AG-916-O11_genomic_prodigal_proteins	1470	GCA_002693285.1_ASM269328v1_genomic_prodigal_proteins	2440	837	71.58	13.94	56.94
GCA_902599585.1_AG-916-O11_genomic_prodigal_proteins	1470	GCA_003210555.1_ASM321055v1_genomic_prodigal_proteins	1847	539	69.41	14.22	36.67
GCA_902599585.1_AG-916-O11_genomic_prodigal_proteins	1470	GCA_000155595.1_ASM15559v1_genomic_prodigal_proteins	5270	574	53.80	12.85	39.05
GCA_902599585.1_AG-916-O11_genomic_prodigal_proteins	1470	GCA_001007665.1_ASM100766v1_genomic_prodigal_proteins	2356	600	61.60	13.18	40.82
GCA_902599585.1_AG-916-O11_genomic_prodigal_proteins	1470	GCA_009919765.1_ASM991976v1_genomic_prodigal_proteins	2524	576	66.36	15.00	39.18
GCA_902599585.1_AG-916-O11_genomic_prodigal_proteins	1470	GCA_003331225.1_ASM333122v1_genomic_prodigal_proteins	2113	726	66.96	14.38	49.39
GCA_902599585.1_AG-916-O11_genomic_prodigal_proteins	1470	GCA_900177825.1_IMG-taxon_2708742468_annotated_assembly_genomic_prodigal_proteins	3317	542	54.07	13.32	36.87
GCA_902599585.1_AG-916-O11_genomic_prodigal_proteins	1470	GCA_000195975.1_ASM19597v1_genomic_prodigal_proteins	2719	1136	94.97	7.71	77.28
GCA_902599585.1_AG-916-O11_genomic_prodigal_proteins	1470	GCA_902618885.1_AG-920-D15_genomic_prodigal_proteins	1178	491	93.95	11.75	41.68
GCA_902599585.1_AG-916-O11_genomic_prodigal_proteins	1470	GCA_003209165.1_ASM320916v1_genomic_prodigal_proteins	2711	881	77.33	14.05	59.93
GCA_902599585.1_AG-916-O11_genomic_prodigal_proteins	1470	GCA_001007625.1_ASM100762v1_genomic_prodigal_proteins	2478	543	61.81	13.20	36.94
GCA_902599585.1_AG-916-O11_genomic_prodigal_proteins	1470	GCA_008386235.1_ASM838623v1_genomic_prodigal_proteins	2571	514	54.04	13.13	34.97
GCA_902599585.1_AG-916-O11_genomic_prodigal_proteins	1470	GCA_001631935.1_ASM163193v1_genomic_prodigal_proteins	3526	899	71.49	14.13	61.16
GCA_902599585.1_AG-916-O11_genomic_prodigal_proteins	1470	GCA_002151525.1_ASM215152v1_genomic_prodigal_proteins	1628	547	65.17	14.32	37.21
GCA_902599585.1_AG-916-O11_genomic_prodigal_proteins	1470	GCA_000153065.1_ASM15306v1_genomic_prodigal_proteins	2704	870	72.64	13.81	59.18
GCA_902599585.1_AG-916-O11_genomic_prodigal_proteins	1470	GCA_009837265.1_ASM983726v1_genomic_prodigal_proteins	2126	559	61.72	13.33	38.03
GCA_902599585.1_AG-916-O11_genomic_prodigal_proteins	1470	GCA_902533725.1_AG-898-C20_genomic_prodigal_proteins	421	123	74.45	16.84	29.22
GCA_902599585.1_AG-916-O11_genomic_prodigal_proteins	1470	GCA_002171075.2_ASM217107v2_genomic_prodigal_proteins	1919	628	65.29	14.42	42.72
GCA_902599585.1_AG-916-O11_genomic_prodigal_proteins	1470	GCA_002760395.1_ASM276039v1_genomic_prodigal_proteins	2661	463	53.61	12.15	31.50
GCA_902599585.1_AG-916-O11_genomic_prodigal_proteins	1470	GCA_003209005.1_ASM320900v1_genomic_prodigal_proteins	2548	779	71.06	14.01	52.99
GCA_902599585.1_AG-916-O11_genomic_prodigal_proteins	1470	GCA_002017915.1_ASM201791v1_genomic_prodigal_proteins	623	169	64.76	14.26	27.13
GCA_902599585.1_AG-916-O11_genomic_prodigal_proteins	1470	GCA_900047545.1_m9_genomic_prodigal_proteins	1575	470	61.64	13.48	31.97
GCA_902599585.1_AG-916-O11_genomic_prodigal_proteins	1470	GCA_001632105.1_ASM163210v1_genomic_prodigal_proteins	3521	905	71.50	14.14	61.56
GCA_902599585.1_AG-916-O11_genomic_prodigal_proteins	1470	GCA_004212765.1_ASM421276v1_genomic_prodigal_proteins	1162	535	89.68	9.84	46.04
GCA_902599585.1_AG-916-O11_genomic_prodigal_proteins	1470	GCA_002685515.1_ASM268551v1_genomic_prodigal_proteins	1286	404	70.45	13.92	31.42
GCA_902599585.1_AG-916-O11_genomic_prodigal_proteins	1470	GCA_007828135.1_ASM782813v1_genomic_prodigal_proteins	2917	793	66.86	13.64	53.95
GCA_902599585.1_AG-916-O11_genomic_prodigal_proteins	1470	GCA_011047875.1_ASM1104787v1_genomic_prodigal_proteins	2810	476	53.57	12.27	32.38
GCA_902599585.1_AG-916-O11_genomic_prodigal_proteins	1470	GCA_009840445.1_ASM984044v1_genomic_prodigal_proteins	2167	605	61.98	13.14	41.16
GCA_902599585.1_AG-916-O11_genomic_prodigal_proteins	1470	GCA_003210995.1_ASM321099v1_genomic_prodigal_proteins	2385	690	71.35	14.46	46.94
GCA_902599585.1_AG-916-O11_genomic_prodigal_proteins	1470	GCA_902616995.1_AG-919-L20_genomic_prodigal_proteins	654	290	93.48	12.87	44.34
GCA_902599585.1_AG-916-O11_genomic_prodigal_proteins	1470	GCA_009845825.1_ASM984582v1_genomic_prodigal_proteins	2168	520	61.90	13.41	35.37
GCA_902599585.1_AG-916-O11_genomic_prodigal_proteins	1470	GCA_000515235.1_ASM51523v1_genomic_prodigal_proteins	2873	1036	75.82	13.89	70.48
GCA_902599585.1_AG-916-O11_genomic_prodigal_proteins	1470	GCA_003523965.1_ASM352396v1_genomic_prodigal_proteins	1735	409	62.92	13.51	27.82
GCA_902599585.1_AG-916-O11_genomic_prodigal_proteins	1470	GCA_002684175.1_ASM268417v1_genomic_prodigal_proteins	1819	560	74.61	13.65	38.10
GCA_902599585.1_AG-916-O11_genomic_prodigal_proteins	1470	GCA_011523295.1_ASM1152329v1_genomic_prodigal_proteins	2851	740	73.86	14.33	50.34
GCA_902599585.1_AG-916-O11_genomic_prodigal_proteins	1470	GCA_003211015.1_ASM321101v1_genomic_prodigal_proteins	2128	636	70.82	14.16	43.27
GCA_902599585.1_AG-916-O11_genomic_prodigal_proteins	1470	GCA_002006815.1_ASM200681v1_genomic_prodigal_proteins	1973	682	65.11	14.28	46.39
GCA_002700765.1_ASM270076v1_genomic_prodigal_proteins	2134	GCA_902599585.1_AG-916-O11_genomic_prodigal_proteins	1470	755	75.91	14.41	51.36
GCA_002700765.1_ASM270076v1_genomic_prodigal_proteins	2134	GCA_900474045.1_N19_genomic_prodigal_proteins	2484	1398	75.99	12.91	65.51
GCA_002700765.1_ASM270076v1_genomic_prodigal_proteins	2134	GCA_003210815.1_ASM321081v1_genomic_prodigal_proteins	2087	914	68.25	14.36	43.79
GCA_002700765.1_ASM270076v1_genomic_prodigal_proteins	2134	GCA_900473955.1_GEYO_genomic_prodigal_proteins	2674	1373	70.33	13.47	64.34
GCA_002700765.1_ASM270076v1_genomic_prodigal_proteins	2134	GCA_002167425.2_ASM216742v2_genomic_prodigal_proteins	2822	1370	77.11	12.36	64.20
GCA_002700765.1_ASM270076v1_genomic_prodigal_proteins	2134	GCA_009844645.1_ASM984464v1_genomic_prodigal_proteins	1983	846	61.12	12.65	42.66
GCA_002700765.1_ASM270076v1_genomic_prodigal_proteins	2134	GCA_008081095.1_ASM808109v1_genomic_prodigal_proteins	1533	821	75.65	13.10	53.56
GCA_002700765.1_ASM270076v1_genomic_prodigal_proteins	2134	GCA_000014585.1_ASM1458v1_genomic_prodigal_proteins	2879	1404	69.64	13.64	65.79
GCA_002700765.1_ASM270076v1_genomic_prodigal_proteins	2134	GCA_000317085.1_ASM31708v1_genomic_prodigal_proteins	3673	756	51.22	12.05	35.43
GCA_002700765.1_ASM270076v1_genomic_prodigal_proteins	2134	GCA_013133755.1_ASM1313375v1_genomic_prodigal_proteins	2700	1368	70.04	13.63	64.10
GCA_002700765.1_ASM270076v1_genomic_prodigal_proteins	2134	GCA_003210475.1_ASM321047v1_genomic_prodigal_proteins	1514	691	68.96	14.07	45.64
GCA_002700765.1_ASM270076v1_genomic_prodigal_proteins	2134	GCA_003208815.1_ASM320881v1_genomic_prodigal_proteins	1352	561	72.91	13.90	41.49
GCA_002700765.1_ASM270076v1_genomic_prodigal_proteins	2134	GCA_000012505.1_ASM1250v1_genomic_prodigal_proteins	2461	1445	74.39	12.83	67.71
GCA_002700765.1_ASM270076v1_genomic_prodigal_proteins	2134	GCA_000153825.1_ASM15382v1_genomic_prodigal_proteins	2811	1428	70.74	13.67	66.92
GCA_002700765.1_ASM270076v1_genomic_prodigal_proteins	2134	GCA_002760475.1_ASM276047v1_genomic_prodigal_proteins	2647	696	52.57	11.72	32.61
GCA_002700765.1_ASM270076v1_genomic_prodigal_proteins	2134	GCA_003210565.1_ASM321056v1_genomic_prodigal_proteins	836	362	69.42	14.88	43.30
GCA_002700765.1_ASM270076v1_genomic_prodigal_proteins	2134	GCA_902618505.1_AG-892-K03_genomic_prodigal_proteins	959	294	75.79	15.03	30.66
GCA_002700765.1_ASM270076v1_genomic_prodigal_proteins	2134	GCA_005577135.1_ASM557713v1_genomic_prodigal_proteins	3356	830	52.75	12.67	38.89
GCA_002700765.1_ASM270076v1_genomic_prodigal_proteins	2134	GCA_003846445.1_ASM384644v1_genomic_prodigal_proteins	2740	910	55.31	13.03	42.64
GCA_002700765.1_ASM270076v1_genomic_prodigal_proteins	2134	GCA_000505665.1_ASM50566v1_genomic_prodigal_proteins	2466	758	53.37	12.39	35.52
GCA_002700765.1_ASM270076v1_genomic_prodigal_proteins	2134	GCA_902616255.1_AG-919-I18_genomic_prodigal_proteins	1046	637	96.55	9.82	60.90
GCA_002700765.1_ASM270076v1_genomic_prodigal_proteins	2134	GCA_001182765.1_WH8103.1_genomic_prodigal_proteins	2676	1510	76.40	12.93	70.76
GCA_002700765.1_ASM270076v1_genomic_prodigal_proteins	2134	GCA_002760375.1_ASM276037v1_genomic_prodigal_proteins	2702	701	52.45	11.75	32.85
GCA_002700765.1_ASM270076v1_genomic_prodigal_proteins	2134	GCA_902592305.1_AG-914-O22_genomic_prodigal_proteins	179	77	73.03	15.10	43.02
GCA_002700765.1_ASM270076v1_genomic_prodigal_proteins	2134	GCA_001632165.1_ASM163216v1_genomic_prodigal_proteins	2830	1368	70.27	13.41	64.10
GCA_002700765.1_ASM270076v1_genomic_prodigal_proteins	2134	GCA_004332405.1_ASM433240v1_genomic_prodigal_proteins	2437	1385	71.07	13.88	64.90
GCA_002700765.1_ASM270076v1_genomic_prodigal_proteins	2134	GCA_900473975.1_N26_genomic_prodigal_proteins	2454	1404	76.12	12.96	65.79
GCA_002700765.1_ASM270076v1_genomic_prodigal_proteins	2134	GCA_902612475.1_AG-918-G20_genomic_prodigal_proteins	502	164	71.58	15.20	32.67
GCA_002700765.1_ASM270076v1_genomic_prodigal_proteins	2134	GCA_000775285.1_ASM77528v1_genomic_prodigal_proteins	4812	747	53.32	12.74	35.00
GCA_002700765.1_ASM270076v1_genomic_prodigal_proteins	2134	GCA_002698505.1_ASM269850v1_genomic_prodigal_proteins	2471	1308	70.22	13.35	61.29
GCA_002700765.1_ASM270076v1_genomic_prodigal_proteins	2134	GCA_002252665.1_ASM225266v1_genomic_prodigal_proteins	2771	1240	66.86	13.68	58.11
GCA_002700765.1_ASM270076v1_genomic_prodigal_proteins	2134	GCA_003555505.1_ASM355550v1_genomic_prodigal_proteins	3351	584	53.69	12.81	27.37
GCA_002700765.1_ASM270076v1_genomic_prodigal_proteins	2134	GCA_900474015.1_UW106_genomic_prodigal_proteins	2762	1508	75.27	13.27	70.67
GCA_002700765.1_ASM270076v1_genomic_prodigal_proteins	2134	GCA_000715475.1_ASM71547v1_genomic_prodigal_proteins	3299	819	52.85	12.68	38.38
GCA_002700765.1_ASM270076v1_genomic_prodigal_proteins	2134	GCA_001628295.1_ASM162829v1_genomic_prodigal_proteins	2145	1318	76.35	12.87	61.76
GCA_002700765.1_ASM270076v1_genomic_prodigal_proteins	2134	GCA_003208775.1_ASM320877v1_genomic_prodigal_proteins	1808	855	69.23	13.87	47.29
GCA_002700765.1_ASM270076v1_genomic_prodigal_proteins	2134	GCA_003210975.1_ASM321097v1_genomic_prodigal_proteins	627	292	75.31	14.56	46.57
GCA_002700765.1_ASM270076v1_genomic_prodigal_proteins	2134	GCA_003208915.1_ASM320891v1_genomic_prodigal_proteins	1208	532	73.56	13.29	44.04
GCA_002700765.1_ASM270076v1_genomic_prodigal_proteins	2134	GCA_009837735.1_ASM983773v1_genomic_prodigal_proteins	2041	732	61.22	12.69	35.86
GCA_002700765.1_ASM270076v1_genomic_prodigal_proteins	2134	GCA_902548805.1_AG-901-N20_genomic_prodigal_proteins	158	49	71.23	15.17	31.01
GCA_002700765.1_ASM270076v1_genomic_prodigal_proteins	2134	GCA_003211235.1_ASM321123v1_genomic_prodigal_proteins	1698	805	73.86	13.74	47.41
GCA_002700765.1_ASM270076v1_genomic_prodigal_proteins	2134	GCA_004209775.1_ASM420977v1_genomic_prodigal_proteins	2798	1426	70.87	13.64	66.82
GCA_002700765.1_ASM270076v1_genomic_prodigal_proteins	2134	GCA_003283215.1_ASM328321v1_genomic_prodigal_proteins	239	44	70.24	15.47	18.41
GCA_002700765.1_ASM270076v1_genomic_prodigal_proteins	2134	GCA_003209555.1_ASM320955v1_genomic_prodigal_proteins	908	323	65.08	14.67	35.57
GCA_002700765.1_ASM270076v1_genomic_prodigal_proteins	2134	GCA_000153805.1_ASM15380v1_genomic_prodigal_proteins	2517	1443	74.22	12.89	67.62
GCA_002700765.1_ASM270076v1_genomic_prodigal_proteins	2134	GCA_003283205.1_ASM328320v1_genomic_prodigal_proteins	274	62	63.25	16.57	22.63
GCA_002700765.1_ASM270076v1_genomic_prodigal_proteins	2134	GCA_900473925.1_N5_genomic_prodigal_proteins	2417	1385	76.17	12.74	64.90
GCA_002700765.1_ASM270076v1_genomic_prodigal_proteins	2134	GCA_902592665.1_AG-447-E14_genomic_prodigal_proteins	1111	430	71.92	14.40	38.70
GCA_002700765.1_ASM270076v1_genomic_prodigal_proteins	2134	GCA_011523155.1_ASM1152315v1_genomic_prodigal_proteins	2101	989	69.12	12.95	47.07
GCA_002700765.1_ASM270076v1_genomic_prodigal_proteins	2134	GCA_003211275.1_ASM321127v1_genomic_prodigal_proteins	2168	955	68.02	14.18	44.75
GCA_002700765.1_ASM270076v1_genomic_prodigal_proteins	2134	GCA_003957805.1_ASM395780v1_genomic_prodigal_proteins	2887	935	55.10	13.00	43.81
GCA_002700765.1_ASM270076v1_genomic_prodigal_proteins	2134	GCA_012270465.1_ASM1227046v1_genomic_prodigal_proteins	2311	1034	64.81	13.71	48.45
GCA_002700765.1_ASM270076v1_genomic_prodigal_proteins	2134	GCA_001693255.1_ASM169325v1_genomic_prodigal_proteins	3177	829	52.82	12.52	38.85
GCA_002700765.1_ASM270076v1_genomic_prodigal_proteins	2134	GCA_003210385.1_ASM321038v1_genomic_prodigal_proteins	286	172	68.46	14.25	60.14
GCA_002700765.1_ASM270076v1_genomic_prodigal_proteins	2134	GCA_002170705.1_ASM217070v1_genomic_prodigal_proteins	1392	816	76.99	12.88	58.62
GCA_002700765.1_ASM270076v1_genomic_prodigal_proteins	2134	GCA_002356215.1_ASM235621v1_genomic_prodigal_proteins	2953	804	52.85	12.64	37.68
GCA_002700765.1_ASM270076v1_genomic_prodigal_proteins	2134	GCA_003210935.1_ASM321093v1_genomic_prodigal_proteins	1868	931	70.07	13.96	49.84
GCA_002700765.1_ASM270076v1_genomic_prodigal_proteins	2134	GCA_003210535.1_ASM321053v1_genomic_prodigal_proteins	1257	559	72.18	13.60	44.47
GCA_002700765.1_ASM270076v1_genomic_prodigal_proteins	2134	GCA_002724845.1_ASM272484v1_genomic_prodigal_proteins	1589	994	75.81	12.54	62.56
GCA_002700765.1_ASM270076v1_genomic_prodigal_proteins	2134	GCA_000153285.1_ASM15328v1_genomic_prodigal_proteins	2746	1454	70.51	13.70	68.13
GCA_002700765.1_ASM270076v1_genomic_prodigal_proteins	2134	GCA_003211035.1_ASM321103v1_genomic_prodigal_proteins	530	213	69.64	15.83	40.19
GCA_002700765.1_ASM270076v1_genomic_prodigal_proteins	2134	GCA_001521855.1_ASM152185v1_genomic_prodigal_proteins	3144	833	52.81	12.59	39.03
GCA_002700765.1_ASM270076v1_genomic_prodigal_proteins	2134	GCA_009835965.1_ASM983596v1_genomic_prodigal_proteins	2105	894	61.22	12.57	42.47
GCA_002700765.1_ASM270076v1_genomic_prodigal_proteins	2134	GCA_012269695.1_ASM1226969v1_genomic_prodigal_proteins	2043	901	65.25	13.77	44.10
GCA_002700765.1_ASM270076v1_genomic_prodigal_proteins	2134	GCA_000737535.1_ASM73753v1_genomic_prodigal_proteins	3013	1601	77.78	12.61	75.02
GCA_002700765.1_ASM270076v1_genomic_prodigal_proteins	2134	GCA_000586015.1_SynSpo.0_genomic_prodigal_proteins	1907	720	61.12	13.45	37.76
GCA_002700765.1_ASM270076v1_genomic_prodigal_proteins	2134	GCA_002760345.1_ASM276034v1_genomic_prodigal_proteins	2731	712	52.45	11.77	33.36
GCA_002700765.1_ASM270076v1_genomic_prodigal_proteins	2134	GCA_000013225.1_ASM1322v1_genomic_prodigal_proteins	2844	714	52.48	11.77	33.46
GCA_002700765.1_ASM270076v1_genomic_prodigal_proteins	2134	GCA_000332275.1_ASM33227v1_genomic_prodigal_proteins	4564	795	52.07	11.92	37.25
GCA_002700765.1_ASM270076v1_genomic_prodigal_proteins	2134	GCA_002252675.1_ASM225267v1_genomic_prodigal_proteins	3295	1269	65.86	13.62	59.47
GCA_002700765.1_ASM270076v1_genomic_prodigal_proteins	2134	GCA_000737575.1_ASM73757v1_genomic_prodigal_proteins	2662	1574	77.01	12.97	73.76
GCA_002700765.1_ASM270076v1_genomic_prodigal_proteins	2134	GCA_902596755.1_AG-916-D19_genomic_prodigal_proteins	1152	552	74.06	14.24	47.92
GCA_002700765.1_ASM270076v1_genomic_prodigal_proteins	2134	GCA_003211455.1_ASM321145v1_genomic_prodigal_proteins	1186	502	73.25	14.17	42.33
GCA_002700765.1_ASM270076v1_genomic_prodigal_proteins	2134	GCA_003208755.1_ASM320875v1_genomic_prodigal_proteins	690	338	72.43	13.67	48.99
GCA_002700765.1_ASM270076v1_genomic_prodigal_proteins	2134	GCA_007571215.1_ASM757121v1_genomic_prodigal_proteins	1879	881	60.61	12.90	46.89
GCA_002700765.1_ASM270076v1_genomic_prodigal_proteins	2134	GCA_001007635.1_ASM100763v1_genomic_prodigal_proteins	2333	836	60.85	12.62	39.18
GCA_002700765.1_ASM270076v1_genomic_prodigal_proteins	2134	GCA_000179255.1_ASM17925v1_genomic_prodigal_proteins	2729	1275	66.47	13.74	59.75
GCA_002700765.1_ASM270076v1_genomic_prodigal_proteins	2134	GCA_003208975.1_ASM320897v1_genomic_prodigal_proteins	1804	756	73.49	13.85	41.91
GCA_002700765.1_ASM270076v1_genomic_prodigal_proteins	2134	GCA_012103655.1_ASM1210365v1_genomic_prodigal_proteins	2723	1408	69.89	13.68	65.98
GCA_002700765.1_ASM270076v1_genomic_prodigal_proteins	2134	GCA_902582045.1_AG-912-B07_genomic_prodigal_proteins	196	36	68.16	16.31	18.37
GCA_002700765.1_ASM270076v1_genomic_prodigal_proteins	2134	GCA_000153045.1_ASM15304v1_genomic_prodigal_proteins	3242	1305	66.17	13.46	61.15
GCA_002700765.1_ASM270076v1_genomic_prodigal_proteins	2134	GCA_902549675.1_AG-903-B09_genomic_prodigal_proteins	836	325	75.50	14.20	38.88
GCA_002700765.1_ASM270076v1_genomic_prodigal_proteins	2134	GCA_002018045.1_ASM201804v1_genomic_prodigal_proteins	1559	711	61.38	12.69	45.61
GCA_002700765.1_ASM270076v1_genomic_prodigal_proteins	2134	GCA_004213055.1_ASM421305v1_genomic_prodigal_proteins	2241	1256	70.85	13.53	58.86
GCA_002700765.1_ASM270076v1_genomic_prodigal_proteins	2134	GCA_007571085.1_ASM757108v1_genomic_prodigal_proteins	1784	868	60.76	12.92	48.65
GCA_002700765.1_ASM270076v1_genomic_prodigal_proteins	2134	GCA_009839805.1_ASM983980v1_genomic_prodigal_proteins	1848	607	59.43	12.42	32.85
GCA_002700765.1_ASM270076v1_genomic_prodigal_proteins	2134	GCA_003210375.1_ASM321037v1_genomic_prodigal_proteins	2155	1084	73.68	13.19	50.80
GCA_002700765.1_ASM270076v1_genomic_prodigal_proteins	2134	GCA_004332415.1_ASM433241v1_genomic_prodigal_proteins	2408	1393	71.20	13.53	65.28
GCA_002700765.1_ASM270076v1_genomic_prodigal_proteins	2134	GCA_009836025.1_ASM983602v1_genomic_prodigal_proteins	2290	889	61.07	12.53	41.66
GCA_002700765.1_ASM270076v1_genomic_prodigal_proteins	2134	GCA_009843455.1_ASM984345v1_genomic_prodigal_proteins	2423	876	60.90	12.56	41.05
GCA_002700765.1_ASM270076v1_genomic_prodigal_proteins	2134	GCA_009843485.1_ASM984348v1_genomic_prodigal_proteins	2158	897	61.16	12.65	42.03
GCA_002700765.1_ASM270076v1_genomic_prodigal_proteins	2134	GCA_003283135.1_ASM328313v1_genomic_prodigal_proteins	459	134	67.58	15.32	29.19
GCA_002700765.1_ASM270076v1_genomic_prodigal_proteins	2134	GCA_902635485.1_AG-447-G23_genomic_prodigal_proteins	327	117	71.58	15.43	35.78
GCA_002700765.1_ASM270076v1_genomic_prodigal_proteins	2134	GCA_002760415.1_ASM276041v1_genomic_prodigal_proteins	2670	703	52.47	11.74	32.94
GCA_002700765.1_ASM270076v1_genomic_prodigal_proteins	2134	GCA_002754935.1_ASM275493v1_genomic_prodigal_proteins	2664	746	53.29	12.28	34.96
GCA_002700765.1_ASM270076v1_genomic_prodigal_proteins	2134	GCA_002171685.2_ASM217168v2_genomic_prodigal_proteins	811	483	70.79	13.78	59.56
GCA_002700765.1_ASM270076v1_genomic_prodigal_proteins	2134	GCA_000737595.1_ASM73759v1_genomic_prodigal_proteins	2774	1490	75.18	13.19	69.82
GCA_002700765.1_ASM270076v1_genomic_prodigal_proteins	2134	GCA_003331785.1_ASM333178v1_genomic_prodigal_proteins	2125	1242	70.42	13.29	58.45
GCA_002700765.1_ASM270076v1_genomic_prodigal_proteins	2134	GCA_009842265.1_ASM984226v1_genomic_prodigal_proteins	2398	881	61.09	12.54	41.28
GCA_002700765.1_ASM270076v1_genomic_prodigal_proteins	2134	GCA_902579345.1_AG-911-L15_genomic_prodigal_proteins	248	32	59.42	15.84	12.90
GCA_002700765.1_ASM270076v1_genomic_prodigal_proteins	2134	GCA_000011345.1_ASM1134v1_genomic_prodigal_proteins	2520	774	53.49	12.23	36.27
GCA_002700765.1_ASM270076v1_genomic_prodigal_proteins	2134	GCA_003210705.1_ASM321070v1_genomic_prodigal_proteins	2244	1027	68.58	14.09	48.13
GCA_002700765.1_ASM270076v1_genomic_prodigal_proteins	2134	GCA_000019485.1_ASM1948v1_genomic_prodigal_proteins	3233	839	52.69	12.73	39.32
GCA_002700765.1_ASM270076v1_genomic_prodigal_proteins	2134	GCA_003283055.1_ASM328305v1_genomic_prodigal_proteins	482	71	69.72	15.87	14.73
GCA_002700765.1_ASM270076v1_genomic_prodigal_proteins	2134	GCA_000010065.1_ASM1006v1_genomic_prodigal_proteins	2691	925	54.94	12.98	43.35
GCA_002700765.1_ASM270076v1_genomic_prodigal_proteins	2134	GCA_000316685.1_ASM31668v1_genomic_prodigal_proteins	3706	815	52.68	12.38	38.19
GCA_002700765.1_ASM270076v1_genomic_prodigal_proteins	2134	GCA_000063525.1_ASM6352v1_genomic_prodigal_proteins	2540	1284	65.48	13.97	60.17
GCA_002700765.1_ASM270076v1_genomic_prodigal_proteins	2134	GCA_003283165.1_ASM328316v1_genomic_prodigal_proteins	217	74	70.01	16.78	34.10
GCA_002700765.1_ASM270076v1_genomic_prodigal_proteins	2134	GCA_902540675.1_AG-359-E22_genomic_prodigal_proteins	584	245	76.27	14.57	41.95
GCA_002700765.1_ASM270076v1_genomic_prodigal_proteins	2134	GCA_011055065.1_ASM1105506v1_genomic_prodigal_proteins	2792	695	52.41	11.95	32.57
GCA_002700765.1_ASM270076v1_genomic_prodigal_proteins	2134	GCA_000013205.1_ASM1320v1_genomic_prodigal_proteins	2750	713	52.49	11.74	33.41
GCA_002700765.1_ASM270076v1_genomic_prodigal_proteins	2134	GCA_003539795.1_ASM353979v1_genomic_prodigal_proteins	2284	1254	75.93	12.84	58.76
GCA_002700765.1_ASM270076v1_genomic_prodigal_proteins	2134	GCA_002171995.1_ASM217199v1_genomic_prodigal_proteins	1978	791	69.95	14.06	39.99
GCA_002700765.1_ASM270076v1_genomic_prodigal_proteins	2134	GCA_011523835.1_ASM1152383v1_genomic_prodigal_proteins	2468	1225	70.58	13.74	57.40
GCA_002700765.1_ASM270076v1_genomic_prodigal_proteins	2134	GCA_002172175.1_ASM217217v1_genomic_prodigal_proteins	1846	836	64.64	13.65	45.29
GCA_002700765.1_ASM270076v1_genomic_prodigal_proteins	2134	GCA_003208835.1_ASM320883v1_genomic_prodigal_proteins	2208	1015	74.43	13.25	47.56
GCA_002700765.1_ASM270076v1_genomic_prodigal_proteins	2134	GCA_902589915.1_AG-914-F20_genomic_prodigal_proteins	373	113	74.59	15.14	30.29
GCA_002700765.1_ASM270076v1_genomic_prodigal_proteins	2134	GCA_000485815.1_ASM48581v1_genomic_prodigal_proteins	3083	792	52.79	12.56	37.11
GCA_002700765.1_ASM270076v1_genomic_prodigal_proteins	2134	GCA_008807075.1_ASM880707v1_genomic_prodigal_proteins	2925	1292	65.59	13.71	60.54
GCA_002700765.1_ASM270076v1_genomic_prodigal_proteins	2134	GCA_000179235.2_ASM17923v2_genomic_prodigal_proteins	3071	1314	66.71	13.75	61.57
GCA_002700765.1_ASM270076v1_genomic_prodigal_proteins	2134	GCA_003210795.1_ASM321079v1_genomic_prodigal_proteins	2239	1073	73.71	13.61	50.28
GCA_002700765.1_ASM270076v1_genomic_prodigal_proteins	2134	GCA_002706715.1_ASM270671v1_genomic_prodigal_proteins	1148	692	74.70	13.28	60.28
GCA_002700765.1_ASM270076v1_genomic_prodigal_proteins	2134	GCA_003331245.1_ASM333124v1_genomic_prodigal_proteins	2021	1321	76.97	12.65	65.36
GCA_002700765.1_ASM270076v1_genomic_prodigal_proteins	2134	GCA_009843385.1_ASM984338v1_genomic_prodigal_proteins	2085	746	61.19	12.62	35.78
GCA_002700765.1_ASM270076v1_genomic_prodigal_proteins	2134	GCA_003211205.1_ASM321120v1_genomic_prodigal_proteins	2288	1019	69.92	13.50	47.75
GCA_002700765.1_ASM270076v1_genomic_prodigal_proteins	2134	GCA_000063505.1_ASM6350v1_genomic_prodigal_proteins	2558	1442	70.26	14.09	67.57
GCA_002700765.1_ASM270076v1_genomic_prodigal_proteins	2134	GCA_900474245.1_UW179B_genomic_prodigal_proteins	2743	1402	69.79	13.73	65.70
GCA_002700765.1_ASM270076v1_genomic_prodigal_proteins	2134	GCA_003210345.1_ASM321034v1_genomic_prodigal_proteins	1256	577	72.62	12.92	45.94
GCA_002700765.1_ASM270076v1_genomic_prodigal_proteins	2134	GCA_003210315.1_ASM321031v1_genomic_prodigal_proteins	1815	909	67.95	14.31	50.08
GCA_002700765.1_ASM270076v1_genomic_prodigal_proteins	2134	GCA_009836155.1_ASM983615v1_genomic_prodigal_proteins	1947	846	61.11	12.65	43.45
GCA_002700765.1_ASM270076v1_genomic_prodigal_proteins	2134	GCA_003990665.2_ASM399066v2_genomic_prodigal_proteins	2499	779	53.43	12.27	36.50
GCA_002700765.1_ASM270076v1_genomic_prodigal_proteins	2134	GCA_003209135.1_ASM320913v1_genomic_prodigal_proteins	1719	843	76.99	12.78	49.04
GCA_002700765.1_ASM270076v1_genomic_prodigal_proteins	2134	GCA_009845105.1_ASM984510v1_genomic_prodigal_proteins	1941	719	60.55	12.94	37.04
GCA_002700765.1_ASM270076v1_genomic_prodigal_proteins	2134	GCA_002690325.1_ASM269032v1_genomic_prodigal_proteins	2554	1362	73.32	13.46	63.82
GCA_002700765.1_ASM270076v1_genomic_prodigal_proteins	2134	GCA_000161795.2_ASM16179v2_genomic_prodigal_proteins	2407	1399	75.73	12.81	65.56
GCA_002700765.1_ASM270076v1_genomic_prodigal_proteins	2134	GCA_004211895.1_ASM421189v1_genomic_prodigal_proteins	954	586	75.88	13.29	61.43
GCA_002700765.1_ASM270076v1_genomic_prodigal_proteins	2134	GCA_003210735.1_ASM321073v1_genomic_prodigal_proteins	2337	1114	73.47	13.43	52.20
GCA_002700765.1_ASM270076v1_genomic_prodigal_proteins	2134	GCA_003209035.1_ASM320903v1_genomic_prodigal_proteins	1803	833	73.09	13.79	46.20
GCA_002700765.1_ASM270076v1_genomic_prodigal_proteins	2134	GCA_003712085.1_ASM371208v1_genomic_prodigal_proteins	2745	1514	76.24	13.01	70.95
GCA_002700765.1_ASM270076v1_genomic_prodigal_proteins	2134	GCA_003212155.1_ASM321215v1_genomic_prodigal_proteins	262	71	61.85	17.77	27.10
GCA_002700765.1_ASM270076v1_genomic_prodigal_proteins	2134	GCA_001040845.1_ASM104084v1_genomic_prodigal_proteins	2917	1417	69.71	13.56	66.40
GCA_002700765.1_ASM270076v1_genomic_prodigal_proteins	2134	GCA_002018015.1_ASM201801v1_genomic_prodigal_proteins	1578	692	61.75	12.83	43.85
GCA_002700765.1_ASM270076v1_genomic_prodigal_proteins	2134	GCA_003211255.1_ASM321125v1_genomic_prodigal_proteins	1850	812	72.82	13.86	43.89
GCA_002700765.1_ASM270076v1_genomic_prodigal_proteins	2134	GCA_002721235.1_ASM272123v1_genomic_prodigal_proteins	3119	837	52.73	12.64	39.22
GCA_002700765.1_ASM270076v1_genomic_prodigal_proteins	2134	GCA_009839305.1_ASM983930v1_genomic_prodigal_proteins	1816	694	61.60	13.00	38.22
GCA_002700765.1_ASM270076v1_genomic_prodigal_proteins	2134	GCA_011365345.1_ASM1136534v1_genomic_prodigal_proteins	2655	1508	75.49	13.02	70.67
GCA_002700765.1_ASM270076v1_genomic_prodigal_proteins	2134	GCA_001039265.1_ASM103926v1_genomic_prodigal_proteins	2832	876	67.61	13.89	41.05
GCA_002700765.1_ASM270076v1_genomic_prodigal_proteins	2134	GCA_001628325.1_ASM162832v1_genomic_prodigal_proteins	2129	1288	76.46	12.64	60.50
GCA_002700765.1_ASM270076v1_genomic_prodigal_proteins	2134	GCA_003209215.1_ASM320921v1_genomic_prodigal_proteins	1679	752	75.55	12.99	44.79
GCA_002700765.1_ASM270076v1_genomic_prodigal_proteins	2134	GCA_002737305.1_ASM273730v1_genomic_prodigal_proteins	1951	965	66.45	13.75	49.46
GCA_002700765.1_ASM270076v1_genomic_prodigal_proteins	2134	GCA_003210515.1_ASM321051v1_genomic_prodigal_proteins	1673	853	73.14	13.26	50.99
GCA_002700765.1_ASM270076v1_genomic_prodigal_proteins	2134	GCA_011525445.1_ASM1152544v1_genomic_prodigal_proteins	3208	1188	68.79	13.61	55.67
GCA_002700765.1_ASM270076v1_genomic_prodigal_proteins	2134	GCA_902599435.1_AG-916-N22_genomic_prodigal_proteins	793	378	75.13	15.17	47.67
GCA_002700765.1_ASM270076v1_genomic_prodigal_proteins	2134	GCA_003149585.1_ASM314958v1_genomic_prodigal_proteins	2600	1298	66.39	13.76	60.82
GCA_002700765.1_ASM270076v1_genomic_prodigal_proteins	2134	GCA_902560665.1_AG-905-O11_genomic_prodigal_proteins	401	121	76.94	13.77	30.17
GCA_002700765.1_ASM270076v1_genomic_prodigal_proteins	2134	GCA_003331795.1_ASM333179v1_genomic_prodigal_proteins	1948	1014	65.38	14.31	52.05
GCA_002700765.1_ASM270076v1_genomic_prodigal_proteins	2134	GCA_002017955.1_ASM201795v1_genomic_prodigal_proteins	512	193	60.37	12.76	37.70
GCA_002700765.1_ASM270076v1_genomic_prodigal_proteins	2134	GCA_902584485.1_AG-912-O23_genomic_prodigal_proteins	535	239	73.67	15.04	44.67
GCA_002700765.1_ASM270076v1_genomic_prodigal_proteins	2134	GCA_902527915.1_AG-896-G19_genomic_prodigal_proteins	1003	454	75.64	14.17	45.26
GCA_002700765.1_ASM270076v1_genomic_prodigal_proteins	2134	GCA_902635365.1_AG-447-D19_genomic_prodigal_proteins	1690	732	74.09	14.15	43.31
GCA_002700765.1_ASM270076v1_genomic_prodigal_proteins	2134	GCA_900474085.1_UW86_genomic_prodigal_proteins	2403	1421	76.00	12.83	66.59
GCA_002700765.1_ASM270076v1_genomic_prodigal_proteins	2134	GCA_001885215.1_ASM188521v1_genomic_prodigal_proteins	2897	1263	65.47	13.30	59.18
GCA_002700765.1_ASM270076v1_genomic_prodigal_proteins	2134	GCA_902575935.1_AG-426-B22_genomic_prodigal_proteins	254	142	79.14	12.79	55.91
GCA_002700765.1_ASM270076v1_genomic_prodigal_proteins	2134	GCA_900474295.1_UW140_genomic_prodigal_proteins	2925	1413	70.42	13.54	66.21
GCA_002700765.1_ASM270076v1_genomic_prodigal_proteins	2134	GCA_003211565.1_ASM321156v1_genomic_prodigal_proteins	1489	737	74.72	13.48	49.50
GCA_002700765.1_ASM270076v1_genomic_prodigal_proteins	2134	GCA_003526105.1_ASM352610v1_genomic_prodigal_proteins	1581	781	76.01	13.40	49.40
GCA_002700765.1_ASM270076v1_genomic_prodigal_proteins	2134	GCA_002172935.1_ASM217293v1_genomic_prodigal_proteins	1996	1123	69.63	14.00	56.26
GCA_002700765.1_ASM270076v1_genomic_prodigal_proteins	2134	GCA_003210335.1_ASM321033v1_genomic_prodigal_proteins	942	265	66.00	14.58	28.13
GCA_002700765.1_ASM270076v1_genomic_prodigal_proteins	2134	GCA_009846115.1_ASM984611v1_genomic_prodigal_proteins	2048	802	60.99	12.67	39.16
GCA_002700765.1_ASM270076v1_genomic_prodigal_proteins	2134	GCA_001693295.1_ASM169329v1_genomic_prodigal_proteins	3183	830	52.80	12.61	38.89
GCA_002700765.1_ASM270076v1_genomic_prodigal_proteins	2134	GCA_900473965.1_UW179A_genomic_prodigal_proteins	3383	1437	69.81	13.70	67.34
GCA_002700765.1_ASM270076v1_genomic_prodigal_proteins	2134	GCA_003213755.1_ASM321375v1_genomic_prodigal_proteins	1050	455	64.72	15.13	43.33
GCA_002700765.1_ASM270076v1_genomic_prodigal_proteins	2134	GCA_003209155.1_ASM320915v1_genomic_prodigal_proteins	2305	1053	69.41	13.98	49.34
GCA_002700765.1_ASM270076v1_genomic_prodigal_proteins	2134	GCA_003211515.1_ASM321151v1_genomic_prodigal_proteins	2451	1059	75.19	13.13	49.63
GCA_002700765.1_ASM270076v1_genomic_prodigal_proteins	2134	GCA_002693285.1_ASM269328v1_genomic_prodigal_proteins	2440	1242	69.89	13.69	58.20
GCA_002700765.1_ASM270076v1_genomic_prodigal_proteins	2134	GCA_003210555.1_ASM321055v1_genomic_prodigal_proteins	1847	847	68.56	13.70	45.86
GCA_002700765.1_ASM270076v1_genomic_prodigal_proteins	2134	GCA_000155595.1_ASM15559v1_genomic_prodigal_proteins	5270	874	52.77	12.36	40.96
GCA_002700765.1_ASM270076v1_genomic_prodigal_proteins	2134	GCA_001007665.1_ASM100766v1_genomic_prodigal_proteins	2356	905	60.76	12.73	42.41
GCA_002700765.1_ASM270076v1_genomic_prodigal_proteins	2134	GCA_009919765.1_ASM991976v1_genomic_prodigal_proteins	2524	879	65.90	14.20	41.19
GCA_002700765.1_ASM270076v1_genomic_prodigal_proteins	2134	GCA_003331225.1_ASM333122v1_genomic_prodigal_proteins	2113	1140	65.37	14.06	53.95
GCA_002700765.1_ASM270076v1_genomic_prodigal_proteins	2134	GCA_900177825.1_IMG-taxon_2708742468_annotated_assembly_genomic_prodigal_proteins	3317	827	52.78	12.68	38.75
GCA_002700765.1_ASM270076v1_genomic_prodigal_proteins	2134	GCA_000195975.1_ASM19597v1_genomic_prodigal_proteins	2719	1502	76.73	12.68	70.38
GCA_002700765.1_ASM270076v1_genomic_prodigal_proteins	2134	GCA_902618885.1_AG-920-D15_genomic_prodigal_proteins	1178	622	76.14	14.06	52.80
GCA_002700765.1_ASM270076v1_genomic_prodigal_proteins	2134	GCA_003209165.1_ASM320916v1_genomic_prodigal_proteins	2711	1276	74.78	13.31	59.79
GCA_002700765.1_ASM270076v1_genomic_prodigal_proteins	2134	GCA_001007625.1_ASM100762v1_genomic_prodigal_proteins	2478	809	60.86	13.00	37.91
GCA_002700765.1_ASM270076v1_genomic_prodigal_proteins	2134	GCA_008386235.1_ASM838623v1_genomic_prodigal_proteins	2571	797	53.06	12.33	37.35
GCA_002700765.1_ASM270076v1_genomic_prodigal_proteins	2134	GCA_001631935.1_ASM163193v1_genomic_prodigal_proteins	3526	1421	69.65	13.80	66.59
GCA_002700765.1_ASM270076v1_genomic_prodigal_proteins	2134	GCA_002151525.1_ASM215152v1_genomic_prodigal_proteins	1628	816	62.98	14.04	50.12
GCA_002700765.1_ASM270076v1_genomic_prodigal_proteins	2134	GCA_000153065.1_ASM15306v1_genomic_prodigal_proteins	2704	1404	70.93	13.72	65.79
GCA_002700765.1_ASM270076v1_genomic_prodigal_proteins	2134	GCA_009837265.1_ASM983726v1_genomic_prodigal_proteins	2126	835	61.21	12.55	39.28
GCA_002700765.1_ASM270076v1_genomic_prodigal_proteins	2134	GCA_902533725.1_AG-898-C20_genomic_prodigal_proteins	421	137	72.39	14.18	32.54
GCA_002700765.1_ASM270076v1_genomic_prodigal_proteins	2134	GCA_002171075.2_ASM217107v2_genomic_prodigal_proteins	1919	1005	64.01	13.50	52.37
GCA_002700765.1_ASM270076v1_genomic_prodigal_proteins	2134	GCA_002760395.1_ASM276039v1_genomic_prodigal_proteins	2661	695	52.50	11.75	32.57
GCA_002700765.1_ASM270076v1_genomic_prodigal_proteins	2134	GCA_003209005.1_ASM320900v1_genomic_prodigal_proteins	2548	1183	69.50	13.70	55.44
GCA_002700765.1_ASM270076v1_genomic_prodigal_proteins	2134	GCA_002017915.1_ASM201791v1_genomic_prodigal_proteins	623	271	62.93	13.40	43.50
GCA_002700765.1_ASM270076v1_genomic_prodigal_proteins	2134	GCA_900047545.1_m9_genomic_prodigal_proteins	1575	726	61.00	12.68	46.10
GCA_002700765.1_ASM270076v1_genomic_prodigal_proteins	2134	GCA_001632105.1_ASM163210v1_genomic_prodigal_proteins	3521	1433	69.63	13.80	67.15
GCA_002700765.1_ASM270076v1_genomic_prodigal_proteins	2134	GCA_004212765.1_ASM421276v1_genomic_prodigal_proteins	1162	722	75.95	13.38	62.13
GCA_002700765.1_ASM270076v1_genomic_prodigal_proteins	2134	GCA_002685515.1_ASM268551v1_genomic_prodigal_proteins	1286	744	69.17	13.48	57.85
GCA_002700765.1_ASM270076v1_genomic_prodigal_proteins	2134	GCA_007828135.1_ASM782813v1_genomic_prodigal_proteins	2917	1264	65.46	13.30	59.23
GCA_002700765.1_ASM270076v1_genomic_prodigal_proteins	2134	GCA_011047875.1_ASM1104787v1_genomic_prodigal_proteins	2810	715	52.57	11.90	33.51
GCA_002700765.1_ASM270076v1_genomic_prodigal_proteins	2134	GCA_009840445.1_ASM984044v1_genomic_prodigal_proteins	2167	917	61.15	12.61	42.97
GCA_002700765.1_ASM270076v1_genomic_prodigal_proteins	2134	GCA_003210995.1_ASM321099v1_genomic_prodigal_proteins	2385	1061	69.58	14.06	49.72
GCA_002700765.1_ASM270076v1_genomic_prodigal_proteins	2134	GCA_902616995.1_AG-919-L20_genomic_prodigal_proteins	654	334	75.57	13.46	51.07
GCA_002700765.1_ASM270076v1_genomic_prodigal_proteins	2134	GCA_009845825.1_ASM984582v1_genomic_prodigal_proteins	2168	796	61.09	12.58	37.30
GCA_002700765.1_ASM270076v1_genomic_prodigal_proteins	2134	GCA_000515235.1_ASM51523v1_genomic_prodigal_proteins	2873	1590	77.97	12.22	74.51
GCA_002700765.1_ASM270076v1_genomic_prodigal_proteins	2134	GCA_003523965.1_ASM352396v1_genomic_prodigal_proteins	1735	598	61.99	12.98	34.47
GCA_002700765.1_ASM270076v1_genomic_prodigal_proteins	2134	GCA_002684175.1_ASM268417v1_genomic_prodigal_proteins	1819	936	72.72	12.65	51.46
GCA_002700765.1_ASM270076v1_genomic_prodigal_proteins	2134	GCA_011523295.1_ASM1152329v1_genomic_prodigal_proteins	2851	1182	72.89	13.50	55.39
GCA_002700765.1_ASM270076v1_genomic_prodigal_proteins	2134	GCA_003211015.1_ASM321101v1_genomic_prodigal_proteins	2128	1073	69.67	13.73	50.42
GCA_002700765.1_ASM270076v1_genomic_prodigal_proteins	2134	GCA_002006815.1_ASM200681v1_genomic_prodigal_proteins	1973	1057	63.64	13.86	53.57
GCA_900474185.1_UW69_genomic_prodigal_proteins	2629	GCA_003210775.1_ASM321077v1_genomic_prodigal_proteins	2665	1409	69.91	14.22	53.59
GCA_900474185.1_UW69_genomic_prodigal_proteins	2629	GCA_002700765.1_ASM270076v1_genomic_prodigal_proteins	2134	1483	75.33	13.14	69.49
GCA_900474185.1_UW69_genomic_prodigal_proteins	2629	GCA_902599585.1_AG-916-O11_genomic_prodigal_proteins	1470	1001	78.50	13.42	68.10
GCA_900474185.1_UW69_genomic_prodigal_proteins	2629	GCA_900474045.1_N19_genomic_prodigal_proteins	2484	2047	89.98	8.28	82.41
GCA_900474185.1_UW69_genomic_prodigal_proteins	2629	GCA_003210815.1_ASM321081v1_genomic_prodigal_proteins	2087	1219	69.86	14.34	58.41
GCA_900474185.1_UW69_genomic_prodigal_proteins	2629	GCA_900473955.1_GEYO_genomic_prodigal_proteins	2674	1865	70.68	14.07	70.94
GCA_900474185.1_UW69_genomic_prodigal_proteins	2629	GCA_002167425.2_ASM216742v2_genomic_prodigal_proteins	2822	1705	74.63	13.35	64.85
GCA_900474185.1_UW69_genomic_prodigal_proteins	2629	GCA_009844645.1_ASM984464v1_genomic_prodigal_proteins	1983	1096	61.22	12.71	55.27
GCA_900474185.1_UW69_genomic_prodigal_proteins	2629	GCA_008081095.1_ASM808109v1_genomic_prodigal_proteins	1533	1120	90.53	8.31	73.06
GCA_900474185.1_UW69_genomic_prodigal_proteins	2629	GCA_000014585.1_ASM1458v1_genomic_prodigal_proteins	2879	1851	70.11	14.01	70.41
GCA_900474185.1_UW69_genomic_prodigal_proteins	2629	GCA_000317085.1_ASM31708v1_genomic_prodigal_proteins	3673	954	52.13	12.29	36.29
GCA_900474185.1_UW69_genomic_prodigal_proteins	2629	GCA_013133755.1_ASM1313375v1_genomic_prodigal_proteins	2700	1852	70.53	14.11	70.45
GCA_900474185.1_UW69_genomic_prodigal_proteins	2629	GCA_003210475.1_ASM321047v1_genomic_prodigal_proteins	1514	908	70.09	14.22	59.97
GCA_900474185.1_UW69_genomic_prodigal_proteins	2629	GCA_003208815.1_ASM320881v1_genomic_prodigal_proteins	1352	797	75.67	13.42	58.95
GCA_900474185.1_UW69_genomic_prodigal_proteins	2629	GCA_000012505.1_ASM1250v1_genomic_prodigal_proteins	2461	1995	77.03	12.70	81.06
GCA_900474185.1_UW69_genomic_prodigal_proteins	2629	GCA_000153825.1_ASM15382v1_genomic_prodigal_proteins	2811	1899	71.88	14.10	72.23
GCA_900474185.1_UW69_genomic_prodigal_proteins	2629	GCA_002760475.1_ASM276047v1_genomic_prodigal_proteins	2647	902	53.05	11.83	34.31
GCA_900474185.1_UW69_genomic_prodigal_proteins	2629	GCA_003210565.1_ASM321056v1_genomic_prodigal_proteins	836	479	69.43	15.41	57.30
GCA_900474185.1_UW69_genomic_prodigal_proteins	2629	GCA_902618505.1_AG-892-K03_genomic_prodigal_proteins	959	466	78.00	14.40	48.59
GCA_900474185.1_UW69_genomic_prodigal_proteins	2629	GCA_005577135.1_ASM557713v1_genomic_prodigal_proteins	3356	1066	53.51	12.76	40.55
GCA_900474185.1_UW69_genomic_prodigal_proteins	2629	GCA_003846445.1_ASM384644v1_genomic_prodigal_proteins	2740	1177	55.71	13.16	44.77
GCA_900474185.1_UW69_genomic_prodigal_proteins	2629	GCA_000505665.1_ASM50566v1_genomic_prodigal_proteins	2466	993	53.81	12.33	40.27
GCA_900474185.1_UW69_genomic_prodigal_proteins	2629	GCA_902616255.1_AG-919-I18_genomic_prodigal_proteins	1046	647	74.61	14.09	61.85
GCA_900474185.1_UW69_genomic_prodigal_proteins	2629	GCA_001182765.1_WH8103.1_genomic_prodigal_proteins	2676	1990	78.12	13.33	75.69
GCA_900474185.1_UW69_genomic_prodigal_proteins	2629	GCA_002760375.1_ASM276037v1_genomic_prodigal_proteins	2702	904	53.01	11.85	34.39
GCA_900474185.1_UW69_genomic_prodigal_proteins	2629	GCA_902592305.1_AG-914-O22_genomic_prodigal_proteins	179	111	75.24	16.26	62.01
GCA_900474185.1_UW69_genomic_prodigal_proteins	2629	GCA_001632165.1_ASM163216v1_genomic_prodigal_proteins	2830	1854	70.72	13.89	70.52
GCA_900474185.1_UW69_genomic_prodigal_proteins	2629	GCA_004332405.1_ASM433240v1_genomic_prodigal_proteins	2437	1784	71.67	13.87	73.20
GCA_900474185.1_UW69_genomic_prodigal_proteins	2629	GCA_900473975.1_N26_genomic_prodigal_proteins	2454	2038	89.93	8.72	83.05
GCA_900474185.1_UW69_genomic_prodigal_proteins	2629	GCA_902612475.1_AG-918-G20_genomic_prodigal_proteins	502	260	76.08	14.11	51.79
GCA_900474185.1_UW69_genomic_prodigal_proteins	2629	GCA_000775285.1_ASM77528v1_genomic_prodigal_proteins	4812	944	53.98	12.77	35.91
GCA_900474185.1_UW69_genomic_prodigal_proteins	2629	GCA_002698505.1_ASM269850v1_genomic_prodigal_proteins	2471	1703	70.88	13.87	68.92
GCA_900474185.1_UW69_genomic_prodigal_proteins	2629	GCA_002252665.1_ASM225266v1_genomic_prodigal_proteins	2771	1627	67.17	13.80	61.89
GCA_900474185.1_UW69_genomic_prodigal_proteins	2629	GCA_003555505.1_ASM355550v1_genomic_prodigal_proteins	3351	739	54.23	12.80	28.11
GCA_900474185.1_UW69_genomic_prodigal_proteins	2629	GCA_900474015.1_UW106_genomic_prodigal_proteins	2762	2336	96.77	6.04	88.86
GCA_900474185.1_UW69_genomic_prodigal_proteins	2629	GCA_000715475.1_ASM71547v1_genomic_prodigal_proteins	3299	1048	53.57	12.78	39.86
GCA_900474185.1_UW69_genomic_prodigal_proteins	2629	GCA_001628295.1_ASM162829v1_genomic_prodigal_proteins	2145	1885	90.74	7.79	87.88
GCA_900474185.1_UW69_genomic_prodigal_proteins	2629	GCA_003208775.1_ASM320877v1_genomic_prodigal_proteins	1808	1175	69.21	14.34	64.99
GCA_900474185.1_UW69_genomic_prodigal_proteins	2629	GCA_003210975.1_ASM321097v1_genomic_prodigal_proteins	627	436	77.77	12.91	69.54
GCA_900474185.1_UW69_genomic_prodigal_proteins	2629	GCA_003208915.1_ASM320891v1_genomic_prodigal_proteins	1208	725	75.81	13.84	60.02
GCA_900474185.1_UW69_genomic_prodigal_proteins	2629	GCA_009837735.1_ASM983773v1_genomic_prodigal_proteins	2041	939	61.23	12.79	46.01
GCA_900474185.1_UW69_genomic_prodigal_proteins	2629	GCA_902548805.1_AG-901-N20_genomic_prodigal_proteins	158	81	74.07	17.78	51.27
GCA_900474185.1_UW69_genomic_prodigal_proteins	2629	GCA_003211235.1_ASM321123v1_genomic_prodigal_proteins	1698	1033	76.50	13.50	60.84
GCA_900474185.1_UW69_genomic_prodigal_proteins	2629	GCA_004209775.1_ASM420977v1_genomic_prodigal_proteins	2798	1795	71.62	13.61	68.28
GCA_900474185.1_UW69_genomic_prodigal_proteins	2629	GCA_003283215.1_ASM328321v1_genomic_prodigal_proteins	239	57	70.27	16.30	23.85
GCA_900474185.1_UW69_genomic_prodigal_proteins	2629	GCA_003209555.1_ASM320955v1_genomic_prodigal_proteins	908	426	66.38	14.93	46.92
GCA_900474185.1_UW69_genomic_prodigal_proteins	2629	GCA_000153805.1_ASM15380v1_genomic_prodigal_proteins	2517	1988	76.77	12.95	78.98
GCA_900474185.1_UW69_genomic_prodigal_proteins	2629	GCA_003283205.1_ASM328320v1_genomic_prodigal_proteins	274	78	68.61	15.63	28.47
GCA_900474185.1_UW69_genomic_prodigal_proteins	2629	GCA_900473925.1_N5_genomic_prodigal_proteins	2417	2026	89.98	8.52	83.82
GCA_900474185.1_UW69_genomic_prodigal_proteins	2629	GCA_902592665.1_AG-447-E14_genomic_prodigal_proteins	1111	604	74.13	14.32	54.37
GCA_900474185.1_UW69_genomic_prodigal_proteins	2629	GCA_011523155.1_ASM1152315v1_genomic_prodigal_proteins	2101	1290	69.73	13.28	61.40
GCA_900474185.1_UW69_genomic_prodigal_proteins	2629	GCA_003211275.1_ASM321127v1_genomic_prodigal_proteins	2168	1289	69.55	14.49	59.46
GCA_900474185.1_UW69_genomic_prodigal_proteins	2629	GCA_003957805.1_ASM395780v1_genomic_prodigal_proteins	2887	1204	55.69	13.08	45.80
GCA_900474185.1_UW69_genomic_prodigal_proteins	2629	GCA_012270465.1_ASM1227046v1_genomic_prodigal_proteins	2311	1347	65.12	13.88	58.29
GCA_900474185.1_UW69_genomic_prodigal_proteins	2629	GCA_001693255.1_ASM169325v1_genomic_prodigal_proteins	3177	1071	53.53	12.77	40.74
GCA_900474185.1_UW69_genomic_prodigal_proteins	2629	GCA_003210385.1_ASM321038v1_genomic_prodigal_proteins	286	216	69.51	14.09	75.52
GCA_900474185.1_UW69_genomic_prodigal_proteins	2629	GCA_002170705.1_ASM217070v1_genomic_prodigal_proteins	1392	1061	76.64	12.91	76.22
GCA_900474185.1_UW69_genomic_prodigal_proteins	2629	GCA_002356215.1_ASM235621v1_genomic_prodigal_proteins	2953	1051	53.61	12.80	39.98
GCA_900474185.1_UW69_genomic_prodigal_proteins	2629	GCA_003210935.1_ASM321093v1_genomic_prodigal_proteins	1868	1214	70.73	14.11	64.99
GCA_900474185.1_UW69_genomic_prodigal_proteins	2629	GCA_003210535.1_ASM321053v1_genomic_prodigal_proteins	1257	772	75.46	12.81	61.42
GCA_900474185.1_UW69_genomic_prodigal_proteins	2629	GCA_002724845.1_ASM272484v1_genomic_prodigal_proteins	1589	1392	89.54	7.69	87.60
GCA_900474185.1_UW69_genomic_prodigal_proteins	2629	GCA_000153285.1_ASM15328v1_genomic_prodigal_proteins	2746	1888	71.15	14.13	71.81
GCA_900474185.1_UW69_genomic_prodigal_proteins	2629	GCA_003211035.1_ASM321103v1_genomic_prodigal_proteins	530	350	75.73	13.18	66.04
GCA_900474185.1_UW69_genomic_prodigal_proteins	2629	GCA_001521855.1_ASM152185v1_genomic_prodigal_proteins	3144	1070	53.58	12.72	40.70
GCA_900474185.1_UW69_genomic_prodigal_proteins	2629	GCA_009835965.1_ASM983596v1_genomic_prodigal_proteins	2105	1173	61.25	12.73	55.72
GCA_900474185.1_UW69_genomic_prodigal_proteins	2629	GCA_012269695.1_ASM1226969v1_genomic_prodigal_proteins	2043	1148	65.60	13.96	56.19
GCA_900474185.1_UW69_genomic_prodigal_proteins	2629	GCA_000737535.1_ASM73753v1_genomic_prodigal_proteins	3013	1986	75.37	13.30	75.54
GCA_900474185.1_UW69_genomic_prodigal_proteins	2629	GCA_000586015.1_SynSpo.0_genomic_prodigal_proteins	1907	926	61.80	13.35	48.56
GCA_900474185.1_UW69_genomic_prodigal_proteins	2629	GCA_002760345.1_ASM276034v1_genomic_prodigal_proteins	2731	917	53.04	11.80	34.88
GCA_900474185.1_UW69_genomic_prodigal_proteins	2629	GCA_000013225.1_ASM1322v1_genomic_prodigal_proteins	2844	924	52.93	12.02	35.15
GCA_900474185.1_UW69_genomic_prodigal_proteins	2629	GCA_000332275.1_ASM33227v1_genomic_prodigal_proteins	4564	1029	52.08	12.09	39.14
GCA_900474185.1_UW69_genomic_prodigal_proteins	2629	GCA_002252675.1_ASM225267v1_genomic_prodigal_proteins	3295	1608	66.40	13.66	61.16
GCA_900474185.1_UW69_genomic_prodigal_proteins	2629	GCA_000737575.1_ASM73757v1_genomic_prodigal_proteins	2662	2037	76.67	13.28	77.48
GCA_900474185.1_UW69_genomic_prodigal_proteins	2629	GCA_902596755.1_AG-916-D19_genomic_prodigal_proteins	1152	707	77.55	13.49	61.37
GCA_900474185.1_UW69_genomic_prodigal_proteins	2629	GCA_003211455.1_ASM321145v1_genomic_prodigal_proteins	1186	816	87.53	10.82	68.80
GCA_900474185.1_UW69_genomic_prodigal_proteins	2629	GCA_003208755.1_ASM320875v1_genomic_prodigal_proteins	690	486	76.27	12.91	70.43
GCA_900474185.1_UW69_genomic_prodigal_proteins	2629	GCA_007571215.1_ASM757121v1_genomic_prodigal_proteins	1879	1158	60.80	12.87	61.63
GCA_900474185.1_UW69_genomic_prodigal_proteins	2629	GCA_001007635.1_ASM100763v1_genomic_prodigal_proteins	2333	1076	61.28	12.68	46.12
GCA_900474185.1_UW69_genomic_prodigal_proteins	2629	GCA_000179255.1_ASM17925v1_genomic_prodigal_proteins	2729	1686	66.77	14.03	64.13
GCA_900474185.1_UW69_genomic_prodigal_proteins	2629	GCA_003208975.1_ASM320897v1_genomic_prodigal_proteins	1804	1066	76.48	13.39	59.09
GCA_900474185.1_UW69_genomic_prodigal_proteins	2629	GCA_012103655.1_ASM1210365v1_genomic_prodigal_proteins	2723	1858	70.30	13.83	70.67
GCA_900474185.1_UW69_genomic_prodigal_proteins	2629	GCA_902582045.1_AG-912-B07_genomic_prodigal_proteins	196	94	74.83	16.87	47.96
GCA_900474185.1_UW69_genomic_prodigal_proteins	2629	GCA_000153045.1_ASM15304v1_genomic_prodigal_proteins	3242	1664	66.48	13.83	63.29
GCA_900474185.1_UW69_genomic_prodigal_proteins	2629	GCA_902549675.1_AG-903-B09_genomic_prodigal_proteins	836	507	77.57	14.39	60.65
GCA_900474185.1_UW69_genomic_prodigal_proteins	2629	GCA_002018045.1_ASM201804v1_genomic_prodigal_proteins	1559	912	62.02	12.70	58.50
GCA_900474185.1_UW69_genomic_prodigal_proteins	2629	GCA_004213055.1_ASM421305v1_genomic_prodigal_proteins	2241	1621	71.29	13.82	72.33
GCA_900474185.1_UW69_genomic_prodigal_proteins	2629	GCA_007571085.1_ASM757108v1_genomic_prodigal_proteins	1784	1134	60.80	12.95	63.57
GCA_900474185.1_UW69_genomic_prodigal_proteins	2629	GCA_009839805.1_ASM983980v1_genomic_prodigal_proteins	1848	777	59.57	12.20	42.05
GCA_900474185.1_UW69_genomic_prodigal_proteins	2629	GCA_003210375.1_ASM321037v1_genomic_prodigal_proteins	2155	1433	76.27	12.80	66.50
GCA_900474185.1_UW69_genomic_prodigal_proteins	2629	GCA_004332415.1_ASM433241v1_genomic_prodigal_proteins	2408	1808	71.59	13.75	75.08
GCA_900474185.1_UW69_genomic_prodigal_proteins	2629	GCA_009836025.1_ASM983602v1_genomic_prodigal_proteins	2290	1167	61.22	12.74	50.96
GCA_900474185.1_UW69_genomic_prodigal_proteins	2629	GCA_009843455.1_ASM984345v1_genomic_prodigal_proteins	2423	1143	61.03	12.66	47.17
GCA_900474185.1_UW69_genomic_prodigal_proteins	2629	GCA_009843485.1_ASM984348v1_genomic_prodigal_proteins	2158	1172	61.29	12.79	54.31
GCA_900474185.1_UW69_genomic_prodigal_proteins	2629	GCA_003283135.1_ASM328313v1_genomic_prodigal_proteins	459	151	67.06	15.28	32.90
GCA_900474185.1_UW69_genomic_prodigal_proteins	2629	GCA_902635485.1_AG-447-G23_genomic_prodigal_proteins	327	165	86.04	12.15	50.46
GCA_900474185.1_UW69_genomic_prodigal_proteins	2629	GCA_002760415.1_ASM276041v1_genomic_prodigal_proteins	2670	904	53.00	11.83	34.39
GCA_900474185.1_UW69_genomic_prodigal_proteins	2629	GCA_002754935.1_ASM275493v1_genomic_prodigal_proteins	2664	960	53.90	12.35	36.52
GCA_900474185.1_UW69_genomic_prodigal_proteins	2629	GCA_002171685.2_ASM217168v2_genomic_prodigal_proteins	811	663	71.14	13.38	81.75
GCA_900474185.1_UW69_genomic_prodigal_proteins	2629	GCA_000737595.1_ASM73759v1_genomic_prodigal_proteins	2774	2161	89.40	8.52	82.20
GCA_900474185.1_UW69_genomic_prodigal_proteins	2629	GCA_003331785.1_ASM333178v1_genomic_prodigal_proteins	2125	1676	70.45	13.86	78.87
GCA_900474185.1_UW69_genomic_prodigal_proteins	2629	GCA_009842265.1_ASM984226v1_genomic_prodigal_proteins	2398	1163	61.03	12.68	48.50
GCA_900474185.1_UW69_genomic_prodigal_proteins	2629	GCA_902579345.1_AG-911-L15_genomic_prodigal_proteins	248	112	74.25	15.49	45.16
GCA_900474185.1_UW69_genomic_prodigal_proteins	2629	GCA_000011345.1_ASM1134v1_genomic_prodigal_proteins	2520	1011	53.86	12.41	40.12
GCA_900474185.1_UW69_genomic_prodigal_proteins	2629	GCA_003210705.1_ASM321070v1_genomic_prodigal_proteins	2244	1401	69.96	14.39	62.43
GCA_900474185.1_UW69_genomic_prodigal_proteins	2629	GCA_000019485.1_ASM1948v1_genomic_prodigal_proteins	3233	1066	53.50	12.80	40.55
GCA_900474185.1_UW69_genomic_prodigal_proteins	2629	GCA_003283055.1_ASM328305v1_genomic_prodigal_proteins	482	95	71.57	15.73	19.71
GCA_900474185.1_UW69_genomic_prodigal_proteins	2629	GCA_000010065.1_ASM1006v1_genomic_prodigal_proteins	2691	1193	55.63	13.10	45.38
GCA_900474185.1_UW69_genomic_prodigal_proteins	2629	GCA_000316685.1_ASM31668v1_genomic_prodigal_proteins	3706	1043	53.34	12.54	39.67
GCA_900474185.1_UW69_genomic_prodigal_proteins	2629	GCA_000063525.1_ASM6352v1_genomic_prodigal_proteins	2540	1674	66.03	14.29	65.91
GCA_900474185.1_UW69_genomic_prodigal_proteins	2629	GCA_003283165.1_ASM328316v1_genomic_prodigal_proteins	217	82	73.69	14.43	37.79
GCA_900474185.1_UW69_genomic_prodigal_proteins	2629	GCA_902540675.1_AG-359-E22_genomic_prodigal_proteins	584	343	76.12	15.42	58.73
GCA_900474185.1_UW69_genomic_prodigal_proteins	2629	GCA_011055065.1_ASM1105506v1_genomic_prodigal_proteins	2792	871	53.04	11.97	33.13
GCA_900474185.1_UW69_genomic_prodigal_proteins	2629	GCA_000013205.1_ASM1320v1_genomic_prodigal_proteins	2750	919	53.03	11.83	34.96
GCA_900474185.1_UW69_genomic_prodigal_proteins	2629	GCA_003539795.1_ASM353979v1_genomic_prodigal_proteins	2284	1517	75.77	12.72	66.42
GCA_900474185.1_UW69_genomic_prodigal_proteins	2629	GCA_002171995.1_ASM217199v1_genomic_prodigal_proteins	1978	1069	70.17	13.99	54.04
GCA_900474185.1_UW69_genomic_prodigal_proteins	2629	GCA_011523835.1_ASM1152383v1_genomic_prodigal_proteins	2468	1601	71.38	14.16	64.87
GCA_900474185.1_UW69_genomic_prodigal_proteins	2629	GCA_002172175.1_ASM217217v1_genomic_prodigal_proteins	1846	1070	65.19	13.80	57.96
GCA_900474185.1_UW69_genomic_prodigal_proteins	2629	GCA_003208835.1_ASM320883v1_genomic_prodigal_proteins	2208	1432	76.82	12.91	64.86
GCA_900474185.1_UW69_genomic_prodigal_proteins	2629	GCA_902589915.1_AG-914-F20_genomic_prodigal_proteins	373	163	78.14	15.09	43.70
GCA_900474185.1_UW69_genomic_prodigal_proteins	2629	GCA_000485815.1_ASM48581v1_genomic_prodigal_proteins	3083	1030	53.58	12.79	39.18
GCA_900474185.1_UW69_genomic_prodigal_proteins	2629	GCA_008807075.1_ASM880707v1_genomic_prodigal_proteins	2925	1627	66.19	13.43	61.89
GCA_900474185.1_UW69_genomic_prodigal_proteins	2629	GCA_000179235.2_ASM17923v2_genomic_prodigal_proteins	3071	1692	67.23	13.86	64.36
GCA_900474185.1_UW69_genomic_prodigal_proteins	2629	GCA_003210795.1_ASM321079v1_genomic_prodigal_proteins	2239	1488	76.33	13.68	66.46
GCA_900474185.1_UW69_genomic_prodigal_proteins	2629	GCA_002706715.1_ASM270671v1_genomic_prodigal_proteins	1148	939	77.31	12.93	81.79
GCA_900474185.1_UW69_genomic_prodigal_proteins	2629	GCA_003331245.1_ASM333124v1_genomic_prodigal_proteins	2021	1646	76.65	12.73	81.44
GCA_900474185.1_UW69_genomic_prodigal_proteins	2629	GCA_009843385.1_ASM984338v1_genomic_prodigal_proteins	2085	974	61.49	12.75	46.71
GCA_900474185.1_UW69_genomic_prodigal_proteins	2629	GCA_003211205.1_ASM321120v1_genomic_prodigal_proteins	2288	1448	70.58	13.96	63.29
GCA_900474185.1_UW69_genomic_prodigal_proteins	2629	GCA_000063505.1_ASM6350v1_genomic_prodigal_proteins	2558	1842	71.13	14.22	72.01
GCA_900474185.1_UW69_genomic_prodigal_proteins	2629	GCA_900474245.1_UW179B_genomic_prodigal_proteins	2743	1866	70.23	13.98	70.98
GCA_900474185.1_UW69_genomic_prodigal_proteins	2629	GCA_003210345.1_ASM321034v1_genomic_prodigal_proteins	1256	829	75.99	12.77	66.00
GCA_900474185.1_UW69_genomic_prodigal_proteins	2629	GCA_003210315.1_ASM321031v1_genomic_prodigal_proteins	1815	1149	68.98	14.24	63.31
GCA_900474185.1_UW69_genomic_prodigal_proteins	2629	GCA_009836155.1_ASM983615v1_genomic_prodigal_proteins	1947	1111	61.24	12.72	57.06
GCA_900474185.1_UW69_genomic_prodigal_proteins	2629	GCA_003990665.2_ASM399066v2_genomic_prodigal_proteins	2499	1013	53.85	12.41	40.54
GCA_900474185.1_UW69_genomic_prodigal_proteins	2629	GCA_003209135.1_ASM320913v1_genomic_prodigal_proteins	1719	1084	74.33	13.85	63.06
GCA_900474185.1_UW69_genomic_prodigal_proteins	2629	GCA_009845105.1_ASM984510v1_genomic_prodigal_proteins	1941	923	60.81	12.82	47.55
GCA_900474185.1_UW69_genomic_prodigal_proteins	2629	GCA_002690325.1_ASM269032v1_genomic_prodigal_proteins	2554	1837	74.67	13.49	71.93
GCA_900474185.1_UW69_genomic_prodigal_proteins	2629	GCA_000161795.2_ASM16179v2_genomic_prodigal_proteins	2407	2036	89.67	8.37	84.59
GCA_900474185.1_UW69_genomic_prodigal_proteins	2629	GCA_004211895.1_ASM421189v1_genomic_prodigal_proteins	954	820	91.16	7.46	85.95
GCA_900474185.1_UW69_genomic_prodigal_proteins	2629	GCA_003210735.1_ASM321073v1_genomic_prodigal_proteins	2337	1511	76.19	13.43	64.66
GCA_900474185.1_UW69_genomic_prodigal_proteins	2629	GCA_003209035.1_ASM320903v1_genomic_prodigal_proteins	1803	1119	75.98	13.69	62.06
GCA_900474185.1_UW69_genomic_prodigal_proteins	2629	GCA_003712085.1_ASM371208v1_genomic_prodigal_proteins	2745	1980	78.27	13.16	75.31
GCA_900474185.1_UW69_genomic_prodigal_proteins	2629	GCA_003212155.1_ASM321215v1_genomic_prodigal_proteins	262	110	65.56	17.41	41.98
GCA_900474185.1_UW69_genomic_prodigal_proteins	2629	GCA_001040845.1_ASM104084v1_genomic_prodigal_proteins	2917	1877	70.15	13.92	71.40
GCA_900474185.1_UW69_genomic_prodigal_proteins	2629	GCA_002018015.1_ASM201801v1_genomic_prodigal_proteins	1578	891	62.06	12.73	56.46
GCA_900474185.1_UW69_genomic_prodigal_proteins	2629	GCA_003211255.1_ASM321125v1_genomic_prodigal_proteins	1850	1140	75.94	13.72	61.62
GCA_900474185.1_UW69_genomic_prodigal_proteins	2629	GCA_002721235.1_ASM272123v1_genomic_prodigal_proteins	3119	1070	53.46	12.78	40.70
GCA_900474185.1_UW69_genomic_prodigal_proteins	2629	GCA_009839305.1_ASM983930v1_genomic_prodigal_proteins	1816	869	61.85	13.10	47.85
GCA_900474185.1_UW69_genomic_prodigal_proteins	2629	GCA_011365345.1_ASM1136534v1_genomic_prodigal_proteins	2655	2306	96.03	6.41	87.71
GCA_900474185.1_UW69_genomic_prodigal_proteins	2629	GCA_001039265.1_ASM103926v1_genomic_prodigal_proteins	2832	1118	68.07	13.90	42.53
GCA_900474185.1_UW69_genomic_prodigal_proteins	2629	GCA_001628325.1_ASM162832v1_genomic_prodigal_proteins	2129	1854	90.77	7.58	87.08
GCA_900474185.1_UW69_genomic_prodigal_proteins	2629	GCA_003209215.1_ASM320921v1_genomic_prodigal_proteins	1679	1070	88.40	9.68	63.73
GCA_900474185.1_UW69_genomic_prodigal_proteins	2629	GCA_002737305.1_ASM273730v1_genomic_prodigal_proteins	1951	1211	67.16	13.86	62.07
GCA_900474185.1_UW69_genomic_prodigal_proteins	2629	GCA_003210515.1_ASM321051v1_genomic_prodigal_proteins	1673	1181	75.63	13.43	70.59
GCA_900474185.1_UW69_genomic_prodigal_proteins	2629	GCA_011525445.1_ASM1152544v1_genomic_prodigal_proteins	3208	1547	69.71	14.07	58.84
GCA_900474185.1_UW69_genomic_prodigal_proteins	2629	GCA_902599435.1_AG-916-N22_genomic_prodigal_proteins	793	490	79.52	13.33	61.79
GCA_900474185.1_UW69_genomic_prodigal_proteins	2629	GCA_003149585.1_ASM314958v1_genomic_prodigal_proteins	2600	1708	66.85	14.05	65.69
GCA_900474185.1_UW69_genomic_prodigal_proteins	2629	GCA_902560665.1_AG-905-O11_genomic_prodigal_proteins	401	230	77.98	14.01	57.36
GCA_900474185.1_UW69_genomic_prodigal_proteins	2629	GCA_003331795.1_ASM333179v1_genomic_prodigal_proteins	1948	1338	65.98	14.36	68.69
GCA_900474185.1_UW69_genomic_prodigal_proteins	2629	GCA_002017955.1_ASM201795v1_genomic_prodigal_proteins	512	255	61.47	12.76	49.80
GCA_900474185.1_UW69_genomic_prodigal_proteins	2629	GCA_902584485.1_AG-912-O23_genomic_prodigal_proteins	535	273	78.42	13.26	51.03
GCA_900474185.1_UW69_genomic_prodigal_proteins	2629	GCA_902527915.1_AG-896-G19_genomic_prodigal_proteins	1003	663	77.18	14.11	66.10
GCA_900474185.1_UW69_genomic_prodigal_proteins	2629	GCA_902635365.1_AG-447-D19_genomic_prodigal_proteins	1690	1017	76.05	13.87	60.18
GCA_900474185.1_UW69_genomic_prodigal_proteins	2629	GCA_900474085.1_UW86_genomic_prodigal_proteins	2403	2073	89.98	8.63	86.27
GCA_900474185.1_UW69_genomic_prodigal_proteins	2629	GCA_001885215.1_ASM188521v1_genomic_prodigal_proteins	2897	1613	65.77	13.41	61.35
GCA_900474185.1_UW69_genomic_prodigal_proteins	2629	GCA_902575935.1_AG-426-B22_genomic_prodigal_proteins	254	176	89.11	11.08	69.29
GCA_900474185.1_UW69_genomic_prodigal_proteins	2629	GCA_900474295.1_UW140_genomic_prodigal_proteins	2925	1900	70.94	14.06	72.27
GCA_900474185.1_UW69_genomic_prodigal_proteins	2629	GCA_003211565.1_ASM321156v1_genomic_prodigal_proteins	1489	979	88.64	9.34	65.75
GCA_900474185.1_UW69_genomic_prodigal_proteins	2629	GCA_003526105.1_ASM352610v1_genomic_prodigal_proteins	1581	1091	90.77	8.21	69.01
GCA_900474185.1_UW69_genomic_prodigal_proteins	2629	GCA_002172935.1_ASM217293v1_genomic_prodigal_proteins	1996	1404	70.29	13.84	70.34
GCA_900474185.1_UW69_genomic_prodigal_proteins	2629	GCA_003210335.1_ASM321033v1_genomic_prodigal_proteins	942	397	67.52	14.66	42.14
GCA_900474185.1_UW69_genomic_prodigal_proteins	2629	GCA_009846115.1_ASM984611v1_genomic_prodigal_proteins	2048	1040	61.12	12.79	50.78
GCA_900474185.1_UW69_genomic_prodigal_proteins	2629	GCA_001693295.1_ASM169329v1_genomic_prodigal_proteins	3183	1064	53.49	12.80	40.47
GCA_900474185.1_UW69_genomic_prodigal_proteins	2629	GCA_900473965.1_UW179A_genomic_prodigal_proteins	3383	1908	70.29	14.24	72.58
GCA_900474185.1_UW69_genomic_prodigal_proteins	2629	GCA_003213755.1_ASM321375v1_genomic_prodigal_proteins	1050	588	65.84	14.37	56.00
GCA_900474185.1_UW69_genomic_prodigal_proteins	2629	GCA_003209155.1_ASM320915v1_genomic_prodigal_proteins	2305	1423	70.50	14.07	61.74
GCA_900474185.1_UW69_genomic_prodigal_proteins	2629	GCA_003211515.1_ASM321151v1_genomic_prodigal_proteins	2451	1313	74.42	13.84	53.57
GCA_900474185.1_UW69_genomic_prodigal_proteins	2629	GCA_002693285.1_ASM269328v1_genomic_prodigal_proteins	2440	1642	70.88	13.89	67.30
GCA_900474185.1_UW69_genomic_prodigal_proteins	2629	GCA_003210555.1_ASM321055v1_genomic_prodigal_proteins	1847	1085	69.09	13.90	58.74
GCA_900474185.1_UW69_genomic_prodigal_proteins	2629	GCA_000155595.1_ASM15559v1_genomic_prodigal_proteins	5270	1114	53.03	12.64	42.37
GCA_900474185.1_UW69_genomic_prodigal_proteins	2629	GCA_001007665.1_ASM100766v1_genomic_prodigal_proteins	2356	1203	60.81	12.82	51.06
GCA_900474185.1_UW69_genomic_prodigal_proteins	2629	GCA_009919765.1_ASM991976v1_genomic_prodigal_proteins	2524	1130	66.28	14.59	44.77
GCA_900474185.1_UW69_genomic_prodigal_proteins	2629	GCA_003331225.1_ASM333122v1_genomic_prodigal_proteins	2113	1458	65.83	14.19	69.00
GCA_900474185.1_UW69_genomic_prodigal_proteins	2629	GCA_900177825.1_IMG-taxon_2708742468_annotated_assembly_genomic_prodigal_proteins	3317	1055	53.48	12.84	40.13
GCA_900474185.1_UW69_genomic_prodigal_proteins	2629	GCA_000195975.1_ASM19597v1_genomic_prodigal_proteins	2719	1979	78.23	13.22	75.28
GCA_900474185.1_UW69_genomic_prodigal_proteins	2629	GCA_902618885.1_AG-920-D15_genomic_prodigal_proteins	1178	787	78.34	13.71	66.81
GCA_900474185.1_UW69_genomic_prodigal_proteins	2629	GCA_003209165.1_ASM320916v1_genomic_prodigal_proteins	2711	1812	88.87	9.21	68.92
GCA_900474185.1_UW69_genomic_prodigal_proteins	2629	GCA_001007625.1_ASM100762v1_genomic_prodigal_proteins	2478	1045	61.38	12.85	42.17
GCA_900474185.1_UW69_genomic_prodigal_proteins	2629	GCA_008386235.1_ASM838623v1_genomic_prodigal_proteins	2571	1019	53.69	12.44	39.63
GCA_900474185.1_UW69_genomic_prodigal_proteins	2629	GCA_001631935.1_ASM163193v1_genomic_prodigal_proteins	3526	1899	70.37	14.22	72.23
GCA_900474185.1_UW69_genomic_prodigal_proteins	2629	GCA_002151525.1_ASM215152v1_genomic_prodigal_proteins	1628	1106	64.02	13.98	67.94
GCA_900474185.1_UW69_genomic_prodigal_proteins	2629	GCA_000153065.1_ASM15306v1_genomic_prodigal_proteins	2704	1774	71.54	13.63	67.48
GCA_900474185.1_UW69_genomic_prodigal_proteins	2629	GCA_009837265.1_ASM983726v1_genomic_prodigal_proteins	2126	1098	61.28	12.73	51.65
GCA_900474185.1_UW69_genomic_prodigal_proteins	2629	GCA_902533725.1_AG-898-C20_genomic_prodigal_proteins	421	222	86.13	11.37	52.73
GCA_900474185.1_UW69_genomic_prodigal_proteins	2629	GCA_002171075.2_ASM217107v2_genomic_prodigal_proteins	1919	1240	64.17	13.69	64.62
GCA_900474185.1_UW69_genomic_prodigal_proteins	2629	GCA_002760395.1_ASM276039v1_genomic_prodigal_proteins	2661	894	53.06	11.83	34.01
GCA_900474185.1_UW69_genomic_prodigal_proteins	2629	GCA_003209005.1_ASM320900v1_genomic_prodigal_proteins	2548	1581	70.23	14.11	62.05
GCA_900474185.1_UW69_genomic_prodigal_proteins	2629	GCA_002017915.1_ASM201791v1_genomic_prodigal_proteins	623	326	63.76	13.27	52.33
GCA_900474185.1_UW69_genomic_prodigal_proteins	2629	GCA_900047545.1_m9_genomic_prodigal_proteins	1575	924	61.08	12.76	58.67
GCA_900474185.1_UW69_genomic_prodigal_proteins	2629	GCA_001632105.1_ASM163210v1_genomic_prodigal_proteins	3521	1911	70.28	14.24	72.69
GCA_900474185.1_UW69_genomic_prodigal_proteins	2629	GCA_004212765.1_ASM421276v1_genomic_prodigal_proteins	1162	910	77.73	13.11	78.31
GCA_900474185.1_UW69_genomic_prodigal_proteins	2629	GCA_002685515.1_ASM268551v1_genomic_prodigal_proteins	1286	944	69.91	13.58	73.41
GCA_900474185.1_UW69_genomic_prodigal_proteins	2629	GCA_007828135.1_ASM782813v1_genomic_prodigal_proteins	2917	1614	65.79	13.42	61.39
GCA_900474185.1_UW69_genomic_prodigal_proteins	2629	GCA_011047875.1_ASM1104787v1_genomic_prodigal_proteins	2810	903	53.01	11.98	34.35
GCA_900474185.1_UW69_genomic_prodigal_proteins	2629	GCA_009840445.1_ASM984044v1_genomic_prodigal_proteins	2167	1207	61.14	12.85	55.70
GCA_900474185.1_UW69_genomic_prodigal_proteins	2629	GCA_003210995.1_ASM321099v1_genomic_prodigal_proteins	2385	1396	70.39	14.40	58.53
GCA_900474185.1_UW69_genomic_prodigal_proteins	2629	GCA_902616995.1_AG-919-L20_genomic_prodigal_proteins	654	410	77.94	13.28	62.69
GCA_900474185.1_UW69_genomic_prodigal_proteins	2629	GCA_009845825.1_ASM984582v1_genomic_prodigal_proteins	2168	1019	61.35	12.70	47.00
GCA_900474185.1_UW69_genomic_prodigal_proteins	2629	GCA_000515235.1_ASM51523v1_genomic_prodigal_proteins	2873	1981	75.34	13.51	75.35
GCA_900474185.1_UW69_genomic_prodigal_proteins	2629	GCA_003523965.1_ASM352396v1_genomic_prodigal_proteins	1735	773	62.38	13.11	44.55
GCA_900474185.1_UW69_genomic_prodigal_proteins	2629	GCA_002684175.1_ASM268417v1_genomic_prodigal_proteins	1819	1191	75.45	12.00	65.48
GCA_900474185.1_UW69_genomic_prodigal_proteins	2629	GCA_011523295.1_ASM1152329v1_genomic_prodigal_proteins	2851	1559	76.30	13.39	59.30
GCA_900474185.1_UW69_genomic_prodigal_proteins	2629	GCA_003211015.1_ASM321101v1_genomic_prodigal_proteins	2128	1377	70.44	14.08	64.71
GCA_900474185.1_UW69_genomic_prodigal_proteins	2629	GCA_002006815.1_ASM200681v1_genomic_prodigal_proteins	1973	1381	64.14	13.89	69.99
GCA_000817325.1_ASM81732v1_genomic_prodigal_proteins	2728	GCA_002691345.1_ASM269134v1_genomic_prodigal_proteins	2078	952	54.60	12.47	45.81
GCA_000817325.1_ASM81732v1_genomic_prodigal_proteins	2728	GCA_002172045.1_ASM217204v1_genomic_prodigal_proteins	1670	728	56.13	13.00	43.59
GCA_000817325.1_ASM81732v1_genomic_prodigal_proteins	2728	GCA_003211535.1_ASM321153v1_genomic_prodigal_proteins	2412	935	55.98	12.92	38.76
GCA_000817325.1_ASM81732v1_genomic_prodigal_proteins	2728	GCA_000230675.2_ASM23067v1_genomic_prodigal_proteins	2998	1218	55.52	13.24	44.65
GCA_000817325.1_ASM81732v1_genomic_prodigal_proteins	2728	GCA_002252625.1_ASM225262v1_genomic_prodigal_proteins	3600	1355	56.40	13.25	49.67
GCA_000817325.1_ASM81732v1_genomic_prodigal_proteins	2728	GCA_000012625.1_ASM1262v1_genomic_prodigal_proteins	2892	1215	55.84	13.31	44.54
GCA_000817325.1_ASM81732v1_genomic_prodigal_proteins	2728	GCA_009844725.1_ASM984472v1_genomic_prodigal_proteins	2020	835	55.39	12.44	41.34
GCA_000817325.1_ASM81732v1_genomic_prodigal_proteins	2728	GCA_003331765.1_ASM333176v1_genomic_prodigal_proteins	2019	1022	55.42	12.78	50.62
GCA_000817325.1_ASM81732v1_genomic_prodigal_proteins	2728	GCA_900473935.1_UW105_genomic_prodigal_proteins	2923	1215	55.47	13.18	44.54
GCA_000817325.1_ASM81732v1_genomic_prodigal_proteins	2728	GCA_002168155.1_ASM216815v1_genomic_prodigal_proteins	2361	1117	55.98	12.78	47.31
GCA_000817325.1_ASM81732v1_genomic_prodigal_proteins	2728	GCA_009846095.1_ASM984609v1_genomic_prodigal_proteins	2331	907	55.29	12.58	38.91
GCA_000817325.1_ASM81732v1_genomic_prodigal_proteins	2728	GCA_009498715.1_ASM949871v1_genomic_prodigal_proteins	2867	2293	90.12	8.41	84.05
GCA_000817325.1_ASM81732v1_genomic_prodigal_proteins	2728	GCA_002252635.1_ASM225263v1_genomic_prodigal_proteins	3011	1355	56.48	13.33	49.67
GCA_000817325.1_ASM81732v1_genomic_prodigal_proteins	2728	GCA_009838425.1_ASM983842v1_genomic_prodigal_proteins	1544	642	55.87	12.65	41.58
GCA_000817325.1_ASM81732v1_genomic_prodigal_proteins	2728	GCA_900473895.1_N32_genomic_prodigal_proteins	2509	1201	56.00	13.11	47.87
GCA_000817325.1_ASM81732v1_genomic_prodigal_proteins	2728	GCA_003210495.1_ASM321049v1_genomic_prodigal_proteins	1134	388	54.23	13.10	34.22
GCA_000817325.1_ASM81732v1_genomic_prodigal_proteins	2728	GCA_003011125.1_ASM301112v1_genomic_prodigal_proteins	3076	1170	55.50	12.90	42.89
GCA_000817325.1_ASM81732v1_genomic_prodigal_proteins	2728	GCA_900177365.1_IMG-taxon_2708742537_annotated_assembly_genomic_prodigal_proteins	3310	1479	59.54	12.86	54.22
GCA_000817325.1_ASM81732v1_genomic_prodigal_proteins	2728	GCA_002760445.1_ASM276044v1_genomic_prodigal_proteins	2661	1212	57.64	12.10	45.55
GCA_000817325.1_ASM81732v1_genomic_prodigal_proteins	2728	GCA_900474185.1_UW69_genomic_prodigal_proteins	2629	1205	55.78	13.21	45.83
GCA_000817325.1_ASM81732v1_genomic_prodigal_proteins	2728	GCA_003210775.1_ASM321077v1_genomic_prodigal_proteins	2665	851	55.27	12.98	31.93
GCA_000817325.1_ASM81732v1_genomic_prodigal_proteins	2728	GCA_002700765.1_ASM270076v1_genomic_prodigal_proteins	2134	918	55.07	13.00	43.02
GCA_000817325.1_ASM81732v1_genomic_prodigal_proteins	2728	GCA_902599585.1_AG-916-O11_genomic_prodigal_proteins	1470	578	56.59	13.58	39.32
GCA_000817325.1_ASM81732v1_genomic_prodigal_proteins	2728	GCA_900474045.1_N19_genomic_prodigal_proteins	2484	1180	55.98	13.03	47.50
GCA_000817325.1_ASM81732v1_genomic_prodigal_proteins	2728	GCA_003210815.1_ASM321081v1_genomic_prodigal_proteins	2087	758	55.01	12.66	36.32
GCA_000817325.1_ASM81732v1_genomic_prodigal_proteins	2728	GCA_900473955.1_GEYO_genomic_prodigal_proteins	2674	1174	55.46	13.07	43.90
GCA_000817325.1_ASM81732v1_genomic_prodigal_proteins	2728	GCA_002167425.2_ASM216742v2_genomic_prodigal_proteins	2822	1024	55.06	12.83	37.54
GCA_000817325.1_ASM81732v1_genomic_prodigal_proteins	2728	GCA_009844645.1_ASM984464v1_genomic_prodigal_proteins	1983	950	55.52	12.66	47.91
GCA_000817325.1_ASM81732v1_genomic_prodigal_proteins	2728	GCA_008081095.1_ASM808109v1_genomic_prodigal_proteins	1533	644	55.59	12.71	42.01
GCA_000817325.1_ASM81732v1_genomic_prodigal_proteins	2728	GCA_000014585.1_ASM1458v1_genomic_prodigal_proteins	2879	1204	55.51	13.27	44.13
GCA_000817325.1_ASM81732v1_genomic_prodigal_proteins	2728	GCA_000317085.1_ASM31708v1_genomic_prodigal_proteins	3673	1360	57.14	12.55	49.85
GCA_000817325.1_ASM81732v1_genomic_prodigal_proteins	2728	GCA_013133755.1_ASM1313375v1_genomic_prodigal_proteins	2700	1185	55.62	13.09	43.89
GCA_000817325.1_ASM81732v1_genomic_prodigal_proteins	2728	GCA_003210475.1_ASM321047v1_genomic_prodigal_proteins	1514	604	55.10	12.70	39.89
GCA_000817325.1_ASM81732v1_genomic_prodigal_proteins	2728	GCA_003208815.1_ASM320881v1_genomic_prodigal_proteins	1352	452	54.79	13.13	33.43
GCA_000817325.1_ASM81732v1_genomic_prodigal_proteins	2728	GCA_000012505.1_ASM1250v1_genomic_prodigal_proteins	2461	1174	55.77	13.01	47.70
GCA_000817325.1_ASM81732v1_genomic_prodigal_proteins	2728	GCA_000153825.1_ASM15382v1_genomic_prodigal_proteins	2811	1228	55.92	13.24	45.01
GCA_000817325.1_ASM81732v1_genomic_prodigal_proteins	2728	GCA_002760475.1_ASM276047v1_genomic_prodigal_proteins	2647	1210	57.59	12.14	45.71
GCA_000817325.1_ASM81732v1_genomic_prodigal_proteins	2728	GCA_003210565.1_ASM321056v1_genomic_prodigal_proteins	836	299	55.90	13.79	35.77
GCA_000817325.1_ASM81732v1_genomic_prodigal_proteins	2728	GCA_902618505.1_AG-892-K03_genomic_prodigal_proteins	959	281	57.97	14.13	29.30
GCA_000817325.1_ASM81732v1_genomic_prodigal_proteins	2728	GCA_005577135.1_ASM557713v1_genomic_prodigal_proteins	3356	1494	59.41	12.97	54.77
GCA_000817325.1_ASM81732v1_genomic_prodigal_proteins	2728	GCA_003846445.1_ASM384644v1_genomic_prodigal_proteins	2740	2338	90.17	8.20	85.70
GCA_000817325.1_ASM81732v1_genomic_prodigal_proteins	2728	GCA_000505665.1_ASM50566v1_genomic_prodigal_proteins	2466	1360	60.18	12.90	55.15
GCA_000817325.1_ASM81732v1_genomic_prodigal_proteins	2728	GCA_902616255.1_AG-919-I18_genomic_prodigal_proteins	1046	380	55.52	13.45	36.33
GCA_000817325.1_ASM81732v1_genomic_prodigal_proteins	2728	GCA_001182765.1_WH8103.1_genomic_prodigal_proteins	2676	1220	55.96	13.24	45.59
GCA_000817325.1_ASM81732v1_genomic_prodigal_proteins	2728	GCA_002760375.1_ASM276037v1_genomic_prodigal_proteins	2702	1212	57.58	12.13	44.86
GCA_000817325.1_ASM81732v1_genomic_prodigal_proteins	2728	GCA_902592305.1_AG-914-O22_genomic_prodigal_proteins	179	67	59.22	13.66	37.43
GCA_000817325.1_ASM81732v1_genomic_prodigal_proteins	2728	GCA_001632165.1_ASM163216v1_genomic_prodigal_proteins	2830	1189	55.54	13.03	43.59
GCA_000817325.1_ASM81732v1_genomic_prodigal_proteins	2728	GCA_004332405.1_ASM433240v1_genomic_prodigal_proteins	2437	1222	56.06	13.25	50.14
GCA_000817325.1_ASM81732v1_genomic_prodigal_proteins	2728	GCA_900473975.1_N26_genomic_prodigal_proteins	2454	1183	56.09	13.18	48.21
GCA_000817325.1_ASM81732v1_genomic_prodigal_proteins	2728	GCA_902612475.1_AG-918-G20_genomic_prodigal_proteins	502	137	55.87	13.01	27.29
GCA_000817325.1_ASM81732v1_genomic_prodigal_proteins	2728	GCA_000775285.1_ASM77528v1_genomic_prodigal_proteins	4812	1324	61.63	13.30	48.53
GCA_000817325.1_ASM81732v1_genomic_prodigal_proteins	2728	GCA_002698505.1_ASM269850v1_genomic_prodigal_proteins	2471	1116	55.31	13.12	45.16
GCA_000817325.1_ASM81732v1_genomic_prodigal_proteins	2728	GCA_002252665.1_ASM225266v1_genomic_prodigal_proteins	2771	1276	56.62	13.21	46.77
GCA_000817325.1_ASM81732v1_genomic_prodigal_proteins	2728	GCA_003555505.1_ASM355550v1_genomic_prodigal_proteins	3351	1024	60.57	13.44	37.54
GCA_000817325.1_ASM81732v1_genomic_prodigal_proteins	2728	GCA_900474015.1_UW106_genomic_prodigal_proteins	2762	1205	55.70	13.19	44.17
GCA_000817325.1_ASM81732v1_genomic_prodigal_proteins	2728	GCA_000715475.1_ASM71547v1_genomic_prodigal_proteins	3299	1468	59.46	12.93	53.81
GCA_000817325.1_ASM81732v1_genomic_prodigal_proteins	2728	GCA_001628295.1_ASM162829v1_genomic_prodigal_proteins	2145	1093	55.91	12.90	50.96
GCA_000817325.1_ASM81732v1_genomic_prodigal_proteins	2728	GCA_003208775.1_ASM320877v1_genomic_prodigal_proteins	1808	686	55.78	13.28	37.94
GCA_000817325.1_ASM81732v1_genomic_prodigal_proteins	2728	GCA_003210975.1_ASM321097v1_genomic_prodigal_proteins	627	292	55.39	14.14	46.57
GCA_000817325.1_ASM81732v1_genomic_prodigal_proteins	2728	GCA_003208915.1_ASM320891v1_genomic_prodigal_proteins	1208	421	55.59	13.04	34.85
GCA_000817325.1_ASM81732v1_genomic_prodigal_proteins	2728	GCA_009837735.1_ASM983773v1_genomic_prodigal_proteins	2041	817	55.80	12.69	40.03
GCA_000817325.1_ASM81732v1_genomic_prodigal_proteins	2728	GCA_902548805.1_AG-901-N20_genomic_prodigal_proteins	158	53	56.41	14.51	33.54
GCA_000817325.1_ASM81732v1_genomic_prodigal_proteins	2728	GCA_003211235.1_ASM321123v1_genomic_prodigal_proteins	1698	642	55.32	13.33	37.81
GCA_000817325.1_ASM81732v1_genomic_prodigal_proteins	2728	GCA_004209775.1_ASM420977v1_genomic_prodigal_proteins	2798	1272	55.84	13.31	46.63
GCA_000817325.1_ASM81732v1_genomic_prodigal_proteins	2728	GCA_003283215.1_ASM328321v1_genomic_prodigal_proteins	239	31	61.96	11.68	12.97
GCA_000817325.1_ASM81732v1_genomic_prodigal_proteins	2728	GCA_003209555.1_ASM320955v1_genomic_prodigal_proteins	908	278	56.43	13.37	30.62
GCA_000817325.1_ASM81732v1_genomic_prodigal_proteins	2728	GCA_000153805.1_ASM15380v1_genomic_prodigal_proteins	2517	1179	55.56	13.07	46.84
GCA_000817325.1_ASM81732v1_genomic_prodigal_proteins	2728	GCA_003283205.1_ASM328320v1_genomic_prodigal_proteins	274	48	57.20	14.95	17.52
GCA_000817325.1_ASM81732v1_genomic_prodigal_proteins	2728	GCA_900473925.1_N5_genomic_prodigal_proteins	2417	1167	56.05	13.08	48.28
GCA_000817325.1_ASM81732v1_genomic_prodigal_proteins	2728	GCA_902592665.1_AG-447-E14_genomic_prodigal_proteins	1111	320	55.18	13.03	28.80
GCA_000817325.1_ASM81732v1_genomic_prodigal_proteins	2728	GCA_011523155.1_ASM1152315v1_genomic_prodigal_proteins	2101	825	53.89	11.97	39.27
GCA_000817325.1_ASM81732v1_genomic_prodigal_proteins	2728	GCA_003211275.1_ASM321127v1_genomic_prodigal_proteins	2168	766	55.27	13.03	35.33
GCA_000817325.1_ASM81732v1_genomic_prodigal_proteins	2728	GCA_003957805.1_ASM395780v1_genomic_prodigal_proteins	2887	2559	98.98	3.19	93.80
GCA_000817325.1_ASM81732v1_genomic_prodigal_proteins	2728	GCA_012270465.1_ASM1227046v1_genomic_prodigal_proteins	2311	975	55.60	12.56	42.19
GCA_000817325.1_ASM81732v1_genomic_prodigal_proteins	2728	GCA_001693255.1_ASM169325v1_genomic_prodigal_proteins	3177	1481	59.61	12.82	54.29
GCA_000817325.1_ASM81732v1_genomic_prodigal_proteins	2728	GCA_003210385.1_ASM321038v1_genomic_prodigal_proteins	286	145	56.23	13.68	50.70
GCA_000817325.1_ASM81732v1_genomic_prodigal_proteins	2728	GCA_002170705.1_ASM217070v1_genomic_prodigal_proteins	1392	653	55.86	12.44	46.91
GCA_000817325.1_ASM81732v1_genomic_prodigal_proteins	2728	GCA_002356215.1_ASM235621v1_genomic_prodigal_proteins	2953	1485	59.67	12.83	54.44
GCA_000817325.1_ASM81732v1_genomic_prodigal_proteins	2728	GCA_003210935.1_ASM321093v1_genomic_prodigal_proteins	1868	788	55.68	13.28	42.18
GCA_000817325.1_ASM81732v1_genomic_prodigal_proteins	2728	GCA_003210535.1_ASM321053v1_genomic_prodigal_proteins	1257	456	54.31	12.76	36.28
GCA_000817325.1_ASM81732v1_genomic_prodigal_proteins	2728	GCA_002724845.1_ASM272484v1_genomic_prodigal_proteins	1589	854	55.43	12.85	53.74
GCA_000817325.1_ASM81732v1_genomic_prodigal_proteins	2728	GCA_000153285.1_ASM15328v1_genomic_prodigal_proteins	2746	1238	55.73	13.36	45.38
GCA_000817325.1_ASM81732v1_genomic_prodigal_proteins	2728	GCA_003211035.1_ASM321103v1_genomic_prodigal_proteins	530	215	54.51	12.52	40.57
GCA_000817325.1_ASM81732v1_genomic_prodigal_proteins	2728	GCA_001521855.1_ASM152185v1_genomic_prodigal_proteins	3144	1498	59.57	12.83	54.91
GCA_000817325.1_ASM81732v1_genomic_prodigal_proteins	2728	GCA_009835965.1_ASM983596v1_genomic_prodigal_proteins	2105	998	55.76	12.66	47.41
GCA_000817325.1_ASM81732v1_genomic_prodigal_proteins	2728	GCA_012269695.1_ASM1226969v1_genomic_prodigal_proteins	2043	836	55.84	12.55	40.92
GCA_000817325.1_ASM81732v1_genomic_prodigal_proteins	2728	GCA_000737535.1_ASM73753v1_genomic_prodigal_proteins	3013	1216	55.74	13.28	44.57
GCA_000817325.1_ASM81732v1_genomic_prodigal_proteins	2728	GCA_000586015.1_SynSpo.0_genomic_prodigal_proteins	1907	784	56.59	13.10	41.11
GCA_000817325.1_ASM81732v1_genomic_prodigal_proteins	2728	GCA_002760345.1_ASM276034v1_genomic_prodigal_proteins	2731	1229	57.47	12.14	45.05
GCA_000817325.1_ASM81732v1_genomic_prodigal_proteins	2728	GCA_000013225.1_ASM1322v1_genomic_prodigal_proteins	2844	1237	57.41	12.26	45.34
GCA_000817325.1_ASM81732v1_genomic_prodigal_proteins	2728	GCA_000332275.1_ASM33227v1_genomic_prodigal_proteins	4564	1362	57.09	12.28	49.93
GCA_000817325.1_ASM81732v1_genomic_prodigal_proteins	2728	GCA_002252675.1_ASM225267v1_genomic_prodigal_proteins	3295	1346	56.57	13.37	49.34
GCA_000817325.1_ASM81732v1_genomic_prodigal_proteins	2728	GCA_000737575.1_ASM73757v1_genomic_prodigal_proteins	2662	1206	56.06	13.34	45.30
GCA_000817325.1_ASM81732v1_genomic_prodigal_proteins	2728	GCA_902596755.1_AG-916-D19_genomic_prodigal_proteins	1152	417	55.94	13.15	36.20
GCA_000817325.1_ASM81732v1_genomic_prodigal_proteins	2728	GCA_003211455.1_ASM321145v1_genomic_prodigal_proteins	1186	419	55.25	13.57	35.33
GCA_000817325.1_ASM81732v1_genomic_prodigal_proteins	2728	GCA_003208755.1_ASM320875v1_genomic_prodigal_proteins	690	271	55.73	13.29	39.28
GCA_000817325.1_ASM81732v1_genomic_prodigal_proteins	2728	GCA_007571215.1_ASM757121v1_genomic_prodigal_proteins	1879	983	55.32	12.63	52.32
GCA_000817325.1_ASM81732v1_genomic_prodigal_proteins	2728	GCA_001007635.1_ASM100763v1_genomic_prodigal_proteins	2333	927	55.64	12.66	39.73
GCA_000817325.1_ASM81732v1_genomic_prodigal_proteins	2728	GCA_000179255.1_ASM17925v1_genomic_prodigal_proteins	2729	1238	56.40	13.05	45.38
GCA_000817325.1_ASM81732v1_genomic_prodigal_proteins	2728	GCA_003208975.1_ASM320897v1_genomic_prodigal_proteins	1804	636	55.25	12.95	35.25
GCA_000817325.1_ASM81732v1_genomic_prodigal_proteins	2728	GCA_012103655.1_ASM1210365v1_genomic_prodigal_proteins	2723	1209	55.41	13.15	44.40
GCA_000817325.1_ASM81732v1_genomic_prodigal_proteins	2728	GCA_902582045.1_AG-912-B07_genomic_prodigal_proteins	196	48	56.83	13.05	24.49
GCA_000817325.1_ASM81732v1_genomic_prodigal_proteins	2728	GCA_000153045.1_ASM15304v1_genomic_prodigal_proteins	3242	1341	56.48	13.18	49.16
GCA_000817325.1_ASM81732v1_genomic_prodigal_proteins	2728	GCA_902549675.1_AG-903-B09_genomic_prodigal_proteins	836	299	56.94	14.26	35.77
GCA_000817325.1_ASM81732v1_genomic_prodigal_proteins	2728	GCA_002018045.1_ASM201804v1_genomic_prodigal_proteins	1559	786	56.41	12.58	50.42
GCA_000817325.1_ASM81732v1_genomic_prodigal_proteins	2728	GCA_004213055.1_ASM421305v1_genomic_prodigal_proteins	2241	1072	55.65	13.05	47.84
GCA_000817325.1_ASM81732v1_genomic_prodigal_proteins	2728	GCA_007571085.1_ASM757108v1_genomic_prodigal_proteins	1784	961	55.39	12.62	53.87
GCA_000817325.1_ASM81732v1_genomic_prodigal_proteins	2728	GCA_009839805.1_ASM983980v1_genomic_prodigal_proteins	1848	667	53.63	12.13	36.09
GCA_000817325.1_ASM81732v1_genomic_prodigal_proteins	2728	GCA_003210375.1_ASM321037v1_genomic_prodigal_proteins	2155	875	55.20	13.05	40.60
GCA_000817325.1_ASM81732v1_genomic_prodigal_proteins	2728	GCA_004332415.1_ASM433241v1_genomic_prodigal_proteins	2408	1227	55.95	13.19	50.96
GCA_000817325.1_ASM81732v1_genomic_prodigal_proteins	2728	GCA_009836025.1_ASM983602v1_genomic_prodigal_proteins	2290	1009	55.57	12.73	44.06
GCA_000817325.1_ASM81732v1_genomic_prodigal_proteins	2728	GCA_009843455.1_ASM984345v1_genomic_prodigal_proteins	2423	983	55.44	12.51	40.57
GCA_000817325.1_ASM81732v1_genomic_prodigal_proteins	2728	GCA_009843485.1_ASM984348v1_genomic_prodigal_proteins	2158	998	55.70	12.72	46.25
GCA_000817325.1_ASM81732v1_genomic_prodigal_proteins	2728	GCA_003283135.1_ASM328313v1_genomic_prodigal_proteins	459	102	54.95	13.91	22.22
GCA_000817325.1_ASM81732v1_genomic_prodigal_proteins	2728	GCA_902635485.1_AG-447-G23_genomic_prodigal_proteins	327	68	54.18	15.48	20.80
GCA_000817325.1_ASM81732v1_genomic_prodigal_proteins	2728	GCA_002760415.1_ASM276041v1_genomic_prodigal_proteins	2670	1217	57.52	12.15	45.58
GCA_000817325.1_ASM81732v1_genomic_prodigal_proteins	2728	GCA_002754935.1_ASM275493v1_genomic_prodigal_proteins	2664	1332	60.19	12.80	50.00
GCA_000817325.1_ASM81732v1_genomic_prodigal_proteins	2728	GCA_002171685.2_ASM217168v2_genomic_prodigal_proteins	811	482	56.07	12.57	59.43
GCA_000817325.1_ASM81732v1_genomic_prodigal_proteins	2728	GCA_000737595.1_ASM73759v1_genomic_prodigal_proteins	2774	1227	55.82	13.24	44.98
GCA_000817325.1_ASM81732v1_genomic_prodigal_proteins	2728	GCA_003331785.1_ASM333178v1_genomic_prodigal_proteins	2125	1089	55.49	13.03	51.25
GCA_000817325.1_ASM81732v1_genomic_prodigal_proteins	2728	GCA_009842265.1_ASM984226v1_genomic_prodigal_proteins	2398	993	55.54	12.67	41.41
GCA_000817325.1_ASM81732v1_genomic_prodigal_proteins	2728	GCA_902579345.1_AG-911-L15_genomic_prodigal_proteins	248	56	54.81	16.20	22.58
GCA_000817325.1_ASM81732v1_genomic_prodigal_proteins	2728	GCA_000011345.1_ASM1134v1_genomic_prodigal_proteins	2520	1374	60.32	12.89	54.52
GCA_000817325.1_ASM81732v1_genomic_prodigal_proteins	2728	GCA_003210705.1_ASM321070v1_genomic_prodigal_proteins	2244	865	55.00	13.05	38.55
GCA_000817325.1_ASM81732v1_genomic_prodigal_proteins	2728	GCA_000019485.1_ASM1948v1_genomic_prodigal_proteins	3233	1500	59.47	12.87	54.99
GCA_000817325.1_ASM81732v1_genomic_prodigal_proteins	2728	GCA_003283055.1_ASM328305v1_genomic_prodigal_proteins	482	41	51.88	15.67	8.51
GCA_000817325.1_ASM81732v1_genomic_prodigal_proteins	2728	GCA_000010065.1_ASM1006v1_genomic_prodigal_proteins	2691	2632	99.81	0.71	97.81
GCA_000817325.1_ASM81732v1_genomic_prodigal_proteins	2728	GCA_000316685.1_ASM31668v1_genomic_prodigal_proteins	3706	1516	59.54	13.03	55.57
GCA_000817325.1_ASM81732v1_genomic_prodigal_proteins	2728	GCA_000063525.1_ASM6352v1_genomic_prodigal_proteins	2540	1229	56.68	13.20	48.39
GCA_000817325.1_ASM81732v1_genomic_prodigal_proteins	2728	GCA_003283165.1_ASM328316v1_genomic_prodigal_proteins	217	55	54.26	13.55	25.35
GCA_000817325.1_ASM81732v1_genomic_prodigal_proteins	2728	GCA_902540675.1_AG-359-E22_genomic_prodigal_proteins	584	188	55.51	14.24	32.19
GCA_000817325.1_ASM81732v1_genomic_prodigal_proteins	2728	GCA_011055065.1_ASM1105506v1_genomic_prodigal_proteins	2792	1189	57.36	12.23	43.59
GCA_000817325.1_ASM81732v1_genomic_prodigal_proteins	2728	GCA_000013205.1_ASM1320v1_genomic_prodigal_proteins	2750	1231	57.47	12.13	45.12
GCA_000817325.1_ASM81732v1_genomic_prodigal_proteins	2728	GCA_003539795.1_ASM353979v1_genomic_prodigal_proteins	2284	901	54.46	12.52	39.45
GCA_000817325.1_ASM81732v1_genomic_prodigal_proteins	2728	GCA_002171995.1_ASM217199v1_genomic_prodigal_proteins	1978	688	55.08	13.02	34.78
GCA_000817325.1_ASM81732v1_genomic_prodigal_proteins	2728	GCA_011523835.1_ASM1152383v1_genomic_prodigal_proteins	2468	1023	55.58	12.85	41.45
GCA_000817325.1_ASM81732v1_genomic_prodigal_proteins	2728	GCA_002172175.1_ASM217217v1_genomic_prodigal_proteins	1846	773	55.20	12.48	41.87
GCA_000817325.1_ASM81732v1_genomic_prodigal_proteins	2728	GCA_003208835.1_ASM320883v1_genomic_prodigal_proteins	2208	889	55.82	13.00	40.26
GCA_000817325.1_ASM81732v1_genomic_prodigal_proteins	2728	GCA_902589915.1_AG-914-F20_genomic_prodigal_proteins	373	102	56.59	13.80	27.35
GCA_000817325.1_ASM81732v1_genomic_prodigal_proteins	2728	GCA_000485815.1_ASM48581v1_genomic_prodigal_proteins	3083	1452	59.76	12.78	53.23
GCA_000817325.1_ASM81732v1_genomic_prodigal_proteins	2728	GCA_008807075.1_ASM880707v1_genomic_prodigal_proteins	2925	1248	55.65	13.27	45.75
GCA_000817325.1_ASM81732v1_genomic_prodigal_proteins	2728	GCA_000179235.2_ASM17923v2_genomic_prodigal_proteins	3071	1324	56.39	13.16	48.53
GCA_000817325.1_ASM81732v1_genomic_prodigal_proteins	2728	GCA_003210795.1_ASM321079v1_genomic_prodigal_proteins	2239	872	55.12	12.82	38.95
GCA_000817325.1_ASM81732v1_genomic_prodigal_proteins	2728	GCA_002706715.1_ASM270671v1_genomic_prodigal_proteins	1148	631	56.48	13.22	54.97
GCA_000817325.1_ASM81732v1_genomic_prodigal_proteins	2728	GCA_003331245.1_ASM333124v1_genomic_prodigal_proteins	2021	987	55.60	12.88	48.84
GCA_000817325.1_ASM81732v1_genomic_prodigal_proteins	2728	GCA_009843385.1_ASM984338v1_genomic_prodigal_proteins	2085	831	55.94	12.73	39.86
GCA_000817325.1_ASM81732v1_genomic_prodigal_proteins	2728	GCA_003211205.1_ASM321120v1_genomic_prodigal_proteins	2288	925	55.36	13.18	40.43
GCA_000817325.1_ASM81732v1_genomic_prodigal_proteins	2728	GCA_000063505.1_ASM6350v1_genomic_prodigal_proteins	2558	1231	55.74	13.27	48.12
GCA_000817325.1_ASM81732v1_genomic_prodigal_proteins	2728	GCA_900474245.1_UW179B_genomic_prodigal_proteins	2743	1219	55.40	13.26	44.68
GCA_000817325.1_ASM81732v1_genomic_prodigal_proteins	2728	GCA_003210345.1_ASM321034v1_genomic_prodigal_proteins	1256	490	54.60	12.77	39.01
GCA_000817325.1_ASM81732v1_genomic_prodigal_proteins	2728	GCA_003210315.1_ASM321031v1_genomic_prodigal_proteins	1815	703	55.24	13.39	38.73
GCA_000817325.1_ASM81732v1_genomic_prodigal_proteins	2728	GCA_009836155.1_ASM983615v1_genomic_prodigal_proteins	1947	964	55.57	12.61	49.51
GCA_000817325.1_ASM81732v1_genomic_prodigal_proteins	2728	GCA_003990665.2_ASM399066v2_genomic_prodigal_proteins	2499	1380	60.26	12.91	55.22
GCA_000817325.1_ASM81732v1_genomic_prodigal_proteins	2728	GCA_003209135.1_ASM320913v1_genomic_prodigal_proteins	1719	636	54.62	12.74	37.00
GCA_000817325.1_ASM81732v1_genomic_prodigal_proteins	2728	GCA_009845105.1_ASM984510v1_genomic_prodigal_proteins	1941	799	55.06	12.59	41.16
GCA_000817325.1_ASM81732v1_genomic_prodigal_proteins	2728	GCA_002690325.1_ASM269032v1_genomic_prodigal_proteins	2554	1083	54.73	12.60	42.40
GCA_000817325.1_ASM81732v1_genomic_prodigal_proteins	2728	GCA_000161795.2_ASM16179v2_genomic_prodigal_proteins	2407	1187	56.00	13.25	49.31
GCA_000817325.1_ASM81732v1_genomic_prodigal_proteins	2728	GCA_004211895.1_ASM421189v1_genomic_prodigal_proteins	954	496	55.80	12.89	51.99
GCA_000817325.1_ASM81732v1_genomic_prodigal_proteins	2728	GCA_003210735.1_ASM321073v1_genomic_prodigal_proteins	2337	867	54.64	12.95	37.10
GCA_000817325.1_ASM81732v1_genomic_prodigal_proteins	2728	GCA_003209035.1_ASM320903v1_genomic_prodigal_proteins	1803	630	55.58	13.16	34.94
GCA_000817325.1_ASM81732v1_genomic_prodigal_proteins	2728	GCA_003712085.1_ASM371208v1_genomic_prodigal_proteins	2745	1217	55.85	13.12	44.61
GCA_000817325.1_ASM81732v1_genomic_prodigal_proteins	2728	GCA_003212155.1_ASM321215v1_genomic_prodigal_proteins	262	65	57.82	15.56	24.81
GCA_000817325.1_ASM81732v1_genomic_prodigal_proteins	2728	GCA_001040845.1_ASM104084v1_genomic_prodigal_proteins	2917	1207	55.34	13.24	44.24
GCA_000817325.1_ASM81732v1_genomic_prodigal_proteins	2728	GCA_002018015.1_ASM201801v1_genomic_prodigal_proteins	1578	768	56.51	12.70	48.67
GCA_000817325.1_ASM81732v1_genomic_prodigal_proteins	2728	GCA_003211255.1_ASM321125v1_genomic_prodigal_proteins	1850	658	54.19	12.72	35.57
GCA_000817325.1_ASM81732v1_genomic_prodigal_proteins	2728	GCA_002721235.1_ASM272123v1_genomic_prodigal_proteins	3119	1485	59.61	12.79	54.44
GCA_000817325.1_ASM81732v1_genomic_prodigal_proteins	2728	GCA_009839305.1_ASM983930v1_genomic_prodigal_proteins	1816	739	56.46	13.00	40.69
GCA_000817325.1_ASM81732v1_genomic_prodigal_proteins	2728	GCA_011365345.1_ASM1136534v1_genomic_prodigal_proteins	2655	1209	55.81	13.32	45.54
GCA_000817325.1_ASM81732v1_genomic_prodigal_proteins	2728	GCA_001039265.1_ASM103926v1_genomic_prodigal_proteins	2832	904	58.29	13.21	33.14
GCA_000817325.1_ASM81732v1_genomic_prodigal_proteins	2728	GCA_001628325.1_ASM162832v1_genomic_prodigal_proteins	2129	1077	55.73	12.82	50.59
GCA_000817325.1_ASM81732v1_genomic_prodigal_proteins	2728	GCA_003209215.1_ASM320921v1_genomic_prodigal_proteins	1679	598	56.40	13.23	35.62
GCA_000817325.1_ASM81732v1_genomic_prodigal_proteins	2728	GCA_002737305.1_ASM273730v1_genomic_prodigal_proteins	1951	963	57.40	12.92	49.36
GCA_000817325.1_ASM81732v1_genomic_prodigal_proteins	2728	GCA_003210515.1_ASM321051v1_genomic_prodigal_proteins	1673	660	54.90	13.00	39.45
GCA_000817325.1_ASM81732v1_genomic_prodigal_proteins	2728	GCA_011525445.1_ASM1152544v1_genomic_prodigal_proteins	3208	990	54.91	12.77	36.29
GCA_000817325.1_ASM81732v1_genomic_prodigal_proteins	2728	GCA_902599435.1_AG-916-N22_genomic_prodigal_proteins	793	297	58.12	12.91	37.45
GCA_000817325.1_ASM81732v1_genomic_prodigal_proteins	2728	GCA_003149585.1_ASM314958v1_genomic_prodigal_proteins	2600	1279	56.53	13.12	49.19
GCA_000817325.1_ASM81732v1_genomic_prodigal_proteins	2728	GCA_902560665.1_AG-905-O11_genomic_prodigal_proteins	401	114	57.29	15.02	28.43
GCA_000817325.1_ASM81732v1_genomic_prodigal_proteins	2728	GCA_003331795.1_ASM333179v1_genomic_prodigal_proteins	1948	979	56.56	13.11	50.26
GCA_000817325.1_ASM81732v1_genomic_prodigal_proteins	2728	GCA_002017955.1_ASM201795v1_genomic_prodigal_proteins	512	225	55.37	13.31	43.95
GCA_000817325.1_ASM81732v1_genomic_prodigal_proteins	2728	GCA_902584485.1_AG-912-O23_genomic_prodigal_proteins	535	142	55.62	13.75	26.54
GCA_000817325.1_ASM81732v1_genomic_prodigal_proteins	2728	GCA_902527915.1_AG-896-G19_genomic_prodigal_proteins	1003	374	56.00	13.46	37.29
GCA_000817325.1_ASM81732v1_genomic_prodigal_proteins	2728	GCA_902635365.1_AG-447-D19_genomic_prodigal_proteins	1690	578	55.99	13.23	34.20
GCA_000817325.1_ASM81732v1_genomic_prodigal_proteins	2728	GCA_900474085.1_UW86_genomic_prodigal_proteins	2403	1183	55.95	13.13	49.23
GCA_000817325.1_ASM81732v1_genomic_prodigal_proteins	2728	GCA_001885215.1_ASM188521v1_genomic_prodigal_proteins	2897	1291	56.11	12.91	47.32
GCA_000817325.1_ASM81732v1_genomic_prodigal_proteins	2728	GCA_902575935.1_AG-426-B22_genomic_prodigal_proteins	254	108	60.75	15.27	42.52
GCA_000817325.1_ASM81732v1_genomic_prodigal_proteins	2728	GCA_900474295.1_UW140_genomic_prodigal_proteins	2925	1214	55.50	13.20	44.50
GCA_000817325.1_ASM81732v1_genomic_prodigal_proteins	2728	GCA_003211565.1_ASM321156v1_genomic_prodigal_proteins	1489	533	55.76	13.11	35.80
GCA_000817325.1_ASM81732v1_genomic_prodigal_proteins	2728	GCA_003526105.1_ASM352610v1_genomic_prodigal_proteins	1581	642	56.44	12.67	40.61
GCA_000817325.1_ASM81732v1_genomic_prodigal_proteins	2728	GCA_002172935.1_ASM217293v1_genomic_prodigal_proteins	1996	935	55.26	12.79	46.84
GCA_000817325.1_ASM81732v1_genomic_prodigal_proteins	2728	GCA_003210335.1_ASM321033v1_genomic_prodigal_proteins	942	217	54.52	13.25	23.04
GCA_000817325.1_ASM81732v1_genomic_prodigal_proteins	2728	GCA_009846115.1_ASM984611v1_genomic_prodigal_proteins	2048	876	55.59	12.53	42.77
GCA_000817325.1_ASM81732v1_genomic_prodigal_proteins	2728	GCA_001693295.1_ASM169329v1_genomic_prodigal_proteins	3183	1495	59.55	12.85	54.80
GCA_000817325.1_ASM81732v1_genomic_prodigal_proteins	2728	GCA_900473965.1_UW179A_genomic_prodigal_proteins	3383	1218	55.44	13.15	44.65
GCA_000817325.1_ASM81732v1_genomic_prodigal_proteins	2728	GCA_003213755.1_ASM321375v1_genomic_prodigal_proteins	1050	420	56.47	13.50	40.00
GCA_000817325.1_ASM81732v1_genomic_prodigal_proteins	2728	GCA_003209155.1_ASM320915v1_genomic_prodigal_proteins	2305	900	55.27	12.91	39.05
GCA_000817325.1_ASM81732v1_genomic_prodigal_proteins	2728	GCA_003211515.1_ASM321151v1_genomic_prodigal_proteins	2451	776	55.25	13.30	31.66
GCA_000817325.1_ASM81732v1_genomic_prodigal_proteins	2728	GCA_002693285.1_ASM269328v1_genomic_prodigal_proteins	2440	1051	55.05	13.05	43.07
GCA_000817325.1_ASM81732v1_genomic_prodigal_proteins	2728	GCA_003210555.1_ASM321055v1_genomic_prodigal_proteins	1847	658	55.39	12.83	35.63
GCA_000817325.1_ASM81732v1_genomic_prodigal_proteins	2728	GCA_000155595.1_ASM15559v1_genomic_prodigal_proteins	5270	1545	58.31	12.85	56.63
GCA_000817325.1_ASM81732v1_genomic_prodigal_proteins	2728	GCA_001007665.1_ASM100766v1_genomic_prodigal_proteins	2356	1015	55.52	12.53	43.08
GCA_000817325.1_ASM81732v1_genomic_prodigal_proteins	2728	GCA_009919765.1_ASM991976v1_genomic_prodigal_proteins	2524	827	56.45	13.01	32.77
GCA_000817325.1_ASM81732v1_genomic_prodigal_proteins	2728	GCA_003331225.1_ASM333122v1_genomic_prodigal_proteins	2113	1053	56.45	13.09	49.83
GCA_000817325.1_ASM81732v1_genomic_prodigal_proteins	2728	GCA_900177825.1_IMG-taxon_2708742468_annotated_assembly_genomic_prodigal_proteins	3317	1477	59.56	12.85	54.14
GCA_000817325.1_ASM81732v1_genomic_prodigal_proteins	2728	GCA_000195975.1_ASM19597v1_genomic_prodigal_proteins	2719	1218	55.94	13.28	44.80
GCA_000817325.1_ASM81732v1_genomic_prodigal_proteins	2728	GCA_902618885.1_AG-920-D15_genomic_prodigal_proteins	1178	449	56.85	13.64	38.12
GCA_000817325.1_ASM81732v1_genomic_prodigal_proteins	2728	GCA_003209165.1_ASM320916v1_genomic_prodigal_proteins	2711	1022	56.00	13.24	37.70
GCA_000817325.1_ASM81732v1_genomic_prodigal_proteins	2728	GCA_001007625.1_ASM100762v1_genomic_prodigal_proteins	2478	894	55.91	12.77	36.08
GCA_000817325.1_ASM81732v1_genomic_prodigal_proteins	2728	GCA_008386235.1_ASM838623v1_genomic_prodigal_proteins	2571	1408	60.20	12.97	54.76
GCA_000817325.1_ASM81732v1_genomic_prodigal_proteins	2728	GCA_001631935.1_ASM163193v1_genomic_prodigal_proteins	3526	1208	55.42	13.24	44.28
GCA_000817325.1_ASM81732v1_genomic_prodigal_proteins	2728	GCA_002151525.1_ASM215152v1_genomic_prodigal_proteins	1628	879	56.36	12.96	53.99
GCA_000817325.1_ASM81732v1_genomic_prodigal_proteins	2728	GCA_000153065.1_ASM15306v1_genomic_prodigal_proteins	2704	1242	56.00	13.23	45.93
GCA_000817325.1_ASM81732v1_genomic_prodigal_proteins	2728	GCA_009837265.1_ASM983726v1_genomic_prodigal_proteins	2126	934	55.77	12.75	43.93
GCA_000817325.1_ASM81732v1_genomic_prodigal_proteins	2728	GCA_902533725.1_AG-898-C20_genomic_prodigal_proteins	421	97	58.07	15.05	23.04
GCA_000817325.1_ASM81732v1_genomic_prodigal_proteins	2728	GCA_002171075.2_ASM217107v2_genomic_prodigal_proteins	1919	897	55.11	12.71	46.74
GCA_000817325.1_ASM81732v1_genomic_prodigal_proteins	2728	GCA_002760395.1_ASM276039v1_genomic_prodigal_proteins	2661	1199	57.64	12.11	45.06
GCA_000817325.1_ASM81732v1_genomic_prodigal_proteins	2728	GCA_003209005.1_ASM320900v1_genomic_prodigal_proteins	2548	984	55.19	12.94	38.62
GCA_000817325.1_ASM81732v1_genomic_prodigal_proteins	2728	GCA_002017915.1_ASM201791v1_genomic_prodigal_proteins	623	296	57.24	13.26	47.51
GCA_000817325.1_ASM81732v1_genomic_prodigal_proteins	2728	GCA_900047545.1_m9_genomic_prodigal_proteins	1575	774	55.83	12.59	49.14
GCA_000817325.1_ASM81732v1_genomic_prodigal_proteins	2728	GCA_001632105.1_ASM163210v1_genomic_prodigal_proteins	3521	1209	55.32	13.11	44.32
GCA_000817325.1_ASM81732v1_genomic_prodigal_proteins	2728	GCA_004212765.1_ASM421276v1_genomic_prodigal_proteins	1162	594	55.72	13.12	51.12
GCA_000817325.1_ASM81732v1_genomic_prodigal_proteins	2728	GCA_002685515.1_ASM268551v1_genomic_prodigal_proteins	1286	649	54.45	12.52	50.47
GCA_000817325.1_ASM81732v1_genomic_prodigal_proteins	2728	GCA_007828135.1_ASM782813v1_genomic_prodigal_proteins	2917	1293	56.17	12.99	47.40
GCA_000817325.1_ASM81732v1_genomic_prodigal_proteins	2728	GCA_011047875.1_ASM1104787v1_genomic_prodigal_proteins	2810	1215	57.46	12.18	44.54
GCA_000817325.1_ASM81732v1_genomic_prodigal_proteins	2728	GCA_009840445.1_ASM984044v1_genomic_prodigal_proteins	2167	1021	55.67	12.66	47.12
GCA_000817325.1_ASM81732v1_genomic_prodigal_proteins	2728	GCA_003210995.1_ASM321099v1_genomic_prodigal_proteins	2385	851	55.83	13.27	35.68
GCA_000817325.1_ASM81732v1_genomic_prodigal_proteins	2728	GCA_902616995.1_AG-919-L20_genomic_prodigal_proteins	654	230	56.10	14.25	35.17
GCA_000817325.1_ASM81732v1_genomic_prodigal_proteins	2728	GCA_009845825.1_ASM984582v1_genomic_prodigal_proteins	2168	879	55.83	12.60	40.54
GCA_000817325.1_ASM81732v1_genomic_prodigal_proteins	2728	GCA_000515235.1_ASM51523v1_genomic_prodigal_proteins	2873	1214	55.72	13.20	44.50
GCA_000817325.1_ASM81732v1_genomic_prodigal_proteins	2728	GCA_003523965.1_ASM352396v1_genomic_prodigal_proteins	1735	670	57.03	12.68	38.62
GCA_000817325.1_ASM81732v1_genomic_prodigal_proteins	2728	GCA_002684175.1_ASM268417v1_genomic_prodigal_proteins	1819	710	54.06	12.39	39.03
GCA_000817325.1_ASM81732v1_genomic_prodigal_proteins	2728	GCA_011523295.1_ASM1152329v1_genomic_prodigal_proteins	2851	949	53.87	12.50	34.79
GCA_000817325.1_ASM81732v1_genomic_prodigal_proteins	2728	GCA_003211015.1_ASM321101v1_genomic_prodigal_proteins	2128	866	54.84	12.82	40.70
GCA_000817325.1_ASM81732v1_genomic_prodigal_proteins	2728	GCA_002006815.1_ASM200681v1_genomic_prodigal_proteins	1973	1103	56.29	13.07	55.90
GCA_002691345.1_ASM269134v1_genomic_prodigal_proteins	2078	GCA_002172045.1_ASM217204v1_genomic_prodigal_proteins	1670	826	64.29	13.74	49.46
GCA_002691345.1_ASM269134v1_genomic_prodigal_proteins	2078	GCA_003211535.1_ASM321153v1_genomic_prodigal_proteins	2412	1203	77.13	12.91	57.89
GCA_002691345.1_ASM269134v1_genomic_prodigal_proteins	2078	GCA_000230675.2_ASM23067v1_genomic_prodigal_proteins	2998	1428	69.94	13.09	68.72
GCA_002691345.1_ASM269134v1_genomic_prodigal_proteins	2078	GCA_002252625.1_ASM225262v1_genomic_prodigal_proteins	3600	1284	65.37	13.08	61.79
GCA_002691345.1_ASM269134v1_genomic_prodigal_proteins	2078	GCA_000012625.1_ASM1262v1_genomic_prodigal_proteins	2892	1599	80.76	11.56	76.95
GCA_002691345.1_ASM269134v1_genomic_prodigal_proteins	2078	GCA_009844725.1_ASM984472v1_genomic_prodigal_proteins	2020	773	59.83	12.24	38.27
GCA_002691345.1_ASM269134v1_genomic_prodigal_proteins	2078	GCA_003331765.1_ASM333176v1_genomic_prodigal_proteins	2019	1362	76.91	12.08	67.46
GCA_002691345.1_ASM269134v1_genomic_prodigal_proteins	2078	GCA_900473935.1_UW105_genomic_prodigal_proteins	2923	1425	70.35	13.23	68.58
GCA_002691345.1_ASM269134v1_genomic_prodigal_proteins	2078	GCA_002168155.1_ASM216815v1_genomic_prodigal_proteins	2361	1226	64.24	13.28	59.00
GCA_002691345.1_ASM269134v1_genomic_prodigal_proteins	2078	GCA_009846095.1_ASM984609v1_genomic_prodigal_proteins	2331	823	59.56	11.99	39.61
GCA_002691345.1_ASM269134v1_genomic_prodigal_proteins	2078	GCA_009498715.1_ASM949871v1_genomic_prodigal_proteins	2867	910	54.74	12.40	43.79
GCA_002691345.1_ASM269134v1_genomic_prodigal_proteins	2078	GCA_002252635.1_ASM225263v1_genomic_prodigal_proteins	3011	1254	65.56	13.09	60.35
GCA_002691345.1_ASM269134v1_genomic_prodigal_proteins	2078	GCA_009838425.1_ASM983842v1_genomic_prodigal_proteins	1544	572	60.15	12.10	37.05
GCA_002691345.1_ASM269134v1_genomic_prodigal_proteins	2078	GCA_900473895.1_N32_genomic_prodigal_proteins	2509	1612	81.02	11.57	77.57
GCA_002691345.1_ASM269134v1_genomic_prodigal_proteins	2078	GCA_003210495.1_ASM321049v1_genomic_prodigal_proteins	1134	517	69.10	13.44	45.59
GCA_002691345.1_ASM269134v1_genomic_prodigal_proteins	2078	GCA_003011125.1_ASM301112v1_genomic_prodigal_proteins	3076	1160	62.59	13.15	55.82
GCA_002691345.1_ASM269134v1_genomic_prodigal_proteins	2078	GCA_900177365.1_IMG-taxon_2708742537_annotated_assembly_genomic_prodigal_proteins	3310	847	52.21	12.11	40.76
GCA_002691345.1_ASM269134v1_genomic_prodigal_proteins	2078	GCA_002760445.1_ASM276044v1_genomic_prodigal_proteins	2661	732	51.81	11.44	35.23
GCA_002691345.1_ASM269134v1_genomic_prodigal_proteins	2078	GCA_900474185.1_UW69_genomic_prodigal_proteins	2629	1635	80.79	11.74	78.68
GCA_002691345.1_ASM269134v1_genomic_prodigal_proteins	2078	GCA_003210775.1_ASM321077v1_genomic_prodigal_proteins	2665	1020	69.50	13.41	49.09
GCA_002691345.1_ASM269134v1_genomic_prodigal_proteins	2078	GCA_002700765.1_ASM270076v1_genomic_prodigal_proteins	2134	1200	74.74	13.10	57.75
GCA_002691345.1_ASM269134v1_genomic_prodigal_proteins	2078	GCA_902599585.1_AG-916-O11_genomic_prodigal_proteins	1470	800	77.80	13.70	54.42
GCA_002691345.1_ASM269134v1_genomic_prodigal_proteins	2078	GCA_900474045.1_N19_genomic_prodigal_proteins	2484	1529	80.98	11.82	73.58
GCA_002691345.1_ASM269134v1_genomic_prodigal_proteins	2078	GCA_003210815.1_ASM321081v1_genomic_prodigal_proteins	2087	929	69.56	13.28	44.71
GCA_002691345.1_ASM269134v1_genomic_prodigal_proteins	2078	GCA_900473955.1_GEYO_genomic_prodigal_proteins	2674	1420	69.99	13.24	68.33
GCA_002691345.1_ASM269134v1_genomic_prodigal_proteins	2078	GCA_002167425.2_ASM216742v2_genomic_prodigal_proteins	2822	1420	74.03	12.81	68.33
GCA_002691345.1_ASM269134v1_genomic_prodigal_proteins	2078	GCA_009844645.1_ASM984464v1_genomic_prodigal_proteins	1983	853	60.22	12.15	43.02
GCA_002691345.1_ASM269134v1_genomic_prodigal_proteins	2078	GCA_008081095.1_ASM808109v1_genomic_prodigal_proteins	1533	936	81.47	11.91	61.06
GCA_002691345.1_ASM269134v1_genomic_prodigal_proteins	2078	GCA_000014585.1_ASM1458v1_genomic_prodigal_proteins	2879	1410	69.65	13.19	67.85
GCA_002691345.1_ASM269134v1_genomic_prodigal_proteins	2078	GCA_000317085.1_ASM31708v1_genomic_prodigal_proteins	3673	779	51.04	11.55	37.49
GCA_002691345.1_ASM269134v1_genomic_prodigal_proteins	2078	GCA_013133755.1_ASM1313375v1_genomic_prodigal_proteins	2700	1402	70.01	13.21	67.47
GCA_002691345.1_ASM269134v1_genomic_prodigal_proteins	2078	GCA_003210475.1_ASM321047v1_genomic_prodigal_proteins	1514	691	69.62	13.67	45.64
GCA_002691345.1_ASM269134v1_genomic_prodigal_proteins	2078	GCA_003208815.1_ASM320881v1_genomic_prodigal_proteins	1352	649	75.29	13.17	48.00
GCA_002691345.1_ASM269134v1_genomic_prodigal_proteins	2078	GCA_000012505.1_ASM1250v1_genomic_prodigal_proteins	2461	1518	76.68	11.97	73.05
GCA_002691345.1_ASM269134v1_genomic_prodigal_proteins	2078	GCA_000153825.1_ASM15382v1_genomic_prodigal_proteins	2811	1433	71.08	13.20	68.96
GCA_002691345.1_ASM269134v1_genomic_prodigal_proteins	2078	GCA_002760475.1_ASM276047v1_genomic_prodigal_proteins	2647	730	51.88	11.38	35.13
GCA_002691345.1_ASM269134v1_genomic_prodigal_proteins	2078	GCA_003210565.1_ASM321056v1_genomic_prodigal_proteins	836	340	69.32	14.29	40.67
GCA_002691345.1_ASM269134v1_genomic_prodigal_proteins	2078	GCA_902618505.1_AG-892-K03_genomic_prodigal_proteins	959	269	75.25	15.68	28.05
GCA_002691345.1_ASM269134v1_genomic_prodigal_proteins	2078	GCA_005577135.1_ASM557713v1_genomic_prodigal_proteins	3356	853	52.25	12.08	41.05
GCA_002691345.1_ASM269134v1_genomic_prodigal_proteins	2078	GCA_003846445.1_ASM384644v1_genomic_prodigal_proteins	2740	939	54.87	12.49	45.19
GCA_002691345.1_ASM269134v1_genomic_prodigal_proteins	2078	GCA_000505665.1_ASM50566v1_genomic_prodigal_proteins	2466	775	52.99	11.67	37.30
GCA_002691345.1_ASM269134v1_genomic_prodigal_proteins	2078	GCA_902616255.1_AG-919-I18_genomic_prodigal_proteins	1046	501	73.66	14.40	47.90
GCA_002691345.1_ASM269134v1_genomic_prodigal_proteins	2078	GCA_001182765.1_WH8103.1_genomic_prodigal_proteins	2676	1563	77.89	12.51	75.22
GCA_002691345.1_ASM269134v1_genomic_prodigal_proteins	2078	GCA_002760375.1_ASM276037v1_genomic_prodigal_proteins	2702	733	51.81	11.43	35.27
GCA_002691345.1_ASM269134v1_genomic_prodigal_proteins	2078	GCA_902592305.1_AG-914-O22_genomic_prodigal_proteins	179	81	72.14	16.46	45.25
GCA_002691345.1_ASM269134v1_genomic_prodigal_proteins	2078	GCA_001632165.1_ASM163216v1_genomic_prodigal_proteins	2830	1406	70.04	13.14	67.66
GCA_002691345.1_ASM269134v1_genomic_prodigal_proteins	2078	GCA_004332405.1_ASM433240v1_genomic_prodigal_proteins	2437	1406	71.13	13.33	67.66
GCA_002691345.1_ASM269134v1_genomic_prodigal_proteins	2078	GCA_900473975.1_N26_genomic_prodigal_proteins	2454	1537	81.31	11.65	73.97
GCA_002691345.1_ASM269134v1_genomic_prodigal_proteins	2078	GCA_902612475.1_AG-918-G20_genomic_prodigal_proteins	502	196	75.70	14.45	39.04
GCA_002691345.1_ASM269134v1_genomic_prodigal_proteins	2078	GCA_000775285.1_ASM77528v1_genomic_prodigal_proteins	4812	752	53.03	12.00	36.19
GCA_002691345.1_ASM269134v1_genomic_prodigal_proteins	2078	GCA_002698505.1_ASM269850v1_genomic_prodigal_proteins	2471	1302	70.11	12.96	62.66
GCA_002691345.1_ASM269134v1_genomic_prodigal_proteins	2078	GCA_002252665.1_ASM225266v1_genomic_prodigal_proteins	2771	1275	66.35	13.24	61.36
GCA_002691345.1_ASM269134v1_genomic_prodigal_proteins	2078	GCA_003555505.1_ASM355550v1_genomic_prodigal_proteins	3351	578	53.57	12.17	27.82
GCA_002691345.1_ASM269134v1_genomic_prodigal_proteins	2078	GCA_900474015.1_UW106_genomic_prodigal_proteins	2762	1640	80.78	11.56	78.92
GCA_002691345.1_ASM269134v1_genomic_prodigal_proteins	2078	GCA_000715475.1_ASM71547v1_genomic_prodigal_proteins	3299	841	52.44	12.08	40.47
GCA_002691345.1_ASM269134v1_genomic_prodigal_proteins	2078	GCA_001628295.1_ASM162829v1_genomic_prodigal_proteins	2145	1438	81.65	11.40	69.20
GCA_002691345.1_ASM269134v1_genomic_prodigal_proteins	2078	GCA_003208775.1_ASM320877v1_genomic_prodigal_proteins	1808	869	69.28	13.21	48.06
GCA_002691345.1_ASM269134v1_genomic_prodigal_proteins	2078	GCA_003210975.1_ASM321097v1_genomic_prodigal_proteins	627	353	76.77	12.54	56.30
GCA_002691345.1_ASM269134v1_genomic_prodigal_proteins	2078	GCA_003208915.1_ASM320891v1_genomic_prodigal_proteins	1208	603	75.24	13.22	49.92
GCA_002691345.1_ASM269134v1_genomic_prodigal_proteins	2078	GCA_009837735.1_ASM983773v1_genomic_prodigal_proteins	2041	741	60.20	12.25	36.31
GCA_002691345.1_ASM269134v1_genomic_prodigal_proteins	2078	GCA_902548805.1_AG-901-N20_genomic_prodigal_proteins	158	39	65.47	19.43	24.68
GCA_002691345.1_ASM269134v1_genomic_prodigal_proteins	2078	GCA_003211235.1_ASM321123v1_genomic_prodigal_proteins	1698	845	76.08	12.64	49.76
GCA_002691345.1_ASM269134v1_genomic_prodigal_proteins	2078	GCA_004209775.1_ASM420977v1_genomic_prodigal_proteins	2798	1410	71.41	12.80	67.85
GCA_002691345.1_ASM269134v1_genomic_prodigal_proteins	2078	GCA_003283215.1_ASM328321v1_genomic_prodigal_proteins	239	50	70.50	15.90	20.92
GCA_002691345.1_ASM269134v1_genomic_prodigal_proteins	2078	GCA_003209555.1_ASM320955v1_genomic_prodigal_proteins	908	263	65.06	13.98	28.96
GCA_002691345.1_ASM269134v1_genomic_prodigal_proteins	2078	GCA_000153805.1_ASM15380v1_genomic_prodigal_proteins	2517	1524	76.29	12.34	73.34
GCA_002691345.1_ASM269134v1_genomic_prodigal_proteins	2078	GCA_003283205.1_ASM328320v1_genomic_prodigal_proteins	274	69	69.45	14.44	25.18
GCA_002691345.1_ASM269134v1_genomic_prodigal_proteins	2078	GCA_900473925.1_N5_genomic_prodigal_proteins	2417	1513	81.28	11.51	72.81
GCA_002691345.1_ASM269134v1_genomic_prodigal_proteins	2078	GCA_902592665.1_AG-447-E14_genomic_prodigal_proteins	1111	469	73.46	13.91	42.21
GCA_002691345.1_ASM269134v1_genomic_prodigal_proteins	2078	GCA_011523155.1_ASM1152315v1_genomic_prodigal_proteins	2101	1062	69.93	12.91	51.11
GCA_002691345.1_ASM269134v1_genomic_prodigal_proteins	2078	GCA_003211275.1_ASM321127v1_genomic_prodigal_proteins	2168	936	69.14	13.40	45.04
GCA_002691345.1_ASM269134v1_genomic_prodigal_proteins	2078	GCA_003957805.1_ASM395780v1_genomic_prodigal_proteins	2887	966	54.71	12.41	46.49
GCA_002691345.1_ASM269134v1_genomic_prodigal_proteins	2078	GCA_012270465.1_ASM1227046v1_genomic_prodigal_proteins	2311	1092	64.50	13.51	52.55
GCA_002691345.1_ASM269134v1_genomic_prodigal_proteins	2078	GCA_001693255.1_ASM169325v1_genomic_prodigal_proteins	3177	865	52.27	12.10	41.63
GCA_002691345.1_ASM269134v1_genomic_prodigal_proteins	2078	GCA_003210385.1_ASM321038v1_genomic_prodigal_proteins	286	176	68.62	13.60	61.54
GCA_002691345.1_ASM269134v1_genomic_prodigal_proteins	2078	GCA_002170705.1_ASM217070v1_genomic_prodigal_proteins	1392	864	76.37	12.51	62.07
GCA_002691345.1_ASM269134v1_genomic_prodigal_proteins	2078	GCA_002356215.1_ASM235621v1_genomic_prodigal_proteins	2953	841	52.51	12.08	40.47
GCA_002691345.1_ASM269134v1_genomic_prodigal_proteins	2078	GCA_003210935.1_ASM321093v1_genomic_prodigal_proteins	1868	983	70.09	13.50	52.62
GCA_002691345.1_ASM269134v1_genomic_prodigal_proteins	2078	GCA_003210535.1_ASM321053v1_genomic_prodigal_proteins	1257	592	74.75	12.35	47.10
GCA_002691345.1_ASM269134v1_genomic_prodigal_proteins	2078	GCA_002724845.1_ASM272484v1_genomic_prodigal_proteins	1589	1108	81.05	11.21	69.73
GCA_002691345.1_ASM269134v1_genomic_prodigal_proteins	2078	GCA_000153285.1_ASM15328v1_genomic_prodigal_proteins	2746	1463	70.80	13.53	70.40
GCA_002691345.1_ASM269134v1_genomic_prodigal_proteins	2078	GCA_003211035.1_ASM321103v1_genomic_prodigal_proteins	530	285	74.47	12.91	53.77
GCA_002691345.1_ASM269134v1_genomic_prodigal_proteins	2078	GCA_001521855.1_ASM152185v1_genomic_prodigal_proteins	3144	851	52.32	12.08	40.95
GCA_002691345.1_ASM269134v1_genomic_prodigal_proteins	2078	GCA_009835965.1_ASM983596v1_genomic_prodigal_proteins	2105	924	60.17	12.34	44.47
GCA_002691345.1_ASM269134v1_genomic_prodigal_proteins	2078	GCA_012269695.1_ASM1226969v1_genomic_prodigal_proteins	2043	959	65.02	13.66	46.94
GCA_002691345.1_ASM269134v1_genomic_prodigal_proteins	2078	GCA_000737535.1_ASM73753v1_genomic_prodigal_proteins	3013	1547	74.82	12.74	74.45
GCA_002691345.1_ASM269134v1_genomic_prodigal_proteins	2078	GCA_000586015.1_SynSpo.0_genomic_prodigal_proteins	1907	720	60.64	12.71	37.76
GCA_002691345.1_ASM269134v1_genomic_prodigal_proteins	2078	GCA_002760345.1_ASM276034v1_genomic_prodigal_proteins	2731	737	51.86	11.33	35.47
GCA_002691345.1_ASM269134v1_genomic_prodigal_proteins	2078	GCA_000013225.1_ASM1322v1_genomic_prodigal_proteins	2844	738	51.93	11.29	35.51
GCA_002691345.1_ASM269134v1_genomic_prodigal_proteins	2078	GCA_000332275.1_ASM33227v1_genomic_prodigal_proteins	4564	821	50.99	11.47	39.51
GCA_002691345.1_ASM269134v1_genomic_prodigal_proteins	2078	GCA_002252675.1_ASM225267v1_genomic_prodigal_proteins	3295	1267	65.74	13.16	60.97
GCA_002691345.1_ASM269134v1_genomic_prodigal_proteins	2078	GCA_000737575.1_ASM73757v1_genomic_prodigal_proteins	2662	1585	76.51	12.40	76.28
GCA_002691345.1_ASM269134v1_genomic_prodigal_proteins	2078	GCA_902596755.1_AG-916-D19_genomic_prodigal_proteins	1152	546	77.01	13.36	47.40
GCA_002691345.1_ASM269134v1_genomic_prodigal_proteins	2078	GCA_003211455.1_ASM321145v1_genomic_prodigal_proteins	1186	586	79.11	12.96	49.41
GCA_002691345.1_ASM269134v1_genomic_prodigal_proteins	2078	GCA_003208755.1_ASM320875v1_genomic_prodigal_proteins	690	338	75.62	12.77	48.99
GCA_002691345.1_ASM269134v1_genomic_prodigal_proteins	2078	GCA_007571215.1_ASM757121v1_genomic_prodigal_proteins	1879	899	59.84	12.33	47.84
GCA_002691345.1_ASM269134v1_genomic_prodigal_proteins	2078	GCA_001007635.1_ASM100763v1_genomic_prodigal_proteins	2333	837	59.99	12.09	40.28
GCA_002691345.1_ASM269134v1_genomic_prodigal_proteins	2078	GCA_000179255.1_ASM17925v1_genomic_prodigal_proteins	2729	1321	66.12	13.26	63.57
GCA_002691345.1_ASM269134v1_genomic_prodigal_proteins	2078	GCA_003208975.1_ASM320897v1_genomic_prodigal_proteins	1804	852	75.68	12.92	47.23
GCA_002691345.1_ASM269134v1_genomic_prodigal_proteins	2078	GCA_012103655.1_ASM1210365v1_genomic_prodigal_proteins	2723	1429	69.94	12.99	68.77
GCA_002691345.1_ASM269134v1_genomic_prodigal_proteins	2078	GCA_902582045.1_AG-912-B07_genomic_prodigal_proteins	196	37	68.57	19.07	18.88
GCA_002691345.1_ASM269134v1_genomic_prodigal_proteins	2078	GCA_000153045.1_ASM15304v1_genomic_prodigal_proteins	3242	1308	66.07	13.02	62.95
GCA_002691345.1_ASM269134v1_genomic_prodigal_proteins	2078	GCA_902549675.1_AG-903-B09_genomic_prodigal_proteins	836	362	76.27	14.39	43.30
GCA_002691345.1_ASM269134v1_genomic_prodigal_proteins	2078	GCA_002018045.1_ASM201804v1_genomic_prodigal_proteins	1559	695	61.06	11.99	44.58
GCA_002691345.1_ASM269134v1_genomic_prodigal_proteins	2078	GCA_004213055.1_ASM421305v1_genomic_prodigal_proteins	2241	1276	70.73	13.02	61.41
GCA_002691345.1_ASM269134v1_genomic_prodigal_proteins	2078	GCA_007571085.1_ASM757108v1_genomic_prodigal_proteins	1784	883	59.84	12.34	49.50
GCA_002691345.1_ASM269134v1_genomic_prodigal_proteins	2078	GCA_009839805.1_ASM983980v1_genomic_prodigal_proteins	1848	618	58.68	12.03	33.44
GCA_002691345.1_ASM269134v1_genomic_prodigal_proteins	2078	GCA_003210375.1_ASM321037v1_genomic_prodigal_proteins	2155	1145	75.87	12.46	55.10
GCA_002691345.1_ASM269134v1_genomic_prodigal_proteins	2078	GCA_004332415.1_ASM433241v1_genomic_prodigal_proteins	2408	1416	71.17	13.13	68.14
GCA_002691345.1_ASM269134v1_genomic_prodigal_proteins	2078	GCA_009836025.1_ASM983602v1_genomic_prodigal_proteins	2290	908	60.24	12.12	43.70
GCA_002691345.1_ASM269134v1_genomic_prodigal_proteins	2078	GCA_009843455.1_ASM984345v1_genomic_prodigal_proteins	2423	889	60.03	12.02	42.78
GCA_002691345.1_ASM269134v1_genomic_prodigal_proteins	2078	GCA_009843485.1_ASM984348v1_genomic_prodigal_proteins	2158	918	60.14	12.37	44.18
GCA_002691345.1_ASM269134v1_genomic_prodigal_proteins	2078	GCA_003283135.1_ASM328313v1_genomic_prodigal_proteins	459	105	66.41	15.37	22.88
GCA_002691345.1_ASM269134v1_genomic_prodigal_proteins	2078	GCA_902635485.1_AG-447-G23_genomic_prodigal_proteins	327	107	76.24	13.89	32.72
GCA_002691345.1_ASM269134v1_genomic_prodigal_proteins	2078	GCA_002760415.1_ASM276041v1_genomic_prodigal_proteins	2670	731	51.92	11.34	35.18
GCA_002691345.1_ASM269134v1_genomic_prodigal_proteins	2078	GCA_002754935.1_ASM275493v1_genomic_prodigal_proteins	2664	751	52.85	11.68	36.14
GCA_002691345.1_ASM269134v1_genomic_prodigal_proteins	2078	GCA_002171685.2_ASM217168v2_genomic_prodigal_proteins	811	516	70.73	12.89	63.63
GCA_002691345.1_ASM269134v1_genomic_prodigal_proteins	2078	GCA_000737595.1_ASM73759v1_genomic_prodigal_proteins	2774	1593	80.57	11.67	76.66
GCA_002691345.1_ASM269134v1_genomic_prodigal_proteins	2078	GCA_003331785.1_ASM333178v1_genomic_prodigal_proteins	2125	1316	70.19	13.03	63.33
GCA_002691345.1_ASM269134v1_genomic_prodigal_proteins	2078	GCA_009842265.1_ASM984226v1_genomic_prodigal_proteins	2398	898	60.10	12.11	43.21
GCA_002691345.1_ASM269134v1_genomic_prodigal_proteins	2078	GCA_902579345.1_AG-911-L15_genomic_prodigal_proteins	248	62	73.39	15.69	25.00
GCA_002691345.1_ASM269134v1_genomic_prodigal_proteins	2078	GCA_000011345.1_ASM1134v1_genomic_prodigal_proteins	2520	794	52.75	11.71	38.21
GCA_002691345.1_ASM269134v1_genomic_prodigal_proteins	2078	GCA_003210705.1_ASM321070v1_genomic_prodigal_proteins	2244	1012	69.16	13.51	48.70
GCA_002691345.1_ASM269134v1_genomic_prodigal_proteins	2078	GCA_000019485.1_ASM1948v1_genomic_prodigal_proteins	3233	859	52.12	12.11	41.34
GCA_002691345.1_ASM269134v1_genomic_prodigal_proteins	2078	GCA_003283055.1_ASM328305v1_genomic_prodigal_proteins	482	48	64.97	14.28	9.96
GCA_002691345.1_ASM269134v1_genomic_prodigal_proteins	2078	GCA_000010065.1_ASM1006v1_genomic_prodigal_proteins	2691	958	54.67	12.48	46.10
GCA_002691345.1_ASM269134v1_genomic_prodigal_proteins	2078	GCA_000316685.1_ASM31668v1_genomic_prodigal_proteins	3706	816	52.51	11.84	39.27
GCA_002691345.1_ASM269134v1_genomic_prodigal_proteins	2078	GCA_000063525.1_ASM6352v1_genomic_prodigal_proteins	2540	1306	65.20	13.75	62.85
GCA_002691345.1_ASM269134v1_genomic_prodigal_proteins	2078	GCA_003283165.1_ASM328316v1_genomic_prodigal_proteins	217	63	71.36	16.22	29.03
GCA_002691345.1_ASM269134v1_genomic_prodigal_proteins	2078	GCA_902540675.1_AG-359-E22_genomic_prodigal_proteins	584	255	76.19	15.13	43.66
GCA_002691345.1_ASM269134v1_genomic_prodigal_proteins	2078	GCA_011055065.1_ASM1105506v1_genomic_prodigal_proteins	2792	709	51.95	11.30	34.12
GCA_002691345.1_ASM269134v1_genomic_prodigal_proteins	2078	GCA_000013205.1_ASM1320v1_genomic_prodigal_proteins	2750	737	51.96	11.35	35.47
GCA_002691345.1_ASM269134v1_genomic_prodigal_proteins	2078	GCA_003539795.1_ASM353979v1_genomic_prodigal_proteins	2284	1297	75.61	12.52	62.42
GCA_002691345.1_ASM269134v1_genomic_prodigal_proteins	2078	GCA_002171995.1_ASM217199v1_genomic_prodigal_proteins	1978	816	69.84	13.24	41.25
GCA_002691345.1_ASM269134v1_genomic_prodigal_proteins	2078	GCA_011523835.1_ASM1152383v1_genomic_prodigal_proteins	2468	1304	71.09	13.74	62.75
GCA_002691345.1_ASM269134v1_genomic_prodigal_proteins	2078	GCA_002172175.1_ASM217217v1_genomic_prodigal_proteins	1846	873	64.67	13.74	47.29
GCA_002691345.1_ASM269134v1_genomic_prodigal_proteins	2078	GCA_003208835.1_ASM320883v1_genomic_prodigal_proteins	2208	1111	76.47	12.33	53.46
GCA_002691345.1_ASM269134v1_genomic_prodigal_proteins	2078	GCA_902589915.1_AG-914-F20_genomic_prodigal_proteins	373	100	73.56	16.50	26.81
GCA_002691345.1_ASM269134v1_genomic_prodigal_proteins	2078	GCA_000485815.1_ASM48581v1_genomic_prodigal_proteins	3083	821	52.53	12.03	39.51
GCA_002691345.1_ASM269134v1_genomic_prodigal_proteins	2078	GCA_008807075.1_ASM880707v1_genomic_prodigal_proteins	2925	1283	65.48	12.96	61.74
GCA_002691345.1_ASM269134v1_genomic_prodigal_proteins	2078	GCA_000179235.2_ASM17923v2_genomic_prodigal_proteins	3071	1320	66.55	13.16	63.52
GCA_002691345.1_ASM269134v1_genomic_prodigal_proteins	2078	GCA_003210795.1_ASM321079v1_genomic_prodigal_proteins	2239	1159	75.56	13.36	55.77
GCA_002691345.1_ASM269134v1_genomic_prodigal_proteins	2078	GCA_002706715.1_ASM270671v1_genomic_prodigal_proteins	1148	735	76.46	12.87	64.02
GCA_002691345.1_ASM269134v1_genomic_prodigal_proteins	2078	GCA_003331245.1_ASM333124v1_genomic_prodigal_proteins	2021	1384	76.33	12.41	68.48
GCA_002691345.1_ASM269134v1_genomic_prodigal_proteins	2078	GCA_009843385.1_ASM984338v1_genomic_prodigal_proteins	2085	760	60.22	12.24	36.57
GCA_002691345.1_ASM269134v1_genomic_prodigal_proteins	2078	GCA_003211205.1_ASM321120v1_genomic_prodigal_proteins	2288	1096	69.72	13.30	52.74
GCA_002691345.1_ASM269134v1_genomic_prodigal_proteins	2078	GCA_000063505.1_ASM6350v1_genomic_prodigal_proteins	2558	1447	70.55	13.65	69.63
GCA_002691345.1_ASM269134v1_genomic_prodigal_proteins	2078	GCA_900474245.1_UW179B_genomic_prodigal_proteins	2743	1433	69.85	13.14	68.96
GCA_002691345.1_ASM269134v1_genomic_prodigal_proteins	2078	GCA_003210345.1_ASM321034v1_genomic_prodigal_proteins	1256	666	74.90	12.51	53.03
GCA_002691345.1_ASM269134v1_genomic_prodigal_proteins	2078	GCA_003210315.1_ASM321031v1_genomic_prodigal_proteins	1815	890	68.93	13.41	49.04
GCA_002691345.1_ASM269134v1_genomic_prodigal_proteins	2078	GCA_009836155.1_ASM983615v1_genomic_prodigal_proteins	1947	868	60.16	12.19	44.58
GCA_002691345.1_ASM269134v1_genomic_prodigal_proteins	2078	GCA_003990665.2_ASM399066v2_genomic_prodigal_proteins	2499	793	52.81	11.70	38.16
GCA_002691345.1_ASM269134v1_genomic_prodigal_proteins	2078	GCA_003209135.1_ASM320913v1_genomic_prodigal_proteins	1719	808	73.69	13.31	47.00
GCA_002691345.1_ASM269134v1_genomic_prodigal_proteins	2078	GCA_009845105.1_ASM984510v1_genomic_prodigal_proteins	1941	745	59.68	12.24	38.38
GCA_002691345.1_ASM269134v1_genomic_prodigal_proteins	2078	GCA_002690325.1_ASM269032v1_genomic_prodigal_proteins	2554	1437	74.42	13.00	69.15
GCA_002691345.1_ASM269134v1_genomic_prodigal_proteins	2078	GCA_000161795.2_ASM16179v2_genomic_prodigal_proteins	2407	1512	80.95	11.72	72.76
GCA_002691345.1_ASM269134v1_genomic_prodigal_proteins	2078	GCA_004211895.1_ASM421189v1_genomic_prodigal_proteins	954	727	82.35	10.91	76.21
GCA_002691345.1_ASM269134v1_genomic_prodigal_proteins	2078	GCA_003210735.1_ASM321073v1_genomic_prodigal_proteins	2337	1189	75.33	13.08	57.22
GCA_002691345.1_ASM269134v1_genomic_prodigal_proteins	2078	GCA_003209035.1_ASM320903v1_genomic_prodigal_proteins	1803	880	75.77	12.62	48.81
GCA_002691345.1_ASM269134v1_genomic_prodigal_proteins	2078	GCA_003712085.1_ASM371208v1_genomic_prodigal_proteins	2745	1555	77.81	12.58	74.83
GCA_002691345.1_ASM269134v1_genomic_prodigal_proteins	2078	GCA_003212155.1_ASM321215v1_genomic_prodigal_proteins	262	62	61.86	17.31	23.66
GCA_002691345.1_ASM269134v1_genomic_prodigal_proteins	2078	GCA_001040845.1_ASM104084v1_genomic_prodigal_proteins	2917	1420	69.80	13.07	68.33
GCA_002691345.1_ASM269134v1_genomic_prodigal_proteins	2078	GCA_002018015.1_ASM201801v1_genomic_prodigal_proteins	1578	676	61.13	12.24	42.84
GCA_002691345.1_ASM269134v1_genomic_prodigal_proteins	2078	GCA_003211255.1_ASM321125v1_genomic_prodigal_proteins	1850	892	75.60	12.97	48.22
GCA_002691345.1_ASM269134v1_genomic_prodigal_proteins	2078	GCA_002721235.1_ASM272123v1_genomic_prodigal_proteins	3119	856	52.25	12.10	41.19
GCA_002691345.1_ASM269134v1_genomic_prodigal_proteins	2078	GCA_009839305.1_ASM983930v1_genomic_prodigal_proteins	1816	689	60.43	12.76	37.94
GCA_002691345.1_ASM269134v1_genomic_prodigal_proteins	2078	GCA_011365345.1_ASM1136534v1_genomic_prodigal_proteins	2655	1639	80.92	11.52	78.87
GCA_002691345.1_ASM269134v1_genomic_prodigal_proteins	2078	GCA_001039265.1_ASM103926v1_genomic_prodigal_proteins	2832	867	67.37	13.34	41.72
GCA_002691345.1_ASM269134v1_genomic_prodigal_proteins	2078	GCA_001628325.1_ASM162832v1_genomic_prodigal_proteins	2129	1433	81.76	11.22	68.96
GCA_002691345.1_ASM269134v1_genomic_prodigal_proteins	2078	GCA_003209215.1_ASM320921v1_genomic_prodigal_proteins	1679	812	80.16	12.52	48.36
GCA_002691345.1_ASM269134v1_genomic_prodigal_proteins	2078	GCA_002737305.1_ASM273730v1_genomic_prodigal_proteins	1951	965	66.55	13.08	49.46
GCA_002691345.1_ASM269134v1_genomic_prodigal_proteins	2078	GCA_003210515.1_ASM321051v1_genomic_prodigal_proteins	1673	950	75.81	12.67	56.78
GCA_002691345.1_ASM269134v1_genomic_prodigal_proteins	2078	GCA_011525445.1_ASM1152544v1_genomic_prodigal_proteins	3208	1199	69.18	13.49	57.70
GCA_002691345.1_ASM269134v1_genomic_prodigal_proteins	2078	GCA_902599435.1_AG-916-N22_genomic_prodigal_proteins	793	392	78.39	13.92	49.43
GCA_002691345.1_ASM269134v1_genomic_prodigal_proteins	2078	GCA_003149585.1_ASM314958v1_genomic_prodigal_proteins	2600	1344	66.16	13.39	64.68
GCA_002691345.1_ASM269134v1_genomic_prodigal_proteins	2078	GCA_902560665.1_AG-905-O11_genomic_prodigal_proteins	401	133	74.51	15.07	33.17
GCA_002691345.1_ASM269134v1_genomic_prodigal_proteins	2078	GCA_003331795.1_ASM333179v1_genomic_prodigal_proteins	1948	1053	65.17	14.01	54.06
GCA_002691345.1_ASM269134v1_genomic_prodigal_proteins	2078	GCA_002017955.1_ASM201795v1_genomic_prodigal_proteins	512	194	60.67	12.50	37.89
GCA_002691345.1_ASM269134v1_genomic_prodigal_proteins	2078	GCA_902584485.1_AG-912-O23_genomic_prodigal_proteins	535	170	75.01	15.68	31.78
GCA_002691345.1_ASM269134v1_genomic_prodigal_proteins	2078	GCA_902527915.1_AG-896-G19_genomic_prodigal_proteins	1003	505	76.08	14.06	50.35
GCA_002691345.1_ASM269134v1_genomic_prodigal_proteins	2078	GCA_902635365.1_AG-447-D19_genomic_prodigal_proteins	1690	772	75.51	13.64	45.68
GCA_002691345.1_ASM269134v1_genomic_prodigal_proteins	2078	GCA_900474085.1_UW86_genomic_prodigal_proteins	2403	1553	81.03	11.89	74.74
GCA_002691345.1_ASM269134v1_genomic_prodigal_proteins	2078	GCA_001885215.1_ASM188521v1_genomic_prodigal_proteins	2897	1262	65.31	12.71	60.73
GCA_002691345.1_ASM269134v1_genomic_prodigal_proteins	2078	GCA_902575935.1_AG-426-B22_genomic_prodigal_proteins	254	93	82.37	13.51	36.61
GCA_002691345.1_ASM269134v1_genomic_prodigal_proteins	2078	GCA_900474295.1_UW140_genomic_prodigal_proteins	2925	1423	70.49	13.16	68.48
GCA_002691345.1_ASM269134v1_genomic_prodigal_proteins	2078	GCA_003211565.1_ASM321156v1_genomic_prodigal_proteins	1489	761	79.57	12.56	51.11
GCA_002691345.1_ASM269134v1_genomic_prodigal_proteins	2078	GCA_003526105.1_ASM352610v1_genomic_prodigal_proteins	1581	861	81.96	11.67	54.46
GCA_002691345.1_ASM269134v1_genomic_prodigal_proteins	2078	GCA_002172935.1_ASM217293v1_genomic_prodigal_proteins	1996	1158	69.72	13.46	58.02
GCA_002691345.1_ASM269134v1_genomic_prodigal_proteins	2078	GCA_003210335.1_ASM321033v1_genomic_prodigal_proteins	942	304	66.54	13.78	32.27
GCA_002691345.1_ASM269134v1_genomic_prodigal_proteins	2078	GCA_009846115.1_ASM984611v1_genomic_prodigal_proteins	2048	818	59.92	12.38	39.94
GCA_002691345.1_ASM269134v1_genomic_prodigal_proteins	2078	GCA_001693295.1_ASM169329v1_genomic_prodigal_proteins	3183	854	52.18	12.08	41.10
GCA_002691345.1_ASM269134v1_genomic_prodigal_proteins	2078	GCA_900473965.1_UW179A_genomic_prodigal_proteins	3383	1440	69.79	13.32	69.30
GCA_002691345.1_ASM269134v1_genomic_prodigal_proteins	2078	GCA_003213755.1_ASM321375v1_genomic_prodigal_proteins	1050	430	64.33	13.84	40.95
GCA_002691345.1_ASM269134v1_genomic_prodigal_proteins	2078	GCA_003209155.1_ASM320915v1_genomic_prodigal_proteins	2305	1088	69.87	13.20	52.36
GCA_002691345.1_ASM269134v1_genomic_prodigal_proteins	2078	GCA_003211515.1_ASM321151v1_genomic_prodigal_proteins	2451	1080	73.81	13.10	51.97
GCA_002691345.1_ASM269134v1_genomic_prodigal_proteins	2078	GCA_002693285.1_ASM269328v1_genomic_prodigal_proteins	2440	1300	70.13	13.52	62.56
GCA_002691345.1_ASM269134v1_genomic_prodigal_proteins	2078	GCA_003210555.1_ASM321055v1_genomic_prodigal_proteins	1847	866	69.05	13.06	46.89
GCA_002691345.1_ASM269134v1_genomic_prodigal_proteins	2078	GCA_000155595.1_ASM15559v1_genomic_prodigal_proteins	5270	871	51.98	12.03	41.92
GCA_002691345.1_ASM269134v1_genomic_prodigal_proteins	2078	GCA_001007665.1_ASM100766v1_genomic_prodigal_proteins	2356	943	59.70	12.33	45.38
GCA_002691345.1_ASM269134v1_genomic_prodigal_proteins	2078	GCA_009919765.1_ASM991976v1_genomic_prodigal_proteins	2524	926	65.64	13.89	44.56
GCA_002691345.1_ASM269134v1_genomic_prodigal_proteins	2078	GCA_003331225.1_ASM333122v1_genomic_prodigal_proteins	2113	1171	64.81	13.63	56.35
GCA_002691345.1_ASM269134v1_genomic_prodigal_proteins	2078	GCA_900177825.1_IMG-taxon_2708742468_annotated_assembly_genomic_prodigal_proteins	3317	846	52.19	12.08	40.71
GCA_002691345.1_ASM269134v1_genomic_prodigal_proteins	2078	GCA_000195975.1_ASM19597v1_genomic_prodigal_proteins	2719	1565	77.83	12.59	75.31
GCA_002691345.1_ASM269134v1_genomic_prodigal_proteins	2078	GCA_902618885.1_AG-920-D15_genomic_prodigal_proteins	1178	616	77.31	13.92	52.29
GCA_002691345.1_ASM269134v1_genomic_prodigal_proteins	2078	GCA_003209165.1_ASM320916v1_genomic_prodigal_proteins	2711	1326	80.11	12.11	63.81
GCA_002691345.1_ASM269134v1_genomic_prodigal_proteins	2078	GCA_001007625.1_ASM100762v1_genomic_prodigal_proteins	2478	818	60.24	12.18	39.36
GCA_002691345.1_ASM269134v1_genomic_prodigal_proteins	2078	GCA_008386235.1_ASM838623v1_genomic_prodigal_proteins	2571	804	52.66	11.80	38.69
GCA_002691345.1_ASM269134v1_genomic_prodigal_proteins	2078	GCA_001631935.1_ASM163193v1_genomic_prodigal_proteins	3526	1436	69.82	13.35	69.10
GCA_002691345.1_ASM269134v1_genomic_prodigal_proteins	2078	GCA_002151525.1_ASM215152v1_genomic_prodigal_proteins	1628	886	63.41	13.44	54.42
GCA_002691345.1_ASM269134v1_genomic_prodigal_proteins	2078	GCA_000153065.1_ASM15306v1_genomic_prodigal_proteins	2704	1401	71.37	12.82	67.42
GCA_002691345.1_ASM269134v1_genomic_prodigal_proteins	2078	GCA_009837265.1_ASM983726v1_genomic_prodigal_proteins	2126	864	60.00	12.32	41.58
GCA_002691345.1_ASM269134v1_genomic_prodigal_proteins	2078	GCA_902533725.1_AG-898-C20_genomic_prodigal_proteins	421	148	75.82	14.61	35.15
GCA_002691345.1_ASM269134v1_genomic_prodigal_proteins	2078	GCA_002171075.2_ASM217107v2_genomic_prodigal_proteins	1919	961	63.00	13.23	50.08
GCA_002691345.1_ASM269134v1_genomic_prodigal_proteins	2078	GCA_002760395.1_ASM276039v1_genomic_prodigal_proteins	2661	725	51.82	11.41	34.89
GCA_002691345.1_ASM269134v1_genomic_prodigal_proteins	2078	GCA_003209005.1_ASM320900v1_genomic_prodigal_proteins	2548	1217	69.48	13.33	58.57
GCA_002691345.1_ASM269134v1_genomic_prodigal_proteins	2078	GCA_002017915.1_ASM201791v1_genomic_prodigal_proteins	623	247	61.96	13.21	39.65
GCA_002691345.1_ASM269134v1_genomic_prodigal_proteins	2078	GCA_900047545.1_m9_genomic_prodigal_proteins	1575	727	60.19	12.44	46.16
GCA_002691345.1_ASM269134v1_genomic_prodigal_proteins	2078	GCA_001632105.1_ASM163210v1_genomic_prodigal_proteins	3521	1445	69.80	13.36	69.54
GCA_002691345.1_ASM269134v1_genomic_prodigal_proteins	2078	GCA_004212765.1_ASM421276v1_genomic_prodigal_proteins	1162	827	77.86	12.76	71.17
GCA_002691345.1_ASM269134v1_genomic_prodigal_proteins	2078	GCA_002685515.1_ASM268551v1_genomic_prodigal_proteins	1286	772	69.37	13.16	60.03
GCA_002691345.1_ASM269134v1_genomic_prodigal_proteins	2078	GCA_007828135.1_ASM782813v1_genomic_prodigal_proteins	2917	1261	65.29	12.67	60.68
GCA_002691345.1_ASM269134v1_genomic_prodigal_proteins	2078	GCA_011047875.1_ASM1104787v1_genomic_prodigal_proteins	2810	726	52.09	11.28	34.94
GCA_002691345.1_ASM269134v1_genomic_prodigal_proteins	2078	GCA_009840445.1_ASM984044v1_genomic_prodigal_proteins	2167	941	60.20	12.27	45.28
GCA_002691345.1_ASM269134v1_genomic_prodigal_proteins	2078	GCA_003210995.1_ASM321099v1_genomic_prodigal_proteins	2385	1027	69.47	13.56	49.42
GCA_002691345.1_ASM269134v1_genomic_prodigal_proteins	2078	GCA_902616995.1_AG-919-L20_genomic_prodigal_proteins	654	312	76.09	14.70	47.71
GCA_002691345.1_ASM269134v1_genomic_prodigal_proteins	2078	GCA_009845825.1_ASM984582v1_genomic_prodigal_proteins	2168	799	60.35	11.99	38.45
GCA_002691345.1_ASM269134v1_genomic_prodigal_proteins	2078	GCA_000515235.1_ASM51523v1_genomic_prodigal_proteins	2873	1567	74.73	12.80	75.41
GCA_002691345.1_ASM269134v1_genomic_prodigal_proteins	2078	GCA_003523965.1_ASM352396v1_genomic_prodigal_proteins	1735	608	61.57	12.39	35.04
GCA_002691345.1_ASM269134v1_genomic_prodigal_proteins	2078	GCA_002684175.1_ASM268417v1_genomic_prodigal_proteins	1819	960	75.07	12.04	52.78
GCA_002691345.1_ASM269134v1_genomic_prodigal_proteins	2078	GCA_011523295.1_ASM1152329v1_genomic_prodigal_proteins	2851	1331	74.61	12.88	64.05
GCA_002691345.1_ASM269134v1_genomic_prodigal_proteins	2078	GCA_003211015.1_ASM321101v1_genomic_prodigal_proteins	2128	1040	70.09	13.14	50.05
GCA_002691345.1_ASM269134v1_genomic_prodigal_proteins	2078	GCA_002006815.1_ASM200681v1_genomic_prodigal_proteins	1973	1094	63.32	13.22	55.45
GCA_009846095.1_ASM984609v1_genomic_prodigal_proteins	2331	GCA_009498715.1_ASM949871v1_genomic_prodigal_proteins	2867	852	55.39	12.48	36.55
GCA_009846095.1_ASM984609v1_genomic_prodigal_proteins	2331	GCA_002252635.1_ASM225263v1_genomic_prodigal_proteins	3011	1076	62.00	12.36	46.16
GCA_009846095.1_ASM984609v1_genomic_prodigal_proteins	2331	GCA_009838425.1_ASM983842v1_genomic_prodigal_proteins	1544	1102	98.80	3.87	71.37
GCA_009846095.1_ASM984609v1_genomic_prodigal_proteins	2331	GCA_900473895.1_N32_genomic_prodigal_proteins	2509	1059	60.82	12.65	45.43
GCA_009846095.1_ASM984609v1_genomic_prodigal_proteins	2331	GCA_003210495.1_ASM321049v1_genomic_prodigal_proteins	1134	330	58.49	12.86	29.10
GCA_009846095.1_ASM984609v1_genomic_prodigal_proteins	2331	GCA_003011125.1_ASM301112v1_genomic_prodigal_proteins	3076	1035	59.96	12.48	44.40
GCA_009846095.1_ASM984609v1_genomic_prodigal_proteins	2331	GCA_900177365.1_IMG-taxon_2708742537_annotated_assembly_genomic_prodigal_proteins	3310	814	53.15	12.32	34.92
GCA_009846095.1_ASM984609v1_genomic_prodigal_proteins	2331	GCA_002760445.1_ASM276044v1_genomic_prodigal_proteins	2661	740	52.83	11.58	31.75
GCA_009846095.1_ASM984609v1_genomic_prodigal_proteins	2331	GCA_900474185.1_UW69_genomic_prodigal_proteins	2629	1064	60.60	12.59	45.65
GCA_009846095.1_ASM984609v1_genomic_prodigal_proteins	2331	GCA_003210775.1_ASM321077v1_genomic_prodigal_proteins	2665	765	59.81	12.92	32.82
GCA_009846095.1_ASM984609v1_genomic_prodigal_proteins	2331	GCA_002700765.1_ASM270076v1_genomic_prodigal_proteins	2134	810	60.31	12.56	37.96
GCA_009846095.1_ASM984609v1_genomic_prodigal_proteins	2331	GCA_902599585.1_AG-916-O11_genomic_prodigal_proteins	1470	538	61.34	13.34	36.60
GCA_009846095.1_ASM984609v1_genomic_prodigal_proteins	2331	GCA_900474045.1_N19_genomic_prodigal_proteins	2484	1060	60.87	12.57	45.47
GCA_009846095.1_ASM984609v1_genomic_prodigal_proteins	2331	GCA_003210815.1_ASM321081v1_genomic_prodigal_proteins	2087	667	59.19	12.58	31.96
GCA_009846095.1_ASM984609v1_genomic_prodigal_proteins	2331	GCA_900473955.1_GEYO_genomic_prodigal_proteins	2674	1051	60.20	12.74	45.09
GCA_009846095.1_ASM984609v1_genomic_prodigal_proteins	2331	GCA_002167425.2_ASM216742v2_genomic_prodigal_proteins	2822	911	59.78	12.41	39.08
GCA_009846095.1_ASM984609v1_genomic_prodigal_proteins	2331	GCA_009844645.1_ASM984464v1_genomic_prodigal_proteins	1983	1604	99.54	2.55	80.89
GCA_009846095.1_ASM984609v1_genomic_prodigal_proteins	2331	GCA_008081095.1_ASM808109v1_genomic_prodigal_proteins	1533	583	60.62	12.16	38.03
GCA_009846095.1_ASM984609v1_genomic_prodigal_proteins	2331	GCA_000014585.1_ASM1458v1_genomic_prodigal_proteins	2879	1072	60.12	12.68	45.99
GCA_009846095.1_ASM984609v1_genomic_prodigal_proteins	2331	GCA_000317085.1_ASM31708v1_genomic_prodigal_proteins	3673	769	51.60	11.85	32.99
GCA_009846095.1_ASM984609v1_genomic_prodigal_proteins	2331	GCA_013133755.1_ASM1313375v1_genomic_prodigal_proteins	2700	1049	60.17	12.71	45.00
GCA_009846095.1_ASM984609v1_genomic_prodigal_proteins	2331	GCA_003210475.1_ASM321047v1_genomic_prodigal_proteins	1514	520	59.60	12.40	34.35
GCA_009846095.1_ASM984609v1_genomic_prodigal_proteins	2331	GCA_003208815.1_ASM320881v1_genomic_prodigal_proteins	1352	396	58.81	12.95	29.29
GCA_009846095.1_ASM984609v1_genomic_prodigal_proteins	2331	GCA_000012505.1_ASM1250v1_genomic_prodigal_proteins	2461	1059	60.20	12.51	45.43
GCA_009846095.1_ASM984609v1_genomic_prodigal_proteins	2331	GCA_000153825.1_ASM15382v1_genomic_prodigal_proteins	2811	1068	61.00	12.63	45.82
GCA_009846095.1_ASM984609v1_genomic_prodigal_proteins	2331	GCA_002760475.1_ASM276047v1_genomic_prodigal_proteins	2647	739	52.89	11.57	31.70
GCA_009846095.1_ASM984609v1_genomic_prodigal_proteins	2331	GCA_003210565.1_ASM321056v1_genomic_prodigal_proteins	836	271	59.93	13.27	32.42
GCA_009846095.1_ASM984609v1_genomic_prodigal_proteins	2331	GCA_902618505.1_AG-892-K03_genomic_prodigal_proteins	959	263	61.18	13.86	27.42
GCA_009846095.1_ASM984609v1_genomic_prodigal_proteins	2331	GCA_005577135.1_ASM557713v1_genomic_prodigal_proteins	3356	826	53.03	12.32	35.44
GCA_009846095.1_ASM984609v1_genomic_prodigal_proteins	2331	GCA_003846445.1_ASM384644v1_genomic_prodigal_proteins	2740	885	55.40	12.54	37.97
GCA_009846095.1_ASM984609v1_genomic_prodigal_proteins	2331	GCA_000505665.1_ASM50566v1_genomic_prodigal_proteins	2466	791	54.07	12.03	33.93
GCA_009846095.1_ASM984609v1_genomic_prodigal_proteins	2331	GCA_902616255.1_AG-919-I18_genomic_prodigal_proteins	1046	335	60.24	12.90	32.03
GCA_009846095.1_ASM984609v1_genomic_prodigal_proteins	2331	GCA_001182765.1_WH8103.1_genomic_prodigal_proteins	2676	1066	60.89	12.45	45.73
GCA_009846095.1_ASM984609v1_genomic_prodigal_proteins	2331	GCA_002760375.1_ASM276037v1_genomic_prodigal_proteins	2702	741	52.83	11.58	31.79
GCA_009846095.1_ASM984609v1_genomic_prodigal_proteins	2331	GCA_902592305.1_AG-914-O22_genomic_prodigal_proteins	179	66	60.83	13.86	36.87
GCA_009846095.1_ASM984609v1_genomic_prodigal_proteins	2331	GCA_001632165.1_ASM163216v1_genomic_prodigal_proteins	2830	1053	60.16	12.64	45.17
GCA_009846095.1_ASM984609v1_genomic_prodigal_proteins	2331	GCA_004332405.1_ASM433240v1_genomic_prodigal_proteins	2437	1071	60.96	12.67	45.95
GCA_009846095.1_ASM984609v1_genomic_prodigal_proteins	2331	GCA_900473975.1_N26_genomic_prodigal_proteins	2454	1055	60.99	12.48	45.26
GCA_009846095.1_ASM984609v1_genomic_prodigal_proteins	2331	GCA_902612475.1_AG-918-G20_genomic_prodigal_proteins	502	134	59.00	12.50	26.69
GCA_009846095.1_ASM984609v1_genomic_prodigal_proteins	2331	GCA_000775285.1_ASM77528v1_genomic_prodigal_proteins	4812	760	53.73	12.35	32.60
GCA_009846095.1_ASM984609v1_genomic_prodigal_proteins	2331	GCA_002698505.1_ASM269850v1_genomic_prodigal_proteins	2471	975	60.50	12.36	41.83
GCA_009846095.1_ASM984609v1_genomic_prodigal_proteins	2331	GCA_002252665.1_ASM225266v1_genomic_prodigal_proteins	2771	1085	61.87	12.19	46.55
GCA_009846095.1_ASM984609v1_genomic_prodigal_proteins	2331	GCA_003555505.1_ASM355550v1_genomic_prodigal_proteins	3351	609	54.41	12.47	26.13
GCA_009846095.1_ASM984609v1_genomic_prodigal_proteins	2331	GCA_900474015.1_UW106_genomic_prodigal_proteins	2762	1063	60.59	12.61	45.60
GCA_009846095.1_ASM984609v1_genomic_prodigal_proteins	2331	GCA_000715475.1_ASM71547v1_genomic_prodigal_proteins	3299	821	52.85	12.44	35.22
GCA_009846095.1_ASM984609v1_genomic_prodigal_proteins	2331	GCA_001628295.1_ASM162829v1_genomic_prodigal_proteins	2145	976	61.00	12.45	45.50
GCA_009846095.1_ASM984609v1_genomic_prodigal_proteins	2331	GCA_003208775.1_ASM320877v1_genomic_prodigal_proteins	1808	631	60.58	12.92	34.90
GCA_009846095.1_ASM984609v1_genomic_prodigal_proteins	2331	GCA_003210975.1_ASM321097v1_genomic_prodigal_proteins	627	253	60.67	13.43	40.35
GCA_009846095.1_ASM984609v1_genomic_prodigal_proteins	2331	GCA_003208915.1_ASM320891v1_genomic_prodigal_proteins	1208	367	60.44	12.15	30.38
GCA_009846095.1_ASM984609v1_genomic_prodigal_proteins	2331	GCA_009837735.1_ASM983773v1_genomic_prodigal_proteins	2041	1315	97.70	5.06	64.43
GCA_009846095.1_ASM984609v1_genomic_prodigal_proteins	2331	GCA_902548805.1_AG-901-N20_genomic_prodigal_proteins	158	40	63.67	13.64	25.32
GCA_009846095.1_ASM984609v1_genomic_prodigal_proteins	2331	GCA_003211235.1_ASM321123v1_genomic_prodigal_proteins	1698	556	59.88	12.81	32.74
GCA_009846095.1_ASM984609v1_genomic_prodigal_proteins	2331	GCA_004209775.1_ASM420977v1_genomic_prodigal_proteins	2798	1073	61.36	12.56	46.03
GCA_009846095.1_ASM984609v1_genomic_prodigal_proteins	2331	GCA_003283215.1_ASM328321v1_genomic_prodigal_proteins	239	32	63.89	13.83	13.39
GCA_009846095.1_ASM984609v1_genomic_prodigal_proteins	2331	GCA_003209555.1_ASM320955v1_genomic_prodigal_proteins	908	260	60.39	13.55	28.63
GCA_009846095.1_ASM984609v1_genomic_prodigal_proteins	2331	GCA_000153805.1_ASM15380v1_genomic_prodigal_proteins	2517	1057	60.15	12.66	45.35
GCA_009846095.1_ASM984609v1_genomic_prodigal_proteins	2331	GCA_003283205.1_ASM328320v1_genomic_prodigal_proteins	274	43	60.89	14.00	15.69
GCA_009846095.1_ASM984609v1_genomic_prodigal_proteins	2331	GCA_900473925.1_N5_genomic_prodigal_proteins	2417	1051	60.86	12.51	45.09
GCA_009846095.1_ASM984609v1_genomic_prodigal_proteins	2331	GCA_902592665.1_AG-447-E14_genomic_prodigal_proteins	1111	295	58.66	13.44	26.55
GCA_009846095.1_ASM984609v1_genomic_prodigal_proteins	2331	GCA_011523155.1_ASM1152315v1_genomic_prodigal_proteins	2101	739	59.05	11.98	35.17
GCA_009846095.1_ASM984609v1_genomic_prodigal_proteins	2331	GCA_003211275.1_ASM321127v1_genomic_prodigal_proteins	2168	687	59.61	12.88	31.69
GCA_009846095.1_ASM984609v1_genomic_prodigal_proteins	2331	GCA_003957805.1_ASM395780v1_genomic_prodigal_proteins	2887	908	55.21	12.53	38.95
GCA_009846095.1_ASM984609v1_genomic_prodigal_proteins	2331	GCA_012270465.1_ASM1227046v1_genomic_prodigal_proteins	2311	888	60.69	12.27	38.42
GCA_009846095.1_ASM984609v1_genomic_prodigal_proteins	2331	GCA_001693255.1_ASM169325v1_genomic_prodigal_proteins	3177	827	53.05	12.32	35.48
GCA_009846095.1_ASM984609v1_genomic_prodigal_proteins	2331	GCA_003210385.1_ASM321038v1_genomic_prodigal_proteins	286	131	59.21	12.18	45.80
GCA_009846095.1_ASM984609v1_genomic_prodigal_proteins	2331	GCA_002170705.1_ASM217070v1_genomic_prodigal_proteins	1392	588	60.16	12.31	42.24
GCA_009846095.1_ASM984609v1_genomic_prodigal_proteins	2331	GCA_002356215.1_ASM235621v1_genomic_prodigal_proteins	2953	812	53.09	12.25	34.83
GCA_009846095.1_ASM984609v1_genomic_prodigal_proteins	2331	GCA_003210935.1_ASM321093v1_genomic_prodigal_proteins	1868	699	59.95	12.95	37.42
GCA_009846095.1_ASM984609v1_genomic_prodigal_proteins	2331	GCA_003210535.1_ASM321053v1_genomic_prodigal_proteins	1257	410	58.30	12.76	32.62
GCA_009846095.1_ASM984609v1_genomic_prodigal_proteins	2331	GCA_002724845.1_ASM272484v1_genomic_prodigal_proteins	1589	745	60.37	12.43	46.88
GCA_009846095.1_ASM984609v1_genomic_prodigal_proteins	2331	GCA_000153285.1_ASM15328v1_genomic_prodigal_proteins	2746	1071	60.48	12.75	45.95
GCA_009846095.1_ASM984609v1_genomic_prodigal_proteins	2331	GCA_003211035.1_ASM321103v1_genomic_prodigal_proteins	530	192	58.71	12.21	36.23
GCA_009846095.1_ASM984609v1_genomic_prodigal_proteins	2331	GCA_001521855.1_ASM152185v1_genomic_prodigal_proteins	3144	823	53.21	12.23	35.31
GCA_009846095.1_ASM984609v1_genomic_prodigal_proteins	2331	GCA_009835965.1_ASM983596v1_genomic_prodigal_proteins	2105	1377	86.96	8.51	65.42
GCA_009846095.1_ASM984609v1_genomic_prodigal_proteins	2331	GCA_012269695.1_ASM1226969v1_genomic_prodigal_proteins	2043	766	61.07	12.21	37.49
GCA_009846095.1_ASM984609v1_genomic_prodigal_proteins	2331	GCA_000737535.1_ASM73753v1_genomic_prodigal_proteins	3013	1051	60.78	12.44	45.09
GCA_009846095.1_ASM984609v1_genomic_prodigal_proteins	2331	GCA_000586015.1_SynSpo.0_genomic_prodigal_proteins	1907	1101	89.98	7.61	57.73
GCA_009846095.1_ASM984609v1_genomic_prodigal_proteins	2331	GCA_002760345.1_ASM276034v1_genomic_prodigal_proteins	2731	751	52.82	11.48	32.22
GCA_009846095.1_ASM984609v1_genomic_prodigal_proteins	2331	GCA_000013225.1_ASM1322v1_genomic_prodigal_proteins	2844	749	52.78	11.55	32.13
GCA_009846095.1_ASM984609v1_genomic_prodigal_proteins	2331	GCA_000332275.1_ASM33227v1_genomic_prodigal_proteins	4564	794	52.17	11.73	34.06
GCA_009846095.1_ASM984609v1_genomic_prodigal_proteins	2331	GCA_002252675.1_ASM225267v1_genomic_prodigal_proteins	3295	1055	62.20	12.09	45.26
GCA_009846095.1_ASM984609v1_genomic_prodigal_proteins	2331	GCA_000737575.1_ASM73757v1_genomic_prodigal_proteins	2662	1075	61.04	12.55	46.12
GCA_009846095.1_ASM984609v1_genomic_prodigal_proteins	2331	GCA_902596755.1_AG-916-D19_genomic_prodigal_proteins	1152	370	60.06	13.31	32.12
GCA_009846095.1_ASM984609v1_genomic_prodigal_proteins	2331	GCA_003211455.1_ASM321145v1_genomic_prodigal_proteins	1186	376	59.59	13.06	31.70
GCA_009846095.1_ASM984609v1_genomic_prodigal_proteins	2331	GCA_003208755.1_ASM320875v1_genomic_prodigal_proteins	690	225	59.94	13.00	32.61
GCA_009846095.1_ASM984609v1_genomic_prodigal_proteins	2331	GCA_007571215.1_ASM757121v1_genomic_prodigal_proteins	1879	1268	78.79	10.03	67.48
GCA_009846095.1_ASM984609v1_genomic_prodigal_proteins	2331	GCA_001007635.1_ASM100763v1_genomic_prodigal_proteins	2333	1240	86.41	8.45	53.20
GCA_009846095.1_ASM984609v1_genomic_prodigal_proteins	2331	GCA_000179255.1_ASM17925v1_genomic_prodigal_proteins	2729	1072	61.58	12.31	45.99
GCA_009846095.1_ASM984609v1_genomic_prodigal_proteins	2331	GCA_003208975.1_ASM320897v1_genomic_prodigal_proteins	1804	549	59.77	12.42	30.43
GCA_009846095.1_ASM984609v1_genomic_prodigal_proteins	2331	GCA_012103655.1_ASM1210365v1_genomic_prodigal_proteins	2723	1055	60.48	12.56	45.26
GCA_009846095.1_ASM984609v1_genomic_prodigal_proteins	2331	GCA_902582045.1_AG-912-B07_genomic_prodigal_proteins	196	41	57.79	14.16	20.92
GCA_009846095.1_ASM984609v1_genomic_prodigal_proteins	2331	GCA_000153045.1_ASM15304v1_genomic_prodigal_proteins	3242	1087	61.87	12.26	46.63
GCA_009846095.1_ASM984609v1_genomic_prodigal_proteins	2331	GCA_902549675.1_AG-903-B09_genomic_prodigal_proteins	836	273	60.31	13.29	32.66
GCA_009846095.1_ASM984609v1_genomic_prodigal_proteins	2331	GCA_002018045.1_ASM201804v1_genomic_prodigal_proteins	1559	1027	86.77	8.36	65.88
GCA_009846095.1_ASM984609v1_genomic_prodigal_proteins	2331	GCA_004213055.1_ASM421305v1_genomic_prodigal_proteins	2241	961	60.86	12.50	42.88
GCA_009846095.1_ASM984609v1_genomic_prodigal_proteins	2331	GCA_007571085.1_ASM757108v1_genomic_prodigal_proteins	1784	1247	78.82	10.04	69.90
GCA_009846095.1_ASM984609v1_genomic_prodigal_proteins	2331	GCA_009839805.1_ASM983980v1_genomic_prodigal_proteins	1848	1304	98.67	4.00	70.56
GCA_009846095.1_ASM984609v1_genomic_prodigal_proteins	2331	GCA_003210375.1_ASM321037v1_genomic_prodigal_proteins	2155	802	59.65	12.60	37.22
GCA_009846095.1_ASM984609v1_genomic_prodigal_proteins	2331	GCA_004332415.1_ASM433241v1_genomic_prodigal_proteins	2408	1067	60.99	12.58	45.77
GCA_009846095.1_ASM984609v1_genomic_prodigal_proteins	2331	GCA_009836025.1_ASM983602v1_genomic_prodigal_proteins	2290	1739	98.81	3.37	75.94
GCA_009846095.1_ASM984609v1_genomic_prodigal_proteins	2331	GCA_009843455.1_ASM984345v1_genomic_prodigal_proteins	2423	1951	99.78	2.57	83.70
GCA_009846095.1_ASM984609v1_genomic_prodigal_proteins	2331	GCA_009843485.1_ASM984348v1_genomic_prodigal_proteins	2158	1389	86.78	8.58	64.37
GCA_009846095.1_ASM984609v1_genomic_prodigal_proteins	2331	GCA_003283135.1_ASM328313v1_genomic_prodigal_proteins	459	81	60.28	13.60	17.65
GCA_009846095.1_ASM984609v1_genomic_prodigal_proteins	2331	GCA_902635485.1_AG-447-G23_genomic_prodigal_proteins	327	67	61.39	14.55	20.49
GCA_009846095.1_ASM984609v1_genomic_prodigal_proteins	2331	GCA_002760415.1_ASM276041v1_genomic_prodigal_proteins	2670	741	52.90	11.53	31.79
GCA_009846095.1_ASM984609v1_genomic_prodigal_proteins	2331	GCA_002754935.1_ASM275493v1_genomic_prodigal_proteins	2664	791	53.74	12.14	33.93
GCA_009846095.1_ASM984609v1_genomic_prodigal_proteins	2331	GCA_002171685.2_ASM217168v2_genomic_prodigal_proteins	811	429	60.63	12.15	52.90
GCA_009846095.1_ASM984609v1_genomic_prodigal_proteins	2331	GCA_000737595.1_ASM73759v1_genomic_prodigal_proteins	2774	1076	60.52	12.61	46.16
GCA_009846095.1_ASM984609v1_genomic_prodigal_proteins	2331	GCA_003331785.1_ASM333178v1_genomic_prodigal_proteins	2125	986	60.57	12.41	46.40
GCA_009846095.1_ASM984609v1_genomic_prodigal_proteins	2331	GCA_009842265.1_ASM984226v1_genomic_prodigal_proteins	2398	1593	97.56	5.55	68.34
GCA_009846095.1_ASM984609v1_genomic_prodigal_proteins	2331	GCA_902579345.1_AG-911-L15_genomic_prodigal_proteins	248	57	58.38	15.43	22.98
GCA_009846095.1_ASM984609v1_genomic_prodigal_proteins	2331	GCA_000011345.1_ASM1134v1_genomic_prodigal_proteins	2520	818	53.87	12.22	35.09
GCA_009846095.1_ASM984609v1_genomic_prodigal_proteins	2331	GCA_003210705.1_ASM321070v1_genomic_prodigal_proteins	2244	769	59.76	12.83	34.27
GCA_009846095.1_ASM984609v1_genomic_prodigal_proteins	2331	GCA_000019485.1_ASM1948v1_genomic_prodigal_proteins	3233	827	53.12	12.27	35.48
GCA_009846095.1_ASM984609v1_genomic_prodigal_proteins	2331	GCA_003283055.1_ASM328305v1_genomic_prodigal_proteins	482	38	59.37	15.26	7.88
GCA_009846095.1_ASM984609v1_genomic_prodigal_proteins	2331	GCA_000010065.1_ASM1006v1_genomic_prodigal_proteins	2691	898	55.17	12.56	38.52
GCA_009846095.1_ASM984609v1_genomic_prodigal_proteins	2331	GCA_000316685.1_ASM31668v1_genomic_prodigal_proteins	3706	831	53.25	12.15	35.65
GCA_009846095.1_ASM984609v1_genomic_prodigal_proteins	2331	GCA_000063525.1_ASM6352v1_genomic_prodigal_proteins	2540	1087	61.55	12.33	46.63
GCA_009846095.1_ASM984609v1_genomic_prodigal_proteins	2331	GCA_003283165.1_ASM328316v1_genomic_prodigal_proteins	217	41	57.88	12.74	18.89
GCA_009846095.1_ASM984609v1_genomic_prodigal_proteins	2331	GCA_902540675.1_AG-359-E22_genomic_prodigal_proteins	584	170	61.75	14.16	29.11
GCA_009846095.1_ASM984609v1_genomic_prodigal_proteins	2331	GCA_011055065.1_ASM1105506v1_genomic_prodigal_proteins	2792	717	52.84	11.56	30.76
GCA_009846095.1_ASM984609v1_genomic_prodigal_proteins	2331	GCA_000013205.1_ASM1320v1_genomic_prodigal_proteins	2750	753	52.85	11.50	32.30
GCA_009846095.1_ASM984609v1_genomic_prodigal_proteins	2331	GCA_003539795.1_ASM353979v1_genomic_prodigal_proteins	2284	814	59.40	12.12	35.64
GCA_009846095.1_ASM984609v1_genomic_prodigal_proteins	2331	GCA_002171995.1_ASM217199v1_genomic_prodigal_proteins	1978	629	60.55	12.50	31.80
GCA_009846095.1_ASM984609v1_genomic_prodigal_proteins	2331	GCA_011523835.1_ASM1152383v1_genomic_prodigal_proteins	2468	928	60.13	12.66	39.81
GCA_009846095.1_ASM984609v1_genomic_prodigal_proteins	2331	GCA_002172175.1_ASM217217v1_genomic_prodigal_proteins	1846	683	59.55	12.31	37.00
GCA_009846095.1_ASM984609v1_genomic_prodigal_proteins	2331	GCA_003208835.1_ASM320883v1_genomic_prodigal_proteins	2208	795	60.18	12.64	36.01
GCA_009846095.1_ASM984609v1_genomic_prodigal_proteins	2331	GCA_902589915.1_AG-914-F20_genomic_prodigal_proteins	373	85	62.20	13.73	22.79
GCA_009846095.1_ASM984609v1_genomic_prodigal_proteins	2331	GCA_000485815.1_ASM48581v1_genomic_prodigal_proteins	3083	794	53.14	12.34	34.06
GCA_009846095.1_ASM984609v1_genomic_prodigal_proteins	2331	GCA_008807075.1_ASM880707v1_genomic_prodigal_proteins	2925	1028	61.52	12.37	44.10
GCA_009846095.1_ASM984609v1_genomic_prodigal_proteins	2331	GCA_000179235.2_ASM17923v2_genomic_prodigal_proteins	3071	1103	61.63	12.28	47.32
GCA_009846095.1_ASM984609v1_genomic_prodigal_proteins	2331	GCA_003210795.1_ASM321079v1_genomic_prodigal_proteins	2239	799	60.18	12.37	35.69
GCA_009846095.1_ASM984609v1_genomic_prodigal_proteins	2331	GCA_002706715.1_ASM270671v1_genomic_prodigal_proteins	1148	566	60.28	12.76	49.30
GCA_009846095.1_ASM984609v1_genomic_prodigal_proteins	2331	GCA_003331245.1_ASM333124v1_genomic_prodigal_proteins	2021	879	60.51	12.20	43.49
GCA_009846095.1_ASM984609v1_genomic_prodigal_proteins	2331	GCA_009843385.1_ASM984338v1_genomic_prodigal_proteins	2085	1536	98.67	4.32	73.67
GCA_009846095.1_ASM984609v1_genomic_prodigal_proteins	2331	GCA_003211205.1_ASM321120v1_genomic_prodigal_proteins	2288	827	59.94	13.03	36.15
GCA_009846095.1_ASM984609v1_genomic_prodigal_proteins	2331	GCA_000063505.1_ASM6350v1_genomic_prodigal_proteins	2558	1069	60.70	12.72	45.86
GCA_009846095.1_ASM984609v1_genomic_prodigal_proteins	2331	GCA_900474245.1_UW179B_genomic_prodigal_proteins	2743	1064	60.41	12.59	45.65
GCA_009846095.1_ASM984609v1_genomic_prodigal_proteins	2331	GCA_003210345.1_ASM321034v1_genomic_prodigal_proteins	1256	445	58.93	12.12	35.43
GCA_009846095.1_ASM984609v1_genomic_prodigal_proteins	2331	GCA_003210315.1_ASM321031v1_genomic_prodigal_proteins	1815	638	59.99	12.82	35.15
GCA_009846095.1_ASM984609v1_genomic_prodigal_proteins	2331	GCA_009836155.1_ASM983615v1_genomic_prodigal_proteins	1947	1579	99.53	2.30	81.10
GCA_009846095.1_ASM984609v1_genomic_prodigal_proteins	2331	GCA_003990665.2_ASM399066v2_genomic_prodigal_proteins	2499	817	53.92	12.20	35.05
GCA_009846095.1_ASM984609v1_genomic_prodigal_proteins	2331	GCA_003209135.1_ASM320913v1_genomic_prodigal_proteins	1719	547	59.14	12.30	31.82
GCA_009846095.1_ASM984609v1_genomic_prodigal_proteins	2331	GCA_009845105.1_ASM984510v1_genomic_prodigal_proteins	1941	1328	97.66	5.31	68.42
GCA_009846095.1_ASM984609v1_genomic_prodigal_proteins	2331	GCA_002690325.1_ASM269032v1_genomic_prodigal_proteins	2554	965	59.51	12.42	41.40
GCA_009846095.1_ASM984609v1_genomic_prodigal_proteins	2331	GCA_000161795.2_ASM16179v2_genomic_prodigal_proteins	2407	1058	60.77	12.54	45.39
GCA_009846095.1_ASM984609v1_genomic_prodigal_proteins	2331	GCA_004211895.1_ASM421189v1_genomic_prodigal_proteins	954	447	60.15	12.51	46.86
GCA_009846095.1_ASM984609v1_genomic_prodigal_proteins	2331	GCA_003210735.1_ASM321073v1_genomic_prodigal_proteins	2337	780	59.82	12.61	33.46
GCA_009846095.1_ASM984609v1_genomic_prodigal_proteins	2331	GCA_003209035.1_ASM320903v1_genomic_prodigal_proteins	1803	575	60.41	12.70	31.89
GCA_009846095.1_ASM984609v1_genomic_prodigal_proteins	2331	GCA_003712085.1_ASM371208v1_genomic_prodigal_proteins	2745	1075	60.80	12.48	46.12
GCA_009846095.1_ASM984609v1_genomic_prodigal_proteins	2331	GCA_003212155.1_ASM321215v1_genomic_prodigal_proteins	262	71	58.80	15.53	27.10
GCA_009846095.1_ASM984609v1_genomic_prodigal_proteins	2331	GCA_001040845.1_ASM104084v1_genomic_prodigal_proteins	2917	1079	60.06	12.69	46.29
GCA_009846095.1_ASM984609v1_genomic_prodigal_proteins	2331	GCA_002018015.1_ASM201801v1_genomic_prodigal_proteins	1578	1003	86.97	7.95	63.56
GCA_009846095.1_ASM984609v1_genomic_prodigal_proteins	2331	GCA_003211255.1_ASM321125v1_genomic_prodigal_proteins	1850	581	59.61	12.35	31.41
GCA_009846095.1_ASM984609v1_genomic_prodigal_proteins	2331	GCA_002721235.1_ASM272123v1_genomic_prodigal_proteins	3119	827	53.11	12.26	35.48
GCA_009846095.1_ASM984609v1_genomic_prodigal_proteins	2331	GCA_009839305.1_ASM983930v1_genomic_prodigal_proteins	1816	1065	86.69	8.88	58.65
GCA_009846095.1_ASM984609v1_genomic_prodigal_proteins	2331	GCA_011365345.1_ASM1136534v1_genomic_prodigal_proteins	2655	1059	60.67	12.63	45.43
GCA_009846095.1_ASM984609v1_genomic_prodigal_proteins	2331	GCA_001039265.1_ASM103926v1_genomic_prodigal_proteins	2832	748	63.32	12.26	32.09
GCA_009846095.1_ASM984609v1_genomic_prodigal_proteins	2331	GCA_001628325.1_ASM162832v1_genomic_prodigal_proteins	2129	955	60.98	12.29	44.86
GCA_009846095.1_ASM984609v1_genomic_prodigal_proteins	2331	GCA_003209215.1_ASM320921v1_genomic_prodigal_proteins	1679	537	60.53	12.42	31.98
GCA_009846095.1_ASM984609v1_genomic_prodigal_proteins	2331	GCA_002737305.1_ASM273730v1_genomic_prodigal_proteins	1951	850	62.13	12.32	43.57
GCA_009846095.1_ASM984609v1_genomic_prodigal_proteins	2331	GCA_003210515.1_ASM321051v1_genomic_prodigal_proteins	1673	595	59.00	12.62	35.56
GCA_009846095.1_ASM984609v1_genomic_prodigal_proteins	2331	GCA_011525445.1_ASM1152544v1_genomic_prodigal_proteins	3208	895	59.29	12.46	38.40
GCA_009846095.1_ASM984609v1_genomic_prodigal_proteins	2331	GCA_902599435.1_AG-916-N22_genomic_prodigal_proteins	793	266	62.42	12.90	33.54
GCA_009846095.1_ASM984609v1_genomic_prodigal_proteins	2331	GCA_003149585.1_ASM314958v1_genomic_prodigal_proteins	2600	1079	61.51	12.31	46.29
GCA_009846095.1_ASM984609v1_genomic_prodigal_proteins	2331	GCA_902560665.1_AG-905-O11_genomic_prodigal_proteins	401	109	59.61	13.22	27.18
GCA_009846095.1_ASM984609v1_genomic_prodigal_proteins	2331	GCA_003331795.1_ASM333179v1_genomic_prodigal_proteins	1948	870	61.54	12.19	44.66
GCA_009846095.1_ASM984609v1_genomic_prodigal_proteins	2331	GCA_002017955.1_ASM201795v1_genomic_prodigal_proteins	512	279	85.39	9.56	54.49
GCA_009846095.1_ASM984609v1_genomic_prodigal_proteins	2331	GCA_902584485.1_AG-912-O23_genomic_prodigal_proteins	535	140	59.07	13.90	26.17
GCA_009846095.1_ASM984609v1_genomic_prodigal_proteins	2331	GCA_902527915.1_AG-896-G19_genomic_prodigal_proteins	1003	320	61.22	12.61	31.90
GCA_009846095.1_ASM984609v1_genomic_prodigal_proteins	2331	GCA_902635365.1_AG-447-D19_genomic_prodigal_proteins	1690	497	60.15	12.89	29.41
GCA_009846095.1_ASM984609v1_genomic_prodigal_proteins	2331	GCA_900474085.1_UW86_genomic_prodigal_proteins	2403	1060	60.79	12.59	45.47
GCA_009846095.1_ASM984609v1_genomic_prodigal_proteins	2331	GCA_001885215.1_ASM188521v1_genomic_prodigal_proteins	2897	1088	61.54	12.23	46.68
GCA_009846095.1_ASM984609v1_genomic_prodigal_proteins	2331	GCA_902575935.1_AG-426-B22_genomic_prodigal_proteins	254	105	62.92	14.50	41.34
GCA_009846095.1_ASM984609v1_genomic_prodigal_proteins	2331	GCA_900474295.1_UW140_genomic_prodigal_proteins	2925	1052	60.76	12.52	45.13
GCA_009846095.1_ASM984609v1_genomic_prodigal_proteins	2331	GCA_003211565.1_ASM321156v1_genomic_prodigal_proteins	1489	471	61.02	13.14	31.63
GCA_009846095.1_ASM984609v1_genomic_prodigal_proteins	2331	GCA_003526105.1_ASM352610v1_genomic_prodigal_proteins	1581	581	61.51	12.44	36.75
GCA_009846095.1_ASM984609v1_genomic_prodigal_proteins	2331	GCA_002172935.1_ASM217293v1_genomic_prodigal_proteins	1996	829	59.93	12.45	41.53
GCA_009846095.1_ASM984609v1_genomic_prodigal_proteins	2331	GCA_003210335.1_ASM321033v1_genomic_prodigal_proteins	942	197	58.95	13.86	20.91
GCA_009846095.1_ASM984609v1_genomic_prodigal_proteins	2331	GCA_009846115.1_ASM984611v1_genomic_prodigal_proteins	2048	1291	86.76	8.71	63.04
GCA_009846095.1_ASM984609v1_genomic_prodigal_proteins	2331	GCA_001693295.1_ASM169329v1_genomic_prodigal_proteins	3183	827	53.08	12.33	35.48
GCA_009846095.1_ASM984609v1_genomic_prodigal_proteins	2331	GCA_900473965.1_UW179A_genomic_prodigal_proteins	3383	1058	60.32	12.71	45.39
GCA_009846095.1_ASM984609v1_genomic_prodigal_proteins	2331	GCA_003213755.1_ASM321375v1_genomic_prodigal_proteins	1050	382	61.10	12.35	36.38
GCA_009846095.1_ASM984609v1_genomic_prodigal_proteins	2331	GCA_003209155.1_ASM320915v1_genomic_prodigal_proteins	2305	791	60.07	12.63	34.32
GCA_009846095.1_ASM984609v1_genomic_prodigal_proteins	2331	GCA_003211515.1_ASM321151v1_genomic_prodigal_proteins	2451	679	60.25	12.42	29.13
GCA_009846095.1_ASM984609v1_genomic_prodigal_proteins	2331	GCA_002693285.1_ASM269328v1_genomic_prodigal_proteins	2440	933	60.00	12.67	40.03
GCA_009846095.1_ASM984609v1_genomic_prodigal_proteins	2331	GCA_003210555.1_ASM321055v1_genomic_prodigal_proteins	1847	564	59.96	12.60	30.54
GCA_009846095.1_ASM984609v1_genomic_prodigal_proteins	2331	GCA_000155595.1_ASM15559v1_genomic_prodigal_proteins	5270	843	52.35	12.10	36.16
GCA_009846095.1_ASM984609v1_genomic_prodigal_proteins	2331	GCA_001007665.1_ASM100766v1_genomic_prodigal_proteins	2356	1352	86.39	8.32	58.00
GCA_009846095.1_ASM984609v1_genomic_prodigal_proteins	2331	GCA_009919765.1_ASM991976v1_genomic_prodigal_proteins	2524	742	61.29	12.32	31.83
GCA_009846095.1_ASM984609v1_genomic_prodigal_proteins	2331	GCA_003331225.1_ASM333122v1_genomic_prodigal_proteins	2113	938	61.89	12.20	44.39
GCA_009846095.1_ASM984609v1_genomic_prodigal_proteins	2331	GCA_900177825.1_IMG-taxon_2708742468_annotated_assembly_genomic_prodigal_proteins	3317	824	53.10	12.30	35.35
GCA_009846095.1_ASM984609v1_genomic_prodigal_proteins	2331	GCA_000195975.1_ASM19597v1_genomic_prodigal_proteins	2719	1065	60.86	12.45	45.69
GCA_009846095.1_ASM984609v1_genomic_prodigal_proteins	2331	GCA_902618885.1_AG-920-D15_genomic_prodigal_proteins	1178	403	61.60	13.22	34.21
GCA_009846095.1_ASM984609v1_genomic_prodigal_proteins	2331	GCA_003209165.1_ASM320916v1_genomic_prodigal_proteins	2711	910	60.53	12.55	39.04
GCA_009846095.1_ASM984609v1_genomic_prodigal_proteins	2331	GCA_001007625.1_ASM100762v1_genomic_prodigal_proteins	2478	1248	87.52	8.31	53.54
GCA_009846095.1_ASM984609v1_genomic_prodigal_proteins	2331	GCA_008386235.1_ASM838623v1_genomic_prodigal_proteins	2571	828	53.85	12.17	35.52
GCA_009846095.1_ASM984609v1_genomic_prodigal_proteins	2331	GCA_001631935.1_ASM163193v1_genomic_prodigal_proteins	3526	1063	60.29	12.63	45.60
GCA_009846095.1_ASM984609v1_genomic_prodigal_proteins	2331	GCA_002151525.1_ASM215152v1_genomic_prodigal_proteins	1628	765	60.60	12.80	46.99
GCA_009846095.1_ASM984609v1_genomic_prodigal_proteins	2331	GCA_000153065.1_ASM15306v1_genomic_prodigal_proteins	2704	1060	61.54	12.51	45.47
GCA_009846095.1_ASM984609v1_genomic_prodigal_proteins	2331	GCA_009837265.1_ASM983726v1_genomic_prodigal_proteins	2126	1308	86.70	8.67	61.52
GCA_009846095.1_ASM984609v1_genomic_prodigal_proteins	2331	GCA_902533725.1_AG-898-C20_genomic_prodigal_proteins	421	82	61.73	12.85	19.48
GCA_009846095.1_ASM984609v1_genomic_prodigal_proteins	2331	GCA_002171075.2_ASM217107v2_genomic_prodigal_proteins	1919	820	60.08	12.36	42.73
GCA_009846095.1_ASM984609v1_genomic_prodigal_proteins	2331	GCA_002760395.1_ASM276039v1_genomic_prodigal_proteins	2661	733	52.86	11.61	31.45
GCA_009846095.1_ASM984609v1_genomic_prodigal_proteins	2331	GCA_003209005.1_ASM320900v1_genomic_prodigal_proteins	2548	880	59.97	12.67	37.75
GCA_009846095.1_ASM984609v1_genomic_prodigal_proteins	2331	GCA_002017915.1_ASM201791v1_genomic_prodigal_proteins	623	377	86.85	9.19	60.51
GCA_009846095.1_ASM984609v1_genomic_prodigal_proteins	2331	GCA_900047545.1_m9_genomic_prodigal_proteins	1575	1044	86.10	8.40	66.29
GCA_009846095.1_ASM984609v1_genomic_prodigal_proteins	2331	GCA_001632105.1_ASM163210v1_genomic_prodigal_proteins	3521	1067	60.25	12.68	45.77
GCA_009846095.1_ASM984609v1_genomic_prodigal_proteins	2331	GCA_004212765.1_ASM421276v1_genomic_prodigal_proteins	1162	518	60.60	12.46	44.58
GCA_009846095.1_ASM984609v1_genomic_prodigal_proteins	2331	GCA_002685515.1_ASM268551v1_genomic_prodigal_proteins	1286	561	59.13	12.35	43.62
GCA_009846095.1_ASM984609v1_genomic_prodigal_proteins	2331	GCA_007828135.1_ASM782813v1_genomic_prodigal_proteins	2917	1088	61.54	12.23	46.68
GCA_009846095.1_ASM984609v1_genomic_prodigal_proteins	2331	GCA_011047875.1_ASM1104787v1_genomic_prodigal_proteins	2810	737	52.97	11.47	31.62
GCA_009846095.1_ASM984609v1_genomic_prodigal_proteins	2331	GCA_009840445.1_ASM984044v1_genomic_prodigal_proteins	2167	1388	86.74	8.62	64.05
GCA_009846095.1_ASM984609v1_genomic_prodigal_proteins	2331	GCA_003210995.1_ASM321099v1_genomic_prodigal_proteins	2385	762	60.24	12.98	32.69
GCA_009846095.1_ASM984609v1_genomic_prodigal_proteins	2331	GCA_902616995.1_AG-919-L20_genomic_prodigal_proteins	654	194	60.55	12.81	29.66
GCA_009846095.1_ASM984609v1_genomic_prodigal_proteins	2331	GCA_009845825.1_ASM984582v1_genomic_prodigal_proteins	2168	1611	98.80	4.26	74.31
GCA_009846095.1_ASM984609v1_genomic_prodigal_proteins	2331	GCA_000515235.1_ASM51523v1_genomic_prodigal_proteins	2873	1058	60.64	12.48	45.39
GCA_009846095.1_ASM984609v1_genomic_prodigal_proteins	2331	GCA_003523965.1_ASM352396v1_genomic_prodigal_proteins	1735	947	89.52	8.26	54.58
GCA_009846095.1_ASM984609v1_genomic_prodigal_proteins	2331	GCA_002684175.1_ASM268417v1_genomic_prodigal_proteins	1819	657	58.57	12.44	36.12
GCA_009846095.1_ASM984609v1_genomic_prodigal_proteins	2331	GCA_011523295.1_ASM1152329v1_genomic_prodigal_proteins	2851	815	59.07	12.45	34.96
GCA_009846095.1_ASM984609v1_genomic_prodigal_proteins	2331	GCA_003211015.1_ASM321101v1_genomic_prodigal_proteins	2128	776	59.46	12.59	36.47
GCA_009846095.1_ASM984609v1_genomic_prodigal_proteins	2331	GCA_002006815.1_ASM200681v1_genomic_prodigal_proteins	1973	958	60.95	12.44	48.56
GCA_900473895.1_N32_genomic_prodigal_proteins	2509	GCA_003210495.1_ASM321049v1_genomic_prodigal_proteins	1134	623	69.71	14.05	54.94
GCA_900473895.1_N32_genomic_prodigal_proteins	2509	GCA_003011125.1_ASM301112v1_genomic_prodigal_proteins	3076	1449	63.55	13.76	57.75
GCA_900473895.1_N32_genomic_prodigal_proteins	2509	GCA_900177365.1_IMG-taxon_2708742537_annotated_assembly_genomic_prodigal_proteins	3310	1049	53.74	12.83	41.81
GCA_900473895.1_N32_genomic_prodigal_proteins	2509	GCA_002760445.1_ASM276044v1_genomic_prodigal_proteins	2661	903	53.20	11.84	35.99
GCA_900473895.1_N32_genomic_prodigal_proteins	2509	GCA_900474185.1_UW69_genomic_prodigal_proteins	2629	2150	90.19	7.99	85.69
GCA_900473895.1_N32_genomic_prodigal_proteins	2509	GCA_003210775.1_ASM321077v1_genomic_prodigal_proteins	2665	1363	70.44	13.94	54.32
GCA_900473895.1_N32_genomic_prodigal_proteins	2509	GCA_002700765.1_ASM270076v1_genomic_prodigal_proteins	2134	1442	75.78	12.91	67.57
GCA_900473895.1_N32_genomic_prodigal_proteins	2509	GCA_902599585.1_AG-916-O11_genomic_prodigal_proteins	1470	989	78.89	13.48	67.28
GCA_900473895.1_N32_genomic_prodigal_proteins	2509	GCA_900474045.1_N19_genomic_prodigal_proteins	2484	2111	96.57	5.95	84.98
GCA_900473895.1_N32_genomic_prodigal_proteins	2509	GCA_003210815.1_ASM321081v1_genomic_prodigal_proteins	2087	1178	70.28	14.05	56.44
GCA_900473895.1_N32_genomic_prodigal_proteins	2509	GCA_900473955.1_GEYO_genomic_prodigal_proteins	2674	1822	71.11	13.82	72.62
GCA_900473895.1_N32_genomic_prodigal_proteins	2509	GCA_002167425.2_ASM216742v2_genomic_prodigal_proteins	2822	1693	74.62	13.37	67.48
GCA_900473895.1_N32_genomic_prodigal_proteins	2509	GCA_009844645.1_ASM984464v1_genomic_prodigal_proteins	1983	1097	61.39	12.82	55.32
GCA_900473895.1_N32_genomic_prodigal_proteins	2509	GCA_008081095.1_ASM808109v1_genomic_prodigal_proteins	1533	1158	97.44	6.29	75.54
GCA_900473895.1_N32_genomic_prodigal_proteins	2509	GCA_000014585.1_ASM1458v1_genomic_prodigal_proteins	2879	1804	70.61	13.84	71.90
GCA_900473895.1_N32_genomic_prodigal_proteins	2509	GCA_000317085.1_ASM31708v1_genomic_prodigal_proteins	3673	959	52.09	12.32	38.22
GCA_900473895.1_N32_genomic_prodigal_proteins	2509	GCA_013133755.1_ASM1313375v1_genomic_prodigal_proteins	2700	1811	70.92	13.92	72.18
GCA_900473895.1_N32_genomic_prodigal_proteins	2509	GCA_003210475.1_ASM321047v1_genomic_prodigal_proteins	1514	880	70.35	14.03	58.12
GCA_900473895.1_N32_genomic_prodigal_proteins	2509	GCA_003208815.1_ASM320881v1_genomic_prodigal_proteins	1352	788	75.79	13.31	58.28
GCA_900473895.1_N32_genomic_prodigal_proteins	2509	GCA_000012505.1_ASM1250v1_genomic_prodigal_proteins	2461	1949	77.35	12.57	79.20
GCA_900473895.1_N32_genomic_prodigal_proteins	2509	GCA_000153825.1_ASM15382v1_genomic_prodigal_proteins	2811	1859	72.29	13.96	74.09
GCA_900473895.1_N32_genomic_prodigal_proteins	2509	GCA_002760475.1_ASM276047v1_genomic_prodigal_proteins	2647	905	53.18	11.82	36.07
GCA_900473895.1_N32_genomic_prodigal_proteins	2509	GCA_003210565.1_ASM321056v1_genomic_prodigal_proteins	836	457	70.54	14.74	54.67
GCA_900473895.1_N32_genomic_prodigal_proteins	2509	GCA_902618505.1_AG-892-K03_genomic_prodigal_proteins	959	459	78.67	13.96	47.86
GCA_900473895.1_N32_genomic_prodigal_proteins	2509	GCA_005577135.1_ASM557713v1_genomic_prodigal_proteins	3356	1063	53.72	12.79	42.37
GCA_900473895.1_N32_genomic_prodigal_proteins	2509	GCA_003846445.1_ASM384644v1_genomic_prodigal_proteins	2740	1172	55.98	13.06	46.71
GCA_900473895.1_N32_genomic_prodigal_proteins	2509	GCA_000505665.1_ASM50566v1_genomic_prodigal_proteins	2466	992	53.96	12.45	40.23
GCA_900473895.1_N32_genomic_prodigal_proteins	2509	GCA_902616255.1_AG-919-I18_genomic_prodigal_proteins	1046	623	75.24	13.54	59.56
GCA_900473895.1_N32_genomic_prodigal_proteins	2509	GCA_001182765.1_WH8103.1_genomic_prodigal_proteins	2676	1975	78.53	13.09	78.72
GCA_900473895.1_N32_genomic_prodigal_proteins	2509	GCA_002760375.1_ASM276037v1_genomic_prodigal_proteins	2702	907	53.16	11.84	36.15
GCA_900473895.1_N32_genomic_prodigal_proteins	2509	GCA_902592305.1_AG-914-O22_genomic_prodigal_proteins	179	112	76.07	15.89	62.57
GCA_900473895.1_N32_genomic_prodigal_proteins	2509	GCA_001632165.1_ASM163216v1_genomic_prodigal_proteins	2830	1827	71.00	13.82	72.82
GCA_900473895.1_N32_genomic_prodigal_proteins	2509	GCA_004332405.1_ASM433240v1_genomic_prodigal_proteins	2437	1758	72.13	13.69	72.14
GCA_900473895.1_N32_genomic_prodigal_proteins	2509	GCA_900473975.1_N26_genomic_prodigal_proteins	2454	2110	96.60	5.82	85.98
GCA_900473895.1_N32_genomic_prodigal_proteins	2509	GCA_902612475.1_AG-918-G20_genomic_prodigal_proteins	502	252	75.71	14.53	50.20
GCA_900473895.1_N32_genomic_prodigal_proteins	2509	GCA_000775285.1_ASM77528v1_genomic_prodigal_proteins	4812	942	54.14	12.79	37.54
GCA_900473895.1_N32_genomic_prodigal_proteins	2509	GCA_002698505.1_ASM269850v1_genomic_prodigal_proteins	2471	1660	71.16	13.70	67.18
GCA_900473895.1_N32_genomic_prodigal_proteins	2509	GCA_002252665.1_ASM225266v1_genomic_prodigal_proteins	2771	1598	67.57	13.63	63.69
GCA_900473895.1_N32_genomic_prodigal_proteins	2509	GCA_003555505.1_ASM355550v1_genomic_prodigal_proteins	3351	734	54.63	12.74	29.25
GCA_900473895.1_N32_genomic_prodigal_proteins	2509	GCA_900474015.1_UW106_genomic_prodigal_proteins	2762	2162	89.93	8.28	86.17
GCA_900473895.1_N32_genomic_prodigal_proteins	2509	GCA_000715475.1_ASM71547v1_genomic_prodigal_proteins	3299	1045	53.77	12.81	41.65
GCA_900473895.1_N32_genomic_prodigal_proteins	2509	GCA_001628295.1_ASM162829v1_genomic_prodigal_proteins	2145	1936	97.94	4.27	90.26
GCA_900473895.1_N32_genomic_prodigal_proteins	2509	GCA_003208775.1_ASM320877v1_genomic_prodigal_proteins	1808	1114	70.05	13.92	61.62
GCA_900473895.1_N32_genomic_prodigal_proteins	2509	GCA_003210975.1_ASM321097v1_genomic_prodigal_proteins	627	426	77.82	13.18	67.94
GCA_900473895.1_N32_genomic_prodigal_proteins	2509	GCA_003208915.1_ASM320891v1_genomic_prodigal_proteins	1208	722	76.46	13.42	59.77
GCA_900473895.1_N32_genomic_prodigal_proteins	2509	GCA_009837735.1_ASM983773v1_genomic_prodigal_proteins	2041	941	61.43	12.83	46.10
GCA_900473895.1_N32_genomic_prodigal_proteins	2509	GCA_902548805.1_AG-901-N20_genomic_prodigal_proteins	158	72	77.47	15.33	45.57
GCA_900473895.1_N32_genomic_prodigal_proteins	2509	GCA_003211235.1_ASM321123v1_genomic_prodigal_proteins	1698	1028	77.02	13.26	60.54
GCA_900473895.1_N32_genomic_prodigal_proteins	2509	GCA_004209775.1_ASM420977v1_genomic_prodigal_proteins	2798	1760	72.15	13.51	70.15
GCA_900473895.1_N32_genomic_prodigal_proteins	2509	GCA_003283215.1_ASM328321v1_genomic_prodigal_proteins	239	53	70.51	16.23	22.18
GCA_900473895.1_N32_genomic_prodigal_proteins	2509	GCA_003209555.1_ASM320955v1_genomic_prodigal_proteins	908	424	66.99	14.63	46.70
GCA_900473895.1_N32_genomic_prodigal_proteins	2509	GCA_000153805.1_ASM15380v1_genomic_prodigal_proteins	2517	1945	77.13	12.71	77.52
GCA_900473895.1_N32_genomic_prodigal_proteins	2509	GCA_003283205.1_ASM328320v1_genomic_prodigal_proteins	274	80	68.57	15.37	29.20
GCA_900473895.1_N32_genomic_prodigal_proteins	2509	GCA_900473925.1_N5_genomic_prodigal_proteins	2417	2099	96.62	5.80	86.84
GCA_900473895.1_N32_genomic_prodigal_proteins	2509	GCA_902592665.1_AG-447-E14_genomic_prodigal_proteins	1111	592	74.70	13.75	53.29
GCA_900473895.1_N32_genomic_prodigal_proteins	2509	GCA_011523155.1_ASM1152315v1_genomic_prodigal_proteins	2101	1284	70.03	13.23	61.11
GCA_900473895.1_N32_genomic_prodigal_proteins	2509	GCA_003211275.1_ASM321127v1_genomic_prodigal_proteins	2168	1261	70.04	14.12	58.16
GCA_900473895.1_N32_genomic_prodigal_proteins	2509	GCA_003957805.1_ASM395780v1_genomic_prodigal_proteins	2887	1203	55.93	13.00	47.95
GCA_900473895.1_N32_genomic_prodigal_proteins	2509	GCA_012270465.1_ASM1227046v1_genomic_prodigal_proteins	2311	1344	65.41	14.04	58.16
GCA_900473895.1_N32_genomic_prodigal_proteins	2509	GCA_001693255.1_ASM169325v1_genomic_prodigal_proteins	3177	1070	53.68	12.81	42.65
GCA_900473895.1_N32_genomic_prodigal_proteins	2509	GCA_003210385.1_ASM321038v1_genomic_prodigal_proteins	286	205	70.15	13.94	71.68
GCA_900473895.1_N32_genomic_prodigal_proteins	2509	GCA_002170705.1_ASM217070v1_genomic_prodigal_proteins	1392	1040	76.96	12.61	74.71
GCA_900473895.1_N32_genomic_prodigal_proteins	2509	GCA_002356215.1_ASM235621v1_genomic_prodigal_proteins	2953	1046	53.60	12.82	41.69
GCA_900473895.1_N32_genomic_prodigal_proteins	2509	GCA_003210935.1_ASM321093v1_genomic_prodigal_proteins	1868	1187	71.05	14.01	63.54
GCA_900473895.1_N32_genomic_prodigal_proteins	2509	GCA_003210535.1_ASM321053v1_genomic_prodigal_proteins	1257	764	75.74	12.71	60.78
GCA_900473895.1_N32_genomic_prodigal_proteins	2509	GCA_002724845.1_ASM272484v1_genomic_prodigal_proteins	1589	1420	96.33	4.70	89.36
GCA_900473895.1_N32_genomic_prodigal_proteins	2509	GCA_000153285.1_ASM15328v1_genomic_prodigal_proteins	2746	1843	71.46	13.99	73.46
GCA_900473895.1_N32_genomic_prodigal_proteins	2509	GCA_003211035.1_ASM321103v1_genomic_prodigal_proteins	530	345	76.06	13.16	65.09
GCA_900473895.1_N32_genomic_prodigal_proteins	2509	GCA_001521855.1_ASM152185v1_genomic_prodigal_proteins	3144	1068	53.64	12.79	42.57
GCA_900473895.1_N32_genomic_prodigal_proteins	2509	GCA_009835965.1_ASM983596v1_genomic_prodigal_proteins	2105	1186	61.33	12.81	56.34
GCA_900473895.1_N32_genomic_prodigal_proteins	2509	GCA_012269695.1_ASM1226969v1_genomic_prodigal_proteins	2043	1151	65.94	14.14	56.34
GCA_900473895.1_N32_genomic_prodigal_proteins	2509	GCA_000737535.1_ASM73753v1_genomic_prodigal_proteins	3013	1944	75.67	13.22	77.48
GCA_900473895.1_N32_genomic_prodigal_proteins	2509	GCA_000586015.1_SynSpo.0_genomic_prodigal_proteins	1907	920	62.19	13.18	48.24
GCA_900473895.1_N32_genomic_prodigal_proteins	2509	GCA_002760345.1_ASM276034v1_genomic_prodigal_proteins	2731	921	53.15	11.81	36.71
GCA_900473895.1_N32_genomic_prodigal_proteins	2509	GCA_000013225.1_ASM1322v1_genomic_prodigal_proteins	2844	927	53.24	11.86	36.95
GCA_900473895.1_N32_genomic_prodigal_proteins	2509	GCA_000332275.1_ASM33227v1_genomic_prodigal_proteins	4564	1016	52.43	12.14	40.49
GCA_900473895.1_N32_genomic_prodigal_proteins	2509	GCA_002252675.1_ASM225267v1_genomic_prodigal_proteins	3295	1584	66.85	13.55	63.13
GCA_900473895.1_N32_genomic_prodigal_proteins	2509	GCA_000737575.1_ASM73757v1_genomic_prodigal_proteins	2662	1969	77.37	12.84	78.48
GCA_900473895.1_N32_genomic_prodigal_proteins	2509	GCA_902596755.1_AG-916-D19_genomic_prodigal_proteins	1152	704	77.79	13.65	61.11
GCA_900473895.1_N32_genomic_prodigal_proteins	2509	GCA_003211455.1_ASM321145v1_genomic_prodigal_proteins	1186	814	93.51	7.38	68.63
GCA_900473895.1_N32_genomic_prodigal_proteins	2509	GCA_003208755.1_ASM320875v1_genomic_prodigal_proteins	690	465	76.58	13.01	67.39
GCA_900473895.1_N32_genomic_prodigal_proteins	2509	GCA_007571215.1_ASM757121v1_genomic_prodigal_proteins	1879	1160	60.84	12.89	61.73
GCA_900473895.1_N32_genomic_prodigal_proteins	2509	GCA_001007635.1_ASM100763v1_genomic_prodigal_proteins	2333	1069	61.56	12.58	45.82
GCA_900473895.1_N32_genomic_prodigal_proteins	2509	GCA_000179255.1_ASM17925v1_genomic_prodigal_proteins	2729	1655	67.42	13.82	65.96
GCA_900473895.1_N32_genomic_prodigal_proteins	2509	GCA_003208975.1_ASM320897v1_genomic_prodigal_proteins	1804	1056	77.01	13.26	58.54
GCA_900473895.1_N32_genomic_prodigal_proteins	2509	GCA_012103655.1_ASM1210365v1_genomic_prodigal_proteins	2723	1798	70.77	13.62	71.66
GCA_900473895.1_N32_genomic_prodigal_proteins	2509	GCA_902582045.1_AG-912-B07_genomic_prodigal_proteins	196	81	77.70	15.57	41.33
GCA_900473895.1_N32_genomic_prodigal_proteins	2509	GCA_000153045.1_ASM15304v1_genomic_prodigal_proteins	3242	1636	66.93	13.74	65.21
GCA_900473895.1_N32_genomic_prodigal_proteins	2509	GCA_902549675.1_AG-903-B09_genomic_prodigal_proteins	836	478	78.82	13.93	57.18
GCA_900473895.1_N32_genomic_prodigal_proteins	2509	GCA_002018045.1_ASM201804v1_genomic_prodigal_proteins	1559	907	62.40	12.52	58.18
GCA_900473895.1_N32_genomic_prodigal_proteins	2509	GCA_004213055.1_ASM421305v1_genomic_prodigal_proteins	2241	1585	71.63	13.75	70.73
GCA_900473895.1_N32_genomic_prodigal_proteins	2509	GCA_007571085.1_ASM757108v1_genomic_prodigal_proteins	1784	1134	60.90	12.94	63.57
GCA_900473895.1_N32_genomic_prodigal_proteins	2509	GCA_009839805.1_ASM983980v1_genomic_prodigal_proteins	1848	783	59.59	12.37	42.37
GCA_900473895.1_N32_genomic_prodigal_proteins	2509	GCA_003210375.1_ASM321037v1_genomic_prodigal_proteins	2155	1425	76.48	12.59	66.13
GCA_900473895.1_N32_genomic_prodigal_proteins	2509	GCA_004332415.1_ASM433241v1_genomic_prodigal_proteins	2408	1780	72.16	13.52	73.92
GCA_900473895.1_N32_genomic_prodigal_proteins	2509	GCA_009836025.1_ASM983602v1_genomic_prodigal_proteins	2290	1168	61.34	12.83	51.00
GCA_900473895.1_N32_genomic_prodigal_proteins	2509	GCA_009843455.1_ASM984345v1_genomic_prodigal_proteins	2423	1142	61.19	12.77	47.13
GCA_900473895.1_N32_genomic_prodigal_proteins	2509	GCA_009843485.1_ASM984348v1_genomic_prodigal_proteins	2158	1184	61.36	12.89	54.87
GCA_900473895.1_N32_genomic_prodigal_proteins	2509	GCA_003283135.1_ASM328313v1_genomic_prodigal_proteins	459	145	66.99	15.59	31.59
GCA_900473895.1_N32_genomic_prodigal_proteins	2509	GCA_902635485.1_AG-447-G23_genomic_prodigal_proteins	327	173	93.94	9.37	52.91
GCA_900473895.1_N32_genomic_prodigal_proteins	2509	GCA_002760415.1_ASM276041v1_genomic_prodigal_proteins	2670	908	53.13	11.83	36.19
GCA_900473895.1_N32_genomic_prodigal_proteins	2509	GCA_002754935.1_ASM275493v1_genomic_prodigal_proteins	2664	954	54.18	12.37	38.02
GCA_900473895.1_N32_genomic_prodigal_proteins	2509	GCA_002171685.2_ASM217168v2_genomic_prodigal_proteins	811	663	71.51	13.23	81.75
GCA_900473895.1_N32_genomic_prodigal_proteins	2509	GCA_000737595.1_ASM73759v1_genomic_prodigal_proteins	2774	2114	91.04	8.58	84.26
GCA_900473895.1_N32_genomic_prodigal_proteins	2509	GCA_003331785.1_ASM333178v1_genomic_prodigal_proteins	2125	1649	70.89	13.56	77.60
GCA_900473895.1_N32_genomic_prodigal_proteins	2509	GCA_009842265.1_ASM984226v1_genomic_prodigal_proteins	2398	1160	61.23	12.81	48.37
GCA_900473895.1_N32_genomic_prodigal_proteins	2509	GCA_902579345.1_AG-911-L15_genomic_prodigal_proteins	248	108	74.30	15.65	43.55
GCA_900473895.1_N32_genomic_prodigal_proteins	2509	GCA_000011345.1_ASM1134v1_genomic_prodigal_proteins	2520	1001	54.17	12.37	39.90
GCA_900473895.1_N32_genomic_prodigal_proteins	2509	GCA_003210705.1_ASM321070v1_genomic_prodigal_proteins	2244	1350	70.39	14.09	60.16
GCA_900473895.1_N32_genomic_prodigal_proteins	2509	GCA_000019485.1_ASM1948v1_genomic_prodigal_proteins	3233	1062	53.76	12.77	42.33
GCA_900473895.1_N32_genomic_prodigal_proteins	2509	GCA_003283055.1_ASM328305v1_genomic_prodigal_proteins	482	89	71.54	15.33	18.46
GCA_900473895.1_N32_genomic_prodigal_proteins	2509	GCA_000010065.1_ASM1006v1_genomic_prodigal_proteins	2691	1187	55.88	13.05	47.31
GCA_900473895.1_N32_genomic_prodigal_proteins	2509	GCA_000316685.1_ASM31668v1_genomic_prodigal_proteins	3706	1044	53.49	12.66	41.61
GCA_900473895.1_N32_genomic_prodigal_proteins	2509	GCA_000063525.1_ASM6352v1_genomic_prodigal_proteins	2540	1662	66.32	14.33	66.24
GCA_900473895.1_N32_genomic_prodigal_proteins	2509	GCA_003283165.1_ASM328316v1_genomic_prodigal_proteins	217	79	73.72	15.11	36.41
GCA_900473895.1_N32_genomic_prodigal_proteins	2509	GCA_902540675.1_AG-359-E22_genomic_prodigal_proteins	584	327	77.78	14.93	55.99
GCA_900473895.1_N32_genomic_prodigal_proteins	2509	GCA_011055065.1_ASM1105506v1_genomic_prodigal_proteins	2792	883	53.22	11.90	35.19
GCA_900473895.1_N32_genomic_prodigal_proteins	2509	GCA_000013205.1_ASM1320v1_genomic_prodigal_proteins	2750	920	53.21	11.82	36.67
GCA_900473895.1_N32_genomic_prodigal_proteins	2509	GCA_003539795.1_ASM353979v1_genomic_prodigal_proteins	2284	1492	76.06	12.59	65.32
GCA_900473895.1_N32_genomic_prodigal_proteins	2509	GCA_002171995.1_ASM217199v1_genomic_prodigal_proteins	1978	1034	70.70	13.81	52.28
GCA_900473895.1_N32_genomic_prodigal_proteins	2509	GCA_011523835.1_ASM1152383v1_genomic_prodigal_proteins	2468	1568	71.79	14.21	63.53
GCA_900473895.1_N32_genomic_prodigal_proteins	2509	GCA_002172175.1_ASM217217v1_genomic_prodigal_proteins	1846	1056	65.32	13.82	57.20
GCA_900473895.1_N32_genomic_prodigal_proteins	2509	GCA_003208835.1_ASM320883v1_genomic_prodigal_proteins	2208	1411	77.11	12.77	63.90
GCA_900473895.1_N32_genomic_prodigal_proteins	2509	GCA_902589915.1_AG-914-F20_genomic_prodigal_proteins	373	155	79.52	13.49	41.55
GCA_900473895.1_N32_genomic_prodigal_proteins	2509	GCA_000485815.1_ASM48581v1_genomic_prodigal_proteins	3083	1024	53.64	12.78	40.81
GCA_900473895.1_N32_genomic_prodigal_proteins	2509	GCA_008807075.1_ASM880707v1_genomic_prodigal_proteins	2925	1609	66.62	13.39	64.13
GCA_900473895.1_N32_genomic_prodigal_proteins	2509	GCA_000179235.2_ASM17923v2_genomic_prodigal_proteins	3071	1664	67.76	13.77	66.32
GCA_900473895.1_N32_genomic_prodigal_proteins	2509	GCA_003210795.1_ASM321079v1_genomic_prodigal_proteins	2239	1460	76.99	13.29	65.21
GCA_900473895.1_N32_genomic_prodigal_proteins	2509	GCA_002706715.1_ASM270671v1_genomic_prodigal_proteins	1148	913	77.59	13.00	79.53
GCA_900473895.1_N32_genomic_prodigal_proteins	2509	GCA_003331245.1_ASM333124v1_genomic_prodigal_proteins	2021	1617	76.83	12.71	80.01
GCA_900473895.1_N32_genomic_prodigal_proteins	2509	GCA_009843385.1_ASM984338v1_genomic_prodigal_proteins	2085	975	61.62	12.88	46.76
GCA_900473895.1_N32_genomic_prodigal_proteins	2509	GCA_003211205.1_ASM321120v1_genomic_prodigal_proteins	2288	1417	70.93	13.82	61.93
GCA_900473895.1_N32_genomic_prodigal_proteins	2509	GCA_000063505.1_ASM6350v1_genomic_prodigal_proteins	2558	1798	71.63	14.03	71.66
GCA_900473895.1_N32_genomic_prodigal_proteins	2509	GCA_900474245.1_UW179B_genomic_prodigal_proteins	2743	1809	70.79	13.65	72.10
GCA_900473895.1_N32_genomic_prodigal_proteins	2509	GCA_003210345.1_ASM321034v1_genomic_prodigal_proteins	1256	826	76.17	12.57	65.76
GCA_900473895.1_N32_genomic_prodigal_proteins	2509	GCA_003210315.1_ASM321031v1_genomic_prodigal_proteins	1815	1092	69.82	13.78	60.17
GCA_900473895.1_N32_genomic_prodigal_proteins	2509	GCA_009836155.1_ASM983615v1_genomic_prodigal_proteins	1947	1107	61.47	12.78	56.86
GCA_900473895.1_N32_genomic_prodigal_proteins	2509	GCA_003990665.2_ASM399066v2_genomic_prodigal_proteins	2499	1003	54.14	12.40	40.14
GCA_900473895.1_N32_genomic_prodigal_proteins	2509	GCA_003209135.1_ASM320913v1_genomic_prodigal_proteins	1719	1055	74.46	13.76	61.37
GCA_900473895.1_N32_genomic_prodigal_proteins	2509	GCA_009845105.1_ASM984510v1_genomic_prodigal_proteins	1941	920	61.07	12.80	47.40
GCA_900473895.1_N32_genomic_prodigal_proteins	2509	GCA_002690325.1_ASM269032v1_genomic_prodigal_proteins	2554	1836	74.76	13.50	73.18
GCA_900473895.1_N32_genomic_prodigal_proteins	2509	GCA_000161795.2_ASM16179v2_genomic_prodigal_proteins	2407	2092	95.17	6.00	86.91
GCA_900473895.1_N32_genomic_prodigal_proteins	2509	GCA_004211895.1_ASM421189v1_genomic_prodigal_proteins	954	819	94.66	5.34	85.85
GCA_900473895.1_N32_genomic_prodigal_proteins	2509	GCA_003210735.1_ASM321073v1_genomic_prodigal_proteins	2337	1497	76.60	13.28	64.06
GCA_900473895.1_N32_genomic_prodigal_proteins	2509	GCA_003209035.1_ASM320903v1_genomic_prodigal_proteins	1803	1101	76.55	13.22	61.06
GCA_900473895.1_N32_genomic_prodigal_proteins	2509	GCA_003712085.1_ASM371208v1_genomic_prodigal_proteins	2745	1973	78.59	13.10	78.64
GCA_900473895.1_N32_genomic_prodigal_proteins	2509	GCA_003212155.1_ASM321215v1_genomic_prodigal_proteins	262	105	65.72	17.62	40.08
GCA_900473895.1_N32_genomic_prodigal_proteins	2509	GCA_001040845.1_ASM104084v1_genomic_prodigal_proteins	2917	1815	70.66	13.71	72.34
GCA_900473895.1_N32_genomic_prodigal_proteins	2509	GCA_002018015.1_ASM201801v1_genomic_prodigal_proteins	1578	889	62.26	12.66	56.34
GCA_900473895.1_N32_genomic_prodigal_proteins	2509	GCA_003211255.1_ASM321125v1_genomic_prodigal_proteins	1850	1107	76.57	13.40	59.84
GCA_900473895.1_N32_genomic_prodigal_proteins	2509	GCA_002721235.1_ASM272123v1_genomic_prodigal_proteins	3119	1062	53.73	12.80	42.33
GCA_900473895.1_N32_genomic_prodigal_proteins	2509	GCA_009839305.1_ASM983930v1_genomic_prodigal_proteins	1816	884	61.82	13.26	48.68
GCA_900473895.1_N32_genomic_prodigal_proteins	2509	GCA_011365345.1_ASM1136534v1_genomic_prodigal_proteins	2655	2158	90.06	8.07	86.01
GCA_900473895.1_N32_genomic_prodigal_proteins	2509	GCA_001039265.1_ASM103926v1_genomic_prodigal_proteins	2832	1109	68.48	13.66	44.20
GCA_900473895.1_N32_genomic_prodigal_proteins	2509	GCA_001628325.1_ASM162832v1_genomic_prodigal_proteins	2129	1928	97.94	4.08	90.56
GCA_900473895.1_N32_genomic_prodigal_proteins	2509	GCA_003209215.1_ASM320921v1_genomic_prodigal_proteins	1679	1096	93.97	8.25	65.28
GCA_900473895.1_N32_genomic_prodigal_proteins	2509	GCA_002737305.1_ASM273730v1_genomic_prodigal_proteins	1951	1222	67.29	13.80	62.63
GCA_900473895.1_N32_genomic_prodigal_proteins	2509	GCA_003210515.1_ASM321051v1_genomic_prodigal_proteins	1673	1152	76.10	13.27	68.86
GCA_900473895.1_N32_genomic_prodigal_proteins	2509	GCA_011525445.1_ASM1152544v1_genomic_prodigal_proteins	3208	1506	70.23	13.69	60.02
GCA_900473895.1_N32_genomic_prodigal_proteins	2509	GCA_902599435.1_AG-916-N22_genomic_prodigal_proteins	793	498	79.80	13.61	62.80
GCA_900473895.1_N32_genomic_prodigal_proteins	2509	GCA_003149585.1_ASM314958v1_genomic_prodigal_proteins	2600	1665	67.53	13.82	66.36
GCA_900473895.1_N32_genomic_prodigal_proteins	2509	GCA_902560665.1_AG-905-O11_genomic_prodigal_proteins	401	215	78.85	14.00	53.62
GCA_900473895.1_N32_genomic_prodigal_proteins	2509	GCA_003331795.1_ASM333179v1_genomic_prodigal_proteins	1948	1322	66.25	14.46	67.86
GCA_900473895.1_N32_genomic_prodigal_proteins	2509	GCA_002017955.1_ASM201795v1_genomic_prodigal_proteins	512	256	61.98	12.28	50.00
GCA_900473895.1_N32_genomic_prodigal_proteins	2509	GCA_902584485.1_AG-912-O23_genomic_prodigal_proteins	535	263	78.96	13.11	49.16
GCA_900473895.1_N32_genomic_prodigal_proteins	2509	GCA_902527915.1_AG-896-G19_genomic_prodigal_proteins	1003	657	78.07	13.47	65.50
GCA_900473895.1_N32_genomic_prodigal_proteins	2509	GCA_902635365.1_AG-447-D19_genomic_prodigal_proteins	1690	989	76.54	13.60	58.52
GCA_900473895.1_N32_genomic_prodigal_proteins	2509	GCA_900474085.1_UW86_genomic_prodigal_proteins	2403	2111	96.67	5.74	87.85
GCA_900473895.1_N32_genomic_prodigal_proteins	2509	GCA_001885215.1_ASM188521v1_genomic_prodigal_proteins	2897	1596	66.24	13.23	63.61
GCA_900473895.1_N32_genomic_prodigal_proteins	2509	GCA_902575935.1_AG-426-B22_genomic_prodigal_proteins	254	179	93.85	11.59	70.47
GCA_900473895.1_N32_genomic_prodigal_proteins	2509	GCA_900474295.1_UW140_genomic_prodigal_proteins	2925	1850	71.43	13.86	73.73
GCA_900473895.1_N32_genomic_prodigal_proteins	2509	GCA_003211565.1_ASM321156v1_genomic_prodigal_proteins	1489	1014	94.26	7.44	68.10
GCA_900473895.1_N32_genomic_prodigal_proteins	2509	GCA_003526105.1_ASM352610v1_genomic_prodigal_proteins	1581	1124	97.70	5.45	71.09
GCA_900473895.1_N32_genomic_prodigal_proteins	2509	GCA_002172935.1_ASM217293v1_genomic_prodigal_proteins	1996	1378	70.48	13.77	69.04
GCA_900473895.1_N32_genomic_prodigal_proteins	2509	GCA_003210335.1_ASM321033v1_genomic_prodigal_proteins	942	379	67.82	14.42	40.23
GCA_900473895.1_N32_genomic_prodigal_proteins	2509	GCA_009846115.1_ASM984611v1_genomic_prodigal_proteins	2048	1053	61.18	12.90	51.42
GCA_900473895.1_N32_genomic_prodigal_proteins	2509	GCA_001693295.1_ASM169329v1_genomic_prodigal_proteins	3183	1066	53.63	12.83	42.49
GCA_900473895.1_N32_genomic_prodigal_proteins	2509	GCA_900473965.1_UW179A_genomic_prodigal_proteins	3383	1856	70.86	13.86	73.97
GCA_900473895.1_N32_genomic_prodigal_proteins	2509	GCA_003213755.1_ASM321375v1_genomic_prodigal_proteins	1050	579	66.43	14.57	55.14
GCA_900473895.1_N32_genomic_prodigal_proteins	2509	GCA_003209155.1_ASM320915v1_genomic_prodigal_proteins	2305	1397	70.66	13.96	60.61
GCA_900473895.1_N32_genomic_prodigal_proteins	2509	GCA_003211515.1_ASM321151v1_genomic_prodigal_proteins	2451	1276	74.89	13.65	52.06
GCA_900473895.1_N32_genomic_prodigal_proteins	2509	GCA_002693285.1_ASM269328v1_genomic_prodigal_proteins	2440	1612	71.18	13.79	66.07
GCA_900473895.1_N32_genomic_prodigal_proteins	2509	GCA_003210555.1_ASM321055v1_genomic_prodigal_proteins	1847	1042	69.71	13.44	56.42
GCA_900473895.1_N32_genomic_prodigal_proteins	2509	GCA_000155595.1_ASM15559v1_genomic_prodigal_proteins	5270	1127	53.13	12.61	44.92
GCA_900473895.1_N32_genomic_prodigal_proteins	2509	GCA_001007665.1_ASM100766v1_genomic_prodigal_proteins	2356	1191	61.05	12.81	50.55
GCA_900473895.1_N32_genomic_prodigal_proteins	2509	GCA_009919765.1_ASM991976v1_genomic_prodigal_proteins	2524	1137	66.58	14.67	45.32
GCA_900473895.1_N32_genomic_prodigal_proteins	2509	GCA_003331225.1_ASM333122v1_genomic_prodigal_proteins	2113	1426	66.40	14.00	67.49
GCA_900473895.1_N32_genomic_prodigal_proteins	2509	GCA_900177825.1_IMG-taxon_2708742468_annotated_assembly_genomic_prodigal_proteins	3317	1052	53.75	12.79	41.93
GCA_900473895.1_N32_genomic_prodigal_proteins	2509	GCA_000195975.1_ASM19597v1_genomic_prodigal_proteins	2719	1966	78.64	12.97	78.36
GCA_900473895.1_N32_genomic_prodigal_proteins	2509	GCA_902618885.1_AG-920-D15_genomic_prodigal_proteins	1178	784	78.69	13.47	66.55
GCA_900473895.1_N32_genomic_prodigal_proteins	2509	GCA_003209165.1_ASM320916v1_genomic_prodigal_proteins	2711	1803	90.88	8.14	71.86
GCA_900473895.1_N32_genomic_prodigal_proteins	2509	GCA_001007625.1_ASM100762v1_genomic_prodigal_proteins	2478	1046	61.61	12.88	42.21
GCA_900473895.1_N32_genomic_prodigal_proteins	2509	GCA_008386235.1_ASM838623v1_genomic_prodigal_proteins	2571	1004	54.07	12.40	40.02
GCA_900473895.1_N32_genomic_prodigal_proteins	2509	GCA_001631935.1_ASM163193v1_genomic_prodigal_proteins	3526	1843	70.90	13.91	73.46
GCA_900473895.1_N32_genomic_prodigal_proteins	2509	GCA_002151525.1_ASM215152v1_genomic_prodigal_proteins	1628	1091	64.34	13.85	67.01
GCA_900473895.1_N32_genomic_prodigal_proteins	2509	GCA_000153065.1_ASM15306v1_genomic_prodigal_proteins	2704	1741	72.10	13.46	69.39
GCA_900473895.1_N32_genomic_prodigal_proteins	2509	GCA_009837265.1_ASM983726v1_genomic_prodigal_proteins	2126	1109	61.37	12.83	52.16
GCA_900473895.1_N32_genomic_prodigal_proteins	2509	GCA_902533725.1_AG-898-C20_genomic_prodigal_proteins	421	226	93.11	8.96	53.68
GCA_900473895.1_N32_genomic_prodigal_proteins	2509	GCA_002171075.2_ASM217107v2_genomic_prodigal_proteins	1919	1222	64.62	13.63	63.68
GCA_900473895.1_N32_genomic_prodigal_proteins	2509	GCA_002760395.1_ASM276039v1_genomic_prodigal_proteins	2661	897	53.21	11.82	35.75
GCA_900473895.1_N32_genomic_prodigal_proteins	2509	GCA_003209005.1_ASM320900v1_genomic_prodigal_proteins	2548	1538	70.67	13.89	61.30
GCA_900473895.1_N32_genomic_prodigal_proteins	2509	GCA_002017915.1_ASM201791v1_genomic_prodigal_proteins	623	324	63.80	13.35	52.01
GCA_900473895.1_N32_genomic_prodigal_proteins	2509	GCA_900047545.1_m9_genomic_prodigal_proteins	1575	917	61.36	12.71	58.22
GCA_900473895.1_N32_genomic_prodigal_proteins	2509	GCA_001632105.1_ASM163210v1_genomic_prodigal_proteins	3521	1849	70.88	13.89	73.69
GCA_900473895.1_N32_genomic_prodigal_proteins	2509	GCA_004212765.1_ASM421276v1_genomic_prodigal_proteins	1162	916	77.88	13.26	78.83
GCA_900473895.1_N32_genomic_prodigal_proteins	2509	GCA_002685515.1_ASM268551v1_genomic_prodigal_proteins	1286	922	70.00	13.73	71.70
GCA_900473895.1_N32_genomic_prodigal_proteins	2509	GCA_007828135.1_ASM782813v1_genomic_prodigal_proteins	2917	1596	66.27	13.24	63.61
GCA_900473895.1_N32_genomic_prodigal_proteins	2509	GCA_011047875.1_ASM1104787v1_genomic_prodigal_proteins	2810	908	53.31	11.87	36.19
GCA_900473895.1_N32_genomic_prodigal_proteins	2509	GCA_009840445.1_ASM984044v1_genomic_prodigal_proteins	2167	1211	61.30	12.88	55.88
GCA_900473895.1_N32_genomic_prodigal_proteins	2509	GCA_003210995.1_ASM321099v1_genomic_prodigal_proteins	2385	1352	70.80	14.16	56.69
GCA_900473895.1_N32_genomic_prodigal_proteins	2509	GCA_902616995.1_AG-919-L20_genomic_prodigal_proteins	654	396	78.43	13.04	60.55
GCA_900473895.1_N32_genomic_prodigal_proteins	2509	GCA_009845825.1_ASM984582v1_genomic_prodigal_proteins	2168	1024	61.50	12.77	47.23
GCA_900473895.1_N32_genomic_prodigal_proteins	2509	GCA_000515235.1_ASM51523v1_genomic_prodigal_proteins	2873	1945	75.66	13.28	77.52
GCA_900473895.1_N32_genomic_prodigal_proteins	2509	GCA_003523965.1_ASM352396v1_genomic_prodigal_proteins	1735	776	62.49	12.95	44.73
GCA_900473895.1_N32_genomic_prodigal_proteins	2509	GCA_002684175.1_ASM268417v1_genomic_prodigal_proteins	1819	1167	75.67	12.03	64.16
GCA_900473895.1_N32_genomic_prodigal_proteins	2509	GCA_011523295.1_ASM1152329v1_genomic_prodigal_proteins	2851	1552	76.56	13.46	61.86
GCA_900473895.1_N32_genomic_prodigal_proteins	2509	GCA_003211015.1_ASM321101v1_genomic_prodigal_proteins	2128	1333	70.96	13.79	62.64
GCA_900473895.1_N32_genomic_prodigal_proteins	2509	GCA_002006815.1_ASM200681v1_genomic_prodigal_proteins	1973	1360	64.43	13.85	68.93
GCA_002168155.1_ASM216815v1_genomic_prodigal_proteins	2361	GCA_009846095.1_ASM984609v1_genomic_prodigal_proteins	2331	1041	60.89	12.32	44.66
GCA_002168155.1_ASM216815v1_genomic_prodigal_proteins	2361	GCA_009498715.1_ASM949871v1_genomic_prodigal_proteins	2867	1066	56.24	12.74	45.15
GCA_002168155.1_ASM216815v1_genomic_prodigal_proteins	2361	GCA_002252635.1_ASM225263v1_genomic_prodigal_proteins	3011	1520	66.23	13.38	64.38
GCA_002168155.1_ASM216815v1_genomic_prodigal_proteins	2361	GCA_009838425.1_ASM983842v1_genomic_prodigal_proteins	1544	742	61.15	12.66	48.06
GCA_002168155.1_ASM216815v1_genomic_prodigal_proteins	2361	GCA_900473895.1_N32_genomic_prodigal_proteins	2509	1533	65.50	13.75	64.93
GCA_002168155.1_ASM216815v1_genomic_prodigal_proteins	2361	GCA_003210495.1_ASM321049v1_genomic_prodigal_proteins	1134	521	63.28	13.22	45.94
GCA_002168155.1_ASM216815v1_genomic_prodigal_proteins	2361	GCA_003011125.1_ASM301112v1_genomic_prodigal_proteins	3076	1561	69.61	12.70	66.12
GCA_002168155.1_ASM216815v1_genomic_prodigal_proteins	2361	GCA_900177365.1_IMG-taxon_2708742537_annotated_assembly_genomic_prodigal_proteins	3310	1022	53.36	12.70	43.29
GCA_002168155.1_ASM216815v1_genomic_prodigal_proteins	2361	GCA_002760445.1_ASM276044v1_genomic_prodigal_proteins	2661	885	53.22	11.55	37.48
GCA_002168155.1_ASM216815v1_genomic_prodigal_proteins	2361	GCA_900474185.1_UW69_genomic_prodigal_proteins	2629	1558	64.93	13.97	65.99
GCA_002168155.1_ASM216815v1_genomic_prodigal_proteins	2361	GCA_003210775.1_ASM321077v1_genomic_prodigal_proteins	2665	1120	63.85	13.82	47.44
GCA_002168155.1_ASM216815v1_genomic_prodigal_proteins	2361	GCA_002700765.1_ASM270076v1_genomic_prodigal_proteins	2134	1202	64.39	13.82	56.33
GCA_002168155.1_ASM216815v1_genomic_prodigal_proteins	2361	GCA_902599585.1_AG-916-O11_genomic_prodigal_proteins	1470	764	66.37	14.12	51.97
GCA_002168155.1_ASM216815v1_genomic_prodigal_proteins	2361	GCA_900474045.1_N19_genomic_prodigal_proteins	2484	1503	65.36	13.65	63.66
GCA_002168155.1_ASM216815v1_genomic_prodigal_proteins	2361	GCA_003210815.1_ASM321081v1_genomic_prodigal_proteins	2087	997	64.11	13.69	47.77
GCA_002168155.1_ASM216815v1_genomic_prodigal_proteins	2361	GCA_900473955.1_GEYO_genomic_prodigal_proteins	2674	1557	64.47	13.88	65.95
GCA_002168155.1_ASM216815v1_genomic_prodigal_proteins	2361	GCA_002167425.2_ASM216742v2_genomic_prodigal_proteins	2822	1372	64.16	13.97	58.11
GCA_002168155.1_ASM216815v1_genomic_prodigal_proteins	2361	GCA_009844645.1_ASM984464v1_genomic_prodigal_proteins	1983	1081	61.49	12.39	54.51
GCA_002168155.1_ASM216815v1_genomic_prodigal_proteins	2361	GCA_008081095.1_ASM808109v1_genomic_prodigal_proteins	1533	871	65.71	13.40	56.82
GCA_002168155.1_ASM216815v1_genomic_prodigal_proteins	2361	GCA_000014585.1_ASM1458v1_genomic_prodigal_proteins	2879	1568	64.27	13.90	66.41
GCA_002168155.1_ASM216815v1_genomic_prodigal_proteins	2361	GCA_000317085.1_ASM31708v1_genomic_prodigal_proteins	3673	943	51.85	12.04	39.94
GCA_002168155.1_ASM216815v1_genomic_prodigal_proteins	2361	GCA_013133755.1_ASM1313375v1_genomic_prodigal_proteins	2700	1554	64.42	13.85	65.82
GCA_002168155.1_ASM216815v1_genomic_prodigal_proteins	2361	GCA_003210475.1_ASM321047v1_genomic_prodigal_proteins	1514	779	63.84	13.91	51.45
GCA_002168155.1_ASM216815v1_genomic_prodigal_proteins	2361	GCA_003208815.1_ASM320881v1_genomic_prodigal_proteins	1352	594	63.43	13.74	43.93
GCA_002168155.1_ASM216815v1_genomic_prodigal_proteins	2361	GCA_000012505.1_ASM1250v1_genomic_prodigal_proteins	2461	1513	64.52	13.72	64.08
GCA_002168155.1_ASM216815v1_genomic_prodigal_proteins	2361	GCA_000153825.1_ASM15382v1_genomic_prodigal_proteins	2811	1590	65.10	13.90	67.34
GCA_002168155.1_ASM216815v1_genomic_prodigal_proteins	2361	GCA_002760475.1_ASM276047v1_genomic_prodigal_proteins	2647	885	53.17	11.52	37.48
GCA_002168155.1_ASM216815v1_genomic_prodigal_proteins	2361	GCA_003210565.1_ASM321056v1_genomic_prodigal_proteins	836	386	64.55	14.97	46.17
GCA_002168155.1_ASM216815v1_genomic_prodigal_proteins	2361	GCA_902618505.1_AG-892-K03_genomic_prodigal_proteins	959	343	65.11	14.75	35.77
GCA_002168155.1_ASM216815v1_genomic_prodigal_proteins	2361	GCA_005577135.1_ASM557713v1_genomic_prodigal_proteins	3356	1033	53.28	12.65	43.75
GCA_002168155.1_ASM216815v1_genomic_prodigal_proteins	2361	GCA_003846445.1_ASM384644v1_genomic_prodigal_proteins	2740	1099	56.30	12.76	46.55
GCA_002168155.1_ASM216815v1_genomic_prodigal_proteins	2361	GCA_000505665.1_ASM50566v1_genomic_prodigal_proteins	2466	960	54.13	12.14	40.66
GCA_002168155.1_ASM216815v1_genomic_prodigal_proteins	2361	GCA_902616255.1_AG-919-I18_genomic_prodigal_proteins	1046	504	64.58	13.65	48.18
GCA_002168155.1_ASM216815v1_genomic_prodigal_proteins	2361	GCA_001182765.1_WH8103.1_genomic_prodigal_proteins	2676	1540	65.30	13.86	65.23
GCA_002168155.1_ASM216815v1_genomic_prodigal_proteins	2361	GCA_002760375.1_ASM276037v1_genomic_prodigal_proteins	2702	887	53.22	11.54	37.57
GCA_002168155.1_ASM216815v1_genomic_prodigal_proteins	2361	GCA_902592305.1_AG-914-O22_genomic_prodigal_proteins	179	82	63.88	15.06	45.81
GCA_002168155.1_ASM216815v1_genomic_prodigal_proteins	2361	GCA_001632165.1_ASM163216v1_genomic_prodigal_proteins	2830	1563	64.39	13.78	66.20
GCA_002168155.1_ASM216815v1_genomic_prodigal_proteins	2361	GCA_004332405.1_ASM433240v1_genomic_prodigal_proteins	2437	1572	65.47	13.80	66.58
GCA_002168155.1_ASM216815v1_genomic_prodigal_proteins	2361	GCA_900473975.1_N26_genomic_prodigal_proteins	2454	1510	65.42	13.80	63.96
GCA_002168155.1_ASM216815v1_genomic_prodigal_proteins	2361	GCA_902612475.1_AG-918-G20_genomic_prodigal_proteins	502	184	63.42	13.25	36.65
GCA_002168155.1_ASM216815v1_genomic_prodigal_proteins	2361	GCA_000775285.1_ASM77528v1_genomic_prodigal_proteins	4812	906	54.36	12.44	38.37
GCA_002168155.1_ASM216815v1_genomic_prodigal_proteins	2361	GCA_002698505.1_ASM269850v1_genomic_prodigal_proteins	2471	1450	64.60	13.72	61.41
GCA_002168155.1_ASM216815v1_genomic_prodigal_proteins	2361	GCA_002252665.1_ASM225266v1_genomic_prodigal_proteins	2771	1525	66.72	13.26	64.59
GCA_002168155.1_ASM216815v1_genomic_prodigal_proteins	2361	GCA_003555505.1_ASM355550v1_genomic_prodigal_proteins	3351	706	54.92	12.57	29.90
GCA_002168155.1_ASM216815v1_genomic_prodigal_proteins	2361	GCA_900474015.1_UW106_genomic_prodigal_proteins	2762	1568	64.96	13.94	66.41
GCA_002168155.1_ASM216815v1_genomic_prodigal_proteins	2361	GCA_000715475.1_ASM71547v1_genomic_prodigal_proteins	3299	1014	53.50	12.67	42.95
GCA_002168155.1_ASM216815v1_genomic_prodigal_proteins	2361	GCA_001628295.1_ASM162829v1_genomic_prodigal_proteins	2145	1411	65.60	13.75	65.78
GCA_002168155.1_ASM216815v1_genomic_prodigal_proteins	2361	GCA_003208775.1_ASM320877v1_genomic_prodigal_proteins	1808	915	64.13	13.68	50.61
GCA_002168155.1_ASM216815v1_genomic_prodigal_proteins	2361	GCA_003210975.1_ASM321097v1_genomic_prodigal_proteins	627	332	65.03	14.52	52.95
GCA_002168155.1_ASM216815v1_genomic_prodigal_proteins	2361	GCA_003208915.1_ASM320891v1_genomic_prodigal_proteins	1208	521	63.69	13.54	43.13
GCA_002168155.1_ASM216815v1_genomic_prodigal_proteins	2361	GCA_009837735.1_ASM983773v1_genomic_prodigal_proteins	2041	919	61.48	12.45	45.03
GCA_002168155.1_ASM216815v1_genomic_prodigal_proteins	2361	GCA_902548805.1_AG-901-N20_genomic_prodigal_proteins	158	54	61.74	13.95	34.18
GCA_002168155.1_ASM216815v1_genomic_prodigal_proteins	2361	GCA_003211235.1_ASM321123v1_genomic_prodigal_proteins	1698	847	64.60	13.98	49.88
GCA_002168155.1_ASM216815v1_genomic_prodigal_proteins	2361	GCA_004209775.1_ASM420977v1_genomic_prodigal_proteins	2798	1586	65.67	13.76	67.17
GCA_002168155.1_ASM216815v1_genomic_prodigal_proteins	2361	GCA_003283215.1_ASM328321v1_genomic_prodigal_proteins	239	22	64.60	16.58	9.21
GCA_002168155.1_ASM216815v1_genomic_prodigal_proteins	2361	GCA_003209555.1_ASM320955v1_genomic_prodigal_proteins	908	462	75.49	13.19	50.88
GCA_002168155.1_ASM216815v1_genomic_prodigal_proteins	2361	GCA_000153805.1_ASM15380v1_genomic_prodigal_proteins	2517	1518	64.33	13.85	64.29
GCA_002168155.1_ASM216815v1_genomic_prodigal_proteins	2361	GCA_003283205.1_ASM328320v1_genomic_prodigal_proteins	274	38	62.80	14.79	13.87
GCA_002168155.1_ASM216815v1_genomic_prodigal_proteins	2361	GCA_900473925.1_N5_genomic_prodigal_proteins	2417	1498	65.37	13.81	63.45
GCA_002168155.1_ASM216815v1_genomic_prodigal_proteins	2361	GCA_902592665.1_AG-447-E14_genomic_prodigal_proteins	1111	436	62.62	14.63	39.24
GCA_002168155.1_ASM216815v1_genomic_prodigal_proteins	2361	GCA_011523155.1_ASM1152315v1_genomic_prodigal_proteins	2101	1110	63.34	13.00	52.83
GCA_002168155.1_ASM216815v1_genomic_prodigal_proteins	2361	GCA_003211275.1_ASM321127v1_genomic_prodigal_proteins	2168	1047	63.82	13.79	48.29
GCA_002168155.1_ASM216815v1_genomic_prodigal_proteins	2361	GCA_003957805.1_ASM395780v1_genomic_prodigal_proteins	2887	1136	56.08	12.69	48.12
GCA_002168155.1_ASM216815v1_genomic_prodigal_proteins	2361	GCA_012270465.1_ASM1227046v1_genomic_prodigal_proteins	2311	1583	76.54	11.75	68.50
GCA_002168155.1_ASM216815v1_genomic_prodigal_proteins	2361	GCA_001693255.1_ASM169325v1_genomic_prodigal_proteins	3177	1026	53.47	12.61	43.46
GCA_002168155.1_ASM216815v1_genomic_prodigal_proteins	2361	GCA_003210385.1_ASM321038v1_genomic_prodigal_proteins	286	181	65.68	13.41	63.29
GCA_002168155.1_ASM216815v1_genomic_prodigal_proteins	2361	GCA_002170705.1_ASM217070v1_genomic_prodigal_proteins	1392	822	64.80	13.46	59.05
GCA_002168155.1_ASM216815v1_genomic_prodigal_proteins	2361	GCA_002356215.1_ASM235621v1_genomic_prodigal_proteins	2953	1009	53.34	12.67	42.74
GCA_002168155.1_ASM216815v1_genomic_prodigal_proteins	2361	GCA_003210935.1_ASM321093v1_genomic_prodigal_proteins	1868	992	64.54	13.87	53.10
GCA_002168155.1_ASM216815v1_genomic_prodigal_proteins	2361	GCA_003210535.1_ASM321053v1_genomic_prodigal_proteins	1257	588	63.31	13.21	46.78
GCA_002168155.1_ASM216815v1_genomic_prodigal_proteins	2361	GCA_002724845.1_ASM272484v1_genomic_prodigal_proteins	1589	1105	65.37	13.42	69.54
GCA_002168155.1_ASM216815v1_genomic_prodigal_proteins	2361	GCA_000153285.1_ASM15328v1_genomic_prodigal_proteins	2746	1575	64.81	13.93	66.71
GCA_002168155.1_ASM216815v1_genomic_prodigal_proteins	2361	GCA_003211035.1_ASM321103v1_genomic_prodigal_proteins	530	284	62.50	13.99	53.58
GCA_002168155.1_ASM216815v1_genomic_prodigal_proteins	2361	GCA_001521855.1_ASM152185v1_genomic_prodigal_proteins	3144	1036	53.26	12.65	43.88
GCA_002168155.1_ASM216815v1_genomic_prodigal_proteins	2361	GCA_009835965.1_ASM983596v1_genomic_prodigal_proteins	2105	1144	61.59	12.40	54.35
GCA_002168155.1_ASM216815v1_genomic_prodigal_proteins	2361	GCA_012269695.1_ASM1226969v1_genomic_prodigal_proteins	2043	1366	76.88	11.72	66.86
GCA_002168155.1_ASM216815v1_genomic_prodigal_proteins	2361	GCA_000737535.1_ASM73753v1_genomic_prodigal_proteins	3013	1544	64.89	13.96	65.40
GCA_002168155.1_ASM216815v1_genomic_prodigal_proteins	2361	GCA_000586015.1_SynSpo.0_genomic_prodigal_proteins	1907	891	62.24	12.68	46.72
GCA_002168155.1_ASM216815v1_genomic_prodigal_proteins	2361	GCA_002760345.1_ASM276034v1_genomic_prodigal_proteins	2731	894	53.27	11.54	37.87
GCA_002168155.1_ASM216815v1_genomic_prodigal_proteins	2361	GCA_000013225.1_ASM1322v1_genomic_prodigal_proteins	2844	898	53.11	11.60	38.03
GCA_002168155.1_ASM216815v1_genomic_prodigal_proteins	2361	GCA_000332275.1_ASM33227v1_genomic_prodigal_proteins	4564	978	52.22	11.73	41.42
GCA_002168155.1_ASM216815v1_genomic_prodigal_proteins	2361	GCA_002252675.1_ASM225267v1_genomic_prodigal_proteins	3295	1529	66.37	13.28	64.76
GCA_002168155.1_ASM216815v1_genomic_prodigal_proteins	2361	GCA_000737575.1_ASM73757v1_genomic_prodigal_proteins	2662	1578	65.34	13.91	66.84
GCA_002168155.1_ASM216815v1_genomic_prodigal_proteins	2361	GCA_902596755.1_AG-916-D19_genomic_prodigal_proteins	1152	553	64.42	13.59	48.00
GCA_002168155.1_ASM216815v1_genomic_prodigal_proteins	2361	GCA_003211455.1_ASM321145v1_genomic_prodigal_proteins	1186	540	65.24	14.25	45.53
GCA_002168155.1_ASM216815v1_genomic_prodigal_proteins	2361	GCA_003208755.1_ASM320875v1_genomic_prodigal_proteins	690	351	64.64	13.70	50.87
GCA_002168155.1_ASM216815v1_genomic_prodigal_proteins	2361	GCA_007571215.1_ASM757121v1_genomic_prodigal_proteins	1879	1125	61.52	12.32	59.87
GCA_002168155.1_ASM216815v1_genomic_prodigal_proteins	2361	GCA_001007635.1_ASM100763v1_genomic_prodigal_proteins	2333	1041	61.64	12.22	44.62
GCA_002168155.1_ASM216815v1_genomic_prodigal_proteins	2361	GCA_000179255.1_ASM17925v1_genomic_prodigal_proteins	2729	1559	66.24	13.44	66.03
GCA_002168155.1_ASM216815v1_genomic_prodigal_proteins	2361	GCA_003208975.1_ASM320897v1_genomic_prodigal_proteins	1804	778	65.21	13.76	43.13
GCA_002168155.1_ASM216815v1_genomic_prodigal_proteins	2361	GCA_012103655.1_ASM1210365v1_genomic_prodigal_proteins	2723	1558	64.54	13.85	65.99
GCA_002168155.1_ASM216815v1_genomic_prodigal_proteins	2361	GCA_902582045.1_AG-912-B07_genomic_prodigal_proteins	196	28	60.54	14.45	14.29
GCA_002168155.1_ASM216815v1_genomic_prodigal_proteins	2361	GCA_000153045.1_ASM15304v1_genomic_prodigal_proteins	3242	1571	66.28	13.21	66.54
GCA_002168155.1_ASM216815v1_genomic_prodigal_proteins	2361	GCA_902549675.1_AG-903-B09_genomic_prodigal_proteins	836	372	65.30	14.19	44.50
GCA_002168155.1_ASM216815v1_genomic_prodigal_proteins	2361	GCA_002018045.1_ASM201804v1_genomic_prodigal_proteins	1559	879	62.53	12.26	56.38
GCA_002168155.1_ASM216815v1_genomic_prodigal_proteins	2361	GCA_004213055.1_ASM421305v1_genomic_prodigal_proteins	2241	1407	64.99	13.79	62.78
GCA_002168155.1_ASM216815v1_genomic_prodigal_proteins	2361	GCA_007571085.1_ASM757108v1_genomic_prodigal_proteins	1784	1104	61.36	12.31	61.88
GCA_002168155.1_ASM216815v1_genomic_prodigal_proteins	2361	GCA_009839805.1_ASM983980v1_genomic_prodigal_proteins	1848	778	59.61	12.12	42.10
GCA_002168155.1_ASM216815v1_genomic_prodigal_proteins	2361	GCA_003210375.1_ASM321037v1_genomic_prodigal_proteins	2155	1110	64.07	13.73	51.51
GCA_002168155.1_ASM216815v1_genomic_prodigal_proteins	2361	GCA_004332415.1_ASM433241v1_genomic_prodigal_proteins	2408	1575	65.46	13.68	66.71
GCA_002168155.1_ASM216815v1_genomic_prodigal_proteins	2361	GCA_009836025.1_ASM983602v1_genomic_prodigal_proteins	2290	1150	61.38	12.39	50.22
GCA_002168155.1_ASM216815v1_genomic_prodigal_proteins	2361	GCA_009843455.1_ASM984345v1_genomic_prodigal_proteins	2423	1131	61.23	12.35	47.90
GCA_002168155.1_ASM216815v1_genomic_prodigal_proteins	2361	GCA_009843485.1_ASM984348v1_genomic_prodigal_proteins	2158	1141	61.63	12.46	52.87
GCA_002168155.1_ASM216815v1_genomic_prodigal_proteins	2361	GCA_003283135.1_ASM328313v1_genomic_prodigal_proteins	459	123	62.05	14.60	26.80
GCA_002168155.1_ASM216815v1_genomic_prodigal_proteins	2361	GCA_902635485.1_AG-447-G23_genomic_prodigal_proteins	327	100	62.11	14.72	30.58
GCA_002168155.1_ASM216815v1_genomic_prodigal_proteins	2361	GCA_002760415.1_ASM276041v1_genomic_prodigal_proteins	2670	885	53.20	11.55	37.48
GCA_002168155.1_ASM216815v1_genomic_prodigal_proteins	2361	GCA_002754935.1_ASM275493v1_genomic_prodigal_proteins	2664	931	54.11	12.16	39.43
GCA_002168155.1_ASM216815v1_genomic_prodigal_proteins	2361	GCA_002171685.2_ASM217168v2_genomic_prodigal_proteins	811	578	65.69	13.45	71.27
GCA_002168155.1_ASM216815v1_genomic_prodigal_proteins	2361	GCA_000737595.1_ASM73759v1_genomic_prodigal_proteins	2774	1559	65.08	13.90	66.03
GCA_002168155.1_ASM216815v1_genomic_prodigal_proteins	2361	GCA_003331785.1_ASM333178v1_genomic_prodigal_proteins	2125	1447	64.65	13.73	68.09
GCA_002168155.1_ASM216815v1_genomic_prodigal_proteins	2361	GCA_009842265.1_ASM984226v1_genomic_prodigal_proteins	2398	1136	61.46	12.29	48.12
GCA_002168155.1_ASM216815v1_genomic_prodigal_proteins	2361	GCA_902579345.1_AG-911-L15_genomic_prodigal_proteins	248	61	63.22	14.47	24.60
GCA_002168155.1_ASM216815v1_genomic_prodigal_proteins	2361	GCA_000011345.1_ASM1134v1_genomic_prodigal_proteins	2520	977	54.07	12.22	41.38
GCA_002168155.1_ASM216815v1_genomic_prodigal_proteins	2361	GCA_003210705.1_ASM321070v1_genomic_prodigal_proteins	2244	1151	63.87	13.94	51.29
GCA_002168155.1_ASM216815v1_genomic_prodigal_proteins	2361	GCA_000019485.1_ASM1948v1_genomic_prodigal_proteins	3233	1037	53.31	12.64	43.92
GCA_002168155.1_ASM216815v1_genomic_prodigal_proteins	2361	GCA_003283055.1_ASM328305v1_genomic_prodigal_proteins	482	68	58.15	13.77	14.11
GCA_002168155.1_ASM216815v1_genomic_prodigal_proteins	2361	GCA_000010065.1_ASM1006v1_genomic_prodigal_proteins	2691	1124	55.99	12.75	47.61
GCA_002168155.1_ASM216815v1_genomic_prodigal_proteins	2361	GCA_000316685.1_ASM31668v1_genomic_prodigal_proteins	3706	989	53.74	12.34	41.89
GCA_002168155.1_ASM216815v1_genomic_prodigal_proteins	2361	GCA_000063525.1_ASM6352v1_genomic_prodigal_proteins	2540	1893	76.93	12.01	80.18
GCA_002168155.1_ASM216815v1_genomic_prodigal_proteins	2361	GCA_003283165.1_ASM328316v1_genomic_prodigal_proteins	217	66	67.11	15.20	30.41
GCA_002168155.1_ASM216815v1_genomic_prodigal_proteins	2361	GCA_902540675.1_AG-359-E22_genomic_prodigal_proteins	584	227	66.83	15.61	38.87
GCA_002168155.1_ASM216815v1_genomic_prodigal_proteins	2361	GCA_011055065.1_ASM1105506v1_genomic_prodigal_proteins	2792	858	53.08	11.64	36.34
GCA_002168155.1_ASM216815v1_genomic_prodigal_proteins	2361	GCA_000013205.1_ASM1320v1_genomic_prodigal_proteins	2750	894	53.32	11.52	37.87
GCA_002168155.1_ASM216815v1_genomic_prodigal_proteins	2361	GCA_003539795.1_ASM353979v1_genomic_prodigal_proteins	2284	1246	63.87	13.48	54.55
GCA_002168155.1_ASM216815v1_genomic_prodigal_proteins	2361	GCA_002171995.1_ASM217199v1_genomic_prodigal_proteins	1978	897	64.38	13.54	45.35
GCA_002168155.1_ASM216815v1_genomic_prodigal_proteins	2361	GCA_011523835.1_ASM1152383v1_genomic_prodigal_proteins	2468	1353	64.60	13.56	57.31
GCA_002168155.1_ASM216815v1_genomic_prodigal_proteins	2361	GCA_002172175.1_ASM217217v1_genomic_prodigal_proteins	1846	1279	75.06	11.85	69.28
GCA_002168155.1_ASM216815v1_genomic_prodigal_proteins	2361	GCA_003208835.1_ASM320883v1_genomic_prodigal_proteins	2208	1076	64.94	13.71	48.73
GCA_002168155.1_ASM216815v1_genomic_prodigal_proteins	2361	GCA_902589915.1_AG-914-F20_genomic_prodigal_proteins	373	105	64.76	13.35	28.15
GCA_002168155.1_ASM216815v1_genomic_prodigal_proteins	2361	GCA_000485815.1_ASM48581v1_genomic_prodigal_proteins	3083	988	53.39	12.65	41.85
GCA_002168155.1_ASM216815v1_genomic_prodigal_proteins	2361	GCA_008807075.1_ASM880707v1_genomic_prodigal_proteins	2925	1493	64.44	13.47	63.24
GCA_002168155.1_ASM216815v1_genomic_prodigal_proteins	2361	GCA_000179235.2_ASM17923v2_genomic_prodigal_proteins	3071	1607	66.72	13.38	68.06
GCA_002168155.1_ASM216815v1_genomic_prodigal_proteins	2361	GCA_003210795.1_ASM321079v1_genomic_prodigal_proteins	2239	1130	64.35	13.62	50.47
GCA_002168155.1_ASM216815v1_genomic_prodigal_proteins	2361	GCA_002706715.1_ASM270671v1_genomic_prodigal_proteins	1148	765	64.89	13.75	66.64
GCA_002168155.1_ASM216815v1_genomic_prodigal_proteins	2361	GCA_003331245.1_ASM333124v1_genomic_prodigal_proteins	2021	1368	65.15	13.68	67.69
GCA_002168155.1_ASM216815v1_genomic_prodigal_proteins	2361	GCA_009843385.1_ASM984338v1_genomic_prodigal_proteins	2085	961	61.72	12.42	46.09
GCA_002168155.1_ASM216815v1_genomic_prodigal_proteins	2361	GCA_003211205.1_ASM321120v1_genomic_prodigal_proteins	2288	1203	64.32	13.85	52.58
GCA_002168155.1_ASM216815v1_genomic_prodigal_proteins	2361	GCA_000063505.1_ASM6350v1_genomic_prodigal_proteins	2558	1565	64.90	14.16	66.29
GCA_002168155.1_ASM216815v1_genomic_prodigal_proteins	2361	GCA_900474245.1_UW179B_genomic_prodigal_proteins	2743	1561	64.52	13.83	66.12
GCA_002168155.1_ASM216815v1_genomic_prodigal_proteins	2361	GCA_003210345.1_ASM321034v1_genomic_prodigal_proteins	1256	611	62.94	13.49	48.65
GCA_002168155.1_ASM216815v1_genomic_prodigal_proteins	2361	GCA_003210315.1_ASM321031v1_genomic_prodigal_proteins	1815	943	63.31	13.71	51.96
GCA_002168155.1_ASM216815v1_genomic_prodigal_proteins	2361	GCA_009836155.1_ASM983615v1_genomic_prodigal_proteins	1947	1082	61.51	12.32	55.57
GCA_002168155.1_ASM216815v1_genomic_prodigal_proteins	2361	GCA_003990665.2_ASM399066v2_genomic_prodigal_proteins	2499	979	54.07	12.24	41.47
GCA_002168155.1_ASM216815v1_genomic_prodigal_proteins	2361	GCA_003209135.1_ASM320913v1_genomic_prodigal_proteins	1719	822	64.09	13.91	47.82
GCA_002168155.1_ASM216815v1_genomic_prodigal_proteins	2361	GCA_009845105.1_ASM984510v1_genomic_prodigal_proteins	1941	931	60.93	12.54	47.96
GCA_002168155.1_ASM216815v1_genomic_prodigal_proteins	2361	GCA_002690325.1_ASM269032v1_genomic_prodigal_proteins	2554	1404	63.98	13.60	59.47
GCA_002168155.1_ASM216815v1_genomic_prodigal_proteins	2361	GCA_000161795.2_ASM16179v2_genomic_prodigal_proteins	2407	1498	65.32	13.70	63.45
GCA_002168155.1_ASM216815v1_genomic_prodigal_proteins	2361	GCA_004211895.1_ASM421189v1_genomic_prodigal_proteins	954	671	65.58	13.62	70.34
GCA_002168155.1_ASM216815v1_genomic_prodigal_proteins	2361	GCA_003210735.1_ASM321073v1_genomic_prodigal_proteins	2337	1148	64.25	13.59	49.12
GCA_002168155.1_ASM216815v1_genomic_prodigal_proteins	2361	GCA_003209035.1_ASM320903v1_genomic_prodigal_proteins	1803	830	64.68	13.93	46.03
GCA_002168155.1_ASM216815v1_genomic_prodigal_proteins	2361	GCA_003712085.1_ASM371208v1_genomic_prodigal_proteins	2745	1543	65.28	13.76	65.35
GCA_002168155.1_ASM216815v1_genomic_prodigal_proteins	2361	GCA_003212155.1_ASM321215v1_genomic_prodigal_proteins	262	73	67.41	12.67	27.86
GCA_002168155.1_ASM216815v1_genomic_prodigal_proteins	2361	GCA_001040845.1_ASM104084v1_genomic_prodigal_proteins	2917	1579	64.31	13.76	66.88
GCA_002168155.1_ASM216815v1_genomic_prodigal_proteins	2361	GCA_002018015.1_ASM201801v1_genomic_prodigal_proteins	1578	852	62.52	12.34	53.99
GCA_002168155.1_ASM216815v1_genomic_prodigal_proteins	2361	GCA_003211255.1_ASM321125v1_genomic_prodigal_proteins	1850	861	63.77	13.81	46.54
GCA_002168155.1_ASM216815v1_genomic_prodigal_proteins	2361	GCA_002721235.1_ASM272123v1_genomic_prodigal_proteins	3119	1031	53.38	12.68	43.67
GCA_002168155.1_ASM216815v1_genomic_prodigal_proteins	2361	GCA_009839305.1_ASM983930v1_genomic_prodigal_proteins	1816	860	61.92	12.81	47.36
GCA_002168155.1_ASM216815v1_genomic_prodigal_proteins	2361	GCA_011365345.1_ASM1136534v1_genomic_prodigal_proteins	2655	1571	64.99	13.90	66.54
GCA_002168155.1_ASM216815v1_genomic_prodigal_proteins	2361	GCA_001039265.1_ASM103926v1_genomic_prodigal_proteins	2832	1044	67.79	13.22	44.22
GCA_002168155.1_ASM216815v1_genomic_prodigal_proteins	2361	GCA_001628325.1_ASM162832v1_genomic_prodigal_proteins	2129	1408	65.67	13.70	66.13
GCA_002168155.1_ASM216815v1_genomic_prodigal_proteins	2361	GCA_003209215.1_ASM320921v1_genomic_prodigal_proteins	1679	773	65.45	13.84	46.04
GCA_002168155.1_ASM216815v1_genomic_prodigal_proteins	2361	GCA_002737305.1_ASM273730v1_genomic_prodigal_proteins	1951	1161	66.77	13.34	59.51
GCA_002168155.1_ASM216815v1_genomic_prodigal_proteins	2361	GCA_003210515.1_ASM321051v1_genomic_prodigal_proteins	1673	904	63.64	14.00	54.03
GCA_002168155.1_ASM216815v1_genomic_prodigal_proteins	2361	GCA_011525445.1_ASM1152544v1_genomic_prodigal_proteins	3208	1303	63.57	13.76	55.19
GCA_002168155.1_ASM216815v1_genomic_prodigal_proteins	2361	GCA_902599435.1_AG-916-N22_genomic_prodigal_proteins	793	353	66.34	14.26	44.51
GCA_002168155.1_ASM216815v1_genomic_prodigal_proteins	2361	GCA_003149585.1_ASM314958v1_genomic_prodigal_proteins	2600	1599	66.12	13.63	67.73
GCA_002168155.1_ASM216815v1_genomic_prodigal_proteins	2361	GCA_902560665.1_AG-905-O11_genomic_prodigal_proteins	401	136	64.99	14.14	33.92
GCA_002168155.1_ASM216815v1_genomic_prodigal_proteins	2361	GCA_003331795.1_ASM333179v1_genomic_prodigal_proteins	1948	1558	77.23	11.88	79.98
GCA_002168155.1_ASM216815v1_genomic_prodigal_proteins	2361	GCA_002017955.1_ASM201795v1_genomic_prodigal_proteins	512	242	61.75	12.41	47.27
GCA_002168155.1_ASM216815v1_genomic_prodigal_proteins	2361	GCA_902584485.1_AG-912-O23_genomic_prodigal_proteins	535	184	62.61	13.97	34.39
GCA_002168155.1_ASM216815v1_genomic_prodigal_proteins	2361	GCA_902527915.1_AG-896-G19_genomic_prodigal_proteins	1003	501	65.65	14.16	49.95
GCA_002168155.1_ASM216815v1_genomic_prodigal_proteins	2361	GCA_902635365.1_AG-447-D19_genomic_prodigal_proteins	1690	719	64.54	14.20	42.54
GCA_002168155.1_ASM216815v1_genomic_prodigal_proteins	2361	GCA_900474085.1_UW86_genomic_prodigal_proteins	2403	1510	65.34	13.80	63.96
GCA_002168155.1_ASM216815v1_genomic_prodigal_proteins	2361	GCA_001885215.1_ASM188521v1_genomic_prodigal_proteins	2897	1506	66.02	13.07	63.79
GCA_002168155.1_ASM216815v1_genomic_prodigal_proteins	2361	GCA_902575935.1_AG-426-B22_genomic_prodigal_proteins	254	126	69.15	14.75	49.61
GCA_002168155.1_ASM216815v1_genomic_prodigal_proteins	2361	GCA_900474295.1_UW140_genomic_prodigal_proteins	2925	1592	64.69	13.89	67.43
GCA_002168155.1_ASM216815v1_genomic_prodigal_proteins	2361	GCA_003211565.1_ASM321156v1_genomic_prodigal_proteins	1489	697	64.37	14.07	46.81
GCA_002168155.1_ASM216815v1_genomic_prodigal_proteins	2361	GCA_003526105.1_ASM352610v1_genomic_prodigal_proteins	1581	834	66.30	13.81	52.75
GCA_002168155.1_ASM216815v1_genomic_prodigal_proteins	2361	GCA_002172935.1_ASM217293v1_genomic_prodigal_proteins	1996	1263	64.26	13.65	63.28
GCA_002168155.1_ASM216815v1_genomic_prodigal_proteins	2361	GCA_003210335.1_ASM321033v1_genomic_prodigal_proteins	942	304	62.00	13.85	32.27
GCA_002168155.1_ASM216815v1_genomic_prodigal_proteins	2361	GCA_009846115.1_ASM984611v1_genomic_prodigal_proteins	2048	1001	61.63	12.48	48.88
GCA_002168155.1_ASM216815v1_genomic_prodigal_proteins	2361	GCA_001693295.1_ASM169329v1_genomic_prodigal_proteins	3183	1035	53.32	12.64	43.84
GCA_002168155.1_ASM216815v1_genomic_prodigal_proteins	2361	GCA_900473965.1_UW179A_genomic_prodigal_proteins	3383	1601	64.31	13.97	67.81
GCA_002168155.1_ASM216815v1_genomic_prodigal_proteins	2361	GCA_003213755.1_ASM321375v1_genomic_prodigal_proteins	1050	590	75.76	12.50	56.19
GCA_002168155.1_ASM216815v1_genomic_prodigal_proteins	2361	GCA_003209155.1_ASM320915v1_genomic_prodigal_proteins	2305	1244	64.58	13.56	53.97
GCA_002168155.1_ASM216815v1_genomic_prodigal_proteins	2361	GCA_003211515.1_ASM321151v1_genomic_prodigal_proteins	2451	1030	63.93	14.06	43.63
GCA_002168155.1_ASM216815v1_genomic_prodigal_proteins	2361	GCA_002693285.1_ASM269328v1_genomic_prodigal_proteins	2440	1411	64.24	13.78	59.76
GCA_002168155.1_ASM216815v1_genomic_prodigal_proteins	2361	GCA_003210555.1_ASM321055v1_genomic_prodigal_proteins	1847	872	63.94	13.66	47.21
GCA_002168155.1_ASM216815v1_genomic_prodigal_proteins	2361	GCA_000155595.1_ASM15559v1_genomic_prodigal_proteins	5270	1056	53.00	12.39	44.73
GCA_002168155.1_ASM216815v1_genomic_prodigal_proteins	2361	GCA_001007665.1_ASM100766v1_genomic_prodigal_proteins	2356	1163	61.26	12.37	49.36
GCA_002168155.1_ASM216815v1_genomic_prodigal_proteins	2361	GCA_009919765.1_ASM991976v1_genomic_prodigal_proteins	2524	1347	76.73	12.15	57.05
GCA_002168155.1_ASM216815v1_genomic_prodigal_proteins	2361	GCA_003331225.1_ASM333122v1_genomic_prodigal_proteins	2113	1846	87.00	8.55	87.36
GCA_002168155.1_ASM216815v1_genomic_prodigal_proteins	2361	GCA_900177825.1_IMG-taxon_2708742468_annotated_assembly_genomic_prodigal_proteins	3317	1025	53.32	12.66	43.41
GCA_002168155.1_ASM216815v1_genomic_prodigal_proteins	2361	GCA_000195975.1_ASM19597v1_genomic_prodigal_proteins	2719	1539	65.35	13.76	65.18
GCA_002168155.1_ASM216815v1_genomic_prodigal_proteins	2361	GCA_902618885.1_AG-920-D15_genomic_prodigal_proteins	1178	605	66.44	14.46	51.36
GCA_002168155.1_ASM216815v1_genomic_prodigal_proteins	2361	GCA_003209165.1_ASM320916v1_genomic_prodigal_proteins	2711	1325	65.02	13.94	56.12
GCA_002168155.1_ASM216815v1_genomic_prodigal_proteins	2361	GCA_001007625.1_ASM100762v1_genomic_prodigal_proteins	2478	1022	61.63	12.62	43.29
GCA_002168155.1_ASM216815v1_genomic_prodigal_proteins	2361	GCA_008386235.1_ASM838623v1_genomic_prodigal_proteins	2571	983	53.94	12.21	41.63
GCA_002168155.1_ASM216815v1_genomic_prodigal_proteins	2361	GCA_001631935.1_ASM163193v1_genomic_prodigal_proteins	3526	1588	64.35	13.85	67.26
GCA_002168155.1_ASM216815v1_genomic_prodigal_proteins	2361	GCA_002151525.1_ASM215152v1_genomic_prodigal_proteins	1628	1169	70.32	12.64	71.81
GCA_002168155.1_ASM216815v1_genomic_prodigal_proteins	2361	GCA_000153065.1_ASM15306v1_genomic_prodigal_proteins	2704	1558	65.61	13.70	65.99
GCA_002168155.1_ASM216815v1_genomic_prodigal_proteins	2361	GCA_009837265.1_ASM983726v1_genomic_prodigal_proteins	2126	1065	61.50	12.36	50.09
GCA_002168155.1_ASM216815v1_genomic_prodigal_proteins	2361	GCA_902533725.1_AG-898-C20_genomic_prodigal_proteins	421	123	64.04	13.30	29.22
GCA_002168155.1_ASM216815v1_genomic_prodigal_proteins	2361	GCA_002171075.2_ASM217107v2_genomic_prodigal_proteins	1919	1546	83.82	8.84	80.56
GCA_002168155.1_ASM216815v1_genomic_prodigal_proteins	2361	GCA_002760395.1_ASM276039v1_genomic_prodigal_proteins	2661	878	53.20	11.56	37.19
GCA_002168155.1_ASM216815v1_genomic_prodigal_proteins	2361	GCA_003209005.1_ASM320900v1_genomic_prodigal_proteins	2548	1308	63.93	13.86	55.40
GCA_002168155.1_ASM216815v1_genomic_prodigal_proteins	2361	GCA_002017915.1_ASM201791v1_genomic_prodigal_proteins	623	305	64.38	12.77	48.96
GCA_002168155.1_ASM216815v1_genomic_prodigal_proteins	2361	GCA_900047545.1_m9_genomic_prodigal_proteins	1575	880	61.40	12.35	55.87
GCA_002168155.1_ASM216815v1_genomic_prodigal_proteins	2361	GCA_001632105.1_ASM163210v1_genomic_prodigal_proteins	3521	1598	64.34	13.87	67.68
GCA_002168155.1_ASM216815v1_genomic_prodigal_proteins	2361	GCA_004212765.1_ASM421276v1_genomic_prodigal_proteins	1162	776	64.81	13.44	66.78
GCA_002168155.1_ASM216815v1_genomic_prodigal_proteins	2361	GCA_002685515.1_ASM268551v1_genomic_prodigal_proteins	1286	850	63.81	13.38	66.10
GCA_002168155.1_ASM216815v1_genomic_prodigal_proteins	2361	GCA_007828135.1_ASM782813v1_genomic_prodigal_proteins	2917	1508	66.04	13.09	63.87
GCA_002168155.1_ASM216815v1_genomic_prodigal_proteins	2361	GCA_011047875.1_ASM1104787v1_genomic_prodigal_proteins	2810	892	53.11	11.67	37.78
GCA_002168155.1_ASM216815v1_genomic_prodigal_proteins	2361	GCA_009840445.1_ASM984044v1_genomic_prodigal_proteins	2167	1168	61.58	12.45	53.90
GCA_002168155.1_ASM216815v1_genomic_prodigal_proteins	2361	GCA_003210995.1_ASM321099v1_genomic_prodigal_proteins	2385	1170	64.52	13.88	49.56
GCA_002168155.1_ASM216815v1_genomic_prodigal_proteins	2361	GCA_902616995.1_AG-919-L20_genomic_prodigal_proteins	654	276	65.65	13.28	42.20
GCA_002168155.1_ASM216815v1_genomic_prodigal_proteins	2361	GCA_009845825.1_ASM984582v1_genomic_prodigal_proteins	2168	1000	61.82	12.32	46.13
GCA_002168155.1_ASM216815v1_genomic_prodigal_proteins	2361	GCA_000515235.1_ASM51523v1_genomic_prodigal_proteins	2873	1569	64.74	13.94	66.45
GCA_002168155.1_ASM216815v1_genomic_prodigal_proteins	2361	GCA_003523965.1_ASM352396v1_genomic_prodigal_proteins	1735	751	62.71	12.39	43.29
GCA_002168155.1_ASM216815v1_genomic_prodigal_proteins	2361	GCA_002684175.1_ASM268417v1_genomic_prodigal_proteins	1819	935	63.30	13.22	51.40
GCA_002168155.1_ASM216815v1_genomic_prodigal_proteins	2361	GCA_011523295.1_ASM1152329v1_genomic_prodigal_proteins	2851	1200	63.44	13.32	50.83
GCA_002168155.1_ASM216815v1_genomic_prodigal_proteins	2361	GCA_003211015.1_ASM321101v1_genomic_prodigal_proteins	2128	1156	64.37	13.41	54.32
GCA_002168155.1_ASM216815v1_genomic_prodigal_proteins	2361	GCA_002006815.1_ASM200681v1_genomic_prodigal_proteins	1973	1478	70.89	12.63	74.91
GCA_003011125.1_ASM301112v1_genomic_prodigal_proteins	3076	GCA_900177365.1_IMG-taxon_2708742537_annotated_assembly_genomic_prodigal_proteins	3310	1044	52.95	12.78	33.94
GCA_003011125.1_ASM301112v1_genomic_prodigal_proteins	3076	GCA_002760445.1_ASM276044v1_genomic_prodigal_proteins	2661	918	52.32	11.67	34.50
GCA_003011125.1_ASM301112v1_genomic_prodigal_proteins	3076	GCA_900474185.1_UW69_genomic_prodigal_proteins	2629	1472	63.31	13.73	55.99
GCA_003011125.1_ASM301112v1_genomic_prodigal_proteins	3076	GCA_003210775.1_ASM321077v1_genomic_prodigal_proteins	2665	1070	62.62	14.00	40.15
GCA_003011125.1_ASM301112v1_genomic_prodigal_proteins	3076	GCA_002700765.1_ASM270076v1_genomic_prodigal_proteins	2134	1122	62.55	13.85	52.58
GCA_003011125.1_ASM301112v1_genomic_prodigal_proteins	3076	GCA_902599585.1_AG-916-O11_genomic_prodigal_proteins	1470	723	64.39	14.22	49.18
GCA_003011125.1_ASM301112v1_genomic_prodigal_proteins	3076	GCA_900474045.1_N19_genomic_prodigal_proteins	2484	1426	63.61	13.68	57.41
GCA_003011125.1_ASM301112v1_genomic_prodigal_proteins	3076	GCA_003210815.1_ASM321081v1_genomic_prodigal_proteins	2087	935	62.48	13.30	44.80
GCA_003011125.1_ASM301112v1_genomic_prodigal_proteins	3076	GCA_900473955.1_GEYO_genomic_prodigal_proteins	2674	1462	63.10	13.76	54.67
GCA_003011125.1_ASM301112v1_genomic_prodigal_proteins	3076	GCA_002167425.2_ASM216742v2_genomic_prodigal_proteins	2822	1262	62.31	13.75	44.72
GCA_003011125.1_ASM301112v1_genomic_prodigal_proteins	3076	GCA_009844645.1_ASM984464v1_genomic_prodigal_proteins	1983	1073	60.52	12.54	54.11
GCA_003011125.1_ASM301112v1_genomic_prodigal_proteins	3076	GCA_008081095.1_ASM808109v1_genomic_prodigal_proteins	1533	810	63.33	13.50	52.84
GCA_003011125.1_ASM301112v1_genomic_prodigal_proteins	3076	GCA_000014585.1_ASM1458v1_genomic_prodigal_proteins	2879	1478	63.38	13.80	51.34
GCA_003011125.1_ASM301112v1_genomic_prodigal_proteins	3076	GCA_000317085.1_ASM31708v1_genomic_prodigal_proteins	3673	993	51.42	12.13	32.28
GCA_003011125.1_ASM301112v1_genomic_prodigal_proteins	3076	GCA_013133755.1_ASM1313375v1_genomic_prodigal_proteins	2700	1459	63.11	13.81	54.04
GCA_003011125.1_ASM301112v1_genomic_prodigal_proteins	3076	GCA_003210475.1_ASM321047v1_genomic_prodigal_proteins	1514	712	62.26	13.35	47.03
GCA_003011125.1_ASM301112v1_genomic_prodigal_proteins	3076	GCA_003208815.1_ASM320881v1_genomic_prodigal_proteins	1352	564	62.58	14.09	41.72
GCA_003011125.1_ASM301112v1_genomic_prodigal_proteins	3076	GCA_000012505.1_ASM1250v1_genomic_prodigal_proteins	2461	1434	63.25	13.68	58.27
GCA_003011125.1_ASM301112v1_genomic_prodigal_proteins	3076	GCA_000153825.1_ASM15382v1_genomic_prodigal_proteins	2811	1498	63.78	13.74	53.29
GCA_003011125.1_ASM301112v1_genomic_prodigal_proteins	3076	GCA_002760475.1_ASM276047v1_genomic_prodigal_proteins	2647	911	52.42	11.66	34.42
GCA_003011125.1_ASM301112v1_genomic_prodigal_proteins	3076	GCA_003210565.1_ASM321056v1_genomic_prodigal_proteins	836	357	63.05	14.58	42.70
GCA_003011125.1_ASM301112v1_genomic_prodigal_proteins	3076	GCA_902618505.1_AG-892-K03_genomic_prodigal_proteins	959	342	64.67	14.58	35.66
GCA_003011125.1_ASM301112v1_genomic_prodigal_proteins	3076	GCA_005577135.1_ASM557713v1_genomic_prodigal_proteins	3356	1043	53.04	12.73	33.91
GCA_003011125.1_ASM301112v1_genomic_prodigal_proteins	3076	GCA_003846445.1_ASM384644v1_genomic_prodigal_proteins	2740	1123	55.55	12.83	40.99
GCA_003011125.1_ASM301112v1_genomic_prodigal_proteins	3076	GCA_000505665.1_ASM50566v1_genomic_prodigal_proteins	2466	990	53.61	12.19	40.15
GCA_003011125.1_ASM301112v1_genomic_prodigal_proteins	3076	GCA_902616255.1_AG-919-I18_genomic_prodigal_proteins	1046	480	62.22	14.01	45.89
GCA_003011125.1_ASM301112v1_genomic_prodigal_proteins	3076	GCA_001182765.1_WH8103.1_genomic_prodigal_proteins	2676	1484	63.43	13.79	55.46
GCA_003011125.1_ASM301112v1_genomic_prodigal_proteins	3076	GCA_002760375.1_ASM276037v1_genomic_prodigal_proteins	2702	917	52.31	11.70	33.94
GCA_003011125.1_ASM301112v1_genomic_prodigal_proteins	3076	GCA_902592305.1_AG-914-O22_genomic_prodigal_proteins	179	84	63.27	14.02	46.93
GCA_003011125.1_ASM301112v1_genomic_prodigal_proteins	3076	GCA_001632165.1_ASM163216v1_genomic_prodigal_proteins	2830	1466	63.12	13.66	51.80
GCA_003011125.1_ASM301112v1_genomic_prodigal_proteins	3076	GCA_004332405.1_ASM433240v1_genomic_prodigal_proteins	2437	1524	64.08	13.88	62.54
GCA_003011125.1_ASM301112v1_genomic_prodigal_proteins	3076	GCA_900473975.1_N26_genomic_prodigal_proteins	2454	1423	63.78	13.74	57.99
GCA_003011125.1_ASM301112v1_genomic_prodigal_proteins	3076	GCA_902612475.1_AG-918-G20_genomic_prodigal_proteins	502	176	62.29	13.19	35.06
GCA_003011125.1_ASM301112v1_genomic_prodigal_proteins	3076	GCA_000775285.1_ASM77528v1_genomic_prodigal_proteins	4812	959	53.81	12.68	31.18
GCA_003011125.1_ASM301112v1_genomic_prodigal_proteins	3076	GCA_002698505.1_ASM269850v1_genomic_prodigal_proteins	2471	1353	63.19	13.53	54.76
GCA_003011125.1_ASM301112v1_genomic_prodigal_proteins	3076	GCA_002252665.1_ASM225266v1_genomic_prodigal_proteins	2771	1648	66.43	13.69	59.47
GCA_003011125.1_ASM301112v1_genomic_prodigal_proteins	3076	GCA_003555505.1_ASM355550v1_genomic_prodigal_proteins	3351	742	54.16	12.64	24.12
GCA_003011125.1_ASM301112v1_genomic_prodigal_proteins	3076	GCA_900474015.1_UW106_genomic_prodigal_proteins	2762	1472	63.38	13.76	53.29
GCA_003011125.1_ASM301112v1_genomic_prodigal_proteins	3076	GCA_000715475.1_ASM71547v1_genomic_prodigal_proteins	3299	1030	53.07	12.75	33.49
GCA_003011125.1_ASM301112v1_genomic_prodigal_proteins	3076	GCA_001628295.1_ASM162829v1_genomic_prodigal_proteins	2145	1321	63.71	13.54	61.59
GCA_003011125.1_ASM301112v1_genomic_prodigal_proteins	3076	GCA_003208775.1_ASM320877v1_genomic_prodigal_proteins	1808	886	63.06	13.89	49.00
GCA_003011125.1_ASM301112v1_genomic_prodigal_proteins	3076	GCA_003210975.1_ASM321097v1_genomic_prodigal_proteins	627	337	64.00	14.37	53.75
GCA_003011125.1_ASM301112v1_genomic_prodigal_proteins	3076	GCA_003208915.1_ASM320891v1_genomic_prodigal_proteins	1208	514	62.57	13.77	42.55
GCA_003011125.1_ASM301112v1_genomic_prodigal_proteins	3076	GCA_009837735.1_ASM983773v1_genomic_prodigal_proteins	2041	920	60.64	12.58	45.08
GCA_003011125.1_ASM301112v1_genomic_prodigal_proteins	3076	GCA_902548805.1_AG-901-N20_genomic_prodigal_proteins	158	59	62.84	14.55	37.34
GCA_003011125.1_ASM301112v1_genomic_prodigal_proteins	3076	GCA_003211235.1_ASM321123v1_genomic_prodigal_proteins	1698	761	62.93	13.79	44.82
GCA_003011125.1_ASM301112v1_genomic_prodigal_proteins	3076	GCA_004209775.1_ASM420977v1_genomic_prodigal_proteins	2798	1585	63.98	13.89	56.65
GCA_003011125.1_ASM301112v1_genomic_prodigal_proteins	3076	GCA_003283215.1_ASM328321v1_genomic_prodigal_proteins	239	38	67.81	13.86	15.90
GCA_003011125.1_ASM301112v1_genomic_prodigal_proteins	3076	GCA_003209555.1_ASM320955v1_genomic_prodigal_proteins	908	393	68.73	14.12	43.28
GCA_003011125.1_ASM301112v1_genomic_prodigal_proteins	3076	GCA_000153805.1_ASM15380v1_genomic_prodigal_proteins	2517	1434	63.15	13.72	56.97
GCA_003011125.1_ASM301112v1_genomic_prodigal_proteins	3076	GCA_003283205.1_ASM328320v1_genomic_prodigal_proteins	274	54	64.19	15.21	19.71
GCA_003011125.1_ASM301112v1_genomic_prodigal_proteins	3076	GCA_900473925.1_N5_genomic_prodigal_proteins	2417	1415	63.75	13.67	58.54
GCA_003011125.1_ASM301112v1_genomic_prodigal_proteins	3076	GCA_902592665.1_AG-447-E14_genomic_prodigal_proteins	1111	395	62.00	14.34	35.55
GCA_003011125.1_ASM301112v1_genomic_prodigal_proteins	3076	GCA_011523155.1_ASM1152315v1_genomic_prodigal_proteins	2101	1018	61.85	12.91	48.45
GCA_003011125.1_ASM301112v1_genomic_prodigal_proteins	3076	GCA_003211275.1_ASM321127v1_genomic_prodigal_proteins	2168	977	62.62	13.70	45.06
GCA_003011125.1_ASM301112v1_genomic_prodigal_proteins	3076	GCA_003957805.1_ASM395780v1_genomic_prodigal_proteins	2887	1172	55.37	12.84	40.60
GCA_003011125.1_ASM301112v1_genomic_prodigal_proteins	3076	GCA_012270465.1_ASM1227046v1_genomic_prodigal_proteins	2311	1355	69.27	12.77	58.63
GCA_003011125.1_ASM301112v1_genomic_prodigal_proteins	3076	GCA_001693255.1_ASM169325v1_genomic_prodigal_proteins	3177	1056	53.00	12.72	34.33
GCA_003011125.1_ASM301112v1_genomic_prodigal_proteins	3076	GCA_003210385.1_ASM321038v1_genomic_prodigal_proteins	286	172	63.03	13.65	60.14
GCA_003011125.1_ASM301112v1_genomic_prodigal_proteins	3076	GCA_002170705.1_ASM217070v1_genomic_prodigal_proteins	1392	794	63.40	12.99	57.04
GCA_003011125.1_ASM301112v1_genomic_prodigal_proteins	3076	GCA_002356215.1_ASM235621v1_genomic_prodigal_proteins	2953	1043	52.94	12.74	35.32
GCA_003011125.1_ASM301112v1_genomic_prodigal_proteins	3076	GCA_003210935.1_ASM321093v1_genomic_prodigal_proteins	1868	987	63.08	13.80	52.84
GCA_003011125.1_ASM301112v1_genomic_prodigal_proteins	3076	GCA_003210535.1_ASM321053v1_genomic_prodigal_proteins	1257	547	62.40	13.42	43.52
GCA_003011125.1_ASM301112v1_genomic_prodigal_proteins	3076	GCA_002724845.1_ASM272484v1_genomic_prodigal_proteins	1589	1020	63.15	13.37	64.19
GCA_003011125.1_ASM301112v1_genomic_prodigal_proteins	3076	GCA_000153285.1_ASM15328v1_genomic_prodigal_proteins	2746	1534	63.26	13.93	55.86
GCA_003011125.1_ASM301112v1_genomic_prodigal_proteins	3076	GCA_003211035.1_ASM321103v1_genomic_prodigal_proteins	530	245	60.92	13.72	46.23
GCA_003011125.1_ASM301112v1_genomic_prodigal_proteins	3076	GCA_001521855.1_ASM152185v1_genomic_prodigal_proteins	3144	1045	53.18	12.66	33.97
GCA_003011125.1_ASM301112v1_genomic_prodigal_proteins	3076	GCA_009835965.1_ASM983596v1_genomic_prodigal_proteins	2105	1145	60.60	12.61	54.39
GCA_003011125.1_ASM301112v1_genomic_prodigal_proteins	3076	GCA_012269695.1_ASM1226969v1_genomic_prodigal_proteins	2043	1166	69.55	12.76	57.07
GCA_003011125.1_ASM301112v1_genomic_prodigal_proteins	3076	GCA_000737535.1_ASM73753v1_genomic_prodigal_proteins	3013	1472	63.24	13.81	48.85
GCA_003011125.1_ASM301112v1_genomic_prodigal_proteins	3076	GCA_000586015.1_SynSpo.0_genomic_prodigal_proteins	1907	911	61.14	12.98	47.77
GCA_003011125.1_ASM301112v1_genomic_prodigal_proteins	3076	GCA_002760345.1_ASM276034v1_genomic_prodigal_proteins	2731	928	52.37	11.67	33.98
GCA_003011125.1_ASM301112v1_genomic_prodigal_proteins	3076	GCA_000013225.1_ASM1322v1_genomic_prodigal_proteins	2844	932	52.29	11.71	32.77
GCA_003011125.1_ASM301112v1_genomic_prodigal_proteins	3076	GCA_000332275.1_ASM33227v1_genomic_prodigal_proteins	4564	988	51.57	11.89	32.12
GCA_003011125.1_ASM301112v1_genomic_prodigal_proteins	3076	GCA_002252675.1_ASM225267v1_genomic_prodigal_proteins	3295	1610	65.31	13.66	52.34
GCA_003011125.1_ASM301112v1_genomic_prodigal_proteins	3076	GCA_000737575.1_ASM73757v1_genomic_prodigal_proteins	2662	1501	63.50	13.71	56.39
GCA_003011125.1_ASM301112v1_genomic_prodigal_proteins	3076	GCA_902596755.1_AG-916-D19_genomic_prodigal_proteins	1152	526	62.82	13.95	45.66
GCA_003011125.1_ASM301112v1_genomic_prodigal_proteins	3076	GCA_003211455.1_ASM321145v1_genomic_prodigal_proteins	1186	507	61.77	13.70	42.75
GCA_003011125.1_ASM301112v1_genomic_prodigal_proteins	3076	GCA_003208755.1_ASM320875v1_genomic_prodigal_proteins	690	336	63.37	13.43	48.70
GCA_003011125.1_ASM301112v1_genomic_prodigal_proteins	3076	GCA_007571215.1_ASM757121v1_genomic_prodigal_proteins	1879	1128	60.12	12.77	60.03
GCA_003011125.1_ASM301112v1_genomic_prodigal_proteins	3076	GCA_001007635.1_ASM100763v1_genomic_prodigal_proteins	2333	1059	60.52	12.52	45.39
GCA_003011125.1_ASM301112v1_genomic_prodigal_proteins	3076	GCA_000179255.1_ASM17925v1_genomic_prodigal_proteins	2729	1564	65.18	13.58	57.31
GCA_003011125.1_ASM301112v1_genomic_prodigal_proteins	3076	GCA_003208975.1_ASM320897v1_genomic_prodigal_proteins	1804	751	63.09	13.36	41.63
GCA_003011125.1_ASM301112v1_genomic_prodigal_proteins	3076	GCA_012103655.1_ASM1210365v1_genomic_prodigal_proteins	2723	1479	63.21	13.79	54.32
GCA_003011125.1_ASM301112v1_genomic_prodigal_proteins	3076	GCA_902582045.1_AG-912-B07_genomic_prodigal_proteins	196	56	64.27	14.08	28.57
GCA_003011125.1_ASM301112v1_genomic_prodigal_proteins	3076	GCA_000153045.1_ASM15304v1_genomic_prodigal_proteins	3242	1605	65.67	13.48	52.18
GCA_003011125.1_ASM301112v1_genomic_prodigal_proteins	3076	GCA_902549675.1_AG-903-B09_genomic_prodigal_proteins	836	377	63.62	14.13	45.10
GCA_003011125.1_ASM301112v1_genomic_prodigal_proteins	3076	GCA_002018045.1_ASM201804v1_genomic_prodigal_proteins	1559	905	61.14	12.51	58.05
GCA_003011125.1_ASM301112v1_genomic_prodigal_proteins	3076	GCA_004213055.1_ASM421305v1_genomic_prodigal_proteins	2241	1294	63.80	13.71	57.74
GCA_003011125.1_ASM301112v1_genomic_prodigal_proteins	3076	GCA_007571085.1_ASM757108v1_genomic_prodigal_proteins	1784	1102	60.18	12.72	61.77
GCA_003011125.1_ASM301112v1_genomic_prodigal_proteins	3076	GCA_009839805.1_ASM983980v1_genomic_prodigal_proteins	1848	760	58.59	12.21	41.13
GCA_003011125.1_ASM301112v1_genomic_prodigal_proteins	3076	GCA_003210375.1_ASM321037v1_genomic_prodigal_proteins	2155	1075	62.51	13.82	49.88
GCA_003011125.1_ASM301112v1_genomic_prodigal_proteins	3076	GCA_004332415.1_ASM433241v1_genomic_prodigal_proteins	2408	1533	64.06	13.85	63.66
GCA_003011125.1_ASM301112v1_genomic_prodigal_proteins	3076	GCA_009836025.1_ASM983602v1_genomic_prodigal_proteins	2290	1136	60.39	12.68	49.61
GCA_003011125.1_ASM301112v1_genomic_prodigal_proteins	3076	GCA_009843455.1_ASM984345v1_genomic_prodigal_proteins	2423	1120	60.35	12.49	46.22
GCA_003011125.1_ASM301112v1_genomic_prodigal_proteins	3076	GCA_009843485.1_ASM984348v1_genomic_prodigal_proteins	2158	1150	60.49	12.71	53.29
GCA_003011125.1_ASM301112v1_genomic_prodigal_proteins	3076	GCA_003283135.1_ASM328313v1_genomic_prodigal_proteins	459	115	61.67	14.05	25.05
GCA_003011125.1_ASM301112v1_genomic_prodigal_proteins	3076	GCA_902635485.1_AG-447-G23_genomic_prodigal_proteins	327	88	60.72	16.16	26.91
GCA_003011125.1_ASM301112v1_genomic_prodigal_proteins	3076	GCA_002760415.1_ASM276041v1_genomic_prodigal_proteins	2670	914	52.37	11.66	34.23
GCA_003011125.1_ASM301112v1_genomic_prodigal_proteins	3076	GCA_002754935.1_ASM275493v1_genomic_prodigal_proteins	2664	969	53.45	12.23	36.37
GCA_003011125.1_ASM301112v1_genomic_prodigal_proteins	3076	GCA_002171685.2_ASM217168v2_genomic_prodigal_proteins	811	550	63.91	13.57	67.82
GCA_003011125.1_ASM301112v1_genomic_prodigal_proteins	3076	GCA_000737595.1_ASM73759v1_genomic_prodigal_proteins	2774	1494	63.38	13.77	53.86
GCA_003011125.1_ASM301112v1_genomic_prodigal_proteins	3076	GCA_003331785.1_ASM333178v1_genomic_prodigal_proteins	2125	1337	63.35	13.71	62.92
GCA_003011125.1_ASM301112v1_genomic_prodigal_proteins	3076	GCA_009842265.1_ASM984226v1_genomic_prodigal_proteins	2398	1134	60.40	12.55	47.29
GCA_003011125.1_ASM301112v1_genomic_prodigal_proteins	3076	GCA_902579345.1_AG-911-L15_genomic_prodigal_proteins	248	72	61.55	15.44	29.03
GCA_003011125.1_ASM301112v1_genomic_prodigal_proteins	3076	GCA_000011345.1_ASM1134v1_genomic_prodigal_proteins	2520	1006	53.73	12.17	39.92
GCA_003011125.1_ASM301112v1_genomic_prodigal_proteins	3076	GCA_003210705.1_ASM321070v1_genomic_prodigal_proteins	2244	1083	62.56	13.84	48.26
GCA_003011125.1_ASM301112v1_genomic_prodigal_proteins	3076	GCA_000019485.1_ASM1948v1_genomic_prodigal_proteins	3233	1056	52.93	12.73	34.33
GCA_003011125.1_ASM301112v1_genomic_prodigal_proteins	3076	GCA_003283055.1_ASM328305v1_genomic_prodigal_proteins	482	61	58.67	16.37	12.66
GCA_003011125.1_ASM301112v1_genomic_prodigal_proteins	3076	GCA_000010065.1_ASM1006v1_genomic_prodigal_proteins	2691	1159	55.34	12.77	43.07
GCA_003011125.1_ASM301112v1_genomic_prodigal_proteins	3076	GCA_000316685.1_ASM31668v1_genomic_prodigal_proteins	3706	1054	52.94	12.40	34.27
GCA_003011125.1_ASM301112v1_genomic_prodigal_proteins	3076	GCA_000063525.1_ASM6352v1_genomic_prodigal_proteins	2540	1690	69.75	13.11	66.54
GCA_003011125.1_ASM301112v1_genomic_prodigal_proteins	3076	GCA_003283165.1_ASM328316v1_genomic_prodigal_proteins	217	65	62.72	14.10	29.95
GCA_003011125.1_ASM301112v1_genomic_prodigal_proteins	3076	GCA_902540675.1_AG-359-E22_genomic_prodigal_proteins	584	236	63.98	15.38	40.41
GCA_003011125.1_ASM301112v1_genomic_prodigal_proteins	3076	GCA_011055065.1_ASM1105506v1_genomic_prodigal_proteins	2792	894	52.27	11.71	32.02
GCA_003011125.1_ASM301112v1_genomic_prodigal_proteins	3076	GCA_000013205.1_ASM1320v1_genomic_prodigal_proteins	2750	929	52.39	11.68	33.78
GCA_003011125.1_ASM301112v1_genomic_prodigal_proteins	3076	GCA_003539795.1_ASM353979v1_genomic_prodigal_proteins	2284	1121	62.03	13.08	49.08
GCA_003011125.1_ASM301112v1_genomic_prodigal_proteins	3076	GCA_002171995.1_ASM217199v1_genomic_prodigal_proteins	1978	835	62.77	13.81	42.21
GCA_003011125.1_ASM301112v1_genomic_prodigal_proteins	3076	GCA_011523835.1_ASM1152383v1_genomic_prodigal_proteins	2468	1284	62.94	13.78	52.03
GCA_003011125.1_ASM301112v1_genomic_prodigal_proteins	3076	GCA_002172175.1_ASM217217v1_genomic_prodigal_proteins	1846	1074	68.02	12.66	58.18
GCA_003011125.1_ASM301112v1_genomic_prodigal_proteins	3076	GCA_003208835.1_ASM320883v1_genomic_prodigal_proteins	2208	1081	63.40	13.79	48.96
GCA_003011125.1_ASM301112v1_genomic_prodigal_proteins	3076	GCA_902589915.1_AG-914-F20_genomic_prodigal_proteins	373	122	63.41	15.21	32.71
GCA_003011125.1_ASM301112v1_genomic_prodigal_proteins	3076	GCA_000485815.1_ASM48581v1_genomic_prodigal_proteins	3083	1021	52.96	12.71	33.19
GCA_003011125.1_ASM301112v1_genomic_prodigal_proteins	3076	GCA_008807075.1_ASM880707v1_genomic_prodigal_proteins	2925	1474	63.12	13.76	50.39
GCA_003011125.1_ASM301112v1_genomic_prodigal_proteins	3076	GCA_000179235.2_ASM17923v2_genomic_prodigal_proteins	3071	1631	65.78	13.62	53.11
GCA_003011125.1_ASM301112v1_genomic_prodigal_proteins	3076	GCA_003210795.1_ASM321079v1_genomic_prodigal_proteins	2239	1083	63.10	13.69	48.37
GCA_003011125.1_ASM301112v1_genomic_prodigal_proteins	3076	GCA_002706715.1_ASM270671v1_genomic_prodigal_proteins	1148	744	63.79	13.77	64.81
GCA_003011125.1_ASM301112v1_genomic_prodigal_proteins	3076	GCA_003331245.1_ASM333124v1_genomic_prodigal_proteins	2021	1214	63.02	13.36	60.07
GCA_003011125.1_ASM301112v1_genomic_prodigal_proteins	3076	GCA_009843385.1_ASM984338v1_genomic_prodigal_proteins	2085	952	60.91	12.56	45.66
GCA_003011125.1_ASM301112v1_genomic_prodigal_proteins	3076	GCA_003211205.1_ASM321120v1_genomic_prodigal_proteins	2288	1131	63.06	13.79	49.43
GCA_003011125.1_ASM301112v1_genomic_prodigal_proteins	3076	GCA_000063505.1_ASM6350v1_genomic_prodigal_proteins	2558	1506	63.55	13.96	58.87
GCA_003011125.1_ASM301112v1_genomic_prodigal_proteins	3076	GCA_900474245.1_UW179B_genomic_prodigal_proteins	2743	1488	63.35	13.82	54.25
GCA_003011125.1_ASM301112v1_genomic_prodigal_proteins	3076	GCA_003210345.1_ASM321034v1_genomic_prodigal_proteins	1256	597	62.07	13.55	47.53
GCA_003011125.1_ASM301112v1_genomic_prodigal_proteins	3076	GCA_003210315.1_ASM321031v1_genomic_prodigal_proteins	1815	889	62.22	13.88	48.98
GCA_003011125.1_ASM301112v1_genomic_prodigal_proteins	3076	GCA_009836155.1_ASM983615v1_genomic_prodigal_proteins	1947	1084	60.64	12.48	55.68
GCA_003011125.1_ASM301112v1_genomic_prodigal_proteins	3076	GCA_003990665.2_ASM399066v2_genomic_prodigal_proteins	2499	1015	53.68	12.16	40.62
GCA_003011125.1_ASM301112v1_genomic_prodigal_proteins	3076	GCA_003209135.1_ASM320913v1_genomic_prodigal_proteins	1719	772	62.10	13.50	44.91
GCA_003011125.1_ASM301112v1_genomic_prodigal_proteins	3076	GCA_009845105.1_ASM984510v1_genomic_prodigal_proteins	1941	908	60.19	12.63	46.78
GCA_003011125.1_ASM301112v1_genomic_prodigal_proteins	3076	GCA_002690325.1_ASM269032v1_genomic_prodigal_proteins	2554	1323	62.43	13.29	51.80
GCA_003011125.1_ASM301112v1_genomic_prodigal_proteins	3076	GCA_000161795.2_ASM16179v2_genomic_prodigal_proteins	2407	1426	63.72	13.65	59.24
GCA_003011125.1_ASM301112v1_genomic_prodigal_proteins	3076	GCA_004211895.1_ASM421189v1_genomic_prodigal_proteins	954	578	63.82	13.37	60.59
GCA_003011125.1_ASM301112v1_genomic_prodigal_proteins	3076	GCA_003210735.1_ASM321073v1_genomic_prodigal_proteins	2337	1072	62.35	13.71	45.87
GCA_003011125.1_ASM301112v1_genomic_prodigal_proteins	3076	GCA_003209035.1_ASM320903v1_genomic_prodigal_proteins	1803	787	62.99	13.83	43.65
GCA_003011125.1_ASM301112v1_genomic_prodigal_proteins	3076	GCA_003712085.1_ASM371208v1_genomic_prodigal_proteins	2745	1485	63.33	13.80	54.10
GCA_003011125.1_ASM301112v1_genomic_prodigal_proteins	3076	GCA_003212155.1_ASM321215v1_genomic_prodigal_proteins	262	106	67.45	14.91	40.46
GCA_003011125.1_ASM301112v1_genomic_prodigal_proteins	3076	GCA_001040845.1_ASM104084v1_genomic_prodigal_proteins	2917	1494	63.26	13.66	51.22
GCA_003011125.1_ASM301112v1_genomic_prodigal_proteins	3076	GCA_002018015.1_ASM201801v1_genomic_prodigal_proteins	1578	879	61.36	12.58	55.70
GCA_003011125.1_ASM301112v1_genomic_prodigal_proteins	3076	GCA_003211255.1_ASM321125v1_genomic_prodigal_proteins	1850	811	62.18	13.59	43.84
GCA_003011125.1_ASM301112v1_genomic_prodigal_proteins	3076	GCA_002721235.1_ASM272123v1_genomic_prodigal_proteins	3119	1047	53.04	12.69	34.04
GCA_003011125.1_ASM301112v1_genomic_prodigal_proteins	3076	GCA_009839305.1_ASM983930v1_genomic_prodigal_proteins	1816	856	60.89	13.00	47.14
GCA_003011125.1_ASM301112v1_genomic_prodigal_proteins	3076	GCA_011365345.1_ASM1136534v1_genomic_prodigal_proteins	2655	1466	63.51	13.78	55.22
GCA_003011125.1_ASM301112v1_genomic_prodigal_proteins	3076	GCA_001039265.1_ASM103926v1_genomic_prodigal_proteins	2832	1106	67.00	13.50	39.05
GCA_003011125.1_ASM301112v1_genomic_prodigal_proteins	3076	GCA_001628325.1_ASM162832v1_genomic_prodigal_proteins	2129	1303	63.52	13.50	61.20
GCA_003011125.1_ASM301112v1_genomic_prodigal_proteins	3076	GCA_003209215.1_ASM320921v1_genomic_prodigal_proteins	1679	738	63.23	13.80	43.95
GCA_003011125.1_ASM301112v1_genomic_prodigal_proteins	3076	GCA_002737305.1_ASM273730v1_genomic_prodigal_proteins	1951	1221	66.39	13.54	62.58
GCA_003011125.1_ASM301112v1_genomic_prodigal_proteins	3076	GCA_003210515.1_ASM321051v1_genomic_prodigal_proteins	1673	809	62.44	13.88	48.36
GCA_003011125.1_ASM301112v1_genomic_prodigal_proteins	3076	GCA_011525445.1_ASM1152544v1_genomic_prodigal_proteins	3208	1227	62.17	13.61	39.89
GCA_003011125.1_ASM301112v1_genomic_prodigal_proteins	3076	GCA_902599435.1_AG-916-N22_genomic_prodigal_proteins	793	365	64.40	14.96	46.03
GCA_003011125.1_ASM301112v1_genomic_prodigal_proteins	3076	GCA_003149585.1_ASM314958v1_genomic_prodigal_proteins	2600	1566	65.33	13.65	60.23
GCA_003011125.1_ASM301112v1_genomic_prodigal_proteins	3076	GCA_902560665.1_AG-905-O11_genomic_prodigal_proteins	401	150	64.58	14.77	37.41
GCA_003011125.1_ASM301112v1_genomic_prodigal_proteins	3076	GCA_003331795.1_ASM333179v1_genomic_prodigal_proteins	1948	1344	69.62	13.14	68.99
GCA_003011125.1_ASM301112v1_genomic_prodigal_proteins	3076	GCA_002017955.1_ASM201795v1_genomic_prodigal_proteins	512	262	60.08	12.80	51.17
GCA_003011125.1_ASM301112v1_genomic_prodigal_proteins	3076	GCA_902584485.1_AG-912-O23_genomic_prodigal_proteins	535	217	60.70	14.70	40.56
GCA_003011125.1_ASM301112v1_genomic_prodigal_proteins	3076	GCA_902527915.1_AG-896-G19_genomic_prodigal_proteins	1003	469	63.28	14.23	46.76
GCA_003011125.1_ASM301112v1_genomic_prodigal_proteins	3076	GCA_902635365.1_AG-447-D19_genomic_prodigal_proteins	1690	695	63.37	14.10	41.12
GCA_003011125.1_ASM301112v1_genomic_prodigal_proteins	3076	GCA_900474085.1_UW86_genomic_prodigal_proteins	2403	1447	63.50	13.77	60.22
GCA_003011125.1_ASM301112v1_genomic_prodigal_proteins	3076	GCA_001885215.1_ASM188521v1_genomic_prodigal_proteins	2897	1578	65.32	13.22	54.47
GCA_003011125.1_ASM301112v1_genomic_prodigal_proteins	3076	GCA_902575935.1_AG-426-B22_genomic_prodigal_proteins	254	129	67.38	14.58	50.79
GCA_003011125.1_ASM301112v1_genomic_prodigal_proteins	3076	GCA_900474295.1_UW140_genomic_prodigal_proteins	2925	1490	63.52	13.81	50.94
GCA_003011125.1_ASM301112v1_genomic_prodigal_proteins	3076	GCA_003211565.1_ASM321156v1_genomic_prodigal_proteins	1489	637	62.64	14.19	42.78
GCA_003011125.1_ASM301112v1_genomic_prodigal_proteins	3076	GCA_003526105.1_ASM352610v1_genomic_prodigal_proteins	1581	785	64.21	13.62	49.65
GCA_003011125.1_ASM301112v1_genomic_prodigal_proteins	3076	GCA_002172935.1_ASM217293v1_genomic_prodigal_proteins	1996	1172	62.73	13.62	58.72
GCA_003011125.1_ASM301112v1_genomic_prodigal_proteins	3076	GCA_003210335.1_ASM321033v1_genomic_prodigal_proteins	942	289	61.75	14.29	30.68
GCA_003011125.1_ASM301112v1_genomic_prodigal_proteins	3076	GCA_009846115.1_ASM984611v1_genomic_prodigal_proteins	2048	1013	60.29	12.78	49.46
GCA_003011125.1_ASM301112v1_genomic_prodigal_proteins	3076	GCA_001693295.1_ASM169329v1_genomic_prodigal_proteins	3183	1048	53.07	12.70	34.07
GCA_003011125.1_ASM301112v1_genomic_prodigal_proteins	3076	GCA_900473965.1_UW179A_genomic_prodigal_proteins	3383	1496	63.03	13.75	48.63
GCA_003011125.1_ASM301112v1_genomic_prodigal_proteins	3076	GCA_003213755.1_ASM321375v1_genomic_prodigal_proteins	1050	593	68.80	13.75	56.48
GCA_003011125.1_ASM301112v1_genomic_prodigal_proteins	3076	GCA_003209155.1_ASM320915v1_genomic_prodigal_proteins	2305	1123	62.99	13.49	48.72
GCA_003011125.1_ASM301112v1_genomic_prodigal_proteins	3076	GCA_003211515.1_ASM321151v1_genomic_prodigal_proteins	2451	959	62.34	13.76	39.13
GCA_003011125.1_ASM301112v1_genomic_prodigal_proteins	3076	GCA_002693285.1_ASM269328v1_genomic_prodigal_proteins	2440	1307	62.71	13.62	53.57
GCA_003011125.1_ASM301112v1_genomic_prodigal_proteins	3076	GCA_003210555.1_ASM321055v1_genomic_prodigal_proteins	1847	847	62.85	13.72	45.86
GCA_003011125.1_ASM301112v1_genomic_prodigal_proteins	3076	GCA_000155595.1_ASM15559v1_genomic_prodigal_proteins	5270	1058	52.73	12.45	34.40
GCA_003011125.1_ASM301112v1_genomic_prodigal_proteins	3076	GCA_001007665.1_ASM100766v1_genomic_prodigal_proteins	2356	1167	60.21	12.56	49.53
GCA_003011125.1_ASM301112v1_genomic_prodigal_proteins	3076	GCA_009919765.1_ASM991976v1_genomic_prodigal_proteins	2524	1136	69.71	13.09	45.01
GCA_003011125.1_ASM301112v1_genomic_prodigal_proteins	3076	GCA_003331225.1_ASM333122v1_genomic_prodigal_proteins	2113	1467	69.96	13.07	69.43
GCA_003011125.1_ASM301112v1_genomic_prodigal_proteins	3076	GCA_900177825.1_IMG-taxon_2708742468_annotated_assembly_genomic_prodigal_proteins	3317	1044	52.96	12.75	33.94
GCA_003011125.1_ASM301112v1_genomic_prodigal_proteins	3076	GCA_000195975.1_ASM19597v1_genomic_prodigal_proteins	2719	1488	63.46	13.76	54.73
GCA_003011125.1_ASM301112v1_genomic_prodigal_proteins	3076	GCA_902618885.1_AG-920-D15_genomic_prodigal_proteins	1178	552	64.37	14.46	46.86
GCA_003011125.1_ASM301112v1_genomic_prodigal_proteins	3076	GCA_003209165.1_ASM320916v1_genomic_prodigal_proteins	2711	1246	63.33	13.85	45.96
GCA_003011125.1_ASM301112v1_genomic_prodigal_proteins	3076	GCA_001007625.1_ASM100762v1_genomic_prodigal_proteins	2478	1022	60.80	12.71	41.24
GCA_003011125.1_ASM301112v1_genomic_prodigal_proteins	3076	GCA_008386235.1_ASM838623v1_genomic_prodigal_proteins	2571	1019	53.46	12.25	39.63
GCA_003011125.1_ASM301112v1_genomic_prodigal_proteins	3076	GCA_001631935.1_ASM163193v1_genomic_prodigal_proteins	3526	1495	62.99	13.78	48.60
GCA_003011125.1_ASM301112v1_genomic_prodigal_proteins	3076	GCA_002151525.1_ASM215152v1_genomic_prodigal_proteins	1628	1441	94.77	5.17	88.51
GCA_003011125.1_ASM301112v1_genomic_prodigal_proteins	3076	GCA_000153065.1_ASM15306v1_genomic_prodigal_proteins	2704	1611	64.05	13.87	59.58
GCA_003011125.1_ASM301112v1_genomic_prodigal_proteins	3076	GCA_009837265.1_ASM983726v1_genomic_prodigal_proteins	2126	1084	60.44	12.65	50.99
GCA_003011125.1_ASM301112v1_genomic_prodigal_proteins	3076	GCA_902533725.1_AG-898-C20_genomic_prodigal_proteins	421	121	64.34	14.59	28.74
GCA_003011125.1_ASM301112v1_genomic_prodigal_proteins	3076	GCA_002171075.2_ASM217107v2_genomic_prodigal_proteins	1919	1269	68.20	12.54	66.13
GCA_003011125.1_ASM301112v1_genomic_prodigal_proteins	3076	GCA_002760395.1_ASM276039v1_genomic_prodigal_proteins	2661	907	52.35	11.68	34.08
GCA_003011125.1_ASM301112v1_genomic_prodigal_proteins	3076	GCA_003209005.1_ASM320900v1_genomic_prodigal_proteins	2548	1229	62.61	13.77	48.23
GCA_003011125.1_ASM301112v1_genomic_prodigal_proteins	3076	GCA_002017915.1_ASM201791v1_genomic_prodigal_proteins	623	312	62.78	13.52	50.08
GCA_003011125.1_ASM301112v1_genomic_prodigal_proteins	3076	GCA_900047545.1_m9_genomic_prodigal_proteins	1575	885	60.43	12.52	56.19
GCA_003011125.1_ASM301112v1_genomic_prodigal_proteins	3076	GCA_001632105.1_ASM163210v1_genomic_prodigal_proteins	3521	1501	62.96	13.80	48.80
GCA_003011125.1_ASM301112v1_genomic_prodigal_proteins	3076	GCA_004212765.1_ASM421276v1_genomic_prodigal_proteins	1162	721	63.11	13.59	62.05
GCA_003011125.1_ASM301112v1_genomic_prodigal_proteins	3076	GCA_002685515.1_ASM268551v1_genomic_prodigal_proteins	1286	786	62.22	13.29	61.12
GCA_003011125.1_ASM301112v1_genomic_prodigal_proteins	3076	GCA_007828135.1_ASM782813v1_genomic_prodigal_proteins	2917	1578	65.33	13.24	54.10
GCA_003011125.1_ASM301112v1_genomic_prodigal_proteins	3076	GCA_011047875.1_ASM1104787v1_genomic_prodigal_proteins	2810	924	52.34	11.70	32.88
GCA_003011125.1_ASM301112v1_genomic_prodigal_proteins	3076	GCA_009840445.1_ASM984044v1_genomic_prodigal_proteins	2167	1176	60.57	12.62	54.27
GCA_003011125.1_ASM301112v1_genomic_prodigal_proteins	3076	GCA_003210995.1_ASM321099v1_genomic_prodigal_proteins	2385	1071	63.16	13.87	44.91
GCA_003011125.1_ASM301112v1_genomic_prodigal_proteins	3076	GCA_902616995.1_AG-919-L20_genomic_prodigal_proteins	654	282	63.26	13.45	43.12
GCA_003011125.1_ASM301112v1_genomic_prodigal_proteins	3076	GCA_009845825.1_ASM984582v1_genomic_prodigal_proteins	2168	992	60.71	12.42	45.76
GCA_003011125.1_ASM301112v1_genomic_prodigal_proteins	3076	GCA_000515235.1_ASM51523v1_genomic_prodigal_proteins	2873	1475	63.02	13.86	51.34
GCA_003011125.1_ASM301112v1_genomic_prodigal_proteins	3076	GCA_003523965.1_ASM352396v1_genomic_prodigal_proteins	1735	759	61.57	12.66	43.75
GCA_003011125.1_ASM301112v1_genomic_prodigal_proteins	3076	GCA_002684175.1_ASM268417v1_genomic_prodigal_proteins	1819	884	61.38	13.24	48.60
GCA_003011125.1_ASM301112v1_genomic_prodigal_proteins	3076	GCA_011523295.1_ASM1152329v1_genomic_prodigal_proteins	2851	1138	61.67	13.49	39.92
GCA_003011125.1_ASM301112v1_genomic_prodigal_proteins	3076	GCA_003211015.1_ASM321101v1_genomic_prodigal_proteins	2128	1083	62.86	13.39	50.89
GCA_003011125.1_ASM301112v1_genomic_prodigal_proteins	3076	GCA_002006815.1_ASM200681v1_genomic_prodigal_proteins	1973	1845	97.15	3.67	93.51
GCA_002252635.1_ASM225263v1_genomic_prodigal_proteins	3011	GCA_009838425.1_ASM983842v1_genomic_prodigal_proteins	1544	757	62.24	12.47	49.03
GCA_002252635.1_ASM225263v1_genomic_prodigal_proteins	3011	GCA_900473895.1_N32_genomic_prodigal_proteins	2509	1595	66.58	13.68	63.57
GCA_002252635.1_ASM225263v1_genomic_prodigal_proteins	3011	GCA_003210495.1_ASM321049v1_genomic_prodigal_proteins	1134	533	64.35	13.17	47.00
GCA_002252635.1_ASM225263v1_genomic_prodigal_proteins	3011	GCA_003011125.1_ASM301112v1_genomic_prodigal_proteins	3076	1595	65.59	13.59	52.97
GCA_002252635.1_ASM225263v1_genomic_prodigal_proteins	3011	GCA_900177365.1_IMG-taxon_2708742537_annotated_assembly_genomic_prodigal_proteins	3310	1176	53.83	12.87	39.06
GCA_002252635.1_ASM225263v1_genomic_prodigal_proteins	3011	GCA_002760445.1_ASM276044v1_genomic_prodigal_proteins	2661	1000	53.52	11.92	37.58
GCA_002252635.1_ASM225263v1_genomic_prodigal_proteins	3011	GCA_900474185.1_UW69_genomic_prodigal_proteins	2629	1619	66.04	13.86	61.58
GCA_002252635.1_ASM225263v1_genomic_prodigal_proteins	3011	GCA_003210775.1_ASM321077v1_genomic_prodigal_proteins	2665	1174	65.41	13.80	44.05
GCA_002252635.1_ASM225263v1_genomic_prodigal_proteins	3011	GCA_002700765.1_ASM270076v1_genomic_prodigal_proteins	2134	1244	65.47	13.88	58.29
GCA_002252635.1_ASM225263v1_genomic_prodigal_proteins	3011	GCA_902599585.1_AG-916-O11_genomic_prodigal_proteins	1470	786	67.64	13.66	53.47
GCA_002252635.1_ASM225263v1_genomic_prodigal_proteins	3011	GCA_900474045.1_N19_genomic_prodigal_proteins	2484	1538	66.91	13.44	61.92
GCA_002252635.1_ASM225263v1_genomic_prodigal_proteins	3011	GCA_003210815.1_ASM321081v1_genomic_prodigal_proteins	2087	1030	65.08	13.69	49.35
GCA_002252635.1_ASM225263v1_genomic_prodigal_proteins	3011	GCA_900473955.1_GEYO_genomic_prodigal_proteins	2674	1611	65.81	13.78	60.25
GCA_002252635.1_ASM225263v1_genomic_prodigal_proteins	3011	GCA_002167425.2_ASM216742v2_genomic_prodigal_proteins	2822	1394	65.37	13.47	49.40
GCA_002252635.1_ASM225263v1_genomic_prodigal_proteins	3011	GCA_009844645.1_ASM984464v1_genomic_prodigal_proteins	1983	1120	62.67	12.36	56.48
GCA_002252635.1_ASM225263v1_genomic_prodigal_proteins	3011	GCA_008081095.1_ASM808109v1_genomic_prodigal_proteins	1533	860	66.98	13.31	56.10
GCA_002252635.1_ASM225263v1_genomic_prodigal_proteins	3011	GCA_000014585.1_ASM1458v1_genomic_prodigal_proteins	2879	1633	65.79	13.90	56.72
GCA_002252635.1_ASM225263v1_genomic_prodigal_proteins	3011	GCA_000317085.1_ASM31708v1_genomic_prodigal_proteins	3673	1094	52.43	12.27	36.33
GCA_002252635.1_ASM225263v1_genomic_prodigal_proteins	3011	GCA_013133755.1_ASM1313375v1_genomic_prodigal_proteins	2700	1593	65.91	13.91	59.00
GCA_002252635.1_ASM225263v1_genomic_prodigal_proteins	3011	GCA_003210475.1_ASM321047v1_genomic_prodigal_proteins	1514	794	65.61	13.64	52.44
GCA_002252635.1_ASM225263v1_genomic_prodigal_proteins	3011	GCA_003208815.1_ASM320881v1_genomic_prodigal_proteins	1352	621	65.22	13.67	45.93
GCA_002252635.1_ASM225263v1_genomic_prodigal_proteins	3011	GCA_000012505.1_ASM1250v1_genomic_prodigal_proteins	2461	1567	65.97	13.73	63.67
GCA_002252635.1_ASM225263v1_genomic_prodigal_proteins	3011	GCA_000153825.1_ASM15382v1_genomic_prodigal_proteins	2811	1647	66.80	13.78	58.59
GCA_002252635.1_ASM225263v1_genomic_prodigal_proteins	3011	GCA_002760475.1_ASM276047v1_genomic_prodigal_proteins	2647	998	53.42	11.91	37.70
GCA_002252635.1_ASM225263v1_genomic_prodigal_proteins	3011	GCA_003210565.1_ASM321056v1_genomic_prodigal_proteins	836	393	66.32	14.34	47.01
GCA_002252635.1_ASM225263v1_genomic_prodigal_proteins	3011	GCA_902618505.1_AG-892-K03_genomic_prodigal_proteins	959	355	67.55	14.75	37.02
GCA_002252635.1_ASM225263v1_genomic_prodigal_proteins	3011	GCA_005577135.1_ASM557713v1_genomic_prodigal_proteins	3356	1184	53.79	12.84	39.32
GCA_002252635.1_ASM225263v1_genomic_prodigal_proteins	3011	GCA_003846445.1_ASM384644v1_genomic_prodigal_proteins	2740	1308	56.54	13.17	47.74
GCA_002252635.1_ASM225263v1_genomic_prodigal_proteins	3011	GCA_000505665.1_ASM50566v1_genomic_prodigal_proteins	2466	1089	54.46	12.39	44.16
GCA_002252635.1_ASM225263v1_genomic_prodigal_proteins	3011	GCA_902616255.1_AG-919-I18_genomic_prodigal_proteins	1046	513	65.72	13.81	49.04
GCA_002252635.1_ASM225263v1_genomic_prodigal_proteins	3011	GCA_001182765.1_WH8103.1_genomic_prodigal_proteins	2676	1615	66.85	13.64	60.35
GCA_002252635.1_ASM225263v1_genomic_prodigal_proteins	3011	GCA_002760375.1_ASM276037v1_genomic_prodigal_proteins	2702	1000	53.50	11.93	37.01
GCA_002252635.1_ASM225263v1_genomic_prodigal_proteins	3011	GCA_902592305.1_AG-914-O22_genomic_prodigal_proteins	179	92	67.04	14.10	51.40
GCA_002252635.1_ASM225263v1_genomic_prodigal_proteins	3011	GCA_001632165.1_ASM163216v1_genomic_prodigal_proteins	2830	1596	65.95	13.78	56.40
GCA_002252635.1_ASM225263v1_genomic_prodigal_proteins	3011	GCA_004332405.1_ASM433240v1_genomic_prodigal_proteins	2437	1648	67.49	13.89	67.62
GCA_002252635.1_ASM225263v1_genomic_prodigal_proteins	3011	GCA_900473975.1_N26_genomic_prodigal_proteins	2454	1546	67.01	13.57	63.00
GCA_002252635.1_ASM225263v1_genomic_prodigal_proteins	3011	GCA_902612475.1_AG-918-G20_genomic_prodigal_proteins	502	189	64.01	13.98	37.65
GCA_002252635.1_ASM225263v1_genomic_prodigal_proteins	3011	GCA_000775285.1_ASM77528v1_genomic_prodigal_proteins	4812	1099	54.48	12.67	36.50
GCA_002252635.1_ASM225263v1_genomic_prodigal_proteins	3011	GCA_002698505.1_ASM269850v1_genomic_prodigal_proteins	2471	1485	66.05	13.63	60.10
GCA_002252635.1_ASM225263v1_genomic_prodigal_proteins	3011	GCA_002252665.1_ASM225266v1_genomic_prodigal_proteins	2771	1800	71.67	12.69	64.96
GCA_002252635.1_ASM225263v1_genomic_prodigal_proteins	3011	GCA_003555505.1_ASM355550v1_genomic_prodigal_proteins	3351	806	55.06	12.81	26.77
GCA_002252635.1_ASM225263v1_genomic_prodigal_proteins	3011	GCA_900474015.1_UW106_genomic_prodigal_proteins	2762	1614	66.13	13.74	58.44
GCA_002252635.1_ASM225263v1_genomic_prodigal_proteins	3011	GCA_000715475.1_ASM71547v1_genomic_prodigal_proteins	3299	1164	53.94	12.79	38.66
GCA_002252635.1_ASM225263v1_genomic_prodigal_proteins	3011	GCA_001628295.1_ASM162829v1_genomic_prodigal_proteins	2145	1440	67.02	13.38	67.13
GCA_002252635.1_ASM225263v1_genomic_prodigal_proteins	3011	GCA_003208775.1_ASM320877v1_genomic_prodigal_proteins	1808	961	66.04	13.87	53.15
GCA_002252635.1_ASM225263v1_genomic_prodigal_proteins	3011	GCA_003210975.1_ASM321097v1_genomic_prodigal_proteins	627	357	66.37	14.04	56.94
GCA_002252635.1_ASM225263v1_genomic_prodigal_proteins	3011	GCA_003208915.1_ASM320891v1_genomic_prodigal_proteins	1208	568	65.33	13.68	47.02
GCA_002252635.1_ASM225263v1_genomic_prodigal_proteins	3011	GCA_009837735.1_ASM983773v1_genomic_prodigal_proteins	2041	964	62.61	12.45	47.23
GCA_002252635.1_ASM225263v1_genomic_prodigal_proteins	3011	GCA_902548805.1_AG-901-N20_genomic_prodigal_proteins	158	63	67.59	15.98	39.87
GCA_002252635.1_ASM225263v1_genomic_prodigal_proteins	3011	GCA_003211235.1_ASM321123v1_genomic_prodigal_proteins	1698	848	65.53	14.01	49.94
GCA_002252635.1_ASM225263v1_genomic_prodigal_proteins	3011	GCA_004209775.1_ASM420977v1_genomic_prodigal_proteins	2798	1752	67.43	13.87	62.62
GCA_002252635.1_ASM225263v1_genomic_prodigal_proteins	3011	GCA_003283215.1_ASM328321v1_genomic_prodigal_proteins	239	46	68.44	15.63	19.25
GCA_002252635.1_ASM225263v1_genomic_prodigal_proteins	3011	GCA_003209555.1_ASM320955v1_genomic_prodigal_proteins	908	377	65.92	14.40	41.52
GCA_002252635.1_ASM225263v1_genomic_prodigal_proteins	3011	GCA_000153805.1_ASM15380v1_genomic_prodigal_proteins	2517	1567	65.77	13.80	62.26
GCA_002252635.1_ASM225263v1_genomic_prodigal_proteins	3011	GCA_003283205.1_ASM328320v1_genomic_prodigal_proteins	274	60	66.77	14.88	21.90
GCA_002252635.1_ASM225263v1_genomic_prodigal_proteins	3011	GCA_900473925.1_N5_genomic_prodigal_proteins	2417	1525	66.84	13.60	63.09
GCA_002252635.1_ASM225263v1_genomic_prodigal_proteins	3011	GCA_902592665.1_AG-447-E14_genomic_prodigal_proteins	1111	442	64.72	14.62	39.78
GCA_002252635.1_ASM225263v1_genomic_prodigal_proteins	3011	GCA_011523155.1_ASM1152315v1_genomic_prodigal_proteins	2101	1125	65.14	12.98	53.55
GCA_002252635.1_ASM225263v1_genomic_prodigal_proteins	3011	GCA_003211275.1_ASM321127v1_genomic_prodigal_proteins	2168	1099	65.23	13.84	50.69
GCA_002252635.1_ASM225263v1_genomic_prodigal_proteins	3011	GCA_003957805.1_ASM395780v1_genomic_prodigal_proteins	2887	1355	56.42	13.20	46.93
GCA_002252635.1_ASM225263v1_genomic_prodigal_proteins	3011	GCA_012270465.1_ASM1227046v1_genomic_prodigal_proteins	2311	1297	66.03	13.26	56.12
GCA_002252635.1_ASM225263v1_genomic_prodigal_proteins	3011	GCA_001693255.1_ASM169325v1_genomic_prodigal_proteins	3177	1186	53.81	12.84	39.39
GCA_002252635.1_ASM225263v1_genomic_prodigal_proteins	3011	GCA_003210385.1_ASM321038v1_genomic_prodigal_proteins	286	187	65.63	13.85	65.38
GCA_002252635.1_ASM225263v1_genomic_prodigal_proteins	3011	GCA_002170705.1_ASM217070v1_genomic_prodigal_proteins	1392	863	66.53	12.99	62.00
GCA_002252635.1_ASM225263v1_genomic_prodigal_proteins	3011	GCA_002356215.1_ASM235621v1_genomic_prodigal_proteins	2953	1188	53.69	12.80	40.23
GCA_002252635.1_ASM225263v1_genomic_prodigal_proteins	3011	GCA_003210935.1_ASM321093v1_genomic_prodigal_proteins	1868	1058	65.87	13.91	56.64
GCA_002252635.1_ASM225263v1_genomic_prodigal_proteins	3011	GCA_003210535.1_ASM321053v1_genomic_prodigal_proteins	1257	591	65.08	13.53	47.02
GCA_002252635.1_ASM225263v1_genomic_prodigal_proteins	3011	GCA_002724845.1_ASM272484v1_genomic_prodigal_proteins	1589	1103	66.29	13.28	69.41
GCA_002252635.1_ASM225263v1_genomic_prodigal_proteins	3011	GCA_000153285.1_ASM15328v1_genomic_prodigal_proteins	2746	1669	66.27	14.10	60.78
GCA_002252635.1_ASM225263v1_genomic_prodigal_proteins	3011	GCA_003211035.1_ASM321103v1_genomic_prodigal_proteins	530	269	64.65	13.58	50.75
GCA_002252635.1_ASM225263v1_genomic_prodigal_proteins	3011	GCA_001521855.1_ASM152185v1_genomic_prodigal_proteins	3144	1190	53.82	12.77	39.52
GCA_002252635.1_ASM225263v1_genomic_prodigal_proteins	3011	GCA_009835965.1_ASM983596v1_genomic_prodigal_proteins	2105	1180	62.68	12.37	56.06
GCA_002252635.1_ASM225263v1_genomic_prodigal_proteins	3011	GCA_012269695.1_ASM1226969v1_genomic_prodigal_proteins	2043	1113	66.26	13.18	54.48
GCA_002252635.1_ASM225263v1_genomic_prodigal_proteins	3011	GCA_000737535.1_ASM73753v1_genomic_prodigal_proteins	3013	1622	66.30	13.87	53.87
GCA_002252635.1_ASM225263v1_genomic_prodigal_proteins	3011	GCA_000586015.1_SynSpo.0_genomic_prodigal_proteins	1907	942	62.97	12.98	49.40
GCA_002252635.1_ASM225263v1_genomic_prodigal_proteins	3011	GCA_002760345.1_ASM276034v1_genomic_prodigal_proteins	2731	1019	53.37	11.99	37.31
GCA_002252635.1_ASM225263v1_genomic_prodigal_proteins	3011	GCA_000013225.1_ASM1322v1_genomic_prodigal_proteins	2844	1024	53.14	12.03	36.01
GCA_002252635.1_ASM225263v1_genomic_prodigal_proteins	3011	GCA_000332275.1_ASM33227v1_genomic_prodigal_proteins	4564	1135	52.23	12.14	37.70
GCA_002252635.1_ASM225263v1_genomic_prodigal_proteins	3011	GCA_002252675.1_ASM225267v1_genomic_prodigal_proteins	3295	2124	72.11	13.08	70.54
GCA_002252635.1_ASM225263v1_genomic_prodigal_proteins	3011	GCA_000737575.1_ASM73757v1_genomic_prodigal_proteins	2662	1627	66.72	13.77	61.12
GCA_002252635.1_ASM225263v1_genomic_prodigal_proteins	3011	GCA_902596755.1_AG-916-D19_genomic_prodigal_proteins	1152	573	66.36	13.82	49.74
GCA_002252635.1_ASM225263v1_genomic_prodigal_proteins	3011	GCA_003211455.1_ASM321145v1_genomic_prodigal_proteins	1186	559	65.80	13.76	47.13
GCA_002252635.1_ASM225263v1_genomic_prodigal_proteins	3011	GCA_003208755.1_ASM320875v1_genomic_prodigal_proteins	690	359	66.05	13.98	52.03
GCA_002252635.1_ASM225263v1_genomic_prodigal_proteins	3011	GCA_007571215.1_ASM757121v1_genomic_prodigal_proteins	1879	1169	62.03	12.66	62.21
GCA_002252635.1_ASM225263v1_genomic_prodigal_proteins	3011	GCA_001007635.1_ASM100763v1_genomic_prodigal_proteins	2333	1094	62.27	12.56	46.89
GCA_002252635.1_ASM225263v1_genomic_prodigal_proteins	3011	GCA_000179255.1_ASM17925v1_genomic_prodigal_proteins	2729	1722	69.75	13.19	63.10
GCA_002252635.1_ASM225263v1_genomic_prodigal_proteins	3011	GCA_003208975.1_ASM320897v1_genomic_prodigal_proteins	1804	827	65.64	13.41	45.84
GCA_002252635.1_ASM225263v1_genomic_prodigal_proteins	3011	GCA_012103655.1_ASM1210365v1_genomic_prodigal_proteins	2723	1640	65.88	13.86	60.23
GCA_002252635.1_ASM225263v1_genomic_prodigal_proteins	3011	GCA_902582045.1_AG-912-B07_genomic_prodigal_proteins	196	49	67.68	14.52	25.00
GCA_002252635.1_ASM225263v1_genomic_prodigal_proteins	3011	GCA_000153045.1_ASM15304v1_genomic_prodigal_proteins	3242	2061	74.44	12.92	68.45
GCA_002252635.1_ASM225263v1_genomic_prodigal_proteins	3011	GCA_902549675.1_AG-903-B09_genomic_prodigal_proteins	836	384	66.99	14.24	45.93
GCA_002252635.1_ASM225263v1_genomic_prodigal_proteins	3011	GCA_002018045.1_ASM201804v1_genomic_prodigal_proteins	1559	924	63.27	12.32	59.27
GCA_002252635.1_ASM225263v1_genomic_prodigal_proteins	3011	GCA_004213055.1_ASM421305v1_genomic_prodigal_proteins	2241	1435	66.72	13.69	64.03
GCA_002252635.1_ASM225263v1_genomic_prodigal_proteins	3011	GCA_007571085.1_ASM757108v1_genomic_prodigal_proteins	1784	1149	62.03	12.69	64.41
GCA_002252635.1_ASM225263v1_genomic_prodigal_proteins	3011	GCA_009839805.1_ASM983980v1_genomic_prodigal_proteins	1848	800	60.60	12.19	43.29
GCA_002252635.1_ASM225263v1_genomic_prodigal_proteins	3011	GCA_003210375.1_ASM321037v1_genomic_prodigal_proteins	2155	1141	65.45	13.60	52.95
GCA_002252635.1_ASM225263v1_genomic_prodigal_proteins	3011	GCA_004332415.1_ASM433241v1_genomic_prodigal_proteins	2408	1669	67.45	13.88	69.31
GCA_002252635.1_ASM225263v1_genomic_prodigal_proteins	3011	GCA_009836025.1_ASM983602v1_genomic_prodigal_proteins	2290	1193	62.38	12.58	52.10
GCA_002252635.1_ASM225263v1_genomic_prodigal_proteins	3011	GCA_009843455.1_ASM984345v1_genomic_prodigal_proteins	2423	1169	62.36	12.36	48.25
GCA_002252635.1_ASM225263v1_genomic_prodigal_proteins	3011	GCA_009843485.1_ASM984348v1_genomic_prodigal_proteins	2158	1184	62.63	12.46	54.87
GCA_002252635.1_ASM225263v1_genomic_prodigal_proteins	3011	GCA_003283135.1_ASM328313v1_genomic_prodigal_proteins	459	136	63.22	15.36	29.63
GCA_002252635.1_ASM225263v1_genomic_prodigal_proteins	3011	GCA_902635485.1_AG-447-G23_genomic_prodigal_proteins	327	104	63.27	15.60	31.80
GCA_002252635.1_ASM225263v1_genomic_prodigal_proteins	3011	GCA_002760415.1_ASM276041v1_genomic_prodigal_proteins	2670	1003	53.43	11.95	37.57
GCA_002252635.1_ASM225263v1_genomic_prodigal_proteins	3011	GCA_002754935.1_ASM275493v1_genomic_prodigal_proteins	2664	1077	54.10	12.47	40.43
GCA_002252635.1_ASM225263v1_genomic_prodigal_proteins	3011	GCA_002171685.2_ASM217168v2_genomic_prodigal_proteins	811	598	66.86	13.35	73.74
GCA_002252635.1_ASM225263v1_genomic_prodigal_proteins	3011	GCA_000737595.1_ASM73759v1_genomic_prodigal_proteins	2774	1627	66.37	13.68	58.65
GCA_002252635.1_ASM225263v1_genomic_prodigal_proteins	3011	GCA_003331785.1_ASM333178v1_genomic_prodigal_proteins	2125	1450	66.36	13.66	68.24
GCA_002252635.1_ASM225263v1_genomic_prodigal_proteins	3011	GCA_009842265.1_ASM984226v1_genomic_prodigal_proteins	2398	1186	62.40	12.42	49.46
GCA_002252635.1_ASM225263v1_genomic_prodigal_proteins	3011	GCA_902579345.1_AG-911-L15_genomic_prodigal_proteins	248	68	64.79	16.01	27.42
GCA_002252635.1_ASM225263v1_genomic_prodigal_proteins	3011	GCA_000011345.1_ASM1134v1_genomic_prodigal_proteins	2520	1101	54.59	12.35	43.69
GCA_002252635.1_ASM225263v1_genomic_prodigal_proteins	3011	GCA_003210705.1_ASM321070v1_genomic_prodigal_proteins	2244	1200	65.21	13.92	53.48
GCA_002252635.1_ASM225263v1_genomic_prodigal_proteins	3011	GCA_000019485.1_ASM1948v1_genomic_prodigal_proteins	3233	1193	53.78	12.83	39.62
GCA_002252635.1_ASM225263v1_genomic_prodigal_proteins	3011	GCA_003283055.1_ASM328305v1_genomic_prodigal_proteins	482	67	61.89	16.15	13.90
GCA_002252635.1_ASM225263v1_genomic_prodigal_proteins	3011	GCA_000010065.1_ASM1006v1_genomic_prodigal_proteins	2691	1336	56.49	13.17	49.65
GCA_002252635.1_ASM225263v1_genomic_prodigal_proteins	3011	GCA_000316685.1_ASM31668v1_genomic_prodigal_proteins	3706	1197	53.71	12.58	39.75
GCA_002252635.1_ASM225263v1_genomic_prodigal_proteins	3011	GCA_000063525.1_ASM6352v1_genomic_prodigal_proteins	2540	1635	66.59	13.84	64.37
GCA_002252635.1_ASM225263v1_genomic_prodigal_proteins	3011	GCA_003283165.1_ASM328316v1_genomic_prodigal_proteins	217	63	67.92	14.24	29.03
GCA_002252635.1_ASM225263v1_genomic_prodigal_proteins	3011	GCA_902540675.1_AG-359-E22_genomic_prodigal_proteins	584	253	67.01	15.39	43.32
GCA_002252635.1_ASM225263v1_genomic_prodigal_proteins	3011	GCA_011055065.1_ASM1105506v1_genomic_prodigal_proteins	2792	976	53.09	12.16	34.96
GCA_002252635.1_ASM225263v1_genomic_prodigal_proteins	3011	GCA_000013205.1_ASM1320v1_genomic_prodigal_proteins	2750	1021	53.38	12.01	37.13
GCA_002252635.1_ASM225263v1_genomic_prodigal_proteins	3011	GCA_003539795.1_ASM353979v1_genomic_prodigal_proteins	2284	1233	65.35	13.23	53.98
GCA_002252635.1_ASM225263v1_genomic_prodigal_proteins	3011	GCA_002171995.1_ASM217199v1_genomic_prodigal_proteins	1978	932	65.90	13.66	47.12
GCA_002252635.1_ASM225263v1_genomic_prodigal_proteins	3011	GCA_011523835.1_ASM1152383v1_genomic_prodigal_proteins	2468	1404	65.98	13.82	56.89
GCA_002252635.1_ASM225263v1_genomic_prodigal_proteins	3011	GCA_002172175.1_ASM217217v1_genomic_prodigal_proteins	1846	1039	64.84	13.40	56.28
GCA_002252635.1_ASM225263v1_genomic_prodigal_proteins	3011	GCA_003208835.1_ASM320883v1_genomic_prodigal_proteins	2208	1148	66.06	13.70	51.99
GCA_002252635.1_ASM225263v1_genomic_prodigal_proteins	3011	GCA_902589915.1_AG-914-F20_genomic_prodigal_proteins	373	122	67.93	14.76	32.71
GCA_002252635.1_ASM225263v1_genomic_prodigal_proteins	3011	GCA_000485815.1_ASM48581v1_genomic_prodigal_proteins	3083	1162	53.77	12.74	38.59
GCA_002252635.1_ASM225263v1_genomic_prodigal_proteins	3011	GCA_008807075.1_ASM880707v1_genomic_prodigal_proteins	2925	1757	66.66	13.46	60.07
GCA_002252635.1_ASM225263v1_genomic_prodigal_proteins	3011	GCA_000179235.2_ASM17923v2_genomic_prodigal_proteins	3071	1856	70.46	13.08	61.64
GCA_002252635.1_ASM225263v1_genomic_prodigal_proteins	3011	GCA_003210795.1_ASM321079v1_genomic_prodigal_proteins	2239	1155	65.95	13.56	51.59
GCA_002252635.1_ASM225263v1_genomic_prodigal_proteins	3011	GCA_002706715.1_ASM270671v1_genomic_prodigal_proteins	1148	796	66.35	13.57	69.34
GCA_002252635.1_ASM225263v1_genomic_prodigal_proteins	3011	GCA_003331245.1_ASM333124v1_genomic_prodigal_proteins	2021	1347	66.15	13.51	66.65
GCA_002252635.1_ASM225263v1_genomic_prodigal_proteins	3011	GCA_009843385.1_ASM984338v1_genomic_prodigal_proteins	2085	992	62.74	12.60	47.58
GCA_002252635.1_ASM225263v1_genomic_prodigal_proteins	3011	GCA_003211205.1_ASM321120v1_genomic_prodigal_proteins	2288	1242	65.91	13.74	54.28
GCA_002252635.1_ASM225263v1_genomic_prodigal_proteins	3011	GCA_000063505.1_ASM6350v1_genomic_prodigal_proteins	2558	1647	66.30	14.14	64.39
GCA_002252635.1_ASM225263v1_genomic_prodigal_proteins	3011	GCA_900474245.1_UW179B_genomic_prodigal_proteins	2743	1646	65.84	13.91	60.01
GCA_002252635.1_ASM225263v1_genomic_prodigal_proteins	3011	GCA_003210345.1_ASM321034v1_genomic_prodigal_proteins	1256	651	65.08	13.68	51.83
GCA_002252635.1_ASM225263v1_genomic_prodigal_proteins	3011	GCA_003210315.1_ASM321031v1_genomic_prodigal_proteins	1815	957	65.00	13.97	52.73
GCA_002252635.1_ASM225263v1_genomic_prodigal_proteins	3011	GCA_009836155.1_ASM983615v1_genomic_prodigal_proteins	1947	1134	62.64	12.30	58.24
GCA_002252635.1_ASM225263v1_genomic_prodigal_proteins	3011	GCA_003990665.2_ASM399066v2_genomic_prodigal_proteins	2499	1106	54.61	12.32	44.26
GCA_002252635.1_ASM225263v1_genomic_prodigal_proteins	3011	GCA_003209135.1_ASM320913v1_genomic_prodigal_proteins	1719	860	65.22	13.47	50.03
GCA_002252635.1_ASM225263v1_genomic_prodigal_proteins	3011	GCA_009845105.1_ASM984510v1_genomic_prodigal_proteins	1941	941	62.24	12.53	48.48
GCA_002252635.1_ASM225263v1_genomic_prodigal_proteins	3011	GCA_002690325.1_ASM269032v1_genomic_prodigal_proteins	2554	1441	65.20	13.46	56.42
GCA_002252635.1_ASM225263v1_genomic_prodigal_proteins	3011	GCA_000161795.2_ASM16179v2_genomic_prodigal_proteins	2407	1538	66.81	13.59	63.90
GCA_002252635.1_ASM225263v1_genomic_prodigal_proteins	3011	GCA_004211895.1_ASM421189v1_genomic_prodigal_proteins	954	646	66.54	13.56	67.71
GCA_002252635.1_ASM225263v1_genomic_prodigal_proteins	3011	GCA_003210735.1_ASM321073v1_genomic_prodigal_proteins	2337	1169	65.18	13.73	50.02
GCA_002252635.1_ASM225263v1_genomic_prodigal_proteins	3011	GCA_003209035.1_ASM320903v1_genomic_prodigal_proteins	1803	859	65.62	13.88	47.64
GCA_002252635.1_ASM225263v1_genomic_prodigal_proteins	3011	GCA_003712085.1_ASM371208v1_genomic_prodigal_proteins	2745	1617	66.73	13.66	58.91
GCA_002252635.1_ASM225263v1_genomic_prodigal_proteins	3011	GCA_003212155.1_ASM321215v1_genomic_prodigal_proteins	262	93	64.75	15.49	35.50
GCA_002252635.1_ASM225263v1_genomic_prodigal_proteins	3011	GCA_001040845.1_ASM104084v1_genomic_prodigal_proteins	2917	1646	65.70	13.82	56.43
GCA_002252635.1_ASM225263v1_genomic_prodigal_proteins	3011	GCA_002018015.1_ASM201801v1_genomic_prodigal_proteins	1578	906	63.24	12.58	57.41
GCA_002252635.1_ASM225263v1_genomic_prodigal_proteins	3011	GCA_003211255.1_ASM321125v1_genomic_prodigal_proteins	1850	885	65.14	13.71	47.84
GCA_002252635.1_ASM225263v1_genomic_prodigal_proteins	3011	GCA_002721235.1_ASM272123v1_genomic_prodigal_proteins	3119	1191	53.80	12.80	39.55
GCA_002252635.1_ASM225263v1_genomic_prodigal_proteins	3011	GCA_009839305.1_ASM983930v1_genomic_prodigal_proteins	1816	878	63.07	12.81	48.35
GCA_002252635.1_ASM225263v1_genomic_prodigal_proteins	3011	GCA_011365345.1_ASM1136534v1_genomic_prodigal_proteins	2655	1615	66.25	13.73	60.83
GCA_002252635.1_ASM225263v1_genomic_prodigal_proteins	3011	GCA_001039265.1_ASM103926v1_genomic_prodigal_proteins	2832	1246	71.78	12.99	44.00
GCA_002252635.1_ASM225263v1_genomic_prodigal_proteins	3011	GCA_001628325.1_ASM162832v1_genomic_prodigal_proteins	2129	1419	66.84	13.47	66.65
GCA_002252635.1_ASM225263v1_genomic_prodigal_proteins	3011	GCA_003209215.1_ASM320921v1_genomic_prodigal_proteins	1679	802	66.65	13.69	47.77
GCA_002252635.1_ASM225263v1_genomic_prodigal_proteins	3011	GCA_002737305.1_ASM273730v1_genomic_prodigal_proteins	1951	1346	71.96	12.81	68.99
GCA_002252635.1_ASM225263v1_genomic_prodigal_proteins	3011	GCA_003210515.1_ASM321051v1_genomic_prodigal_proteins	1673	902	65.03	13.86	53.92
GCA_002252635.1_ASM225263v1_genomic_prodigal_proteins	3011	GCA_011525445.1_ASM1152544v1_genomic_prodigal_proteins	3208	1347	64.93	13.55	44.74
GCA_002252635.1_ASM225263v1_genomic_prodigal_proteins	3011	GCA_902599435.1_AG-916-N22_genomic_prodigal_proteins	793	382	68.03	13.77	48.17
GCA_002252635.1_ASM225263v1_genomic_prodigal_proteins	3011	GCA_003149585.1_ASM314958v1_genomic_prodigal_proteins	2600	1761	69.82	13.11	67.73
GCA_002252635.1_ASM225263v1_genomic_prodigal_proteins	3011	GCA_902560665.1_AG-905-O11_genomic_prodigal_proteins	401	157	67.42	14.63	39.15
GCA_002252635.1_ASM225263v1_genomic_prodigal_proteins	3011	GCA_003331795.1_ASM333179v1_genomic_prodigal_proteins	1948	1302	66.47	13.95	66.84
GCA_002252635.1_ASM225263v1_genomic_prodigal_proteins	3011	GCA_002017955.1_ASM201795v1_genomic_prodigal_proteins	512	265	62.84	12.78	51.76
GCA_002252635.1_ASM225263v1_genomic_prodigal_proteins	3011	GCA_902584485.1_AG-912-O23_genomic_prodigal_proteins	535	212	64.82	14.70	39.63
GCA_002252635.1_ASM225263v1_genomic_prodigal_proteins	3011	GCA_902527915.1_AG-896-G19_genomic_prodigal_proteins	1003	518	66.73	14.13	51.65
GCA_002252635.1_ASM225263v1_genomic_prodigal_proteins	3011	GCA_902635365.1_AG-447-D19_genomic_prodigal_proteins	1690	765	65.79	14.19	45.27
GCA_002252635.1_ASM225263v1_genomic_prodigal_proteins	3011	GCA_900474085.1_UW86_genomic_prodigal_proteins	2403	1565	66.72	13.65	65.13
GCA_002252635.1_ASM225263v1_genomic_prodigal_proteins	3011	GCA_001885215.1_ASM188521v1_genomic_prodigal_proteins	2897	1967	74.49	12.45	67.90
GCA_002252635.1_ASM225263v1_genomic_prodigal_proteins	3011	GCA_902575935.1_AG-426-B22_genomic_prodigal_proteins	254	141	69.24	14.53	55.51
GCA_002252635.1_ASM225263v1_genomic_prodigal_proteins	3011	GCA_900474295.1_UW140_genomic_prodigal_proteins	2925	1644	66.25	13.85	56.21
GCA_002252635.1_ASM225263v1_genomic_prodigal_proteins	3011	GCA_003211565.1_ASM321156v1_genomic_prodigal_proteins	1489	705	65.94	13.96	47.35
GCA_002252635.1_ASM225263v1_genomic_prodigal_proteins	3011	GCA_003526105.1_ASM352610v1_genomic_prodigal_proteins	1581	831	67.41	13.56	52.56
GCA_002252635.1_ASM225263v1_genomic_prodigal_proteins	3011	GCA_002172935.1_ASM217293v1_genomic_prodigal_proteins	1996	1281	65.56	13.91	64.18
GCA_002252635.1_ASM225263v1_genomic_prodigal_proteins	3011	GCA_003210335.1_ASM321033v1_genomic_prodigal_proteins	942	331	62.69	14.75	35.14
GCA_002252635.1_ASM225263v1_genomic_prodigal_proteins	3011	GCA_009846115.1_ASM984611v1_genomic_prodigal_proteins	2048	1041	62.50	12.43	50.83
GCA_002252635.1_ASM225263v1_genomic_prodigal_proteins	3011	GCA_001693295.1_ASM169329v1_genomic_prodigal_proteins	3183	1190	53.82	12.82	39.52
GCA_002252635.1_ASM225263v1_genomic_prodigal_proteins	3011	GCA_900473965.1_UW179A_genomic_prodigal_proteins	3383	1669	65.63	13.91	55.43
GCA_002252635.1_ASM225263v1_genomic_prodigal_proteins	3011	GCA_003213755.1_ASM321375v1_genomic_prodigal_proteins	1050	551	66.52	14.06	52.48
GCA_002252635.1_ASM225263v1_genomic_prodigal_proteins	3011	GCA_003209155.1_ASM320915v1_genomic_prodigal_proteins	2305	1239	65.42	13.86	53.75
GCA_002252635.1_ASM225263v1_genomic_prodigal_proteins	3011	GCA_003211515.1_ASM321151v1_genomic_prodigal_proteins	2451	1038	65.42	14.15	42.35
GCA_002252635.1_ASM225263v1_genomic_prodigal_proteins	3011	GCA_002693285.1_ASM269328v1_genomic_prodigal_proteins	2440	1435	65.50	13.79	58.81
GCA_002252635.1_ASM225263v1_genomic_prodigal_proteins	3011	GCA_003210555.1_ASM321055v1_genomic_prodigal_proteins	1847	906	65.48	13.74	49.05
GCA_002252635.1_ASM225263v1_genomic_prodigal_proteins	3011	GCA_000155595.1_ASM15559v1_genomic_prodigal_proteins	5270	1224	53.15	12.65	40.65
GCA_002252635.1_ASM225263v1_genomic_prodigal_proteins	3011	GCA_001007665.1_ASM100766v1_genomic_prodigal_proteins	2356	1203	62.27	12.51	51.06
GCA_002252635.1_ASM225263v1_genomic_prodigal_proteins	3011	GCA_009919765.1_ASM991976v1_genomic_prodigal_proteins	2524	1069	66.74	13.70	42.35
GCA_002252635.1_ASM225263v1_genomic_prodigal_proteins	3011	GCA_003331225.1_ASM333122v1_genomic_prodigal_proteins	2113	1427	66.74	13.49	67.53
GCA_002252635.1_ASM225263v1_genomic_prodigal_proteins	3011	GCA_900177825.1_IMG-taxon_2708742468_annotated_assembly_genomic_prodigal_proteins	3317	1173	53.84	12.85	38.96
GCA_002252635.1_ASM225263v1_genomic_prodigal_proteins	3011	GCA_000195975.1_ASM19597v1_genomic_prodigal_proteins	2719	1611	66.85	13.68	59.25
GCA_002252635.1_ASM225263v1_genomic_prodigal_proteins	3011	GCA_902618885.1_AG-920-D15_genomic_prodigal_proteins	1178	619	67.28	14.71	52.55
GCA_002252635.1_ASM225263v1_genomic_prodigal_proteins	3011	GCA_003209165.1_ASM320916v1_genomic_prodigal_proteins	2711	1355	66.57	13.66	49.98
GCA_002252635.1_ASM225263v1_genomic_prodigal_proteins	3011	GCA_001007625.1_ASM100762v1_genomic_prodigal_proteins	2478	1069	62.55	12.70	43.14
GCA_002252635.1_ASM225263v1_genomic_prodigal_proteins	3011	GCA_008386235.1_ASM838623v1_genomic_prodigal_proteins	2571	1128	54.36	12.44	43.87
GCA_002252635.1_ASM225263v1_genomic_prodigal_proteins	3011	GCA_001631935.1_ASM163193v1_genomic_prodigal_proteins	3526	1652	65.64	13.84	54.87
GCA_002252635.1_ASM225263v1_genomic_prodigal_proteins	3011	GCA_002151525.1_ASM215152v1_genomic_prodigal_proteins	1628	1169	66.32	13.77	71.81
GCA_002252635.1_ASM225263v1_genomic_prodigal_proteins	3011	GCA_000153065.1_ASM15306v1_genomic_prodigal_proteins	2704	1700	67.64	13.70	62.87
GCA_002252635.1_ASM225263v1_genomic_prodigal_proteins	3011	GCA_009837265.1_ASM983726v1_genomic_prodigal_proteins	2126	1109	62.61	12.40	52.16
GCA_002252635.1_ASM225263v1_genomic_prodigal_proteins	3011	GCA_902533725.1_AG-898-C20_genomic_prodigal_proteins	421	133	67.10	14.51	31.59
GCA_002252635.1_ASM225263v1_genomic_prodigal_proteins	3011	GCA_002171075.2_ASM217107v2_genomic_prodigal_proteins	1919	1240	64.59	13.34	64.62
GCA_002252635.1_ASM225263v1_genomic_prodigal_proteins	3011	GCA_002760395.1_ASM276039v1_genomic_prodigal_proteins	2661	992	53.47	11.94	37.28
GCA_002252635.1_ASM225263v1_genomic_prodigal_proteins	3011	GCA_003209005.1_ASM320900v1_genomic_prodigal_proteins	2548	1337	65.69	13.68	52.47
GCA_002252635.1_ASM225263v1_genomic_prodigal_proteins	3011	GCA_002017915.1_ASM201791v1_genomic_prodigal_proteins	623	328	64.34	13.65	52.65
GCA_002252635.1_ASM225263v1_genomic_prodigal_proteins	3011	GCA_900047545.1_m9_genomic_prodigal_proteins	1575	913	62.52	12.42	57.97
GCA_002252635.1_ASM225263v1_genomic_prodigal_proteins	3011	GCA_001632105.1_ASM163210v1_genomic_prodigal_proteins	3521	1658	65.58	13.83	55.06
GCA_002252635.1_ASM225263v1_genomic_prodigal_proteins	3011	GCA_004212765.1_ASM421276v1_genomic_prodigal_proteins	1162	777	66.74	13.53	66.87
GCA_002252635.1_ASM225263v1_genomic_prodigal_proteins	3011	GCA_002685515.1_ASM268551v1_genomic_prodigal_proteins	1286	863	65.09	13.39	67.11
GCA_002252635.1_ASM225263v1_genomic_prodigal_proteins	3011	GCA_007828135.1_ASM782813v1_genomic_prodigal_proteins	2917	1969	74.52	12.45	67.50
GCA_002252635.1_ASM225263v1_genomic_prodigal_proteins	3011	GCA_011047875.1_ASM1104787v1_genomic_prodigal_proteins	2810	1005	53.19	12.12	35.77
GCA_002252635.1_ASM225263v1_genomic_prodigal_proteins	3011	GCA_009840445.1_ASM984044v1_genomic_prodigal_proteins	2167	1215	62.58	12.46	56.07
GCA_002252635.1_ASM225263v1_genomic_prodigal_proteins	3011	GCA_003210995.1_ASM321099v1_genomic_prodigal_proteins	2385	1201	65.45	14.19	50.36
GCA_002252635.1_ASM225263v1_genomic_prodigal_proteins	3011	GCA_902616995.1_AG-919-L20_genomic_prodigal_proteins	654	296	67.10	13.53	45.26
GCA_002252635.1_ASM225263v1_genomic_prodigal_proteins	3011	GCA_009845825.1_ASM984582v1_genomic_prodigal_proteins	2168	1026	62.81	12.26	47.32
GCA_002252635.1_ASM225263v1_genomic_prodigal_proteins	3011	GCA_000515235.1_ASM51523v1_genomic_prodigal_proteins	2873	1617	66.25	13.62	56.28
GCA_002252635.1_ASM225263v1_genomic_prodigal_proteins	3011	GCA_003523965.1_ASM352396v1_genomic_prodigal_proteins	1735	794	63.37	12.82	45.76
GCA_002252635.1_ASM225263v1_genomic_prodigal_proteins	3011	GCA_002684175.1_ASM268417v1_genomic_prodigal_proteins	1819	943	64.09	13.15	51.84
GCA_002252635.1_ASM225263v1_genomic_prodigal_proteins	3011	GCA_011523295.1_ASM1152329v1_genomic_prodigal_proteins	2851	1256	64.62	13.77	44.05
GCA_002252635.1_ASM225263v1_genomic_prodigal_proteins	3011	GCA_003211015.1_ASM321101v1_genomic_prodigal_proteins	2128	1169	65.96	13.27	54.93
GCA_002252635.1_ASM225263v1_genomic_prodigal_proteins	3011	GCA_002006815.1_ASM200681v1_genomic_prodigal_proteins	1973	1459	66.72	13.66	73.95
GCA_002172045.1_ASM217204v1_genomic_prodigal_proteins	1670	GCA_003211535.1_ASM321153v1_genomic_prodigal_proteins	2412	796	65.38	14.02	47.66
GCA_002172045.1_ASM217204v1_genomic_prodigal_proteins	1670	GCA_000230675.2_ASM23067v1_genomic_prodigal_proteins	2998	1025	64.58	14.38	61.38
GCA_002172045.1_ASM217204v1_genomic_prodigal_proteins	1670	GCA_002252625.1_ASM225262v1_genomic_prodigal_proteins	3600	1022	65.96	13.63	61.20
GCA_002172045.1_ASM217204v1_genomic_prodigal_proteins	1670	GCA_000012625.1_ASM1262v1_genomic_prodigal_proteins	2892	1029	65.49	14.42	61.62
GCA_002172045.1_ASM217204v1_genomic_prodigal_proteins	1670	GCA_009844725.1_ASM984472v1_genomic_prodigal_proteins	2020	619	61.22	12.95	37.07
GCA_002172045.1_ASM217204v1_genomic_prodigal_proteins	1670	GCA_003331765.1_ASM333176v1_genomic_prodigal_proteins	2019	897	65.30	14.15	53.71
GCA_002172045.1_ASM217204v1_genomic_prodigal_proteins	1670	GCA_900473935.1_UW105_genomic_prodigal_proteins	2923	1036	65.42	14.39	62.04
GCA_002172045.1_ASM217204v1_genomic_prodigal_proteins	1670	GCA_002168155.1_ASM216815v1_genomic_prodigal_proteins	2361	1194	75.80	12.03	71.50
GCA_002172045.1_ASM217204v1_genomic_prodigal_proteins	1670	GCA_009846095.1_ASM984609v1_genomic_prodigal_proteins	2331	663	61.04	12.35	39.70
GCA_002172045.1_ASM217204v1_genomic_prodigal_proteins	1670	GCA_009498715.1_ASM949871v1_genomic_prodigal_proteins	2867	702	55.82	13.03	42.04
GCA_002172045.1_ASM217204v1_genomic_prodigal_proteins	1670	GCA_002252635.1_ASM225263v1_genomic_prodigal_proteins	3011	986	66.12	13.86	59.04
GCA_002172045.1_ASM217204v1_genomic_prodigal_proteins	1670	GCA_009838425.1_ASM983842v1_genomic_prodigal_proteins	1544	479	61.89	12.56	31.02
GCA_002172045.1_ASM217204v1_genomic_prodigal_proteins	1670	GCA_900473895.1_N32_genomic_prodigal_proteins	2509	1023	65.79	14.49	61.26
GCA_002172045.1_ASM217204v1_genomic_prodigal_proteins	1670	GCA_003210495.1_ASM321049v1_genomic_prodigal_proteins	1134	351	63.51	14.11	30.95
GCA_002172045.1_ASM217204v1_genomic_prodigal_proteins	1670	GCA_003011125.1_ASM301112v1_genomic_prodigal_proteins	3076	1034	69.11	13.12	61.92
GCA_002172045.1_ASM217204v1_genomic_prodigal_proteins	1670	GCA_900177365.1_IMG-taxon_2708742537_annotated_assembly_genomic_prodigal_proteins	3310	669	53.44	12.61	40.06
GCA_002172045.1_ASM217204v1_genomic_prodigal_proteins	1670	GCA_002760445.1_ASM276044v1_genomic_prodigal_proteins	2661	565	53.20	11.66	33.83
GCA_002172045.1_ASM217204v1_genomic_prodigal_proteins	1670	GCA_900474185.1_UW69_genomic_prodigal_proteins	2629	1028	65.39	14.42	61.56
GCA_002172045.1_ASM217204v1_genomic_prodigal_proteins	1670	GCA_003210775.1_ASM321077v1_genomic_prodigal_proteins	2665	727	63.83	14.70	43.53
GCA_002172045.1_ASM217204v1_genomic_prodigal_proteins	1670	GCA_002700765.1_ASM270076v1_genomic_prodigal_proteins	2134	772	64.48	14.30	46.23
GCA_002172045.1_ASM217204v1_genomic_prodigal_proteins	1670	GCA_902599585.1_AG-916-O11_genomic_prodigal_proteins	1470	524	66.17	14.84	35.65
GCA_002172045.1_ASM217204v1_genomic_prodigal_proteins	1670	GCA_900474045.1_N19_genomic_prodigal_proteins	2484	991	65.77	14.36	59.34
GCA_002172045.1_ASM217204v1_genomic_prodigal_proteins	1670	GCA_003210815.1_ASM321081v1_genomic_prodigal_proteins	2087	708	64.58	14.06	42.40
GCA_002172045.1_ASM217204v1_genomic_prodigal_proteins	1670	GCA_900473955.1_GEYO_genomic_prodigal_proteins	2674	1009	65.24	14.23	60.42
GCA_002172045.1_ASM217204v1_genomic_prodigal_proteins	1670	GCA_002167425.2_ASM216742v2_genomic_prodigal_proteins	2822	926	64.41	14.06	55.45
GCA_002172045.1_ASM217204v1_genomic_prodigal_proteins	1670	GCA_009844645.1_ASM984464v1_genomic_prodigal_proteins	1983	687	61.68	12.66	41.14
GCA_002172045.1_ASM217204v1_genomic_prodigal_proteins	1670	GCA_008081095.1_ASM808109v1_genomic_prodigal_proteins	1533	625	65.94	14.24	40.77
GCA_002172045.1_ASM217204v1_genomic_prodigal_proteins	1670	GCA_000014585.1_ASM1458v1_genomic_prodigal_proteins	2879	1026	64.75	14.41	61.44
GCA_002172045.1_ASM217204v1_genomic_prodigal_proteins	1670	GCA_000317085.1_ASM31708v1_genomic_prodigal_proteins	3673	628	51.93	11.94	37.60
GCA_002172045.1_ASM217204v1_genomic_prodigal_proteins	1670	GCA_013133755.1_ASM1313375v1_genomic_prodigal_proteins	2700	1003	65.19	14.28	60.06
GCA_002172045.1_ASM217204v1_genomic_prodigal_proteins	1670	GCA_003210475.1_ASM321047v1_genomic_prodigal_proteins	1514	558	64.14	14.18	36.86
GCA_002172045.1_ASM217204v1_genomic_prodigal_proteins	1670	GCA_003208815.1_ASM320881v1_genomic_prodigal_proteins	1352	405	64.01	13.99	29.96
GCA_002172045.1_ASM217204v1_genomic_prodigal_proteins	1670	GCA_000012505.1_ASM1250v1_genomic_prodigal_proteins	2461	992	65.06	14.20	59.40
GCA_002172045.1_ASM217204v1_genomic_prodigal_proteins	1670	GCA_000153825.1_ASM15382v1_genomic_prodigal_proteins	2811	1026	66.05	14.39	61.44
GCA_002172045.1_ASM217204v1_genomic_prodigal_proteins	1670	GCA_002760475.1_ASM276047v1_genomic_prodigal_proteins	2647	566	53.24	11.61	33.89
GCA_002172045.1_ASM217204v1_genomic_prodigal_proteins	1670	GCA_003210565.1_ASM321056v1_genomic_prodigal_proteins	836	245	63.48	16.36	29.31
GCA_002172045.1_ASM217204v1_genomic_prodigal_proteins	1670	GCA_902618505.1_AG-892-K03_genomic_prodigal_proteins	959	274	67.01	14.72	28.57
GCA_002172045.1_ASM217204v1_genomic_prodigal_proteins	1670	GCA_005577135.1_ASM557713v1_genomic_prodigal_proteins	3356	681	53.40	12.60	40.78
GCA_002172045.1_ASM217204v1_genomic_prodigal_proteins	1670	GCA_003846445.1_ASM384644v1_genomic_prodigal_proteins	2740	718	56.05	13.03	42.99
GCA_002172045.1_ASM217204v1_genomic_prodigal_proteins	1670	GCA_000505665.1_ASM50566v1_genomic_prodigal_proteins	2466	620	53.93	11.97	37.13
GCA_002172045.1_ASM217204v1_genomic_prodigal_proteins	1670	GCA_902616255.1_AG-919-I18_genomic_prodigal_proteins	1046	333	64.44	14.31	31.84
GCA_002172045.1_ASM217204v1_genomic_prodigal_proteins	1670	GCA_001182765.1_WH8103.1_genomic_prodigal_proteins	2676	1031	65.69	14.21	61.74
GCA_002172045.1_ASM217204v1_genomic_prodigal_proteins	1670	GCA_002760375.1_ASM276037v1_genomic_prodigal_proteins	2702	566	53.24	11.62	33.89
GCA_002172045.1_ASM217204v1_genomic_prodigal_proteins	1670	GCA_902592305.1_AG-914-O22_genomic_prodigal_proteins	179	65	66.06	15.68	36.31
GCA_002172045.1_ASM217204v1_genomic_prodigal_proteins	1670	GCA_001632165.1_ASM163216v1_genomic_prodigal_proteins	2830	1006	65.29	14.13	60.24
GCA_002172045.1_ASM217204v1_genomic_prodigal_proteins	1670	GCA_004332405.1_ASM433240v1_genomic_prodigal_proteins	2437	1019	65.94	14.30	61.02
GCA_002172045.1_ASM217204v1_genomic_prodigal_proteins	1670	GCA_900473975.1_N26_genomic_prodigal_proteins	2454	1001	65.92	14.44	59.94
GCA_002172045.1_ASM217204v1_genomic_prodigal_proteins	1670	GCA_902612475.1_AG-918-G20_genomic_prodigal_proteins	502	146	63.50	15.08	29.08
GCA_002172045.1_ASM217204v1_genomic_prodigal_proteins	1670	GCA_000775285.1_ASM77528v1_genomic_prodigal_proteins	4812	606	54.26	12.58	36.29
GCA_002172045.1_ASM217204v1_genomic_prodigal_proteins	1670	GCA_002698505.1_ASM269850v1_genomic_prodigal_proteins	2471	954	65.06	14.21	57.13
GCA_002172045.1_ASM217204v1_genomic_prodigal_proteins	1670	GCA_002252665.1_ASM225266v1_genomic_prodigal_proteins	2771	1004	66.76	13.71	60.12
GCA_002172045.1_ASM217204v1_genomic_prodigal_proteins	1670	GCA_003555505.1_ASM355550v1_genomic_prodigal_proteins	3351	459	54.88	12.05	27.49
GCA_002172045.1_ASM217204v1_genomic_prodigal_proteins	1670	GCA_900474015.1_UW106_genomic_prodigal_proteins	2762	1031	65.36	14.50	61.74
GCA_002172045.1_ASM217204v1_genomic_prodigal_proteins	1670	GCA_000715475.1_ASM71547v1_genomic_prodigal_proteins	3299	672	53.49	12.60	40.24
GCA_002172045.1_ASM217204v1_genomic_prodigal_proteins	1670	GCA_001628295.1_ASM162829v1_genomic_prodigal_proteins	2145	943	66.02	14.25	56.47
GCA_002172045.1_ASM217204v1_genomic_prodigal_proteins	1670	GCA_003208775.1_ASM320877v1_genomic_prodigal_proteins	1808	604	64.54	14.50	36.17
GCA_002172045.1_ASM217204v1_genomic_prodigal_proteins	1670	GCA_003210975.1_ASM321097v1_genomic_prodigal_proteins	627	264	65.91	14.66	42.11
GCA_002172045.1_ASM217204v1_genomic_prodigal_proteins	1670	GCA_003208915.1_ASM320891v1_genomic_prodigal_proteins	1208	363	63.91	14.43	30.05
GCA_002172045.1_ASM217204v1_genomic_prodigal_proteins	1670	GCA_009837735.1_ASM983773v1_genomic_prodigal_proteins	2041	605	61.75	12.69	36.23
GCA_002172045.1_ASM217204v1_genomic_prodigal_proteins	1670	GCA_902548805.1_AG-901-N20_genomic_prodigal_proteins	158	32	59.67	15.52	20.25
GCA_002172045.1_ASM217204v1_genomic_prodigal_proteins	1670	GCA_003211235.1_ASM321123v1_genomic_prodigal_proteins	1698	538	64.25	14.74	32.22
GCA_002172045.1_ASM217204v1_genomic_prodigal_proteins	1670	GCA_004209775.1_ASM420977v1_genomic_prodigal_proteins	2798	1037	66.14	14.21	62.10
GCA_002172045.1_ASM217204v1_genomic_prodigal_proteins	1670	GCA_003283215.1_ASM328321v1_genomic_prodigal_proteins	239	13	58.78	16.76	5.44
GCA_002172045.1_ASM217204v1_genomic_prodigal_proteins	1670	GCA_003209555.1_ASM320955v1_genomic_prodigal_proteins	908	332	89.61	12.28	36.56
GCA_002172045.1_ASM217204v1_genomic_prodigal_proteins	1670	GCA_000153805.1_ASM15380v1_genomic_prodigal_proteins	2517	994	64.85	14.27	59.52
GCA_002172045.1_ASM217204v1_genomic_prodigal_proteins	1670	GCA_003283205.1_ASM328320v1_genomic_prodigal_proteins	274	10	52.80	13.32	3.65
GCA_002172045.1_ASM217204v1_genomic_prodigal_proteins	1670	GCA_900473925.1_N5_genomic_prodigal_proteins	2417	992	65.83	14.45	59.40
GCA_002172045.1_ASM217204v1_genomic_prodigal_proteins	1670	GCA_902592665.1_AG-447-E14_genomic_prodigal_proteins	1111	306	64.71	14.86	27.54
GCA_002172045.1_ASM217204v1_genomic_prodigal_proteins	1670	GCA_011523155.1_ASM1152315v1_genomic_prodigal_proteins	2101	700	63.32	13.44	41.92
GCA_002172045.1_ASM217204v1_genomic_prodigal_proteins	1670	GCA_003211275.1_ASM321127v1_genomic_prodigal_proteins	2168	699	63.78	14.48	41.86
GCA_002172045.1_ASM217204v1_genomic_prodigal_proteins	1670	GCA_003957805.1_ASM395780v1_genomic_prodigal_proteins	2887	736	56.18	12.86	44.07
GCA_002172045.1_ASM217204v1_genomic_prodigal_proteins	1670	GCA_012270465.1_ASM1227046v1_genomic_prodigal_proteins	2311	1197	93.27	6.98	71.68
GCA_002172045.1_ASM217204v1_genomic_prodigal_proteins	1670	GCA_001693255.1_ASM169325v1_genomic_prodigal_proteins	3177	678	53.51	12.55	40.60
GCA_002172045.1_ASM217204v1_genomic_prodigal_proteins	1670	GCA_003210385.1_ASM321038v1_genomic_prodigal_proteins	286	100	62.96	14.85	34.97
GCA_002172045.1_ASM217204v1_genomic_prodigal_proteins	1670	GCA_002170705.1_ASM217070v1_genomic_prodigal_proteins	1392	509	65.68	13.59	36.57
GCA_002172045.1_ASM217204v1_genomic_prodigal_proteins	1670	GCA_002356215.1_ASM235621v1_genomic_prodigal_proteins	2953	664	53.33	12.57	39.76
GCA_002172045.1_ASM217204v1_genomic_prodigal_proteins	1670	GCA_003210935.1_ASM321093v1_genomic_prodigal_proteins	1868	711	65.03	14.59	42.57
GCA_002172045.1_ASM217204v1_genomic_prodigal_proteins	1670	GCA_003210535.1_ASM321053v1_genomic_prodigal_proteins	1257	397	63.36	14.29	31.58
GCA_002172045.1_ASM217204v1_genomic_prodigal_proteins	1670	GCA_002724845.1_ASM272484v1_genomic_prodigal_proteins	1589	733	65.78	14.33	46.13
GCA_002172045.1_ASM217204v1_genomic_prodigal_proteins	1670	GCA_000153285.1_ASM15328v1_genomic_prodigal_proteins	2746	1034	65.27	14.40	61.92
GCA_002172045.1_ASM217204v1_genomic_prodigal_proteins	1670	GCA_003211035.1_ASM321103v1_genomic_prodigal_proteins	530	221	62.94	14.80	41.70
GCA_002172045.1_ASM217204v1_genomic_prodigal_proteins	1670	GCA_001521855.1_ASM152185v1_genomic_prodigal_proteins	3144	680	53.44	12.54	40.72
GCA_002172045.1_ASM217204v1_genomic_prodigal_proteins	1670	GCA_009835965.1_ASM983596v1_genomic_prodigal_proteins	2105	744	61.55	12.83	44.55
GCA_002172045.1_ASM217204v1_genomic_prodigal_proteins	1670	GCA_012269695.1_ASM1226969v1_genomic_prodigal_proteins	2043	1039	93.07	7.49	62.22
GCA_002172045.1_ASM217204v1_genomic_prodigal_proteins	1670	GCA_000737535.1_ASM73753v1_genomic_prodigal_proteins	3013	1018	65.12	14.13	60.96
GCA_002172045.1_ASM217204v1_genomic_prodigal_proteins	1670	GCA_000586015.1_SynSpo.0_genomic_prodigal_proteins	1907	582	61.91	12.91	34.85
GCA_002172045.1_ASM217204v1_genomic_prodigal_proteins	1670	GCA_002760345.1_ASM276034v1_genomic_prodigal_proteins	2731	576	53.24	11.64	34.49
GCA_002172045.1_ASM217204v1_genomic_prodigal_proteins	1670	GCA_000013225.1_ASM1322v1_genomic_prodigal_proteins	2844	581	53.26	11.71	34.79
GCA_002172045.1_ASM217204v1_genomic_prodigal_proteins	1670	GCA_000332275.1_ASM33227v1_genomic_prodigal_proteins	4564	641	52.20	11.97	38.38
GCA_002172045.1_ASM217204v1_genomic_prodigal_proteins	1670	GCA_002252675.1_ASM225267v1_genomic_prodigal_proteins	3295	1006	66.12	13.59	60.24
GCA_002172045.1_ASM217204v1_genomic_prodigal_proteins	1670	GCA_000737575.1_ASM73757v1_genomic_prodigal_proteins	2662	1037	65.92	13.94	62.10
GCA_002172045.1_ASM217204v1_genomic_prodigal_proteins	1670	GCA_902596755.1_AG-916-D19_genomic_prodigal_proteins	1152	425	64.61	13.86	36.89
GCA_002172045.1_ASM217204v1_genomic_prodigal_proteins	1670	GCA_003211455.1_ASM321145v1_genomic_prodigal_proteins	1186	419	65.43	14.81	35.33
GCA_002172045.1_ASM217204v1_genomic_prodigal_proteins	1670	GCA_003208755.1_ASM320875v1_genomic_prodigal_proteins	690	217	62.95	14.51	31.45
GCA_002172045.1_ASM217204v1_genomic_prodigal_proteins	1670	GCA_007571215.1_ASM757121v1_genomic_prodigal_proteins	1879	722	61.58	12.78	43.23
GCA_002172045.1_ASM217204v1_genomic_prodigal_proteins	1670	GCA_001007635.1_ASM100763v1_genomic_prodigal_proteins	2333	669	61.94	12.64	40.06
GCA_002172045.1_ASM217204v1_genomic_prodigal_proteins	1670	GCA_000179255.1_ASM17925v1_genomic_prodigal_proteins	2729	1032	66.99	13.70	61.80
GCA_002172045.1_ASM217204v1_genomic_prodigal_proteins	1670	GCA_003208975.1_ASM320897v1_genomic_prodigal_proteins	1804	563	64.22	14.64	33.71
GCA_002172045.1_ASM217204v1_genomic_prodigal_proteins	1670	GCA_012103655.1_ASM1210365v1_genomic_prodigal_proteins	2723	1029	64.52	14.32	61.62
GCA_002172045.1_ASM217204v1_genomic_prodigal_proteins	1670	GCA_902582045.1_AG-912-B07_genomic_prodigal_proteins	196	38	67.12	14.15	19.39
GCA_002172045.1_ASM217204v1_genomic_prodigal_proteins	1670	GCA_000153045.1_ASM15304v1_genomic_prodigal_proteins	3242	1026	65.87	13.77	61.44
GCA_002172045.1_ASM217204v1_genomic_prodigal_proteins	1670	GCA_902549675.1_AG-903-B09_genomic_prodigal_proteins	836	275	65.73	14.41	32.89
GCA_002172045.1_ASM217204v1_genomic_prodigal_proteins	1670	GCA_002018045.1_ASM201804v1_genomic_prodigal_proteins	1559	600	62.87	12.78	38.49
GCA_002172045.1_ASM217204v1_genomic_prodigal_proteins	1670	GCA_004213055.1_ASM421305v1_genomic_prodigal_proteins	2241	906	65.28	14.43	54.25
GCA_002172045.1_ASM217204v1_genomic_prodigal_proteins	1670	GCA_007571085.1_ASM757108v1_genomic_prodigal_proteins	1784	703	61.50	12.72	42.10
GCA_002172045.1_ASM217204v1_genomic_prodigal_proteins	1670	GCA_009839805.1_ASM983980v1_genomic_prodigal_proteins	1848	484	59.77	11.95	28.98
GCA_002172045.1_ASM217204v1_genomic_prodigal_proteins	1670	GCA_003210375.1_ASM321037v1_genomic_prodigal_proteins	2155	708	64.43	14.23	42.40
GCA_002172045.1_ASM217204v1_genomic_prodigal_proteins	1670	GCA_004332415.1_ASM433241v1_genomic_prodigal_proteins	2408	1021	65.99	14.16	61.14
GCA_002172045.1_ASM217204v1_genomic_prodigal_proteins	1670	GCA_009836025.1_ASM983602v1_genomic_prodigal_proteins	2290	732	61.79	12.65	43.83
GCA_002172045.1_ASM217204v1_genomic_prodigal_proteins	1670	GCA_009843455.1_ASM984345v1_genomic_prodigal_proteins	2423	714	61.51	12.51	42.75
GCA_002172045.1_ASM217204v1_genomic_prodigal_proteins	1670	GCA_009843485.1_ASM984348v1_genomic_prodigal_proteins	2158	740	61.49	12.87	44.31
GCA_002172045.1_ASM217204v1_genomic_prodigal_proteins	1670	GCA_003283135.1_ASM328313v1_genomic_prodigal_proteins	459	71	62.91	15.26	15.47
GCA_002172045.1_ASM217204v1_genomic_prodigal_proteins	1670	GCA_902635485.1_AG-447-G23_genomic_prodigal_proteins	327	84	62.32	16.02	25.69
GCA_002172045.1_ASM217204v1_genomic_prodigal_proteins	1670	GCA_002760415.1_ASM276041v1_genomic_prodigal_proteins	2670	566	53.17	11.65	33.89
GCA_002172045.1_ASM217204v1_genomic_prodigal_proteins	1670	GCA_002754935.1_ASM275493v1_genomic_prodigal_proteins	2664	609	53.94	12.16	36.47
GCA_002172045.1_ASM217204v1_genomic_prodigal_proteins	1670	GCA_002171685.2_ASM217168v2_genomic_prodigal_proteins	811	440	65.26	13.63	54.25
GCA_002172045.1_ASM217204v1_genomic_prodigal_proteins	1670	GCA_000737595.1_ASM73759v1_genomic_prodigal_proteins	2774	1029	65.39	14.33	61.62
GCA_002172045.1_ASM217204v1_genomic_prodigal_proteins	1670	GCA_003331785.1_ASM333178v1_genomic_prodigal_proteins	2125	956	65.19	14.20	57.25
GCA_002172045.1_ASM217204v1_genomic_prodigal_proteins	1670	GCA_009842265.1_ASM984226v1_genomic_prodigal_proteins	2398	718	61.71	12.67	42.99
GCA_002172045.1_ASM217204v1_genomic_prodigal_proteins	1670	GCA_902579345.1_AG-911-L15_genomic_prodigal_proteins	248	75	64.04	15.20	30.24
GCA_002172045.1_ASM217204v1_genomic_prodigal_proteins	1670	GCA_000011345.1_ASM1134v1_genomic_prodigal_proteins	2520	632	53.93	12.13	37.84
GCA_002172045.1_ASM217204v1_genomic_prodigal_proteins	1670	GCA_003210705.1_ASM321070v1_genomic_prodigal_proteins	2244	729	64.03	14.37	43.65
GCA_002172045.1_ASM217204v1_genomic_prodigal_proteins	1670	GCA_000019485.1_ASM1948v1_genomic_prodigal_proteins	3233	677	53.49	12.56	40.54
GCA_002172045.1_ASM217204v1_genomic_prodigal_proteins	1670	GCA_003283055.1_ASM328305v1_genomic_prodigal_proteins	482	30	58.51	13.94	6.22
GCA_002172045.1_ASM217204v1_genomic_prodigal_proteins	1670	GCA_000010065.1_ASM1006v1_genomic_prodigal_proteins	2691	732	56.14	12.98	43.83
GCA_002172045.1_ASM217204v1_genomic_prodigal_proteins	1670	GCA_000316685.1_ASM31668v1_genomic_prodigal_proteins	3706	652	53.71	12.56	39.04
GCA_002172045.1_ASM217204v1_genomic_prodigal_proteins	1670	GCA_000063525.1_ASM6352v1_genomic_prodigal_proteins	2540	1436	98.32	2.81	85.99
GCA_002172045.1_ASM217204v1_genomic_prodigal_proteins	1670	GCA_003283165.1_ASM328316v1_genomic_prodigal_proteins	217	58	65.86	13.76	26.73
GCA_002172045.1_ASM217204v1_genomic_prodigal_proteins	1670	GCA_902540675.1_AG-359-E22_genomic_prodigal_proteins	584	164	67.81	15.75	28.08
GCA_002172045.1_ASM217204v1_genomic_prodigal_proteins	1670	GCA_011055065.1_ASM1105506v1_genomic_prodigal_proteins	2792	563	52.79	11.80	33.71
GCA_002172045.1_ASM217204v1_genomic_prodigal_proteins	1670	GCA_000013205.1_ASM1320v1_genomic_prodigal_proteins	2750	574	53.33	11.59	34.37
GCA_002172045.1_ASM217204v1_genomic_prodigal_proteins	1670	GCA_003539795.1_ASM353979v1_genomic_prodigal_proteins	2284	803	64.48	13.49	48.08
GCA_002172045.1_ASM217204v1_genomic_prodigal_proteins	1670	GCA_002171995.1_ASM217199v1_genomic_prodigal_proteins	1978	595	64.82	14.11	35.63
GCA_002172045.1_ASM217204v1_genomic_prodigal_proteins	1670	GCA_011523835.1_ASM1152383v1_genomic_prodigal_proteins	2468	906	64.91	13.89	54.25
GCA_002172045.1_ASM217204v1_genomic_prodigal_proteins	1670	GCA_002172175.1_ASM217217v1_genomic_prodigal_proteins	1846	1042	87.15	8.76	62.40
GCA_002172045.1_ASM217204v1_genomic_prodigal_proteins	1670	GCA_003208835.1_ASM320883v1_genomic_prodigal_proteins	2208	720	65.14	14.44	43.11
GCA_002172045.1_ASM217204v1_genomic_prodigal_proteins	1670	GCA_902589915.1_AG-914-F20_genomic_prodigal_proteins	373	77	65.49	14.00	20.64
GCA_002172045.1_ASM217204v1_genomic_prodigal_proteins	1670	GCA_000485815.1_ASM48581v1_genomic_prodigal_proteins	3083	653	53.32	12.59	39.10
GCA_002172045.1_ASM217204v1_genomic_prodigal_proteins	1670	GCA_008807075.1_ASM880707v1_genomic_prodigal_proteins	2925	954	64.56	13.60	57.13
GCA_002172045.1_ASM217204v1_genomic_prodigal_proteins	1670	GCA_000179235.2_ASM17923v2_genomic_prodigal_proteins	3071	1046	67.09	13.62	62.63
GCA_002172045.1_ASM217204v1_genomic_prodigal_proteins	1670	GCA_003210795.1_ASM321079v1_genomic_prodigal_proteins	2239	797	64.53	14.55	47.72
GCA_002172045.1_ASM217204v1_genomic_prodigal_proteins	1670	GCA_002706715.1_ASM270671v1_genomic_prodigal_proteins	1148	516	65.17	14.39	44.95
GCA_002172045.1_ASM217204v1_genomic_prodigal_proteins	1670	GCA_003331245.1_ASM333124v1_genomic_prodigal_proteins	2021	890	65.36	13.79	53.29
GCA_002172045.1_ASM217204v1_genomic_prodigal_proteins	1670	GCA_009843385.1_ASM984338v1_genomic_prodigal_proteins	2085	626	62.08	12.61	37.49
GCA_002172045.1_ASM217204v1_genomic_prodigal_proteins	1670	GCA_003211205.1_ASM321120v1_genomic_prodigal_proteins	2288	801	64.93	14.31	47.96
GCA_002172045.1_ASM217204v1_genomic_prodigal_proteins	1670	GCA_000063505.1_ASM6350v1_genomic_prodigal_proteins	2558	1034	65.42	14.45	61.92
GCA_002172045.1_ASM217204v1_genomic_prodigal_proteins	1670	GCA_900474245.1_UW179B_genomic_prodigal_proteins	2743	1022	64.70	14.39	61.20
GCA_002172045.1_ASM217204v1_genomic_prodigal_proteins	1670	GCA_003210345.1_ASM321034v1_genomic_prodigal_proteins	1256	416	64.14	13.98	33.12
GCA_002172045.1_ASM217204v1_genomic_prodigal_proteins	1670	GCA_003210315.1_ASM321031v1_genomic_prodigal_proteins	1815	651	63.52	14.63	38.98
GCA_002172045.1_ASM217204v1_genomic_prodigal_proteins	1670	GCA_009836155.1_ASM983615v1_genomic_prodigal_proteins	1947	699	61.82	12.63	41.86
GCA_002172045.1_ASM217204v1_genomic_prodigal_proteins	1670	GCA_003990665.2_ASM399066v2_genomic_prodigal_proteins	2499	636	53.91	12.10	38.08
GCA_002172045.1_ASM217204v1_genomic_prodigal_proteins	1670	GCA_003209135.1_ASM320913v1_genomic_prodigal_proteins	1719	575	63.95	14.19	34.43
GCA_002172045.1_ASM217204v1_genomic_prodigal_proteins	1670	GCA_009845105.1_ASM984510v1_genomic_prodigal_proteins	1941	582	61.40	12.68	34.85
GCA_002172045.1_ASM217204v1_genomic_prodigal_proteins	1670	GCA_002690325.1_ASM269032v1_genomic_prodigal_proteins	2554	919	64.34	14.20	55.03
GCA_002172045.1_ASM217204v1_genomic_prodigal_proteins	1670	GCA_000161795.2_ASM16179v2_genomic_prodigal_proteins	2407	988	65.89	14.27	59.16
GCA_002172045.1_ASM217204v1_genomic_prodigal_proteins	1670	GCA_004211895.1_ASM421189v1_genomic_prodigal_proteins	954	451	65.40	13.96	47.27
GCA_002172045.1_ASM217204v1_genomic_prodigal_proteins	1670	GCA_003210735.1_ASM321073v1_genomic_prodigal_proteins	2337	761	64.09	14.33	45.57
GCA_002172045.1_ASM217204v1_genomic_prodigal_proteins	1670	GCA_003209035.1_ASM320903v1_genomic_prodigal_proteins	1803	623	64.65	14.74	37.31
GCA_002172045.1_ASM217204v1_genomic_prodigal_proteins	1670	GCA_003712085.1_ASM371208v1_genomic_prodigal_proteins	2745	1032	65.68	14.17	61.80
GCA_002172045.1_ASM217204v1_genomic_prodigal_proteins	1670	GCA_003212155.1_ASM321215v1_genomic_prodigal_proteins	262	73	89.80	14.99	27.86
GCA_002172045.1_ASM217204v1_genomic_prodigal_proteins	1670	GCA_001040845.1_ASM104084v1_genomic_prodigal_proteins	2917	1051	64.55	14.35	62.93
GCA_002172045.1_ASM217204v1_genomic_prodigal_proteins	1670	GCA_002018015.1_ASM201801v1_genomic_prodigal_proteins	1578	563	62.72	13.00	35.68
GCA_002172045.1_ASM217204v1_genomic_prodigal_proteins	1670	GCA_003211255.1_ASM321125v1_genomic_prodigal_proteins	1850	589	63.99	14.41	35.27
GCA_002172045.1_ASM217204v1_genomic_prodigal_proteins	1670	GCA_002721235.1_ASM272123v1_genomic_prodigal_proteins	3119	684	53.36	12.50	40.96
GCA_002172045.1_ASM217204v1_genomic_prodigal_proteins	1670	GCA_009839305.1_ASM983930v1_genomic_prodigal_proteins	1816	562	61.94	13.45	33.65
GCA_002172045.1_ASM217204v1_genomic_prodigal_proteins	1670	GCA_011365345.1_ASM1136534v1_genomic_prodigal_proteins	2655	1036	65.53	14.43	62.04
GCA_002172045.1_ASM217204v1_genomic_prodigal_proteins	1670	GCA_001039265.1_ASM103926v1_genomic_prodigal_proteins	2832	658	67.95	14.00	39.40
GCA_002172045.1_ASM217204v1_genomic_prodigal_proteins	1670	GCA_001628325.1_ASM162832v1_genomic_prodigal_proteins	2129	934	66.11	14.31	55.93
GCA_002172045.1_ASM217204v1_genomic_prodigal_proteins	1670	GCA_003209215.1_ASM320921v1_genomic_prodigal_proteins	1679	491	65.28	14.63	29.40
GCA_002172045.1_ASM217204v1_genomic_prodigal_proteins	1670	GCA_002737305.1_ASM273730v1_genomic_prodigal_proteins	1951	747	67.00	13.69	44.73
GCA_002172045.1_ASM217204v1_genomic_prodigal_proteins	1670	GCA_003210515.1_ASM321051v1_genomic_prodigal_proteins	1673	608	63.95	14.88	36.41
GCA_002172045.1_ASM217204v1_genomic_prodigal_proteins	1670	GCA_011525445.1_ASM1152544v1_genomic_prodigal_proteins	3208	877	64.47	14.45	52.51
GCA_002172045.1_ASM217204v1_genomic_prodigal_proteins	1670	GCA_902599435.1_AG-916-N22_genomic_prodigal_proteins	793	299	66.29	14.85	37.70
GCA_002172045.1_ASM217204v1_genomic_prodigal_proteins	1670	GCA_003149585.1_ASM314958v1_genomic_prodigal_proteins	2600	1038	66.91	13.73	62.16
GCA_002172045.1_ASM217204v1_genomic_prodigal_proteins	1670	GCA_902560665.1_AG-905-O11_genomic_prodigal_proteins	401	104	64.10	15.53	25.94
GCA_002172045.1_ASM217204v1_genomic_prodigal_proteins	1670	GCA_003331795.1_ASM333179v1_genomic_prodigal_proteins	1948	1308	98.64	3.36	78.32
GCA_002172045.1_ASM217204v1_genomic_prodigal_proteins	1670	GCA_002017955.1_ASM201795v1_genomic_prodigal_proteins	512	147	62.51	12.83	28.71
GCA_002172045.1_ASM217204v1_genomic_prodigal_proteins	1670	GCA_902584485.1_AG-912-O23_genomic_prodigal_proteins	535	151	62.98	15.14	28.22
GCA_002172045.1_ASM217204v1_genomic_prodigal_proteins	1670	GCA_902527915.1_AG-896-G19_genomic_prodigal_proteins	1003	291	64.95	14.77	29.01
GCA_002172045.1_ASM217204v1_genomic_prodigal_proteins	1670	GCA_902635365.1_AG-447-D19_genomic_prodigal_proteins	1690	488	66.03	14.49	29.22
GCA_002172045.1_ASM217204v1_genomic_prodigal_proteins	1670	GCA_900474085.1_UW86_genomic_prodigal_proteins	2403	1009	65.74	14.43	60.42
GCA_002172045.1_ASM217204v1_genomic_prodigal_proteins	1670	GCA_001885215.1_ASM188521v1_genomic_prodigal_proteins	2897	993	65.76	13.49	59.46
GCA_002172045.1_ASM217204v1_genomic_prodigal_proteins	1670	GCA_902575935.1_AG-426-B22_genomic_prodigal_proteins	254	115	68.47	14.98	45.28
GCA_002172045.1_ASM217204v1_genomic_prodigal_proteins	1670	GCA_900474295.1_UW140_genomic_prodigal_proteins	2925	1043	65.38	14.27	62.46
GCA_002172045.1_ASM217204v1_genomic_prodigal_proteins	1670	GCA_003211565.1_ASM321156v1_genomic_prodigal_proteins	1489	494	64.25	14.64	33.18
GCA_002172045.1_ASM217204v1_genomic_prodigal_proteins	1670	GCA_003526105.1_ASM352610v1_genomic_prodigal_proteins	1581	576	66.28	14.88	36.43
GCA_002172045.1_ASM217204v1_genomic_prodigal_proteins	1670	GCA_002172935.1_ASM217293v1_genomic_prodigal_proteins	1996	799	64.47	14.18	47.84
GCA_002172045.1_ASM217204v1_genomic_prodigal_proteins	1670	GCA_003210335.1_ASM321033v1_genomic_prodigal_proteins	942	229	61.74	15.08	24.31
GCA_002172045.1_ASM217204v1_genomic_prodigal_proteins	1670	GCA_009846115.1_ASM984611v1_genomic_prodigal_proteins	2048	652	61.35	13.03	39.04
GCA_002172045.1_ASM217204v1_genomic_prodigal_proteins	1670	GCA_001693295.1_ASM169329v1_genomic_prodigal_proteins	3183	679	53.43	12.62	40.66
GCA_002172045.1_ASM217204v1_genomic_prodigal_proteins	1670	GCA_900473965.1_UW179A_genomic_prodigal_proteins	3383	1060	64.75	14.27	63.47
GCA_002172045.1_ASM217204v1_genomic_prodigal_proteins	1670	GCA_003213755.1_ASM321375v1_genomic_prodigal_proteins	1050	433	93.78	10.10	41.24
GCA_002172045.1_ASM217204v1_genomic_prodigal_proteins	1670	GCA_003209155.1_ASM320915v1_genomic_prodigal_proteins	2305	809	65.17	14.38	48.44
GCA_002172045.1_ASM217204v1_genomic_prodigal_proteins	1670	GCA_003211515.1_ASM321151v1_genomic_prodigal_proteins	2451	699	64.52	14.11	41.86
GCA_002172045.1_ASM217204v1_genomic_prodigal_proteins	1670	GCA_002693285.1_ASM269328v1_genomic_prodigal_proteins	2440	923	65.04	14.30	55.27
GCA_002172045.1_ASM217204v1_genomic_prodigal_proteins	1670	GCA_003210555.1_ASM321055v1_genomic_prodigal_proteins	1847	587	63.36	14.16	35.15
GCA_002172045.1_ASM217204v1_genomic_prodigal_proteins	1670	GCA_000155595.1_ASM15559v1_genomic_prodigal_proteins	5270	680	53.42	12.28	40.72
GCA_002172045.1_ASM217204v1_genomic_prodigal_proteins	1670	GCA_001007665.1_ASM100766v1_genomic_prodigal_proteins	2356	734	61.71	12.73	43.95
GCA_002172045.1_ASM217204v1_genomic_prodigal_proteins	1670	GCA_009919765.1_ASM991976v1_genomic_prodigal_proteins	2524	1084	97.33	6.88	64.91
GCA_002172045.1_ASM217204v1_genomic_prodigal_proteins	1670	GCA_003331225.1_ASM333122v1_genomic_prodigal_proteins	2113	1180	76.92	12.14	70.66
GCA_002172045.1_ASM217204v1_genomic_prodigal_proteins	1670	GCA_900177825.1_IMG-taxon_2708742468_annotated_assembly_genomic_prodigal_proteins	3317	670	53.54	12.57	40.12
GCA_002172045.1_ASM217204v1_genomic_prodigal_proteins	1670	GCA_000195975.1_ASM19597v1_genomic_prodigal_proteins	2719	1033	65.78	14.07	61.86
GCA_002172045.1_ASM217204v1_genomic_prodigal_proteins	1670	GCA_902618885.1_AG-920-D15_genomic_prodigal_proteins	1178	435	66.77	15.26	36.93
GCA_002172045.1_ASM217204v1_genomic_prodigal_proteins	1670	GCA_003209165.1_ASM320916v1_genomic_prodigal_proteins	2711	876	65.22	14.50	52.46
GCA_002172045.1_ASM217204v1_genomic_prodigal_proteins	1670	GCA_001007625.1_ASM100762v1_genomic_prodigal_proteins	2478	650	61.87	13.09	38.92
GCA_002172045.1_ASM217204v1_genomic_prodigal_proteins	1670	GCA_008386235.1_ASM838623v1_genomic_prodigal_proteins	2571	632	53.86	12.08	37.84
GCA_002172045.1_ASM217204v1_genomic_prodigal_proteins	1670	GCA_001631935.1_ASM163193v1_genomic_prodigal_proteins	3526	1058	65.04	14.15	63.35
GCA_002172045.1_ASM217204v1_genomic_prodigal_proteins	1670	GCA_002151525.1_ASM215152v1_genomic_prodigal_proteins	1628	794	69.67	13.24	48.77
GCA_002172045.1_ASM217204v1_genomic_prodigal_proteins	1670	GCA_000153065.1_ASM15306v1_genomic_prodigal_proteins	2704	1011	66.18	14.16	60.54
GCA_002172045.1_ASM217204v1_genomic_prodigal_proteins	1670	GCA_009837265.1_ASM983726v1_genomic_prodigal_proteins	2126	701	61.38	12.85	41.98
GCA_002172045.1_ASM217204v1_genomic_prodigal_proteins	1670	GCA_902533725.1_AG-898-C20_genomic_prodigal_proteins	421	72	63.29	16.10	17.10
GCA_002172045.1_ASM217204v1_genomic_prodigal_proteins	1670	GCA_002171075.2_ASM217107v2_genomic_prodigal_proteins	1919	939	74.67	12.11	56.23
GCA_002172045.1_ASM217204v1_genomic_prodigal_proteins	1670	GCA_002760395.1_ASM276039v1_genomic_prodigal_proteins	2661	558	53.22	11.64	33.41
GCA_002172045.1_ASM217204v1_genomic_prodigal_proteins	1670	GCA_003209005.1_ASM320900v1_genomic_prodigal_proteins	2548	839	64.80	14.31	50.24
GCA_002172045.1_ASM217204v1_genomic_prodigal_proteins	1670	GCA_002017915.1_ASM201791v1_genomic_prodigal_proteins	623	206	64.52	13.45	33.07
GCA_002172045.1_ASM217204v1_genomic_prodigal_proteins	1670	GCA_900047545.1_m9_genomic_prodigal_proteins	1575	543	61.17	12.72	34.48
GCA_002172045.1_ASM217204v1_genomic_prodigal_proteins	1670	GCA_001632105.1_ASM163210v1_genomic_prodigal_proteins	3521	1063	65.06	14.18	63.65
GCA_002172045.1_ASM217204v1_genomic_prodigal_proteins	1670	GCA_004212765.1_ASM421276v1_genomic_prodigal_proteins	1162	518	64.83	14.04	44.58
GCA_002172045.1_ASM217204v1_genomic_prodigal_proteins	1670	GCA_002685515.1_ASM268551v1_genomic_prodigal_proteins	1286	539	63.67	14.19	41.91
GCA_002172045.1_ASM217204v1_genomic_prodigal_proteins	1670	GCA_007828135.1_ASM782813v1_genomic_prodigal_proteins	2917	994	65.75	13.49	59.52
GCA_002172045.1_ASM217204v1_genomic_prodigal_proteins	1670	GCA_011047875.1_ASM1104787v1_genomic_prodigal_proteins	2810	577	53.11	11.82	34.55
GCA_002172045.1_ASM217204v1_genomic_prodigal_proteins	1670	GCA_009840445.1_ASM984044v1_genomic_prodigal_proteins	2167	756	61.54	12.81	45.27
GCA_002172045.1_ASM217204v1_genomic_prodigal_proteins	1670	GCA_003210995.1_ASM321099v1_genomic_prodigal_proteins	2385	762	65.56	14.57	45.63
GCA_002172045.1_ASM217204v1_genomic_prodigal_proteins	1670	GCA_902616995.1_AG-919-L20_genomic_prodigal_proteins	654	211	64.23	15.44	32.26
GCA_002172045.1_ASM217204v1_genomic_prodigal_proteins	1670	GCA_009845825.1_ASM984582v1_genomic_prodigal_proteins	2168	638	62.01	12.32	38.20
GCA_002172045.1_ASM217204v1_genomic_prodigal_proteins	1670	GCA_000515235.1_ASM51523v1_genomic_prodigal_proteins	2873	1024	64.83	14.15	61.32
GCA_002172045.1_ASM217204v1_genomic_prodigal_proteins	1670	GCA_003523965.1_ASM352396v1_genomic_prodigal_proteins	1735	512	62.25	12.68	30.66
GCA_002172045.1_ASM217204v1_genomic_prodigal_proteins	1670	GCA_002684175.1_ASM268417v1_genomic_prodigal_proteins	1819	621	63.68	13.75	37.19
GCA_002172045.1_ASM217204v1_genomic_prodigal_proteins	1670	GCA_011523295.1_ASM1152329v1_genomic_prodigal_proteins	2851	831	63.57	13.76	49.76
GCA_002172045.1_ASM217204v1_genomic_prodigal_proteins	1670	GCA_003211015.1_ASM321101v1_genomic_prodigal_proteins	2128	752	65.28	13.84	45.03
GCA_002172045.1_ASM217204v1_genomic_prodigal_proteins	1670	GCA_002006815.1_ASM200681v1_genomic_prodigal_proteins	1973	948	70.31	13.13	56.77
GCA_009844725.1_ASM984472v1_genomic_prodigal_proteins	2020	GCA_003331765.1_ASM333176v1_genomic_prodigal_proteins	2019	859	60.35	12.75	42.55
GCA_009844725.1_ASM984472v1_genomic_prodigal_proteins	2020	GCA_900473935.1_UW105_genomic_prodigal_proteins	2923	989	61.00	12.78	48.96
GCA_009844725.1_ASM984472v1_genomic_prodigal_proteins	2020	GCA_002168155.1_ASM216815v1_genomic_prodigal_proteins	2361	939	61.41	12.46	46.49
GCA_009844725.1_ASM984472v1_genomic_prodigal_proteins	2020	GCA_009846095.1_ASM984609v1_genomic_prodigal_proteins	2331	1213	86.74	8.65	60.05
GCA_009844725.1_ASM984472v1_genomic_prodigal_proteins	2020	GCA_009498715.1_ASM949871v1_genomic_prodigal_proteins	2867	780	55.74	12.48	38.61
GCA_009844725.1_ASM984472v1_genomic_prodigal_proteins	2020	GCA_002252635.1_ASM225263v1_genomic_prodigal_proteins	3011	989	62.52	12.34	48.96
GCA_009844725.1_ASM984472v1_genomic_prodigal_proteins	2020	GCA_009838425.1_ASM983842v1_genomic_prodigal_proteins	1544	851	86.68	8.61	55.12
GCA_009844725.1_ASM984472v1_genomic_prodigal_proteins	2020	GCA_900473895.1_N32_genomic_prodigal_proteins	2509	986	61.15	12.77	48.81
GCA_009844725.1_ASM984472v1_genomic_prodigal_proteins	2020	GCA_003210495.1_ASM321049v1_genomic_prodigal_proteins	1134	308	59.80	12.75	27.16
GCA_009844725.1_ASM984472v1_genomic_prodigal_proteins	2020	GCA_003011125.1_ASM301112v1_genomic_prodigal_proteins	3076	960	60.02	12.67	47.52
GCA_009844725.1_ASM984472v1_genomic_prodigal_proteins	2020	GCA_900177365.1_IMG-taxon_2708742537_annotated_assembly_genomic_prodigal_proteins	3310	766	53.14	12.24	37.92
GCA_009844725.1_ASM984472v1_genomic_prodigal_proteins	2020	GCA_002760445.1_ASM276044v1_genomic_prodigal_proteins	2661	675	53.22	11.50	33.42
GCA_009844725.1_ASM984472v1_genomic_prodigal_proteins	2020	GCA_900474185.1_UW69_genomic_prodigal_proteins	2629	982	60.91	12.78	48.61
GCA_009844725.1_ASM984472v1_genomic_prodigal_proteins	2020	GCA_003210775.1_ASM321077v1_genomic_prodigal_proteins	2665	708	60.15	13.07	35.05
GCA_009844725.1_ASM984472v1_genomic_prodigal_proteins	2020	GCA_002700765.1_ASM270076v1_genomic_prodigal_proteins	2134	756	60.73	12.77	37.43
GCA_009844725.1_ASM984472v1_genomic_prodigal_proteins	2020	GCA_902599585.1_AG-916-O11_genomic_prodigal_proteins	1470	501	61.32	13.33	34.08
GCA_009844725.1_ASM984472v1_genomic_prodigal_proteins	2020	GCA_900474045.1_N19_genomic_prodigal_proteins	2484	987	61.04	12.74	48.86
GCA_009844725.1_ASM984472v1_genomic_prodigal_proteins	2020	GCA_003210815.1_ASM321081v1_genomic_prodigal_proteins	2087	613	59.59	12.73	30.35
GCA_009844725.1_ASM984472v1_genomic_prodigal_proteins	2020	GCA_900473955.1_GEYO_genomic_prodigal_proteins	2674	962	60.73	12.68	47.62
GCA_009844725.1_ASM984472v1_genomic_prodigal_proteins	2020	GCA_002167425.2_ASM216742v2_genomic_prodigal_proteins	2822	835	59.91	12.72	41.34
GCA_009844725.1_ASM984472v1_genomic_prodigal_proteins	2020	GCA_009844645.1_ASM984464v1_genomic_prodigal_proteins	1983	1202	86.92	8.63	60.62
GCA_009844725.1_ASM984472v1_genomic_prodigal_proteins	2020	GCA_008081095.1_ASM808109v1_genomic_prodigal_proteins	1533	550	60.83	12.45	35.88
GCA_009844725.1_ASM984472v1_genomic_prodigal_proteins	2020	GCA_000014585.1_ASM1458v1_genomic_prodigal_proteins	2879	993	60.28	12.84	49.16
GCA_009844725.1_ASM984472v1_genomic_prodigal_proteins	2020	GCA_000317085.1_ASM31708v1_genomic_prodigal_proteins	3673	719	51.64	11.66	35.59
GCA_009844725.1_ASM984472v1_genomic_prodigal_proteins	2020	GCA_013133755.1_ASM1313375v1_genomic_prodigal_proteins	2700	953	60.70	12.66	47.18
GCA_009844725.1_ASM984472v1_genomic_prodigal_proteins	2020	GCA_003210475.1_ASM321047v1_genomic_prodigal_proteins	1514	475	60.14	12.49	31.37
GCA_009844725.1_ASM984472v1_genomic_prodigal_proteins	2020	GCA_003208815.1_ASM320881v1_genomic_prodigal_proteins	1352	373	59.12	13.02	27.59
GCA_009844725.1_ASM984472v1_genomic_prodigal_proteins	2020	GCA_000012505.1_ASM1250v1_genomic_prodigal_proteins	2461	981	60.29	12.70	48.56
GCA_009844725.1_ASM984472v1_genomic_prodigal_proteins	2020	GCA_000153825.1_ASM15382v1_genomic_prodigal_proteins	2811	984	61.27	12.82	48.71
GCA_009844725.1_ASM984472v1_genomic_prodigal_proteins	2020	GCA_002760475.1_ASM276047v1_genomic_prodigal_proteins	2647	680	53.16	11.51	33.66
GCA_009844725.1_ASM984472v1_genomic_prodigal_proteins	2020	GCA_003210565.1_ASM321056v1_genomic_prodigal_proteins	836	254	60.72	13.78	30.38
GCA_009844725.1_ASM984472v1_genomic_prodigal_proteins	2020	GCA_902618505.1_AG-892-K03_genomic_prodigal_proteins	959	262	61.07	13.77	27.32
GCA_009844725.1_ASM984472v1_genomic_prodigal_proteins	2020	GCA_005577135.1_ASM557713v1_genomic_prodigal_proteins	3356	775	53.07	12.23	38.37
GCA_009844725.1_ASM984472v1_genomic_prodigal_proteins	2020	GCA_003846445.1_ASM384644v1_genomic_prodigal_proteins	2740	810	55.63	12.47	40.10
GCA_009844725.1_ASM984472v1_genomic_prodigal_proteins	2020	GCA_000505665.1_ASM50566v1_genomic_prodigal_proteins	2466	752	53.85	11.98	37.23
GCA_009844725.1_ASM984472v1_genomic_prodigal_proteins	2020	GCA_902616255.1_AG-919-I18_genomic_prodigal_proteins	1046	319	60.03	12.69	30.50
GCA_009844725.1_ASM984472v1_genomic_prodigal_proteins	2020	GCA_001182765.1_WH8103.1_genomic_prodigal_proteins	2676	994	61.02	12.67	49.21
GCA_009844725.1_ASM984472v1_genomic_prodigal_proteins	2020	GCA_002760375.1_ASM276037v1_genomic_prodigal_proteins	2702	679	53.15	11.51	33.61
GCA_009844725.1_ASM984472v1_genomic_prodigal_proteins	2020	GCA_902592305.1_AG-914-O22_genomic_prodigal_proteins	179	53	60.63	12.42	29.61
GCA_009844725.1_ASM984472v1_genomic_prodigal_proteins	2020	GCA_001632165.1_ASM163216v1_genomic_prodigal_proteins	2830	964	60.67	12.61	47.72
GCA_009844725.1_ASM984472v1_genomic_prodigal_proteins	2020	GCA_004332405.1_ASM433240v1_genomic_prodigal_proteins	2437	985	61.20	12.88	48.76
GCA_009844725.1_ASM984472v1_genomic_prodigal_proteins	2020	GCA_900473975.1_N26_genomic_prodigal_proteins	2454	985	61.19	12.75	48.76
GCA_009844725.1_ASM984472v1_genomic_prodigal_proteins	2020	GCA_902612475.1_AG-918-G20_genomic_prodigal_proteins	502	123	60.08	12.45	24.50
GCA_009844725.1_ASM984472v1_genomic_prodigal_proteins	2020	GCA_000775285.1_ASM77528v1_genomic_prodigal_proteins	4812	704	54.21	12.35	34.85
GCA_009844725.1_ASM984472v1_genomic_prodigal_proteins	2020	GCA_002698505.1_ASM269850v1_genomic_prodigal_proteins	2471	927	60.58	12.66	45.89
GCA_009844725.1_ASM984472v1_genomic_prodigal_proteins	2020	GCA_002252665.1_ASM225266v1_genomic_prodigal_proteins	2771	1012	61.96	12.42	50.10
GCA_009844725.1_ASM984472v1_genomic_prodigal_proteins	2020	GCA_003555505.1_ASM355550v1_genomic_prodigal_proteins	3351	591	54.36	12.47	29.26
GCA_009844725.1_ASM984472v1_genomic_prodigal_proteins	2020	GCA_900474015.1_UW106_genomic_prodigal_proteins	2762	983	60.84	12.82	48.66
GCA_009844725.1_ASM984472v1_genomic_prodigal_proteins	2020	GCA_000715475.1_ASM71547v1_genomic_prodigal_proteins	3299	765	53.15	12.17	37.87
GCA_009844725.1_ASM984472v1_genomic_prodigal_proteins	2020	GCA_001628295.1_ASM162829v1_genomic_prodigal_proteins	2145	915	61.23	12.68	45.30
GCA_009844725.1_ASM984472v1_genomic_prodigal_proteins	2020	GCA_003208775.1_ASM320877v1_genomic_prodigal_proteins	1808	574	60.35	13.22	31.75
GCA_009844725.1_ASM984472v1_genomic_prodigal_proteins	2020	GCA_003210975.1_ASM321097v1_genomic_prodigal_proteins	627	241	60.15	13.75	38.44
GCA_009844725.1_ASM984472v1_genomic_prodigal_proteins	2020	GCA_003208915.1_ASM320891v1_genomic_prodigal_proteins	1208	347	60.28	12.52	28.73
GCA_009844725.1_ASM984472v1_genomic_prodigal_proteins	2020	GCA_009837735.1_ASM983773v1_genomic_prodigal_proteins	2041	1076	86.65	8.89	53.27
GCA_009844725.1_ASM984472v1_genomic_prodigal_proteins	2020	GCA_902548805.1_AG-901-N20_genomic_prodigal_proteins	158	32	64.35	13.44	20.25
GCA_009844725.1_ASM984472v1_genomic_prodigal_proteins	2020	GCA_003211235.1_ASM321123v1_genomic_prodigal_proteins	1698	532	59.92	13.02	31.33
GCA_009844725.1_ASM984472v1_genomic_prodigal_proteins	2020	GCA_004209775.1_ASM420977v1_genomic_prodigal_proteins	2798	997	61.46	12.97	49.36
GCA_009844725.1_ASM984472v1_genomic_prodigal_proteins	2020	GCA_003283215.1_ASM328321v1_genomic_prodigal_proteins	239	27	63.16	14.95	11.30
GCA_009844725.1_ASM984472v1_genomic_prodigal_proteins	2020	GCA_003209555.1_ASM320955v1_genomic_prodigal_proteins	908	249	61.39	13.37	27.42
GCA_009844725.1_ASM984472v1_genomic_prodigal_proteins	2020	GCA_000153805.1_ASM15380v1_genomic_prodigal_proteins	2517	983	60.34	12.80	48.66
GCA_009844725.1_ASM984472v1_genomic_prodigal_proteins	2020	GCA_003283205.1_ASM328320v1_genomic_prodigal_proteins	274	36	60.48	15.36	13.14
GCA_009844725.1_ASM984472v1_genomic_prodigal_proteins	2020	GCA_900473925.1_N5_genomic_prodigal_proteins	2417	977	61.12	12.73	48.37
GCA_009844725.1_ASM984472v1_genomic_prodigal_proteins	2020	GCA_902592665.1_AG-447-E14_genomic_prodigal_proteins	1111	269	58.75	13.60	24.21
GCA_009844725.1_ASM984472v1_genomic_prodigal_proteins	2020	GCA_011523155.1_ASM1152315v1_genomic_prodigal_proteins	2101	685	59.52	12.28	33.91
GCA_009844725.1_ASM984472v1_genomic_prodigal_proteins	2020	GCA_003211275.1_ASM321127v1_genomic_prodigal_proteins	2168	625	60.11	12.82	30.94
GCA_009844725.1_ASM984472v1_genomic_prodigal_proteins	2020	GCA_003957805.1_ASM395780v1_genomic_prodigal_proteins	2887	835	55.41	12.38	41.34
GCA_009844725.1_ASM984472v1_genomic_prodigal_proteins	2020	GCA_012270465.1_ASM1227046v1_genomic_prodigal_proteins	2311	836	61.02	12.20	41.39
GCA_009844725.1_ASM984472v1_genomic_prodigal_proteins	2020	GCA_001693255.1_ASM169325v1_genomic_prodigal_proteins	3177	775	53.07	12.21	38.37
GCA_009844725.1_ASM984472v1_genomic_prodigal_proteins	2020	GCA_003210385.1_ASM321038v1_genomic_prodigal_proteins	286	122	59.39	11.67	42.66
GCA_009844725.1_ASM984472v1_genomic_prodigal_proteins	2020	GCA_002170705.1_ASM217070v1_genomic_prodigal_proteins	1392	543	61.03	12.50	39.01
GCA_009844725.1_ASM984472v1_genomic_prodigal_proteins	2020	GCA_002356215.1_ASM235621v1_genomic_prodigal_proteins	2953	775	52.89	12.42	38.37
GCA_009844725.1_ASM984472v1_genomic_prodigal_proteins	2020	GCA_003210935.1_ASM321093v1_genomic_prodigal_proteins	1868	653	60.41	12.84	34.96
GCA_009844725.1_ASM984472v1_genomic_prodigal_proteins	2020	GCA_003210535.1_ASM321053v1_genomic_prodigal_proteins	1257	384	58.76	12.71	30.55
GCA_009844725.1_ASM984472v1_genomic_prodigal_proteins	2020	GCA_002724845.1_ASM272484v1_genomic_prodigal_proteins	1589	716	60.51	12.74	45.06
GCA_009844725.1_ASM984472v1_genomic_prodigal_proteins	2020	GCA_000153285.1_ASM15328v1_genomic_prodigal_proteins	2746	982	60.87	12.96	48.61
GCA_009844725.1_ASM984472v1_genomic_prodigal_proteins	2020	GCA_003211035.1_ASM321103v1_genomic_prodigal_proteins	530	172	59.69	12.42	32.45
GCA_009844725.1_ASM984472v1_genomic_prodigal_proteins	2020	GCA_001521855.1_ASM152185v1_genomic_prodigal_proteins	3144	773	53.19	12.18	38.27
GCA_009844725.1_ASM984472v1_genomic_prodigal_proteins	2020	GCA_009835965.1_ASM983596v1_genomic_prodigal_proteins	2105	1577	99.21	3.40	78.07
GCA_009844725.1_ASM984472v1_genomic_prodigal_proteins	2020	GCA_012269695.1_ASM1226969v1_genomic_prodigal_proteins	2043	714	61.29	12.18	35.35
GCA_009844725.1_ASM984472v1_genomic_prodigal_proteins	2020	GCA_000737535.1_ASM73753v1_genomic_prodigal_proteins	3013	968	60.94	12.74	47.92
GCA_009844725.1_ASM984472v1_genomic_prodigal_proteins	2020	GCA_000586015.1_SynSpo.0_genomic_prodigal_proteins	1907	1010	85.75	8.86	52.96
GCA_009844725.1_ASM984472v1_genomic_prodigal_proteins	2020	GCA_002760345.1_ASM276034v1_genomic_prodigal_proteins	2731	691	53.05	11.47	34.21
GCA_009844725.1_ASM984472v1_genomic_prodigal_proteins	2020	GCA_000013225.1_ASM1322v1_genomic_prodigal_proteins	2844	686	53.03	11.57	33.96
GCA_009844725.1_ASM984472v1_genomic_prodigal_proteins	2020	GCA_000332275.1_ASM33227v1_genomic_prodigal_proteins	4564	738	52.39	11.54	36.53
GCA_009844725.1_ASM984472v1_genomic_prodigal_proteins	2020	GCA_002252675.1_ASM225267v1_genomic_prodigal_proteins	3295	991	62.25	12.42	49.06
GCA_009844725.1_ASM984472v1_genomic_prodigal_proteins	2020	GCA_000737575.1_ASM73757v1_genomic_prodigal_proteins	2662	989	61.31	12.72	48.96
GCA_009844725.1_ASM984472v1_genomic_prodigal_proteins	2020	GCA_902596755.1_AG-916-D19_genomic_prodigal_proteins	1152	354	59.59	12.93	30.73
GCA_009844725.1_ASM984472v1_genomic_prodigal_proteins	2020	GCA_003211455.1_ASM321145v1_genomic_prodigal_proteins	1186	347	59.71	13.10	29.26
GCA_009844725.1_ASM984472v1_genomic_prodigal_proteins	2020	GCA_003208755.1_ASM320875v1_genomic_prodigal_proteins	690	211	59.89	13.21	30.58
GCA_009844725.1_ASM984472v1_genomic_prodigal_proteins	2020	GCA_007571215.1_ASM757121v1_genomic_prodigal_proteins	1879	1195	78.33	10.37	63.60
GCA_009844725.1_ASM984472v1_genomic_prodigal_proteins	2020	GCA_001007635.1_ASM100763v1_genomic_prodigal_proteins	2333	1163	85.52	8.98	57.57
GCA_009844725.1_ASM984472v1_genomic_prodigal_proteins	2020	GCA_000179255.1_ASM17925v1_genomic_prodigal_proteins	2729	999	61.93	12.43	49.46
GCA_009844725.1_ASM984472v1_genomic_prodigal_proteins	2020	GCA_003208975.1_ASM320897v1_genomic_prodigal_proteins	1804	516	59.61	12.65	28.60
GCA_009844725.1_ASM984472v1_genomic_prodigal_proteins	2020	GCA_012103655.1_ASM1210365v1_genomic_prodigal_proteins	2723	974	60.48	12.77	48.22
GCA_009844725.1_ASM984472v1_genomic_prodigal_proteins	2020	GCA_902582045.1_AG-912-B07_genomic_prodigal_proteins	196	35	57.55	12.38	17.86
GCA_009844725.1_ASM984472v1_genomic_prodigal_proteins	2020	GCA_000153045.1_ASM15304v1_genomic_prodigal_proteins	3242	1009	62.12	12.33	49.95
GCA_009844725.1_ASM984472v1_genomic_prodigal_proteins	2020	GCA_902549675.1_AG-903-B09_genomic_prodigal_proteins	836	268	60.59	13.16	32.06
GCA_009844725.1_ASM984472v1_genomic_prodigal_proteins	2020	GCA_002018045.1_ASM201804v1_genomic_prodigal_proteins	1559	956	85.65	9.60	61.32
GCA_009844725.1_ASM984472v1_genomic_prodigal_proteins	2020	GCA_004213055.1_ASM421305v1_genomic_prodigal_proteins	2241	901	61.17	12.82	44.60
GCA_009844725.1_ASM984472v1_genomic_prodigal_proteins	2020	GCA_007571085.1_ASM757108v1_genomic_prodigal_proteins	1784	1168	78.41	10.28	65.47
GCA_009844725.1_ASM984472v1_genomic_prodigal_proteins	2020	GCA_009839805.1_ASM983980v1_genomic_prodigal_proteins	1848	939	85.72	9.08	50.81
GCA_009844725.1_ASM984472v1_genomic_prodigal_proteins	2020	GCA_003210375.1_ASM321037v1_genomic_prodigal_proteins	2155	723	59.62	12.80	35.79
GCA_009844725.1_ASM984472v1_genomic_prodigal_proteins	2020	GCA_004332415.1_ASM433241v1_genomic_prodigal_proteins	2408	984	61.23	12.83	48.71
GCA_009844725.1_ASM984472v1_genomic_prodigal_proteins	2020	GCA_009836025.1_ASM983602v1_genomic_prodigal_proteins	2290	1272	86.72	8.88	62.97
GCA_009844725.1_ASM984472v1_genomic_prodigal_proteins	2020	GCA_009843455.1_ASM984345v1_genomic_prodigal_proteins	2423	1256	86.67	9.05	62.18
GCA_009844725.1_ASM984472v1_genomic_prodigal_proteins	2020	GCA_009843485.1_ASM984348v1_genomic_prodigal_proteins	2158	1667	99.86	1.16	82.52
GCA_009844725.1_ASM984472v1_genomic_prodigal_proteins	2020	GCA_003283135.1_ASM328313v1_genomic_prodigal_proteins	459	76	60.48	13.15	16.56
GCA_009844725.1_ASM984472v1_genomic_prodigal_proteins	2020	GCA_902635485.1_AG-447-G23_genomic_prodigal_proteins	327	64	60.41	14.97	19.57
GCA_009844725.1_ASM984472v1_genomic_prodigal_proteins	2020	GCA_002760415.1_ASM276041v1_genomic_prodigal_proteins	2670	683	53.15	11.48	33.81
GCA_009844725.1_ASM984472v1_genomic_prodigal_proteins	2020	GCA_002754935.1_ASM275493v1_genomic_prodigal_proteins	2664	727	53.90	12.03	35.99
GCA_009844725.1_ASM984472v1_genomic_prodigal_proteins	2020	GCA_002171685.2_ASM217168v2_genomic_prodigal_proteins	811	408	60.54	12.40	50.31
GCA_009844725.1_ASM984472v1_genomic_prodigal_proteins	2020	GCA_000737595.1_ASM73759v1_genomic_prodigal_proteins	2774	991	60.78	12.84	49.06
GCA_009844725.1_ASM984472v1_genomic_prodigal_proteins	2020	GCA_003331785.1_ASM333178v1_genomic_prodigal_proteins	2125	914	60.38	12.78	45.25
GCA_009844725.1_ASM984472v1_genomic_prodigal_proteins	2020	GCA_009842265.1_ASM984226v1_genomic_prodigal_proteins	2398	1282	86.88	8.38	63.47
GCA_009844725.1_ASM984472v1_genomic_prodigal_proteins	2020	GCA_902579345.1_AG-911-L15_genomic_prodigal_proteins	248	55	56.48	13.98	22.18
GCA_009844725.1_ASM984472v1_genomic_prodigal_proteins	2020	GCA_000011345.1_ASM1134v1_genomic_prodigal_proteins	2520	763	54.04	12.02	37.77
GCA_009844725.1_ASM984472v1_genomic_prodigal_proteins	2020	GCA_003210705.1_ASM321070v1_genomic_prodigal_proteins	2244	689	60.19	12.77	34.11
GCA_009844725.1_ASM984472v1_genomic_prodigal_proteins	2020	GCA_000019485.1_ASM1948v1_genomic_prodigal_proteins	3233	777	53.14	12.19	38.47
GCA_009844725.1_ASM984472v1_genomic_prodigal_proteins	2020	GCA_003283055.1_ASM328305v1_genomic_prodigal_proteins	482	36	58.71	14.80	7.47
GCA_009844725.1_ASM984472v1_genomic_prodigal_proteins	2020	GCA_000010065.1_ASM1006v1_genomic_prodigal_proteins	2691	827	55.31	12.43	40.94
GCA_009844725.1_ASM984472v1_genomic_prodigal_proteins	2020	GCA_000316685.1_ASM31668v1_genomic_prodigal_proteins	3706	788	53.18	12.12	39.01
GCA_009844725.1_ASM984472v1_genomic_prodigal_proteins	2020	GCA_000063525.1_ASM6352v1_genomic_prodigal_proteins	2540	1010	61.78	12.55	50.00
GCA_009844725.1_ASM984472v1_genomic_prodigal_proteins	2020	GCA_003283165.1_ASM328316v1_genomic_prodigal_proteins	217	41	56.40	11.81	18.89
GCA_009844725.1_ASM984472v1_genomic_prodigal_proteins	2020	GCA_902540675.1_AG-359-E22_genomic_prodigal_proteins	584	158	61.89	14.39	27.05
GCA_009844725.1_ASM984472v1_genomic_prodigal_proteins	2020	GCA_011055065.1_ASM1105506v1_genomic_prodigal_proteins	2792	659	53.03	11.61	32.62
GCA_009844725.1_ASM984472v1_genomic_prodigal_proteins	2020	GCA_000013205.1_ASM1320v1_genomic_prodigal_proteins	2750	692	53.08	11.50	34.26
GCA_009844725.1_ASM984472v1_genomic_prodigal_proteins	2020	GCA_003539795.1_ASM353979v1_genomic_prodigal_proteins	2284	762	59.55	12.25	37.72
GCA_009844725.1_ASM984472v1_genomic_prodigal_proteins	2020	GCA_002171995.1_ASM217199v1_genomic_prodigal_proteins	1978	588	60.91	12.47	29.73
GCA_009844725.1_ASM984472v1_genomic_prodigal_proteins	2020	GCA_011523835.1_ASM1152383v1_genomic_prodigal_proteins	2468	849	60.26	12.63	42.03
GCA_009844725.1_ASM984472v1_genomic_prodigal_proteins	2020	GCA_002172175.1_ASM217217v1_genomic_prodigal_proteins	1846	632	60.04	12.36	34.24
GCA_009844725.1_ASM984472v1_genomic_prodigal_proteins	2020	GCA_003208835.1_ASM320883v1_genomic_prodigal_proteins	2208	731	60.31	13.11	36.19
GCA_009844725.1_ASM984472v1_genomic_prodigal_proteins	2020	GCA_902589915.1_AG-914-F20_genomic_prodigal_proteins	373	84	61.49	12.98	22.52
GCA_009844725.1_ASM984472v1_genomic_prodigal_proteins	2020	GCA_000485815.1_ASM48581v1_genomic_prodigal_proteins	3083	762	53.00	12.36	37.72
GCA_009844725.1_ASM984472v1_genomic_prodigal_proteins	2020	GCA_008807075.1_ASM880707v1_genomic_prodigal_proteins	2925	970	61.75	12.63	48.02
GCA_009844725.1_ASM984472v1_genomic_prodigal_proteins	2020	GCA_000179235.2_ASM17923v2_genomic_prodigal_proteins	3071	1017	62.01	12.46	50.35
GCA_009844725.1_ASM984472v1_genomic_prodigal_proteins	2020	GCA_003210795.1_ASM321079v1_genomic_prodigal_proteins	2239	740	60.32	12.62	36.63
GCA_009844725.1_ASM984472v1_genomic_prodigal_proteins	2020	GCA_002706715.1_ASM270671v1_genomic_prodigal_proteins	1148	510	60.33	12.89	44.43
GCA_009844725.1_ASM984472v1_genomic_prodigal_proteins	2020	GCA_003331245.1_ASM333124v1_genomic_prodigal_proteins	2021	823	60.76	12.25	40.74
GCA_009844725.1_ASM984472v1_genomic_prodigal_proteins	2020	GCA_009843385.1_ASM984338v1_genomic_prodigal_proteins	2085	1115	86.46	9.34	55.20
GCA_009844725.1_ASM984472v1_genomic_prodigal_proteins	2020	GCA_003211205.1_ASM321120v1_genomic_prodigal_proteins	2288	750	60.36	12.83	37.13
GCA_009844725.1_ASM984472v1_genomic_prodigal_proteins	2020	GCA_000063505.1_ASM6350v1_genomic_prodigal_proteins	2558	970	61.00	13.02	48.02
GCA_009844725.1_ASM984472v1_genomic_prodigal_proteins	2020	GCA_900474245.1_UW179B_genomic_prodigal_proteins	2743	978	60.56	12.80	48.42
GCA_009844725.1_ASM984472v1_genomic_prodigal_proteins	2020	GCA_003210345.1_ASM321034v1_genomic_prodigal_proteins	1256	422	58.68	12.55	33.60
GCA_009844725.1_ASM984472v1_genomic_prodigal_proteins	2020	GCA_003210315.1_ASM321031v1_genomic_prodigal_proteins	1815	599	59.74	12.86	33.00
GCA_009844725.1_ASM984472v1_genomic_prodigal_proteins	2020	GCA_009836155.1_ASM983615v1_genomic_prodigal_proteins	1947	1196	87.02	8.38	61.43
GCA_009844725.1_ASM984472v1_genomic_prodigal_proteins	2020	GCA_003990665.2_ASM399066v2_genomic_prodigal_proteins	2499	763	54.07	11.99	37.77
GCA_009844725.1_ASM984472v1_genomic_prodigal_proteins	2020	GCA_003209135.1_ASM320913v1_genomic_prodigal_proteins	1719	508	59.31	12.89	29.55
GCA_009844725.1_ASM984472v1_genomic_prodigal_proteins	2020	GCA_009845105.1_ASM984510v1_genomic_prodigal_proteins	1941	1135	86.57	8.71	58.48
GCA_009844725.1_ASM984472v1_genomic_prodigal_proteins	2020	GCA_002690325.1_ASM269032v1_genomic_prodigal_proteins	2554	897	59.57	12.65	44.41
GCA_009844725.1_ASM984472v1_genomic_prodigal_proteins	2020	GCA_000161795.2_ASM16179v2_genomic_prodigal_proteins	2407	982	61.03	12.69	48.61
GCA_009844725.1_ASM984472v1_genomic_prodigal_proteins	2020	GCA_004211895.1_ASM421189v1_genomic_prodigal_proteins	954	429	60.77	12.47	44.97
GCA_009844725.1_ASM984472v1_genomic_prodigal_proteins	2020	GCA_003210735.1_ASM321073v1_genomic_prodigal_proteins	2337	724	60.08	12.90	35.84
GCA_009844725.1_ASM984472v1_genomic_prodigal_proteins	2020	GCA_003209035.1_ASM320903v1_genomic_prodigal_proteins	1803	541	60.44	12.68	30.01
GCA_009844725.1_ASM984472v1_genomic_prodigal_proteins	2020	GCA_003712085.1_ASM371208v1_genomic_prodigal_proteins	2745	1002	60.91	12.68	49.60
GCA_009844725.1_ASM984472v1_genomic_prodigal_proteins	2020	GCA_003212155.1_ASM321215v1_genomic_prodigal_proteins	262	57	58.76	16.00	21.76
GCA_009844725.1_ASM984472v1_genomic_prodigal_proteins	2020	GCA_001040845.1_ASM104084v1_genomic_prodigal_proteins	2917	991	60.23	12.92	49.06
GCA_009844725.1_ASM984472v1_genomic_prodigal_proteins	2020	GCA_002018015.1_ASM201801v1_genomic_prodigal_proteins	1578	947	85.82	9.03	60.01
GCA_009844725.1_ASM984472v1_genomic_prodigal_proteins	2020	GCA_003211255.1_ASM321125v1_genomic_prodigal_proteins	1850	552	60.18	12.49	29.84
GCA_009844725.1_ASM984472v1_genomic_prodigal_proteins	2020	GCA_002721235.1_ASM272123v1_genomic_prodigal_proteins	3119	776	53.12	12.22	38.42
GCA_009844725.1_ASM984472v1_genomic_prodigal_proteins	2020	GCA_009839305.1_ASM983930v1_genomic_prodigal_proteins	1816	1332	99.66	2.95	73.35
GCA_009844725.1_ASM984472v1_genomic_prodigal_proteins	2020	GCA_011365345.1_ASM1136534v1_genomic_prodigal_proteins	2655	985	61.01	12.73	48.76
GCA_009844725.1_ASM984472v1_genomic_prodigal_proteins	2020	GCA_001039265.1_ASM103926v1_genomic_prodigal_proteins	2832	714	63.15	12.56	35.35
GCA_009844725.1_ASM984472v1_genomic_prodigal_proteins	2020	GCA_001628325.1_ASM162832v1_genomic_prodigal_proteins	2129	906	61.07	12.62	44.85
GCA_009844725.1_ASM984472v1_genomic_prodigal_proteins	2020	GCA_003209215.1_ASM320921v1_genomic_prodigal_proteins	1679	523	60.22	12.75	31.15
GCA_009844725.1_ASM984472v1_genomic_prodigal_proteins	2020	GCA_002737305.1_ASM273730v1_genomic_prodigal_proteins	1951	801	62.35	12.55	41.06
GCA_009844725.1_ASM984472v1_genomic_prodigal_proteins	2020	GCA_003210515.1_ASM321051v1_genomic_prodigal_proteins	1673	552	59.92	12.74	32.99
GCA_009844725.1_ASM984472v1_genomic_prodigal_proteins	2020	GCA_011525445.1_ASM1152544v1_genomic_prodigal_proteins	3208	818	59.52	12.53	40.50
GCA_009844725.1_ASM984472v1_genomic_prodigal_proteins	2020	GCA_902599435.1_AG-916-N22_genomic_prodigal_proteins	793	246	62.19	12.95	31.02
GCA_009844725.1_ASM984472v1_genomic_prodigal_proteins	2020	GCA_003149585.1_ASM314958v1_genomic_prodigal_proteins	2600	1006	61.87	12.46	49.80
GCA_009844725.1_ASM984472v1_genomic_prodigal_proteins	2020	GCA_902560665.1_AG-905-O11_genomic_prodigal_proteins	401	96	58.67	13.02	23.94
GCA_009844725.1_ASM984472v1_genomic_prodigal_proteins	2020	GCA_003331795.1_ASM333179v1_genomic_prodigal_proteins	1948	812	61.71	12.61	41.68
GCA_009844725.1_ASM984472v1_genomic_prodigal_proteins	2020	GCA_002017955.1_ASM201795v1_genomic_prodigal_proteins	512	267	84.50	10.09	52.15
GCA_009844725.1_ASM984472v1_genomic_prodigal_proteins	2020	GCA_902584485.1_AG-912-O23_genomic_prodigal_proteins	535	131	59.19	13.57	24.49
GCA_009844725.1_ASM984472v1_genomic_prodigal_proteins	2020	GCA_902527915.1_AG-896-G19_genomic_prodigal_proteins	1003	301	61.37	13.05	30.01
GCA_009844725.1_ASM984472v1_genomic_prodigal_proteins	2020	GCA_902635365.1_AG-447-D19_genomic_prodigal_proteins	1690	480	60.45	13.20	28.40
GCA_009844725.1_ASM984472v1_genomic_prodigal_proteins	2020	GCA_900474085.1_UW86_genomic_prodigal_proteins	2403	986	61.05	12.74	48.81
GCA_009844725.1_ASM984472v1_genomic_prodigal_proteins	2020	GCA_001885215.1_ASM188521v1_genomic_prodigal_proteins	2897	1015	61.96	12.17	50.25
GCA_009844725.1_ASM984472v1_genomic_prodigal_proteins	2020	GCA_902575935.1_AG-426-B22_genomic_prodigal_proteins	254	107	63.22	15.07	42.13
GCA_009844725.1_ASM984472v1_genomic_prodigal_proteins	2020	GCA_900474295.1_UW140_genomic_prodigal_proteins	2925	995	60.86	12.81	49.26
GCA_009844725.1_ASM984472v1_genomic_prodigal_proteins	2020	GCA_003211565.1_ASM321156v1_genomic_prodigal_proteins	1489	448	61.29	12.86	30.09
GCA_009844725.1_ASM984472v1_genomic_prodigal_proteins	2020	GCA_003526105.1_ASM352610v1_genomic_prodigal_proteins	1581	552	61.56	12.78	34.91
GCA_009844725.1_ASM984472v1_genomic_prodigal_proteins	2020	GCA_002172935.1_ASM217293v1_genomic_prodigal_proteins	1996	771	60.40	12.67	38.63
GCA_009844725.1_ASM984472v1_genomic_prodigal_proteins	2020	GCA_003210335.1_ASM321033v1_genomic_prodigal_proteins	942	176	59.29	13.91	18.68
GCA_009844725.1_ASM984472v1_genomic_prodigal_proteins	2020	GCA_009846115.1_ASM984611v1_genomic_prodigal_proteins	2048	1586	99.80	1.24	78.51
GCA_009844725.1_ASM984472v1_genomic_prodigal_proteins	2020	GCA_001693295.1_ASM169329v1_genomic_prodigal_proteins	3183	778	53.04	12.23	38.51
GCA_009844725.1_ASM984472v1_genomic_prodigal_proteins	2020	GCA_900473965.1_UW179A_genomic_prodigal_proteins	3383	969	60.59	12.80	47.97
GCA_009844725.1_ASM984472v1_genomic_prodigal_proteins	2020	GCA_003213755.1_ASM321375v1_genomic_prodigal_proteins	1050	356	61.19	12.81	33.90
GCA_009844725.1_ASM984472v1_genomic_prodigal_proteins	2020	GCA_003209155.1_ASM320915v1_genomic_prodigal_proteins	2305	748	60.22	12.71	37.03
GCA_009844725.1_ASM984472v1_genomic_prodigal_proteins	2020	GCA_003211515.1_ASM321151v1_genomic_prodigal_proteins	2451	637	59.98	12.72	31.53
GCA_009844725.1_ASM984472v1_genomic_prodigal_proteins	2020	GCA_002693285.1_ASM269328v1_genomic_prodigal_proteins	2440	851	60.43	12.83	42.13
GCA_009844725.1_ASM984472v1_genomic_prodigal_proteins	2020	GCA_003210555.1_ASM321055v1_genomic_prodigal_proteins	1847	545	59.93	12.68	29.51
GCA_009844725.1_ASM984472v1_genomic_prodigal_proteins	2020	GCA_000155595.1_ASM15559v1_genomic_prodigal_proteins	5270	802	52.19	12.06	39.70
GCA_009844725.1_ASM984472v1_genomic_prodigal_proteins	2020	GCA_001007665.1_ASM100766v1_genomic_prodigal_proteins	2356	1290	87.55	8.21	63.86
GCA_009844725.1_ASM984472v1_genomic_prodigal_proteins	2020	GCA_009919765.1_ASM991976v1_genomic_prodigal_proteins	2524	698	61.82	12.31	34.55
GCA_009844725.1_ASM984472v1_genomic_prodigal_proteins	2020	GCA_003331225.1_ASM333122v1_genomic_prodigal_proteins	2113	878	62.18	12.40	43.47
GCA_009844725.1_ASM984472v1_genomic_prodigal_proteins	2020	GCA_900177825.1_IMG-taxon_2708742468_annotated_assembly_genomic_prodigal_proteins	3317	773	53.11	12.22	38.27
GCA_009844725.1_ASM984472v1_genomic_prodigal_proteins	2020	GCA_000195975.1_ASM19597v1_genomic_prodigal_proteins	2719	995	60.95	12.71	49.26
GCA_009844725.1_ASM984472v1_genomic_prodigal_proteins	2020	GCA_902618885.1_AG-920-D15_genomic_prodigal_proteins	1178	391	61.42	13.60	33.19
GCA_009844725.1_ASM984472v1_genomic_prodigal_proteins	2020	GCA_003209165.1_ASM320916v1_genomic_prodigal_proteins	2711	847	60.80	12.92	41.93
GCA_009844725.1_ASM984472v1_genomic_prodigal_proteins	2020	GCA_001007625.1_ASM100762v1_genomic_prodigal_proteins	2478	1170	86.08	9.33	57.92
GCA_009844725.1_ASM984472v1_genomic_prodigal_proteins	2020	GCA_008386235.1_ASM838623v1_genomic_prodigal_proteins	2571	769	53.98	12.07	38.07
GCA_009844725.1_ASM984472v1_genomic_prodigal_proteins	2020	GCA_001631935.1_ASM163193v1_genomic_prodigal_proteins	3526	963	60.68	12.63	47.67
GCA_009844725.1_ASM984472v1_genomic_prodigal_proteins	2020	GCA_002151525.1_ASM215152v1_genomic_prodigal_proteins	1628	706	60.59	12.75	43.37
GCA_009844725.1_ASM984472v1_genomic_prodigal_proteins	2020	GCA_000153065.1_ASM15306v1_genomic_prodigal_proteins	2704	978	61.61	12.85	48.42
GCA_009844725.1_ASM984472v1_genomic_prodigal_proteins	2020	GCA_009837265.1_ASM983726v1_genomic_prodigal_proteins	2126	1618	99.88	0.76	80.10
GCA_009844725.1_ASM984472v1_genomic_prodigal_proteins	2020	GCA_902533725.1_AG-898-C20_genomic_prodigal_proteins	421	75	60.68	13.63	17.81
GCA_009844725.1_ASM984472v1_genomic_prodigal_proteins	2020	GCA_002171075.2_ASM217107v2_genomic_prodigal_proteins	1919	759	60.21	12.37	39.55
GCA_009844725.1_ASM984472v1_genomic_prodigal_proteins	2020	GCA_002760395.1_ASM276039v1_genomic_prodigal_proteins	2661	673	53.12	11.55	33.32
GCA_009844725.1_ASM984472v1_genomic_prodigal_proteins	2020	GCA_003209005.1_ASM320900v1_genomic_prodigal_proteins	2548	802	60.45	12.62	39.70
GCA_009844725.1_ASM984472v1_genomic_prodigal_proteins	2020	GCA_002017915.1_ASM201791v1_genomic_prodigal_proteins	623	349	86.29	9.40	56.02
GCA_009844725.1_ASM984472v1_genomic_prodigal_proteins	2020	GCA_900047545.1_m9_genomic_prodigal_proteins	1575	1035	90.72	7.27	65.71
GCA_009844725.1_ASM984472v1_genomic_prodigal_proteins	2020	GCA_001632105.1_ASM163210v1_genomic_prodigal_proteins	3521	970	60.65	12.65	48.02
GCA_009844725.1_ASM984472v1_genomic_prodigal_proteins	2020	GCA_004212765.1_ASM421276v1_genomic_prodigal_proteins	1162	487	60.92	12.84	41.91
GCA_009844725.1_ASM984472v1_genomic_prodigal_proteins	2020	GCA_002685515.1_ASM268551v1_genomic_prodigal_proteins	1286	515	59.92	12.09	40.05
GCA_009844725.1_ASM984472v1_genomic_prodigal_proteins	2020	GCA_007828135.1_ASM782813v1_genomic_prodigal_proteins	2917	1014	61.94	12.16	50.20
GCA_009844725.1_ASM984472v1_genomic_prodigal_proteins	2020	GCA_011047875.1_ASM1104787v1_genomic_prodigal_proteins	2810	685	53.21	11.52	33.91
GCA_009844725.1_ASM984472v1_genomic_prodigal_proteins	2020	GCA_009840445.1_ASM984044v1_genomic_prodigal_proteins	2167	1576	99.17	3.76	78.02
GCA_009844725.1_ASM984472v1_genomic_prodigal_proteins	2020	GCA_003210995.1_ASM321099v1_genomic_prodigal_proteins	2385	708	60.58	12.78	35.05
GCA_009844725.1_ASM984472v1_genomic_prodigal_proteins	2020	GCA_902616995.1_AG-919-L20_genomic_prodigal_proteins	654	181	60.03	12.85	27.68
GCA_009844725.1_ASM984472v1_genomic_prodigal_proteins	2020	GCA_009845825.1_ASM984582v1_genomic_prodigal_proteins	2168	1155	86.87	8.88	57.18
GCA_009844725.1_ASM984472v1_genomic_prodigal_proteins	2020	GCA_000515235.1_ASM51523v1_genomic_prodigal_proteins	2873	976	60.72	12.85	48.32
GCA_009844725.1_ASM984472v1_genomic_prodigal_proteins	2020	GCA_003523965.1_ASM352396v1_genomic_prodigal_proteins	1735	877	85.24	9.35	50.55
GCA_009844725.1_ASM984472v1_genomic_prodigal_proteins	2020	GCA_002684175.1_ASM268417v1_genomic_prodigal_proteins	1819	624	58.54	12.33	34.30
GCA_009844725.1_ASM984472v1_genomic_prodigal_proteins	2020	GCA_011523295.1_ASM1152329v1_genomic_prodigal_proteins	2851	771	59.48	12.42	38.17
GCA_009844725.1_ASM984472v1_genomic_prodigal_proteins	2020	GCA_003211015.1_ASM321101v1_genomic_prodigal_proteins	2128	713	60.00	12.34	35.30
GCA_009844725.1_ASM984472v1_genomic_prodigal_proteins	2020	GCA_002006815.1_ASM200681v1_genomic_prodigal_proteins	1973	886	61.15	12.78	44.91
GCA_003211535.1_ASM321153v1_genomic_prodigal_proteins	2412	GCA_000230675.2_ASM23067v1_genomic_prodigal_proteins	2998	1374	70.87	13.42	56.97
GCA_003211535.1_ASM321153v1_genomic_prodigal_proteins	2412	GCA_002252625.1_ASM225262v1_genomic_prodigal_proteins	3600	1267	66.54	13.45	52.53
GCA_003211535.1_ASM321153v1_genomic_prodigal_proteins	2412	GCA_000012625.1_ASM1262v1_genomic_prodigal_proteins	2892	1549	78.41	13.10	64.22
GCA_003211535.1_ASM321153v1_genomic_prodigal_proteins	2412	GCA_009844725.1_ASM984472v1_genomic_prodigal_proteins	2020	795	60.71	12.97	39.36
GCA_003211535.1_ASM321153v1_genomic_prodigal_proteins	2412	GCA_003331765.1_ASM333176v1_genomic_prodigal_proteins	2019	1294	76.05	12.70	64.09
GCA_003211535.1_ASM321153v1_genomic_prodigal_proteins	2412	GCA_900473935.1_UW105_genomic_prodigal_proteins	2923	1418	71.44	13.53	58.79
GCA_003211535.1_ASM321153v1_genomic_prodigal_proteins	2412	GCA_002168155.1_ASM216815v1_genomic_prodigal_proteins	2361	1184	65.36	13.77	50.15
GCA_003211535.1_ASM321153v1_genomic_prodigal_proteins	2412	GCA_009846095.1_ASM984609v1_genomic_prodigal_proteins	2331	836	60.92	12.48	35.86
GCA_003211535.1_ASM321153v1_genomic_prodigal_proteins	2412	GCA_009498715.1_ASM949871v1_genomic_prodigal_proteins	2867	880	56.06	12.84	36.48
GCA_003211535.1_ASM321153v1_genomic_prodigal_proteins	2412	GCA_002252635.1_ASM225263v1_genomic_prodigal_proteins	3011	1226	66.75	13.60	50.83
GCA_003211535.1_ASM321153v1_genomic_prodigal_proteins	2412	GCA_009838425.1_ASM983842v1_genomic_prodigal_proteins	1544	591	61.20	12.74	38.28
GCA_003211535.1_ASM321153v1_genomic_prodigal_proteins	2412	GCA_900473895.1_N32_genomic_prodigal_proteins	2509	1546	78.43	13.20	64.10
GCA_003211535.1_ASM321153v1_genomic_prodigal_proteins	2412	GCA_003210495.1_ASM321049v1_genomic_prodigal_proteins	1134	472	68.84	14.34	41.62
GCA_003211535.1_ASM321153v1_genomic_prodigal_proteins	2412	GCA_003011125.1_ASM301112v1_genomic_prodigal_proteins	3076	1138	63.63	13.59	47.18
GCA_003211535.1_ASM321153v1_genomic_prodigal_proteins	2412	GCA_900177365.1_IMG-taxon_2708742537_annotated_assembly_genomic_prodigal_proteins	3310	838	53.51	12.58	34.74
GCA_003211535.1_ASM321153v1_genomic_prodigal_proteins	2412	GCA_002760445.1_ASM276044v1_genomic_prodigal_proteins	2661	728	52.75	11.72	30.18
GCA_003211535.1_ASM321153v1_genomic_prodigal_proteins	2412	GCA_900474185.1_UW69_genomic_prodigal_proteins	2629	1544	77.86	13.47	64.01
GCA_003211535.1_ASM321153v1_genomic_prodigal_proteins	2412	GCA_003210775.1_ASM321077v1_genomic_prodigal_proteins	2665	1036	70.31	13.70	42.95
GCA_003211535.1_ASM321153v1_genomic_prodigal_proteins	2412	GCA_002700765.1_ASM270076v1_genomic_prodigal_proteins	2134	1116	75.97	12.91	52.30
GCA_003211535.1_ASM321153v1_genomic_prodigal_proteins	2412	GCA_902599585.1_AG-916-O11_genomic_prodigal_proteins	1470	853	87.85	10.78	58.03
GCA_003211535.1_ASM321153v1_genomic_prodigal_proteins	2412	GCA_900474045.1_N19_genomic_prodigal_proteins	2484	1495	78.39	13.27	61.98
GCA_003211535.1_ASM321153v1_genomic_prodigal_proteins	2412	GCA_003210815.1_ASM321081v1_genomic_prodigal_proteins	2087	896	70.13	13.93	42.93
GCA_003211535.1_ASM321153v1_genomic_prodigal_proteins	2412	GCA_900473955.1_GEYO_genomic_prodigal_proteins	2674	1400	70.78	13.81	58.04
GCA_003211535.1_ASM321153v1_genomic_prodigal_proteins	2412	GCA_002167425.2_ASM216742v2_genomic_prodigal_proteins	2822	1320	74.79	13.22	54.73
GCA_003211535.1_ASM321153v1_genomic_prodigal_proteins	2412	GCA_009844645.1_ASM984464v1_genomic_prodigal_proteins	1983	879	61.46	12.69	44.33
GCA_003211535.1_ASM321153v1_genomic_prodigal_proteins	2412	GCA_008081095.1_ASM808109v1_genomic_prodigal_proteins	1533	821	78.41	13.24	53.56
GCA_003211535.1_ASM321153v1_genomic_prodigal_proteins	2412	GCA_000014585.1_ASM1458v1_genomic_prodigal_proteins	2879	1376	70.76	13.49	57.05
GCA_003211535.1_ASM321153v1_genomic_prodigal_proteins	2412	GCA_000317085.1_ASM31708v1_genomic_prodigal_proteins	3673	761	52.06	11.98	31.55
GCA_003211535.1_ASM321153v1_genomic_prodigal_proteins	2412	GCA_013133755.1_ASM1313375v1_genomic_prodigal_proteins	2700	1383	70.77	13.87	57.34
GCA_003211535.1_ASM321153v1_genomic_prodigal_proteins	2412	GCA_003210475.1_ASM321047v1_genomic_prodigal_proteins	1514	691	69.64	14.21	45.64
GCA_003211535.1_ASM321153v1_genomic_prodigal_proteins	2412	GCA_003208815.1_ASM320881v1_genomic_prodigal_proteins	1352	618	74.25	13.57	45.71
GCA_003211535.1_ASM321153v1_genomic_prodigal_proteins	2412	GCA_000012505.1_ASM1250v1_genomic_prodigal_proteins	2461	1499	76.11	12.56	62.15
GCA_003211535.1_ASM321153v1_genomic_prodigal_proteins	2412	GCA_000153825.1_ASM15382v1_genomic_prodigal_proteins	2811	1406	72.06	13.58	58.29
GCA_003211535.1_ASM321153v1_genomic_prodigal_proteins	2412	GCA_002760475.1_ASM276047v1_genomic_prodigal_proteins	2647	725	52.83	11.68	30.06
GCA_003211535.1_ASM321153v1_genomic_prodigal_proteins	2412	GCA_003210565.1_ASM321056v1_genomic_prodigal_proteins	836	345	69.70	15.44	41.27
GCA_003211535.1_ASM321153v1_genomic_prodigal_proteins	2412	GCA_902618505.1_AG-892-K03_genomic_prodigal_proteins	959	415	85.96	12.51	43.27
GCA_003211535.1_ASM321153v1_genomic_prodigal_proteins	2412	GCA_005577135.1_ASM557713v1_genomic_prodigal_proteins	3356	849	53.44	12.56	35.20
GCA_003211535.1_ASM321153v1_genomic_prodigal_proteins	2412	GCA_003846445.1_ASM384644v1_genomic_prodigal_proteins	2740	902	56.21	12.77	37.40
GCA_003211535.1_ASM321153v1_genomic_prodigal_proteins	2412	GCA_000505665.1_ASM50566v1_genomic_prodigal_proteins	2466	793	53.42	12.35	32.88
GCA_003211535.1_ASM321153v1_genomic_prodigal_proteins	2412	GCA_902616255.1_AG-919-I18_genomic_prodigal_proteins	1046	512	74.59	14.12	48.95
GCA_003211535.1_ASM321153v1_genomic_prodigal_proteins	2412	GCA_001182765.1_WH8103.1_genomic_prodigal_proteins	2676	1659	88.18	9.10	68.78
GCA_003211535.1_ASM321153v1_genomic_prodigal_proteins	2412	GCA_002760375.1_ASM276037v1_genomic_prodigal_proteins	2702	728	52.76	11.72	30.18
GCA_003211535.1_ASM321153v1_genomic_prodigal_proteins	2412	GCA_902592305.1_AG-914-O22_genomic_prodigal_proteins	179	89	86.60	12.71	49.72
GCA_003211535.1_ASM321153v1_genomic_prodigal_proteins	2412	GCA_001632165.1_ASM163216v1_genomic_prodigal_proteins	2830	1408	70.68	13.78	58.37
GCA_003211535.1_ASM321153v1_genomic_prodigal_proteins	2412	GCA_004332405.1_ASM433240v1_genomic_prodigal_proteins	2437	1357	72.11	13.47	56.26
GCA_003211535.1_ASM321153v1_genomic_prodigal_proteins	2412	GCA_900473975.1_N26_genomic_prodigal_proteins	2454	1501	78.72	13.05	62.23
GCA_003211535.1_ASM321153v1_genomic_prodigal_proteins	2412	GCA_902612475.1_AG-918-G20_genomic_prodigal_proteins	502	211	85.15	12.72	42.03
GCA_003211535.1_ASM321153v1_genomic_prodigal_proteins	2412	GCA_000775285.1_ASM77528v1_genomic_prodigal_proteins	4812	744	54.18	12.31	30.85
GCA_003211535.1_ASM321153v1_genomic_prodigal_proteins	2412	GCA_002698505.1_ASM269850v1_genomic_prodigal_proteins	2471	1298	71.21	13.30	53.81
GCA_003211535.1_ASM321153v1_genomic_prodigal_proteins	2412	GCA_002252665.1_ASM225266v1_genomic_prodigal_proteins	2771	1253	67.66	13.46	51.95
GCA_003211535.1_ASM321153v1_genomic_prodigal_proteins	2412	GCA_003555505.1_ASM355550v1_genomic_prodigal_proteins	3351	608	53.55	12.89	25.21
GCA_003211535.1_ASM321153v1_genomic_prodigal_proteins	2412	GCA_900474015.1_UW106_genomic_prodigal_proteins	2762	1544	77.81	13.40	64.01
GCA_003211535.1_ASM321153v1_genomic_prodigal_proteins	2412	GCA_000715475.1_ASM71547v1_genomic_prodigal_proteins	3299	832	53.63	12.56	34.49
GCA_003211535.1_ASM321153v1_genomic_prodigal_proteins	2412	GCA_001628295.1_ASM162829v1_genomic_prodigal_proteins	2145	1354	78.93	13.04	63.12
GCA_003211535.1_ASM321153v1_genomic_prodigal_proteins	2412	GCA_003208775.1_ASM320877v1_genomic_prodigal_proteins	1808	873	69.53	13.73	48.29
GCA_003211535.1_ASM321153v1_genomic_prodigal_proteins	2412	GCA_003210975.1_ASM321097v1_genomic_prodigal_proteins	627	346	76.72	13.89	55.18
GCA_003211535.1_ASM321153v1_genomic_prodigal_proteins	2412	GCA_003208915.1_ASM320891v1_genomic_prodigal_proteins	1208	590	77.40	12.78	48.84
GCA_003211535.1_ASM321153v1_genomic_prodigal_proteins	2412	GCA_009837735.1_ASM983773v1_genomic_prodigal_proteins	2041	746	61.78	12.68	36.55
GCA_003211535.1_ASM321153v1_genomic_prodigal_proteins	2412	GCA_902548805.1_AG-901-N20_genomic_prodigal_proteins	158	79	84.61	10.73	50.00
GCA_003211535.1_ASM321153v1_genomic_prodigal_proteins	2412	GCA_003211235.1_ASM321123v1_genomic_prodigal_proteins	1698	847	77.83	12.48	49.88
GCA_003211535.1_ASM321153v1_genomic_prodigal_proteins	2412	GCA_004209775.1_ASM420977v1_genomic_prodigal_proteins	2798	1370	72.29	13.27	56.80
GCA_003211535.1_ASM321153v1_genomic_prodigal_proteins	2412	GCA_003283215.1_ASM328321v1_genomic_prodigal_proteins	239	39	71.09	17.46	16.32
GCA_003211535.1_ASM321153v1_genomic_prodigal_proteins	2412	GCA_003209555.1_ASM320955v1_genomic_prodigal_proteins	908	322	65.82	14.87	35.46
GCA_003211535.1_ASM321153v1_genomic_prodigal_proteins	2412	GCA_000153805.1_ASM15380v1_genomic_prodigal_proteins	2517	1505	75.80	12.80	62.40
GCA_003211535.1_ASM321153v1_genomic_prodigal_proteins	2412	GCA_003283205.1_ASM328320v1_genomic_prodigal_proteins	274	58	69.52	15.62	21.17
GCA_003211535.1_ASM321153v1_genomic_prodigal_proteins	2412	GCA_900473925.1_N5_genomic_prodigal_proteins	2417	1477	78.65	13.10	61.24
GCA_003211535.1_ASM321153v1_genomic_prodigal_proteins	2412	GCA_902592665.1_AG-447-E14_genomic_prodigal_proteins	1111	460	73.93	13.84	41.40
GCA_003211535.1_ASM321153v1_genomic_prodigal_proteins	2412	GCA_011523155.1_ASM1152315v1_genomic_prodigal_proteins	2101	987	70.14	13.10	46.98
GCA_003211535.1_ASM321153v1_genomic_prodigal_proteins	2412	GCA_003211275.1_ASM321127v1_genomic_prodigal_proteins	2168	944	69.56	14.10	43.54
GCA_003211535.1_ASM321153v1_genomic_prodigal_proteins	2412	GCA_003957805.1_ASM395780v1_genomic_prodigal_proteins	2887	940	55.75	12.88	38.97
GCA_003211535.1_ASM321153v1_genomic_prodigal_proteins	2412	GCA_012270465.1_ASM1227046v1_genomic_prodigal_proteins	2311	1059	65.25	13.81	45.82
GCA_003211535.1_ASM321153v1_genomic_prodigal_proteins	2412	GCA_001693255.1_ASM169325v1_genomic_prodigal_proteins	3177	849	53.50	12.54	35.20
GCA_003211535.1_ASM321153v1_genomic_prodigal_proteins	2412	GCA_003210385.1_ASM321038v1_genomic_prodigal_proteins	286	159	69.54	13.80	55.59
GCA_003211535.1_ASM321153v1_genomic_prodigal_proteins	2412	GCA_002170705.1_ASM217070v1_genomic_prodigal_proteins	1392	861	77.31	12.41	61.85
GCA_003211535.1_ASM321153v1_genomic_prodigal_proteins	2412	GCA_002356215.1_ASM235621v1_genomic_prodigal_proteins	2953	838	53.28	12.74	34.74
GCA_003211535.1_ASM321153v1_genomic_prodigal_proteins	2412	GCA_003210935.1_ASM321093v1_genomic_prodigal_proteins	1868	963	70.86	14.04	51.55
GCA_003211535.1_ASM321153v1_genomic_prodigal_proteins	2412	GCA_003210535.1_ASM321053v1_genomic_prodigal_proteins	1257	604	73.94	13.60	48.05
GCA_003211535.1_ASM321153v1_genomic_prodigal_proteins	2412	GCA_002724845.1_ASM272484v1_genomic_prodigal_proteins	1589	1029	78.11	12.70	64.76
GCA_003211535.1_ASM321153v1_genomic_prodigal_proteins	2412	GCA_000153285.1_ASM15328v1_genomic_prodigal_proteins	2746	1404	71.54	13.73	58.21
GCA_003211535.1_ASM321153v1_genomic_prodigal_proteins	2412	GCA_003211035.1_ASM321103v1_genomic_prodigal_proteins	530	284	76.75	13.08	53.58
GCA_003211535.1_ASM321153v1_genomic_prodigal_proteins	2412	GCA_001521855.1_ASM152185v1_genomic_prodigal_proteins	3144	843	53.60	12.47	34.95
GCA_003211535.1_ASM321153v1_genomic_prodigal_proteins	2412	GCA_009835965.1_ASM983596v1_genomic_prodigal_proteins	2105	943	61.13	12.84	44.80
GCA_003211535.1_ASM321153v1_genomic_prodigal_proteins	2412	GCA_012269695.1_ASM1226969v1_genomic_prodigal_proteins	2043	903	65.59	13.95	44.20
GCA_003211535.1_ASM321153v1_genomic_prodigal_proteins	2412	GCA_000737535.1_ASM73753v1_genomic_prodigal_proteins	3013	1514	75.85	13.07	62.77
GCA_003211535.1_ASM321153v1_genomic_prodigal_proteins	2412	GCA_000586015.1_SynSpo.0_genomic_prodigal_proteins	1907	756	61.82	13.23	39.64
GCA_003211535.1_ASM321153v1_genomic_prodigal_proteins	2412	GCA_002760345.1_ASM276034v1_genomic_prodigal_proteins	2731	736	52.80	11.72	30.51
GCA_003211535.1_ASM321153v1_genomic_prodigal_proteins	2412	GCA_000013225.1_ASM1322v1_genomic_prodigal_proteins	2844	731	52.93	11.76	30.31
GCA_003211535.1_ASM321153v1_genomic_prodigal_proteins	2412	GCA_000332275.1_ASM33227v1_genomic_prodigal_proteins	4564	818	52.03	11.95	33.91
GCA_003211535.1_ASM321153v1_genomic_prodigal_proteins	2412	GCA_002252675.1_ASM225267v1_genomic_prodigal_proteins	3295	1219	67.14	13.43	50.54
GCA_003211535.1_ASM321153v1_genomic_prodigal_proteins	2412	GCA_000737575.1_ASM73757v1_genomic_prodigal_proteins	2662	1515	78.02	12.52	62.81
GCA_003211535.1_ASM321153v1_genomic_prodigal_proteins	2412	GCA_902596755.1_AG-916-D19_genomic_prodigal_proteins	1152	638	86.67	11.56	55.38
GCA_003211535.1_ASM321153v1_genomic_prodigal_proteins	2412	GCA_003211455.1_ASM321145v1_genomic_prodigal_proteins	1186	569	76.41	14.51	47.98
GCA_003211535.1_ASM321153v1_genomic_prodigal_proteins	2412	GCA_003208755.1_ASM320875v1_genomic_prodigal_proteins	690	387	74.97	13.27	56.09
GCA_003211535.1_ASM321153v1_genomic_prodigal_proteins	2412	GCA_007571215.1_ASM757121v1_genomic_prodigal_proteins	1879	926	61.03	12.68	49.28
GCA_003211535.1_ASM321153v1_genomic_prodigal_proteins	2412	GCA_001007635.1_ASM100763v1_genomic_prodigal_proteins	2333	860	61.21	12.64	36.86
GCA_003211535.1_ASM321153v1_genomic_prodigal_proteins	2412	GCA_000179255.1_ASM17925v1_genomic_prodigal_proteins	2729	1281	67.36	13.54	53.11
GCA_003211535.1_ASM321153v1_genomic_prodigal_proteins	2412	GCA_003208975.1_ASM320897v1_genomic_prodigal_proteins	1804	843	77.43	12.75	46.73
GCA_003211535.1_ASM321153v1_genomic_prodigal_proteins	2412	GCA_012103655.1_ASM1210365v1_genomic_prodigal_proteins	2723	1374	71.07	13.27	56.97
GCA_003211535.1_ASM321153v1_genomic_prodigal_proteins	2412	GCA_902582045.1_AG-912-B07_genomic_prodigal_proteins	196	85	84.42	11.46	43.37
GCA_003211535.1_ASM321153v1_genomic_prodigal_proteins	2412	GCA_000153045.1_ASM15304v1_genomic_prodigal_proteins	3242	1277	67.07	13.56	52.94
GCA_003211535.1_ASM321153v1_genomic_prodigal_proteins	2412	GCA_902549675.1_AG-903-B09_genomic_prodigal_proteins	836	427	86.77	12.36	51.08
GCA_003211535.1_ASM321153v1_genomic_prodigal_proteins	2412	GCA_002018045.1_ASM201804v1_genomic_prodigal_proteins	1559	738	61.84	12.79	47.34
GCA_003211535.1_ASM321153v1_genomic_prodigal_proteins	2412	GCA_004213055.1_ASM421305v1_genomic_prodigal_proteins	2241	1237	71.90	13.45	55.20
GCA_003211535.1_ASM321153v1_genomic_prodigal_proteins	2412	GCA_007571085.1_ASM757108v1_genomic_prodigal_proteins	1784	901	61.04	12.75	50.50
GCA_003211535.1_ASM321153v1_genomic_prodigal_proteins	2412	GCA_009839805.1_ASM983980v1_genomic_prodigal_proteins	1848	610	59.62	11.99	33.01
GCA_003211535.1_ASM321153v1_genomic_prodigal_proteins	2412	GCA_003210375.1_ASM321037v1_genomic_prodigal_proteins	2155	1115	75.42	12.50	51.74
GCA_003211535.1_ASM321153v1_genomic_prodigal_proteins	2412	GCA_004332415.1_ASM433241v1_genomic_prodigal_proteins	2408	1373	72.11	13.40	57.02
GCA_003211535.1_ASM321153v1_genomic_prodigal_proteins	2412	GCA_009836025.1_ASM983602v1_genomic_prodigal_proteins	2290	933	61.36	12.62	40.74
GCA_003211535.1_ASM321153v1_genomic_prodigal_proteins	2412	GCA_009843455.1_ASM984345v1_genomic_prodigal_proteins	2423	909	61.34	12.60	37.69
GCA_003211535.1_ASM321153v1_genomic_prodigal_proteins	2412	GCA_009843485.1_ASM984348v1_genomic_prodigal_proteins	2158	942	61.06	12.94	43.65
GCA_003211535.1_ASM321153v1_genomic_prodigal_proteins	2412	GCA_003283135.1_ASM328313v1_genomic_prodigal_proteins	459	115	67.23	15.00	25.05
GCA_003211535.1_ASM321153v1_genomic_prodigal_proteins	2412	GCA_902635485.1_AG-447-G23_genomic_prodigal_proteins	327	116	75.65	15.68	35.47
GCA_003211535.1_ASM321153v1_genomic_prodigal_proteins	2412	GCA_002760415.1_ASM276041v1_genomic_prodigal_proteins	2670	730	52.72	11.71	30.27
GCA_003211535.1_ASM321153v1_genomic_prodigal_proteins	2412	GCA_002754935.1_ASM275493v1_genomic_prodigal_proteins	2664	774	53.41	12.31	32.09
GCA_003211535.1_ASM321153v1_genomic_prodigal_proteins	2412	GCA_002171685.2_ASM217168v2_genomic_prodigal_proteins	811	512	71.96	13.11	63.13
GCA_003211535.1_ASM321153v1_genomic_prodigal_proteins	2412	GCA_000737595.1_ASM73759v1_genomic_prodigal_proteins	2774	1505	78.00	13.32	62.40
GCA_003211535.1_ASM321153v1_genomic_prodigal_proteins	2412	GCA_003331785.1_ASM333178v1_genomic_prodigal_proteins	2125	1298	71.07	13.21	61.08
GCA_003211535.1_ASM321153v1_genomic_prodigal_proteins	2412	GCA_009842265.1_ASM984226v1_genomic_prodigal_proteins	2398	924	61.35	12.64	38.53
GCA_003211535.1_ASM321153v1_genomic_prodigal_proteins	2412	GCA_902579345.1_AG-911-L15_genomic_prodigal_proteins	248	114	84.25	13.85	45.97
GCA_003211535.1_ASM321153v1_genomic_prodigal_proteins	2412	GCA_000011345.1_ASM1134v1_genomic_prodigal_proteins	2520	808	53.54	12.31	33.50
GCA_003211535.1_ASM321153v1_genomic_prodigal_proteins	2412	GCA_003210705.1_ASM321070v1_genomic_prodigal_proteins	2244	1026	70.36	13.90	45.72
GCA_003211535.1_ASM321153v1_genomic_prodigal_proteins	2412	GCA_000019485.1_ASM1948v1_genomic_prodigal_proteins	3233	849	53.44	12.58	35.20
GCA_003211535.1_ASM321153v1_genomic_prodigal_proteins	2412	GCA_003283055.1_ASM328305v1_genomic_prodigal_proteins	482	63	67.83	18.09	13.07
GCA_003211535.1_ASM321153v1_genomic_prodigal_proteins	2412	GCA_000010065.1_ASM1006v1_genomic_prodigal_proteins	2691	923	55.90	12.83	38.27
GCA_003211535.1_ASM321153v1_genomic_prodigal_proteins	2412	GCA_000316685.1_ASM31668v1_genomic_prodigal_proteins	3706	840	53.22	12.22	34.83
GCA_003211535.1_ASM321153v1_genomic_prodigal_proteins	2412	GCA_000063525.1_ASM6352v1_genomic_prodigal_proteins	2540	1281	66.18	13.95	53.11
GCA_003211535.1_ASM321153v1_genomic_prodigal_proteins	2412	GCA_003283165.1_ASM328316v1_genomic_prodigal_proteins	217	68	71.74	17.82	31.34
GCA_003211535.1_ASM321153v1_genomic_prodigal_proteins	2412	GCA_902540675.1_AG-359-E22_genomic_prodigal_proteins	584	287	86.52	13.44	49.14
GCA_003211535.1_ASM321153v1_genomic_prodigal_proteins	2412	GCA_011055065.1_ASM1105506v1_genomic_prodigal_proteins	2792	706	52.75	11.70	29.27
GCA_003211535.1_ASM321153v1_genomic_prodigal_proteins	2412	GCA_000013205.1_ASM1320v1_genomic_prodigal_proteins	2750	738	52.80	11.74	30.60
GCA_003211535.1_ASM321153v1_genomic_prodigal_proteins	2412	GCA_003539795.1_ASM353979v1_genomic_prodigal_proteins	2284	1160	76.83	12.58	50.79
GCA_003211535.1_ASM321153v1_genomic_prodigal_proteins	2412	GCA_002171995.1_ASM217199v1_genomic_prodigal_proteins	1978	818	70.60	14.04	41.35
GCA_003211535.1_ASM321153v1_genomic_prodigal_proteins	2412	GCA_011523835.1_ASM1152383v1_genomic_prodigal_proteins	2468	1206	71.64	13.73	50.00
GCA_003211535.1_ASM321153v1_genomic_prodigal_proteins	2412	GCA_002172175.1_ASM217217v1_genomic_prodigal_proteins	1846	821	64.68	13.77	44.47
GCA_003211535.1_ASM321153v1_genomic_prodigal_proteins	2412	GCA_003208835.1_ASM320883v1_genomic_prodigal_proteins	2208	1143	76.09	12.66	51.77
GCA_003211535.1_ASM321153v1_genomic_prodigal_proteins	2412	GCA_902589915.1_AG-914-F20_genomic_prodigal_proteins	373	158	85.54	13.07	42.36
GCA_003211535.1_ASM321153v1_genomic_prodigal_proteins	2412	GCA_000485815.1_ASM48581v1_genomic_prodigal_proteins	3083	823	53.42	12.72	34.12
GCA_003211535.1_ASM321153v1_genomic_prodigal_proteins	2412	GCA_008807075.1_ASM880707v1_genomic_prodigal_proteins	2925	1281	66.45	13.47	53.11
GCA_003211535.1_ASM321153v1_genomic_prodigal_proteins	2412	GCA_000179235.2_ASM17923v2_genomic_prodigal_proteins	3071	1292	67.54	13.60	53.57
GCA_003211535.1_ASM321153v1_genomic_prodigal_proteins	2412	GCA_003210795.1_ASM321079v1_genomic_prodigal_proteins	2239	1211	77.76	12.52	54.09
GCA_003211535.1_ASM321153v1_genomic_prodigal_proteins	2412	GCA_002706715.1_ASM270671v1_genomic_prodigal_proteins	1148	732	78.53	12.09	63.76
GCA_003211535.1_ASM321153v1_genomic_prodigal_proteins	2412	GCA_003331245.1_ASM333124v1_genomic_prodigal_proteins	2021	1257	77.29	12.60	62.20
GCA_003211535.1_ASM321153v1_genomic_prodigal_proteins	2412	GCA_009843385.1_ASM984338v1_genomic_prodigal_proteins	2085	781	61.59	12.79	37.46
GCA_003211535.1_ASM321153v1_genomic_prodigal_proteins	2412	GCA_003211205.1_ASM321120v1_genomic_prodigal_proteins	2288	1114	70.55	13.93	48.69
GCA_003211535.1_ASM321153v1_genomic_prodigal_proteins	2412	GCA_000063505.1_ASM6350v1_genomic_prodigal_proteins	2558	1377	71.70	13.82	57.09
GCA_003211535.1_ASM321153v1_genomic_prodigal_proteins	2412	GCA_900474245.1_UW179B_genomic_prodigal_proteins	2743	1379	70.98	13.39	57.17
GCA_003211535.1_ASM321153v1_genomic_prodigal_proteins	2412	GCA_003210345.1_ASM321034v1_genomic_prodigal_proteins	1256	623	74.85	13.22	49.60
GCA_003211535.1_ASM321153v1_genomic_prodigal_proteins	2412	GCA_003210315.1_ASM321031v1_genomic_prodigal_proteins	1815	816	69.21	13.67	44.96
GCA_003211535.1_ASM321153v1_genomic_prodigal_proteins	2412	GCA_009836155.1_ASM983615v1_genomic_prodigal_proteins	1947	886	61.53	12.64	45.51
GCA_003211535.1_ASM321153v1_genomic_prodigal_proteins	2412	GCA_003990665.2_ASM399066v2_genomic_prodigal_proteins	2499	806	53.61	12.30	33.42
GCA_003211535.1_ASM321153v1_genomic_prodigal_proteins	2412	GCA_003209135.1_ASM320913v1_genomic_prodigal_proteins	1719	810	74.23	13.80	47.12
GCA_003211535.1_ASM321153v1_genomic_prodigal_proteins	2412	GCA_009845105.1_ASM984510v1_genomic_prodigal_proteins	1941	742	60.96	12.81	38.23
GCA_003211535.1_ASM321153v1_genomic_prodigal_proteins	2412	GCA_002690325.1_ASM269032v1_genomic_prodigal_proteins	2554	1413	74.68	13.13	58.58
GCA_003211535.1_ASM321153v1_genomic_prodigal_proteins	2412	GCA_000161795.2_ASM16179v2_genomic_prodigal_proteins	2407	1492	78.50	12.94	61.99
GCA_003211535.1_ASM321153v1_genomic_prodigal_proteins	2412	GCA_004211895.1_ASM421189v1_genomic_prodigal_proteins	954	615	78.41	13.14	64.47
GCA_003211535.1_ASM321153v1_genomic_prodigal_proteins	2412	GCA_003210735.1_ASM321073v1_genomic_prodigal_proteins	2337	1173	77.46	12.59	50.19
GCA_003211535.1_ASM321153v1_genomic_prodigal_proteins	2412	GCA_003209035.1_ASM320903v1_genomic_prodigal_proteins	1803	878	77.57	12.72	48.70
GCA_003211535.1_ASM321153v1_genomic_prodigal_proteins	2412	GCA_003712085.1_ASM371208v1_genomic_prodigal_proteins	2745	1667	88.27	8.83	69.11
GCA_003211535.1_ASM321153v1_genomic_prodigal_proteins	2412	GCA_003212155.1_ASM321215v1_genomic_prodigal_proteins	262	86	65.03	17.21	32.82
GCA_003211535.1_ASM321153v1_genomic_prodigal_proteins	2412	GCA_001040845.1_ASM104084v1_genomic_prodigal_proteins	2917	1388	70.86	13.26	57.55
GCA_003211535.1_ASM321153v1_genomic_prodigal_proteins	2412	GCA_002018015.1_ASM201801v1_genomic_prodigal_proteins	1578	703	61.89	12.84	44.55
GCA_003211535.1_ASM321153v1_genomic_prodigal_proteins	2412	GCA_003211255.1_ASM321125v1_genomic_prodigal_proteins	1850	948	76.93	13.16	51.24
GCA_003211535.1_ASM321153v1_genomic_prodigal_proteins	2412	GCA_002721235.1_ASM272123v1_genomic_prodigal_proteins	3119	850	53.52	12.50	35.24
GCA_003211535.1_ASM321153v1_genomic_prodigal_proteins	2412	GCA_009839305.1_ASM983930v1_genomic_prodigal_proteins	1816	723	61.38	13.35	39.81
GCA_003211535.1_ASM321153v1_genomic_prodigal_proteins	2412	GCA_011365345.1_ASM1136534v1_genomic_prodigal_proteins	2655	1548	77.78	13.47	64.18
GCA_003211535.1_ASM321153v1_genomic_prodigal_proteins	2412	GCA_001039265.1_ASM103926v1_genomic_prodigal_proteins	2832	885	68.57	13.54	36.69
GCA_003211535.1_ASM321153v1_genomic_prodigal_proteins	2412	GCA_001628325.1_ASM162832v1_genomic_prodigal_proteins	2129	1350	78.85	12.88	63.41
GCA_003211535.1_ASM321153v1_genomic_prodigal_proteins	2412	GCA_003209215.1_ASM320921v1_genomic_prodigal_proteins	1679	851	77.92	13.59	50.68
GCA_003211535.1_ASM321153v1_genomic_prodigal_proteins	2412	GCA_002737305.1_ASM273730v1_genomic_prodigal_proteins	1951	970	67.42	13.66	49.72
GCA_003211535.1_ASM321153v1_genomic_prodigal_proteins	2412	GCA_003210515.1_ASM321051v1_genomic_prodigal_proteins	1673	885	74.73	13.31	52.90
GCA_003211535.1_ASM321153v1_genomic_prodigal_proteins	2412	GCA_011525445.1_ASM1152544v1_genomic_prodigal_proteins	3208	1161	69.93	13.46	48.13
GCA_003211535.1_ASM321153v1_genomic_prodigal_proteins	2412	GCA_902599435.1_AG-916-N22_genomic_prodigal_proteins	793	451	88.16	10.53	56.87
GCA_003211535.1_ASM321153v1_genomic_prodigal_proteins	2412	GCA_003149585.1_ASM314958v1_genomic_prodigal_proteins	2600	1290	67.36	13.60	53.48
GCA_003211535.1_ASM321153v1_genomic_prodigal_proteins	2412	GCA_902560665.1_AG-905-O11_genomic_prodigal_proteins	401	203	86.30	9.97	50.62
GCA_003211535.1_ASM321153v1_genomic_prodigal_proteins	2412	GCA_003331795.1_ASM333179v1_genomic_prodigal_proteins	1948	1032	66.25	14.10	52.98
GCA_003211535.1_ASM321153v1_genomic_prodigal_proteins	2412	GCA_002017955.1_ASM201795v1_genomic_prodigal_proteins	512	191	61.59	12.36	37.30
GCA_003211535.1_ASM321153v1_genomic_prodigal_proteins	2412	GCA_902584485.1_AG-912-O23_genomic_prodigal_proteins	535	226	83.56	14.87	42.24
GCA_003211535.1_ASM321153v1_genomic_prodigal_proteins	2412	GCA_902527915.1_AG-896-G19_genomic_prodigal_proteins	1003	587	86.57	11.23	58.52
GCA_003211535.1_ASM321153v1_genomic_prodigal_proteins	2412	GCA_902635365.1_AG-447-D19_genomic_prodigal_proteins	1690	792	75.34	13.42	46.86
GCA_003211535.1_ASM321153v1_genomic_prodigal_proteins	2412	GCA_900474085.1_UW86_genomic_prodigal_proteins	2403	1501	78.41	13.33	62.46
GCA_003211535.1_ASM321153v1_genomic_prodigal_proteins	2412	GCA_001885215.1_ASM188521v1_genomic_prodigal_proteins	2897	1250	66.22	13.27	51.82
GCA_003211535.1_ASM321153v1_genomic_prodigal_proteins	2412	GCA_902575935.1_AG-426-B22_genomic_prodigal_proteins	254	136	81.01	12.57	53.54
GCA_003211535.1_ASM321153v1_genomic_prodigal_proteins	2412	GCA_900474295.1_UW140_genomic_prodigal_proteins	2925	1405	71.55	13.37	58.25
GCA_003211535.1_ASM321153v1_genomic_prodigal_proteins	2412	GCA_003211565.1_ASM321156v1_genomic_prodigal_proteins	1489	743	77.54	13.86	49.90
GCA_003211535.1_ASM321153v1_genomic_prodigal_proteins	2412	GCA_003526105.1_ASM352610v1_genomic_prodigal_proteins	1581	812	79.17	12.79	51.36
GCA_003211535.1_ASM321153v1_genomic_prodigal_proteins	2412	GCA_002172935.1_ASM217293v1_genomic_prodigal_proteins	1996	1083	70.84	13.71	54.26
GCA_003211535.1_ASM321153v1_genomic_prodigal_proteins	2412	GCA_003210335.1_ASM321033v1_genomic_prodigal_proteins	942	275	66.85	14.81	29.19
GCA_003211535.1_ASM321153v1_genomic_prodigal_proteins	2412	GCA_009846115.1_ASM984611v1_genomic_prodigal_proteins	2048	844	61.00	12.99	41.21
GCA_003211535.1_ASM321153v1_genomic_prodigal_proteins	2412	GCA_001693295.1_ASM169329v1_genomic_prodigal_proteins	3183	846	53.50	12.51	35.07
GCA_003211535.1_ASM321153v1_genomic_prodigal_proteins	2412	GCA_900473965.1_UW179A_genomic_prodigal_proteins	3383	1423	70.83	13.80	59.00
GCA_003211535.1_ASM321153v1_genomic_prodigal_proteins	2412	GCA_003213755.1_ASM321375v1_genomic_prodigal_proteins	1050	459	65.54	14.60	43.71
GCA_003211535.1_ASM321153v1_genomic_prodigal_proteins	2412	GCA_003209155.1_ASM320915v1_genomic_prodigal_proteins	2305	1064	70.76	13.71	46.16
GCA_003211535.1_ASM321153v1_genomic_prodigal_proteins	2412	GCA_003211515.1_ASM321151v1_genomic_prodigal_proteins	2451	996	74.54	13.58	41.29
GCA_003211535.1_ASM321153v1_genomic_prodigal_proteins	2412	GCA_002693285.1_ASM269328v1_genomic_prodigal_proteins	2440	1215	71.18	13.76	50.37
GCA_003211535.1_ASM321153v1_genomic_prodigal_proteins	2412	GCA_003210555.1_ASM321055v1_genomic_prodigal_proteins	1847	773	69.76	13.42	41.85
GCA_003211535.1_ASM321153v1_genomic_prodigal_proteins	2412	GCA_000155595.1_ASM15559v1_genomic_prodigal_proteins	5270	869	53.12	12.51	36.03
GCA_003211535.1_ASM321153v1_genomic_prodigal_proteins	2412	GCA_001007665.1_ASM100766v1_genomic_prodigal_proteins	2356	947	60.99	12.65	40.20
GCA_003211535.1_ASM321153v1_genomic_prodigal_proteins	2412	GCA_009919765.1_ASM991976v1_genomic_prodigal_proteins	2524	900	66.21	14.02	37.31
GCA_003211535.1_ASM321153v1_genomic_prodigal_proteins	2412	GCA_003331225.1_ASM333122v1_genomic_prodigal_proteins	2113	1113	66.20	13.89	52.67
GCA_003211535.1_ASM321153v1_genomic_prodigal_proteins	2412	GCA_900177825.1_IMG-taxon_2708742468_annotated_assembly_genomic_prodigal_proteins	3317	839	53.50	12.55	34.78
GCA_003211535.1_ASM321153v1_genomic_prodigal_proteins	2412	GCA_000195975.1_ASM19597v1_genomic_prodigal_proteins	2719	1668	88.18	8.94	69.15
GCA_003211535.1_ASM321153v1_genomic_prodigal_proteins	2412	GCA_902618885.1_AG-920-D15_genomic_prodigal_proteins	1178	699	87.88	10.18	59.34
GCA_003211535.1_ASM321153v1_genomic_prodigal_proteins	2412	GCA_003209165.1_ASM320916v1_genomic_prodigal_proteins	2711	1340	77.49	13.51	55.56
GCA_003211535.1_ASM321153v1_genomic_prodigal_proteins	2412	GCA_001007625.1_ASM100762v1_genomic_prodigal_proteins	2478	832	61.42	12.80	34.49
GCA_003211535.1_ASM321153v1_genomic_prodigal_proteins	2412	GCA_008386235.1_ASM838623v1_genomic_prodigal_proteins	2571	817	53.36	12.42	33.87
GCA_003211535.1_ASM321153v1_genomic_prodigal_proteins	2412	GCA_001631935.1_ASM163193v1_genomic_prodigal_proteins	3526	1415	70.84	13.76	58.67
GCA_003211535.1_ASM321153v1_genomic_prodigal_proteins	2412	GCA_002151525.1_ASM215152v1_genomic_prodigal_proteins	1628	860	64.01	13.98	52.83
GCA_003211535.1_ASM321153v1_genomic_prodigal_proteins	2412	GCA_000153065.1_ASM15306v1_genomic_prodigal_proteins	2704	1345	72.36	13.12	55.76
GCA_003211535.1_ASM321153v1_genomic_prodigal_proteins	2412	GCA_009837265.1_ASM983726v1_genomic_prodigal_proteins	2126	889	61.15	12.97	41.82
GCA_003211535.1_ASM321153v1_genomic_prodigal_proteins	2412	GCA_902533725.1_AG-898-C20_genomic_prodigal_proteins	421	161	75.31	15.16	38.24
GCA_003211535.1_ASM321153v1_genomic_prodigal_proteins	2412	GCA_002171075.2_ASM217107v2_genomic_prodigal_proteins	1919	945	64.37	13.69	49.24
GCA_003211535.1_ASM321153v1_genomic_prodigal_proteins	2412	GCA_002760395.1_ASM276039v1_genomic_prodigal_proteins	2661	721	52.75	11.74	29.89
GCA_003211535.1_ASM321153v1_genomic_prodigal_proteins	2412	GCA_003209005.1_ASM320900v1_genomic_prodigal_proteins	2548	1173	70.30	14.03	48.63
GCA_003211535.1_ASM321153v1_genomic_prodigal_proteins	2412	GCA_002017915.1_ASM201791v1_genomic_prodigal_proteins	623	260	63.30	13.76	41.73
GCA_003211535.1_ASM321153v1_genomic_prodigal_proteins	2412	GCA_900047545.1_m9_genomic_prodigal_proteins	1575	745	60.71	13.04	47.30
GCA_003211535.1_ASM321153v1_genomic_prodigal_proteins	2412	GCA_001632105.1_ASM163210v1_genomic_prodigal_proteins	3521	1421	70.75	13.82	58.91
GCA_003211535.1_ASM321153v1_genomic_prodigal_proteins	2412	GCA_004212765.1_ASM421276v1_genomic_prodigal_proteins	1162	774	89.18	9.15	66.61
GCA_003211535.1_ASM321153v1_genomic_prodigal_proteins	2412	GCA_002685515.1_ASM268551v1_genomic_prodigal_proteins	1286	723	69.90	13.30	56.22
GCA_003211535.1_ASM321153v1_genomic_prodigal_proteins	2412	GCA_007828135.1_ASM782813v1_genomic_prodigal_proteins	2917	1250	66.23	13.27	51.82
GCA_003211535.1_ASM321153v1_genomic_prodigal_proteins	2412	GCA_011047875.1_ASM1104787v1_genomic_prodigal_proteins	2810	729	52.86	11.74	30.22
GCA_003211535.1_ASM321153v1_genomic_prodigal_proteins	2412	GCA_009840445.1_ASM984044v1_genomic_prodigal_proteins	2167	972	61.12	12.85	44.85
GCA_003211535.1_ASM321153v1_genomic_prodigal_proteins	2412	GCA_003210995.1_ASM321099v1_genomic_prodigal_proteins	2385	1006	70.55	14.23	42.18
GCA_003211535.1_ASM321153v1_genomic_prodigal_proteins	2412	GCA_902616995.1_AG-919-L20_genomic_prodigal_proteins	654	346	86.56	11.82	52.91
GCA_003211535.1_ASM321153v1_genomic_prodigal_proteins	2412	GCA_009845825.1_ASM984582v1_genomic_prodigal_proteins	2168	810	61.71	12.57	37.36
GCA_003211535.1_ASM321153v1_genomic_prodigal_proteins	2412	GCA_000515235.1_ASM51523v1_genomic_prodigal_proteins	2873	1535	75.73	13.12	63.64
GCA_003211535.1_ASM321153v1_genomic_prodigal_proteins	2412	GCA_003523965.1_ASM352396v1_genomic_prodigal_proteins	1735	637	62.48	12.89	36.71
GCA_003211535.1_ASM321153v1_genomic_prodigal_proteins	2412	GCA_002684175.1_ASM268417v1_genomic_prodigal_proteins	1819	917	74.12	12.57	50.41
GCA_003211535.1_ASM321153v1_genomic_prodigal_proteins	2412	GCA_011523295.1_ASM1152329v1_genomic_prodigal_proteins	2851	1164	74.59	13.13	48.26
GCA_003211535.1_ASM321153v1_genomic_prodigal_proteins	2412	GCA_003211015.1_ASM321101v1_genomic_prodigal_proteins	2128	1030	70.37	13.81	48.40
GCA_003211535.1_ASM321153v1_genomic_prodigal_proteins	2412	GCA_002006815.1_ASM200681v1_genomic_prodigal_proteins	1973	1081	64.29	13.80	54.79
GCA_003331765.1_ASM333176v1_genomic_prodigal_proteins	2019	GCA_900473935.1_UW105_genomic_prodigal_proteins	2923	1587	70.57	13.65	78.60
GCA_003331765.1_ASM333176v1_genomic_prodigal_proteins	2019	GCA_002168155.1_ASM216815v1_genomic_prodigal_proteins	2361	1315	64.67	13.67	65.13
GCA_003331765.1_ASM333176v1_genomic_prodigal_proteins	2019	GCA_009846095.1_ASM984609v1_genomic_prodigal_proteins	2331	919	60.11	12.50	45.52
GCA_003331765.1_ASM333176v1_genomic_prodigal_proteins	2019	GCA_009498715.1_ASM949871v1_genomic_prodigal_proteins	2867	964	55.49	12.73	47.75
GCA_003331765.1_ASM333176v1_genomic_prodigal_proteins	2019	GCA_002252635.1_ASM225263v1_genomic_prodigal_proteins	3011	1340	66.01	13.47	66.37
GCA_003331765.1_ASM333176v1_genomic_prodigal_proteins	2019	GCA_009838425.1_ASM983842v1_genomic_prodigal_proteins	1544	652	60.57	12.84	42.23
GCA_003331765.1_ASM333176v1_genomic_prodigal_proteins	2019	GCA_900473895.1_N32_genomic_prodigal_proteins	2509	1679	77.50	12.45	83.16
GCA_003331765.1_ASM333176v1_genomic_prodigal_proteins	2019	GCA_003210495.1_ASM321049v1_genomic_prodigal_proteins	1134	538	68.63	13.67	47.44
GCA_003331765.1_ASM333176v1_genomic_prodigal_proteins	2019	GCA_003011125.1_ASM301112v1_genomic_prodigal_proteins	3076	1249	63.18	13.52	61.86
GCA_003331765.1_ASM333176v1_genomic_prodigal_proteins	2019	GCA_900177365.1_IMG-taxon_2708742537_annotated_assembly_genomic_prodigal_proteins	3310	906	53.36	12.54	44.87
GCA_003331765.1_ASM333176v1_genomic_prodigal_proteins	2019	GCA_002760445.1_ASM276044v1_genomic_prodigal_proteins	2661	776	52.74	11.74	38.43
GCA_003331765.1_ASM333176v1_genomic_prodigal_proteins	2019	GCA_900474185.1_UW69_genomic_prodigal_proteins	2629	1699	77.28	12.45	84.15
GCA_003331765.1_ASM333176v1_genomic_prodigal_proteins	2019	GCA_003210775.1_ASM321077v1_genomic_prodigal_proteins	2665	1135	69.59	13.75	56.22
GCA_003331765.1_ASM333176v1_genomic_prodigal_proteins	2019	GCA_002700765.1_ASM270076v1_genomic_prodigal_proteins	2134	1232	74.44	12.82	61.02
GCA_003331765.1_ASM333176v1_genomic_prodigal_proteins	2019	GCA_902599585.1_AG-916-O11_genomic_prodigal_proteins	1470	854	76.30	13.60	58.10
GCA_003331765.1_ASM333176v1_genomic_prodigal_proteins	2019	GCA_900474045.1_N19_genomic_prodigal_proteins	2484	1619	77.72	12.47	80.19
GCA_003331765.1_ASM333176v1_genomic_prodigal_proteins	2019	GCA_003210815.1_ASM321081v1_genomic_prodigal_proteins	2087	1014	69.65	13.60	50.22
GCA_003331765.1_ASM333176v1_genomic_prodigal_proteins	2019	GCA_900473955.1_GEYO_genomic_prodigal_proteins	2674	1572	70.27	13.70	77.86
GCA_003331765.1_ASM333176v1_genomic_prodigal_proteins	2019	GCA_002167425.2_ASM216742v2_genomic_prodigal_proteins	2822	1438	73.94	12.98	71.22
GCA_003331765.1_ASM333176v1_genomic_prodigal_proteins	2019	GCA_009844645.1_ASM984464v1_genomic_prodigal_proteins	1983	943	60.78	12.72	47.55
GCA_003331765.1_ASM333176v1_genomic_prodigal_proteins	2019	GCA_008081095.1_ASM808109v1_genomic_prodigal_proteins	1533	948	78.03	12.29	61.84
GCA_003331765.1_ASM333176v1_genomic_prodigal_proteins	2019	GCA_000014585.1_ASM1458v1_genomic_prodigal_proteins	2879	1562	70.11	13.72	77.37
GCA_003331765.1_ASM333176v1_genomic_prodigal_proteins	2019	GCA_000317085.1_ASM31708v1_genomic_prodigal_proteins	3673	835	51.91	11.95	41.36
GCA_003331765.1_ASM333176v1_genomic_prodigal_proteins	2019	GCA_013133755.1_ASM1313375v1_genomic_prodigal_proteins	2700	1545	70.17	13.72	76.52
GCA_003331765.1_ASM333176v1_genomic_prodigal_proteins	2019	GCA_003210475.1_ASM321047v1_genomic_prodigal_proteins	1514	754	69.75	13.90	49.80
GCA_003331765.1_ASM333176v1_genomic_prodigal_proteins	2019	GCA_003208815.1_ASM320881v1_genomic_prodigal_proteins	1352	781	89.66	9.85	57.77
GCA_003331765.1_ASM333176v1_genomic_prodigal_proteins	2019	GCA_000012505.1_ASM1250v1_genomic_prodigal_proteins	2461	1882	96.88	4.67	93.21
GCA_003331765.1_ASM333176v1_genomic_prodigal_proteins	2019	GCA_000153825.1_ASM15382v1_genomic_prodigal_proteins	2811	1575	71.22	13.45	78.01
GCA_003331765.1_ASM333176v1_genomic_prodigal_proteins	2019	GCA_002760475.1_ASM276047v1_genomic_prodigal_proteins	2647	773	52.81	11.68	38.29
GCA_003331765.1_ASM333176v1_genomic_prodigal_proteins	2019	GCA_003210565.1_ASM321056v1_genomic_prodigal_proteins	836	410	70.21	14.78	49.04
GCA_003331765.1_ASM333176v1_genomic_prodigal_proteins	2019	GCA_902618505.1_AG-892-K03_genomic_prodigal_proteins	959	361	75.91	14.21	37.64
GCA_003331765.1_ASM333176v1_genomic_prodigal_proteins	2019	GCA_005577135.1_ASM557713v1_genomic_prodigal_proteins	3356	922	53.23	12.46	45.67
GCA_003331765.1_ASM333176v1_genomic_prodigal_proteins	2019	GCA_003846445.1_ASM384644v1_genomic_prodigal_proteins	2740	1002	55.47	12.74	49.63
GCA_003331765.1_ASM333176v1_genomic_prodigal_proteins	2019	GCA_000505665.1_ASM50566v1_genomic_prodigal_proteins	2466	858	53.63	12.20	42.50
GCA_003331765.1_ASM333176v1_genomic_prodigal_proteins	2019	GCA_902616255.1_AG-919-I18_genomic_prodigal_proteins	1046	571	73.37	13.86	54.59
GCA_003331765.1_ASM333176v1_genomic_prodigal_proteins	2019	GCA_001182765.1_WH8103.1_genomic_prodigal_proteins	2676	1646	76.40	12.97	81.53
GCA_003331765.1_ASM333176v1_genomic_prodigal_proteins	2019	GCA_002760375.1_ASM276037v1_genomic_prodigal_proteins	2702	776	52.73	11.74	38.43
GCA_003331765.1_ASM333176v1_genomic_prodigal_proteins	2019	GCA_902592305.1_AG-914-O22_genomic_prodigal_proteins	179	92	74.89	14.90	51.40
GCA_003331765.1_ASM333176v1_genomic_prodigal_proteins	2019	GCA_001632165.1_ASM163216v1_genomic_prodigal_proteins	2830	1558	70.20	13.59	77.17
GCA_003331765.1_ASM333176v1_genomic_prodigal_proteins	2019	GCA_004332405.1_ASM433240v1_genomic_prodigal_proteins	2437	1493	71.22	13.37	73.95
GCA_003331765.1_ASM333176v1_genomic_prodigal_proteins	2019	GCA_900473975.1_N26_genomic_prodigal_proteins	2454	1620	77.71	12.51	80.24
GCA_003331765.1_ASM333176v1_genomic_prodigal_proteins	2019	GCA_902612475.1_AG-918-G20_genomic_prodigal_proteins	502	206	74.32	14.72	41.04
GCA_003331765.1_ASM333176v1_genomic_prodigal_proteins	2019	GCA_000775285.1_ASM77528v1_genomic_prodigal_proteins	4812	812	53.50	12.55	40.22
GCA_003331765.1_ASM333176v1_genomic_prodigal_proteins	2019	GCA_002698505.1_ASM269850v1_genomic_prodigal_proteins	2471	1454	70.39	13.46	72.02
GCA_003331765.1_ASM333176v1_genomic_prodigal_proteins	2019	GCA_002252665.1_ASM225266v1_genomic_prodigal_proteins	2771	1375	66.62	13.55	68.10
GCA_003331765.1_ASM333176v1_genomic_prodigal_proteins	2019	GCA_003555505.1_ASM355550v1_genomic_prodigal_proteins	3351	649	54.00	12.69	32.14
GCA_003331765.1_ASM333176v1_genomic_prodigal_proteins	2019	GCA_900474015.1_UW106_genomic_prodigal_proteins	2762	1693	77.20	12.53	83.85
GCA_003331765.1_ASM333176v1_genomic_prodigal_proteins	2019	GCA_000715475.1_ASM71547v1_genomic_prodigal_proteins	3299	909	53.30	12.53	45.02
GCA_003331765.1_ASM333176v1_genomic_prodigal_proteins	2019	GCA_001628295.1_ASM162829v1_genomic_prodigal_proteins	2145	1529	77.96	12.31	75.73
GCA_003331765.1_ASM333176v1_genomic_prodigal_proteins	2019	GCA_003208775.1_ASM320877v1_genomic_prodigal_proteins	1808	970	69.83	13.73	53.65
GCA_003331765.1_ASM333176v1_genomic_prodigal_proteins	2019	GCA_003210975.1_ASM321097v1_genomic_prodigal_proteins	627	397	76.67	12.99	63.32
GCA_003331765.1_ASM333176v1_genomic_prodigal_proteins	2019	GCA_003208915.1_ASM320891v1_genomic_prodigal_proteins	1208	596	74.19	13.58	49.34
GCA_003331765.1_ASM333176v1_genomic_prodigal_proteins	2019	GCA_009837735.1_ASM983773v1_genomic_prodigal_proteins	2041	811	60.88	12.78	40.17
GCA_003331765.1_ASM333176v1_genomic_prodigal_proteins	2019	GCA_902548805.1_AG-901-N20_genomic_prodigal_proteins	158	49	70.45	17.83	31.01
GCA_003331765.1_ASM333176v1_genomic_prodigal_proteins	2019	GCA_003211235.1_ASM321123v1_genomic_prodigal_proteins	1698	870	75.38	13.05	51.24
GCA_003331765.1_ASM333176v1_genomic_prodigal_proteins	2019	GCA_004209775.1_ASM420977v1_genomic_prodigal_proteins	2798	1488	71.10	13.11	73.70
GCA_003331765.1_ASM333176v1_genomic_prodigal_proteins	2019	GCA_003283215.1_ASM328321v1_genomic_prodigal_proteins	239	35	76.14	13.49	14.64
GCA_003331765.1_ASM333176v1_genomic_prodigal_proteins	2019	GCA_003209555.1_ASM320955v1_genomic_prodigal_proteins	908	311	65.95	14.61	34.25
GCA_003331765.1_ASM333176v1_genomic_prodigal_proteins	2019	GCA_000153805.1_ASM15380v1_genomic_prodigal_proteins	2517	1846	93.65	6.46	91.43
GCA_003331765.1_ASM333176v1_genomic_prodigal_proteins	2019	GCA_003283205.1_ASM328320v1_genomic_prodigal_proteins	274	52	68.65	15.49	18.98
GCA_003331765.1_ASM333176v1_genomic_prodigal_proteins	2019	GCA_900473925.1_N5_genomic_prodigal_proteins	2417	1602	77.88	12.28	79.35
GCA_003331765.1_ASM333176v1_genomic_prodigal_proteins	2019	GCA_902592665.1_AG-447-E14_genomic_prodigal_proteins	1111	570	91.12	8.83	51.31
GCA_003331765.1_ASM333176v1_genomic_prodigal_proteins	2019	GCA_011523155.1_ASM1152315v1_genomic_prodigal_proteins	2101	1117	69.16	13.06	55.32
GCA_003331765.1_ASM333176v1_genomic_prodigal_proteins	2019	GCA_003211275.1_ASM321127v1_genomic_prodigal_proteins	2168	1029	69.17	13.76	50.97
GCA_003331765.1_ASM333176v1_genomic_prodigal_proteins	2019	GCA_003957805.1_ASM395780v1_genomic_prodigal_proteins	2887	1022	55.40	12.74	50.62
GCA_003331765.1_ASM333176v1_genomic_prodigal_proteins	2019	GCA_012270465.1_ASM1227046v1_genomic_prodigal_proteins	2311	1153	64.86	13.48	57.11
GCA_003331765.1_ASM333176v1_genomic_prodigal_proteins	2019	GCA_001693255.1_ASM169325v1_genomic_prodigal_proteins	3177	930	53.17	12.49	46.06
GCA_003331765.1_ASM333176v1_genomic_prodigal_proteins	2019	GCA_003210385.1_ASM321038v1_genomic_prodigal_proteins	286	190	69.54	13.76	66.43
GCA_003331765.1_ASM333176v1_genomic_prodigal_proteins	2019	GCA_002170705.1_ASM217070v1_genomic_prodigal_proteins	1392	862	75.77	12.64	61.93
GCA_003331765.1_ASM333176v1_genomic_prodigal_proteins	2019	GCA_002356215.1_ASM235621v1_genomic_prodigal_proteins	2953	919	53.18	12.66	45.52
GCA_003331765.1_ASM333176v1_genomic_prodigal_proteins	2019	GCA_003210935.1_ASM321093v1_genomic_prodigal_proteins	1868	1058	70.36	13.81	56.64
GCA_003331765.1_ASM333176v1_genomic_prodigal_proteins	2019	GCA_003210535.1_ASM321053v1_genomic_prodigal_proteins	1257	732	89.57	8.60	58.23
GCA_003331765.1_ASM333176v1_genomic_prodigal_proteins	2019	GCA_002724845.1_ASM272484v1_genomic_prodigal_proteins	1589	1191	77.77	11.76	74.95
GCA_003331765.1_ASM333176v1_genomic_prodigal_proteins	2019	GCA_000153285.1_ASM15328v1_genomic_prodigal_proteins	2746	1555	70.42	13.56	77.02
GCA_003331765.1_ASM333176v1_genomic_prodigal_proteins	2019	GCA_003211035.1_ASM321103v1_genomic_prodigal_proteins	530	303	74.02	13.64	57.17
GCA_003331765.1_ASM333176v1_genomic_prodigal_proteins	2019	GCA_001521855.1_ASM152185v1_genomic_prodigal_proteins	3144	920	53.27	12.46	45.57
GCA_003331765.1_ASM333176v1_genomic_prodigal_proteins	2019	GCA_009835965.1_ASM983596v1_genomic_prodigal_proteins	2105	1022	60.62	12.76	50.62
GCA_003331765.1_ASM333176v1_genomic_prodigal_proteins	2019	GCA_012269695.1_ASM1226969v1_genomic_prodigal_proteins	2043	994	65.03	13.67	49.23
GCA_003331765.1_ASM333176v1_genomic_prodigal_proteins	2019	GCA_000737535.1_ASM73753v1_genomic_prodigal_proteins	3013	1618	74.68	12.85	80.14
GCA_003331765.1_ASM333176v1_genomic_prodigal_proteins	2019	GCA_000586015.1_SynSpo.0_genomic_prodigal_proteins	1907	793	61.62	13.10	41.58
GCA_003331765.1_ASM333176v1_genomic_prodigal_proteins	2019	GCA_002760345.1_ASM276034v1_genomic_prodigal_proteins	2731	786	52.79	11.70	38.93
GCA_003331765.1_ASM333176v1_genomic_prodigal_proteins	2019	GCA_000013225.1_ASM1322v1_genomic_prodigal_proteins	2844	793	52.59	11.91	39.28
GCA_003331765.1_ASM333176v1_genomic_prodigal_proteins	2019	GCA_000332275.1_ASM33227v1_genomic_prodigal_proteins	4564	890	51.89	11.93	44.08
GCA_003331765.1_ASM333176v1_genomic_prodigal_proteins	2019	GCA_002252675.1_ASM225267v1_genomic_prodigal_proteins	3295	1330	66.39	13.33	65.87
GCA_003331765.1_ASM333176v1_genomic_prodigal_proteins	2019	GCA_000737575.1_ASM73757v1_genomic_prodigal_proteins	2662	1643	75.78	12.85	81.38
GCA_003331765.1_ASM333176v1_genomic_prodigal_proteins	2019	GCA_902596755.1_AG-916-D19_genomic_prodigal_proteins	1152	587	74.69	13.90	50.95
GCA_003331765.1_ASM333176v1_genomic_prodigal_proteins	2019	GCA_003211455.1_ASM321145v1_genomic_prodigal_proteins	1186	598	75.49	13.74	50.42
GCA_003331765.1_ASM333176v1_genomic_prodigal_proteins	2019	GCA_003208755.1_ASM320875v1_genomic_prodigal_proteins	690	454	92.53	7.76	65.80
GCA_003331765.1_ASM333176v1_genomic_prodigal_proteins	2019	GCA_007571215.1_ASM757121v1_genomic_prodigal_proteins	1879	994	60.53	12.97	52.90
GCA_003331765.1_ASM333176v1_genomic_prodigal_proteins	2019	GCA_001007635.1_ASM100763v1_genomic_prodigal_proteins	2333	930	60.75	12.74	46.06
GCA_003331765.1_ASM333176v1_genomic_prodigal_proteins	2019	GCA_000179255.1_ASM17925v1_genomic_prodigal_proteins	2729	1413	66.62	13.68	69.99
GCA_003331765.1_ASM333176v1_genomic_prodigal_proteins	2019	GCA_003208975.1_ASM320897v1_genomic_prodigal_proteins	1804	891	74.54	13.59	49.39
GCA_003331765.1_ASM333176v1_genomic_prodigal_proteins	2019	GCA_012103655.1_ASM1210365v1_genomic_prodigal_proteins	2723	1570	70.36	13.54	77.76
GCA_003331765.1_ASM333176v1_genomic_prodigal_proteins	2019	GCA_902582045.1_AG-912-B07_genomic_prodigal_proteins	196	67	70.02	15.33	34.18
GCA_003331765.1_ASM333176v1_genomic_prodigal_proteins	2019	GCA_000153045.1_ASM15304v1_genomic_prodigal_proteins	3242	1400	67.36	14.55	69.34
GCA_003331765.1_ASM333176v1_genomic_prodigal_proteins	2019	GCA_902549675.1_AG-903-B09_genomic_prodigal_proteins	836	405	75.64	14.04	48.44
GCA_003331765.1_ASM333176v1_genomic_prodigal_proteins	2019	GCA_002018045.1_ASM201804v1_genomic_prodigal_proteins	1559	797	61.39	12.67	51.12
GCA_003331765.1_ASM333176v1_genomic_prodigal_proteins	2019	GCA_004213055.1_ASM421305v1_genomic_prodigal_proteins	2241	1385	70.98	13.54	68.60
GCA_003331765.1_ASM333176v1_genomic_prodigal_proteins	2019	GCA_007571085.1_ASM757108v1_genomic_prodigal_proteins	1784	971	60.55	12.92	54.43
GCA_003331765.1_ASM333176v1_genomic_prodigal_proteins	2019	GCA_009839805.1_ASM983980v1_genomic_prodigal_proteins	1848	678	58.93	12.15	36.69
GCA_003331765.1_ASM333176v1_genomic_prodigal_proteins	2019	GCA_003210375.1_ASM321037v1_genomic_prodigal_proteins	2155	1348	90.08	8.34	66.77
GCA_003331765.1_ASM333176v1_genomic_prodigal_proteins	2019	GCA_004332415.1_ASM433241v1_genomic_prodigal_proteins	2408	1518	71.08	13.34	75.19
GCA_003331765.1_ASM333176v1_genomic_prodigal_proteins	2019	GCA_009836025.1_ASM983602v1_genomic_prodigal_proteins	2290	1006	60.79	12.63	49.83
GCA_003331765.1_ASM333176v1_genomic_prodigal_proteins	2019	GCA_009843455.1_ASM984345v1_genomic_prodigal_proteins	2423	988	60.63	12.60	48.94
GCA_003331765.1_ASM333176v1_genomic_prodigal_proteins	2019	GCA_009843485.1_ASM984348v1_genomic_prodigal_proteins	2158	1018	60.69	12.82	50.42
GCA_003331765.1_ASM333176v1_genomic_prodigal_proteins	2019	GCA_003283135.1_ASM328313v1_genomic_prodigal_proteins	459	125	67.88	15.10	27.23
GCA_003331765.1_ASM333176v1_genomic_prodigal_proteins	2019	GCA_902635485.1_AG-447-G23_genomic_prodigal_proteins	327	118	72.97	14.78	36.09
GCA_003331765.1_ASM333176v1_genomic_prodigal_proteins	2019	GCA_002760415.1_ASM276041v1_genomic_prodigal_proteins	2670	777	52.71	11.73	38.48
GCA_003331765.1_ASM333176v1_genomic_prodigal_proteins	2019	GCA_002754935.1_ASM275493v1_genomic_prodigal_proteins	2664	847	53.21	12.30	41.95
GCA_003331765.1_ASM333176v1_genomic_prodigal_proteins	2019	GCA_002171685.2_ASM217168v2_genomic_prodigal_proteins	811	616	71.02	13.03	75.96
GCA_003331765.1_ASM333176v1_genomic_prodigal_proteins	2019	GCA_000737595.1_ASM73759v1_genomic_prodigal_proteins	2774	1660	77.21	12.39	82.22
GCA_003331765.1_ASM333176v1_genomic_prodigal_proteins	2019	GCA_003331785.1_ASM333178v1_genomic_prodigal_proteins	2125	1518	70.55	13.67	75.19
GCA_003331765.1_ASM333176v1_genomic_prodigal_proteins	2019	GCA_009842265.1_ASM984226v1_genomic_prodigal_proteins	2398	1000	60.72	12.62	49.53
GCA_003331765.1_ASM333176v1_genomic_prodigal_proteins	2019	GCA_902579345.1_AG-911-L15_genomic_prodigal_proteins	248	98	70.87	15.25	39.52
GCA_003331765.1_ASM333176v1_genomic_prodigal_proteins	2019	GCA_000011345.1_ASM1134v1_genomic_prodigal_proteins	2520	887	53.39	12.29	43.93
GCA_003331765.1_ASM333176v1_genomic_prodigal_proteins	2019	GCA_003210705.1_ASM321070v1_genomic_prodigal_proteins	2244	1118	69.55	13.76	55.37
GCA_003331765.1_ASM333176v1_genomic_prodigal_proteins	2019	GCA_000019485.1_ASM1948v1_genomic_prodigal_proteins	3233	915	53.34	12.51	45.32
GCA_003331765.1_ASM333176v1_genomic_prodigal_proteins	2019	GCA_003283055.1_ASM328305v1_genomic_prodigal_proteins	482	55	67.51	13.82	11.41
GCA_003331765.1_ASM333176v1_genomic_prodigal_proteins	2019	GCA_000010065.1_ASM1006v1_genomic_prodigal_proteins	2691	1014	55.35	12.72	50.22
GCA_003331765.1_ASM333176v1_genomic_prodigal_proteins	2019	GCA_000316685.1_ASM31668v1_genomic_prodigal_proteins	3706	899	53.07	12.45	44.53
GCA_003331765.1_ASM333176v1_genomic_prodigal_proteins	2019	GCA_000063525.1_ASM6352v1_genomic_prodigal_proteins	2540	1398	65.83	13.93	69.24
GCA_003331765.1_ASM333176v1_genomic_prodigal_proteins	2019	GCA_003283165.1_ASM328316v1_genomic_prodigal_proteins	217	56	71.41	14.68	25.81
GCA_003331765.1_ASM333176v1_genomic_prodigal_proteins	2019	GCA_902540675.1_AG-359-E22_genomic_prodigal_proteins	584	276	75.92	13.84	47.26
GCA_003331765.1_ASM333176v1_genomic_prodigal_proteins	2019	GCA_011055065.1_ASM1105506v1_genomic_prodigal_proteins	2792	761	52.44	11.99	37.69
GCA_003331765.1_ASM333176v1_genomic_prodigal_proteins	2019	GCA_000013205.1_ASM1320v1_genomic_prodigal_proteins	2750	786	52.83	11.71	38.93
GCA_003331765.1_ASM333176v1_genomic_prodigal_proteins	2019	GCA_003539795.1_ASM353979v1_genomic_prodigal_proteins	2284	1286	75.04	12.62	63.69
GCA_003331765.1_ASM333176v1_genomic_prodigal_proteins	2019	GCA_002171995.1_ASM217199v1_genomic_prodigal_proteins	1978	910	70.56	13.65	46.01
GCA_003331765.1_ASM333176v1_genomic_prodigal_proteins	2019	GCA_011523835.1_ASM1152383v1_genomic_prodigal_proteins	2468	1353	70.45	13.59	67.01
GCA_003331765.1_ASM333176v1_genomic_prodigal_proteins	2019	GCA_002172175.1_ASM217217v1_genomic_prodigal_proteins	1846	940	64.56	13.73	50.92
GCA_003331765.1_ASM333176v1_genomic_prodigal_proteins	2019	GCA_003208835.1_ASM320883v1_genomic_prodigal_proteins	2208	1298	90.49	8.40	64.29
GCA_003331765.1_ASM333176v1_genomic_prodigal_proteins	2019	GCA_902589915.1_AG-914-F20_genomic_prodigal_proteins	373	111	75.54	13.78	29.76
GCA_003331765.1_ASM333176v1_genomic_prodigal_proteins	2019	GCA_000485815.1_ASM48581v1_genomic_prodigal_proteins	3083	904	53.22	12.71	44.77
GCA_003331765.1_ASM333176v1_genomic_prodigal_proteins	2019	GCA_008807075.1_ASM880707v1_genomic_prodigal_proteins	2925	1369	65.71	13.35	67.81
GCA_003331765.1_ASM333176v1_genomic_prodigal_proteins	2019	GCA_000179235.2_ASM17923v2_genomic_prodigal_proteins	3071	1404	66.82	13.43	69.54
GCA_003331765.1_ASM333176v1_genomic_prodigal_proteins	2019	GCA_003210795.1_ASM321079v1_genomic_prodigal_proteins	2239	1243	74.75	13.36	61.57
GCA_003331765.1_ASM333176v1_genomic_prodigal_proteins	2019	GCA_002706715.1_ASM270671v1_genomic_prodigal_proteins	1148	820	75.70	12.75	71.43
GCA_003331765.1_ASM333176v1_genomic_prodigal_proteins	2019	GCA_003331245.1_ASM333124v1_genomic_prodigal_proteins	2021	1381	75.79	12.59	68.40
GCA_003331765.1_ASM333176v1_genomic_prodigal_proteins	2019	GCA_009843385.1_ASM984338v1_genomic_prodigal_proteins	2085	851	60.99	12.81	42.15
GCA_003331765.1_ASM333176v1_genomic_prodigal_proteins	2019	GCA_003211205.1_ASM321120v1_genomic_prodigal_proteins	2288	1252	70.12	13.65	62.01
GCA_003331765.1_ASM333176v1_genomic_prodigal_proteins	2019	GCA_000063505.1_ASM6350v1_genomic_prodigal_proteins	2558	1528	70.59	13.63	75.68
GCA_003331765.1_ASM333176v1_genomic_prodigal_proteins	2019	GCA_900474245.1_UW179B_genomic_prodigal_proteins	2743	1576	70.24	13.72	78.06
GCA_003331765.1_ASM333176v1_genomic_prodigal_proteins	2019	GCA_003210345.1_ASM321034v1_genomic_prodigal_proteins	1256	765	89.88	8.91	60.91
GCA_003331765.1_ASM333176v1_genomic_prodigal_proteins	2019	GCA_003210315.1_ASM321031v1_genomic_prodigal_proteins	1815	967	69.61	13.84	53.28
GCA_003331765.1_ASM333176v1_genomic_prodigal_proteins	2019	GCA_009836155.1_ASM983615v1_genomic_prodigal_proteins	1947	951	60.93	12.65	48.84
GCA_003331765.1_ASM333176v1_genomic_prodigal_proteins	2019	GCA_003990665.2_ASM399066v2_genomic_prodigal_proteins	2499	888	53.43	12.28	43.98
GCA_003331765.1_ASM333176v1_genomic_prodigal_proteins	2019	GCA_003209135.1_ASM320913v1_genomic_prodigal_proteins	1719	882	73.57	13.41	51.31
GCA_003331765.1_ASM333176v1_genomic_prodigal_proteins	2019	GCA_009845105.1_ASM984510v1_genomic_prodigal_proteins	1941	808	60.28	12.81	41.63
GCA_003331765.1_ASM333176v1_genomic_prodigal_proteins	2019	GCA_002690325.1_ASM269032v1_genomic_prodigal_proteins	2554	1577	73.91	13.42	78.11
GCA_003331765.1_ASM333176v1_genomic_prodigal_proteins	2019	GCA_000161795.2_ASM16179v2_genomic_prodigal_proteins	2407	1600	77.80	12.28	79.25
GCA_003331765.1_ASM333176v1_genomic_prodigal_proteins	2019	GCA_004211895.1_ASM421189v1_genomic_prodigal_proteins	954	711	78.62	11.89	74.53
GCA_003331765.1_ASM333176v1_genomic_prodigal_proteins	2019	GCA_003210735.1_ASM321073v1_genomic_prodigal_proteins	2337	1233	74.48	13.41	61.07
GCA_003331765.1_ASM333176v1_genomic_prodigal_proteins	2019	GCA_003209035.1_ASM320903v1_genomic_prodigal_proteins	1803	930	74.31	13.49	51.58
GCA_003331765.1_ASM333176v1_genomic_prodigal_proteins	2019	GCA_003712085.1_ASM371208v1_genomic_prodigal_proteins	2745	1640	76.49	12.87	81.23
GCA_003331765.1_ASM333176v1_genomic_prodigal_proteins	2019	GCA_003212155.1_ASM321215v1_genomic_prodigal_proteins	262	89	62.76	17.50	33.97
GCA_003331765.1_ASM333176v1_genomic_prodigal_proteins	2019	GCA_001040845.1_ASM104084v1_genomic_prodigal_proteins	2917	1569	70.19	13.65	77.71
GCA_003331765.1_ASM333176v1_genomic_prodigal_proteins	2019	GCA_002018015.1_ASM201801v1_genomic_prodigal_proteins	1578	775	61.43	12.67	49.11
GCA_003331765.1_ASM333176v1_genomic_prodigal_proteins	2019	GCA_003211255.1_ASM321125v1_genomic_prodigal_proteins	1850	961	74.54	13.34	51.95
GCA_003331765.1_ASM333176v1_genomic_prodigal_proteins	2019	GCA_002721235.1_ASM272123v1_genomic_prodigal_proteins	3119	925	53.28	12.54	45.81
GCA_003331765.1_ASM333176v1_genomic_prodigal_proteins	2019	GCA_009839305.1_ASM983930v1_genomic_prodigal_proteins	1816	759	61.24	13.17	41.80
GCA_003331765.1_ASM333176v1_genomic_prodigal_proteins	2019	GCA_011365345.1_ASM1136534v1_genomic_prodigal_proteins	2655	1699	77.25	12.47	84.15
GCA_003331765.1_ASM333176v1_genomic_prodigal_proteins	2019	GCA_001039265.1_ASM103926v1_genomic_prodigal_proteins	2832	937	67.69	13.71	46.41
GCA_003331765.1_ASM333176v1_genomic_prodigal_proteins	2019	GCA_001628325.1_ASM162832v1_genomic_prodigal_proteins	2129	1521	78.04	12.26	75.33
GCA_003331765.1_ASM333176v1_genomic_prodigal_proteins	2019	GCA_003209215.1_ASM320921v1_genomic_prodigal_proteins	1679	854	76.93	12.83	50.86
GCA_003331765.1_ASM333176v1_genomic_prodigal_proteins	2019	GCA_002737305.1_ASM273730v1_genomic_prodigal_proteins	1951	1058	66.73	13.59	54.23
GCA_003331765.1_ASM333176v1_genomic_prodigal_proteins	2019	GCA_003210515.1_ASM321051v1_genomic_prodigal_proteins	1673	1153	98.91	5.43	68.92
GCA_003331765.1_ASM333176v1_genomic_prodigal_proteins	2019	GCA_011525445.1_ASM1152544v1_genomic_prodigal_proteins	3208	1269	69.33	13.42	62.85
GCA_003331765.1_ASM333176v1_genomic_prodigal_proteins	2019	GCA_902599435.1_AG-916-N22_genomic_prodigal_proteins	793	452	76.23	13.60	57.00
GCA_003331765.1_ASM333176v1_genomic_prodigal_proteins	2019	GCA_003149585.1_ASM314958v1_genomic_prodigal_proteins	2600	1426	66.59	13.78	70.63
GCA_003331765.1_ASM333176v1_genomic_prodigal_proteins	2019	GCA_902560665.1_AG-905-O11_genomic_prodigal_proteins	401	163	73.81	14.56	40.65
GCA_003331765.1_ASM333176v1_genomic_prodigal_proteins	2019	GCA_003331795.1_ASM333179v1_genomic_prodigal_proteins	1948	1148	65.77	14.17	58.93
GCA_003331765.1_ASM333176v1_genomic_prodigal_proteins	2019	GCA_002017955.1_ASM201795v1_genomic_prodigal_proteins	512	224	60.78	12.44	43.75
GCA_003331765.1_ASM333176v1_genomic_prodigal_proteins	2019	GCA_902584485.1_AG-912-O23_genomic_prodigal_proteins	535	208	73.99	14.46	38.88
GCA_003331765.1_ASM333176v1_genomic_prodigal_proteins	2019	GCA_902527915.1_AG-896-G19_genomic_prodigal_proteins	1003	544	75.26	13.76	54.24
GCA_003331765.1_ASM333176v1_genomic_prodigal_proteins	2019	GCA_902635365.1_AG-447-D19_genomic_prodigal_proteins	1690	950	92.00	8.44	56.21
GCA_003331765.1_ASM333176v1_genomic_prodigal_proteins	2019	GCA_900474085.1_UW86_genomic_prodigal_proteins	2403	1634	77.69	12.48	80.93
GCA_003331765.1_ASM333176v1_genomic_prodigal_proteins	2019	GCA_001885215.1_ASM188521v1_genomic_prodigal_proteins	2897	1362	65.64	13.27	67.46
GCA_003331765.1_ASM333176v1_genomic_prodigal_proteins	2019	GCA_902575935.1_AG-426-B22_genomic_prodigal_proteins	254	142	79.68	12.37	55.91
GCA_003331765.1_ASM333176v1_genomic_prodigal_proteins	2019	GCA_900474295.1_UW140_genomic_prodigal_proteins	2925	1573	70.65	13.58	77.91
GCA_003331765.1_ASM333176v1_genomic_prodigal_proteins	2019	GCA_003211565.1_ASM321156v1_genomic_prodigal_proteins	1489	746	75.90	13.12	50.10
GCA_003331765.1_ASM333176v1_genomic_prodigal_proteins	2019	GCA_003526105.1_ASM352610v1_genomic_prodigal_proteins	1581	906	78.85	12.21	57.31
GCA_003331765.1_ASM333176v1_genomic_prodigal_proteins	2019	GCA_002172935.1_ASM217293v1_genomic_prodigal_proteins	1996	1203	69.97	13.52	60.27
GCA_003331765.1_ASM333176v1_genomic_prodigal_proteins	2019	GCA_003210335.1_ASM321033v1_genomic_prodigal_proteins	942	281	67.52	13.15	29.83
GCA_003331765.1_ASM333176v1_genomic_prodigal_proteins	2019	GCA_009846115.1_ASM984611v1_genomic_prodigal_proteins	2048	909	60.69	12.88	45.02
GCA_003331765.1_ASM333176v1_genomic_prodigal_proteins	2019	GCA_001693295.1_ASM169329v1_genomic_prodigal_proteins	3183	923	53.25	12.45	45.72
GCA_003331765.1_ASM333176v1_genomic_prodigal_proteins	2019	GCA_900473965.1_UW179A_genomic_prodigal_proteins	3383	1579	70.03	13.60	78.21
GCA_003331765.1_ASM333176v1_genomic_prodigal_proteins	2019	GCA_003213755.1_ASM321375v1_genomic_prodigal_proteins	1050	463	64.90	13.98	44.10
GCA_003331765.1_ASM333176v1_genomic_prodigal_proteins	2019	GCA_003209155.1_ASM320915v1_genomic_prodigal_proteins	2305	1209	70.25	13.48	59.88
GCA_003331765.1_ASM333176v1_genomic_prodigal_proteins	2019	GCA_003211515.1_ASM321151v1_genomic_prodigal_proteins	2451	1097	73.48	13.47	54.33
GCA_003331765.1_ASM333176v1_genomic_prodigal_proteins	2019	GCA_002693285.1_ASM269328v1_genomic_prodigal_proteins	2440	1418	70.30	13.70	70.23
GCA_003331765.1_ASM333176v1_genomic_prodigal_proteins	2019	GCA_003210555.1_ASM321055v1_genomic_prodigal_proteins	1847	909	69.79	13.38	49.21
GCA_003331765.1_ASM333176v1_genomic_prodigal_proteins	2019	GCA_000155595.1_ASM15559v1_genomic_prodigal_proteins	5270	952	52.82	12.28	47.15
GCA_003331765.1_ASM333176v1_genomic_prodigal_proteins	2019	GCA_001007665.1_ASM100766v1_genomic_prodigal_proteins	2356	1033	60.42	12.81	51.16
GCA_003331765.1_ASM333176v1_genomic_prodigal_proteins	2019	GCA_009919765.1_ASM991976v1_genomic_prodigal_proteins	2524	959	65.49	14.09	47.50
GCA_003331765.1_ASM333176v1_genomic_prodigal_proteins	2019	GCA_003331225.1_ASM333122v1_genomic_prodigal_proteins	2113	1265	65.40	14.01	62.65
GCA_003331765.1_ASM333176v1_genomic_prodigal_proteins	2019	GCA_900177825.1_IMG-taxon_2708742468_annotated_assembly_genomic_prodigal_proteins	3317	905	53.34	12.51	44.82
GCA_003331765.1_ASM333176v1_genomic_prodigal_proteins	2019	GCA_000195975.1_ASM19597v1_genomic_prodigal_proteins	2719	1651	76.39	12.96	81.77
GCA_003331765.1_ASM333176v1_genomic_prodigal_proteins	2019	GCA_902618885.1_AG-920-D15_genomic_prodigal_proteins	1178	656	76.07	13.83	55.69
GCA_003331765.1_ASM333176v1_genomic_prodigal_proteins	2019	GCA_003209165.1_ASM320916v1_genomic_prodigal_proteins	2711	1408	77.02	12.49	69.74
GCA_003331765.1_ASM333176v1_genomic_prodigal_proteins	2019	GCA_001007625.1_ASM100762v1_genomic_prodigal_proteins	2478	897	60.99	12.86	44.43
GCA_003331765.1_ASM333176v1_genomic_prodigal_proteins	2019	GCA_008386235.1_ASM838623v1_genomic_prodigal_proteins	2571	885	53.32	12.29	43.83
GCA_003331765.1_ASM333176v1_genomic_prodigal_proteins	2019	GCA_001631935.1_ASM163193v1_genomic_prodigal_proteins	3526	1580	70.08	13.77	78.26
GCA_003331765.1_ASM333176v1_genomic_prodigal_proteins	2019	GCA_002151525.1_ASM215152v1_genomic_prodigal_proteins	1628	949	63.85	13.59	58.29
GCA_003331765.1_ASM333176v1_genomic_prodigal_proteins	2019	GCA_000153065.1_ASM15306v1_genomic_prodigal_proteins	2704	1468	71.29	13.03	72.71
GCA_003331765.1_ASM333176v1_genomic_prodigal_proteins	2019	GCA_009837265.1_ASM983726v1_genomic_prodigal_proteins	2126	952	60.63	12.82	47.15
GCA_003331765.1_ASM333176v1_genomic_prodigal_proteins	2019	GCA_902533725.1_AG-898-C20_genomic_prodigal_proteins	421	148	74.38	14.40	35.15
GCA_003331765.1_ASM333176v1_genomic_prodigal_proteins	2019	GCA_002171075.2_ASM217107v2_genomic_prodigal_proteins	1919	1055	63.61	13.70	54.98
GCA_003331765.1_ASM333176v1_genomic_prodigal_proteins	2019	GCA_002760395.1_ASM276039v1_genomic_prodigal_proteins	2661	769	52.75	11.76	38.09
GCA_003331765.1_ASM333176v1_genomic_prodigal_proteins	2019	GCA_003209005.1_ASM320900v1_genomic_prodigal_proteins	2548	1319	69.93	13.73	65.33
GCA_003331765.1_ASM333176v1_genomic_prodigal_proteins	2019	GCA_002017915.1_ASM201791v1_genomic_prodigal_proteins	623	297	62.67	13.44	47.67
GCA_003331765.1_ASM333176v1_genomic_prodigal_proteins	2019	GCA_900047545.1_m9_genomic_prodigal_proteins	1575	807	60.57	12.76	51.24
GCA_003331765.1_ASM333176v1_genomic_prodigal_proteins	2019	GCA_001632105.1_ASM163210v1_genomic_prodigal_proteins	3521	1587	70.06	13.79	78.60
GCA_003331765.1_ASM333176v1_genomic_prodigal_proteins	2019	GCA_004212765.1_ASM421276v1_genomic_prodigal_proteins	1162	829	76.47	12.88	71.34
GCA_003331765.1_ASM333176v1_genomic_prodigal_proteins	2019	GCA_002685515.1_ASM268551v1_genomic_prodigal_proteins	1286	856	69.36	13.50	66.56
GCA_003331765.1_ASM333176v1_genomic_prodigal_proteins	2019	GCA_007828135.1_ASM782813v1_genomic_prodigal_proteins	2917	1361	65.61	13.25	67.41
GCA_003331765.1_ASM333176v1_genomic_prodigal_proteins	2019	GCA_011047875.1_ASM1104787v1_genomic_prodigal_proteins	2810	785	52.54	11.92	38.88
GCA_003331765.1_ASM333176v1_genomic_prodigal_proteins	2019	GCA_009840445.1_ASM984044v1_genomic_prodigal_proteins	2167	1047	60.63	12.78	51.86
GCA_003331765.1_ASM333176v1_genomic_prodigal_proteins	2019	GCA_003210995.1_ASM321099v1_genomic_prodigal_proteins	2385	1150	69.95	13.99	56.96
GCA_003331765.1_ASM333176v1_genomic_prodigal_proteins	2019	GCA_902616995.1_AG-919-L20_genomic_prodigal_proteins	654	350	75.03	14.02	53.52
GCA_003331765.1_ASM333176v1_genomic_prodigal_proteins	2019	GCA_009845825.1_ASM984582v1_genomic_prodigal_proteins	2168	880	60.88	12.50	43.59
GCA_003331765.1_ASM333176v1_genomic_prodigal_proteins	2019	GCA_000515235.1_ASM51523v1_genomic_prodigal_proteins	2873	1626	74.67	12.86	80.53
GCA_003331765.1_ASM333176v1_genomic_prodigal_proteins	2019	GCA_003523965.1_ASM352396v1_genomic_prodigal_proteins	1735	677	62.35	12.99	39.02
GCA_003331765.1_ASM333176v1_genomic_prodigal_proteins	2019	GCA_002684175.1_ASM268417v1_genomic_prodigal_proteins	1819	1058	74.23	12.21	58.16
GCA_003331765.1_ASM333176v1_genomic_prodigal_proteins	2019	GCA_011523295.1_ASM1152329v1_genomic_prodigal_proteins	2851	1326	73.94	12.73	65.68
GCA_003331765.1_ASM333176v1_genomic_prodigal_proteins	2019	GCA_003211015.1_ASM321101v1_genomic_prodigal_proteins	2128	1127	70.29	13.43	55.82
GCA_003331765.1_ASM333176v1_genomic_prodigal_proteins	2019	GCA_002006815.1_ASM200681v1_genomic_prodigal_proteins	1973	1161	64.01	13.43	58.84
GCA_003210755.1_ASM321075v1_genomic_prodigal_proteins	2871	GCA_000012525.1_ASM1252v1_genomic_prodigal_proteins	2725	1035	54.86	13.16	37.98
GCA_003210755.1_ASM321075v1_genomic_prodigal_proteins	2871	GCA_000817325.1_ASM81732v1_genomic_prodigal_proteins	2728	1036	54.89	13.16	37.98
GCA_003210755.1_ASM321075v1_genomic_prodigal_proteins	2871	GCA_002691345.1_ASM269134v1_genomic_prodigal_proteins	2078	1202	69.14	13.16	57.84
GCA_003210755.1_ASM321075v1_genomic_prodigal_proteins	2871	GCA_002172045.1_ASM217204v1_genomic_prodigal_proteins	1670	907	64.28	14.58	54.31
GCA_003210755.1_ASM321075v1_genomic_prodigal_proteins	2871	GCA_003211535.1_ASM321153v1_genomic_prodigal_proteins	2412	1215	69.99	13.65	50.37
GCA_003210755.1_ASM321075v1_genomic_prodigal_proteins	2871	GCA_000230675.2_ASM23067v1_genomic_prodigal_proteins	2998	1860	83.44	11.75	64.79
GCA_003210755.1_ASM321075v1_genomic_prodigal_proteins	2871	GCA_002252625.1_ASM225262v1_genomic_prodigal_proteins	3600	1430	65.21	13.88	49.81
GCA_003210755.1_ASM321075v1_genomic_prodigal_proteins	2871	GCA_000012625.1_ASM1262v1_genomic_prodigal_proteins	2892	1580	69.74	13.67	55.03
GCA_003210755.1_ASM321075v1_genomic_prodigal_proteins	2871	GCA_009844725.1_ASM984472v1_genomic_prodigal_proteins	2020	862	60.28	12.90	42.67
GCA_003210755.1_ASM321075v1_genomic_prodigal_proteins	2871	GCA_003331765.1_ASM333176v1_genomic_prodigal_proteins	2019	1361	69.59	13.79	67.41
GCA_003210755.1_ASM321075v1_genomic_prodigal_proteins	2871	GCA_900473935.1_UW105_genomic_prodigal_proteins	2923	1717	71.61	13.66	59.80
GCA_003210755.1_ASM321075v1_genomic_prodigal_proteins	2871	GCA_002168155.1_ASM216815v1_genomic_prodigal_proteins	2361	1352	63.89	13.96	57.26
GCA_003210755.1_ASM321075v1_genomic_prodigal_proteins	2871	GCA_009846095.1_ASM984609v1_genomic_prodigal_proteins	2331	939	59.87	12.80	40.28
GCA_003210755.1_ASM321075v1_genomic_prodigal_proteins	2871	GCA_009498715.1_ASM949871v1_genomic_prodigal_proteins	2867	977	55.06	13.03	34.08
GCA_003210755.1_ASM321075v1_genomic_prodigal_proteins	2871	GCA_002252635.1_ASM225263v1_genomic_prodigal_proteins	3011	1411	65.25	13.92	49.15
GCA_003210755.1_ASM321075v1_genomic_prodigal_proteins	2871	GCA_009838425.1_ASM983842v1_genomic_prodigal_proteins	1544	662	60.16	13.12	42.88
GCA_003210755.1_ASM321075v1_genomic_prodigal_proteins	2871	GCA_900473895.1_N32_genomic_prodigal_proteins	2509	1571	69.88	13.91	62.61
GCA_003210755.1_ASM321075v1_genomic_prodigal_proteins	2871	GCA_003210495.1_ASM321049v1_genomic_prodigal_proteins	1134	635	71.46	13.17	56.00
GCA_003210755.1_ASM321075v1_genomic_prodigal_proteins	2871	GCA_003011125.1_ASM301112v1_genomic_prodigal_proteins	3076	1302	62.66	13.85	45.35
GCA_003210755.1_ASM321075v1_genomic_prodigal_proteins	2871	GCA_900177365.1_IMG-taxon_2708742537_annotated_assembly_genomic_prodigal_proteins	3310	920	53.00	12.83	32.04
GCA_003210755.1_ASM321075v1_genomic_prodigal_proteins	2871	GCA_002760445.1_ASM276044v1_genomic_prodigal_proteins	2661	788	52.35	11.94	29.61
GCA_003210755.1_ASM321075v1_genomic_prodigal_proteins	2871	GCA_900474185.1_UW69_genomic_prodigal_proteins	2629	1627	69.40	14.05	61.89
GCA_003210755.1_ASM321075v1_genomic_prodigal_proteins	2871	GCA_003210775.1_ASM321077v1_genomic_prodigal_proteins	2665	1309	71.75	13.35	49.12
GCA_003210755.1_ASM321075v1_genomic_prodigal_proteins	2871	GCA_002700765.1_ASM270076v1_genomic_prodigal_proteins	2134	1234	69.01	13.67	57.83
GCA_003210755.1_ASM321075v1_genomic_prodigal_proteins	2871	GCA_902599585.1_AG-916-O11_genomic_prodigal_proteins	1470	783	70.23	14.38	53.27
GCA_003210755.1_ASM321075v1_genomic_prodigal_proteins	2871	GCA_900474045.1_N19_genomic_prodigal_proteins	2484	1527	70.17	13.69	61.47
GCA_003210755.1_ASM321075v1_genomic_prodigal_proteins	2871	GCA_003210815.1_ASM321081v1_genomic_prodigal_proteins	2087	1149	71.70	13.45	55.06
GCA_003210755.1_ASM321075v1_genomic_prodigal_proteins	2871	GCA_900473955.1_GEYO_genomic_prodigal_proteins	2674	1706	73.17	13.02	63.80
GCA_003210755.1_ASM321075v1_genomic_prodigal_proteins	2871	GCA_002167425.2_ASM216742v2_genomic_prodigal_proteins	2822	1392	68.49	13.91	49.33
GCA_003210755.1_ASM321075v1_genomic_prodigal_proteins	2871	GCA_009844645.1_ASM984464v1_genomic_prodigal_proteins	1983	965	60.37	12.97	48.66
GCA_003210755.1_ASM321075v1_genomic_prodigal_proteins	2871	GCA_008081095.1_ASM808109v1_genomic_prodigal_proteins	1533	822	70.24	13.57	53.62
GCA_003210755.1_ASM321075v1_genomic_prodigal_proteins	2871	GCA_000014585.1_ASM1458v1_genomic_prodigal_proteins	2879	1955	83.48	11.30	68.09
GCA_003210755.1_ASM321075v1_genomic_prodigal_proteins	2871	GCA_000317085.1_ASM31708v1_genomic_prodigal_proteins	3673	859	51.47	12.24	29.92
GCA_003210755.1_ASM321075v1_genomic_prodigal_proteins	2871	GCA_013133755.1_ASM1313375v1_genomic_prodigal_proteins	2700	1731	73.05	13.05	64.11
GCA_003210755.1_ASM321075v1_genomic_prodigal_proteins	2871	GCA_003210475.1_ASM321047v1_genomic_prodigal_proteins	1514	841	71.77	13.60	55.55
GCA_003210755.1_ASM321075v1_genomic_prodigal_proteins	2871	GCA_003208815.1_ASM320881v1_genomic_prodigal_proteins	1352	640	68.76	14.39	47.34
GCA_003210755.1_ASM321075v1_genomic_prodigal_proteins	2871	GCA_000012505.1_ASM1250v1_genomic_prodigal_proteins	2461	1594	69.53	13.81	64.77
GCA_003210755.1_ASM321075v1_genomic_prodigal_proteins	2871	GCA_000153825.1_ASM15382v1_genomic_prodigal_proteins	2811	1682	72.26	13.48	59.84
GCA_003210755.1_ASM321075v1_genomic_prodigal_proteins	2871	GCA_002760475.1_ASM276047v1_genomic_prodigal_proteins	2647	785	52.39	11.92	29.66
GCA_003210755.1_ASM321075v1_genomic_prodigal_proteins	2871	GCA_003210565.1_ASM321056v1_genomic_prodigal_proteins	836	476	82.37	12.95	56.94
GCA_003210755.1_ASM321075v1_genomic_prodigal_proteins	2871	GCA_902618505.1_AG-892-K03_genomic_prodigal_proteins	959	361	69.78	15.10	37.64
GCA_003210755.1_ASM321075v1_genomic_prodigal_proteins	2871	GCA_005577135.1_ASM557713v1_genomic_prodigal_proteins	3356	936	52.99	12.75	32.60
GCA_003210755.1_ASM321075v1_genomic_prodigal_proteins	2871	GCA_003846445.1_ASM384644v1_genomic_prodigal_proteins	2740	1000	55.14	13.05	36.50
GCA_003210755.1_ASM321075v1_genomic_prodigal_proteins	2871	GCA_000505665.1_ASM50566v1_genomic_prodigal_proteins	2466	877	53.13	12.30	35.56
GCA_003210755.1_ASM321075v1_genomic_prodigal_proteins	2871	GCA_902616255.1_AG-919-I18_genomic_prodigal_proteins	1046	541	68.14	14.10	51.72
GCA_003210755.1_ASM321075v1_genomic_prodigal_proteins	2871	GCA_001182765.1_WH8103.1_genomic_prodigal_proteins	2676	1569	69.89	13.90	58.63
GCA_003210755.1_ASM321075v1_genomic_prodigal_proteins	2871	GCA_002760375.1_ASM276037v1_genomic_prodigal_proteins	2702	788	52.35	11.94	29.16
GCA_003210755.1_ASM321075v1_genomic_prodigal_proteins	2871	GCA_902592305.1_AG-914-O22_genomic_prodigal_proteins	179	93	68.89	14.07	51.96
GCA_003210755.1_ASM321075v1_genomic_prodigal_proteins	2871	GCA_001632165.1_ASM163216v1_genomic_prodigal_proteins	2830	1754	72.90	13.03	61.98
GCA_003210755.1_ASM321075v1_genomic_prodigal_proteins	2871	GCA_004332405.1_ASM433240v1_genomic_prodigal_proteins	2437	1592	73.06	13.34	65.33
GCA_003210755.1_ASM321075v1_genomic_prodigal_proteins	2871	GCA_900473975.1_N26_genomic_prodigal_proteins	2454	1543	70.10	13.79	62.88
GCA_003210755.1_ASM321075v1_genomic_prodigal_proteins	2871	GCA_902612475.1_AG-918-G20_genomic_prodigal_proteins	502	199	66.81	14.99	39.64
GCA_003210755.1_ASM321075v1_genomic_prodigal_proteins	2871	GCA_000775285.1_ASM77528v1_genomic_prodigal_proteins	4812	831	53.15	12.90	28.94
GCA_003210755.1_ASM321075v1_genomic_prodigal_proteins	2871	GCA_002698505.1_ASM269850v1_genomic_prodigal_proteins	2471	1539	71.84	13.18	62.28
GCA_003210755.1_ASM321075v1_genomic_prodigal_proteins	2871	GCA_002252665.1_ASM225266v1_genomic_prodigal_proteins	2771	1412	66.22	13.98	50.96
GCA_003210755.1_ASM321075v1_genomic_prodigal_proteins	2871	GCA_003555505.1_ASM355550v1_genomic_prodigal_proteins	3351	641	53.76	12.74	22.33
GCA_003210755.1_ASM321075v1_genomic_prodigal_proteins	2871	GCA_900474015.1_UW106_genomic_prodigal_proteins	2762	1631	69.26	14.13	59.05
GCA_003210755.1_ASM321075v1_genomic_prodigal_proteins	2871	GCA_000715475.1_ASM71547v1_genomic_prodigal_proteins	3299	916	53.14	12.83	31.91
GCA_003210755.1_ASM321075v1_genomic_prodigal_proteins	2871	GCA_001628295.1_ASM162829v1_genomic_prodigal_proteins	2145	1388	70.45	13.58	64.71
GCA_003210755.1_ASM321075v1_genomic_prodigal_proteins	2871	GCA_003208775.1_ASM320877v1_genomic_prodigal_proteins	1808	1166	83.10	11.80	64.49
GCA_003210755.1_ASM321075v1_genomic_prodigal_proteins	2871	GCA_003210975.1_ASM321097v1_genomic_prodigal_proteins	627	354	69.20	14.42	56.46
GCA_003210755.1_ASM321075v1_genomic_prodigal_proteins	2871	GCA_003208915.1_ASM320891v1_genomic_prodigal_proteins	1208	538	67.86	13.91	44.54
GCA_003210755.1_ASM321075v1_genomic_prodigal_proteins	2871	GCA_009837735.1_ASM983773v1_genomic_prodigal_proteins	2041	831	60.53	12.85	40.72
GCA_003210755.1_ASM321075v1_genomic_prodigal_proteins	2871	GCA_902548805.1_AG-901-N20_genomic_prodigal_proteins	158	62	66.21	17.21	39.24
GCA_003210755.1_ASM321075v1_genomic_prodigal_proteins	2871	GCA_003211235.1_ASM321123v1_genomic_prodigal_proteins	1698	863	68.58	14.03	50.82
GCA_003210755.1_ASM321075v1_genomic_prodigal_proteins	2871	GCA_004209775.1_ASM420977v1_genomic_prodigal_proteins	2798	1617	73.14	13.14	57.79
GCA_003210755.1_ASM321075v1_genomic_prodigal_proteins	2871	GCA_003283215.1_ASM328321v1_genomic_prodigal_proteins	239	52	66.81	18.08	21.76
GCA_003210755.1_ASM321075v1_genomic_prodigal_proteins	2871	GCA_003209555.1_ASM320955v1_genomic_prodigal_proteins	908	418	63.94	15.30	46.04
GCA_003210755.1_ASM321075v1_genomic_prodigal_proteins	2871	GCA_000153805.1_ASM15380v1_genomic_prodigal_proteins	2517	1606	69.40	13.94	63.81
GCA_003210755.1_ASM321075v1_genomic_prodigal_proteins	2871	GCA_003283205.1_ASM328320v1_genomic_prodigal_proteins	274	70	68.12	15.75	25.55
GCA_003210755.1_ASM321075v1_genomic_prodigal_proteins	2871	GCA_900473925.1_N5_genomic_prodigal_proteins	2417	1527	70.14	13.70	63.18
GCA_003210755.1_ASM321075v1_genomic_prodigal_proteins	2871	GCA_902592665.1_AG-447-E14_genomic_prodigal_proteins	1111	505	67.89	14.25	45.45
GCA_003210755.1_ASM321075v1_genomic_prodigal_proteins	2871	GCA_011523155.1_ASM1152315v1_genomic_prodigal_proteins	2101	1114	70.21	12.80	53.02
GCA_003210755.1_ASM321075v1_genomic_prodigal_proteins	2871	GCA_003211275.1_ASM321127v1_genomic_prodigal_proteins	2168	1210	72.10	13.26	55.81
GCA_003210755.1_ASM321075v1_genomic_prodigal_proteins	2871	GCA_003957805.1_ASM395780v1_genomic_prodigal_proteins	2887	1034	54.97	13.08	36.02
GCA_003210755.1_ASM321075v1_genomic_prodigal_proteins	2871	GCA_012270465.1_ASM1227046v1_genomic_prodigal_proteins	2311	1194	63.93	13.93	51.67
GCA_003210755.1_ASM321075v1_genomic_prodigal_proteins	2871	GCA_001693255.1_ASM169325v1_genomic_prodigal_proteins	3177	933	53.09	12.77	32.50
GCA_003210755.1_ASM321075v1_genomic_prodigal_proteins	2871	GCA_003210385.1_ASM321038v1_genomic_prodigal_proteins	286	219	84.31	10.67	76.57
GCA_003210755.1_ASM321075v1_genomic_prodigal_proteins	2871	GCA_002170705.1_ASM217070v1_genomic_prodigal_proteins	1392	817	69.57	13.81	58.69
GCA_003210755.1_ASM321075v1_genomic_prodigal_proteins	2871	GCA_002356215.1_ASM235621v1_genomic_prodigal_proteins	2953	924	53.11	12.75	32.18
GCA_003210755.1_ASM321075v1_genomic_prodigal_proteins	2871	GCA_003210935.1_ASM321093v1_genomic_prodigal_proteins	1868	1131	72.61	13.57	60.55
GCA_003210755.1_ASM321075v1_genomic_prodigal_proteins	2871	GCA_003210535.1_ASM321053v1_genomic_prodigal_proteins	1257	605	68.78	13.73	48.13
GCA_003210755.1_ASM321075v1_genomic_prodigal_proteins	2871	GCA_002724845.1_ASM272484v1_genomic_prodigal_proteins	1589	1040	70.03	13.38	65.45
GCA_003210755.1_ASM321075v1_genomic_prodigal_proteins	2871	GCA_000153285.1_ASM15328v1_genomic_prodigal_proteins	2746	1690	73.01	13.29	61.54
GCA_003210755.1_ASM321075v1_genomic_prodigal_proteins	2871	GCA_003211035.1_ASM321103v1_genomic_prodigal_proteins	530	292	66.80	14.77	55.09
GCA_003210755.1_ASM321075v1_genomic_prodigal_proteins	2871	GCA_001521855.1_ASM152185v1_genomic_prodigal_proteins	3144	944	52.95	12.79	32.88
GCA_003210755.1_ASM321075v1_genomic_prodigal_proteins	2871	GCA_009835965.1_ASM983596v1_genomic_prodigal_proteins	2105	1023	60.50	12.85	48.60
GCA_003210755.1_ASM321075v1_genomic_prodigal_proteins	2871	GCA_012269695.1_ASM1226969v1_genomic_prodigal_proteins	2043	1020	64.28	13.84	49.93
GCA_003210755.1_ASM321075v1_genomic_prodigal_proteins	2871	GCA_000737535.1_ASM73753v1_genomic_prodigal_proteins	3013	1605	69.20	14.00	55.90
GCA_003210755.1_ASM321075v1_genomic_prodigal_proteins	2871	GCA_000586015.1_SynSpo.0_genomic_prodigal_proteins	1907	796	61.04	13.36	41.74
GCA_003210755.1_ASM321075v1_genomic_prodigal_proteins	2871	GCA_002760345.1_ASM276034v1_genomic_prodigal_proteins	2731	796	52.42	11.87	29.15
GCA_003210755.1_ASM321075v1_genomic_prodigal_proteins	2871	GCA_000013225.1_ASM1322v1_genomic_prodigal_proteins	2844	798	52.39	11.98	28.06
GCA_003210755.1_ASM321075v1_genomic_prodigal_proteins	2871	GCA_000332275.1_ASM33227v1_genomic_prodigal_proteins	4564	926	51.33	12.38	32.25
GCA_003210755.1_ASM321075v1_genomic_prodigal_proteins	2871	GCA_002252675.1_ASM225267v1_genomic_prodigal_proteins	3295	1422	65.44	13.93	49.53
GCA_003210755.1_ASM321075v1_genomic_prodigal_proteins	2871	GCA_000737575.1_ASM73757v1_genomic_prodigal_proteins	2662	1603	69.83	13.91	60.22
GCA_003210755.1_ASM321075v1_genomic_prodigal_proteins	2871	GCA_902596755.1_AG-916-D19_genomic_prodigal_proteins	1152	549	68.68	14.37	47.66
GCA_003210755.1_ASM321075v1_genomic_prodigal_proteins	2871	GCA_003211455.1_ASM321145v1_genomic_prodigal_proteins	1186	612	68.17	14.21	51.60
GCA_003210755.1_ASM321075v1_genomic_prodigal_proteins	2871	GCA_003208755.1_ASM320875v1_genomic_prodigal_proteins	690	407	69.02	14.10	58.99
GCA_003210755.1_ASM321075v1_genomic_prodigal_proteins	2871	GCA_007571215.1_ASM757121v1_genomic_prodigal_proteins	1879	1015	60.03	13.12	54.02
GCA_003210755.1_ASM321075v1_genomic_prodigal_proteins	2871	GCA_001007635.1_ASM100763v1_genomic_prodigal_proteins	2333	922	60.70	12.84	39.52
GCA_003210755.1_ASM321075v1_genomic_prodigal_proteins	2871	GCA_000179255.1_ASM17925v1_genomic_prodigal_proteins	2729	1471	65.96	14.02	53.90
GCA_003210755.1_ASM321075v1_genomic_prodigal_proteins	2871	GCA_003208975.1_ASM320897v1_genomic_prodigal_proteins	1804	883	68.95	13.83	48.95
GCA_003210755.1_ASM321075v1_genomic_prodigal_proteins	2871	GCA_012103655.1_ASM1210365v1_genomic_prodigal_proteins	2723	1837	83.44	11.79	67.46
GCA_003210755.1_ASM321075v1_genomic_prodigal_proteins	2871	GCA_902582045.1_AG-912-B07_genomic_prodigal_proteins	196	80	66.52	14.88	40.82
GCA_003210755.1_ASM321075v1_genomic_prodigal_proteins	2871	GCA_000153045.1_ASM15304v1_genomic_prodigal_proteins	3242	1428	65.69	13.73	49.74
GCA_003210755.1_ASM321075v1_genomic_prodigal_proteins	2871	GCA_902549675.1_AG-903-B09_genomic_prodigal_proteins	836	417	70.29	14.27	49.88
GCA_003210755.1_ASM321075v1_genomic_prodigal_proteins	2871	GCA_002018045.1_ASM201804v1_genomic_prodigal_proteins	1559	788	61.26	13.01	50.55
GCA_003210755.1_ASM321075v1_genomic_prodigal_proteins	2871	GCA_004213055.1_ASM421305v1_genomic_prodigal_proteins	2241	1440	72.51	13.24	64.26
GCA_003210755.1_ASM321075v1_genomic_prodigal_proteins	2871	GCA_007571085.1_ASM757108v1_genomic_prodigal_proteins	1784	989	60.07	13.12	55.44
GCA_003210755.1_ASM321075v1_genomic_prodigal_proteins	2871	GCA_009839805.1_ASM983980v1_genomic_prodigal_proteins	1848	699	58.37	12.40	37.82
GCA_003210755.1_ASM321075v1_genomic_prodigal_proteins	2871	GCA_003210375.1_ASM321037v1_genomic_prodigal_proteins	2155	1188	69.04	13.77	55.13
GCA_003210755.1_ASM321075v1_genomic_prodigal_proteins	2871	GCA_004332415.1_ASM433241v1_genomic_prodigal_proteins	2408	1589	73.10	13.27	65.99
GCA_003210755.1_ASM321075v1_genomic_prodigal_proteins	2871	GCA_009836025.1_ASM983602v1_genomic_prodigal_proteins	2290	1018	60.32	12.96	44.45
GCA_003210755.1_ASM321075v1_genomic_prodigal_proteins	2871	GCA_009843455.1_ASM984345v1_genomic_prodigal_proteins	2423	1004	60.25	12.87	41.44
GCA_003210755.1_ASM321075v1_genomic_prodigal_proteins	2871	GCA_009843485.1_ASM984348v1_genomic_prodigal_proteins	2158	1022	60.44	12.94	47.36
GCA_003210755.1_ASM321075v1_genomic_prodigal_proteins	2871	GCA_003283135.1_ASM328313v1_genomic_prodigal_proteins	459	268	94.09	12.39	58.39
GCA_003210755.1_ASM321075v1_genomic_prodigal_proteins	2871	GCA_902635485.1_AG-447-G23_genomic_prodigal_proteins	327	131	64.03	16.02	40.06
GCA_003210755.1_ASM321075v1_genomic_prodigal_proteins	2871	GCA_002760415.1_ASM276041v1_genomic_prodigal_proteins	2670	787	52.35	11.93	29.48
GCA_003210755.1_ASM321075v1_genomic_prodigal_proteins	2871	GCA_002754935.1_ASM275493v1_genomic_prodigal_proteins	2664	852	53.05	12.35	31.98
GCA_003210755.1_ASM321075v1_genomic_prodigal_proteins	2871	GCA_002171685.2_ASM217168v2_genomic_prodigal_proteins	811	607	85.04	10.14	74.85
GCA_003210755.1_ASM321075v1_genomic_prodigal_proteins	2871	GCA_000737595.1_ASM73759v1_genomic_prodigal_proteins	2774	1618	69.56	13.76	58.33
GCA_003210755.1_ASM321075v1_genomic_prodigal_proteins	2871	GCA_003331785.1_ASM333178v1_genomic_prodigal_proteins	2125	1615	84.57	10.75	76.00
GCA_003210755.1_ASM321075v1_genomic_prodigal_proteins	2871	GCA_009842265.1_ASM984226v1_genomic_prodigal_proteins	2398	1023	60.24	12.89	42.66
GCA_003210755.1_ASM321075v1_genomic_prodigal_proteins	2871	GCA_902579345.1_AG-911-L15_genomic_prodigal_proteins	248	87	66.74	14.98	35.08
GCA_003210755.1_ASM321075v1_genomic_prodigal_proteins	2871	GCA_000011345.1_ASM1134v1_genomic_prodigal_proteins	2520	889	53.23	12.44	35.28
GCA_003210755.1_ASM321075v1_genomic_prodigal_proteins	2871	GCA_003210705.1_ASM321070v1_genomic_prodigal_proteins	2244	1308	72.41	13.17	58.29
GCA_003210755.1_ASM321075v1_genomic_prodigal_proteins	2871	GCA_000019485.1_ASM1948v1_genomic_prodigal_proteins	3233	932	53.01	12.79	32.46
GCA_003210755.1_ASM321075v1_genomic_prodigal_proteins	2871	GCA_003283055.1_ASM328305v1_genomic_prodigal_proteins	482	114	63.27	14.58	23.65
GCA_003210755.1_ASM321075v1_genomic_prodigal_proteins	2871	GCA_000010065.1_ASM1006v1_genomic_prodigal_proteins	2691	1027	54.82	13.13	38.16
GCA_003210755.1_ASM321075v1_genomic_prodigal_proteins	2871	GCA_000316685.1_ASM31668v1_genomic_prodigal_proteins	3706	929	52.58	12.40	32.36
GCA_003210755.1_ASM321075v1_genomic_prodigal_proteins	2871	GCA_000063525.1_ASM6352v1_genomic_prodigal_proteins	2540	1480	64.95	14.24	58.27
GCA_003210755.1_ASM321075v1_genomic_prodigal_proteins	2871	GCA_003283165.1_ASM328316v1_genomic_prodigal_proteins	217	87	68.84	13.90	40.09
GCA_003210755.1_ASM321075v1_genomic_prodigal_proteins	2871	GCA_902540675.1_AG-359-E22_genomic_prodigal_proteins	584	272	68.96	15.43	46.58
GCA_003210755.1_ASM321075v1_genomic_prodigal_proteins	2871	GCA_011055065.1_ASM1105506v1_genomic_prodigal_proteins	2792	771	52.24	12.02	27.61
GCA_003210755.1_ASM321075v1_genomic_prodigal_proteins	2871	GCA_000013205.1_ASM1320v1_genomic_prodigal_proteins	2750	796	52.43	11.89	28.95
GCA_003210755.1_ASM321075v1_genomic_prodigal_proteins	2871	GCA_003539795.1_ASM353979v1_genomic_prodigal_proteins	2284	1193	68.80	13.34	52.23
GCA_003210755.1_ASM321075v1_genomic_prodigal_proteins	2871	GCA_002171995.1_ASM217199v1_genomic_prodigal_proteins	1978	938	71.65	13.61	47.42
GCA_003210755.1_ASM321075v1_genomic_prodigal_proteins	2871	GCA_011523835.1_ASM1152383v1_genomic_prodigal_proteins	2468	1427	72.64	13.45	57.82
GCA_003210755.1_ASM321075v1_genomic_prodigal_proteins	2871	GCA_002172175.1_ASM217217v1_genomic_prodigal_proteins	1846	942	63.20	13.97	51.03
GCA_003210755.1_ASM321075v1_genomic_prodigal_proteins	2871	GCA_003208835.1_ASM320883v1_genomic_prodigal_proteins	2208	1185	69.75	14.08	53.67
GCA_003210755.1_ASM321075v1_genomic_prodigal_proteins	2871	GCA_902589915.1_AG-914-F20_genomic_prodigal_proteins	373	130	69.30	14.70	34.85
GCA_003210755.1_ASM321075v1_genomic_prodigal_proteins	2871	GCA_000485815.1_ASM48581v1_genomic_prodigal_proteins	3083	906	53.09	12.78	31.56
GCA_003210755.1_ASM321075v1_genomic_prodigal_proteins	2871	GCA_008807075.1_ASM880707v1_genomic_prodigal_proteins	2925	1415	65.35	13.69	49.29
GCA_003210755.1_ASM321075v1_genomic_prodigal_proteins	2871	GCA_000179235.2_ASM17923v2_genomic_prodigal_proteins	3071	1485	66.21	14.06	51.72
GCA_003210755.1_ASM321075v1_genomic_prodigal_proteins	2871	GCA_003210795.1_ASM321079v1_genomic_prodigal_proteins	2239	1168	68.95	14.02	52.17
GCA_003210755.1_ASM321075v1_genomic_prodigal_proteins	2871	GCA_002706715.1_ASM270671v1_genomic_prodigal_proteins	1148	767	69.77	13.81	66.81
GCA_003210755.1_ASM321075v1_genomic_prodigal_proteins	2871	GCA_003331245.1_ASM333124v1_genomic_prodigal_proteins	2021	1317	69.71	13.64	65.17
GCA_003210755.1_ASM321075v1_genomic_prodigal_proteins	2871	GCA_009843385.1_ASM984338v1_genomic_prodigal_proteins	2085	869	60.33	13.08	41.68
GCA_003210755.1_ASM321075v1_genomic_prodigal_proteins	2871	GCA_003211205.1_ASM321120v1_genomic_prodigal_proteins	2288	1351	72.59	13.23	59.05
GCA_003210755.1_ASM321075v1_genomic_prodigal_proteins	2871	GCA_000063505.1_ASM6350v1_genomic_prodigal_proteins	2558	1660	73.25	13.52	64.89
GCA_003210755.1_ASM321075v1_genomic_prodigal_proteins	2871	GCA_900474245.1_UW179B_genomic_prodigal_proteins	2743	1837	83.56	11.67	66.97
GCA_003210755.1_ASM321075v1_genomic_prodigal_proteins	2871	GCA_003210345.1_ASM321034v1_genomic_prodigal_proteins	1256	688	68.07	13.72	54.78
GCA_003210755.1_ASM321075v1_genomic_prodigal_proteins	2871	GCA_003210315.1_ASM321031v1_genomic_prodigal_proteins	1815	1184	82.41	12.52	65.23
GCA_003210755.1_ASM321075v1_genomic_prodigal_proteins	2871	GCA_009836155.1_ASM983615v1_genomic_prodigal_proteins	1947	966	60.60	12.89	49.61
GCA_003210755.1_ASM321075v1_genomic_prodigal_proteins	2871	GCA_003990665.2_ASM399066v2_genomic_prodigal_proteins	2499	891	53.25	12.42	35.65
GCA_003210755.1_ASM321075v1_genomic_prodigal_proteins	2871	GCA_003209135.1_ASM320913v1_genomic_prodigal_proteins	1719	890	67.93	14.22	51.77
GCA_003210755.1_ASM321075v1_genomic_prodigal_proteins	2871	GCA_009845105.1_ASM984510v1_genomic_prodigal_proteins	1941	823	59.93	13.02	42.40
GCA_003210755.1_ASM321075v1_genomic_prodigal_proteins	2871	GCA_002690325.1_ASM269032v1_genomic_prodigal_proteins	2554	1466	68.69	13.74	57.40
GCA_003210755.1_ASM321075v1_genomic_prodigal_proteins	2871	GCA_000161795.2_ASM16179v2_genomic_prodigal_proteins	2407	1523	70.07	13.64	63.27
GCA_003210755.1_ASM321075v1_genomic_prodigal_proteins	2871	GCA_004211895.1_ASM421189v1_genomic_prodigal_proteins	954	617	70.55	13.30	64.68
GCA_003210755.1_ASM321075v1_genomic_prodigal_proteins	2871	GCA_003210735.1_ASM321073v1_genomic_prodigal_proteins	2337	1216	68.38	14.09	52.03
GCA_003210755.1_ASM321075v1_genomic_prodigal_proteins	2871	GCA_003209035.1_ASM320903v1_genomic_prodigal_proteins	1803	891	68.06	14.46	49.42
GCA_003210755.1_ASM321075v1_genomic_prodigal_proteins	2871	GCA_003712085.1_ASM371208v1_genomic_prodigal_proteins	2745	1573	70.00	13.85	57.30
GCA_003210755.1_ASM321075v1_genomic_prodigal_proteins	2871	GCA_003212155.1_ASM321215v1_genomic_prodigal_proteins	262	105	61.25	16.84	40.08
GCA_003210755.1_ASM321075v1_genomic_prodigal_proteins	2871	GCA_001040845.1_ASM104084v1_genomic_prodigal_proteins	2917	1935	83.17	11.42	67.40
GCA_003210755.1_ASM321075v1_genomic_prodigal_proteins	2871	GCA_002018015.1_ASM201801v1_genomic_prodigal_proteins	1578	762	61.11	12.93	48.29
GCA_003210755.1_ASM321075v1_genomic_prodigal_proteins	2871	GCA_003211255.1_ASM321125v1_genomic_prodigal_proteins	1850	891	68.15	14.16	48.16
GCA_003210755.1_ASM321075v1_genomic_prodigal_proteins	2871	GCA_002721235.1_ASM272123v1_genomic_prodigal_proteins	3119	939	53.00	12.77	32.71
GCA_003210755.1_ASM321075v1_genomic_prodigal_proteins	2871	GCA_009839305.1_ASM983930v1_genomic_prodigal_proteins	1816	754	61.17	13.16	41.52
GCA_003210755.1_ASM321075v1_genomic_prodigal_proteins	2871	GCA_011365345.1_ASM1136534v1_genomic_prodigal_proteins	2655	1623	69.49	14.00	61.13
GCA_003210755.1_ASM321075v1_genomic_prodigal_proteins	2871	GCA_001039265.1_ASM103926v1_genomic_prodigal_proteins	2832	969	67.41	13.77	34.22
GCA_003210755.1_ASM321075v1_genomic_prodigal_proteins	2871	GCA_001628325.1_ASM162832v1_genomic_prodigal_proteins	2129	1378	70.41	13.50	64.73
GCA_003210755.1_ASM321075v1_genomic_prodigal_proteins	2871	GCA_003209215.1_ASM320921v1_genomic_prodigal_proteins	1679	776	69.09	14.14	46.22
GCA_003210755.1_ASM321075v1_genomic_prodigal_proteins	2871	GCA_002737305.1_ASM273730v1_genomic_prodigal_proteins	1951	1085	66.21	14.08	55.61
GCA_003210755.1_ASM321075v1_genomic_prodigal_proteins	2871	GCA_003210515.1_ASM321051v1_genomic_prodigal_proteins	1673	938	68.88	13.85	56.07
GCA_003210755.1_ASM321075v1_genomic_prodigal_proteins	2871	GCA_011525445.1_ASM1152544v1_genomic_prodigal_proteins	3208	1488	79.88	12.08	51.83
GCA_003210755.1_ASM321075v1_genomic_prodigal_proteins	2871	GCA_902599435.1_AG-916-N22_genomic_prodigal_proteins	793	397	70.37	14.28	50.06
GCA_003210755.1_ASM321075v1_genomic_prodigal_proteins	2871	GCA_003149585.1_ASM314958v1_genomic_prodigal_proteins	2600	1478	66.02	14.06	56.85
GCA_003210755.1_ASM321075v1_genomic_prodigal_proteins	2871	GCA_902560665.1_AG-905-O11_genomic_prodigal_proteins	401	176	68.85	14.31	43.89
GCA_003210755.1_ASM321075v1_genomic_prodigal_proteins	2871	GCA_003331795.1_ASM333179v1_genomic_prodigal_proteins	1948	1170	64.71	14.62	60.06
GCA_003210755.1_ASM321075v1_genomic_prodigal_proteins	2871	GCA_002017955.1_ASM201795v1_genomic_prodigal_proteins	512	220	60.39	13.05	42.97
GCA_003210755.1_ASM321075v1_genomic_prodigal_proteins	2871	GCA_902584485.1_AG-912-O23_genomic_prodigal_proteins	535	226	67.93	14.50	42.24
GCA_003210755.1_ASM321075v1_genomic_prodigal_proteins	2871	GCA_902527915.1_AG-896-G19_genomic_prodigal_proteins	1003	499	68.84	14.25	49.75
GCA_003210755.1_ASM321075v1_genomic_prodigal_proteins	2871	GCA_902635365.1_AG-447-D19_genomic_prodigal_proteins	1690	811	69.43	14.28	47.99
GCA_003210755.1_ASM321075v1_genomic_prodigal_proteins	2871	GCA_900474085.1_UW86_genomic_prodigal_proteins	2403	1528	70.10	13.74	63.59
GCA_003210755.1_ASM321075v1_genomic_prodigal_proteins	2871	GCA_001885215.1_ASM188521v1_genomic_prodigal_proteins	2897	1412	65.11	13.63	49.18
GCA_003210755.1_ASM321075v1_genomic_prodigal_proteins	2871	GCA_902575935.1_AG-426-B22_genomic_prodigal_proteins	254	138	71.29	14.92	54.33
GCA_003210755.1_ASM321075v1_genomic_prodigal_proteins	2871	GCA_900474295.1_UW140_genomic_prodigal_proteins	2925	1704	71.84	13.52	59.35
GCA_003210755.1_ASM321075v1_genomic_prodigal_proteins	2871	GCA_003211565.1_ASM321156v1_genomic_prodigal_proteins	1489	729	69.13	14.19	48.96
GCA_003210755.1_ASM321075v1_genomic_prodigal_proteins	2871	GCA_003526105.1_ASM352610v1_genomic_prodigal_proteins	1581	801	70.94	13.72	50.66
GCA_003210755.1_ASM321075v1_genomic_prodigal_proteins	2871	GCA_002172935.1_ASM217293v1_genomic_prodigal_proteins	1996	1283	72.60	13.44	64.28
GCA_003210755.1_ASM321075v1_genomic_prodigal_proteins	2871	GCA_003210335.1_ASM321033v1_genomic_prodigal_proteins	942	393	68.32	14.21	41.72
GCA_003210755.1_ASM321075v1_genomic_prodigal_proteins	2871	GCA_009846115.1_ASM984611v1_genomic_prodigal_proteins	2048	911	60.35	12.96	44.48
GCA_003210755.1_ASM321075v1_genomic_prodigal_proteins	2871	GCA_001693295.1_ASM169329v1_genomic_prodigal_proteins	3183	929	53.05	12.75	32.36
GCA_003210755.1_ASM321075v1_genomic_prodigal_proteins	2871	GCA_900473965.1_UW179A_genomic_prodigal_proteins	3383	1810	72.23	13.43	63.04
GCA_003210755.1_ASM321075v1_genomic_prodigal_proteins	2871	GCA_003213755.1_ASM321375v1_genomic_prodigal_proteins	1050	560	63.28	15.10	53.33
GCA_003210755.1_ASM321075v1_genomic_prodigal_proteins	2871	GCA_003209155.1_ASM320915v1_genomic_prodigal_proteins	2305	1330	72.57	13.23	57.70
GCA_003210755.1_ASM321075v1_genomic_prodigal_proteins	2871	GCA_003211515.1_ASM321151v1_genomic_prodigal_proteins	2451	1106	68.51	14.27	45.12
GCA_003210755.1_ASM321075v1_genomic_prodigal_proteins	2871	GCA_002693285.1_ASM269328v1_genomic_prodigal_proteins	2440	1457	72.44	13.12	59.71
GCA_003210755.1_ASM321075v1_genomic_prodigal_proteins	2871	GCA_003210555.1_ASM321055v1_genomic_prodigal_proteins	1847	1103	82.13	12.64	59.72
GCA_003210755.1_ASM321075v1_genomic_prodigal_proteins	2871	GCA_000155595.1_ASM15559v1_genomic_prodigal_proteins	5270	995	52.48	12.66	34.66
GCA_003210755.1_ASM321075v1_genomic_prodigal_proteins	2871	GCA_001007665.1_ASM100766v1_genomic_prodigal_proteins	2356	1035	60.20	12.90	43.93
GCA_003210755.1_ASM321075v1_genomic_prodigal_proteins	2871	GCA_009919765.1_ASM991976v1_genomic_prodigal_proteins	2524	985	64.62	14.32	39.03
GCA_003210755.1_ASM321075v1_genomic_prodigal_proteins	2871	GCA_003331225.1_ASM333122v1_genomic_prodigal_proteins	2113	1281	64.50	14.23	60.62
GCA_003210755.1_ASM321075v1_genomic_prodigal_proteins	2871	GCA_900177825.1_IMG-taxon_2708742468_annotated_assembly_genomic_prodigal_proteins	3317	921	53.03	12.79	32.08
GCA_003210755.1_ASM321075v1_genomic_prodigal_proteins	2871	GCA_000195975.1_ASM19597v1_genomic_prodigal_proteins	2719	1568	69.92	13.89	57.67
GCA_003210755.1_ASM321075v1_genomic_prodigal_proteins	2871	GCA_902618885.1_AG-920-D15_genomic_prodigal_proteins	1178	639	70.09	14.73	54.24
GCA_003210755.1_ASM321075v1_genomic_prodigal_proteins	2871	GCA_003209165.1_ASM320916v1_genomic_prodigal_proteins	2711	1352	69.31	13.81	49.87
GCA_003210755.1_ASM321075v1_genomic_prodigal_proteins	2871	GCA_001007625.1_ASM100762v1_genomic_prodigal_proteins	2478	917	60.60	13.14	37.01
GCA_003210755.1_ASM321075v1_genomic_prodigal_proteins	2871	GCA_008386235.1_ASM838623v1_genomic_prodigal_proteins	2571	899	52.92	12.49	34.97
GCA_003210755.1_ASM321075v1_genomic_prodigal_proteins	2871	GCA_001631935.1_ASM163193v1_genomic_prodigal_proteins	3526	1810	72.50	13.19	63.04
GCA_003210755.1_ASM321075v1_genomic_prodigal_proteins	2871	GCA_002151525.1_ASM215152v1_genomic_prodigal_proteins	1628	969	63.32	14.02	59.52
GCA_003210755.1_ASM321075v1_genomic_prodigal_proteins	2871	GCA_000153065.1_ASM15306v1_genomic_prodigal_proteins	2704	1566	73.36	13.01	57.91
GCA_003210755.1_ASM321075v1_genomic_prodigal_proteins	2871	GCA_009837265.1_ASM983726v1_genomic_prodigal_proteins	2126	961	60.39	12.89	45.20
GCA_003210755.1_ASM321075v1_genomic_prodigal_proteins	2871	GCA_902533725.1_AG-898-C20_genomic_prodigal_proteins	421	133	65.19	13.83	31.59
GCA_003210755.1_ASM321075v1_genomic_prodigal_proteins	2871	GCA_002171075.2_ASM217107v2_genomic_prodigal_proteins	1919	1100	62.64	13.84	57.32
GCA_003210755.1_ASM321075v1_genomic_prodigal_proteins	2871	GCA_002760395.1_ASM276039v1_genomic_prodigal_proteins	2661	781	52.37	11.94	29.35
GCA_003210755.1_ASM321075v1_genomic_prodigal_proteins	2871	GCA_003209005.1_ASM320900v1_genomic_prodigal_proteins	2548	1461	72.62	13.22	57.34
GCA_003210755.1_ASM321075v1_genomic_prodigal_proteins	2871	GCA_002017915.1_ASM201791v1_genomic_prodigal_proteins	623	290	62.78	13.48	46.55
GCA_003210755.1_ASM321075v1_genomic_prodigal_proteins	2871	GCA_900047545.1_m9_genomic_prodigal_proteins	1575	785	60.38	12.86	49.84
GCA_003210755.1_ASM321075v1_genomic_prodigal_proteins	2871	GCA_001632105.1_ASM163210v1_genomic_prodigal_proteins	3521	1826	72.48	13.19	63.60
GCA_003210755.1_ASM321075v1_genomic_prodigal_proteins	2871	GCA_004212765.1_ASM421276v1_genomic_prodigal_proteins	1162	716	69.37	14.02	61.62
GCA_003210755.1_ASM321075v1_genomic_prodigal_proteins	2871	GCA_002685515.1_ASM268551v1_genomic_prodigal_proteins	1286	891	72.30	12.98	69.28
GCA_003210755.1_ASM321075v1_genomic_prodigal_proteins	2871	GCA_007828135.1_ASM782813v1_genomic_prodigal_proteins	2917	1411	65.12	13.63	49.15
GCA_003210755.1_ASM321075v1_genomic_prodigal_proteins	2871	GCA_011047875.1_ASM1104787v1_genomic_prodigal_proteins	2810	797	52.29	12.01	28.36
GCA_003210755.1_ASM321075v1_genomic_prodigal_proteins	2871	GCA_009840445.1_ASM984044v1_genomic_prodigal_proteins	2167	1047	60.51	12.89	48.32
GCA_003210755.1_ASM321075v1_genomic_prodigal_proteins	2871	GCA_003210995.1_ASM321099v1_genomic_prodigal_proteins	2385	1302	72.48	13.36	54.59
GCA_003210755.1_ASM321075v1_genomic_prodigal_proteins	2871	GCA_902616995.1_AG-919-L20_genomic_prodigal_proteins	654	299	69.21	13.66	45.72
GCA_003210755.1_ASM321075v1_genomic_prodigal_proteins	2871	GCA_009845825.1_ASM984582v1_genomic_prodigal_proteins	2168	906	60.43	12.91	41.79
GCA_003210755.1_ASM321075v1_genomic_prodigal_proteins	2871	GCA_000515235.1_ASM51523v1_genomic_prodigal_proteins	2873	1622	69.10	14.00	56.50
GCA_003210755.1_ASM321075v1_genomic_prodigal_proteins	2871	GCA_003523965.1_ASM352396v1_genomic_prodigal_proteins	1735	672	61.57	13.26	38.73
GCA_003210755.1_ASM321075v1_genomic_prodigal_proteins	2871	GCA_002684175.1_ASM268417v1_genomic_prodigal_proteins	1819	962	67.83	13.03	52.89
GCA_003210755.1_ASM321075v1_genomic_prodigal_proteins	2871	GCA_011523295.1_ASM1152329v1_genomic_prodigal_proteins	2851	1204	68.05	13.90	42.23
GCA_003210755.1_ASM321075v1_genomic_prodigal_proteins	2871	GCA_003211015.1_ASM321101v1_genomic_prodigal_proteins	2128	1302	72.46	13.15	61.18
GCA_003210755.1_ASM321075v1_genomic_prodigal_proteins	2871	GCA_002006815.1_ASM200681v1_genomic_prodigal_proteins	1973	1196	63.86	13.95	60.62
GCA_009842105.1_ASM984210v1_genomic_prodigal_proteins	2211	GCA_002729835.1_ASM272983v1_genomic_prodigal_proteins	2391	932	60.12	12.67	42.15
GCA_009842105.1_ASM984210v1_genomic_prodigal_proteins	2211	GCA_003210755.1_ASM321075v1_genomic_prodigal_proteins	2871	922	60.08	12.96	41.70
GCA_009842105.1_ASM984210v1_genomic_prodigal_proteins	2211	GCA_000012525.1_ASM1252v1_genomic_prodigal_proteins	2725	896	55.33	12.62	40.52
GCA_009842105.1_ASM984210v1_genomic_prodigal_proteins	2211	GCA_000817325.1_ASM81732v1_genomic_prodigal_proteins	2728	897	55.37	12.61	40.57
GCA_009842105.1_ASM984210v1_genomic_prodigal_proteins	2211	GCA_002691345.1_ASM269134v1_genomic_prodigal_proteins	2078	805	60.14	12.12	38.74
GCA_009842105.1_ASM984210v1_genomic_prodigal_proteins	2211	GCA_002172045.1_ASM217204v1_genomic_prodigal_proteins	1670	652	61.33	12.61	39.04
GCA_009842105.1_ASM984210v1_genomic_prodigal_proteins	2211	GCA_003211535.1_ASM321153v1_genomic_prodigal_proteins	2412	836	61.21	12.82	37.81
GCA_009842105.1_ASM984210v1_genomic_prodigal_proteins	2211	GCA_000230675.2_ASM23067v1_genomic_prodigal_proteins	2998	1053	60.73	12.77	47.63
GCA_009842105.1_ASM984210v1_genomic_prodigal_proteins	2211	GCA_002252625.1_ASM225262v1_genomic_prodigal_proteins	3600	1083	61.84	12.63	48.98
GCA_009842105.1_ASM984210v1_genomic_prodigal_proteins	2211	GCA_000012625.1_ASM1262v1_genomic_prodigal_proteins	2892	1040	61.05	12.71	47.04
GCA_009842105.1_ASM984210v1_genomic_prodigal_proteins	2211	GCA_009844725.1_ASM984472v1_genomic_prodigal_proteins	2020	1183	86.63	9.05	58.56
GCA_009842105.1_ASM984210v1_genomic_prodigal_proteins	2211	GCA_003331765.1_ASM333176v1_genomic_prodigal_proteins	2019	900	60.59	12.75	44.58
GCA_009842105.1_ASM984210v1_genomic_prodigal_proteins	2211	GCA_900473935.1_UW105_genomic_prodigal_proteins	2923	1047	61.08	12.82	47.35
GCA_009842105.1_ASM984210v1_genomic_prodigal_proteins	2211	GCA_002168155.1_ASM216815v1_genomic_prodigal_proteins	2361	1005	61.02	12.43	45.45
GCA_009842105.1_ASM984210v1_genomic_prodigal_proteins	2211	GCA_009846095.1_ASM984609v1_genomic_prodigal_proteins	2331	1450	97.59	5.25	65.58
GCA_009842105.1_ASM984210v1_genomic_prodigal_proteins	2211	GCA_009498715.1_ASM949871v1_genomic_prodigal_proteins	2867	835	55.51	12.57	37.77
GCA_009842105.1_ASM984210v1_genomic_prodigal_proteins	2211	GCA_002252635.1_ASM225263v1_genomic_prodigal_proteins	3011	1064	62.32	12.49	48.12
GCA_009842105.1_ASM984210v1_genomic_prodigal_proteins	2211	GCA_009838425.1_ASM983842v1_genomic_prodigal_proteins	1544	1000	97.70	4.95	64.77
GCA_009842105.1_ASM984210v1_genomic_prodigal_proteins	2211	GCA_900473895.1_N32_genomic_prodigal_proteins	2509	1040	61.25	12.77	47.04
GCA_009842105.1_ASM984210v1_genomic_prodigal_proteins	2211	GCA_003210495.1_ASM321049v1_genomic_prodigal_proteins	1134	326	59.21	12.59	28.75
GCA_009842105.1_ASM984210v1_genomic_prodigal_proteins	2211	GCA_003011125.1_ASM301112v1_genomic_prodigal_proteins	3076	1024	60.16	12.68	46.31
GCA_009842105.1_ASM984210v1_genomic_prodigal_proteins	2211	GCA_900177365.1_IMG-taxon_2708742537_annotated_assembly_genomic_prodigal_proteins	3310	808	53.43	12.33	36.54
GCA_009842105.1_ASM984210v1_genomic_prodigal_proteins	2211	GCA_002760445.1_ASM276044v1_genomic_prodigal_proteins	2661	732	53.11	11.58	33.11
GCA_009842105.1_ASM984210v1_genomic_prodigal_proteins	2211	GCA_900474185.1_UW69_genomic_prodigal_proteins	2629	1041	60.97	12.82	47.08
GCA_009842105.1_ASM984210v1_genomic_prodigal_proteins	2211	GCA_003210775.1_ASM321077v1_genomic_prodigal_proteins	2665	754	60.32	13.17	34.10
GCA_009842105.1_ASM984210v1_genomic_prodigal_proteins	2211	GCA_002700765.1_ASM270076v1_genomic_prodigal_proteins	2134	779	60.87	12.68	36.50
GCA_009842105.1_ASM984210v1_genomic_prodigal_proteins	2211	GCA_902599585.1_AG-916-O11_genomic_prodigal_proteins	1470	529	61.53	13.48	35.99
GCA_009842105.1_ASM984210v1_genomic_prodigal_proteins	2211	GCA_900474045.1_N19_genomic_prodigal_proteins	2484	1038	61.26	12.74	46.95
GCA_009842105.1_ASM984210v1_genomic_prodigal_proteins	2211	GCA_003210815.1_ASM321081v1_genomic_prodigal_proteins	2087	640	60.12	12.74	30.67
GCA_009842105.1_ASM984210v1_genomic_prodigal_proteins	2211	GCA_900473955.1_GEYO_genomic_prodigal_proteins	2674	1029	60.65	12.87	46.54
GCA_009842105.1_ASM984210v1_genomic_prodigal_proteins	2211	GCA_002167425.2_ASM216742v2_genomic_prodigal_proteins	2822	902	60.23	12.77	40.80
GCA_009842105.1_ASM984210v1_genomic_prodigal_proteins	2211	GCA_009844645.1_ASM984464v1_genomic_prodigal_proteins	1983	1437	97.95	4.62	72.47
GCA_009842105.1_ASM984210v1_genomic_prodigal_proteins	2211	GCA_008081095.1_ASM808109v1_genomic_prodigal_proteins	1533	584	61.44	12.38	38.10
GCA_009842105.1_ASM984210v1_genomic_prodigal_proteins	2211	GCA_000014585.1_ASM1458v1_genomic_prodigal_proteins	2879	1052	60.52	12.85	47.58
GCA_009842105.1_ASM984210v1_genomic_prodigal_proteins	2211	GCA_000317085.1_ASM31708v1_genomic_prodigal_proteins	3673	771	51.51	11.89	34.87
GCA_009842105.1_ASM984210v1_genomic_prodigal_proteins	2211	GCA_013133755.1_ASM1313375v1_genomic_prodigal_proteins	2700	1026	60.61	12.82	46.40
GCA_009842105.1_ASM984210v1_genomic_prodigal_proteins	2211	GCA_003210475.1_ASM321047v1_genomic_prodigal_proteins	1514	509	59.87	12.55	33.62
GCA_009842105.1_ASM984210v1_genomic_prodigal_proteins	2211	GCA_003208815.1_ASM320881v1_genomic_prodigal_proteins	1352	402	59.14	13.23	29.73
GCA_009842105.1_ASM984210v1_genomic_prodigal_proteins	2211	GCA_000012505.1_ASM1250v1_genomic_prodigal_proteins	2461	1036	60.60	12.73	46.86
GCA_009842105.1_ASM984210v1_genomic_prodigal_proteins	2211	GCA_000153825.1_ASM15382v1_genomic_prodigal_proteins	2811	1050	61.31	12.85	47.49
GCA_009842105.1_ASM984210v1_genomic_prodigal_proteins	2211	GCA_002760475.1_ASM276047v1_genomic_prodigal_proteins	2647	731	53.15	11.56	33.06
GCA_009842105.1_ASM984210v1_genomic_prodigal_proteins	2211	GCA_003210565.1_ASM321056v1_genomic_prodigal_proteins	836	263	60.32	13.74	31.46
GCA_009842105.1_ASM984210v1_genomic_prodigal_proteins	2211	GCA_902618505.1_AG-892-K03_genomic_prodigal_proteins	959	253	61.00	13.85	26.38
GCA_009842105.1_ASM984210v1_genomic_prodigal_proteins	2211	GCA_005577135.1_ASM557713v1_genomic_prodigal_proteins	3356	817	53.39	12.31	36.95
GCA_009842105.1_ASM984210v1_genomic_prodigal_proteins	2211	GCA_003846445.1_ASM384644v1_genomic_prodigal_proteins	2740	863	55.66	12.60	39.03
GCA_009842105.1_ASM984210v1_genomic_prodigal_proteins	2211	GCA_000505665.1_ASM50566v1_genomic_prodigal_proteins	2466	792	54.21	12.02	35.82
GCA_009842105.1_ASM984210v1_genomic_prodigal_proteins	2211	GCA_902616255.1_AG-919-I18_genomic_prodigal_proteins	1046	329	60.24	12.80	31.45
GCA_009842105.1_ASM984210v1_genomic_prodigal_proteins	2211	GCA_001182765.1_WH8103.1_genomic_prodigal_proteins	2676	1049	61.25	12.61	47.44
GCA_009842105.1_ASM984210v1_genomic_prodigal_proteins	2211	GCA_002760375.1_ASM276037v1_genomic_prodigal_proteins	2702	733	53.10	11.58	33.15
GCA_009842105.1_ASM984210v1_genomic_prodigal_proteins	2211	GCA_902592305.1_AG-914-O22_genomic_prodigal_proteins	179	65	61.24	12.53	36.31
GCA_009842105.1_ASM984210v1_genomic_prodigal_proteins	2211	GCA_001632165.1_ASM163216v1_genomic_prodigal_proteins	2830	1032	60.63	12.85	46.68
GCA_009842105.1_ASM984210v1_genomic_prodigal_proteins	2211	GCA_004332405.1_ASM433240v1_genomic_prodigal_proteins	2437	1051	61.42	12.90	47.54
GCA_009842105.1_ASM984210v1_genomic_prodigal_proteins	2211	GCA_900473975.1_N26_genomic_prodigal_proteins	2454	1037	61.34	12.77	46.90
GCA_009842105.1_ASM984210v1_genomic_prodigal_proteins	2211	GCA_902612475.1_AG-918-G20_genomic_prodigal_proteins	502	147	60.42	12.31	29.28
GCA_009842105.1_ASM984210v1_genomic_prodigal_proteins	2211	GCA_000775285.1_ASM77528v1_genomic_prodigal_proteins	4812	747	53.95	12.33	33.79
GCA_009842105.1_ASM984210v1_genomic_prodigal_proteins	2211	GCA_002698505.1_ASM269850v1_genomic_prodigal_proteins	2471	968	60.71	12.61	43.78
GCA_009842105.1_ASM984210v1_genomic_prodigal_proteins	2211	GCA_002252665.1_ASM225266v1_genomic_prodigal_proteins	2771	1079	62.21	12.32	48.80
GCA_009842105.1_ASM984210v1_genomic_prodigal_proteins	2211	GCA_003555505.1_ASM355550v1_genomic_prodigal_proteins	3351	599	55.16	12.61	27.09
GCA_009842105.1_ASM984210v1_genomic_prodigal_proteins	2211	GCA_900474015.1_UW106_genomic_prodigal_proteins	2762	1037	61.06	12.75	46.90
GCA_009842105.1_ASM984210v1_genomic_prodigal_proteins	2211	GCA_000715475.1_ASM71547v1_genomic_prodigal_proteins	3299	807	53.33	12.35	36.50
GCA_009842105.1_ASM984210v1_genomic_prodigal_proteins	2211	GCA_001628295.1_ASM162829v1_genomic_prodigal_proteins	2145	962	61.21	12.59	44.85
GCA_009842105.1_ASM984210v1_genomic_prodigal_proteins	2211	GCA_003208775.1_ASM320877v1_genomic_prodigal_proteins	1808	612	60.61	13.31	33.85
GCA_009842105.1_ASM984210v1_genomic_prodigal_proteins	2211	GCA_003210975.1_ASM321097v1_genomic_prodigal_proteins	627	254	61.27	13.80	40.51
GCA_009842105.1_ASM984210v1_genomic_prodigal_proteins	2211	GCA_003208915.1_ASM320891v1_genomic_prodigal_proteins	1208	359	60.60	12.36	29.72
GCA_009842105.1_ASM984210v1_genomic_prodigal_proteins	2211	GCA_009837735.1_ASM983773v1_genomic_prodigal_proteins	2041	1311	97.42	5.58	64.23
GCA_009842105.1_ASM984210v1_genomic_prodigal_proteins	2211	GCA_902548805.1_AG-901-N20_genomic_prodigal_proteins	158	36	60.43	13.55	22.78
GCA_009842105.1_ASM984210v1_genomic_prodigal_proteins	2211	GCA_003211235.1_ASM321123v1_genomic_prodigal_proteins	1698	548	60.77	12.97	32.27
GCA_009842105.1_ASM984210v1_genomic_prodigal_proteins	2211	GCA_004209775.1_ASM420977v1_genomic_prodigal_proteins	2798	1059	61.76	12.79	47.90
GCA_009842105.1_ASM984210v1_genomic_prodigal_proteins	2211	GCA_003283215.1_ASM328321v1_genomic_prodigal_proteins	239	25	62.71	15.19	10.46
GCA_009842105.1_ASM984210v1_genomic_prodigal_proteins	2211	GCA_003209555.1_ASM320955v1_genomic_prodigal_proteins	908	246	60.78	13.21	27.09
GCA_009842105.1_ASM984210v1_genomic_prodigal_proteins	2211	GCA_000153805.1_ASM15380v1_genomic_prodigal_proteins	2517	1037	60.65	12.90	46.90
GCA_009842105.1_ASM984210v1_genomic_prodigal_proteins	2211	GCA_003283205.1_ASM328320v1_genomic_prodigal_proteins	274	42	61.66	14.70	15.33
GCA_009842105.1_ASM984210v1_genomic_prodigal_proteins	2211	GCA_900473925.1_N5_genomic_prodigal_proteins	2417	1030	61.23	12.73	46.59
GCA_009842105.1_ASM984210v1_genomic_prodigal_proteins	2211	GCA_902592665.1_AG-447-E14_genomic_prodigal_proteins	1111	292	58.39	13.97	26.28
GCA_009842105.1_ASM984210v1_genomic_prodigal_proteins	2211	GCA_011523155.1_ASM1152315v1_genomic_prodigal_proteins	2101	722	59.40	12.20	34.36
GCA_009842105.1_ASM984210v1_genomic_prodigal_proteins	2211	GCA_003211275.1_ASM321127v1_genomic_prodigal_proteins	2168	669	60.22	12.92	30.86
GCA_009842105.1_ASM984210v1_genomic_prodigal_proteins	2211	GCA_003957805.1_ASM395780v1_genomic_prodigal_proteins	2887	899	55.34	12.58	40.66
GCA_009842105.1_ASM984210v1_genomic_prodigal_proteins	2211	GCA_012270465.1_ASM1227046v1_genomic_prodigal_proteins	2311	871	60.82	12.29	39.39
GCA_009842105.1_ASM984210v1_genomic_prodigal_proteins	2211	GCA_001693255.1_ASM169325v1_genomic_prodigal_proteins	3177	830	53.21	12.38	37.54
GCA_009842105.1_ASM984210v1_genomic_prodigal_proteins	2211	GCA_003210385.1_ASM321038v1_genomic_prodigal_proteins	286	120	59.02	12.55	41.96
GCA_009842105.1_ASM984210v1_genomic_prodigal_proteins	2211	GCA_002170705.1_ASM217070v1_genomic_prodigal_proteins	1392	577	60.68	12.43	41.45
GCA_009842105.1_ASM984210v1_genomic_prodigal_proteins	2211	GCA_002356215.1_ASM235621v1_genomic_prodigal_proteins	2953	805	53.35	12.33	36.41
GCA_009842105.1_ASM984210v1_genomic_prodigal_proteins	2211	GCA_003210935.1_ASM321093v1_genomic_prodigal_proteins	1868	687	60.30	12.90	36.78
GCA_009842105.1_ASM984210v1_genomic_prodigal_proteins	2211	GCA_003210535.1_ASM321053v1_genomic_prodigal_proteins	1257	395	58.93	12.90	31.42
GCA_009842105.1_ASM984210v1_genomic_prodigal_proteins	2211	GCA_002724845.1_ASM272484v1_genomic_prodigal_proteins	1589	745	60.70	12.61	46.88
GCA_009842105.1_ASM984210v1_genomic_prodigal_proteins	2211	GCA_000153285.1_ASM15328v1_genomic_prodigal_proteins	2746	1055	60.95	12.95	47.72
GCA_009842105.1_ASM984210v1_genomic_prodigal_proteins	2211	GCA_003211035.1_ASM321103v1_genomic_prodigal_proteins	530	190	58.93	12.44	35.85
GCA_009842105.1_ASM984210v1_genomic_prodigal_proteins	2211	GCA_001521855.1_ASM152185v1_genomic_prodigal_proteins	3144	819	53.47	12.24	37.04
GCA_009842105.1_ASM984210v1_genomic_prodigal_proteins	2211	GCA_009835965.1_ASM983596v1_genomic_prodigal_proteins	2105	1361	86.80	8.72	64.66
GCA_009842105.1_ASM984210v1_genomic_prodigal_proteins	2211	GCA_012269695.1_ASM1226969v1_genomic_prodigal_proteins	2043	759	61.10	12.27	37.15
GCA_009842105.1_ASM984210v1_genomic_prodigal_proteins	2211	GCA_000737535.1_ASM73753v1_genomic_prodigal_proteins	3013	1030	61.06	12.74	46.59
GCA_009842105.1_ASM984210v1_genomic_prodigal_proteins	2211	GCA_000586015.1_SynSpo.0_genomic_prodigal_proteins	1907	1079	90.02	7.21	56.58
GCA_009842105.1_ASM984210v1_genomic_prodigal_proteins	2211	GCA_002760345.1_ASM276034v1_genomic_prodigal_proteins	2731	743	53.07	11.50	33.60
GCA_009842105.1_ASM984210v1_genomic_prodigal_proteins	2211	GCA_000013225.1_ASM1322v1_genomic_prodigal_proteins	2844	743	52.98	11.64	33.60
GCA_009842105.1_ASM984210v1_genomic_prodigal_proteins	2211	GCA_000332275.1_ASM33227v1_genomic_prodigal_proteins	4564	799	52.24	11.81	36.14
GCA_009842105.1_ASM984210v1_genomic_prodigal_proteins	2211	GCA_002252675.1_ASM225267v1_genomic_prodigal_proteins	3295	1049	62.40	12.26	47.44
GCA_009842105.1_ASM984210v1_genomic_prodigal_proteins	2211	GCA_000737575.1_ASM73757v1_genomic_prodigal_proteins	2662	1055	61.41	12.79	47.72
GCA_009842105.1_ASM984210v1_genomic_prodigal_proteins	2211	GCA_902596755.1_AG-916-D19_genomic_prodigal_proteins	1152	373	60.31	13.35	32.38
GCA_009842105.1_ASM984210v1_genomic_prodigal_proteins	2211	GCA_003211455.1_ASM321145v1_genomic_prodigal_proteins	1186	365	59.70	13.12	30.78
GCA_009842105.1_ASM984210v1_genomic_prodigal_proteins	2211	GCA_003208755.1_ASM320875v1_genomic_prodigal_proteins	690	211	60.43	13.07	30.58
GCA_009842105.1_ASM984210v1_genomic_prodigal_proteins	2211	GCA_007571215.1_ASM757121v1_genomic_prodigal_proteins	1879	1258	78.91	10.21	66.95
GCA_009842105.1_ASM984210v1_genomic_prodigal_proteins	2211	GCA_001007635.1_ASM100763v1_genomic_prodigal_proteins	2333	1235	86.41	8.44	55.86
GCA_009842105.1_ASM984210v1_genomic_prodigal_proteins	2211	GCA_000179255.1_ASM17925v1_genomic_prodigal_proteins	2729	1063	61.75	12.55	48.08
GCA_009842105.1_ASM984210v1_genomic_prodigal_proteins	2211	GCA_003208975.1_ASM320897v1_genomic_prodigal_proteins	1804	535	59.96	12.54	29.66
GCA_009842105.1_ASM984210v1_genomic_prodigal_proteins	2211	GCA_012103655.1_ASM1210365v1_genomic_prodigal_proteins	2723	1044	60.65	12.81	47.22
GCA_009842105.1_ASM984210v1_genomic_prodigal_proteins	2211	GCA_902582045.1_AG-912-B07_genomic_prodigal_proteins	196	42	55.72	13.11	21.43
GCA_009842105.1_ASM984210v1_genomic_prodigal_proteins	2211	GCA_000153045.1_ASM15304v1_genomic_prodigal_proteins	3242	1079	62.07	12.67	48.80
GCA_009842105.1_ASM984210v1_genomic_prodigal_proteins	2211	GCA_902549675.1_AG-903-B09_genomic_prodigal_proteins	836	272	60.34	13.28	32.54
GCA_009842105.1_ASM984210v1_genomic_prodigal_proteins	2211	GCA_002018045.1_ASM201804v1_genomic_prodigal_proteins	1559	1027	86.67	8.73	65.88
GCA_009842105.1_ASM984210v1_genomic_prodigal_proteins	2211	GCA_004213055.1_ASM421305v1_genomic_prodigal_proteins	2241	947	61.15	12.80	42.83
GCA_009842105.1_ASM984210v1_genomic_prodigal_proteins	2211	GCA_007571085.1_ASM757108v1_genomic_prodigal_proteins	1784	1222	78.95	10.13	68.50
GCA_009842105.1_ASM984210v1_genomic_prodigal_proteins	2211	GCA_009839805.1_ASM983980v1_genomic_prodigal_proteins	1848	1111	97.12	5.87	60.12
GCA_009842105.1_ASM984210v1_genomic_prodigal_proteins	2211	GCA_003210375.1_ASM321037v1_genomic_prodigal_proteins	2155	775	59.75	12.76	35.96
GCA_009842105.1_ASM984210v1_genomic_prodigal_proteins	2211	GCA_004332415.1_ASM433241v1_genomic_prodigal_proteins	2408	1048	61.49	12.79	47.40
GCA_009842105.1_ASM984210v1_genomic_prodigal_proteins	2211	GCA_009836025.1_ASM983602v1_genomic_prodigal_proteins	2290	1497	97.15	5.72	67.71
GCA_009842105.1_ASM984210v1_genomic_prodigal_proteins	2211	GCA_009843455.1_ASM984345v1_genomic_prodigal_proteins	2423	1530	97.52	5.32	69.20
GCA_009842105.1_ASM984210v1_genomic_prodigal_proteins	2211	GCA_009843485.1_ASM984348v1_genomic_prodigal_proteins	2158	1380	86.76	8.68	63.95
GCA_009842105.1_ASM984210v1_genomic_prodigal_proteins	2211	GCA_003283135.1_ASM328313v1_genomic_prodigal_proteins	459	78	60.82	13.25	16.99
GCA_009842105.1_ASM984210v1_genomic_prodigal_proteins	2211	GCA_902635485.1_AG-447-G23_genomic_prodigal_proteins	327	61	60.43	14.52	18.65
GCA_009842105.1_ASM984210v1_genomic_prodigal_proteins	2211	GCA_002760415.1_ASM276041v1_genomic_prodigal_proteins	2670	734	53.14	11.53	33.20
GCA_009842105.1_ASM984210v1_genomic_prodigal_proteins	2211	GCA_002754935.1_ASM275493v1_genomic_prodigal_proteins	2664	778	53.84	12.21	35.19
GCA_009842105.1_ASM984210v1_genomic_prodigal_proteins	2211	GCA_002171685.2_ASM217168v2_genomic_prodigal_proteins	811	424	60.24	12.30	52.28
GCA_009842105.1_ASM984210v1_genomic_prodigal_proteins	2211	GCA_000737595.1_ASM73759v1_genomic_prodigal_proteins	2774	1052	60.93	12.81	47.58
GCA_009842105.1_ASM984210v1_genomic_prodigal_proteins	2211	GCA_003331785.1_ASM333178v1_genomic_prodigal_proteins	2125	966	60.69	12.66	45.46
GCA_009842105.1_ASM984210v1_genomic_prodigal_proteins	2211	GCA_009842265.1_ASM984226v1_genomic_prodigal_proteins	2398	1576	97.50	4.97	71.28
GCA_009842105.1_ASM984210v1_genomic_prodigal_proteins	2211	GCA_902579345.1_AG-911-L15_genomic_prodigal_proteins	248	60	58.08	15.68	24.19
GCA_009842105.1_ASM984210v1_genomic_prodigal_proteins	2211	GCA_000011345.1_ASM1134v1_genomic_prodigal_proteins	2520	813	54.04	12.20	36.77
GCA_009842105.1_ASM984210v1_genomic_prodigal_proteins	2211	GCA_003210705.1_ASM321070v1_genomic_prodigal_proteins	2244	746	60.40	12.98	33.74
GCA_009842105.1_ASM984210v1_genomic_prodigal_proteins	2211	GCA_000019485.1_ASM1948v1_genomic_prodigal_proteins	3233	821	53.41	12.27	37.13
GCA_009842105.1_ASM984210v1_genomic_prodigal_proteins	2211	GCA_003283055.1_ASM328305v1_genomic_prodigal_proteins	482	36	61.10	14.60	7.47
GCA_009842105.1_ASM984210v1_genomic_prodigal_proteins	2211	GCA_000010065.1_ASM1006v1_genomic_prodigal_proteins	2691	890	55.30	12.62	40.25
GCA_009842105.1_ASM984210v1_genomic_prodigal_proteins	2211	GCA_000316685.1_ASM31668v1_genomic_prodigal_proteins	3706	834	53.26	12.21	37.72
GCA_009842105.1_ASM984210v1_genomic_prodigal_proteins	2211	GCA_000063525.1_ASM6352v1_genomic_prodigal_proteins	2540	1082	61.69	12.49	48.94
GCA_009842105.1_ASM984210v1_genomic_prodigal_proteins	2211	GCA_003283165.1_ASM328316v1_genomic_prodigal_proteins	217	48	58.24	12.84	22.12
GCA_009842105.1_ASM984210v1_genomic_prodigal_proteins	2211	GCA_902540675.1_AG-359-E22_genomic_prodigal_proteins	584	156	61.97	14.59	26.71
GCA_009842105.1_ASM984210v1_genomic_prodigal_proteins	2211	GCA_011055065.1_ASM1105506v1_genomic_prodigal_proteins	2792	717	52.90	11.74	32.43
GCA_009842105.1_ASM984210v1_genomic_prodigal_proteins	2211	GCA_000013205.1_ASM1320v1_genomic_prodigal_proteins	2750	745	53.08	11.52	33.70
GCA_009842105.1_ASM984210v1_genomic_prodigal_proteins	2211	GCA_003539795.1_ASM353979v1_genomic_prodigal_proteins	2284	797	59.85	12.43	36.05
GCA_009842105.1_ASM984210v1_genomic_prodigal_proteins	2211	GCA_002171995.1_ASM217199v1_genomic_prodigal_proteins	1978	629	60.44	12.66	31.80
GCA_009842105.1_ASM984210v1_genomic_prodigal_proteins	2211	GCA_011523835.1_ASM1152383v1_genomic_prodigal_proteins	2468	920	60.54	12.82	41.61
GCA_009842105.1_ASM984210v1_genomic_prodigal_proteins	2211	GCA_002172175.1_ASM217217v1_genomic_prodigal_proteins	1846	684	59.95	12.51	37.05
GCA_009842105.1_ASM984210v1_genomic_prodigal_proteins	2211	GCA_003208835.1_ASM320883v1_genomic_prodigal_proteins	2208	774	60.60	12.86	35.05
GCA_009842105.1_ASM984210v1_genomic_prodigal_proteins	2211	GCA_902589915.1_AG-914-F20_genomic_prodigal_proteins	373	83	62.02	13.37	22.25
GCA_009842105.1_ASM984210v1_genomic_prodigal_proteins	2211	GCA_000485815.1_ASM48581v1_genomic_prodigal_proteins	3083	783	53.50	12.32	35.41
GCA_009842105.1_ASM984210v1_genomic_prodigal_proteins	2211	GCA_008807075.1_ASM880707v1_genomic_prodigal_proteins	2925	1031	61.79	12.71	46.63
GCA_009842105.1_ASM984210v1_genomic_prodigal_proteins	2211	GCA_000179235.2_ASM17923v2_genomic_prodigal_proteins	3071	1082	61.87	12.50	48.94
GCA_009842105.1_ASM984210v1_genomic_prodigal_proteins	2211	GCA_003210795.1_ASM321079v1_genomic_prodigal_proteins	2239	779	60.59	12.42	35.23
GCA_009842105.1_ASM984210v1_genomic_prodigal_proteins	2211	GCA_002706715.1_ASM270671v1_genomic_prodigal_proteins	1148	555	60.49	13.01	48.34
GCA_009842105.1_ASM984210v1_genomic_prodigal_proteins	2211	GCA_003331245.1_ASM333124v1_genomic_prodigal_proteins	2021	858	60.97	12.40	42.45
GCA_009842105.1_ASM984210v1_genomic_prodigal_proteins	2211	GCA_009843385.1_ASM984338v1_genomic_prodigal_proteins	2085	1338	97.41	5.57	64.17
GCA_009842105.1_ASM984210v1_genomic_prodigal_proteins	2211	GCA_003211205.1_ASM321120v1_genomic_prodigal_proteins	2288	829	60.29	13.16	37.49
GCA_009842105.1_ASM984210v1_genomic_prodigal_proteins	2211	GCA_000063505.1_ASM6350v1_genomic_prodigal_proteins	2558	1044	61.05	12.87	47.22
GCA_009842105.1_ASM984210v1_genomic_prodigal_proteins	2211	GCA_900474245.1_UW179B_genomic_prodigal_proteins	2743	1051	60.68	12.79	47.54
GCA_009842105.1_ASM984210v1_genomic_prodigal_proteins	2211	GCA_003210345.1_ASM321034v1_genomic_prodigal_proteins	1256	428	59.03	12.69	34.08
GCA_009842105.1_ASM984210v1_genomic_prodigal_proteins	2211	GCA_003210315.1_ASM321031v1_genomic_prodigal_proteins	1815	618	60.18	12.69	34.05
GCA_009842105.1_ASM984210v1_genomic_prodigal_proteins	2211	GCA_009836155.1_ASM983615v1_genomic_prodigal_proteins	1947	1426	97.97	4.34	73.24
GCA_009842105.1_ASM984210v1_genomic_prodigal_proteins	2211	GCA_003990665.2_ASM399066v2_genomic_prodigal_proteins	2499	813	54.07	12.16	36.77
GCA_009842105.1_ASM984210v1_genomic_prodigal_proteins	2211	GCA_003209135.1_ASM320913v1_genomic_prodigal_proteins	1719	547	59.40	12.76	31.82
GCA_009842105.1_ASM984210v1_genomic_prodigal_proteins	2211	GCA_009845105.1_ASM984510v1_genomic_prodigal_proteins	1941	1518	99.80	1.89	78.21
GCA_009842105.1_ASM984210v1_genomic_prodigal_proteins	2211	GCA_002690325.1_ASM269032v1_genomic_prodigal_proteins	2554	956	59.83	12.70	43.24
GCA_009842105.1_ASM984210v1_genomic_prodigal_proteins	2211	GCA_000161795.2_ASM16179v2_genomic_prodigal_proteins	2407	1034	61.14	12.76	46.77
GCA_009842105.1_ASM984210v1_genomic_prodigal_proteins	2211	GCA_004211895.1_ASM421189v1_genomic_prodigal_proteins	954	441	61.30	12.65	46.23
GCA_009842105.1_ASM984210v1_genomic_prodigal_proteins	2211	GCA_003210735.1_ASM321073v1_genomic_prodigal_proteins	2337	762	60.11	12.79	34.46
GCA_009842105.1_ASM984210v1_genomic_prodigal_proteins	2211	GCA_003209035.1_ASM320903v1_genomic_prodigal_proteins	1803	559	60.91	12.78	31.00
GCA_009842105.1_ASM984210v1_genomic_prodigal_proteins	2211	GCA_003712085.1_ASM371208v1_genomic_prodigal_proteins	2745	1058	61.24	12.68	47.85
GCA_009842105.1_ASM984210v1_genomic_prodigal_proteins	2211	GCA_003212155.1_ASM321215v1_genomic_prodigal_proteins	262	70	59.65	15.17	26.72
GCA_009842105.1_ASM984210v1_genomic_prodigal_proteins	2211	GCA_001040845.1_ASM104084v1_genomic_prodigal_proteins	2917	1059	60.55	12.90	47.90
GCA_009842105.1_ASM984210v1_genomic_prodigal_proteins	2211	GCA_002018015.1_ASM201801v1_genomic_prodigal_proteins	1578	1009	86.77	8.39	63.94
GCA_009842105.1_ASM984210v1_genomic_prodigal_proteins	2211	GCA_003211255.1_ASM321125v1_genomic_prodigal_proteins	1850	571	60.12	12.73	30.86
GCA_009842105.1_ASM984210v1_genomic_prodigal_proteins	2211	GCA_002721235.1_ASM272123v1_genomic_prodigal_proteins	3119	817	53.51	12.18	36.95
GCA_009842105.1_ASM984210v1_genomic_prodigal_proteins	2211	GCA_009839305.1_ASM983930v1_genomic_prodigal_proteins	1816	1052	86.95	8.53	57.93
GCA_009842105.1_ASM984210v1_genomic_prodigal_proteins	2211	GCA_011365345.1_ASM1136534v1_genomic_prodigal_proteins	2655	1040	61.07	12.82	47.04
GCA_009842105.1_ASM984210v1_genomic_prodigal_proteins	2211	GCA_001039265.1_ASM103926v1_genomic_prodigal_proteins	2832	741	63.71	12.43	33.51
GCA_009842105.1_ASM984210v1_genomic_prodigal_proteins	2211	GCA_001628325.1_ASM162832v1_genomic_prodigal_proteins	2129	946	61.32	12.43	44.43
GCA_009842105.1_ASM984210v1_genomic_prodigal_proteins	2211	GCA_003209215.1_ASM320921v1_genomic_prodigal_proteins	1679	506	60.63	12.60	30.14
GCA_009842105.1_ASM984210v1_genomic_prodigal_proteins	2211	GCA_002737305.1_ASM273730v1_genomic_prodigal_proteins	1951	840	62.41	12.56	43.05
GCA_009842105.1_ASM984210v1_genomic_prodigal_proteins	2211	GCA_003210515.1_ASM321051v1_genomic_prodigal_proteins	1673	595	59.77	13.04	35.56
GCA_009842105.1_ASM984210v1_genomic_prodigal_proteins	2211	GCA_011525445.1_ASM1152544v1_genomic_prodigal_proteins	3208	872	59.24	12.65	39.44
GCA_009842105.1_ASM984210v1_genomic_prodigal_proteins	2211	GCA_902599435.1_AG-916-N22_genomic_prodigal_proteins	793	259	62.07	12.94	32.66
GCA_009842105.1_ASM984210v1_genomic_prodigal_proteins	2211	GCA_003149585.1_ASM314958v1_genomic_prodigal_proteins	2600	1065	61.83	12.51	48.17
GCA_009842105.1_ASM984210v1_genomic_prodigal_proteins	2211	GCA_902560665.1_AG-905-O11_genomic_prodigal_proteins	401	111	59.81	13.56	27.68
GCA_009842105.1_ASM984210v1_genomic_prodigal_proteins	2211	GCA_003331795.1_ASM333179v1_genomic_prodigal_proteins	1948	874	61.84	12.51	44.87
GCA_009842105.1_ASM984210v1_genomic_prodigal_proteins	2211	GCA_002017955.1_ASM201795v1_genomic_prodigal_proteins	512	288	85.95	8.98	56.25
GCA_009842105.1_ASM984210v1_genomic_prodigal_proteins	2211	GCA_902584485.1_AG-912-O23_genomic_prodigal_proteins	535	134	59.55	13.24	25.05
GCA_009842105.1_ASM984210v1_genomic_prodigal_proteins	2211	GCA_902527915.1_AG-896-G19_genomic_prodigal_proteins	1003	326	61.34	12.89	32.50
GCA_009842105.1_ASM984210v1_genomic_prodigal_proteins	2211	GCA_902635365.1_AG-447-D19_genomic_prodigal_proteins	1690	497	60.32	13.01	29.41
GCA_009842105.1_ASM984210v1_genomic_prodigal_proteins	2211	GCA_900474085.1_UW86_genomic_prodigal_proteins	2403	1038	61.23	12.75	46.95
GCA_009842105.1_ASM984210v1_genomic_prodigal_proteins	2211	GCA_001885215.1_ASM188521v1_genomic_prodigal_proteins	2897	1094	61.68	12.55	49.48
GCA_009842105.1_ASM984210v1_genomic_prodigal_proteins	2211	GCA_902575935.1_AG-426-B22_genomic_prodigal_proteins	254	99	62.71	14.49	38.98
GCA_009842105.1_ASM984210v1_genomic_prodigal_proteins	2211	GCA_900474295.1_UW140_genomic_prodigal_proteins	2925	1047	61.05	12.80	47.35
GCA_009842105.1_ASM984210v1_genomic_prodigal_proteins	2211	GCA_003211565.1_ASM321156v1_genomic_prodigal_proteins	1489	453	60.99	13.20	30.42
GCA_009842105.1_ASM984210v1_genomic_prodigal_proteins	2211	GCA_003526105.1_ASM352610v1_genomic_prodigal_proteins	1581	574	61.87	12.66	36.31
GCA_009842105.1_ASM984210v1_genomic_prodigal_proteins	2211	GCA_002172935.1_ASM217293v1_genomic_prodigal_proteins	1996	799	60.19	12.50	40.03
GCA_009842105.1_ASM984210v1_genomic_prodigal_proteins	2211	GCA_003210335.1_ASM321033v1_genomic_prodigal_proteins	942	189	60.08	13.21	20.06
GCA_009842105.1_ASM984210v1_genomic_prodigal_proteins	2211	GCA_009846115.1_ASM984611v1_genomic_prodigal_proteins	2048	1233	86.66	8.54	60.21
GCA_009842105.1_ASM984210v1_genomic_prodigal_proteins	2211	GCA_001693295.1_ASM169329v1_genomic_prodigal_proteins	3183	820	53.38	12.33	37.09
GCA_009842105.1_ASM984210v1_genomic_prodigal_proteins	2211	GCA_900473965.1_UW179A_genomic_prodigal_proteins	3383	1033	60.81	12.79	46.72
GCA_009842105.1_ASM984210v1_genomic_prodigal_proteins	2211	GCA_003213755.1_ASM321375v1_genomic_prodigal_proteins	1050	371	61.31	12.76	35.33
GCA_009842105.1_ASM984210v1_genomic_prodigal_proteins	2211	GCA_003209155.1_ASM320915v1_genomic_prodigal_proteins	2305	777	60.79	12.69	35.14
GCA_009842105.1_ASM984210v1_genomic_prodigal_proteins	2211	GCA_003211515.1_ASM321151v1_genomic_prodigal_proteins	2451	663	60.54	12.53	29.99
GCA_009842105.1_ASM984210v1_genomic_prodigal_proteins	2211	GCA_002693285.1_ASM269328v1_genomic_prodigal_proteins	2440	905	60.55	12.96	40.93
GCA_009842105.1_ASM984210v1_genomic_prodigal_proteins	2211	GCA_003210555.1_ASM321055v1_genomic_prodigal_proteins	1847	550	60.06	12.79	29.78
GCA_009842105.1_ASM984210v1_genomic_prodigal_proteins	2211	GCA_000155595.1_ASM15559v1_genomic_prodigal_proteins	5270	836	52.61	12.29	37.81
GCA_009842105.1_ASM984210v1_genomic_prodigal_proteins	2211	GCA_001007665.1_ASM100766v1_genomic_prodigal_proteins	2356	1346	86.37	8.38	60.88
GCA_009842105.1_ASM984210v1_genomic_prodigal_proteins	2211	GCA_009919765.1_ASM991976v1_genomic_prodigal_proteins	2524	745	61.79	12.53	33.70
GCA_009842105.1_ASM984210v1_genomic_prodigal_proteins	2211	GCA_003331225.1_ASM333122v1_genomic_prodigal_proteins	2113	933	61.97	12.39	44.16
GCA_009842105.1_ASM984210v1_genomic_prodigal_proteins	2211	GCA_900177825.1_IMG-taxon_2708742468_annotated_assembly_genomic_prodigal_proteins	3317	817	53.32	12.31	36.95
GCA_009842105.1_ASM984210v1_genomic_prodigal_proteins	2211	GCA_000195975.1_ASM19597v1_genomic_prodigal_proteins	2719	1050	61.25	12.65	47.49
GCA_009842105.1_ASM984210v1_genomic_prodigal_proteins	2211	GCA_902618885.1_AG-920-D15_genomic_prodigal_proteins	1178	392	62.13	13.55	33.28
GCA_009842105.1_ASM984210v1_genomic_prodigal_proteins	2211	GCA_003209165.1_ASM320916v1_genomic_prodigal_proteins	2711	890	61.03	12.52	40.25
GCA_009842105.1_ASM984210v1_genomic_prodigal_proteins	2211	GCA_001007625.1_ASM100762v1_genomic_prodigal_proteins	2478	1227	87.44	8.79	55.50
GCA_009842105.1_ASM984210v1_genomic_prodigal_proteins	2211	GCA_008386235.1_ASM838623v1_genomic_prodigal_proteins	2571	818	53.97	12.27	37.00
GCA_009842105.1_ASM984210v1_genomic_prodigal_proteins	2211	GCA_001631935.1_ASM163193v1_genomic_prodigal_proteins	3526	1040	60.75	12.85	47.04
GCA_009842105.1_ASM984210v1_genomic_prodigal_proteins	2211	GCA_002151525.1_ASM215152v1_genomic_prodigal_proteins	1628	767	60.68	12.85	47.11
GCA_009842105.1_ASM984210v1_genomic_prodigal_proteins	2211	GCA_000153065.1_ASM15306v1_genomic_prodigal_proteins	2704	1043	61.89	12.70	47.17
GCA_009842105.1_ASM984210v1_genomic_prodigal_proteins	2211	GCA_009837265.1_ASM983726v1_genomic_prodigal_proteins	2126	1298	86.76	8.81	61.05
GCA_009842105.1_ASM984210v1_genomic_prodigal_proteins	2211	GCA_902533725.1_AG-898-C20_genomic_prodigal_proteins	421	77	62.26	12.65	18.29
GCA_009842105.1_ASM984210v1_genomic_prodigal_proteins	2211	GCA_002171075.2_ASM217107v2_genomic_prodigal_proteins	1919	803	60.26	12.27	41.84
GCA_009842105.1_ASM984210v1_genomic_prodigal_proteins	2211	GCA_002760395.1_ASM276039v1_genomic_prodigal_proteins	2661	726	53.07	11.62	32.84
GCA_009842105.1_ASM984210v1_genomic_prodigal_proteins	2211	GCA_003209005.1_ASM320900v1_genomic_prodigal_proteins	2548	865	60.33	12.85	39.12
GCA_009842105.1_ASM984210v1_genomic_prodigal_proteins	2211	GCA_002017915.1_ASM201791v1_genomic_prodigal_proteins	623	374	86.92	9.14	60.03
GCA_009842105.1_ASM984210v1_genomic_prodigal_proteins	2211	GCA_900047545.1_m9_genomic_prodigal_proteins	1575	1019	86.19	8.15	64.70
GCA_009842105.1_ASM984210v1_genomic_prodigal_proteins	2211	GCA_001632105.1_ASM163210v1_genomic_prodigal_proteins	3521	1045	60.69	12.88	47.26
GCA_009842105.1_ASM984210v1_genomic_prodigal_proteins	2211	GCA_004212765.1_ASM421276v1_genomic_prodigal_proteins	1162	523	61.35	12.56	45.01
GCA_009842105.1_ASM984210v1_genomic_prodigal_proteins	2211	GCA_002685515.1_ASM268551v1_genomic_prodigal_proteins	1286	547	60.06	12.49	42.53
GCA_009842105.1_ASM984210v1_genomic_prodigal_proteins	2211	GCA_007828135.1_ASM782813v1_genomic_prodigal_proteins	2917	1094	61.68	12.55	49.48
GCA_009842105.1_ASM984210v1_genomic_prodigal_proteins	2211	GCA_011047875.1_ASM1104787v1_genomic_prodigal_proteins	2810	736	53.04	11.63	33.29
GCA_009842105.1_ASM984210v1_genomic_prodigal_proteins	2211	GCA_009840445.1_ASM984044v1_genomic_prodigal_proteins	2167	1383	86.76	8.69	63.82
GCA_009842105.1_ASM984210v1_genomic_prodigal_proteins	2211	GCA_003210995.1_ASM321099v1_genomic_prodigal_proteins	2385	743	60.91	12.99	33.60
GCA_009842105.1_ASM984210v1_genomic_prodigal_proteins	2211	GCA_902616995.1_AG-919-L20_genomic_prodigal_proteins	654	193	61.45	12.77	29.51
GCA_009842105.1_ASM984210v1_genomic_prodigal_proteins	2211	GCA_009845825.1_ASM984582v1_genomic_prodigal_proteins	2168	1408	97.52	5.07	64.94
GCA_009842105.1_ASM984210v1_genomic_prodigal_proteins	2211	GCA_000515235.1_ASM51523v1_genomic_prodigal_proteins	2873	1042	60.96	12.77	47.13
GCA_009842105.1_ASM984210v1_genomic_prodigal_proteins	2211	GCA_003523965.1_ASM352396v1_genomic_prodigal_proteins	1735	954	89.41	8.07	54.99
GCA_009842105.1_ASM984210v1_genomic_prodigal_proteins	2211	GCA_002684175.1_ASM268417v1_genomic_prodigal_proteins	1819	636	58.85	12.33	34.96
GCA_009842105.1_ASM984210v1_genomic_prodigal_proteins	2211	GCA_011523295.1_ASM1152329v1_genomic_prodigal_proteins	2851	810	59.37	12.54	36.64
GCA_009842105.1_ASM984210v1_genomic_prodigal_proteins	2211	GCA_003211015.1_ASM321101v1_genomic_prodigal_proteins	2128	764	60.07	12.64	35.90
GCA_009842105.1_ASM984210v1_genomic_prodigal_proteins	2211	GCA_002006815.1_ASM200681v1_genomic_prodigal_proteins	1973	959	61.32	12.61	48.61
GCA_000012525.1_ASM1252v1_genomic_prodigal_proteins	2725	GCA_000817325.1_ASM81732v1_genomic_prodigal_proteins	2728	2703	99.99	0.10	99.19
GCA_000012525.1_ASM1252v1_genomic_prodigal_proteins	2725	GCA_002691345.1_ASM269134v1_genomic_prodigal_proteins	2078	951	54.57	12.45	45.77
GCA_000012525.1_ASM1252v1_genomic_prodigal_proteins	2725	GCA_002172045.1_ASM217204v1_genomic_prodigal_proteins	1670	728	56.11	12.99	43.59
GCA_000012525.1_ASM1252v1_genomic_prodigal_proteins	2725	GCA_003211535.1_ASM321153v1_genomic_prodigal_proteins	2412	933	55.95	12.92	38.68
GCA_000012525.1_ASM1252v1_genomic_prodigal_proteins	2725	GCA_000230675.2_ASM23067v1_genomic_prodigal_proteins	2998	1217	55.50	13.23	44.66
GCA_000012525.1_ASM1252v1_genomic_prodigal_proteins	2725	GCA_002252625.1_ASM225262v1_genomic_prodigal_proteins	3600	1356	56.36	13.25	49.76
GCA_000012525.1_ASM1252v1_genomic_prodigal_proteins	2725	GCA_000012625.1_ASM1262v1_genomic_prodigal_proteins	2892	1213	55.84	13.30	44.51
GCA_000012525.1_ASM1252v1_genomic_prodigal_proteins	2725	GCA_009844725.1_ASM984472v1_genomic_prodigal_proteins	2020	835	55.37	12.45	41.34
GCA_000012525.1_ASM1252v1_genomic_prodigal_proteins	2725	GCA_003331765.1_ASM333176v1_genomic_prodigal_proteins	2019	1023	55.42	12.77	50.67
GCA_000012525.1_ASM1252v1_genomic_prodigal_proteins	2725	GCA_900473935.1_UW105_genomic_prodigal_proteins	2923	1215	55.47	13.18	44.59
GCA_000012525.1_ASM1252v1_genomic_prodigal_proteins	2725	GCA_002168155.1_ASM216815v1_genomic_prodigal_proteins	2361	1117	55.97	12.77	47.31
GCA_000012525.1_ASM1252v1_genomic_prodigal_proteins	2725	GCA_009846095.1_ASM984609v1_genomic_prodigal_proteins	2331	906	55.25	12.59	38.87
GCA_000012525.1_ASM1252v1_genomic_prodigal_proteins	2725	GCA_009498715.1_ASM949871v1_genomic_prodigal_proteins	2867	2296	90.11	8.40	84.26
GCA_000012525.1_ASM1252v1_genomic_prodigal_proteins	2725	GCA_002252635.1_ASM225263v1_genomic_prodigal_proteins	3011	1356	56.44	13.33	49.76
GCA_000012525.1_ASM1252v1_genomic_prodigal_proteins	2725	GCA_009838425.1_ASM983842v1_genomic_prodigal_proteins	1544	641	55.85	12.64	41.52
GCA_000012525.1_ASM1252v1_genomic_prodigal_proteins	2725	GCA_900473895.1_N32_genomic_prodigal_proteins	2509	1199	56.00	13.10	47.79
GCA_000012525.1_ASM1252v1_genomic_prodigal_proteins	2725	GCA_003210495.1_ASM321049v1_genomic_prodigal_proteins	1134	389	54.23	13.08	34.30
GCA_000012525.1_ASM1252v1_genomic_prodigal_proteins	2725	GCA_003011125.1_ASM301112v1_genomic_prodigal_proteins	3076	1170	55.50	12.90	42.94
GCA_000012525.1_ASM1252v1_genomic_prodigal_proteins	2725	GCA_900177365.1_IMG-taxon_2708742537_annotated_assembly_genomic_prodigal_proteins	3310	1479	59.52	12.87	54.28
GCA_000012525.1_ASM1252v1_genomic_prodigal_proteins	2725	GCA_002760445.1_ASM276044v1_genomic_prodigal_proteins	2661	1210	57.63	12.10	45.47
GCA_000012525.1_ASM1252v1_genomic_prodigal_proteins	2725	GCA_900474185.1_UW69_genomic_prodigal_proteins	2629	1204	55.76	13.19	45.80
GCA_000012525.1_ASM1252v1_genomic_prodigal_proteins	2725	GCA_003210775.1_ASM321077v1_genomic_prodigal_proteins	2665	851	55.23	12.97	31.93
GCA_000012525.1_ASM1252v1_genomic_prodigal_proteins	2725	GCA_002700765.1_ASM270076v1_genomic_prodigal_proteins	2134	918	55.02	13.00	43.02
GCA_000012525.1_ASM1252v1_genomic_prodigal_proteins	2725	GCA_902599585.1_AG-916-O11_genomic_prodigal_proteins	1470	579	56.59	13.57	39.39
GCA_000012525.1_ASM1252v1_genomic_prodigal_proteins	2725	GCA_900474045.1_N19_genomic_prodigal_proteins	2484	1179	55.96	13.03	47.46
GCA_000012525.1_ASM1252v1_genomic_prodigal_proteins	2725	GCA_003210815.1_ASM321081v1_genomic_prodigal_proteins	2087	756	55.01	12.63	36.22
GCA_000012525.1_ASM1252v1_genomic_prodigal_proteins	2725	GCA_900473955.1_GEYO_genomic_prodigal_proteins	2674	1174	55.42	13.06	43.90
GCA_000012525.1_ASM1252v1_genomic_prodigal_proteins	2725	GCA_002167425.2_ASM216742v2_genomic_prodigal_proteins	2822	1022	55.07	12.80	37.50
GCA_000012525.1_ASM1252v1_genomic_prodigal_proteins	2725	GCA_009844645.1_ASM984464v1_genomic_prodigal_proteins	1983	949	55.48	12.66	47.86
GCA_000012525.1_ASM1252v1_genomic_prodigal_proteins	2725	GCA_008081095.1_ASM808109v1_genomic_prodigal_proteins	1533	645	55.60	12.70	42.07
GCA_000012525.1_ASM1252v1_genomic_prodigal_proteins	2725	GCA_000014585.1_ASM1458v1_genomic_prodigal_proteins	2879	1204	55.47	13.26	44.18
GCA_000012525.1_ASM1252v1_genomic_prodigal_proteins	2725	GCA_000317085.1_ASM31708v1_genomic_prodigal_proteins	3673	1359	57.15	12.55	49.87
GCA_000012525.1_ASM1252v1_genomic_prodigal_proteins	2725	GCA_013133755.1_ASM1313375v1_genomic_prodigal_proteins	2700	1184	55.60	13.08	43.85
GCA_000012525.1_ASM1252v1_genomic_prodigal_proteins	2725	GCA_003210475.1_ASM321047v1_genomic_prodigal_proteins	1514	603	55.13	12.69	39.83
GCA_000012525.1_ASM1252v1_genomic_prodigal_proteins	2725	GCA_003208815.1_ASM320881v1_genomic_prodigal_proteins	1352	452	54.79	13.13	33.43
GCA_000012525.1_ASM1252v1_genomic_prodigal_proteins	2725	GCA_000012505.1_ASM1250v1_genomic_prodigal_proteins	2461	1173	55.75	13.01	47.66
GCA_000012525.1_ASM1252v1_genomic_prodigal_proteins	2725	GCA_000153825.1_ASM15382v1_genomic_prodigal_proteins	2811	1229	55.88	13.23	45.10
GCA_000012525.1_ASM1252v1_genomic_prodigal_proteins	2725	GCA_002760475.1_ASM276047v1_genomic_prodigal_proteins	2647	1208	57.58	12.15	45.64
GCA_000012525.1_ASM1252v1_genomic_prodigal_proteins	2725	GCA_003210565.1_ASM321056v1_genomic_prodigal_proteins	836	299	55.90	13.79	35.77
GCA_000012525.1_ASM1252v1_genomic_prodigal_proteins	2725	GCA_902618505.1_AG-892-K03_genomic_prodigal_proteins	959	283	57.93	14.09	29.51
GCA_000012525.1_ASM1252v1_genomic_prodigal_proteins	2725	GCA_005577135.1_ASM557713v1_genomic_prodigal_proteins	3356	1495	59.37	12.98	54.86
GCA_000012525.1_ASM1252v1_genomic_prodigal_proteins	2725	GCA_003846445.1_ASM384644v1_genomic_prodigal_proteins	2740	2341	90.16	8.20	85.91
GCA_000012525.1_ASM1252v1_genomic_prodigal_proteins	2725	GCA_000505665.1_ASM50566v1_genomic_prodigal_proteins	2466	1357	60.15	12.91	55.03
GCA_000012525.1_ASM1252v1_genomic_prodigal_proteins	2725	GCA_902616255.1_AG-919-I18_genomic_prodigal_proteins	1046	380	55.52	13.45	36.33
GCA_000012525.1_ASM1252v1_genomic_prodigal_proteins	2725	GCA_001182765.1_WH8103.1_genomic_prodigal_proteins	2676	1218	55.96	13.22	45.52
GCA_000012525.1_ASM1252v1_genomic_prodigal_proteins	2725	GCA_002760375.1_ASM276037v1_genomic_prodigal_proteins	2702	1210	57.57	12.14	44.78
GCA_000012525.1_ASM1252v1_genomic_prodigal_proteins	2725	GCA_902592305.1_AG-914-O22_genomic_prodigal_proteins	179	67	59.22	13.66	37.43
GCA_000012525.1_ASM1252v1_genomic_prodigal_proteins	2725	GCA_001632165.1_ASM163216v1_genomic_prodigal_proteins	2830	1189	55.51	13.03	43.63
GCA_000012525.1_ASM1252v1_genomic_prodigal_proteins	2725	GCA_004332405.1_ASM433240v1_genomic_prodigal_proteins	2437	1221	56.04	13.24	50.10
GCA_000012525.1_ASM1252v1_genomic_prodigal_proteins	2725	GCA_900473975.1_N26_genomic_prodigal_proteins	2454	1182	56.07	13.17	48.17
GCA_000012525.1_ASM1252v1_genomic_prodigal_proteins	2725	GCA_902612475.1_AG-918-G20_genomic_prodigal_proteins	502	137	55.87	13.01	27.29
GCA_000012525.1_ASM1252v1_genomic_prodigal_proteins	2725	GCA_000775285.1_ASM77528v1_genomic_prodigal_proteins	4812	1323	61.60	13.31	48.55
GCA_000012525.1_ASM1252v1_genomic_prodigal_proteins	2725	GCA_002698505.1_ASM269850v1_genomic_prodigal_proteins	2471	1116	55.28	13.12	45.16
GCA_000012525.1_ASM1252v1_genomic_prodigal_proteins	2725	GCA_002252665.1_ASM225266v1_genomic_prodigal_proteins	2771	1276	56.60	13.20	46.83
GCA_000012525.1_ASM1252v1_genomic_prodigal_proteins	2725	GCA_003555505.1_ASM355550v1_genomic_prodigal_proteins	3351	1022	60.53	13.45	37.50
GCA_000012525.1_ASM1252v1_genomic_prodigal_proteins	2725	GCA_900474015.1_UW106_genomic_prodigal_proteins	2762	1204	55.69	13.17	44.18
GCA_000012525.1_ASM1252v1_genomic_prodigal_proteins	2725	GCA_000715475.1_ASM71547v1_genomic_prodigal_proteins	3299	1469	59.42	12.94	53.91
GCA_000012525.1_ASM1252v1_genomic_prodigal_proteins	2725	GCA_001628295.1_ASM162829v1_genomic_prodigal_proteins	2145	1092	55.91	12.88	50.91
GCA_000012525.1_ASM1252v1_genomic_prodigal_proteins	2725	GCA_003208775.1_ASM320877v1_genomic_prodigal_proteins	1808	685	55.75	13.26	37.89
GCA_000012525.1_ASM1252v1_genomic_prodigal_proteins	2725	GCA_003210975.1_ASM321097v1_genomic_prodigal_proteins	627	292	55.38	14.16	46.57
GCA_000012525.1_ASM1252v1_genomic_prodigal_proteins	2725	GCA_003208915.1_ASM320891v1_genomic_prodigal_proteins	1208	420	55.64	13.02	34.77
GCA_000012525.1_ASM1252v1_genomic_prodigal_proteins	2725	GCA_009837735.1_ASM983773v1_genomic_prodigal_proteins	2041	816	55.75	12.69	39.98
GCA_000012525.1_ASM1252v1_genomic_prodigal_proteins	2725	GCA_902548805.1_AG-901-N20_genomic_prodigal_proteins	158	52	56.39	14.65	32.91
GCA_000012525.1_ASM1252v1_genomic_prodigal_proteins	2725	GCA_003211235.1_ASM321123v1_genomic_prodigal_proteins	1698	640	55.29	13.33	37.69
GCA_000012525.1_ASM1252v1_genomic_prodigal_proteins	2725	GCA_004209775.1_ASM420977v1_genomic_prodigal_proteins	2798	1272	55.81	13.31	46.68
GCA_000012525.1_ASM1252v1_genomic_prodigal_proteins	2725	GCA_003283215.1_ASM328321v1_genomic_prodigal_proteins	239	31	61.96	11.68	12.97
GCA_000012525.1_ASM1252v1_genomic_prodigal_proteins	2725	GCA_003209555.1_ASM320955v1_genomic_prodigal_proteins	908	278	56.36	13.41	30.62
GCA_000012525.1_ASM1252v1_genomic_prodigal_proteins	2725	GCA_000153805.1_ASM15380v1_genomic_prodigal_proteins	2517	1179	55.56	13.07	46.84
GCA_000012525.1_ASM1252v1_genomic_prodigal_proteins	2725	GCA_003283205.1_ASM328320v1_genomic_prodigal_proteins	274	48	57.18	14.94	17.52
GCA_000012525.1_ASM1252v1_genomic_prodigal_proteins	2725	GCA_900473925.1_N5_genomic_prodigal_proteins	2417	1165	56.05	13.07	48.20
GCA_000012525.1_ASM1252v1_genomic_prodigal_proteins	2725	GCA_902592665.1_AG-447-E14_genomic_prodigal_proteins	1111	320	55.18	13.03	28.80
GCA_000012525.1_ASM1252v1_genomic_prodigal_proteins	2725	GCA_011523155.1_ASM1152315v1_genomic_prodigal_proteins	2101	826	53.88	11.94	39.31
GCA_000012525.1_ASM1252v1_genomic_prodigal_proteins	2725	GCA_003211275.1_ASM321127v1_genomic_prodigal_proteins	2168	766	55.24	13.01	35.33
GCA_000012525.1_ASM1252v1_genomic_prodigal_proteins	2725	GCA_003957805.1_ASM395780v1_genomic_prodigal_proteins	2887	2561	98.99	3.16	93.98
GCA_000012525.1_ASM1252v1_genomic_prodigal_proteins	2725	GCA_012270465.1_ASM1227046v1_genomic_prodigal_proteins	2311	975	55.57	12.56	42.19
GCA_000012525.1_ASM1252v1_genomic_prodigal_proteins	2725	GCA_001693255.1_ASM169325v1_genomic_prodigal_proteins	3177	1481	59.59	12.83	54.35
GCA_000012525.1_ASM1252v1_genomic_prodigal_proteins	2725	GCA_003210385.1_ASM321038v1_genomic_prodigal_proteins	286	145	56.23	13.68	50.70
GCA_000012525.1_ASM1252v1_genomic_prodigal_proteins	2725	GCA_002170705.1_ASM217070v1_genomic_prodigal_proteins	1392	652	55.86	12.45	46.84
GCA_000012525.1_ASM1252v1_genomic_prodigal_proteins	2725	GCA_002356215.1_ASM235621v1_genomic_prodigal_proteins	2953	1486	59.65	12.83	54.53
GCA_000012525.1_ASM1252v1_genomic_prodigal_proteins	2725	GCA_003210935.1_ASM321093v1_genomic_prodigal_proteins	1868	789	55.68	13.28	42.24
GCA_000012525.1_ASM1252v1_genomic_prodigal_proteins	2725	GCA_003210535.1_ASM321053v1_genomic_prodigal_proteins	1257	457	54.32	12.75	36.36
GCA_000012525.1_ASM1252v1_genomic_prodigal_proteins	2725	GCA_002724845.1_ASM272484v1_genomic_prodigal_proteins	1589	854	55.41	12.83	53.74
GCA_000012525.1_ASM1252v1_genomic_prodigal_proteins	2725	GCA_000153285.1_ASM15328v1_genomic_prodigal_proteins	2746	1239	55.68	13.36	45.47
GCA_000012525.1_ASM1252v1_genomic_prodigal_proteins	2725	GCA_003211035.1_ASM321103v1_genomic_prodigal_proteins	530	215	54.51	12.52	40.57
GCA_000012525.1_ASM1252v1_genomic_prodigal_proteins	2725	GCA_001521855.1_ASM152185v1_genomic_prodigal_proteins	3144	1499	59.53	12.84	55.01
GCA_000012525.1_ASM1252v1_genomic_prodigal_proteins	2725	GCA_009835965.1_ASM983596v1_genomic_prodigal_proteins	2105	998	55.74	12.67	47.41
GCA_000012525.1_ASM1252v1_genomic_prodigal_proteins	2725	GCA_012269695.1_ASM1226969v1_genomic_prodigal_proteins	2043	837	55.84	12.54	40.97
GCA_000012525.1_ASM1252v1_genomic_prodigal_proteins	2725	GCA_000737535.1_ASM73753v1_genomic_prodigal_proteins	3013	1214	55.74	13.26	44.55
GCA_000012525.1_ASM1252v1_genomic_prodigal_proteins	2725	GCA_000586015.1_SynSpo.0_genomic_prodigal_proteins	1907	783	56.54	13.10	41.06
GCA_000012525.1_ASM1252v1_genomic_prodigal_proteins	2725	GCA_002760345.1_ASM276034v1_genomic_prodigal_proteins	2731	1227	57.46	12.14	45.03
GCA_000012525.1_ASM1252v1_genomic_prodigal_proteins	2725	GCA_000013225.1_ASM1322v1_genomic_prodigal_proteins	2844	1235	57.40	12.27	45.32
GCA_000012525.1_ASM1252v1_genomic_prodigal_proteins	2725	GCA_000332275.1_ASM33227v1_genomic_prodigal_proteins	4564	1360	57.08	12.28	49.91
GCA_000012525.1_ASM1252v1_genomic_prodigal_proteins	2725	GCA_002252675.1_ASM225267v1_genomic_prodigal_proteins	3295	1347	56.54	13.36	49.43
GCA_000012525.1_ASM1252v1_genomic_prodigal_proteins	2725	GCA_000737575.1_ASM73757v1_genomic_prodigal_proteins	2662	1204	56.06	13.32	45.23
GCA_000012525.1_ASM1252v1_genomic_prodigal_proteins	2725	GCA_902596755.1_AG-916-D19_genomic_prodigal_proteins	1152	417	55.89	13.11	36.20
GCA_000012525.1_ASM1252v1_genomic_prodigal_proteins	2725	GCA_003211455.1_ASM321145v1_genomic_prodigal_proteins	1186	420	55.21	13.58	35.41
GCA_000012525.1_ASM1252v1_genomic_prodigal_proteins	2725	GCA_003208755.1_ASM320875v1_genomic_prodigal_proteins	690	270	55.72	13.31	39.13
GCA_000012525.1_ASM1252v1_genomic_prodigal_proteins	2725	GCA_007571215.1_ASM757121v1_genomic_prodigal_proteins	1879	983	55.26	12.63	52.32
GCA_000012525.1_ASM1252v1_genomic_prodigal_proteins	2725	GCA_001007635.1_ASM100763v1_genomic_prodigal_proteins	2333	927	55.62	12.67	39.73
GCA_000012525.1_ASM1252v1_genomic_prodigal_proteins	2725	GCA_000179255.1_ASM17925v1_genomic_prodigal_proteins	2729	1238	56.37	13.04	45.43
GCA_000012525.1_ASM1252v1_genomic_prodigal_proteins	2725	GCA_003208975.1_ASM320897v1_genomic_prodigal_proteins	1804	634	55.25	12.93	35.14
GCA_000012525.1_ASM1252v1_genomic_prodigal_proteins	2725	GCA_012103655.1_ASM1210365v1_genomic_prodigal_proteins	2723	1208	55.39	13.14	44.36
GCA_000012525.1_ASM1252v1_genomic_prodigal_proteins	2725	GCA_902582045.1_AG-912-B07_genomic_prodigal_proteins	196	47	56.82	13.19	23.98
GCA_000012525.1_ASM1252v1_genomic_prodigal_proteins	2725	GCA_000153045.1_ASM15304v1_genomic_prodigal_proteins	3242	1341	56.46	13.18	49.21
GCA_000012525.1_ASM1252v1_genomic_prodigal_proteins	2725	GCA_902549675.1_AG-903-B09_genomic_prodigal_proteins	836	299	56.94	14.26	35.77
GCA_000012525.1_ASM1252v1_genomic_prodigal_proteins	2725	GCA_002018045.1_ASM201804v1_genomic_prodigal_proteins	1559	785	56.36	12.59	50.35
GCA_000012525.1_ASM1252v1_genomic_prodigal_proteins	2725	GCA_004213055.1_ASM421305v1_genomic_prodigal_proteins	2241	1072	55.63	13.03	47.84
GCA_000012525.1_ASM1252v1_genomic_prodigal_proteins	2725	GCA_007571085.1_ASM757108v1_genomic_prodigal_proteins	1784	961	55.32	12.62	53.87
GCA_000012525.1_ASM1252v1_genomic_prodigal_proteins	2725	GCA_009839805.1_ASM983980v1_genomic_prodigal_proteins	1848	666	53.58	12.12	36.04
GCA_000012525.1_ASM1252v1_genomic_prodigal_proteins	2725	GCA_003210375.1_ASM321037v1_genomic_prodigal_proteins	2155	877	55.20	13.03	40.70
GCA_000012525.1_ASM1252v1_genomic_prodigal_proteins	2725	GCA_004332415.1_ASM433241v1_genomic_prodigal_proteins	2408	1227	55.92	13.19	50.96
GCA_000012525.1_ASM1252v1_genomic_prodigal_proteins	2725	GCA_009836025.1_ASM983602v1_genomic_prodigal_proteins	2290	1008	55.53	12.73	44.02
GCA_000012525.1_ASM1252v1_genomic_prodigal_proteins	2725	GCA_009843455.1_ASM984345v1_genomic_prodigal_proteins	2423	982	55.41	12.52	40.53
GCA_000012525.1_ASM1252v1_genomic_prodigal_proteins	2725	GCA_009843485.1_ASM984348v1_genomic_prodigal_proteins	2158	998	55.68	12.73	46.25
GCA_000012525.1_ASM1252v1_genomic_prodigal_proteins	2725	GCA_003283135.1_ASM328313v1_genomic_prodigal_proteins	459	102	54.95	13.91	22.22
GCA_000012525.1_ASM1252v1_genomic_prodigal_proteins	2725	GCA_902635485.1_AG-447-G23_genomic_prodigal_proteins	327	68	54.17	15.49	20.80
GCA_000012525.1_ASM1252v1_genomic_prodigal_proteins	2725	GCA_002760415.1_ASM276041v1_genomic_prodigal_proteins	2670	1215	57.51	12.15	45.51
GCA_000012525.1_ASM1252v1_genomic_prodigal_proteins	2725	GCA_002754935.1_ASM275493v1_genomic_prodigal_proteins	2664	1328	60.19	12.79	49.85
GCA_000012525.1_ASM1252v1_genomic_prodigal_proteins	2725	GCA_002171685.2_ASM217168v2_genomic_prodigal_proteins	811	482	56.07	12.57	59.43
GCA_000012525.1_ASM1252v1_genomic_prodigal_proteins	2725	GCA_000737595.1_ASM73759v1_genomic_prodigal_proteins	2774	1226	55.81	13.23	44.99
GCA_000012525.1_ASM1252v1_genomic_prodigal_proteins	2725	GCA_003331785.1_ASM333178v1_genomic_prodigal_proteins	2125	1089	55.47	13.02	51.25
GCA_000012525.1_ASM1252v1_genomic_prodigal_proteins	2725	GCA_009842265.1_ASM984226v1_genomic_prodigal_proteins	2398	992	55.50	12.67	41.37
GCA_000012525.1_ASM1252v1_genomic_prodigal_proteins	2725	GCA_902579345.1_AG-911-L15_genomic_prodigal_proteins	248	56	54.81	16.20	22.58
GCA_000012525.1_ASM1252v1_genomic_prodigal_proteins	2725	GCA_000011345.1_ASM1134v1_genomic_prodigal_proteins	2520	1373	60.26	12.92	54.48
GCA_000012525.1_ASM1252v1_genomic_prodigal_proteins	2725	GCA_003210705.1_ASM321070v1_genomic_prodigal_proteins	2244	864	54.95	13.04	38.50
GCA_000012525.1_ASM1252v1_genomic_prodigal_proteins	2725	GCA_000019485.1_ASM1948v1_genomic_prodigal_proteins	3233	1500	59.45	12.87	55.05
GCA_000012525.1_ASM1252v1_genomic_prodigal_proteins	2725	GCA_003283055.1_ASM328305v1_genomic_prodigal_proteins	482	40	51.68	15.88	8.30
GCA_000012525.1_ASM1252v1_genomic_prodigal_proteins	2725	GCA_000010065.1_ASM1006v1_genomic_prodigal_proteins	2691	2630	99.82	0.71	97.73
GCA_000012525.1_ASM1252v1_genomic_prodigal_proteins	2725	GCA_000316685.1_ASM31668v1_genomic_prodigal_proteins	3706	1516	59.53	13.04	55.63
GCA_000012525.1_ASM1252v1_genomic_prodigal_proteins	2725	GCA_000063525.1_ASM6352v1_genomic_prodigal_proteins	2540	1229	56.65	13.20	48.39
GCA_000012525.1_ASM1252v1_genomic_prodigal_proteins	2725	GCA_003283165.1_ASM328316v1_genomic_prodigal_proteins	217	55	54.25	13.54	25.35
GCA_000012525.1_ASM1252v1_genomic_prodigal_proteins	2725	GCA_902540675.1_AG-359-E22_genomic_prodigal_proteins	584	188	55.51	14.24	32.19
GCA_000012525.1_ASM1252v1_genomic_prodigal_proteins	2725	GCA_011055065.1_ASM1105506v1_genomic_prodigal_proteins	2792	1187	57.35	12.23	43.56
GCA_000012525.1_ASM1252v1_genomic_prodigal_proteins	2725	GCA_000013205.1_ASM1320v1_genomic_prodigal_proteins	2750	1229	57.46	12.13	45.10
GCA_000012525.1_ASM1252v1_genomic_prodigal_proteins	2725	GCA_003539795.1_ASM353979v1_genomic_prodigal_proteins	2284	899	54.45	12.51	39.36
GCA_000012525.1_ASM1252v1_genomic_prodigal_proteins	2725	GCA_002171995.1_ASM217199v1_genomic_prodigal_proteins	1978	688	55.08	13.02	34.78
GCA_000012525.1_ASM1252v1_genomic_prodigal_proteins	2725	GCA_011523835.1_ASM1152383v1_genomic_prodigal_proteins	2468	1023	55.54	12.84	41.45
GCA_000012525.1_ASM1252v1_genomic_prodigal_proteins	2725	GCA_002172175.1_ASM217217v1_genomic_prodigal_proteins	1846	774	55.20	12.48	41.93
GCA_000012525.1_ASM1252v1_genomic_prodigal_proteins	2725	GCA_003208835.1_ASM320883v1_genomic_prodigal_proteins	2208	889	55.82	13.00	40.26
GCA_000012525.1_ASM1252v1_genomic_prodigal_proteins	2725	GCA_902589915.1_AG-914-F20_genomic_prodigal_proteins	373	102	56.59	13.80	27.35
GCA_000012525.1_ASM1252v1_genomic_prodigal_proteins	2725	GCA_000485815.1_ASM48581v1_genomic_prodigal_proteins	3083	1453	59.74	12.78	53.32
GCA_000012525.1_ASM1252v1_genomic_prodigal_proteins	2725	GCA_008807075.1_ASM880707v1_genomic_prodigal_proteins	2925	1250	55.59	13.27	45.87
GCA_000012525.1_ASM1252v1_genomic_prodigal_proteins	2725	GCA_000179235.2_ASM17923v2_genomic_prodigal_proteins	3071	1324	56.36	13.16	48.59
GCA_000012525.1_ASM1252v1_genomic_prodigal_proteins	2725	GCA_003210795.1_ASM321079v1_genomic_prodigal_proteins	2239	871	55.09	12.81	38.90
GCA_000012525.1_ASM1252v1_genomic_prodigal_proteins	2725	GCA_002706715.1_ASM270671v1_genomic_prodigal_proteins	1148	629	56.45	13.23	54.79
GCA_000012525.1_ASM1252v1_genomic_prodigal_proteins	2725	GCA_003331245.1_ASM333124v1_genomic_prodigal_proteins	2021	987	55.58	12.86	48.84
GCA_000012525.1_ASM1252v1_genomic_prodigal_proteins	2725	GCA_009843385.1_ASM984338v1_genomic_prodigal_proteins	2085	831	55.92	12.74	39.86
GCA_000012525.1_ASM1252v1_genomic_prodigal_proteins	2725	GCA_003211205.1_ASM321120v1_genomic_prodigal_proteins	2288	926	55.34	13.18	40.47
GCA_000012525.1_ASM1252v1_genomic_prodigal_proteins	2725	GCA_000063505.1_ASM6350v1_genomic_prodigal_proteins	2558	1231	55.71	13.27	48.12
GCA_000012525.1_ASM1252v1_genomic_prodigal_proteins	2725	GCA_900474245.1_UW179B_genomic_prodigal_proteins	2743	1218	55.38	13.25	44.70
GCA_000012525.1_ASM1252v1_genomic_prodigal_proteins	2725	GCA_003210345.1_ASM321034v1_genomic_prodigal_proteins	1256	490	54.60	12.77	39.01
GCA_000012525.1_ASM1252v1_genomic_prodigal_proteins	2725	GCA_003210315.1_ASM321031v1_genomic_prodigal_proteins	1815	704	55.24	13.38	38.79
GCA_000012525.1_ASM1252v1_genomic_prodigal_proteins	2725	GCA_009836155.1_ASM983615v1_genomic_prodigal_proteins	1947	963	55.53	12.62	49.46
GCA_000012525.1_ASM1252v1_genomic_prodigal_proteins	2725	GCA_003990665.2_ASM399066v2_genomic_prodigal_proteins	2499	1378	60.21	12.93	55.14
GCA_000012525.1_ASM1252v1_genomic_prodigal_proteins	2725	GCA_003209135.1_ASM320913v1_genomic_prodigal_proteins	1719	635	54.59	12.71	36.94
GCA_000012525.1_ASM1252v1_genomic_prodigal_proteins	2725	GCA_009845105.1_ASM984510v1_genomic_prodigal_proteins	1941	798	55.01	12.59	41.11
GCA_000012525.1_ASM1252v1_genomic_prodigal_proteins	2725	GCA_002690325.1_ASM269032v1_genomic_prodigal_proteins	2554	1083	54.70	12.58	42.40
GCA_000012525.1_ASM1252v1_genomic_prodigal_proteins	2725	GCA_000161795.2_ASM16179v2_genomic_prodigal_proteins	2407	1185	56.00	13.24	49.23
GCA_000012525.1_ASM1252v1_genomic_prodigal_proteins	2725	GCA_004211895.1_ASM421189v1_genomic_prodigal_proteins	954	496	55.80	12.89	51.99
GCA_000012525.1_ASM1252v1_genomic_prodigal_proteins	2725	GCA_003210735.1_ASM321073v1_genomic_prodigal_proteins	2337	867	54.64	12.95	37.10
GCA_000012525.1_ASM1252v1_genomic_prodigal_proteins	2725	GCA_003209035.1_ASM320903v1_genomic_prodigal_proteins	1803	628	55.55	13.16	34.83
GCA_000012525.1_ASM1252v1_genomic_prodigal_proteins	2725	GCA_003712085.1_ASM371208v1_genomic_prodigal_proteins	2745	1216	55.83	13.11	44.62
GCA_000012525.1_ASM1252v1_genomic_prodigal_proteins	2725	GCA_003212155.1_ASM321215v1_genomic_prodigal_proteins	262	65	57.82	15.56	24.81
GCA_000012525.1_ASM1252v1_genomic_prodigal_proteins	2725	GCA_001040845.1_ASM104084v1_genomic_prodigal_proteins	2917	1207	55.30	13.23	44.29
GCA_000012525.1_ASM1252v1_genomic_prodigal_proteins	2725	GCA_002018015.1_ASM201801v1_genomic_prodigal_proteins	1578	767	56.47	12.70	48.61
GCA_000012525.1_ASM1252v1_genomic_prodigal_proteins	2725	GCA_003211255.1_ASM321125v1_genomic_prodigal_proteins	1850	656	54.16	12.72	35.46
GCA_000012525.1_ASM1252v1_genomic_prodigal_proteins	2725	GCA_002721235.1_ASM272123v1_genomic_prodigal_proteins	3119	1487	59.58	12.80	54.57
GCA_000012525.1_ASM1252v1_genomic_prodigal_proteins	2725	GCA_009839305.1_ASM983930v1_genomic_prodigal_proteins	1816	739	56.43	13.01	40.69
GCA_000012525.1_ASM1252v1_genomic_prodigal_proteins	2725	GCA_011365345.1_ASM1136534v1_genomic_prodigal_proteins	2655	1209	55.78	13.32	45.54
GCA_000012525.1_ASM1252v1_genomic_prodigal_proteins	2725	GCA_001039265.1_ASM103926v1_genomic_prodigal_proteins	2832	902	58.27	13.21	33.10
GCA_000012525.1_ASM1252v1_genomic_prodigal_proteins	2725	GCA_001628325.1_ASM162832v1_genomic_prodigal_proteins	2129	1075	55.73	12.80	50.49
GCA_000012525.1_ASM1252v1_genomic_prodigal_proteins	2725	GCA_003209215.1_ASM320921v1_genomic_prodigal_proteins	1679	596	56.37	13.23	35.50
GCA_000012525.1_ASM1252v1_genomic_prodigal_proteins	2725	GCA_002737305.1_ASM273730v1_genomic_prodigal_proteins	1951	963	57.37	12.92	49.36
GCA_000012525.1_ASM1252v1_genomic_prodigal_proteins	2725	GCA_003210515.1_ASM321051v1_genomic_prodigal_proteins	1673	660	54.90	13.00	39.45
GCA_000012525.1_ASM1252v1_genomic_prodigal_proteins	2725	GCA_011525445.1_ASM1152544v1_genomic_prodigal_proteins	3208	991	54.86	12.78	36.37
GCA_000012525.1_ASM1252v1_genomic_prodigal_proteins	2725	GCA_902599435.1_AG-916-N22_genomic_prodigal_proteins	793	296	58.13	12.93	37.33
GCA_000012525.1_ASM1252v1_genomic_prodigal_proteins	2725	GCA_003149585.1_ASM314958v1_genomic_prodigal_proteins	2600	1279	56.50	13.12	49.19
GCA_000012525.1_ASM1252v1_genomic_prodigal_proteins	2725	GCA_902560665.1_AG-905-O11_genomic_prodigal_proteins	401	114	57.29	15.02	28.43
GCA_000012525.1_ASM1252v1_genomic_prodigal_proteins	2725	GCA_003331795.1_ASM333179v1_genomic_prodigal_proteins	1948	979	56.55	13.10	50.26
GCA_000012525.1_ASM1252v1_genomic_prodigal_proteins	2725	GCA_002017955.1_ASM201795v1_genomic_prodigal_proteins	512	225	55.36	13.32	43.95
GCA_000012525.1_ASM1252v1_genomic_prodigal_proteins	2725	GCA_902584485.1_AG-912-O23_genomic_prodigal_proteins	535	143	55.64	13.70	26.73
GCA_000012525.1_ASM1252v1_genomic_prodigal_proteins	2725	GCA_902527915.1_AG-896-G19_genomic_prodigal_proteins	1003	373	56.01	13.48	37.19
GCA_000012525.1_ASM1252v1_genomic_prodigal_proteins	2725	GCA_902635365.1_AG-447-D19_genomic_prodigal_proteins	1690	578	55.99	13.23	34.20
GCA_000012525.1_ASM1252v1_genomic_prodigal_proteins	2725	GCA_900474085.1_UW86_genomic_prodigal_proteins	2403	1182	55.94	13.13	49.19
GCA_000012525.1_ASM1252v1_genomic_prodigal_proteins	2725	GCA_001885215.1_ASM188521v1_genomic_prodigal_proteins	2897	1291	56.08	12.91	47.38
GCA_000012525.1_ASM1252v1_genomic_prodigal_proteins	2725	GCA_902575935.1_AG-426-B22_genomic_prodigal_proteins	254	109	60.74	15.20	42.91
GCA_000012525.1_ASM1252v1_genomic_prodigal_proteins	2725	GCA_900474295.1_UW140_genomic_prodigal_proteins	2925	1215	55.49	13.20	44.59
GCA_000012525.1_ASM1252v1_genomic_prodigal_proteins	2725	GCA_003211565.1_ASM321156v1_genomic_prodigal_proteins	1489	532	55.72	13.09	35.73
GCA_000012525.1_ASM1252v1_genomic_prodigal_proteins	2725	GCA_003526105.1_ASM352610v1_genomic_prodigal_proteins	1581	643	56.45	12.66	40.67
GCA_000012525.1_ASM1252v1_genomic_prodigal_proteins	2725	GCA_002172935.1_ASM217293v1_genomic_prodigal_proteins	1996	934	55.23	12.78	46.79
GCA_000012525.1_ASM1252v1_genomic_prodigal_proteins	2725	GCA_003210335.1_ASM321033v1_genomic_prodigal_proteins	942	217	54.52	13.25	23.04
GCA_000012525.1_ASM1252v1_genomic_prodigal_proteins	2725	GCA_009846115.1_ASM984611v1_genomic_prodigal_proteins	2048	876	55.57	12.54	42.77
GCA_000012525.1_ASM1252v1_genomic_prodigal_proteins	2725	GCA_001693295.1_ASM169329v1_genomic_prodigal_proteins	3183	1496	59.51	12.86	54.90
GCA_000012525.1_ASM1252v1_genomic_prodigal_proteins	2725	GCA_900473965.1_UW179A_genomic_prodigal_proteins	3383	1218	55.40	13.15	44.70
GCA_000012525.1_ASM1252v1_genomic_prodigal_proteins	2725	GCA_003213755.1_ASM321375v1_genomic_prodigal_proteins	1050	420	56.42	13.54	40.00
GCA_000012525.1_ASM1252v1_genomic_prodigal_proteins	2725	GCA_003209155.1_ASM320915v1_genomic_prodigal_proteins	2305	901	55.27	12.91	39.09
GCA_000012525.1_ASM1252v1_genomic_prodigal_proteins	2725	GCA_003211515.1_ASM321151v1_genomic_prodigal_proteins	2451	776	55.25	13.30	31.66
GCA_000012525.1_ASM1252v1_genomic_prodigal_proteins	2725	GCA_002693285.1_ASM269328v1_genomic_prodigal_proteins	2440	1052	55.06	13.05	43.11
GCA_000012525.1_ASM1252v1_genomic_prodigal_proteins	2725	GCA_003210555.1_ASM321055v1_genomic_prodigal_proteins	1847	659	55.39	12.82	35.68
GCA_000012525.1_ASM1252v1_genomic_prodigal_proteins	2725	GCA_000155595.1_ASM15559v1_genomic_prodigal_proteins	5270	1545	58.28	12.88	56.70
GCA_000012525.1_ASM1252v1_genomic_prodigal_proteins	2725	GCA_001007665.1_ASM100766v1_genomic_prodigal_proteins	2356	1014	55.46	12.55	43.04
GCA_000012525.1_ASM1252v1_genomic_prodigal_proteins	2725	GCA_009919765.1_ASM991976v1_genomic_prodigal_proteins	2524	827	56.44	13.00	32.77
GCA_000012525.1_ASM1252v1_genomic_prodigal_proteins	2725	GCA_003331225.1_ASM333122v1_genomic_prodigal_proteins	2113	1054	56.46	13.09	49.88
GCA_000012525.1_ASM1252v1_genomic_prodigal_proteins	2725	GCA_900177825.1_IMG-taxon_2708742468_annotated_assembly_genomic_prodigal_proteins	3317	1477	59.54	12.85	54.20
GCA_000012525.1_ASM1252v1_genomic_prodigal_proteins	2725	GCA_000195975.1_ASM19597v1_genomic_prodigal_proteins	2719	1216	55.94	13.26	44.72
GCA_000012525.1_ASM1252v1_genomic_prodigal_proteins	2725	GCA_902618885.1_AG-920-D15_genomic_prodigal_proteins	1178	448	56.80	13.62	38.03
GCA_000012525.1_ASM1252v1_genomic_prodigal_proteins	2725	GCA_003209165.1_ASM320916v1_genomic_prodigal_proteins	2711	1021	55.98	13.23	37.66
GCA_000012525.1_ASM1252v1_genomic_prodigal_proteins	2725	GCA_001007625.1_ASM100762v1_genomic_prodigal_proteins	2478	896	55.85	12.80	36.16
GCA_000012525.1_ASM1252v1_genomic_prodigal_proteins	2725	GCA_008386235.1_ASM838623v1_genomic_prodigal_proteins	2571	1405	60.17	12.97	54.65
GCA_000012525.1_ASM1252v1_genomic_prodigal_proteins	2725	GCA_001631935.1_ASM163193v1_genomic_prodigal_proteins	3526	1208	55.39	13.23	44.33
GCA_000012525.1_ASM1252v1_genomic_prodigal_proteins	2725	GCA_002151525.1_ASM215152v1_genomic_prodigal_proteins	1628	878	56.34	12.95	53.93
GCA_000012525.1_ASM1252v1_genomic_prodigal_proteins	2725	GCA_000153065.1_ASM15306v1_genomic_prodigal_proteins	2704	1240	55.99	13.22	45.86
GCA_000012525.1_ASM1252v1_genomic_prodigal_proteins	2725	GCA_009837265.1_ASM983726v1_genomic_prodigal_proteins	2126	934	55.75	12.76	43.93
GCA_000012525.1_ASM1252v1_genomic_prodigal_proteins	2725	GCA_902533725.1_AG-898-C20_genomic_prodigal_proteins	421	97	58.07	15.04	23.04
GCA_000012525.1_ASM1252v1_genomic_prodigal_proteins	2725	GCA_002171075.2_ASM217107v2_genomic_prodigal_proteins	1919	897	55.11	12.71	46.74
GCA_000012525.1_ASM1252v1_genomic_prodigal_proteins	2725	GCA_002760395.1_ASM276039v1_genomic_prodigal_proteins	2661	1197	57.63	12.11	44.98
GCA_000012525.1_ASM1252v1_genomic_prodigal_proteins	2725	GCA_003209005.1_ASM320900v1_genomic_prodigal_proteins	2548	985	55.17	12.92	38.66
GCA_000012525.1_ASM1252v1_genomic_prodigal_proteins	2725	GCA_002017915.1_ASM201791v1_genomic_prodigal_proteins	623	296	57.18	13.29	47.51
GCA_000012525.1_ASM1252v1_genomic_prodigal_proteins	2725	GCA_900047545.1_m9_genomic_prodigal_proteins	1575	774	55.81	12.61	49.14
GCA_000012525.1_ASM1252v1_genomic_prodigal_proteins	2725	GCA_001632105.1_ASM163210v1_genomic_prodigal_proteins	3521	1209	55.29	13.10	44.37
GCA_000012525.1_ASM1252v1_genomic_prodigal_proteins	2725	GCA_004212765.1_ASM421276v1_genomic_prodigal_proteins	1162	594	55.72	13.12	51.12
GCA_000012525.1_ASM1252v1_genomic_prodigal_proteins	2725	GCA_002685515.1_ASM268551v1_genomic_prodigal_proteins	1286	648	54.41	12.50	50.39
GCA_000012525.1_ASM1252v1_genomic_prodigal_proteins	2725	GCA_007828135.1_ASM782813v1_genomic_prodigal_proteins	2917	1293	56.14	12.98	47.45
GCA_000012525.1_ASM1252v1_genomic_prodigal_proteins	2725	GCA_011047875.1_ASM1104787v1_genomic_prodigal_proteins	2810	1213	57.45	12.18	44.51
GCA_000012525.1_ASM1252v1_genomic_prodigal_proteins	2725	GCA_009840445.1_ASM984044v1_genomic_prodigal_proteins	2167	1021	55.66	12.66	47.12
GCA_000012525.1_ASM1252v1_genomic_prodigal_proteins	2725	GCA_003210995.1_ASM321099v1_genomic_prodigal_proteins	2385	851	55.78	13.26	35.68
GCA_000012525.1_ASM1252v1_genomic_prodigal_proteins	2725	GCA_902616995.1_AG-919-L20_genomic_prodigal_proteins	654	228	56.10	14.17	34.86
GCA_000012525.1_ASM1252v1_genomic_prodigal_proteins	2725	GCA_009845825.1_ASM984582v1_genomic_prodigal_proteins	2168	878	55.79	12.60	40.50
GCA_000012525.1_ASM1252v1_genomic_prodigal_proteins	2725	GCA_000515235.1_ASM51523v1_genomic_prodigal_proteins	2873	1213	55.70	13.19	44.51
GCA_000012525.1_ASM1252v1_genomic_prodigal_proteins	2725	GCA_003523965.1_ASM352396v1_genomic_prodigal_proteins	1735	669	56.98	12.69	38.56
GCA_000012525.1_ASM1252v1_genomic_prodigal_proteins	2725	GCA_002684175.1_ASM268417v1_genomic_prodigal_proteins	1819	711	54.07	12.38	39.09
GCA_000012525.1_ASM1252v1_genomic_prodigal_proteins	2725	GCA_011523295.1_ASM1152329v1_genomic_prodigal_proteins	2851	949	53.85	12.47	34.83
GCA_000012525.1_ASM1252v1_genomic_prodigal_proteins	2725	GCA_003211015.1_ASM321101v1_genomic_prodigal_proteins	2128	867	54.84	12.81	40.74
GCA_000012525.1_ASM1252v1_genomic_prodigal_proteins	2725	GCA_002006815.1_ASM200681v1_genomic_prodigal_proteins	1973	1103	56.28	13.07	55.90
GCA_900474045.1_N19_genomic_prodigal_proteins	2484	GCA_003210815.1_ASM321081v1_genomic_prodigal_proteins	2087	1131	70.41	13.86	54.19
GCA_900474045.1_N19_genomic_prodigal_proteins	2484	GCA_900473955.1_GEYO_genomic_prodigal_proteins	2674	1785	71.10	13.85	71.86
GCA_900474045.1_N19_genomic_prodigal_proteins	2484	GCA_002167425.2_ASM216742v2_genomic_prodigal_proteins	2822	1575	75.23	13.02	63.41
GCA_900474045.1_N19_genomic_prodigal_proteins	2484	GCA_009844645.1_ASM984464v1_genomic_prodigal_proteins	1983	1096	61.47	12.75	55.27
GCA_900474045.1_N19_genomic_prodigal_proteins	2484	GCA_008081095.1_ASM808109v1_genomic_prodigal_proteins	1533	1139	97.57	6.21	74.30
GCA_900474045.1_N19_genomic_prodigal_proteins	2484	GCA_000014585.1_ASM1458v1_genomic_prodigal_proteins	2879	1744	70.86	13.62	70.21
GCA_900474045.1_N19_genomic_prodigal_proteins	2484	GCA_000317085.1_ASM31708v1_genomic_prodigal_proteins	3673	946	52.06	12.26	38.08
GCA_900474045.1_N19_genomic_prodigal_proteins	2484	GCA_013133755.1_ASM1313375v1_genomic_prodigal_proteins	2700	1760	71.08	13.79	70.85
GCA_900474045.1_N19_genomic_prodigal_proteins	2484	GCA_003210475.1_ASM321047v1_genomic_prodigal_proteins	1514	860	70.52	13.80	56.80
GCA_900474045.1_N19_genomic_prodigal_proteins	2484	GCA_003208815.1_ASM320881v1_genomic_prodigal_proteins	1352	746	75.92	13.76	55.18
GCA_900474045.1_N19_genomic_prodigal_proteins	2484	GCA_000012505.1_ASM1250v1_genomic_prodigal_proteins	2461	1880	77.46	12.63	76.39
GCA_900474045.1_N19_genomic_prodigal_proteins	2484	GCA_000153825.1_ASM15382v1_genomic_prodigal_proteins	2811	1779	72.57	13.78	71.62
GCA_900474045.1_N19_genomic_prodigal_proteins	2484	GCA_002760475.1_ASM276047v1_genomic_prodigal_proteins	2647	903	53.07	11.77	36.35
GCA_900474045.1_N19_genomic_prodigal_proteins	2484	GCA_003210565.1_ASM321056v1_genomic_prodigal_proteins	836	435	70.57	14.57	52.03
GCA_900474045.1_N19_genomic_prodigal_proteins	2484	GCA_902618505.1_AG-892-K03_genomic_prodigal_proteins	959	442	78.20	14.82	46.09
GCA_900474045.1_N19_genomic_prodigal_proteins	2484	GCA_005577135.1_ASM557713v1_genomic_prodigal_proteins	3356	1054	53.47	12.80	42.43
GCA_900474045.1_N19_genomic_prodigal_proteins	2484	GCA_003846445.1_ASM384644v1_genomic_prodigal_proteins	2740	1150	56.11	13.00	46.30
GCA_900474045.1_N19_genomic_prodigal_proteins	2484	GCA_000505665.1_ASM50566v1_genomic_prodigal_proteins	2466	971	54.13	12.26	39.38
GCA_900474045.1_N19_genomic_prodigal_proteins	2484	GCA_902616255.1_AG-919-I18_genomic_prodigal_proteins	1046	595	75.30	13.86	56.88
GCA_900474045.1_N19_genomic_prodigal_proteins	2484	GCA_001182765.1_WH8103.1_genomic_prodigal_proteins	2676	1887	78.55	13.07	75.97
GCA_900474045.1_N19_genomic_prodigal_proteins	2484	GCA_002760375.1_ASM276037v1_genomic_prodigal_proteins	2702	904	53.07	11.77	36.39
GCA_900474045.1_N19_genomic_prodigal_proteins	2484	GCA_902592305.1_AG-914-O22_genomic_prodigal_proteins	179	105	77.56	13.88	58.66
GCA_900474045.1_N19_genomic_prodigal_proteins	2484	GCA_001632165.1_ASM163216v1_genomic_prodigal_proteins	2830	1777	71.25	13.57	71.54
GCA_900474045.1_N19_genomic_prodigal_proteins	2484	GCA_004332405.1_ASM433240v1_genomic_prodigal_proteins	2437	1702	72.47	13.42	69.84
GCA_900474045.1_N19_genomic_prodigal_proteins	2484	GCA_900473975.1_N26_genomic_prodigal_proteins	2454	2159	96.81	6.19	87.98
GCA_900474045.1_N19_genomic_prodigal_proteins	2484	GCA_902612475.1_AG-918-G20_genomic_prodigal_proteins	502	246	75.53	14.49	49.00
GCA_900474045.1_N19_genomic_prodigal_proteins	2484	GCA_000775285.1_ASM77528v1_genomic_prodigal_proteins	4812	916	54.12	12.76	36.88
GCA_900474045.1_N19_genomic_prodigal_proteins	2484	GCA_002698505.1_ASM269850v1_genomic_prodigal_proteins	2471	1610	71.20	13.58	65.16
GCA_900474045.1_N19_genomic_prodigal_proteins	2484	GCA_002252665.1_ASM225266v1_genomic_prodigal_proteins	2771	1572	67.75	13.49	63.29
GCA_900474045.1_N19_genomic_prodigal_proteins	2484	GCA_003555505.1_ASM355550v1_genomic_prodigal_proteins	3351	728	54.69	12.58	29.31
GCA_900474045.1_N19_genomic_prodigal_proteins	2484	GCA_900474015.1_UW106_genomic_prodigal_proteins	2762	2049	89.86	8.46	82.49
GCA_900474045.1_N19_genomic_prodigal_proteins	2484	GCA_000715475.1_ASM71547v1_genomic_prodigal_proteins	3299	1031	53.71	12.77	41.51
GCA_900474045.1_N19_genomic_prodigal_proteins	2484	GCA_001628295.1_ASM162829v1_genomic_prodigal_proteins	2145	1906	98.11	3.46	88.86
GCA_900474045.1_N19_genomic_prodigal_proteins	2484	GCA_003208775.1_ASM320877v1_genomic_prodigal_proteins	1808	1080	70.18	13.78	59.73
GCA_900474045.1_N19_genomic_prodigal_proteins	2484	GCA_003210975.1_ASM321097v1_genomic_prodigal_proteins	627	415	76.84	13.93	66.19
GCA_900474045.1_N19_genomic_prodigal_proteins	2484	GCA_003208915.1_ASM320891v1_genomic_prodigal_proteins	1208	671	76.14	13.94	55.55
GCA_900474045.1_N19_genomic_prodigal_proteins	2484	GCA_009837735.1_ASM983773v1_genomic_prodigal_proteins	2041	937	61.54	12.71	45.91
GCA_900474045.1_N19_genomic_prodigal_proteins	2484	GCA_902548805.1_AG-901-N20_genomic_prodigal_proteins	158	68	76.30	15.98	43.04
GCA_900474045.1_N19_genomic_prodigal_proteins	2484	GCA_003211235.1_ASM321123v1_genomic_prodigal_proteins	1698	985	76.75	13.50	58.01
GCA_900474045.1_N19_genomic_prodigal_proteins	2484	GCA_004209775.1_ASM420977v1_genomic_prodigal_proteins	2798	1693	72.39	13.30	68.16
GCA_900474045.1_N19_genomic_prodigal_proteins	2484	GCA_003283215.1_ASM328321v1_genomic_prodigal_proteins	239	44	72.21	15.89	18.41
GCA_900474045.1_N19_genomic_prodigal_proteins	2484	GCA_003209555.1_ASM320955v1_genomic_prodigal_proteins	908	403	66.45	14.43	44.38
GCA_900474045.1_N19_genomic_prodigal_proteins	2484	GCA_000153805.1_ASM15380v1_genomic_prodigal_proteins	2517	1880	77.34	12.73	75.68
GCA_900474045.1_N19_genomic_prodigal_proteins	2484	GCA_003283205.1_ASM328320v1_genomic_prodigal_proteins	274	77	67.94	15.15	28.10
GCA_900474045.1_N19_genomic_prodigal_proteins	2484	GCA_900473925.1_N5_genomic_prodigal_proteins	2417	2120	96.84	5.63	87.71
GCA_900474045.1_N19_genomic_prodigal_proteins	2484	GCA_902592665.1_AG-447-E14_genomic_prodigal_proteins	1111	557	74.82	14.17	50.14
GCA_900474045.1_N19_genomic_prodigal_proteins	2484	GCA_011523155.1_ASM1152315v1_genomic_prodigal_proteins	2101	1232	70.39	12.92	58.64
GCA_900474045.1_N19_genomic_prodigal_proteins	2484	GCA_003211275.1_ASM321127v1_genomic_prodigal_proteins	2168	1201	70.34	14.00	55.40
GCA_900474045.1_N19_genomic_prodigal_proteins	2484	GCA_003957805.1_ASM395780v1_genomic_prodigal_proteins	2887	1183	55.93	12.99	47.62
GCA_900474045.1_N19_genomic_prodigal_proteins	2484	GCA_012270465.1_ASM1227046v1_genomic_prodigal_proteins	2311	1313	65.22	13.91	56.82
GCA_900474045.1_N19_genomic_prodigal_proteins	2484	GCA_001693255.1_ASM169325v1_genomic_prodigal_proteins	3177	1054	53.56	12.75	42.43
GCA_900474045.1_N19_genomic_prodigal_proteins	2484	GCA_003210385.1_ASM321038v1_genomic_prodigal_proteins	286	193	69.97	13.59	67.48
GCA_900474045.1_N19_genomic_prodigal_proteins	2484	GCA_002170705.1_ASM217070v1_genomic_prodigal_proteins	1392	977	77.39	12.30	70.19
GCA_900474045.1_N19_genomic_prodigal_proteins	2484	GCA_002356215.1_ASM235621v1_genomic_prodigal_proteins	2953	1043	53.56	12.76	41.99
GCA_900474045.1_N19_genomic_prodigal_proteins	2484	GCA_003210935.1_ASM321093v1_genomic_prodigal_proteins	1868	1151	71.29	13.81	61.62
GCA_900474045.1_N19_genomic_prodigal_proteins	2484	GCA_003210535.1_ASM321053v1_genomic_prodigal_proteins	1257	740	75.68	12.95	58.87
GCA_900474045.1_N19_genomic_prodigal_proteins	2484	GCA_002724845.1_ASM272484v1_genomic_prodigal_proteins	1589	1410	96.43	4.37	88.74
GCA_900474045.1_N19_genomic_prodigal_proteins	2484	GCA_000153285.1_ASM15328v1_genomic_prodigal_proteins	2746	1784	71.62	13.75	71.82
GCA_900474045.1_N19_genomic_prodigal_proteins	2484	GCA_003211035.1_ASM321103v1_genomic_prodigal_proteins	530	336	75.81	13.14	63.40
GCA_900474045.1_N19_genomic_prodigal_proteins	2484	GCA_001521855.1_ASM152185v1_genomic_prodigal_proteins	3144	1051	53.57	12.74	42.31
GCA_900474045.1_N19_genomic_prodigal_proteins	2484	GCA_009835965.1_ASM983596v1_genomic_prodigal_proteins	2105	1178	61.35	12.73	55.96
GCA_900474045.1_N19_genomic_prodigal_proteins	2484	GCA_012269695.1_ASM1226969v1_genomic_prodigal_proteins	2043	1119	65.66	13.97	54.77
GCA_900474045.1_N19_genomic_prodigal_proteins	2484	GCA_000737535.1_ASM73753v1_genomic_prodigal_proteins	3013	1853	75.89	13.07	74.60
GCA_900474045.1_N19_genomic_prodigal_proteins	2484	GCA_000586015.1_SynSpo.0_genomic_prodigal_proteins	1907	922	62.20	13.14	48.35
GCA_900474045.1_N19_genomic_prodigal_proteins	2484	GCA_002760345.1_ASM276034v1_genomic_prodigal_proteins	2731	918	53.05	11.75	36.96
GCA_900474045.1_N19_genomic_prodigal_proteins	2484	GCA_000013225.1_ASM1322v1_genomic_prodigal_proteins	2844	921	53.05	11.87	37.08
GCA_900474045.1_N19_genomic_prodigal_proteins	2484	GCA_000332275.1_ASM33227v1_genomic_prodigal_proteins	4564	1012	52.14	12.09	40.74
GCA_900474045.1_N19_genomic_prodigal_proteins	2484	GCA_002252675.1_ASM225267v1_genomic_prodigal_proteins	3295	1542	67.04	13.44	62.08
GCA_900474045.1_N19_genomic_prodigal_proteins	2484	GCA_000737575.1_ASM73757v1_genomic_prodigal_proteins	2662	1889	77.82	12.62	76.05
GCA_900474045.1_N19_genomic_prodigal_proteins	2484	GCA_902596755.1_AG-916-D19_genomic_prodigal_proteins	1152	685	77.65	13.49	59.46
GCA_900474045.1_N19_genomic_prodigal_proteins	2484	GCA_003211455.1_ASM321145v1_genomic_prodigal_proteins	1186	775	92.31	10.23	65.35
GCA_900474045.1_N19_genomic_prodigal_proteins	2484	GCA_003208755.1_ASM320875v1_genomic_prodigal_proteins	690	449	76.51	13.30	65.07
GCA_900474045.1_N19_genomic_prodigal_proteins	2484	GCA_007571215.1_ASM757121v1_genomic_prodigal_proteins	1879	1157	60.95	12.87	61.58
GCA_900474045.1_N19_genomic_prodigal_proteins	2484	GCA_001007635.1_ASM100763v1_genomic_prodigal_proteins	2333	1067	61.56	12.67	45.74
GCA_900474045.1_N19_genomic_prodigal_proteins	2484	GCA_000179255.1_ASM17925v1_genomic_prodigal_proteins	2729	1628	67.51	13.89	65.54
GCA_900474045.1_N19_genomic_prodigal_proteins	2484	GCA_003208975.1_ASM320897v1_genomic_prodigal_proteins	1804	1011	76.51	13.70	56.04
GCA_900474045.1_N19_genomic_prodigal_proteins	2484	GCA_012103655.1_ASM1210365v1_genomic_prodigal_proteins	2723	1743	71.15	13.32	70.17
GCA_900474045.1_N19_genomic_prodigal_proteins	2484	GCA_902582045.1_AG-912-B07_genomic_prodigal_proteins	196	74	75.80	15.14	37.76
GCA_900474045.1_N19_genomic_prodigal_proteins	2484	GCA_000153045.1_ASM15304v1_genomic_prodigal_proteins	3242	1593	67.10	13.62	64.13
GCA_900474045.1_N19_genomic_prodigal_proteins	2484	GCA_902549675.1_AG-903-B09_genomic_prodigal_proteins	836	462	78.13	14.57	55.26
GCA_900474045.1_N19_genomic_prodigal_proteins	2484	GCA_002018045.1_ASM201804v1_genomic_prodigal_proteins	1559	905	62.39	12.57	58.05
GCA_900474045.1_N19_genomic_prodigal_proteins	2484	GCA_004213055.1_ASM421305v1_genomic_prodigal_proteins	2241	1533	71.94	13.56	68.41
GCA_900474045.1_N19_genomic_prodigal_proteins	2484	GCA_007571085.1_ASM757108v1_genomic_prodigal_proteins	1784	1131	60.93	12.95	63.40
GCA_900474045.1_N19_genomic_prodigal_proteins	2484	GCA_009839805.1_ASM983980v1_genomic_prodigal_proteins	1848	782	59.55	12.33	42.32
GCA_900474045.1_N19_genomic_prodigal_proteins	2484	GCA_003210375.1_ASM321037v1_genomic_prodigal_proteins	2155	1387	76.60	12.65	64.36
GCA_900474045.1_N19_genomic_prodigal_proteins	2484	GCA_004332415.1_ASM433241v1_genomic_prodigal_proteins	2408	1736	72.33	13.37	72.09
GCA_900474045.1_N19_genomic_prodigal_proteins	2484	GCA_009836025.1_ASM983602v1_genomic_prodigal_proteins	2290	1163	61.41	12.72	50.79
GCA_900474045.1_N19_genomic_prodigal_proteins	2484	GCA_009843455.1_ASM984345v1_genomic_prodigal_proteins	2423	1142	61.27	12.70	47.13
GCA_900474045.1_N19_genomic_prodigal_proteins	2484	GCA_009843485.1_ASM984348v1_genomic_prodigal_proteins	2158	1178	61.34	12.80	54.59
GCA_900474045.1_N19_genomic_prodigal_proteins	2484	GCA_003283135.1_ASM328313v1_genomic_prodigal_proteins	459	141	67.83	15.22	30.72
GCA_900474045.1_N19_genomic_prodigal_proteins	2484	GCA_902635485.1_AG-447-G23_genomic_prodigal_proteins	327	170	92.54	11.33	51.99
GCA_900474045.1_N19_genomic_prodigal_proteins	2484	GCA_002760415.1_ASM276041v1_genomic_prodigal_proteins	2670	904	53.02	11.79	36.39
GCA_900474045.1_N19_genomic_prodigal_proteins	2484	GCA_002754935.1_ASM275493v1_genomic_prodigal_proteins	2664	941	54.17	12.27	37.88
GCA_900474045.1_N19_genomic_prodigal_proteins	2484	GCA_002171685.2_ASM217168v2_genomic_prodigal_proteins	811	645	71.76	13.03	79.53
GCA_900474045.1_N19_genomic_prodigal_proteins	2484	GCA_000737595.1_ASM73759v1_genomic_prodigal_proteins	2774	1989	91.03	8.58	80.07
GCA_900474045.1_N19_genomic_prodigal_proteins	2484	GCA_003331785.1_ASM333178v1_genomic_prodigal_proteins	2125	1619	70.97	13.51	76.19
GCA_900474045.1_N19_genomic_prodigal_proteins	2484	GCA_009842265.1_ASM984226v1_genomic_prodigal_proteins	2398	1158	61.28	12.69	48.29
GCA_900474045.1_N19_genomic_prodigal_proteins	2484	GCA_902579345.1_AG-911-L15_genomic_prodigal_proteins	248	102	73.14	14.53	41.13
GCA_900474045.1_N19_genomic_prodigal_proteins	2484	GCA_000011345.1_ASM1134v1_genomic_prodigal_proteins	2520	987	54.23	12.26	39.73
GCA_900474045.1_N19_genomic_prodigal_proteins	2484	GCA_003210705.1_ASM321070v1_genomic_prodigal_proteins	2244	1296	70.68	13.87	57.75
GCA_900474045.1_N19_genomic_prodigal_proteins	2484	GCA_000019485.1_ASM1948v1_genomic_prodigal_proteins	3233	1049	53.56	12.81	42.23
GCA_900474045.1_N19_genomic_prodigal_proteins	2484	GCA_003283055.1_ASM328305v1_genomic_prodigal_proteins	482	83	71.44	16.03	17.22
GCA_900474045.1_N19_genomic_prodigal_proteins	2484	GCA_000010065.1_ASM1006v1_genomic_prodigal_proteins	2691	1169	55.87	13.00	47.06
GCA_900474045.1_N19_genomic_prodigal_proteins	2484	GCA_000316685.1_ASM31668v1_genomic_prodigal_proteins	3706	1021	53.46	12.56	41.10
GCA_900474045.1_N19_genomic_prodigal_proteins	2484	GCA_000063525.1_ASM6352v1_genomic_prodigal_proteins	2540	1613	66.40	14.19	64.94
GCA_900474045.1_N19_genomic_prodigal_proteins	2484	GCA_003283165.1_ASM328316v1_genomic_prodigal_proteins	217	74	74.96	14.44	34.10
GCA_900474045.1_N19_genomic_prodigal_proteins	2484	GCA_902540675.1_AG-359-E22_genomic_prodigal_proteins	584	304	77.67	14.55	52.05
GCA_900474045.1_N19_genomic_prodigal_proteins	2484	GCA_011055065.1_ASM1105506v1_genomic_prodigal_proteins	2792	874	53.06	11.88	35.19
GCA_900474045.1_N19_genomic_prodigal_proteins	2484	GCA_000013205.1_ASM1320v1_genomic_prodigal_proteins	2750	917	53.10	11.76	36.92
GCA_900474045.1_N19_genomic_prodigal_proteins	2484	GCA_003539795.1_ASM353979v1_genomic_prodigal_proteins	2284	1447	76.27	12.46	63.35
GCA_900474045.1_N19_genomic_prodigal_proteins	2484	GCA_002171995.1_ASM217199v1_genomic_prodigal_proteins	1978	1012	70.68	13.74	51.16
GCA_900474045.1_N19_genomic_prodigal_proteins	2484	GCA_011523835.1_ASM1152383v1_genomic_prodigal_proteins	2468	1513	72.09	13.96	61.30
GCA_900474045.1_N19_genomic_prodigal_proteins	2484	GCA_002172175.1_ASM217217v1_genomic_prodigal_proteins	1846	1035	65.01	13.78	56.07
GCA_900474045.1_N19_genomic_prodigal_proteins	2484	GCA_003208835.1_ASM320883v1_genomic_prodigal_proteins	2208	1356	77.42	12.70	61.41
GCA_900474045.1_N19_genomic_prodigal_proteins	2484	GCA_902589915.1_AG-914-F20_genomic_prodigal_proteins	373	152	78.77	14.76	40.75
GCA_900474045.1_N19_genomic_prodigal_proteins	2484	GCA_000485815.1_ASM48581v1_genomic_prodigal_proteins	3083	1022	53.63	12.75	41.14
GCA_900474045.1_N19_genomic_prodigal_proteins	2484	GCA_008807075.1_ASM880707v1_genomic_prodigal_proteins	2925	1559	66.72	13.23	62.76
GCA_900474045.1_N19_genomic_prodigal_proteins	2484	GCA_000179235.2_ASM17923v2_genomic_prodigal_proteins	3071	1620	67.78	13.69	65.22
GCA_900474045.1_N19_genomic_prodigal_proteins	2484	GCA_003210795.1_ASM321079v1_genomic_prodigal_proteins	2239	1428	76.87	13.44	63.78
GCA_900474045.1_N19_genomic_prodigal_proteins	2484	GCA_002706715.1_ASM270671v1_genomic_prodigal_proteins	1148	897	77.39	13.15	78.14
GCA_900474045.1_N19_genomic_prodigal_proteins	2484	GCA_003331245.1_ASM333124v1_genomic_prodigal_proteins	2021	1563	77.07	12.55	77.34
GCA_900474045.1_N19_genomic_prodigal_proteins	2484	GCA_009843385.1_ASM984338v1_genomic_prodigal_proteins	2085	974	61.60	12.83	46.71
GCA_900474045.1_N19_genomic_prodigal_proteins	2484	GCA_003211205.1_ASM321120v1_genomic_prodigal_proteins	2288	1404	70.75	13.84	61.36
GCA_900474045.1_N19_genomic_prodigal_proteins	2484	GCA_000063505.1_ASM6350v1_genomic_prodigal_proteins	2558	1758	71.91	13.88	70.77
GCA_900474045.1_N19_genomic_prodigal_proteins	2484	GCA_900474245.1_UW179B_genomic_prodigal_proteins	2743	1777	70.99	13.49	71.54
GCA_900474045.1_N19_genomic_prodigal_proteins	2484	GCA_003210345.1_ASM321034v1_genomic_prodigal_proteins	1256	800	76.10	12.72	63.69
GCA_900474045.1_N19_genomic_prodigal_proteins	2484	GCA_003210315.1_ASM321031v1_genomic_prodigal_proteins	1815	1057	69.92	13.79	58.24
GCA_900474045.1_N19_genomic_prodigal_proteins	2484	GCA_009836155.1_ASM983615v1_genomic_prodigal_proteins	1947	1104	61.48	12.72	56.70
GCA_900474045.1_N19_genomic_prodigal_proteins	2484	GCA_003990665.2_ASM399066v2_genomic_prodigal_proteins	2499	989	54.21	12.28	39.81
GCA_900474045.1_N19_genomic_prodigal_proteins	2484	GCA_003209135.1_ASM320913v1_genomic_prodigal_proteins	1719	986	75.09	13.40	57.36
GCA_900474045.1_N19_genomic_prodigal_proteins	2484	GCA_009845105.1_ASM984510v1_genomic_prodigal_proteins	1941	922	61.07	12.73	47.50
GCA_900474045.1_N19_genomic_prodigal_proteins	2484	GCA_002690325.1_ASM269032v1_genomic_prodigal_proteins	2554	1738	74.90	13.65	69.97
GCA_900474045.1_N19_genomic_prodigal_proteins	2484	GCA_000161795.2_ASM16179v2_genomic_prodigal_proteins	2407	2081	95.10	5.80	86.46
GCA_900474045.1_N19_genomic_prodigal_proteins	2484	GCA_004211895.1_ASM421189v1_genomic_prodigal_proteins	954	800	94.64	5.65	83.86
GCA_900474045.1_N19_genomic_prodigal_proteins	2484	GCA_003210735.1_ASM321073v1_genomic_prodigal_proteins	2337	1426	76.77	13.29	61.02
GCA_900474045.1_N19_genomic_prodigal_proteins	2484	GCA_003209035.1_ASM320903v1_genomic_prodigal_proteins	1803	1040	76.70	13.24	57.68
GCA_900474045.1_N19_genomic_prodigal_proteins	2484	GCA_003712085.1_ASM371208v1_genomic_prodigal_proteins	2745	1896	78.49	13.22	76.33
GCA_900474045.1_N19_genomic_prodigal_proteins	2484	GCA_003212155.1_ASM321215v1_genomic_prodigal_proteins	262	101	65.57	16.83	38.55
GCA_900474045.1_N19_genomic_prodigal_proteins	2484	GCA_001040845.1_ASM104084v1_genomic_prodigal_proteins	2917	1761	70.79	13.54	70.89
GCA_900474045.1_N19_genomic_prodigal_proteins	2484	GCA_002018015.1_ASM201801v1_genomic_prodigal_proteins	1578	888	62.18	12.65	56.27
GCA_900474045.1_N19_genomic_prodigal_proteins	2484	GCA_003211255.1_ASM321125v1_genomic_prodigal_proteins	1850	1057	76.63	13.45	57.14
GCA_900474045.1_N19_genomic_prodigal_proteins	2484	GCA_002721235.1_ASM272123v1_genomic_prodigal_proteins	3119	1048	53.59	12.77	42.19
GCA_900474045.1_N19_genomic_prodigal_proteins	2484	GCA_009839305.1_ASM983930v1_genomic_prodigal_proteins	1816	880	61.69	13.21	48.46
GCA_900474045.1_N19_genomic_prodigal_proteins	2484	GCA_011365345.1_ASM1136534v1_genomic_prodigal_proteins	2655	2061	89.63	9.04	82.97
GCA_900474045.1_N19_genomic_prodigal_proteins	2484	GCA_001039265.1_ASM103926v1_genomic_prodigal_proteins	2832	1095	68.43	13.69	44.08
GCA_900474045.1_N19_genomic_prodigal_proteins	2484	GCA_001628325.1_ASM162832v1_genomic_prodigal_proteins	2129	1903	98.25	2.89	89.38
GCA_900474045.1_N19_genomic_prodigal_proteins	2484	GCA_003209215.1_ASM320921v1_genomic_prodigal_proteins	1679	1078	93.76	8.46	64.20
GCA_900474045.1_N19_genomic_prodigal_proteins	2484	GCA_002737305.1_ASM273730v1_genomic_prodigal_proteins	1951	1198	67.51	13.67	61.40
GCA_900474045.1_N19_genomic_prodigal_proteins	2484	GCA_003210515.1_ASM321051v1_genomic_prodigal_proteins	1673	1118	76.51	13.04	66.83
GCA_900474045.1_N19_genomic_prodigal_proteins	2484	GCA_011525445.1_ASM1152544v1_genomic_prodigal_proteins	3208	1451	70.50	13.57	58.41
GCA_900474045.1_N19_genomic_prodigal_proteins	2484	GCA_902599435.1_AG-916-N22_genomic_prodigal_proteins	793	470	79.34	13.81	59.27
GCA_900474045.1_N19_genomic_prodigal_proteins	2484	GCA_003149585.1_ASM314958v1_genomic_prodigal_proteins	2600	1633	67.56	13.88	65.74
GCA_900474045.1_N19_genomic_prodigal_proteins	2484	GCA_902560665.1_AG-905-O11_genomic_prodigal_proteins	401	206	79.15	13.58	51.37
GCA_900474045.1_N19_genomic_prodigal_proteins	2484	GCA_003331795.1_ASM333179v1_genomic_prodigal_proteins	1948	1300	66.24	14.30	66.74
GCA_900474045.1_N19_genomic_prodigal_proteins	2484	GCA_002017955.1_ASM201795v1_genomic_prodigal_proteins	512	253	61.73	12.49	49.41
GCA_900474045.1_N19_genomic_prodigal_proteins	2484	GCA_902584485.1_AG-912-O23_genomic_prodigal_proteins	535	249	77.58	14.38	46.54
GCA_900474045.1_N19_genomic_prodigal_proteins	2484	GCA_902527915.1_AG-896-G19_genomic_prodigal_proteins	1003	625	78.04	13.58	62.31
GCA_900474045.1_N19_genomic_prodigal_proteins	2484	GCA_902635365.1_AG-447-D19_genomic_prodigal_proteins	1690	937	76.80	13.80	55.44
GCA_900474045.1_N19_genomic_prodigal_proteins	2484	GCA_900474085.1_UW86_genomic_prodigal_proteins	2403	2140	96.80	6.16	89.06
GCA_900474045.1_N19_genomic_prodigal_proteins	2484	GCA_001885215.1_ASM188521v1_genomic_prodigal_proteins	2897	1557	66.31	13.18	62.68
GCA_900474045.1_N19_genomic_prodigal_proteins	2484	GCA_902575935.1_AG-426-B22_genomic_prodigal_proteins	254	185	97.00	6.08	72.83
GCA_900474045.1_N19_genomic_prodigal_proteins	2484	GCA_900474295.1_UW140_genomic_prodigal_proteins	2925	1767	71.58	13.65	71.14
GCA_900474045.1_N19_genomic_prodigal_proteins	2484	GCA_003211565.1_ASM321156v1_genomic_prodigal_proteins	1489	1000	93.78	8.51	67.16
GCA_900474045.1_N19_genomic_prodigal_proteins	2484	GCA_003526105.1_ASM352610v1_genomic_prodigal_proteins	1581	1121	97.99	4.81	70.90
GCA_900474045.1_N19_genomic_prodigal_proteins	2484	GCA_002172935.1_ASM217293v1_genomic_prodigal_proteins	1996	1344	70.84	13.59	67.33
GCA_900474045.1_N19_genomic_prodigal_proteins	2484	GCA_003210335.1_ASM321033v1_genomic_prodigal_proteins	942	351	67.66	14.76	37.26
GCA_900474045.1_N19_genomic_prodigal_proteins	2484	GCA_009846115.1_ASM984611v1_genomic_prodigal_proteins	2048	1049	61.15	12.82	51.22
GCA_900474045.1_N19_genomic_prodigal_proteins	2484	GCA_001693295.1_ASM169329v1_genomic_prodigal_proteins	3183	1046	53.58	12.78	42.11
GCA_900474045.1_N19_genomic_prodigal_proteins	2484	GCA_900473965.1_UW179A_genomic_prodigal_proteins	3383	1789	71.02	13.76	72.02
GCA_900474045.1_N19_genomic_prodigal_proteins	2484	GCA_003213755.1_ASM321375v1_genomic_prodigal_proteins	1050	561	66.12	14.41	53.43
GCA_900474045.1_N19_genomic_prodigal_proteins	2484	GCA_003209155.1_ASM320915v1_genomic_prodigal_proteins	2305	1348	71.04	13.75	58.48
GCA_900474045.1_N19_genomic_prodigal_proteins	2484	GCA_003211515.1_ASM321151v1_genomic_prodigal_proteins	2451	1216	75.04	13.52	49.61
GCA_900474045.1_N19_genomic_prodigal_proteins	2484	GCA_002693285.1_ASM269328v1_genomic_prodigal_proteins	2440	1555	71.31	13.73	63.73
GCA_900474045.1_N19_genomic_prodigal_proteins	2484	GCA_003210555.1_ASM321055v1_genomic_prodigal_proteins	1847	1004	69.91	13.44	54.36
GCA_900474045.1_N19_genomic_prodigal_proteins	2484	GCA_000155595.1_ASM15559v1_genomic_prodigal_proteins	5270	1097	53.02	12.55	44.16
GCA_900474045.1_N19_genomic_prodigal_proteins	2484	GCA_001007665.1_ASM100766v1_genomic_prodigal_proteins	2356	1192	61.06	12.78	50.59
GCA_900474045.1_N19_genomic_prodigal_proteins	2484	GCA_009919765.1_ASM991976v1_genomic_prodigal_proteins	2524	1114	66.49	14.55	44.85
GCA_900474045.1_N19_genomic_prodigal_proteins	2484	GCA_003331225.1_ASM333122v1_genomic_prodigal_proteins	2113	1400	66.30	13.81	66.26
GCA_900474045.1_N19_genomic_prodigal_proteins	2484	GCA_900177825.1_IMG-taxon_2708742468_annotated_assembly_genomic_prodigal_proteins	3317	1041	53.52	12.82	41.91
GCA_900474045.1_N19_genomic_prodigal_proteins	2484	GCA_000195975.1_ASM19597v1_genomic_prodigal_proteins	2719	1890	78.55	13.07	76.09
GCA_900474045.1_N19_genomic_prodigal_proteins	2484	GCA_902618885.1_AG-920-D15_genomic_prodigal_proteins	1178	745	78.49	13.55	63.24
GCA_900474045.1_N19_genomic_prodigal_proteins	2484	GCA_003209165.1_ASM320916v1_genomic_prodigal_proteins	2711	1748	90.72	8.41	70.37
GCA_900474045.1_N19_genomic_prodigal_proteins	2484	GCA_001007625.1_ASM100762v1_genomic_prodigal_proteins	2478	1045	61.58	12.89	42.17
GCA_900474045.1_N19_genomic_prodigal_proteins	2484	GCA_008386235.1_ASM838623v1_genomic_prodigal_proteins	2571	992	54.12	12.30	39.94
GCA_900474045.1_N19_genomic_prodigal_proteins	2484	GCA_001631935.1_ASM163193v1_genomic_prodigal_proteins	3526	1776	71.07	13.85	71.50
GCA_900474045.1_N19_genomic_prodigal_proteins	2484	GCA_002151525.1_ASM215152v1_genomic_prodigal_proteins	1628	1070	64.38	13.85	65.72
GCA_900474045.1_N19_genomic_prodigal_proteins	2484	GCA_000153065.1_ASM15306v1_genomic_prodigal_proteins	2704	1668	72.44	13.19	67.15
GCA_900474045.1_N19_genomic_prodigal_proteins	2484	GCA_009837265.1_ASM983726v1_genomic_prodigal_proteins	2126	1105	61.32	12.76	51.98
GCA_900474045.1_N19_genomic_prodigal_proteins	2484	GCA_902533725.1_AG-898-C20_genomic_prodigal_proteins	421	222	93.10	8.78	52.73
GCA_900474045.1_N19_genomic_prodigal_proteins	2484	GCA_002171075.2_ASM217107v2_genomic_prodigal_proteins	1919	1190	64.51	13.48	62.01
GCA_900474045.1_N19_genomic_prodigal_proteins	2484	GCA_002760395.1_ASM276039v1_genomic_prodigal_proteins	2661	894	53.11	11.76	35.99
GCA_900474045.1_N19_genomic_prodigal_proteins	2484	GCA_003209005.1_ASM320900v1_genomic_prodigal_proteins	2548	1499	70.77	13.81	60.35
GCA_900474045.1_N19_genomic_prodigal_proteins	2484	GCA_002017915.1_ASM201791v1_genomic_prodigal_proteins	623	329	63.93	13.12	52.81
GCA_900474045.1_N19_genomic_prodigal_proteins	2484	GCA_900047545.1_m9_genomic_prodigal_proteins	1575	921	61.15	12.77	58.48
GCA_900474045.1_N19_genomic_prodigal_proteins	2484	GCA_001632105.1_ASM163210v1_genomic_prodigal_proteins	3521	1784	71.06	13.85	71.82
GCA_900474045.1_N19_genomic_prodigal_proteins	2484	GCA_004212765.1_ASM421276v1_genomic_prodigal_proteins	1162	896	78.14	13.03	77.11
GCA_900474045.1_N19_genomic_prodigal_proteins	2484	GCA_002685515.1_ASM268551v1_genomic_prodigal_proteins	1286	908	70.04	13.70	70.61
GCA_900474045.1_N19_genomic_prodigal_proteins	2484	GCA_007828135.1_ASM782813v1_genomic_prodigal_proteins	2917	1556	66.32	13.18	62.64
GCA_900474045.1_N19_genomic_prodigal_proteins	2484	GCA_011047875.1_ASM1104787v1_genomic_prodigal_proteins	2810	901	53.14	11.85	36.27
GCA_900474045.1_N19_genomic_prodigal_proteins	2484	GCA_009840445.1_ASM984044v1_genomic_prodigal_proteins	2167	1204	61.30	12.81	55.56
GCA_900474045.1_N19_genomic_prodigal_proteins	2484	GCA_003210995.1_ASM321099v1_genomic_prodigal_proteins	2385	1300	71.01	14.00	54.51
GCA_900474045.1_N19_genomic_prodigal_proteins	2484	GCA_902616995.1_AG-919-L20_genomic_prodigal_proteins	654	370	78.22	12.96	56.57
GCA_900474045.1_N19_genomic_prodigal_proteins	2484	GCA_009845825.1_ASM984582v1_genomic_prodigal_proteins	2168	1021	61.56	12.66	47.09
GCA_900474045.1_N19_genomic_prodigal_proteins	2484	GCA_000515235.1_ASM51523v1_genomic_prodigal_proteins	2873	1831	76.15	12.95	73.71
GCA_900474045.1_N19_genomic_prodigal_proteins	2484	GCA_003523965.1_ASM352396v1_genomic_prodigal_proteins	1735	775	62.40	13.02	44.67
GCA_900474045.1_N19_genomic_prodigal_proteins	2484	GCA_002684175.1_ASM268417v1_genomic_prodigal_proteins	1819	1116	76.01	11.83	61.35
GCA_900474045.1_N19_genomic_prodigal_proteins	2484	GCA_011523295.1_ASM1152329v1_genomic_prodigal_proteins	2851	1465	77.00	13.27	58.98
GCA_900474045.1_N19_genomic_prodigal_proteins	2484	GCA_003211015.1_ASM321101v1_genomic_prodigal_proteins	2128	1287	71.15	13.56	60.48
GCA_900474045.1_N19_genomic_prodigal_proteins	2484	GCA_002006815.1_ASM200681v1_genomic_prodigal_proteins	1973	1329	64.55	13.78	67.36
GCA_900473935.1_UW105_genomic_prodigal_proteins	2923	GCA_002168155.1_ASM216815v1_genomic_prodigal_proteins	2361	1559	64.58	13.86	66.03
GCA_900473935.1_UW105_genomic_prodigal_proteins	2923	GCA_009846095.1_ASM984609v1_genomic_prodigal_proteins	2331	1052	60.79	12.51	45.13
GCA_900473935.1_UW105_genomic_prodigal_proteins	2923	GCA_009498715.1_ASM949871v1_genomic_prodigal_proteins	2867	1147	55.26	13.23	40.01
GCA_900473935.1_UW105_genomic_prodigal_proteins	2923	GCA_002252635.1_ASM225263v1_genomic_prodigal_proteins	3011	1639	66.19	13.91	56.07
GCA_900473935.1_UW105_genomic_prodigal_proteins	2923	GCA_009838425.1_ASM983842v1_genomic_prodigal_proteins	1544	743	61.30	12.75	48.12
GCA_900473935.1_UW105_genomic_prodigal_proteins	2923	GCA_900473895.1_N32_genomic_prodigal_proteins	2509	1843	71.29	13.97	73.46
GCA_900473935.1_UW105_genomic_prodigal_proteins	2923	GCA_003210495.1_ASM321049v1_genomic_prodigal_proteins	1134	709	71.69	13.48	62.52
GCA_900473935.1_UW105_genomic_prodigal_proteins	2923	GCA_003011125.1_ASM301112v1_genomic_prodigal_proteins	3076	1480	63.38	13.85	50.63
GCA_900473935.1_UW105_genomic_prodigal_proteins	2923	GCA_900177365.1_IMG-taxon_2708742537_annotated_assembly_genomic_prodigal_proteins	3310	1053	53.38	12.98	36.02
GCA_900473935.1_UW105_genomic_prodigal_proteins	2923	GCA_002760445.1_ASM276044v1_genomic_prodigal_proteins	2661	914	52.74	11.89	34.35
GCA_900473935.1_UW105_genomic_prodigal_proteins	2923	GCA_900474185.1_UW69_genomic_prodigal_proteins	2629	1911	70.70	14.25	72.69
GCA_900473935.1_UW105_genomic_prodigal_proteins	2923	GCA_003210775.1_ASM321077v1_genomic_prodigal_proteins	2665	1519	71.73	14.02	57.00
GCA_900473935.1_UW105_genomic_prodigal_proteins	2923	GCA_002700765.1_ASM270076v1_genomic_prodigal_proteins	2134	1405	70.19	13.64	65.84
GCA_900473935.1_UW105_genomic_prodigal_proteins	2923	GCA_902599585.1_AG-916-O11_genomic_prodigal_proteins	1470	917	71.94	13.85	62.38
GCA_900473935.1_UW105_genomic_prodigal_proteins	2923	GCA_900474045.1_N19_genomic_prodigal_proteins	2484	1775	71.44	13.74	71.46
GCA_900473935.1_UW105_genomic_prodigal_proteins	2923	GCA_003210815.1_ASM321081v1_genomic_prodigal_proteins	2087	1310	71.73	14.10	62.77
GCA_900473935.1_UW105_genomic_prodigal_proteins	2923	GCA_900473955.1_GEYO_genomic_prodigal_proteins	2674	1938	73.00	13.41	72.48
GCA_900473935.1_UW105_genomic_prodigal_proteins	2923	GCA_002167425.2_ASM216742v2_genomic_prodigal_proteins	2822	1585	69.60	13.73	56.17
GCA_900473935.1_UW105_genomic_prodigal_proteins	2923	GCA_009844645.1_ASM984464v1_genomic_prodigal_proteins	1983	1094	61.34	12.77	55.17
GCA_900473935.1_UW105_genomic_prodigal_proteins	2923	GCA_008081095.1_ASM808109v1_genomic_prodigal_proteins	1533	963	71.75	13.37	62.82
GCA_900473935.1_UW105_genomic_prodigal_proteins	2923	GCA_000014585.1_ASM1458v1_genomic_prodigal_proteins	2879	1965	72.52	13.50	68.25
GCA_900473935.1_UW105_genomic_prodigal_proteins	2923	GCA_000317085.1_ASM31708v1_genomic_prodigal_proteins	3673	957	52.03	12.42	32.74
GCA_900473935.1_UW105_genomic_prodigal_proteins	2923	GCA_013133755.1_ASM1313375v1_genomic_prodigal_proteins	2700	1955	72.77	13.44	72.41
GCA_900473935.1_UW105_genomic_prodigal_proteins	2923	GCA_003210475.1_ASM321047v1_genomic_prodigal_proteins	1514	974	71.84	13.94	64.33
GCA_900473935.1_UW105_genomic_prodigal_proteins	2923	GCA_003208815.1_ASM320881v1_genomic_prodigal_proteins	1352	734	69.36	14.27	54.29
GCA_900473935.1_UW105_genomic_prodigal_proteins	2923	GCA_000012505.1_ASM1250v1_genomic_prodigal_proteins	2461	1839	70.43	13.73	74.73
GCA_900473935.1_UW105_genomic_prodigal_proteins	2923	GCA_000153825.1_ASM15382v1_genomic_prodigal_proteins	2811	2193	80.25	12.20	78.01
GCA_900473935.1_UW105_genomic_prodigal_proteins	2923	GCA_002760475.1_ASM276047v1_genomic_prodigal_proteins	2647	909	52.80	11.86	34.34
GCA_900473935.1_UW105_genomic_prodigal_proteins	2923	GCA_003210565.1_ASM321056v1_genomic_prodigal_proteins	836	503	72.28	14.47	60.17
GCA_900473935.1_UW105_genomic_prodigal_proteins	2923	GCA_902618505.1_AG-892-K03_genomic_prodigal_proteins	959	436	71.07	15.17	45.46
GCA_900473935.1_UW105_genomic_prodigal_proteins	2923	GCA_005577135.1_ASM557713v1_genomic_prodigal_proteins	3356	1071	53.39	12.86	36.64
GCA_900473935.1_UW105_genomic_prodigal_proteins	2923	GCA_003846445.1_ASM384644v1_genomic_prodigal_proteins	2740	1185	55.38	13.18	43.25
GCA_900473935.1_UW105_genomic_prodigal_proteins	2923	GCA_000505665.1_ASM50566v1_genomic_prodigal_proteins	2466	993	53.77	12.43	40.27
GCA_900473935.1_UW105_genomic_prodigal_proteins	2923	GCA_902616255.1_AG-919-I18_genomic_prodigal_proteins	1046	609	69.60	14.18	58.22
GCA_900473935.1_UW105_genomic_prodigal_proteins	2923	GCA_001182765.1_WH8103.1_genomic_prodigal_proteins	2676	1834	71.48	13.72	68.54
GCA_900473935.1_UW105_genomic_prodigal_proteins	2923	GCA_002760375.1_ASM276037v1_genomic_prodigal_proteins	2702	916	52.73	11.88	33.90
GCA_900473935.1_UW105_genomic_prodigal_proteins	2923	GCA_902592305.1_AG-914-O22_genomic_prodigal_proteins	179	107	69.47	15.58	59.78
GCA_900473935.1_UW105_genomic_prodigal_proteins	2923	GCA_001632165.1_ASM163216v1_genomic_prodigal_proteins	2830	1966	72.68	13.47	69.47
GCA_900473935.1_UW105_genomic_prodigal_proteins	2923	GCA_004332405.1_ASM433240v1_genomic_prodigal_proteins	2437	1913	75.55	13.23	78.50
GCA_900473935.1_UW105_genomic_prodigal_proteins	2923	GCA_900473975.1_N26_genomic_prodigal_proteins	2454	1777	71.64	13.83	72.41
GCA_900473935.1_UW105_genomic_prodigal_proteins	2923	GCA_902612475.1_AG-918-G20_genomic_prodigal_proteins	502	238	69.91	14.45	47.41
GCA_900473935.1_UW105_genomic_prodigal_proteins	2923	GCA_000775285.1_ASM77528v1_genomic_prodigal_proteins	4812	954	53.78	13.00	32.64
GCA_900473935.1_UW105_genomic_prodigal_proteins	2923	GCA_002698505.1_ASM269850v1_genomic_prodigal_proteins	2471	2209	98.25	3.07	89.40
GCA_900473935.1_UW105_genomic_prodigal_proteins	2923	GCA_002252665.1_ASM225266v1_genomic_prodigal_proteins	2771	1657	67.11	13.96	59.80
GCA_900473935.1_UW105_genomic_prodigal_proteins	2923	GCA_003555505.1_ASM355550v1_genomic_prodigal_proteins	3351	736	54.19	12.91	25.18
GCA_900473935.1_UW105_genomic_prodigal_proteins	2923	GCA_900474015.1_UW106_genomic_prodigal_proteins	2762	1899	70.71	14.12	68.75
GCA_900473935.1_UW105_genomic_prodigal_proteins	2923	GCA_000715475.1_ASM71547v1_genomic_prodigal_proteins	3299	1046	53.58	12.84	35.79
GCA_900473935.1_UW105_genomic_prodigal_proteins	2923	GCA_001628295.1_ASM162829v1_genomic_prodigal_proteins	2145	1633	71.84	13.56	76.13
GCA_900473935.1_UW105_genomic_prodigal_proteins	2923	GCA_003208775.1_ASM320877v1_genomic_prodigal_proteins	1808	1216	72.12	13.66	67.26
GCA_900473935.1_UW105_genomic_prodigal_proteins	2923	GCA_003210975.1_ASM321097v1_genomic_prodigal_proteins	627	428	70.52	14.61	68.26
GCA_900473935.1_UW105_genomic_prodigal_proteins	2923	GCA_003208915.1_ASM320891v1_genomic_prodigal_proteins	1208	659	69.74	14.01	54.55
GCA_900473935.1_UW105_genomic_prodigal_proteins	2923	GCA_009837735.1_ASM983773v1_genomic_prodigal_proteins	2041	937	61.24	12.83	45.91
GCA_900473935.1_UW105_genomic_prodigal_proteins	2923	GCA_902548805.1_AG-901-N20_genomic_prodigal_proteins	158	71	69.55	15.22	44.94
GCA_900473935.1_UW105_genomic_prodigal_proteins	2923	GCA_003211235.1_ASM321123v1_genomic_prodigal_proteins	1698	956	70.49	13.58	56.30
GCA_900473935.1_UW105_genomic_prodigal_proteins	2923	GCA_004209775.1_ASM420977v1_genomic_prodigal_proteins	2798	1914	75.26	13.10	68.41
GCA_900473935.1_UW105_genomic_prodigal_proteins	2923	GCA_003283215.1_ASM328321v1_genomic_prodigal_proteins	239	79	69.37	18.14	33.05
GCA_900473935.1_UW105_genomic_prodigal_proteins	2923	GCA_003209555.1_ASM320955v1_genomic_prodigal_proteins	908	454	65.41	15.31	50.00
GCA_900473935.1_UW105_genomic_prodigal_proteins	2923	GCA_000153805.1_ASM15380v1_genomic_prodigal_proteins	2517	1859	70.30	13.82	73.86
GCA_900473935.1_UW105_genomic_prodigal_proteins	2923	GCA_003283205.1_ASM328320v1_genomic_prodigal_proteins	274	104	70.50	15.54	37.96
GCA_900473935.1_UW105_genomic_prodigal_proteins	2923	GCA_900473925.1_N5_genomic_prodigal_proteins	2417	1780	71.63	13.83	73.65
GCA_900473935.1_UW105_genomic_prodigal_proteins	2923	GCA_902592665.1_AG-447-E14_genomic_prodigal_proteins	1111	561	69.08	14.55	50.50
GCA_900473935.1_UW105_genomic_prodigal_proteins	2923	GCA_011523155.1_ASM1152315v1_genomic_prodigal_proteins	2101	1389	77.48	11.91	66.11
GCA_900473935.1_UW105_genomic_prodigal_proteins	2923	GCA_003211275.1_ASM321127v1_genomic_prodigal_proteins	2168	1381	71.63	13.82	63.70
GCA_900473935.1_UW105_genomic_prodigal_proteins	2923	GCA_003957805.1_ASM395780v1_genomic_prodigal_proteins	2887	1204	55.53	13.07	41.70
GCA_900473935.1_UW105_genomic_prodigal_proteins	2923	GCA_012270465.1_ASM1227046v1_genomic_prodigal_proteins	2311	1373	64.83	13.91	59.41
GCA_900473935.1_UW105_genomic_prodigal_proteins	2923	GCA_001693255.1_ASM169325v1_genomic_prodigal_proteins	3177	1065	53.46	12.88	36.44
GCA_900473935.1_UW105_genomic_prodigal_proteins	2923	GCA_003210385.1_ASM321038v1_genomic_prodigal_proteins	286	223	72.46	13.35	77.97
GCA_900473935.1_UW105_genomic_prodigal_proteins	2923	GCA_002170705.1_ASM217070v1_genomic_prodigal_proteins	1392	985	71.16	13.60	70.76
GCA_900473935.1_UW105_genomic_prodigal_proteins	2923	GCA_002356215.1_ASM235621v1_genomic_prodigal_proteins	2953	1071	53.30	12.91	36.64
GCA_900473935.1_UW105_genomic_prodigal_proteins	2923	GCA_003210935.1_ASM321093v1_genomic_prodigal_proteins	1868	1310	73.10	13.55	70.13
GCA_900473935.1_UW105_genomic_prodigal_proteins	2923	GCA_003210535.1_ASM321053v1_genomic_prodigal_proteins	1257	722	69.17	13.60	57.44
GCA_900473935.1_UW105_genomic_prodigal_proteins	2923	GCA_002724845.1_ASM272484v1_genomic_prodigal_proteins	1589	1238	71.13	13.34	77.91
GCA_900473935.1_UW105_genomic_prodigal_proteins	2923	GCA_000153285.1_ASM15328v1_genomic_prodigal_proteins	2746	1934	72.92	13.38	70.43
GCA_900473935.1_UW105_genomic_prodigal_proteins	2923	GCA_003211035.1_ASM321103v1_genomic_prodigal_proteins	530	329	69.33	13.57	62.08
GCA_900473935.1_UW105_genomic_prodigal_proteins	2923	GCA_001521855.1_ASM152185v1_genomic_prodigal_proteins	3144	1065	53.51	12.80	36.44
GCA_900473935.1_UW105_genomic_prodigal_proteins	2923	GCA_009835965.1_ASM983596v1_genomic_prodigal_proteins	2105	1172	61.42	12.75	55.68
GCA_900473935.1_UW105_genomic_prodigal_proteins	2923	GCA_012269695.1_ASM1226969v1_genomic_prodigal_proteins	2043	1172	65.28	14.11	57.37
GCA_900473935.1_UW105_genomic_prodigal_proteins	2923	GCA_000737535.1_ASM73753v1_genomic_prodigal_proteins	3013	1879	70.16	14.00	64.28
GCA_900473935.1_UW105_genomic_prodigal_proteins	2923	GCA_000586015.1_SynSpo.0_genomic_prodigal_proteins	1907	916	61.95	13.22	48.03
GCA_900473935.1_UW105_genomic_prodigal_proteins	2923	GCA_002760345.1_ASM276034v1_genomic_prodigal_proteins	2731	930	52.73	11.85	34.05
GCA_900473935.1_UW105_genomic_prodigal_proteins	2923	GCA_000013225.1_ASM1322v1_genomic_prodigal_proteins	2844	937	52.59	11.98	32.95
GCA_900473935.1_UW105_genomic_prodigal_proteins	2923	GCA_000332275.1_ASM33227v1_genomic_prodigal_proteins	4564	1046	51.67	12.19	35.79
GCA_900473935.1_UW105_genomic_prodigal_proteins	2923	GCA_002252675.1_ASM225267v1_genomic_prodigal_proteins	3295	1627	66.52	13.94	55.66
GCA_900473935.1_UW105_genomic_prodigal_proteins	2923	GCA_000737575.1_ASM73757v1_genomic_prodigal_proteins	2662	1888	71.05	13.90	70.92
GCA_900473935.1_UW105_genomic_prodigal_proteins	2923	GCA_902596755.1_AG-916-D19_genomic_prodigal_proteins	1152	669	70.61	14.10	58.07
GCA_900473935.1_UW105_genomic_prodigal_proteins	2923	GCA_003211455.1_ASM321145v1_genomic_prodigal_proteins	1186	662	69.85	14.52	55.82
GCA_900473935.1_UW105_genomic_prodigal_proteins	2923	GCA_003208755.1_ASM320875v1_genomic_prodigal_proteins	690	430	70.91	13.49	62.32
GCA_900473935.1_UW105_genomic_prodigal_proteins	2923	GCA_007571215.1_ASM757121v1_genomic_prodigal_proteins	1879	1156	60.87	12.94	61.52
GCA_900473935.1_UW105_genomic_prodigal_proteins	2923	GCA_001007635.1_ASM100763v1_genomic_prodigal_proteins	2333	1080	61.32	12.75	46.29
GCA_900473935.1_UW105_genomic_prodigal_proteins	2923	GCA_000179255.1_ASM17925v1_genomic_prodigal_proteins	2729	1722	66.95	14.12	63.10
GCA_900473935.1_UW105_genomic_prodigal_proteins	2923	GCA_003208975.1_ASM320897v1_genomic_prodigal_proteins	1804	978	70.14	13.93	54.21
GCA_900473935.1_UW105_genomic_prodigal_proteins	2923	GCA_012103655.1_ASM1210365v1_genomic_prodigal_proteins	2723	1944	72.79	13.32	71.39
GCA_900473935.1_UW105_genomic_prodigal_proteins	2923	GCA_902582045.1_AG-912-B07_genomic_prodigal_proteins	196	83	68.23	15.94	42.35
GCA_900473935.1_UW105_genomic_prodigal_proteins	2923	GCA_000153045.1_ASM15304v1_genomic_prodigal_proteins	3242	1685	66.46	13.74	57.65
GCA_900473935.1_UW105_genomic_prodigal_proteins	2923	GCA_902549675.1_AG-903-B09_genomic_prodigal_proteins	836	449	71.57	14.45	53.71
GCA_900473935.1_UW105_genomic_prodigal_proteins	2923	GCA_002018045.1_ASM201804v1_genomic_prodigal_proteins	1559	921	61.99	12.79	59.08
GCA_900473935.1_UW105_genomic_prodigal_proteins	2923	GCA_004213055.1_ASM421305v1_genomic_prodigal_proteins	2241	2057	99.07	2.84	91.79
GCA_900473935.1_UW105_genomic_prodigal_proteins	2923	GCA_007571085.1_ASM757108v1_genomic_prodigal_proteins	1784	1131	60.86	12.96	63.40
GCA_900473935.1_UW105_genomic_prodigal_proteins	2923	GCA_009839805.1_ASM983980v1_genomic_prodigal_proteins	1848	768	59.76	12.27	41.56
GCA_900473935.1_UW105_genomic_prodigal_proteins	2923	GCA_003210375.1_ASM321037v1_genomic_prodigal_proteins	2155	1350	69.90	13.84	62.65
GCA_900473935.1_UW105_genomic_prodigal_proteins	2923	GCA_004332415.1_ASM433241v1_genomic_prodigal_proteins	2408	1895	75.70	13.03	78.70
GCA_900473935.1_UW105_genomic_prodigal_proteins	2923	GCA_009836025.1_ASM983602v1_genomic_prodigal_proteins	2290	1162	61.38	12.72	50.74
GCA_900473935.1_UW105_genomic_prodigal_proteins	2923	GCA_009843455.1_ASM984345v1_genomic_prodigal_proteins	2423	1135	61.24	12.63	46.84
GCA_900473935.1_UW105_genomic_prodigal_proteins	2923	GCA_009843485.1_ASM984348v1_genomic_prodigal_proteins	2158	1176	61.40	12.82	54.49
GCA_900473935.1_UW105_genomic_prodigal_proteins	2923	GCA_003283135.1_ASM328313v1_genomic_prodigal_proteins	459	170	69.21	15.45	37.04
GCA_900473935.1_UW105_genomic_prodigal_proteins	2923	GCA_902635485.1_AG-447-G23_genomic_prodigal_proteins	327	144	66.16	16.29	44.04
GCA_900473935.1_UW105_genomic_prodigal_proteins	2923	GCA_002760415.1_ASM276041v1_genomic_prodigal_proteins	2670	919	52.68	11.86	34.42
GCA_900473935.1_UW105_genomic_prodigal_proteins	2923	GCA_002754935.1_ASM275493v1_genomic_prodigal_proteins	2664	967	53.62	12.56	36.30
GCA_900473935.1_UW105_genomic_prodigal_proteins	2923	GCA_002171685.2_ASM217168v2_genomic_prodigal_proteins	811	675	74.11	12.43	83.23
GCA_900473935.1_UW105_genomic_prodigal_proteins	2923	GCA_000737595.1_ASM73759v1_genomic_prodigal_proteins	2774	1874	70.85	14.04	67.56
GCA_900473935.1_UW105_genomic_prodigal_proteins	2923	GCA_003331785.1_ASM333178v1_genomic_prodigal_proteins	2125	1730	73.23	13.06	81.41
GCA_900473935.1_UW105_genomic_prodigal_proteins	2923	GCA_009842265.1_ASM984226v1_genomic_prodigal_proteins	2398	1152	61.25	12.70	48.04
GCA_900473935.1_UW105_genomic_prodigal_proteins	2923	GCA_902579345.1_AG-911-L15_genomic_prodigal_proteins	248	108	67.73	16.03	43.55
GCA_900473935.1_UW105_genomic_prodigal_proteins	2923	GCA_000011345.1_ASM1134v1_genomic_prodigal_proteins	2520	1011	53.77	12.48	40.12
GCA_900473935.1_UW105_genomic_prodigal_proteins	2923	GCA_003210705.1_ASM321070v1_genomic_prodigal_proteins	2244	1503	72.34	13.65	66.98
GCA_900473935.1_UW105_genomic_prodigal_proteins	2923	GCA_000019485.1_ASM1948v1_genomic_prodigal_proteins	3233	1066	53.39	12.92	36.47
GCA_900473935.1_UW105_genomic_prodigal_proteins	2923	GCA_003283055.1_ASM328305v1_genomic_prodigal_proteins	482	103	62.69	15.53	21.37
GCA_900473935.1_UW105_genomic_prodigal_proteins	2923	GCA_000010065.1_ASM1006v1_genomic_prodigal_proteins	2691	1202	55.37	13.12	44.67
GCA_900473935.1_UW105_genomic_prodigal_proteins	2923	GCA_000316685.1_ASM31668v1_genomic_prodigal_proteins	3706	1059	53.25	12.49	36.23
GCA_900473935.1_UW105_genomic_prodigal_proteins	2923	GCA_000063525.1_ASM6352v1_genomic_prodigal_proteins	2540	1704	65.87	14.30	67.09
GCA_900473935.1_UW105_genomic_prodigal_proteins	2923	GCA_003283165.1_ASM328316v1_genomic_prodigal_proteins	217	86	67.00	15.87	39.63
GCA_900473935.1_UW105_genomic_prodigal_proteins	2923	GCA_902540675.1_AG-359-E22_genomic_prodigal_proteins	584	304	71.39	15.08	52.05
GCA_900473935.1_UW105_genomic_prodigal_proteins	2923	GCA_011055065.1_ASM1105506v1_genomic_prodigal_proteins	2792	889	52.69	11.99	31.84
GCA_900473935.1_UW105_genomic_prodigal_proteins	2923	GCA_000013205.1_ASM1320v1_genomic_prodigal_proteins	2750	930	52.74	11.86	33.82
GCA_900473935.1_UW105_genomic_prodigal_proteins	2923	GCA_003539795.1_ASM353979v1_genomic_prodigal_proteins	2284	1415	69.90	13.40	61.95
GCA_900473935.1_UW105_genomic_prodigal_proteins	2923	GCA_002171995.1_ASM217199v1_genomic_prodigal_proteins	1978	1296	98.66	4.12	65.52
GCA_900473935.1_UW105_genomic_prodigal_proteins	2923	GCA_011523835.1_ASM1152383v1_genomic_prodigal_proteins	2468	1647	72.51	13.53	66.73
GCA_900473935.1_UW105_genomic_prodigal_proteins	2923	GCA_002172175.1_ASM217217v1_genomic_prodigal_proteins	1846	1093	64.14	14.00	59.21
GCA_900473935.1_UW105_genomic_prodigal_proteins	2923	GCA_003208835.1_ASM320883v1_genomic_prodigal_proteins	2208	1341	70.42	14.06	60.73
GCA_900473935.1_UW105_genomic_prodigal_proteins	2923	GCA_902589915.1_AG-914-F20_genomic_prodigal_proteins	373	148	71.27	15.74	39.68
GCA_900473935.1_UW105_genomic_prodigal_proteins	2923	GCA_000485815.1_ASM48581v1_genomic_prodigal_proteins	3083	1047	53.29	12.91	35.82
GCA_900473935.1_UW105_genomic_prodigal_proteins	2923	GCA_008807075.1_ASM880707v1_genomic_prodigal_proteins	2925	1648	66.02	13.63	56.38
GCA_900473935.1_UW105_genomic_prodigal_proteins	2923	GCA_000179235.2_ASM17923v2_genomic_prodigal_proteins	3071	1728	67.40	13.79	59.12
GCA_900473935.1_UW105_genomic_prodigal_proteins	2923	GCA_003210795.1_ASM321079v1_genomic_prodigal_proteins	2239	1368	70.26	13.89	61.10
GCA_900473935.1_UW105_genomic_prodigal_proteins	2923	GCA_002706715.1_ASM270671v1_genomic_prodigal_proteins	1148	886	71.00	13.67	77.18
GCA_900473935.1_UW105_genomic_prodigal_proteins	2923	GCA_003331245.1_ASM333124v1_genomic_prodigal_proteins	2021	1547	70.87	13.54	76.55
GCA_900473935.1_UW105_genomic_prodigal_proteins	2923	GCA_009843385.1_ASM984338v1_genomic_prodigal_proteins	2085	969	61.50	12.84	46.47
GCA_900473935.1_UW105_genomic_prodigal_proteins	2923	GCA_003211205.1_ASM321120v1_genomic_prodigal_proteins	2288	1525	72.56	13.49	66.65
GCA_900473935.1_UW105_genomic_prodigal_proteins	2923	GCA_000063505.1_ASM6350v1_genomic_prodigal_proteins	2558	1892	73.07	13.76	73.96
GCA_900473935.1_UW105_genomic_prodigal_proteins	2923	GCA_900474245.1_UW179B_genomic_prodigal_proteins	2743	1947	72.63	13.53	70.98
GCA_900473935.1_UW105_genomic_prodigal_proteins	2923	GCA_003210345.1_ASM321034v1_genomic_prodigal_proteins	1256	784	68.99	13.89	62.42
GCA_900473935.1_UW105_genomic_prodigal_proteins	2923	GCA_003210315.1_ASM321031v1_genomic_prodigal_proteins	1815	1223	71.72	13.52	67.38
GCA_900473935.1_UW105_genomic_prodigal_proteins	2923	GCA_009836155.1_ASM983615v1_genomic_prodigal_proteins	1947	1101	61.49	12.66	56.55
GCA_900473935.1_UW105_genomic_prodigal_proteins	2923	GCA_003990665.2_ASM399066v2_genomic_prodigal_proteins	2499	1014	53.76	12.48	40.58
GCA_900473935.1_UW105_genomic_prodigal_proteins	2923	GCA_003209135.1_ASM320913v1_genomic_prodigal_proteins	1719	989	69.47	13.73	57.53
GCA_900473935.1_UW105_genomic_prodigal_proteins	2923	GCA_009845105.1_ASM984510v1_genomic_prodigal_proteins	1941	920	60.89	12.83	47.40
GCA_900473935.1_UW105_genomic_prodigal_proteins	2923	GCA_002690325.1_ASM269032v1_genomic_prodigal_proteins	2554	1707	69.89	13.79	66.84
GCA_900473935.1_UW105_genomic_prodigal_proteins	2923	GCA_000161795.2_ASM16179v2_genomic_prodigal_proteins	2407	1782	71.60	13.70	74.03
GCA_900473935.1_UW105_genomic_prodigal_proteins	2923	GCA_004211895.1_ASM421189v1_genomic_prodigal_proteins	954	725	71.78	13.14	76.00
GCA_900473935.1_UW105_genomic_prodigal_proteins	2923	GCA_003210735.1_ASM321073v1_genomic_prodigal_proteins	2337	1389	69.61	14.01	59.44
GCA_900473935.1_UW105_genomic_prodigal_proteins	2923	GCA_003209035.1_ASM320903v1_genomic_prodigal_proteins	1803	1031	69.65	14.20	57.18
GCA_900473935.1_UW105_genomic_prodigal_proteins	2923	GCA_003712085.1_ASM371208v1_genomic_prodigal_proteins	2745	1842	71.41	13.70	67.10
GCA_900473935.1_UW105_genomic_prodigal_proteins	2923	GCA_003212155.1_ASM321215v1_genomic_prodigal_proteins	262	120	63.33	17.04	45.80
GCA_900473935.1_UW105_genomic_prodigal_proteins	2923	GCA_001040845.1_ASM104084v1_genomic_prodigal_proteins	2917	1985	72.61	13.53	68.05
GCA_900473935.1_UW105_genomic_prodigal_proteins	2923	GCA_002018015.1_ASM201801v1_genomic_prodigal_proteins	1578	892	62.17	12.85	56.53
GCA_900473935.1_UW105_genomic_prodigal_proteins	2923	GCA_003211255.1_ASM321125v1_genomic_prodigal_proteins	1850	1044	69.74	13.86	56.43
GCA_900473935.1_UW105_genomic_prodigal_proteins	2923	GCA_002721235.1_ASM272123v1_genomic_prodigal_proteins	3119	1065	53.53	12.80	36.44
GCA_900473935.1_UW105_genomic_prodigal_proteins	2923	GCA_009839305.1_ASM983930v1_genomic_prodigal_proteins	1816	869	61.83	13.19	47.85
GCA_900473935.1_UW105_genomic_prodigal_proteins	2923	GCA_011365345.1_ASM1136534v1_genomic_prodigal_proteins	2655	1896	70.85	14.09	71.41
GCA_900473935.1_UW105_genomic_prodigal_proteins	2923	GCA_001039265.1_ASM103926v1_genomic_prodigal_proteins	2832	1134	68.19	13.98	40.04
GCA_900473935.1_UW105_genomic_prodigal_proteins	2923	GCA_001628325.1_ASM162832v1_genomic_prodigal_proteins	2129	1619	71.70	13.55	76.05
GCA_900473935.1_UW105_genomic_prodigal_proteins	2923	GCA_003209215.1_ASM320921v1_genomic_prodigal_proteins	1679	909	71.08	13.67	54.14
GCA_900473935.1_UW105_genomic_prodigal_proteins	2923	GCA_002737305.1_ASM273730v1_genomic_prodigal_proteins	1951	1240	67.18	13.85	63.56
GCA_900473935.1_UW105_genomic_prodigal_proteins	2923	GCA_003210515.1_ASM321051v1_genomic_prodigal_proteins	1673	1081	69.30	13.91	64.61
GCA_900473935.1_UW105_genomic_prodigal_proteins	2923	GCA_011525445.1_ASM1152544v1_genomic_prodigal_proteins	3208	1600	71.19	13.49	54.74
GCA_900473935.1_UW105_genomic_prodigal_proteins	2923	GCA_902599435.1_AG-916-N22_genomic_prodigal_proteins	793	456	72.23	13.95	57.50
GCA_900473935.1_UW105_genomic_prodigal_proteins	2923	GCA_003149585.1_ASM314958v1_genomic_prodigal_proteins	2600	1737	66.99	14.19	66.81
GCA_900473935.1_UW105_genomic_prodigal_proteins	2923	GCA_902560665.1_AG-905-O11_genomic_prodigal_proteins	401	190	71.69	15.00	47.38
GCA_900473935.1_UW105_genomic_prodigal_proteins	2923	GCA_003331795.1_ASM333179v1_genomic_prodigal_proteins	1948	1341	65.61	14.44	68.84
GCA_900473935.1_UW105_genomic_prodigal_proteins	2923	GCA_002017955.1_ASM201795v1_genomic_prodigal_proteins	512	252	61.83	12.62	49.22
GCA_900473935.1_UW105_genomic_prodigal_proteins	2923	GCA_902584485.1_AG-912-O23_genomic_prodigal_proteins	535	258	69.45	15.29	48.22
GCA_900473935.1_UW105_genomic_prodigal_proteins	2923	GCA_902527915.1_AG-896-G19_genomic_prodigal_proteins	1003	577	70.75	14.17	57.53
GCA_900473935.1_UW105_genomic_prodigal_proteins	2923	GCA_902635365.1_AG-447-D19_genomic_prodigal_proteins	1690	938	70.68	14.23	55.50
GCA_900473935.1_UW105_genomic_prodigal_proteins	2923	GCA_900474085.1_UW86_genomic_prodigal_proteins	2403	1799	71.58	13.78	74.86
GCA_900473935.1_UW105_genomic_prodigal_proteins	2923	GCA_001885215.1_ASM188521v1_genomic_prodigal_proteins	2897	1647	65.76	13.58	56.85
GCA_900473935.1_UW105_genomic_prodigal_proteins	2923	GCA_902575935.1_AG-426-B22_genomic_prodigal_proteins	254	165	74.55	13.83	64.96
GCA_900473935.1_UW105_genomic_prodigal_proteins	2923	GCA_900474295.1_UW140_genomic_prodigal_proteins	2925	2442	94.88	7.97	83.54
GCA_900473935.1_UW105_genomic_prodigal_proteins	2923	GCA_003211565.1_ASM321156v1_genomic_prodigal_proteins	1489	829	70.71	13.80	55.67
GCA_900473935.1_UW105_genomic_prodigal_proteins	2923	GCA_003526105.1_ASM352610v1_genomic_prodigal_proteins	1581	946	72.27	13.77	59.84
GCA_900473935.1_UW105_genomic_prodigal_proteins	2923	GCA_002172935.1_ASM217293v1_genomic_prodigal_proteins	1996	1458	72.25	13.32	73.05
GCA_900473935.1_UW105_genomic_prodigal_proteins	2923	GCA_003210335.1_ASM321033v1_genomic_prodigal_proteins	942	436	69.44	14.80	46.28
GCA_900473935.1_UW105_genomic_prodigal_proteins	2923	GCA_009846115.1_ASM984611v1_genomic_prodigal_proteins	2048	1036	61.29	12.81	50.59
GCA_900473935.1_UW105_genomic_prodigal_proteins	2923	GCA_001693295.1_ASM169329v1_genomic_prodigal_proteins	3183	1059	53.46	12.86	36.23
GCA_900473935.1_UW105_genomic_prodigal_proteins	2923	GCA_900473965.1_UW179A_genomic_prodigal_proteins	3383	2042	72.50	13.56	69.86
GCA_900473935.1_UW105_genomic_prodigal_proteins	2923	GCA_003213755.1_ASM321375v1_genomic_prodigal_proteins	1050	604	64.78	14.99	57.52
GCA_900473935.1_UW105_genomic_prodigal_proteins	2923	GCA_003209155.1_ASM320915v1_genomic_prodigal_proteins	2305	1548	72.30	13.70	67.16
GCA_900473935.1_UW105_genomic_prodigal_proteins	2923	GCA_003211515.1_ASM321151v1_genomic_prodigal_proteins	2451	1256	69.35	14.34	51.24
GCA_900473935.1_UW105_genomic_prodigal_proteins	2923	GCA_002693285.1_ASM269328v1_genomic_prodigal_proteins	2440	1715	72.41	13.42	70.29
GCA_900473935.1_UW105_genomic_prodigal_proteins	2923	GCA_003210555.1_ASM321055v1_genomic_prodigal_proteins	1847	1141	71.68	13.47	61.78
GCA_900473935.1_UW105_genomic_prodigal_proteins	2923	GCA_000155595.1_ASM15559v1_genomic_prodigal_proteins	5270	1136	52.46	12.83	38.86
GCA_900473935.1_UW105_genomic_prodigal_proteins	2923	GCA_001007665.1_ASM100766v1_genomic_prodigal_proteins	2356	1200	60.97	12.71	50.93
GCA_900473935.1_UW105_genomic_prodigal_proteins	2923	GCA_009919765.1_ASM991976v1_genomic_prodigal_proteins	2524	1126	65.64	14.19	44.61
GCA_900473935.1_UW105_genomic_prodigal_proteins	2923	GCA_003331225.1_ASM333122v1_genomic_prodigal_proteins	2113	1464	65.55	14.05	69.29
GCA_900473935.1_UW105_genomic_prodigal_proteins	2923	GCA_900177825.1_IMG-taxon_2708742468_annotated_assembly_genomic_prodigal_proteins	3317	1057	53.38	12.93	36.16
GCA_900473935.1_UW105_genomic_prodigal_proteins	2923	GCA_000195975.1_ASM19597v1_genomic_prodigal_proteins	2719	1822	71.51	13.65	67.01
GCA_900473935.1_UW105_genomic_prodigal_proteins	2923	GCA_902618885.1_AG-920-D15_genomic_prodigal_proteins	1178	701	71.80	14.50	59.51
GCA_900473935.1_UW105_genomic_prodigal_proteins	2923	GCA_003209165.1_ASM320916v1_genomic_prodigal_proteins	2711	1557	70.84	13.86	57.43
GCA_900473935.1_UW105_genomic_prodigal_proteins	2923	GCA_001007625.1_ASM100762v1_genomic_prodigal_proteins	2478	1057	61.34	12.90	42.66
GCA_900473935.1_UW105_genomic_prodigal_proteins	2923	GCA_008386235.1_ASM838623v1_genomic_prodigal_proteins	2571	1023	53.44	12.54	39.79
GCA_900473935.1_UW105_genomic_prodigal_proteins	2923	GCA_001631935.1_ASM163193v1_genomic_prodigal_proteins	3526	2037	72.34	13.73	69.69
GCA_900473935.1_UW105_genomic_prodigal_proteins	2923	GCA_002151525.1_ASM215152v1_genomic_prodigal_proteins	1628	1121	63.86	14.10	68.86
GCA_900473935.1_UW105_genomic_prodigal_proteins	2923	GCA_000153065.1_ASM15306v1_genomic_prodigal_proteins	2704	1886	75.23	13.05	69.75
GCA_900473935.1_UW105_genomic_prodigal_proteins	2923	GCA_009837265.1_ASM983726v1_genomic_prodigal_proteins	2126	1101	61.32	12.73	51.79
GCA_900473935.1_UW105_genomic_prodigal_proteins	2923	GCA_902533725.1_AG-898-C20_genomic_prodigal_proteins	421	167	69.73	14.74	39.67
GCA_900473935.1_UW105_genomic_prodigal_proteins	2923	GCA_002171075.2_ASM217107v2_genomic_prodigal_proteins	1919	1249	63.87	13.73	65.09
GCA_900473935.1_UW105_genomic_prodigal_proteins	2923	GCA_002760395.1_ASM276039v1_genomic_prodigal_proteins	2661	907	52.74	11.87	34.08
GCA_900473935.1_UW105_genomic_prodigal_proteins	2923	GCA_003209005.1_ASM320900v1_genomic_prodigal_proteins	2548	1700	72.55	13.28	66.72
GCA_900473935.1_UW105_genomic_prodigal_proteins	2923	GCA_002017915.1_ASM201791v1_genomic_prodigal_proteins	623	329	63.62	13.73	52.81
GCA_900473935.1_UW105_genomic_prodigal_proteins	2923	GCA_900047545.1_m9_genomic_prodigal_proteins	1575	905	61.34	12.71	57.46
GCA_900473935.1_UW105_genomic_prodigal_proteins	2923	GCA_001632105.1_ASM163210v1_genomic_prodigal_proteins	3521	2052	72.24	13.80	70.20
GCA_900473935.1_UW105_genomic_prodigal_proteins	2923	GCA_004212765.1_ASM421276v1_genomic_prodigal_proteins	1162	860	70.97	13.62	74.01
GCA_900473935.1_UW105_genomic_prodigal_proteins	2923	GCA_002685515.1_ASM268551v1_genomic_prodigal_proteins	1286	968	72.19	12.83	75.27
GCA_900473935.1_UW105_genomic_prodigal_proteins	2923	GCA_007828135.1_ASM782813v1_genomic_prodigal_proteins	2917	1649	65.75	13.62	56.53
GCA_900473935.1_UW105_genomic_prodigal_proteins	2923	GCA_011047875.1_ASM1104787v1_genomic_prodigal_proteins	2810	914	52.77	12.01	32.53
GCA_900473935.1_UW105_genomic_prodigal_proteins	2923	GCA_009840445.1_ASM984044v1_genomic_prodigal_proteins	2167	1206	61.35	12.80	55.65
GCA_900473935.1_UW105_genomic_prodigal_proteins	2923	GCA_003210995.1_ASM321099v1_genomic_prodigal_proteins	2385	1532	72.20	14.01	64.23
GCA_900473935.1_UW105_genomic_prodigal_proteins	2923	GCA_902616995.1_AG-919-L20_genomic_prodigal_proteins	654	365	70.46	14.09	55.81
GCA_900473935.1_UW105_genomic_prodigal_proteins	2923	GCA_009845825.1_ASM984582v1_genomic_prodigal_proteins	2168	1013	61.59	12.62	46.73
GCA_900473935.1_UW105_genomic_prodigal_proteins	2923	GCA_000515235.1_ASM51523v1_genomic_prodigal_proteins	2873	1850	70.39	13.85	64.39
GCA_900473935.1_UW105_genomic_prodigal_proteins	2923	GCA_003523965.1_ASM352396v1_genomic_prodigal_proteins	1735	768	62.38	12.94	44.27
GCA_900473935.1_UW105_genomic_prodigal_proteins	2923	GCA_002684175.1_ASM268417v1_genomic_prodigal_proteins	1819	1105	68.82	13.06	60.75
GCA_900473935.1_UW105_genomic_prodigal_proteins	2923	GCA_011523295.1_ASM1152329v1_genomic_prodigal_proteins	2851	1432	69.82	13.94	50.23
GCA_900473935.1_UW105_genomic_prodigal_proteins	2923	GCA_003211015.1_ASM321101v1_genomic_prodigal_proteins	2128	1489	72.51	13.38	69.97
GCA_900473935.1_UW105_genomic_prodigal_proteins	2923	GCA_002006815.1_ASM200681v1_genomic_prodigal_proteins	1973	1375	64.46	13.90	69.69
GCA_001693275.1_ASM169327v1_genomic_prodigal_proteins	3273	GCA_009842105.1_ASM984210v1_genomic_prodigal_proteins	2211	816	53.46	12.21	36.91
GCA_001693275.1_ASM169327v1_genomic_prodigal_proteins	3273	GCA_002729835.1_ASM272983v1_genomic_prodigal_proteins	2391	952	52.66	12.61	39.82
GCA_001693275.1_ASM169327v1_genomic_prodigal_proteins	3273	GCA_003210755.1_ASM321075v1_genomic_prodigal_proteins	2871	939	52.98	12.81	32.71
GCA_001693275.1_ASM169327v1_genomic_prodigal_proteins	3273	GCA_000012525.1_ASM1252v1_genomic_prodigal_proteins	2725	1493	59.47	12.80	54.79
GCA_001693275.1_ASM169327v1_genomic_prodigal_proteins	3273	GCA_000817325.1_ASM81732v1_genomic_prodigal_proteins	2728	1493	59.49	12.79	54.73
GCA_001693275.1_ASM169327v1_genomic_prodigal_proteins	3273	GCA_002691345.1_ASM269134v1_genomic_prodigal_proteins	2078	835	52.35	12.07	40.18
GCA_001693275.1_ASM169327v1_genomic_prodigal_proteins	3273	GCA_002172045.1_ASM217204v1_genomic_prodigal_proteins	1670	673	53.46	12.57	40.30
GCA_001693275.1_ASM169327v1_genomic_prodigal_proteins	3273	GCA_003211535.1_ASM321153v1_genomic_prodigal_proteins	2412	846	53.50	12.54	35.07
GCA_001693275.1_ASM169327v1_genomic_prodigal_proteins	3273	GCA_000230675.2_ASM23067v1_genomic_prodigal_proteins	2998	1067	53.45	12.82	35.59
GCA_001693275.1_ASM169327v1_genomic_prodigal_proteins	3273	GCA_002252625.1_ASM225262v1_genomic_prodigal_proteins	3600	1218	53.48	12.76	37.21
GCA_001693275.1_ASM169327v1_genomic_prodigal_proteins	3273	GCA_000012625.1_ASM1262v1_genomic_prodigal_proteins	2892	1091	53.54	12.89	37.72
GCA_001693275.1_ASM169327v1_genomic_prodigal_proteins	3273	GCA_009844725.1_ASM984472v1_genomic_prodigal_proteins	2020	781	53.08	12.20	38.66
GCA_001693275.1_ASM169327v1_genomic_prodigal_proteins	3273	GCA_003331765.1_ASM333176v1_genomic_prodigal_proteins	2019	917	53.32	12.47	45.42
GCA_001693275.1_ASM169327v1_genomic_prodigal_proteins	3273	GCA_900473935.1_UW105_genomic_prodigal_proteins	2923	1063	53.54	12.92	36.37
GCA_001693275.1_ASM169327v1_genomic_prodigal_proteins	3273	GCA_002168155.1_ASM216815v1_genomic_prodigal_proteins	2361	1014	53.32	12.62	42.95
GCA_001693275.1_ASM169327v1_genomic_prodigal_proteins	3273	GCA_009846095.1_ASM984609v1_genomic_prodigal_proteins	2331	829	53.10	12.28	35.56
GCA_001693275.1_ASM169327v1_genomic_prodigal_proteins	3273	GCA_009498715.1_ASM949871v1_genomic_prodigal_proteins	2867	1411	59.57	12.90	49.22
GCA_001693275.1_ASM169327v1_genomic_prodigal_proteins	3273	GCA_002252635.1_ASM225263v1_genomic_prodigal_proteins	3011	1183	53.89	12.82	39.29
GCA_001693275.1_ASM169327v1_genomic_prodigal_proteins	3273	GCA_009838425.1_ASM983842v1_genomic_prodigal_proteins	1544	583	53.75	12.42	37.76
GCA_001693275.1_ASM169327v1_genomic_prodigal_proteins	3273	GCA_900473895.1_N32_genomic_prodigal_proteins	2509	1067	53.76	12.83	42.53
GCA_001693275.1_ASM169327v1_genomic_prodigal_proteins	3273	GCA_003210495.1_ASM321049v1_genomic_prodigal_proteins	1134	329	52.43	13.25	29.01
GCA_001693275.1_ASM169327v1_genomic_prodigal_proteins	3273	GCA_003011125.1_ASM301112v1_genomic_prodigal_proteins	3076	1055	53.00	12.74	34.30
GCA_001693275.1_ASM169327v1_genomic_prodigal_proteins	3273	GCA_900177365.1_IMG-taxon_2708742537_annotated_assembly_genomic_prodigal_proteins	3310	2796	97.67	5.36	85.43
GCA_001693275.1_ASM169327v1_genomic_prodigal_proteins	3273	GCA_002760445.1_ASM276044v1_genomic_prodigal_proteins	2661	1243	56.55	12.31	46.71
GCA_001693275.1_ASM169327v1_genomic_prodigal_proteins	3273	GCA_900474185.1_UW69_genomic_prodigal_proteins	2629	1067	53.59	12.81	40.59
GCA_001693275.1_ASM169327v1_genomic_prodigal_proteins	3273	GCA_003210775.1_ASM321077v1_genomic_prodigal_proteins	2665	736	53.44	12.82	27.62
GCA_001693275.1_ASM169327v1_genomic_prodigal_proteins	3273	GCA_002700765.1_ASM270076v1_genomic_prodigal_proteins	2134	820	52.70	12.61	38.43
GCA_001693275.1_ASM169327v1_genomic_prodigal_proteins	3273	GCA_902599585.1_AG-916-O11_genomic_prodigal_proteins	1470	551	54.16	13.30	37.48
GCA_001693275.1_ASM169327v1_genomic_prodigal_proteins	3273	GCA_900474045.1_N19_genomic_prodigal_proteins	2484	1051	53.57	12.75	42.31
GCA_001693275.1_ASM169327v1_genomic_prodigal_proteins	3273	GCA_003210815.1_ASM321081v1_genomic_prodigal_proteins	2087	679	52.73	12.51	32.53
GCA_001693275.1_ASM169327v1_genomic_prodigal_proteins	3273	GCA_900473955.1_GEYO_genomic_prodigal_proteins	2674	1045	53.43	12.86	39.08
GCA_001693275.1_ASM169327v1_genomic_prodigal_proteins	3273	GCA_002167425.2_ASM216742v2_genomic_prodigal_proteins	2822	904	52.92	12.45	32.03
GCA_001693275.1_ASM169327v1_genomic_prodigal_proteins	3273	GCA_009844645.1_ASM984464v1_genomic_prodigal_proteins	1983	872	53.54	12.21	43.97
GCA_001693275.1_ASM169327v1_genomic_prodigal_proteins	3273	GCA_008081095.1_ASM808109v1_genomic_prodigal_proteins	1533	585	53.35	12.39	38.16
GCA_001693275.1_ASM169327v1_genomic_prodigal_proteins	3273	GCA_000014585.1_ASM1458v1_genomic_prodigal_proteins	2879	1087	53.15	12.91	37.76
GCA_001693275.1_ASM169327v1_genomic_prodigal_proteins	3273	GCA_000317085.1_ASM31708v1_genomic_prodigal_proteins	3673	1433	57.88	12.41	43.78
GCA_001693275.1_ASM169327v1_genomic_prodigal_proteins	3273	GCA_013133755.1_ASM1313375v1_genomic_prodigal_proteins	2700	1042	53.39	12.90	38.59
GCA_001693275.1_ASM169327v1_genomic_prodigal_proteins	3273	GCA_003210475.1_ASM321047v1_genomic_prodigal_proteins	1514	539	52.84	12.82	35.60
GCA_001693275.1_ASM169327v1_genomic_prodigal_proteins	3273	GCA_003208815.1_ASM320881v1_genomic_prodigal_proteins	1352	421	52.39	12.70	31.14
GCA_001693275.1_ASM169327v1_genomic_prodigal_proteins	3273	GCA_000012505.1_ASM1250v1_genomic_prodigal_proteins	2461	1054	53.33	12.67	42.83
GCA_001693275.1_ASM169327v1_genomic_prodigal_proteins	3273	GCA_000153825.1_ASM15382v1_genomic_prodigal_proteins	2811	1105	53.52	12.89	39.31
GCA_001693275.1_ASM169327v1_genomic_prodigal_proteins	3273	GCA_002760475.1_ASM276047v1_genomic_prodigal_proteins	2647	1239	56.55	12.33	46.81
GCA_001693275.1_ASM169327v1_genomic_prodigal_proteins	3273	GCA_003210565.1_ASM321056v1_genomic_prodigal_proteins	836	269	53.12	13.53	32.18
GCA_001693275.1_ASM169327v1_genomic_prodigal_proteins	3273	GCA_902618505.1_AG-892-K03_genomic_prodigal_proteins	959	257	54.78	13.67	26.80
GCA_001693275.1_ASM169327v1_genomic_prodigal_proteins	3273	GCA_005577135.1_ASM557713v1_genomic_prodigal_proteins	3356	2861	98.14	5.06	87.41
GCA_001693275.1_ASM169327v1_genomic_prodigal_proteins	3273	GCA_003846445.1_ASM384644v1_genomic_prodigal_proteins	2740	1452	59.69	12.86	52.99
GCA_001693275.1_ASM169327v1_genomic_prodigal_proteins	3273	GCA_000505665.1_ASM50566v1_genomic_prodigal_proteins	2466	1393	59.33	12.96	56.49
GCA_001693275.1_ASM169327v1_genomic_prodigal_proteins	3273	GCA_902616255.1_AG-919-I18_genomic_prodigal_proteins	1046	357	52.42	13.02	34.13
GCA_001693275.1_ASM169327v1_genomic_prodigal_proteins	3273	GCA_001182765.1_WH8103.1_genomic_prodigal_proteins	2676	1092	53.43	12.88	40.81
GCA_001693275.1_ASM169327v1_genomic_prodigal_proteins	3273	GCA_002760375.1_ASM276037v1_genomic_prodigal_proteins	2702	1244	56.53	12.32	46.04
GCA_001693275.1_ASM169327v1_genomic_prodigal_proteins	3273	GCA_902592305.1_AG-914-O22_genomic_prodigal_proteins	179	59	54.55	13.27	32.96
GCA_001693275.1_ASM169327v1_genomic_prodigal_proteins	3273	GCA_001632165.1_ASM163216v1_genomic_prodigal_proteins	2830	1061	53.36	12.83	37.49
GCA_001693275.1_ASM169327v1_genomic_prodigal_proteins	3273	GCA_004332405.1_ASM433240v1_genomic_prodigal_proteins	2437	1084	53.57	12.87	44.48
GCA_001693275.1_ASM169327v1_genomic_prodigal_proteins	3273	GCA_900473975.1_N26_genomic_prodigal_proteins	2454	1053	53.76	12.75	42.91
GCA_001693275.1_ASM169327v1_genomic_prodigal_proteins	3273	GCA_902612475.1_AG-918-G20_genomic_prodigal_proteins	502	126	51.99	12.09	25.10
GCA_001693275.1_ASM169327v1_genomic_prodigal_proteins	3273	GCA_000775285.1_ASM77528v1_genomic_prodigal_proteins	4812	1450	61.46	12.44	44.30
GCA_001693275.1_ASM169327v1_genomic_prodigal_proteins	3273	GCA_002698505.1_ASM269850v1_genomic_prodigal_proteins	2471	962	53.52	12.71	38.93
GCA_001693275.1_ASM169327v1_genomic_prodigal_proteins	3273	GCA_002252665.1_ASM225266v1_genomic_prodigal_proteins	2771	1127	54.19	12.82	40.67
GCA_001693275.1_ASM169327v1_genomic_prodigal_proteins	3273	GCA_003555505.1_ASM355550v1_genomic_prodigal_proteins	3351	1072	59.57	13.36	32.75
GCA_001693275.1_ASM169327v1_genomic_prodigal_proteins	3273	GCA_900474015.1_UW106_genomic_prodigal_proteins	2762	1063	53.55	12.85	38.49
GCA_001693275.1_ASM169327v1_genomic_prodigal_proteins	3273	GCA_000715475.1_ASM71547v1_genomic_prodigal_proteins	3299	2771	97.85	5.78	84.66
GCA_001693275.1_ASM169327v1_genomic_prodigal_proteins	3273	GCA_001628295.1_ASM162829v1_genomic_prodigal_proteins	2145	964	53.89	12.48	44.94
GCA_001693275.1_ASM169327v1_genomic_prodigal_proteins	3273	GCA_003208775.1_ASM320877v1_genomic_prodigal_proteins	1808	625	53.38	13.04	34.57
GCA_001693275.1_ASM169327v1_genomic_prodigal_proteins	3273	GCA_003210975.1_ASM321097v1_genomic_prodigal_proteins	627	255	52.97	13.45	40.67
GCA_001693275.1_ASM169327v1_genomic_prodigal_proteins	3273	GCA_003208915.1_ASM320891v1_genomic_prodigal_proteins	1208	379	53.20	12.63	31.37
GCA_001693275.1_ASM169327v1_genomic_prodigal_proteins	3273	GCA_009837735.1_ASM983773v1_genomic_prodigal_proteins	2041	732	53.87	12.35	35.86
GCA_001693275.1_ASM169327v1_genomic_prodigal_proteins	3273	GCA_902548805.1_AG-901-N20_genomic_prodigal_proteins	158	44	52.81	14.25	27.85
GCA_001693275.1_ASM169327v1_genomic_prodigal_proteins	3273	GCA_003211235.1_ASM321123v1_genomic_prodigal_proteins	1698	583	53.25	12.79	34.33
GCA_001693275.1_ASM169327v1_genomic_prodigal_proteins	3273	GCA_004209775.1_ASM420977v1_genomic_prodigal_proteins	2798	1131	53.59	12.86	40.42
GCA_001693275.1_ASM169327v1_genomic_prodigal_proteins	3273	GCA_003283215.1_ASM328321v1_genomic_prodigal_proteins	239	34	54.30	13.99	14.23
GCA_001693275.1_ASM169327v1_genomic_prodigal_proteins	3273	GCA_003209555.1_ASM320955v1_genomic_prodigal_proteins	908	263	53.45	13.38	28.96
GCA_001693275.1_ASM169327v1_genomic_prodigal_proteins	3273	GCA_000153805.1_ASM15380v1_genomic_prodigal_proteins	2517	1057	53.40	12.65	41.99
GCA_001693275.1_ASM169327v1_genomic_prodigal_proteins	3273	GCA_003283205.1_ASM328320v1_genomic_prodigal_proteins	274	44	54.60	15.57	16.06
GCA_001693275.1_ASM169327v1_genomic_prodigal_proteins	3273	GCA_900473925.1_N5_genomic_prodigal_proteins	2417	1043	53.77	12.69	43.15
GCA_001693275.1_ASM169327v1_genomic_prodigal_proteins	3273	GCA_902592665.1_AG-447-E14_genomic_prodigal_proteins	1111	291	52.33	12.79	26.19
GCA_001693275.1_ASM169327v1_genomic_prodigal_proteins	3273	GCA_011523155.1_ASM1152315v1_genomic_prodigal_proteins	2101	732	51.30	11.62	34.84
GCA_001693275.1_ASM169327v1_genomic_prodigal_proteins	3273	GCA_003211275.1_ASM321127v1_genomic_prodigal_proteins	2168	705	53.20	12.75	32.52
GCA_001693275.1_ASM169327v1_genomic_prodigal_proteins	3273	GCA_003957805.1_ASM395780v1_genomic_prodigal_proteins	2887	1506	59.48	12.81	52.16
GCA_001693275.1_ASM169327v1_genomic_prodigal_proteins	3273	GCA_012270465.1_ASM1227046v1_genomic_prodigal_proteins	2311	882	52.54	12.41	38.17
GCA_001693275.1_ASM169327v1_genomic_prodigal_proteins	3273	GCA_001693255.1_ASM169325v1_genomic_prodigal_proteins	3177	2691	93.94	7.46	84.70
GCA_001693275.1_ASM169327v1_genomic_prodigal_proteins	3273	GCA_003210385.1_ASM321038v1_genomic_prodigal_proteins	286	132	52.20	13.57	46.15
GCA_001693275.1_ASM169327v1_genomic_prodigal_proteins	3273	GCA_002170705.1_ASM217070v1_genomic_prodigal_proteins	1392	577	52.86	12.19	41.45
GCA_001693275.1_ASM169327v1_genomic_prodigal_proteins	3273	GCA_002356215.1_ASM235621v1_genomic_prodigal_proteins	2953	2485	83.93	10.99	84.15
GCA_001693275.1_ASM169327v1_genomic_prodigal_proteins	3273	GCA_003210935.1_ASM321093v1_genomic_prodigal_proteins	1868	709	53.69	13.01	37.96
GCA_001693275.1_ASM169327v1_genomic_prodigal_proteins	3273	GCA_003210535.1_ASM321053v1_genomic_prodigal_proteins	1257	399	52.80	12.52	31.74
GCA_001693275.1_ASM169327v1_genomic_prodigal_proteins	3273	GCA_002724845.1_ASM272484v1_genomic_prodigal_proteins	1589	744	53.59	12.65	46.82
GCA_001693275.1_ASM169327v1_genomic_prodigal_proteins	3273	GCA_000153285.1_ASM15328v1_genomic_prodigal_proteins	2746	1110	53.18	12.99	40.42
GCA_001693275.1_ASM169327v1_genomic_prodigal_proteins	3273	GCA_003211035.1_ASM321103v1_genomic_prodigal_proteins	530	190	51.93	12.17	35.85
GCA_001693275.1_ASM169327v1_genomic_prodigal_proteins	3273	GCA_001521855.1_ASM152185v1_genomic_prodigal_proteins	3144	2795	97.90	5.27	88.90
GCA_001693275.1_ASM169327v1_genomic_prodigal_proteins	3273	GCA_009835965.1_ASM983596v1_genomic_prodigal_proteins	2105	937	53.36	12.31	44.51
GCA_001693275.1_ASM169327v1_genomic_prodigal_proteins	3273	GCA_012269695.1_ASM1226969v1_genomic_prodigal_proteins	2043	753	53.13	12.56	36.86
GCA_001693275.1_ASM169327v1_genomic_prodigal_proteins	3273	GCA_000737535.1_ASM73753v1_genomic_prodigal_proteins	3013	1086	53.35	12.88	36.04
GCA_001693275.1_ASM169327v1_genomic_prodigal_proteins	3273	GCA_000586015.1_SynSpo.0_genomic_prodigal_proteins	1907	732	54.28	12.87	38.38
GCA_001693275.1_ASM169327v1_genomic_prodigal_proteins	3273	GCA_002760345.1_ASM276034v1_genomic_prodigal_proteins	2731	1256	56.63	12.25	45.99
GCA_001693275.1_ASM169327v1_genomic_prodigal_proteins	3273	GCA_000013225.1_ASM1322v1_genomic_prodigal_proteins	2844	1288	56.63	12.24	45.29
GCA_001693275.1_ASM169327v1_genomic_prodigal_proteins	3273	GCA_000332275.1_ASM33227v1_genomic_prodigal_proteins	4564	1571	56.67	12.53	48.00
GCA_001693275.1_ASM169327v1_genomic_prodigal_proteins	3273	GCA_002252675.1_ASM225267v1_genomic_prodigal_proteins	3295	1190	53.83	12.74	36.36
GCA_001693275.1_ASM169327v1_genomic_prodigal_proteins	3273	GCA_000737575.1_ASM73757v1_genomic_prodigal_proteins	2662	1094	53.46	12.87	41.10
GCA_001693275.1_ASM169327v1_genomic_prodigal_proteins	3273	GCA_902596755.1_AG-916-D19_genomic_prodigal_proteins	1152	387	53.28	12.83	33.59
GCA_001693275.1_ASM169327v1_genomic_prodigal_proteins	3273	GCA_003211455.1_ASM321145v1_genomic_prodigal_proteins	1186	381	53.21	12.76	32.12
GCA_001693275.1_ASM169327v1_genomic_prodigal_proteins	3273	GCA_003208755.1_ASM320875v1_genomic_prodigal_proteins	690	231	53.68	13.57	33.48
GCA_001693275.1_ASM169327v1_genomic_prodigal_proteins	3273	GCA_007571215.1_ASM757121v1_genomic_prodigal_proteins	1879	897	53.41	12.24	47.74
GCA_001693275.1_ASM169327v1_genomic_prodigal_proteins	3273	GCA_001007635.1_ASM100763v1_genomic_prodigal_proteins	2333	850	53.56	12.30	36.43
GCA_001693275.1_ASM169327v1_genomic_prodigal_proteins	3273	GCA_000179255.1_ASM17925v1_genomic_prodigal_proteins	2729	1107	53.94	12.81	40.56
GCA_001693275.1_ASM169327v1_genomic_prodigal_proteins	3273	GCA_003208975.1_ASM320897v1_genomic_prodigal_proteins	1804	568	52.96	12.63	31.49
GCA_001693275.1_ASM169327v1_genomic_prodigal_proteins	3273	GCA_012103655.1_ASM1210365v1_genomic_prodigal_proteins	2723	1061	53.29	12.78	38.96
GCA_001693275.1_ASM169327v1_genomic_prodigal_proteins	3273	GCA_902582045.1_AG-912-B07_genomic_prodigal_proteins	196	34	50.26	12.47	17.35
GCA_001693275.1_ASM169327v1_genomic_prodigal_proteins	3273	GCA_000153045.1_ASM15304v1_genomic_prodigal_proteins	3242	1187	53.87	12.54	36.61
GCA_001693275.1_ASM169327v1_genomic_prodigal_proteins	3273	GCA_902549675.1_AG-903-B09_genomic_prodigal_proteins	836	264	55.16	13.76	31.58
GCA_001693275.1_ASM169327v1_genomic_prodigal_proteins	3273	GCA_002018045.1_ASM201804v1_genomic_prodigal_proteins	1559	725	54.38	12.22	46.50
GCA_001693275.1_ASM169327v1_genomic_prodigal_proteins	3273	GCA_004213055.1_ASM421305v1_genomic_prodigal_proteins	2241	945	53.67	12.71	42.17
GCA_001693275.1_ASM169327v1_genomic_prodigal_proteins	3273	GCA_007571085.1_ASM757108v1_genomic_prodigal_proteins	1784	892	53.20	12.36	50.00
GCA_001693275.1_ASM169327v1_genomic_prodigal_proteins	3273	GCA_009839805.1_ASM983980v1_genomic_prodigal_proteins	1848	593	51.79	11.54	32.09
GCA_001693275.1_ASM169327v1_genomic_prodigal_proteins	3273	GCA_003210375.1_ASM321037v1_genomic_prodigal_proteins	2155	785	52.79	12.70	36.43
GCA_001693275.1_ASM169327v1_genomic_prodigal_proteins	3273	GCA_004332415.1_ASM433241v1_genomic_prodigal_proteins	2408	1083	53.51	12.74	44.98
GCA_001693275.1_ASM169327v1_genomic_prodigal_proteins	3273	GCA_009836025.1_ASM983602v1_genomic_prodigal_proteins	2290	920	53.50	12.27	40.17
GCA_001693275.1_ASM169327v1_genomic_prodigal_proteins	3273	GCA_009843455.1_ASM984345v1_genomic_prodigal_proteins	2423	901	53.38	12.16	37.19
GCA_001693275.1_ASM169327v1_genomic_prodigal_proteins	3273	GCA_009843485.1_ASM984348v1_genomic_prodigal_proteins	2158	936	53.32	12.35	43.37
GCA_001693275.1_ASM169327v1_genomic_prodigal_proteins	3273	GCA_003283135.1_ASM328313v1_genomic_prodigal_proteins	459	95	52.27	13.97	20.70
GCA_001693275.1_ASM169327v1_genomic_prodigal_proteins	3273	GCA_902635485.1_AG-447-G23_genomic_prodigal_proteins	327	71	53.08	14.40	21.71
GCA_001693275.1_ASM169327v1_genomic_prodigal_proteins	3273	GCA_002760415.1_ASM276041v1_genomic_prodigal_proteins	2670	1244	56.51	12.33	46.59
GCA_001693275.1_ASM169327v1_genomic_prodigal_proteins	3273	GCA_002754935.1_ASM275493v1_genomic_prodigal_proteins	2664	1375	59.34	12.91	51.61
GCA_001693275.1_ASM169327v1_genomic_prodigal_proteins	3273	GCA_002171685.2_ASM217168v2_genomic_prodigal_proteins	811	419	53.95	12.21	51.66
GCA_001693275.1_ASM169327v1_genomic_prodigal_proteins	3273	GCA_000737595.1_ASM73759v1_genomic_prodigal_proteins	2774	1083	53.41	12.89	39.04
GCA_001693275.1_ASM169327v1_genomic_prodigal_proteins	3273	GCA_003331785.1_ASM333178v1_genomic_prodigal_proteins	2125	968	53.51	12.65	45.55
GCA_001693275.1_ASM169327v1_genomic_prodigal_proteins	3273	GCA_009842265.1_ASM984226v1_genomic_prodigal_proteins	2398	903	53.55	12.24	37.66
GCA_001693275.1_ASM169327v1_genomic_prodigal_proteins	3273	GCA_902579345.1_AG-911-L15_genomic_prodigal_proteins	248	46	52.47	14.66	18.55
GCA_001693275.1_ASM169327v1_genomic_prodigal_proteins	3273	GCA_000011345.1_ASM1134v1_genomic_prodigal_proteins	2520	1432	59.24	12.95	56.83
GCA_001693275.1_ASM169327v1_genomic_prodigal_proteins	3273	GCA_003210705.1_ASM321070v1_genomic_prodigal_proteins	2244	760	52.90	13.02	33.87
GCA_001693275.1_ASM169327v1_genomic_prodigal_proteins	3273	GCA_000019485.1_ASM1948v1_genomic_prodigal_proteins	3233	2826	97.66	5.37	87.41
GCA_001693275.1_ASM169327v1_genomic_prodigal_proteins	3273	GCA_003283055.1_ASM328305v1_genomic_prodigal_proteins	482	39	49.63	14.57	8.09
GCA_001693275.1_ASM169327v1_genomic_prodigal_proteins	3273	GCA_000010065.1_ASM1006v1_genomic_prodigal_proteins	2691	1484	59.50	12.70	55.15
GCA_001693275.1_ASM169327v1_genomic_prodigal_proteins	3273	GCA_000316685.1_ASM31668v1_genomic_prodigal_proteins	3706	1541	59.36	12.77	47.08
GCA_001693275.1_ASM169327v1_genomic_prodigal_proteins	3273	GCA_000063525.1_ASM6352v1_genomic_prodigal_proteins	2540	1126	53.75	13.02	44.33
GCA_001693275.1_ASM169327v1_genomic_prodigal_proteins	3273	GCA_003283165.1_ASM328316v1_genomic_prodigal_proteins	217	58	51.09	12.04	26.73
GCA_001693275.1_ASM169327v1_genomic_prodigal_proteins	3273	GCA_902540675.1_AG-359-E22_genomic_prodigal_proteins	584	165	52.83	13.99	28.25
GCA_001693275.1_ASM169327v1_genomic_prodigal_proteins	3273	GCA_011055065.1_ASM1105506v1_genomic_prodigal_proteins	2792	1248	56.47	12.32	44.70
GCA_001693275.1_ASM169327v1_genomic_prodigal_proteins	3273	GCA_000013205.1_ASM1320v1_genomic_prodigal_proteins	2750	1261	56.60	12.29	45.85
GCA_001693275.1_ASM169327v1_genomic_prodigal_proteins	3273	GCA_003539795.1_ASM353979v1_genomic_prodigal_proteins	2284	807	51.98	11.93	35.33
GCA_001693275.1_ASM169327v1_genomic_prodigal_proteins	3273	GCA_002171995.1_ASM217199v1_genomic_prodigal_proteins	1978	614	52.98	12.57	31.04
GCA_001693275.1_ASM169327v1_genomic_prodigal_proteins	3273	GCA_011523835.1_ASM1152383v1_genomic_prodigal_proteins	2468	909	53.04	12.38	36.83
GCA_001693275.1_ASM169327v1_genomic_prodigal_proteins	3273	GCA_002172175.1_ASM217217v1_genomic_prodigal_proteins	1846	703	52.58	12.11	38.08
GCA_001693275.1_ASM169327v1_genomic_prodigal_proteins	3273	GCA_003208835.1_ASM320883v1_genomic_prodigal_proteins	2208	798	52.98	12.71	36.14
GCA_001693275.1_ASM169327v1_genomic_prodigal_proteins	3273	GCA_902589915.1_AG-914-F20_genomic_prodigal_proteins	373	87	54.09	13.66	23.32
GCA_001693275.1_ASM169327v1_genomic_prodigal_proteins	3273	GCA_000485815.1_ASM48581v1_genomic_prodigal_proteins	3083	2477	83.92	11.09	80.34
GCA_001693275.1_ASM169327v1_genomic_prodigal_proteins	3273	GCA_008807075.1_ASM880707v1_genomic_prodigal_proteins	2925	1127	53.20	12.66	38.53
GCA_001693275.1_ASM169327v1_genomic_prodigal_proteins	3273	GCA_000179235.2_ASM17923v2_genomic_prodigal_proteins	3071	1181	53.91	12.75	38.46
GCA_001693275.1_ASM169327v1_genomic_prodigal_proteins	3273	GCA_003210795.1_ASM321079v1_genomic_prodigal_proteins	2239	794	52.51	12.49	35.46
GCA_001693275.1_ASM169327v1_genomic_prodigal_proteins	3273	GCA_002706715.1_ASM270671v1_genomic_prodigal_proteins	1148	578	53.52	12.83	50.35
GCA_001693275.1_ASM169327v1_genomic_prodigal_proteins	3273	GCA_003331245.1_ASM333124v1_genomic_prodigal_proteins	2021	906	52.93	12.32	44.83
GCA_001693275.1_ASM169327v1_genomic_prodigal_proteins	3273	GCA_009843385.1_ASM984338v1_genomic_prodigal_proteins	2085	771	53.84	12.41	36.98
GCA_001693275.1_ASM169327v1_genomic_prodigal_proteins	3273	GCA_003211205.1_ASM321120v1_genomic_prodigal_proteins	2288	828	53.17	12.96	36.19
GCA_001693275.1_ASM169327v1_genomic_prodigal_proteins	3273	GCA_000063505.1_ASM6350v1_genomic_prodigal_proteins	2558	1077	53.48	12.84	42.10
GCA_001693275.1_ASM169327v1_genomic_prodigal_proteins	3273	GCA_900474245.1_UW179B_genomic_prodigal_proteins	2743	1072	53.37	12.85	39.08
GCA_001693275.1_ASM169327v1_genomic_prodigal_proteins	3273	GCA_003210345.1_ASM321034v1_genomic_prodigal_proteins	1256	420	51.94	12.57	33.44
GCA_001693275.1_ASM169327v1_genomic_prodigal_proteins	3273	GCA_003210315.1_ASM321031v1_genomic_prodigal_proteins	1815	634	53.20	12.90	34.93
GCA_001693275.1_ASM169327v1_genomic_prodigal_proteins	3273	GCA_009836155.1_ASM983615v1_genomic_prodigal_proteins	1947	876	53.59	12.16	44.99
GCA_001693275.1_ASM169327v1_genomic_prodigal_proteins	3273	GCA_003990665.2_ASM399066v2_genomic_prodigal_proteins	2499	1432	59.34	12.91	57.30
GCA_001693275.1_ASM169327v1_genomic_prodigal_proteins	3273	GCA_003209135.1_ASM320913v1_genomic_prodigal_proteins	1719	566	52.05	12.35	32.93
GCA_001693275.1_ASM169327v1_genomic_prodigal_proteins	3273	GCA_009845105.1_ASM984510v1_genomic_prodigal_proteins	1941	725	53.31	12.27	37.35
GCA_001693275.1_ASM169327v1_genomic_prodigal_proteins	3273	GCA_002690325.1_ASM269032v1_genomic_prodigal_proteins	2554	974	52.37	12.52	38.14
GCA_001693275.1_ASM169327v1_genomic_prodigal_proteins	3273	GCA_000161795.2_ASM16179v2_genomic_prodigal_proteins	2407	1039	53.85	12.80	43.17
GCA_001693275.1_ASM169327v1_genomic_prodigal_proteins	3273	GCA_004211895.1_ASM421189v1_genomic_prodigal_proteins	954	445	53.15	12.91	46.65
GCA_001693275.1_ASM169327v1_genomic_prodigal_proteins	3273	GCA_003210735.1_ASM321073v1_genomic_prodigal_proteins	2337	778	52.38	12.69	33.29
GCA_001693275.1_ASM169327v1_genomic_prodigal_proteins	3273	GCA_003209035.1_ASM320903v1_genomic_prodigal_proteins	1803	581	52.75	12.98	32.22
GCA_001693275.1_ASM169327v1_genomic_prodigal_proteins	3273	GCA_003712085.1_ASM371208v1_genomic_prodigal_proteins	2745	1094	53.40	12.75	39.85
GCA_001693275.1_ASM169327v1_genomic_prodigal_proteins	3273	GCA_003212155.1_ASM321215v1_genomic_prodigal_proteins	262	59	53.86	15.31	22.52
GCA_001693275.1_ASM169327v1_genomic_prodigal_proteins	3273	GCA_001040845.1_ASM104084v1_genomic_prodigal_proteins	2917	1079	53.28	12.83	36.99
GCA_001693275.1_ASM169327v1_genomic_prodigal_proteins	3273	GCA_002018015.1_ASM201801v1_genomic_prodigal_proteins	1578	704	54.37	12.41	44.61
GCA_001693275.1_ASM169327v1_genomic_prodigal_proteins	3273	GCA_003211255.1_ASM321125v1_genomic_prodigal_proteins	1850	601	51.87	12.58	32.49
GCA_001693275.1_ASM169327v1_genomic_prodigal_proteins	3273	GCA_002721235.1_ASM272123v1_genomic_prodigal_proteins	3119	2788	98.10	5.36	89.39
GCA_001693275.1_ASM169327v1_genomic_prodigal_proteins	3273	GCA_009839305.1_ASM983930v1_genomic_prodigal_proteins	1816	687	54.39	12.54	37.83
GCA_001693275.1_ASM169327v1_genomic_prodigal_proteins	3273	GCA_011365345.1_ASM1136534v1_genomic_prodigal_proteins	2655	1065	53.77	12.82	40.11
GCA_001693275.1_ASM169327v1_genomic_prodigal_proteins	3273	GCA_001039265.1_ASM103926v1_genomic_prodigal_proteins	2832	809	55.35	12.88	28.57
GCA_001693275.1_ASM169327v1_genomic_prodigal_proteins	3273	GCA_001628325.1_ASM162832v1_genomic_prodigal_proteins	2129	960	53.53	12.47	45.09
GCA_001693275.1_ASM169327v1_genomic_prodigal_proteins	3273	GCA_003209215.1_ASM320921v1_genomic_prodigal_proteins	1679	554	53.90	13.09	33.00
GCA_001693275.1_ASM169327v1_genomic_prodigal_proteins	3273	GCA_002737305.1_ASM273730v1_genomic_prodigal_proteins	1951	860	54.73	12.68	44.08
GCA_001693275.1_ASM169327v1_genomic_prodigal_proteins	3273	GCA_003210515.1_ASM321051v1_genomic_prodigal_proteins	1673	613	52.40	12.72	36.64
GCA_001693275.1_ASM169327v1_genomic_prodigal_proteins	3273	GCA_011525445.1_ASM1152544v1_genomic_prodigal_proteins	3208	869	52.57	12.37	27.09
GCA_001693275.1_ASM169327v1_genomic_prodigal_proteins	3273	GCA_902599435.1_AG-916-N22_genomic_prodigal_proteins	793	273	55.35	13.10	34.43
GCA_001693275.1_ASM169327v1_genomic_prodigal_proteins	3273	GCA_003149585.1_ASM314958v1_genomic_prodigal_proteins	2600	1139	53.98	12.77	43.81
GCA_001693275.1_ASM169327v1_genomic_prodigal_proteins	3273	GCA_902560665.1_AG-905-O11_genomic_prodigal_proteins	401	98	56.04	14.03	24.44
GCA_001693275.1_ASM169327v1_genomic_prodigal_proteins	3273	GCA_003331795.1_ASM333179v1_genomic_prodigal_proteins	1948	896	53.54	12.97	46.00
GCA_001693275.1_ASM169327v1_genomic_prodigal_proteins	3273	GCA_002017955.1_ASM201795v1_genomic_prodigal_proteins	512	203	53.54	12.47	39.65
GCA_001693275.1_ASM169327v1_genomic_prodigal_proteins	3273	GCA_902584485.1_AG-912-O23_genomic_prodigal_proteins	535	150	53.11	13.48	28.04
GCA_001693275.1_ASM169327v1_genomic_prodigal_proteins	3273	GCA_902527915.1_AG-896-G19_genomic_prodigal_proteins	1003	340	53.53	13.25	33.90
GCA_001693275.1_ASM169327v1_genomic_prodigal_proteins	3273	GCA_902635365.1_AG-447-D19_genomic_prodigal_proteins	1690	509	53.81	12.86	30.12
GCA_001693275.1_ASM169327v1_genomic_prodigal_proteins	3273	GCA_900474085.1_UW86_genomic_prodigal_proteins	2403	1047	53.77	12.72	43.57
GCA_001693275.1_ASM169327v1_genomic_prodigal_proteins	3273	GCA_001885215.1_ASM188521v1_genomic_prodigal_proteins	2897	1173	53.73	12.46	40.49
GCA_001693275.1_ASM169327v1_genomic_prodigal_proteins	3273	GCA_902575935.1_AG-426-B22_genomic_prodigal_proteins	254	101	58.21	14.53	39.76
GCA_001693275.1_ASM169327v1_genomic_prodigal_proteins	3273	GCA_900474295.1_UW140_genomic_prodigal_proteins	2925	1078	53.49	12.91	36.85
GCA_001693275.1_ASM169327v1_genomic_prodigal_proteins	3273	GCA_003211565.1_ASM321156v1_genomic_prodigal_proteins	1489	481	53.26	13.05	32.30
GCA_001693275.1_ASM169327v1_genomic_prodigal_proteins	3273	GCA_003526105.1_ASM352610v1_genomic_prodigal_proteins	1581	570	54.26	12.46	36.05
GCA_001693275.1_ASM169327v1_genomic_prodigal_proteins	3273	GCA_002172935.1_ASM217293v1_genomic_prodigal_proteins	1996	831	52.75	12.49	41.63
GCA_001693275.1_ASM169327v1_genomic_prodigal_proteins	3273	GCA_003210335.1_ASM321033v1_genomic_prodigal_proteins	942	202	52.21	13.56	21.44
GCA_001693275.1_ASM169327v1_genomic_prodigal_proteins	3273	GCA_009846115.1_ASM984611v1_genomic_prodigal_proteins	2048	820	53.13	12.31	40.04
GCA_001693275.1_ASM169327v1_genomic_prodigal_proteins	3273	GCA_001693295.1_ASM169329v1_genomic_prodigal_proteins	3183	2784	97.86	5.47	87.46
GCA_001693275.1_ASM169327v1_genomic_prodigal_proteins	3273	GCA_900473965.1_UW179A_genomic_prodigal_proteins	3383	1073	53.35	12.99	32.78
GCA_001693275.1_ASM169327v1_genomic_prodigal_proteins	3273	GCA_003213755.1_ASM321375v1_genomic_prodigal_proteins	1050	385	53.42	13.37	36.67
GCA_001693275.1_ASM169327v1_genomic_prodigal_proteins	3273	GCA_003209155.1_ASM320915v1_genomic_prodigal_proteins	2305	803	53.22	12.72	34.84
GCA_001693275.1_ASM169327v1_genomic_prodigal_proteins	3273	GCA_003211515.1_ASM321151v1_genomic_prodigal_proteins	2451	713	52.48	12.89	29.09
GCA_001693275.1_ASM169327v1_genomic_prodigal_proteins	3273	GCA_002693285.1_ASM269328v1_genomic_prodigal_proteins	2440	928	52.92	12.75	38.03
GCA_001693275.1_ASM169327v1_genomic_prodigal_proteins	3273	GCA_003210555.1_ASM321055v1_genomic_prodigal_proteins	1847	584	53.11	12.74	31.62
GCA_001693275.1_ASM169327v1_genomic_prodigal_proteins	3273	GCA_000155595.1_ASM15559v1_genomic_prodigal_proteins	5270	1735	58.91	12.89	53.01
GCA_001693275.1_ASM169327v1_genomic_prodigal_proteins	3273	GCA_001007665.1_ASM100766v1_genomic_prodigal_proteins	2356	931	53.43	12.16	39.52
GCA_001693275.1_ASM169327v1_genomic_prodigal_proteins	3273	GCA_009919765.1_ASM991976v1_genomic_prodigal_proteins	2524	758	53.48	12.93	30.03
GCA_001693275.1_ASM169327v1_genomic_prodigal_proteins	3273	GCA_003331225.1_ASM333122v1_genomic_prodigal_proteins	2113	968	53.62	12.82	45.81
GCA_001693275.1_ASM169327v1_genomic_prodigal_proteins	3273	GCA_900177825.1_IMG-taxon_2708742468_annotated_assembly_genomic_prodigal_proteins	3317	2788	97.67	5.37	85.18
GCA_001693275.1_ASM169327v1_genomic_prodigal_proteins	3273	GCA_000195975.1_ASM19597v1_genomic_prodigal_proteins	2719	1092	53.44	12.85	40.16
GCA_001693275.1_ASM169327v1_genomic_prodigal_proteins	3273	GCA_902618885.1_AG-920-D15_genomic_prodigal_proteins	1178	417	54.02	13.31	35.40
GCA_001693275.1_ASM169327v1_genomic_prodigal_proteins	3273	GCA_003209165.1_ASM320916v1_genomic_prodigal_proteins	2711	920	53.63	12.83	33.94
GCA_001693275.1_ASM169327v1_genomic_prodigal_proteins	3273	GCA_001007625.1_ASM100762v1_genomic_prodigal_proteins	2478	820	54.15	12.35	33.09
GCA_001693275.1_ASM169327v1_genomic_prodigal_proteins	3273	GCA_008386235.1_ASM838623v1_genomic_prodigal_proteins	2571	1449	59.25	12.94	56.36
GCA_001693275.1_ASM169327v1_genomic_prodigal_proteins	3273	GCA_001631935.1_ASM163193v1_genomic_prodigal_proteins	3526	1062	53.39	12.86	32.45
GCA_001693275.1_ASM169327v1_genomic_prodigal_proteins	3273	GCA_002151525.1_ASM215152v1_genomic_prodigal_proteins	1628	778	53.81	12.66	47.79
GCA_001693275.1_ASM169327v1_genomic_prodigal_proteins	3273	GCA_000153065.1_ASM15306v1_genomic_prodigal_proteins	2704	1092	53.65	12.87	40.38
GCA_001693275.1_ASM169327v1_genomic_prodigal_proteins	3273	GCA_009837265.1_ASM983726v1_genomic_prodigal_proteins	2126	866	53.49	12.39	40.73
GCA_001693275.1_ASM169327v1_genomic_prodigal_proteins	3273	GCA_902533725.1_AG-898-C20_genomic_prodigal_proteins	421	95	55.09	14.71	22.57
GCA_001693275.1_ASM169327v1_genomic_prodigal_proteins	3273	GCA_002171075.2_ASM217107v2_genomic_prodigal_proteins	1919	818	52.34	12.55	42.63
GCA_001693275.1_ASM169327v1_genomic_prodigal_proteins	3273	GCA_002760395.1_ASM276039v1_genomic_prodigal_proteins	2661	1233	56.54	12.30	46.34
GCA_001693275.1_ASM169327v1_genomic_prodigal_proteins	3273	GCA_003209005.1_ASM320900v1_genomic_prodigal_proteins	2548	882	52.92	12.74	34.62
GCA_001693275.1_ASM169327v1_genomic_prodigal_proteins	3273	GCA_002017915.1_ASM201791v1_genomic_prodigal_proteins	623	276	54.94	13.20	44.30
GCA_001693275.1_ASM169327v1_genomic_prodigal_proteins	3273	GCA_900047545.1_m9_genomic_prodigal_proteins	1575	707	53.36	12.37	44.89
GCA_001693275.1_ASM169327v1_genomic_prodigal_proteins	3273	GCA_001632105.1_ASM163210v1_genomic_prodigal_proteins	3521	1064	53.28	12.81	32.51
GCA_001693275.1_ASM169327v1_genomic_prodigal_proteins	3273	GCA_004212765.1_ASM421276v1_genomic_prodigal_proteins	1162	543	53.04	12.68	46.73
GCA_001693275.1_ASM169327v1_genomic_prodigal_proteins	3273	GCA_002685515.1_ASM268551v1_genomic_prodigal_proteins	1286	564	52.13	12.49	43.86
GCA_001693275.1_ASM169327v1_genomic_prodigal_proteins	3273	GCA_007828135.1_ASM782813v1_genomic_prodigal_proteins	2917	1178	53.76	12.55	40.38
GCA_001693275.1_ASM169327v1_genomic_prodigal_proteins	3273	GCA_011047875.1_ASM1104787v1_genomic_prodigal_proteins	2810	1270	56.65	12.28	45.20
GCA_001693275.1_ASM169327v1_genomic_prodigal_proteins	3273	GCA_009840445.1_ASM984044v1_genomic_prodigal_proteins	2167	954	53.33	12.33	44.02
GCA_001693275.1_ASM169327v1_genomic_prodigal_proteins	3273	GCA_003210995.1_ASM321099v1_genomic_prodigal_proteins	2385	748	53.99	13.07	31.36
GCA_001693275.1_ASM169327v1_genomic_prodigal_proteins	3273	GCA_902616995.1_AG-919-L20_genomic_prodigal_proteins	654	210	52.85	13.31	32.11
GCA_001693275.1_ASM169327v1_genomic_prodigal_proteins	3273	GCA_009845825.1_ASM984582v1_genomic_prodigal_proteins	2168	811	53.76	12.22	37.41
GCA_001693275.1_ASM169327v1_genomic_prodigal_proteins	3273	GCA_000515235.1_ASM51523v1_genomic_prodigal_proteins	2873	1073	53.43	12.84	37.35
GCA_001693275.1_ASM169327v1_genomic_prodigal_proteins	3273	GCA_003523965.1_ASM352396v1_genomic_prodigal_proteins	1735	617	54.78	12.25	35.56
GCA_001693275.1_ASM169327v1_genomic_prodigal_proteins	3273	GCA_002684175.1_ASM268417v1_genomic_prodigal_proteins	1819	629	51.95	12.14	34.58
GCA_001693275.1_ASM169327v1_genomic_prodigal_proteins	3273	GCA_011523295.1_ASM1152329v1_genomic_prodigal_proteins	2851	824	51.37	12.27	28.90
GCA_001693275.1_ASM169327v1_genomic_prodigal_proteins	3273	GCA_003211015.1_ASM321101v1_genomic_prodigal_proteins	2128	775	52.76	12.72	36.42
GCA_001693275.1_ASM169327v1_genomic_prodigal_proteins	3273	GCA_002006815.1_ASM200681v1_genomic_prodigal_proteins	1973	991	53.62	12.83	50.23
GCA_002729835.1_ASM272983v1_genomic_prodigal_proteins	2391	GCA_003210755.1_ASM321075v1_genomic_prodigal_proteins	2871	1826	98.23	5.06	76.37
GCA_002729835.1_ASM272983v1_genomic_prodigal_proteins	2391	GCA_000012525.1_ASM1252v1_genomic_prodigal_proteins	2725	1055	54.53	13.09	44.12
GCA_002729835.1_ASM272983v1_genomic_prodigal_proteins	2391	GCA_000817325.1_ASM81732v1_genomic_prodigal_proteins	2728	1055	54.57	13.10	44.12
GCA_002729835.1_ASM272983v1_genomic_prodigal_proteins	2391	GCA_002691345.1_ASM269134v1_genomic_prodigal_proteins	2078	1198	69.29	12.91	57.65
GCA_002729835.1_ASM272983v1_genomic_prodigal_proteins	2391	GCA_002172045.1_ASM217204v1_genomic_prodigal_proteins	1670	892	64.51	14.10	53.41
GCA_002729835.1_ASM272983v1_genomic_prodigal_proteins	2391	GCA_003211535.1_ASM321153v1_genomic_prodigal_proteins	2412	1195	70.27	13.35	49.98
GCA_002729835.1_ASM272983v1_genomic_prodigal_proteins	2391	GCA_000230675.2_ASM23067v1_genomic_prodigal_proteins	2998	1801	84.37	10.89	75.32
GCA_002729835.1_ASM272983v1_genomic_prodigal_proteins	2391	GCA_002252625.1_ASM225262v1_genomic_prodigal_proteins	3600	1423	65.48	13.55	59.51
GCA_002729835.1_ASM272983v1_genomic_prodigal_proteins	2391	GCA_000012625.1_ASM1262v1_genomic_prodigal_proteins	2892	1544	70.00	13.29	64.58
GCA_002729835.1_ASM272983v1_genomic_prodigal_proteins	2391	GCA_009844725.1_ASM984472v1_genomic_prodigal_proteins	2020	875	60.04	12.54	43.32
GCA_002729835.1_ASM272983v1_genomic_prodigal_proteins	2391	GCA_003331765.1_ASM333176v1_genomic_prodigal_proteins	2019	1376	69.60	13.50	68.15
GCA_002729835.1_ASM272983v1_genomic_prodigal_proteins	2391	GCA_900473935.1_UW105_genomic_prodigal_proteins	2923	1638	72.32	13.02	68.51
GCA_002729835.1_ASM272983v1_genomic_prodigal_proteins	2391	GCA_002168155.1_ASM216815v1_genomic_prodigal_proteins	2361	1364	63.99	13.54	57.77
GCA_002729835.1_ASM272983v1_genomic_prodigal_proteins	2391	GCA_009846095.1_ASM984609v1_genomic_prodigal_proteins	2331	948	59.78	12.53	40.67
GCA_002729835.1_ASM272983v1_genomic_prodigal_proteins	2391	GCA_009498715.1_ASM949871v1_genomic_prodigal_proteins	2867	983	54.79	12.97	41.11
GCA_002729835.1_ASM272983v1_genomic_prodigal_proteins	2391	GCA_002252635.1_ASM225263v1_genomic_prodigal_proteins	3011	1406	65.33	13.65	58.80
GCA_002729835.1_ASM272983v1_genomic_prodigal_proteins	2391	GCA_009838425.1_ASM983842v1_genomic_prodigal_proteins	1544	682	60.10	12.77	44.17
GCA_002729835.1_ASM272983v1_genomic_prodigal_proteins	2391	GCA_900473895.1_N32_genomic_prodigal_proteins	2509	1550	70.01	13.57	64.83
GCA_002729835.1_ASM272983v1_genomic_prodigal_proteins	2391	GCA_003210495.1_ASM321049v1_genomic_prodigal_proteins	1134	565	71.75	12.59	49.82
GCA_002729835.1_ASM272983v1_genomic_prodigal_proteins	2391	GCA_003011125.1_ASM301112v1_genomic_prodigal_proteins	3076	1318	62.62	13.58	55.12
GCA_002729835.1_ASM272983v1_genomic_prodigal_proteins	2391	GCA_900177365.1_IMG-taxon_2708742537_annotated_assembly_genomic_prodigal_proteins	3310	939	52.68	12.65	39.27
GCA_002729835.1_ASM272983v1_genomic_prodigal_proteins	2391	GCA_002760445.1_ASM276044v1_genomic_prodigal_proteins	2661	803	52.26	11.71	33.58
GCA_002729835.1_ASM272983v1_genomic_prodigal_proteins	2391	GCA_900474185.1_UW69_genomic_prodigal_proteins	2629	1596	69.65	13.69	66.75
GCA_002729835.1_ASM272983v1_genomic_prodigal_proteins	2391	GCA_003210775.1_ASM321077v1_genomic_prodigal_proteins	2665	1261	72.31	12.97	52.74
GCA_002729835.1_ASM272983v1_genomic_prodigal_proteins	2391	GCA_002700765.1_ASM270076v1_genomic_prodigal_proteins	2134	1177	69.24	13.52	55.15
GCA_002729835.1_ASM272983v1_genomic_prodigal_proteins	2391	GCA_902599585.1_AG-916-O11_genomic_prodigal_proteins	1470	768	70.74	13.91	52.24
GCA_002729835.1_ASM272983v1_genomic_prodigal_proteins	2391	GCA_900474045.1_N19_genomic_prodigal_proteins	2484	1510	70.23	13.43	63.15
GCA_002729835.1_ASM272983v1_genomic_prodigal_proteins	2391	GCA_003210815.1_ASM321081v1_genomic_prodigal_proteins	2087	1082	72.55	12.91	51.84
GCA_002729835.1_ASM272983v1_genomic_prodigal_proteins	2391	GCA_900473955.1_GEYO_genomic_prodigal_proteins	2674	1643	73.70	12.49	68.72
GCA_002729835.1_ASM272983v1_genomic_prodigal_proteins	2391	GCA_002167425.2_ASM216742v2_genomic_prodigal_proteins	2822	1370	68.71	13.55	57.30
GCA_002729835.1_ASM272983v1_genomic_prodigal_proteins	2391	GCA_009844645.1_ASM984464v1_genomic_prodigal_proteins	1983	984	60.17	12.66	49.62
GCA_002729835.1_ASM272983v1_genomic_prodigal_proteins	2391	GCA_008081095.1_ASM808109v1_genomic_prodigal_proteins	1533	842	70.41	13.09	54.92
GCA_002729835.1_ASM272983v1_genomic_prodigal_proteins	2391	GCA_000014585.1_ASM1458v1_genomic_prodigal_proteins	2879	1854	84.34	10.52	77.54
GCA_002729835.1_ASM272983v1_genomic_prodigal_proteins	2391	GCA_000317085.1_ASM31708v1_genomic_prodigal_proteins	3673	869	51.28	12.08	36.34
GCA_002729835.1_ASM272983v1_genomic_prodigal_proteins	2391	GCA_013133755.1_ASM1313375v1_genomic_prodigal_proteins	2700	1649	73.62	12.53	68.97
GCA_002729835.1_ASM272983v1_genomic_prodigal_proteins	2391	GCA_003210475.1_ASM321047v1_genomic_prodigal_proteins	1514	803	72.47	13.03	53.04
GCA_002729835.1_ASM272983v1_genomic_prodigal_proteins	2391	GCA_003208815.1_ASM320881v1_genomic_prodigal_proteins	1352	636	69.08	13.66	47.04
GCA_002729835.1_ASM272983v1_genomic_prodigal_proteins	2391	GCA_000012505.1_ASM1250v1_genomic_prodigal_proteins	2461	1573	69.42	13.69	65.79
GCA_002729835.1_ASM272983v1_genomic_prodigal_proteins	2391	GCA_000153825.1_ASM15382v1_genomic_prodigal_proteins	2811	1635	72.75	12.96	68.38
GCA_002729835.1_ASM272983v1_genomic_prodigal_proteins	2391	GCA_002760475.1_ASM276047v1_genomic_prodigal_proteins	2647	800	52.28	11.71	33.46
GCA_002729835.1_ASM272983v1_genomic_prodigal_proteins	2391	GCA_003210565.1_ASM321056v1_genomic_prodigal_proteins	836	444	83.52	11.76	53.11
GCA_002729835.1_ASM272983v1_genomic_prodigal_proteins	2391	GCA_902618505.1_AG-892-K03_genomic_prodigal_proteins	959	360	70.57	14.67	37.54
GCA_002729835.1_ASM272983v1_genomic_prodigal_proteins	2391	GCA_005577135.1_ASM557713v1_genomic_prodigal_proteins	3356	946	52.69	12.57	39.57
GCA_002729835.1_ASM272983v1_genomic_prodigal_proteins	2391	GCA_003846445.1_ASM384644v1_genomic_prodigal_proteins	2740	1019	54.83	13.00	42.62
GCA_002729835.1_ASM272983v1_genomic_prodigal_proteins	2391	GCA_000505665.1_ASM50566v1_genomic_prodigal_proteins	2466	890	52.83	12.18	37.22
GCA_002729835.1_ASM272983v1_genomic_prodigal_proteins	2391	GCA_902616255.1_AG-919-I18_genomic_prodigal_proteins	1046	522	68.12	14.20	49.90
GCA_002729835.1_ASM272983v1_genomic_prodigal_proteins	2391	GCA_001182765.1_WH8103.1_genomic_prodigal_proteins	2676	1544	70.07	13.52	64.58
GCA_002729835.1_ASM272983v1_genomic_prodigal_proteins	2391	GCA_002760375.1_ASM276037v1_genomic_prodigal_proteins	2702	804	52.24	11.71	33.63
GCA_002729835.1_ASM272983v1_genomic_prodigal_proteins	2391	GCA_902592305.1_AG-914-O22_genomic_prodigal_proteins	179	94	69.76	13.80	52.51
GCA_002729835.1_ASM272983v1_genomic_prodigal_proteins	2391	GCA_001632165.1_ASM163216v1_genomic_prodigal_proteins	2830	1667	73.48	12.52	69.72
GCA_002729835.1_ASM272983v1_genomic_prodigal_proteins	2391	GCA_004332405.1_ASM433240v1_genomic_prodigal_proteins	2437	1583	73.40	12.83	66.21
GCA_002729835.1_ASM272983v1_genomic_prodigal_proteins	2391	GCA_900473975.1_N26_genomic_prodigal_proteins	2454	1513	70.24	13.54	63.28
GCA_002729835.1_ASM272983v1_genomic_prodigal_proteins	2391	GCA_902612475.1_AG-918-G20_genomic_prodigal_proteins	502	205	67.79	14.24	40.84
GCA_002729835.1_ASM272983v1_genomic_prodigal_proteins	2391	GCA_000775285.1_ASM77528v1_genomic_prodigal_proteins	4812	844	52.91	12.68	35.30
GCA_002729835.1_ASM272983v1_genomic_prodigal_proteins	2391	GCA_002698505.1_ASM269850v1_genomic_prodigal_proteins	2471	1499	72.14	12.74	62.69
GCA_002729835.1_ASM272983v1_genomic_prodigal_proteins	2391	GCA_002252665.1_ASM225266v1_genomic_prodigal_proteins	2771	1437	66.31	13.72	60.10
GCA_002729835.1_ASM272983v1_genomic_prodigal_proteins	2391	GCA_003555505.1_ASM355550v1_genomic_prodigal_proteins	3351	660	53.48	12.48	27.60
GCA_002729835.1_ASM272983v1_genomic_prodigal_proteins	2391	GCA_900474015.1_UW106_genomic_prodigal_proteins	2762	1596	69.62	13.72	66.75
GCA_002729835.1_ASM272983v1_genomic_prodigal_proteins	2391	GCA_000715475.1_ASM71547v1_genomic_prodigal_proteins	3299	931	52.81	12.62	38.94
GCA_002729835.1_ASM272983v1_genomic_prodigal_proteins	2391	GCA_001628295.1_ASM162829v1_genomic_prodigal_proteins	2145	1406	70.36	13.30	65.55
GCA_002729835.1_ASM272983v1_genomic_prodigal_proteins	2391	GCA_003208775.1_ASM320877v1_genomic_prodigal_proteins	1808	1084	84.08	11.01	59.96
GCA_002729835.1_ASM272983v1_genomic_prodigal_proteins	2391	GCA_003210975.1_ASM321097v1_genomic_prodigal_proteins	627	357	69.21	14.36	56.94
GCA_002729835.1_ASM272983v1_genomic_prodigal_proteins	2391	GCA_003208915.1_ASM320891v1_genomic_prodigal_proteins	1208	527	68.34	13.45	43.63
GCA_002729835.1_ASM272983v1_genomic_prodigal_proteins	2391	GCA_009837735.1_ASM983773v1_genomic_prodigal_proteins	2041	840	60.43	12.50	41.16
GCA_002729835.1_ASM272983v1_genomic_prodigal_proteins	2391	GCA_902548805.1_AG-901-N20_genomic_prodigal_proteins	158	63	69.41	15.39	39.87
GCA_002729835.1_ASM272983v1_genomic_prodigal_proteins	2391	GCA_003211235.1_ASM321123v1_genomic_prodigal_proteins	1698	824	69.24	13.46	48.53
GCA_002729835.1_ASM272983v1_genomic_prodigal_proteins	2391	GCA_004209775.1_ASM420977v1_genomic_prodigal_proteins	2798	1606	73.44	12.67	67.17
GCA_002729835.1_ASM272983v1_genomic_prodigal_proteins	2391	GCA_003283215.1_ASM328321v1_genomic_prodigal_proteins	239	31	67.82	16.25	12.97
GCA_002729835.1_ASM272983v1_genomic_prodigal_proteins	2391	GCA_003209555.1_ASM320955v1_genomic_prodigal_proteins	908	369	64.71	14.59	40.64
GCA_002729835.1_ASM272983v1_genomic_prodigal_proteins	2391	GCA_000153805.1_ASM15380v1_genomic_prodigal_proteins	2517	1572	69.36	13.64	65.75
GCA_002729835.1_ASM272983v1_genomic_prodigal_proteins	2391	GCA_003283205.1_ASM328320v1_genomic_prodigal_proteins	274	57	67.10	16.02	20.80
GCA_002729835.1_ASM272983v1_genomic_prodigal_proteins	2391	GCA_900473925.1_N5_genomic_prodigal_proteins	2417	1499	70.27	13.41	62.69
GCA_002729835.1_ASM272983v1_genomic_prodigal_proteins	2391	GCA_902592665.1_AG-447-E14_genomic_prodigal_proteins	1111	444	67.87	14.08	39.96
GCA_002729835.1_ASM272983v1_genomic_prodigal_proteins	2391	GCA_011523155.1_ASM1152315v1_genomic_prodigal_proteins	2101	1136	70.54	12.55	54.07
GCA_002729835.1_ASM272983v1_genomic_prodigal_proteins	2391	GCA_003211275.1_ASM321127v1_genomic_prodigal_proteins	2168	1151	72.58	12.89	53.09
GCA_002729835.1_ASM272983v1_genomic_prodigal_proteins	2391	GCA_003957805.1_ASM395780v1_genomic_prodigal_proteins	2887	1054	54.58	13.06	44.08
GCA_002729835.1_ASM272983v1_genomic_prodigal_proteins	2391	GCA_012270465.1_ASM1227046v1_genomic_prodigal_proteins	2311	1190	63.96	13.71	51.49
GCA_002729835.1_ASM272983v1_genomic_prodigal_proteins	2391	GCA_001693255.1_ASM169325v1_genomic_prodigal_proteins	3177	945	52.80	12.55	39.52
GCA_002729835.1_ASM272983v1_genomic_prodigal_proteins	2391	GCA_003210385.1_ASM321038v1_genomic_prodigal_proteins	286	187	84.12	11.29	65.38
GCA_002729835.1_ASM272983v1_genomic_prodigal_proteins	2391	GCA_002170705.1_ASM217070v1_genomic_prodigal_proteins	1392	807	69.94	13.50	57.97
GCA_002729835.1_ASM272983v1_genomic_prodigal_proteins	2391	GCA_002356215.1_ASM235621v1_genomic_prodigal_proteins	2953	946	52.69	12.63	39.57
GCA_002729835.1_ASM272983v1_genomic_prodigal_proteins	2391	GCA_003210935.1_ASM321093v1_genomic_prodigal_proteins	1868	1097	73.44	12.71	58.73
GCA_002729835.1_ASM272983v1_genomic_prodigal_proteins	2391	GCA_003210535.1_ASM321053v1_genomic_prodigal_proteins	1257	619	68.74	13.64	49.24
GCA_002729835.1_ASM272983v1_genomic_prodigal_proteins	2391	GCA_002724845.1_ASM272484v1_genomic_prodigal_proteins	1589	1092	69.89	13.12	68.72
GCA_002729835.1_ASM272983v1_genomic_prodigal_proteins	2391	GCA_000153285.1_ASM15328v1_genomic_prodigal_proteins	2746	1669	73.30	12.96	69.80
GCA_002729835.1_ASM272983v1_genomic_prodigal_proteins	2391	GCA_003211035.1_ASM321103v1_genomic_prodigal_proteins	530	299	67.41	14.14	56.42
GCA_002729835.1_ASM272983v1_genomic_prodigal_proteins	2391	GCA_001521855.1_ASM152185v1_genomic_prodigal_proteins	3144	956	52.64	12.62	39.98
GCA_002729835.1_ASM272983v1_genomic_prodigal_proteins	2391	GCA_009835965.1_ASM983596v1_genomic_prodigal_proteins	2105	1039	60.34	12.54	49.36
GCA_002729835.1_ASM272983v1_genomic_prodigal_proteins	2391	GCA_012269695.1_ASM1226969v1_genomic_prodigal_proteins	2043	1002	64.35	13.52	49.05
GCA_002729835.1_ASM272983v1_genomic_prodigal_proteins	2391	GCA_000737535.1_ASM73753v1_genomic_prodigal_proteins	3013	1572	69.51	13.65	65.75
GCA_002729835.1_ASM272983v1_genomic_prodigal_proteins	2391	GCA_000586015.1_SynSpo.0_genomic_prodigal_proteins	1907	820	60.97	13.05	43.00
GCA_002729835.1_ASM272983v1_genomic_prodigal_proteins	2391	GCA_002760345.1_ASM276034v1_genomic_prodigal_proteins	2731	815	52.34	11.64	34.09
GCA_002729835.1_ASM272983v1_genomic_prodigal_proteins	2391	GCA_000013225.1_ASM1322v1_genomic_prodigal_proteins	2844	818	52.10	11.87	34.21
GCA_002729835.1_ASM272983v1_genomic_prodigal_proteins	2391	GCA_000332275.1_ASM33227v1_genomic_prodigal_proteins	4564	920	51.11	12.13	38.48
GCA_002729835.1_ASM272983v1_genomic_prodigal_proteins	2391	GCA_002252675.1_ASM225267v1_genomic_prodigal_proteins	3295	1407	65.72	13.57	58.85
GCA_002729835.1_ASM272983v1_genomic_prodigal_proteins	2391	GCA_000737575.1_ASM73757v1_genomic_prodigal_proteins	2662	1570	70.08	13.62	65.66
GCA_002729835.1_ASM272983v1_genomic_prodigal_proteins	2391	GCA_902596755.1_AG-916-D19_genomic_prodigal_proteins	1152	548	69.43	13.36	47.57
GCA_002729835.1_ASM272983v1_genomic_prodigal_proteins	2391	GCA_003211455.1_ASM321145v1_genomic_prodigal_proteins	1186	544	69.21	13.89	45.87
GCA_002729835.1_ASM272983v1_genomic_prodigal_proteins	2391	GCA_003208755.1_ASM320875v1_genomic_prodigal_proteins	690	386	69.22	14.07	55.94
GCA_002729835.1_ASM272983v1_genomic_prodigal_proteins	2391	GCA_007571215.1_ASM757121v1_genomic_prodigal_proteins	1879	1028	59.84	12.95	54.71
GCA_002729835.1_ASM272983v1_genomic_prodigal_proteins	2391	GCA_001007635.1_ASM100763v1_genomic_prodigal_proteins	2333	953	60.34	12.65	40.85
GCA_002729835.1_ASM272983v1_genomic_prodigal_proteins	2391	GCA_000179255.1_ASM17925v1_genomic_prodigal_proteins	2729	1450	66.02	13.61	60.64
GCA_002729835.1_ASM272983v1_genomic_prodigal_proteins	2391	GCA_003208975.1_ASM320897v1_genomic_prodigal_proteins	1804	831	69.06	13.59	46.06
GCA_002729835.1_ASM272983v1_genomic_prodigal_proteins	2391	GCA_012103655.1_ASM1210365v1_genomic_prodigal_proteins	2723	1785	84.53	10.80	74.65
GCA_002729835.1_ASM272983v1_genomic_prodigal_proteins	2391	GCA_902582045.1_AG-912-B07_genomic_prodigal_proteins	196	71	66.69	14.49	36.22
GCA_002729835.1_ASM272983v1_genomic_prodigal_proteins	2391	GCA_000153045.1_ASM15304v1_genomic_prodigal_proteins	3242	1437	65.77	13.47	60.10
GCA_002729835.1_ASM272983v1_genomic_prodigal_proteins	2391	GCA_902549675.1_AG-903-B09_genomic_prodigal_proteins	836	409	69.77	13.75	48.92
GCA_002729835.1_ASM272983v1_genomic_prodigal_proteins	2391	GCA_002018045.1_ASM201804v1_genomic_prodigal_proteins	1559	806	61.02	12.65	51.70
GCA_002729835.1_ASM272983v1_genomic_prodigal_proteins	2391	GCA_004213055.1_ASM421305v1_genomic_prodigal_proteins	2241	1455	72.85	12.73	64.93
GCA_002729835.1_ASM272983v1_genomic_prodigal_proteins	2391	GCA_007571085.1_ASM757108v1_genomic_prodigal_proteins	1784	1000	59.90	12.96	56.05
GCA_002729835.1_ASM272983v1_genomic_prodigal_proteins	2391	GCA_009839805.1_ASM983980v1_genomic_prodigal_proteins	1848	701	58.41	12.24	37.93
GCA_002729835.1_ASM272983v1_genomic_prodigal_proteins	2391	GCA_003210375.1_ASM321037v1_genomic_prodigal_proteins	2155	1130	69.06	13.61	52.44
GCA_002729835.1_ASM272983v1_genomic_prodigal_proteins	2391	GCA_004332415.1_ASM433241v1_genomic_prodigal_proteins	2408	1580	73.38	12.81	66.08
GCA_002729835.1_ASM272983v1_genomic_prodigal_proteins	2391	GCA_009836025.1_ASM983602v1_genomic_prodigal_proteins	2290	1039	60.15	12.67	45.37
GCA_002729835.1_ASM272983v1_genomic_prodigal_proteins	2391	GCA_009843455.1_ASM984345v1_genomic_prodigal_proteins	2423	1019	60.20	12.52	42.62
GCA_002729835.1_ASM272983v1_genomic_prodigal_proteins	2391	GCA_009843485.1_ASM984348v1_genomic_prodigal_proteins	2158	1041	60.28	12.61	48.24
GCA_002729835.1_ASM272983v1_genomic_prodigal_proteins	2391	GCA_003283135.1_ASM328313v1_genomic_prodigal_proteins	459	190	95.68	11.73	41.39
GCA_002729835.1_ASM272983v1_genomic_prodigal_proteins	2391	GCA_902635485.1_AG-447-G23_genomic_prodigal_proteins	327	112	66.31	15.63	34.25
GCA_002729835.1_ASM272983v1_genomic_prodigal_proteins	2391	GCA_002760415.1_ASM276041v1_genomic_prodigal_proteins	2670	806	52.23	11.68	33.71
GCA_002729835.1_ASM272983v1_genomic_prodigal_proteins	2391	GCA_002754935.1_ASM275493v1_genomic_prodigal_proteins	2664	863	52.90	12.14	36.09
GCA_002729835.1_ASM272983v1_genomic_prodigal_proteins	2391	GCA_002171685.2_ASM217168v2_genomic_prodigal_proteins	811	627	85.29	9.70	77.31
GCA_002729835.1_ASM272983v1_genomic_prodigal_proteins	2391	GCA_000737595.1_ASM73759v1_genomic_prodigal_proteins	2774	1587	69.71	13.46	66.37
GCA_002729835.1_ASM272983v1_genomic_prodigal_proteins	2391	GCA_003331785.1_ASM333178v1_genomic_prodigal_proteins	2125	1623	85.25	10.17	76.38
GCA_002729835.1_ASM272983v1_genomic_prodigal_proteins	2391	GCA_009842265.1_ASM984226v1_genomic_prodigal_proteins	2398	1035	60.21	12.52	43.29
GCA_002729835.1_ASM272983v1_genomic_prodigal_proteins	2391	GCA_902579345.1_AG-911-L15_genomic_prodigal_proteins	248	92	66.72	15.70	37.10
GCA_002729835.1_ASM272983v1_genomic_prodigal_proteins	2391	GCA_000011345.1_ASM1134v1_genomic_prodigal_proteins	2520	906	52.90	12.30	37.89
GCA_002729835.1_ASM272983v1_genomic_prodigal_proteins	2391	GCA_003210705.1_ASM321070v1_genomic_prodigal_proteins	2244	1237	72.81	12.96	55.12
GCA_002729835.1_ASM272983v1_genomic_prodigal_proteins	2391	GCA_000019485.1_ASM1948v1_genomic_prodigal_proteins	3233	948	52.69	12.61	39.65
GCA_002729835.1_ASM272983v1_genomic_prodigal_proteins	2391	GCA_003283055.1_ASM328305v1_genomic_prodigal_proteins	482	79	63.40	15.47	16.39
GCA_002729835.1_ASM272983v1_genomic_prodigal_proteins	2391	GCA_000010065.1_ASM1006v1_genomic_prodigal_proteins	2691	1048	54.52	13.07	43.83
GCA_002729835.1_ASM272983v1_genomic_prodigal_proteins	2391	GCA_000316685.1_ASM31668v1_genomic_prodigal_proteins	3706	935	52.49	12.32	39.10
GCA_002729835.1_ASM272983v1_genomic_prodigal_proteins	2391	GCA_000063525.1_ASM6352v1_genomic_prodigal_proteins	2540	1449	64.88	13.88	60.60
GCA_002729835.1_ASM272983v1_genomic_prodigal_proteins	2391	GCA_003283165.1_ASM328316v1_genomic_prodigal_proteins	217	63	69.26	12.63	29.03
GCA_002729835.1_ASM272983v1_genomic_prodigal_proteins	2391	GCA_902540675.1_AG-359-E22_genomic_prodigal_proteins	584	229	70.30	14.83	39.21
GCA_002729835.1_ASM272983v1_genomic_prodigal_proteins	2391	GCA_011055065.1_ASM1105506v1_genomic_prodigal_proteins	2792	788	51.93	11.85	32.96
GCA_002729835.1_ASM272983v1_genomic_prodigal_proteins	2391	GCA_000013205.1_ASM1320v1_genomic_prodigal_proteins	2750	815	52.36	11.65	34.09
GCA_002729835.1_ASM272983v1_genomic_prodigal_proteins	2391	GCA_003539795.1_ASM353979v1_genomic_prodigal_proteins	2284	1226	68.84	13.31	53.68
GCA_002729835.1_ASM272983v1_genomic_prodigal_proteins	2391	GCA_002171995.1_ASM217199v1_genomic_prodigal_proteins	1978	984	72.14	13.22	49.75
GCA_002729835.1_ASM272983v1_genomic_prodigal_proteins	2391	GCA_011523835.1_ASM1152383v1_genomic_prodigal_proteins	2468	1426	73.22	13.01	59.64
GCA_002729835.1_ASM272983v1_genomic_prodigal_proteins	2391	GCA_002172175.1_ASM217217v1_genomic_prodigal_proteins	1846	948	63.36	13.60	51.35
GCA_002729835.1_ASM272983v1_genomic_prodigal_proteins	2391	GCA_003208835.1_ASM320883v1_genomic_prodigal_proteins	2208	1123	69.98	13.65	50.86
GCA_002729835.1_ASM272983v1_genomic_prodigal_proteins	2391	GCA_902589915.1_AG-914-F20_genomic_prodigal_proteins	373	114	70.88	14.00	30.56
GCA_002729835.1_ASM272983v1_genomic_prodigal_proteins	2391	GCA_000485815.1_ASM48581v1_genomic_prodigal_proteins	3083	925	52.74	12.61	38.69
GCA_002729835.1_ASM272983v1_genomic_prodigal_proteins	2391	GCA_008807075.1_ASM880707v1_genomic_prodigal_proteins	2925	1414	65.50	13.35	59.14
GCA_002729835.1_ASM272983v1_genomic_prodigal_proteins	2391	GCA_000179235.2_ASM17923v2_genomic_prodigal_proteins	3071	1467	66.34	13.60	61.36
GCA_002729835.1_ASM272983v1_genomic_prodigal_proteins	2391	GCA_003210795.1_ASM321079v1_genomic_prodigal_proteins	2239	1137	69.17	13.64	50.78
GCA_002729835.1_ASM272983v1_genomic_prodigal_proteins	2391	GCA_002706715.1_ASM270671v1_genomic_prodigal_proteins	1148	771	69.66	13.43	67.16
GCA_002729835.1_ASM272983v1_genomic_prodigal_proteins	2391	GCA_003331245.1_ASM333124v1_genomic_prodigal_proteins	2021	1333	69.90	13.43	65.96
GCA_002729835.1_ASM272983v1_genomic_prodigal_proteins	2391	GCA_009843385.1_ASM984338v1_genomic_prodigal_proteins	2085	863	60.32	12.73	41.39
GCA_002729835.1_ASM272983v1_genomic_prodigal_proteins	2391	GCA_003211205.1_ASM321120v1_genomic_prodigal_proteins	2288	1301	73.01	12.71	56.86
GCA_002729835.1_ASM272983v1_genomic_prodigal_proteins	2391	GCA_000063505.1_ASM6350v1_genomic_prodigal_proteins	2558	1647	73.56	13.12	68.88
GCA_002729835.1_ASM272983v1_genomic_prodigal_proteins	2391	GCA_900474245.1_UW179B_genomic_prodigal_proteins	2743	1789	84.46	10.75	74.82
GCA_002729835.1_ASM272983v1_genomic_prodigal_proteins	2391	GCA_003210345.1_ASM321034v1_genomic_prodigal_proteins	1256	655	68.70	13.58	52.15
GCA_002729835.1_ASM272983v1_genomic_prodigal_proteins	2391	GCA_003210315.1_ASM321031v1_genomic_prodigal_proteins	1815	1128	83.75	11.41	62.15
GCA_002729835.1_ASM272983v1_genomic_prodigal_proteins	2391	GCA_009836155.1_ASM983615v1_genomic_prodigal_proteins	1947	986	60.45	12.57	50.64
GCA_002729835.1_ASM272983v1_genomic_prodigal_proteins	2391	GCA_003990665.2_ASM399066v2_genomic_prodigal_proteins	2499	911	52.85	12.32	38.10
GCA_002729835.1_ASM272983v1_genomic_prodigal_proteins	2391	GCA_003209135.1_ASM320913v1_genomic_prodigal_proteins	1719	905	68.44	13.71	52.65
GCA_002729835.1_ASM272983v1_genomic_prodigal_proteins	2391	GCA_009845105.1_ASM984510v1_genomic_prodigal_proteins	1941	829	59.83	12.51	42.71
GCA_002729835.1_ASM272983v1_genomic_prodigal_proteins	2391	GCA_002690325.1_ASM269032v1_genomic_prodigal_proteins	2554	1455	68.86	13.56	60.85
GCA_002729835.1_ASM272983v1_genomic_prodigal_proteins	2391	GCA_000161795.2_ASM16179v2_genomic_prodigal_proteins	2407	1500	70.22	13.38	62.74
GCA_002729835.1_ASM272983v1_genomic_prodigal_proteins	2391	GCA_004211895.1_ASM421189v1_genomic_prodigal_proteins	954	630	70.61	13.00	66.04
GCA_002729835.1_ASM272983v1_genomic_prodigal_proteins	2391	GCA_003210735.1_ASM321073v1_genomic_prodigal_proteins	2337	1142	68.91	13.59	48.87
GCA_002729835.1_ASM272983v1_genomic_prodigal_proteins	2391	GCA_003209035.1_ASM320903v1_genomic_prodigal_proteins	1803	866	68.87	13.73	48.03
GCA_002729835.1_ASM272983v1_genomic_prodigal_proteins	2391	GCA_003712085.1_ASM371208v1_genomic_prodigal_proteins	2745	1545	70.21	13.47	64.62
GCA_002729835.1_ASM272983v1_genomic_prodigal_proteins	2391	GCA_003212155.1_ASM321215v1_genomic_prodigal_proteins	262	82	60.62	16.99	31.30
GCA_002729835.1_ASM272983v1_genomic_prodigal_proteins	2391	GCA_001040845.1_ASM104084v1_genomic_prodigal_proteins	2917	1850	84.18	10.41	77.37
GCA_002729835.1_ASM272983v1_genomic_prodigal_proteins	2391	GCA_002018015.1_ASM201801v1_genomic_prodigal_proteins	1578	780	60.95	12.68	49.43
GCA_002729835.1_ASM272983v1_genomic_prodigal_proteins	2391	GCA_003211255.1_ASM321125v1_genomic_prodigal_proteins	1850	874	68.36	13.59	47.24
GCA_002729835.1_ASM272983v1_genomic_prodigal_proteins	2391	GCA_002721235.1_ASM272123v1_genomic_prodigal_proteins	3119	947	52.75	12.63	39.61
GCA_002729835.1_ASM272983v1_genomic_prodigal_proteins	2391	GCA_009839305.1_ASM983930v1_genomic_prodigal_proteins	1816	776	60.78	12.97	42.73
GCA_002729835.1_ASM272983v1_genomic_prodigal_proteins	2391	GCA_011365345.1_ASM1136534v1_genomic_prodigal_proteins	2655	1589	69.73	13.72	66.46
GCA_002729835.1_ASM272983v1_genomic_prodigal_proteins	2391	GCA_001039265.1_ASM103926v1_genomic_prodigal_proteins	2832	965	67.53	13.64	40.36
GCA_002729835.1_ASM272983v1_genomic_prodigal_proteins	2391	GCA_001628325.1_ASM162832v1_genomic_prodigal_proteins	2129	1406	70.41	13.30	66.04
GCA_002729835.1_ASM272983v1_genomic_prodigal_proteins	2391	GCA_003209215.1_ASM320921v1_genomic_prodigal_proteins	1679	774	69.45	13.88	46.10
GCA_002729835.1_ASM272983v1_genomic_prodigal_proteins	2391	GCA_002737305.1_ASM273730v1_genomic_prodigal_proteins	1951	1086	66.32	13.78	55.66
GCA_002729835.1_ASM272983v1_genomic_prodigal_proteins	2391	GCA_003210515.1_ASM321051v1_genomic_prodigal_proteins	1673	908	68.90	13.77	54.27
GCA_002729835.1_ASM272983v1_genomic_prodigal_proteins	2391	GCA_011525445.1_ASM1152544v1_genomic_prodigal_proteins	3208	1457	80.59	11.37	60.94
GCA_002729835.1_ASM272983v1_genomic_prodigal_proteins	2391	GCA_902599435.1_AG-916-N22_genomic_prodigal_proteins	793	374	70.54	14.11	47.16
GCA_002729835.1_ASM272983v1_genomic_prodigal_proteins	2391	GCA_003149585.1_ASM314958v1_genomic_prodigal_proteins	2600	1471	66.02	13.68	61.52
GCA_002729835.1_ASM272983v1_genomic_prodigal_proteins	2391	GCA_902560665.1_AG-905-O11_genomic_prodigal_proteins	401	163	68.60	14.65	40.65
GCA_002729835.1_ASM272983v1_genomic_prodigal_proteins	2391	GCA_003331795.1_ASM333179v1_genomic_prodigal_proteins	1948	1172	64.84	14.07	60.16
GCA_002729835.1_ASM272983v1_genomic_prodigal_proteins	2391	GCA_002017955.1_ASM201795v1_genomic_prodigal_proteins	512	227	60.55	12.48	44.34
GCA_002729835.1_ASM272983v1_genomic_prodigal_proteins	2391	GCA_902584485.1_AG-912-O23_genomic_prodigal_proteins	535	190	69.24	13.71	35.51
GCA_002729835.1_ASM272983v1_genomic_prodigal_proteins	2391	GCA_902527915.1_AG-896-G19_genomic_prodigal_proteins	1003	511	69.44	13.50	50.95
GCA_002729835.1_ASM272983v1_genomic_prodigal_proteins	2391	GCA_902635365.1_AG-447-D19_genomic_prodigal_proteins	1690	785	69.71	13.90	46.45
GCA_002729835.1_ASM272983v1_genomic_prodigal_proteins	2391	GCA_900474085.1_UW86_genomic_prodigal_proteins	2403	1510	70.26	13.41	63.15
GCA_002729835.1_ASM272983v1_genomic_prodigal_proteins	2391	GCA_001885215.1_ASM188521v1_genomic_prodigal_proteins	2897	1410	65.24	13.41	58.97
GCA_002729835.1_ASM272983v1_genomic_prodigal_proteins	2391	GCA_902575935.1_AG-426-B22_genomic_prodigal_proteins	254	126	72.40	14.73	49.61
GCA_002729835.1_ASM272983v1_genomic_prodigal_proteins	2391	GCA_900474295.1_UW140_genomic_prodigal_proteins	2925	1653	72.39	12.88	69.13
GCA_002729835.1_ASM272983v1_genomic_prodigal_proteins	2391	GCA_003211565.1_ASM321156v1_genomic_prodigal_proteins	1489	685	69.46	13.85	46.00
GCA_002729835.1_ASM272983v1_genomic_prodigal_proteins	2391	GCA_003526105.1_ASM352610v1_genomic_prodigal_proteins	1581	840	71.11	13.34	53.13
GCA_002729835.1_ASM272983v1_genomic_prodigal_proteins	2391	GCA_002172935.1_ASM217293v1_genomic_prodigal_proteins	1996	1309	72.89	12.92	65.58
GCA_002729835.1_ASM272983v1_genomic_prodigal_proteins	2391	GCA_003210335.1_ASM321033v1_genomic_prodigal_proteins	942	354	68.95	14.57	37.58
GCA_002729835.1_ASM272983v1_genomic_prodigal_proteins	2391	GCA_009846115.1_ASM984611v1_genomic_prodigal_proteins	2048	916	60.06	12.65	44.73
GCA_002729835.1_ASM272983v1_genomic_prodigal_proteins	2391	GCA_001693295.1_ASM169329v1_genomic_prodigal_proteins	3183	947	52.67	12.59	39.61
GCA_002729835.1_ASM272983v1_genomic_prodigal_proteins	2391	GCA_900473965.1_UW179A_genomic_prodigal_proteins	3383	1728	72.87	12.89	72.27
GCA_002729835.1_ASM272983v1_genomic_prodigal_proteins	2391	GCA_003213755.1_ASM321375v1_genomic_prodigal_proteins	1050	484	63.52	14.63	46.10
GCA_002729835.1_ASM272983v1_genomic_prodigal_proteins	2391	GCA_003209155.1_ASM320915v1_genomic_prodigal_proteins	2305	1328	73.12	12.80	57.61
GCA_002729835.1_ASM272983v1_genomic_prodigal_proteins	2391	GCA_003211515.1_ASM321151v1_genomic_prodigal_proteins	2451	1056	68.56	13.81	44.17
GCA_002729835.1_ASM272983v1_genomic_prodigal_proteins	2391	GCA_002693285.1_ASM269328v1_genomic_prodigal_proteins	2440	1444	73.06	12.77	60.39
GCA_002729835.1_ASM272983v1_genomic_prodigal_proteins	2391	GCA_003210555.1_ASM321055v1_genomic_prodigal_proteins	1847	1013	83.98	10.83	54.85
GCA_002729835.1_ASM272983v1_genomic_prodigal_proteins	2391	GCA_000155595.1_ASM15559v1_genomic_prodigal_proteins	5270	992	52.29	12.35	41.49
GCA_002729835.1_ASM272983v1_genomic_prodigal_proteins	2391	GCA_001007665.1_ASM100766v1_genomic_prodigal_proteins	2356	1055	60.03	12.72	44.78
GCA_002729835.1_ASM272983v1_genomic_prodigal_proteins	2391	GCA_009919765.1_ASM991976v1_genomic_prodigal_proteins	2524	978	64.69	14.01	40.90
GCA_002729835.1_ASM272983v1_genomic_prodigal_proteins	2391	GCA_003331225.1_ASM333122v1_genomic_prodigal_proteins	2113	1278	64.83	13.80	60.48
GCA_002729835.1_ASM272983v1_genomic_prodigal_proteins	2391	GCA_900177825.1_IMG-taxon_2708742468_annotated_assembly_genomic_prodigal_proteins	3317	937	52.69	12.62	39.19
GCA_002729835.1_ASM272983v1_genomic_prodigal_proteins	2391	GCA_000195975.1_ASM19597v1_genomic_prodigal_proteins	2719	1542	70.23	13.46	64.49
GCA_002729835.1_ASM272983v1_genomic_prodigal_proteins	2391	GCA_902618885.1_AG-920-D15_genomic_prodigal_proteins	1178	595	70.88	14.34	50.51
GCA_002729835.1_ASM272983v1_genomic_prodigal_proteins	2391	GCA_003209165.1_ASM320916v1_genomic_prodigal_proteins	2711	1311	69.76	13.40	54.83
GCA_002729835.1_ASM272983v1_genomic_prodigal_proteins	2391	GCA_001007625.1_ASM100762v1_genomic_prodigal_proteins	2478	928	60.31	12.80	38.81
GCA_002729835.1_ASM272983v1_genomic_prodigal_proteins	2391	GCA_008386235.1_ASM838623v1_genomic_prodigal_proteins	2571	913	52.72	12.34	38.18
GCA_002729835.1_ASM272983v1_genomic_prodigal_proteins	2391	GCA_001631935.1_ASM163193v1_genomic_prodigal_proteins	3526	1722	73.12	12.68	72.02
GCA_002729835.1_ASM272983v1_genomic_prodigal_proteins	2391	GCA_002151525.1_ASM215152v1_genomic_prodigal_proteins	1628	971	63.15	13.77	59.64
GCA_002729835.1_ASM272983v1_genomic_prodigal_proteins	2391	GCA_000153065.1_ASM15306v1_genomic_prodigal_proteins	2704	1568	73.51	12.71	65.58
GCA_002729835.1_ASM272983v1_genomic_prodigal_proteins	2391	GCA_009837265.1_ASM983726v1_genomic_prodigal_proteins	2126	979	60.19	12.54	46.05
GCA_002729835.1_ASM272983v1_genomic_prodigal_proteins	2391	GCA_902533725.1_AG-898-C20_genomic_prodigal_proteins	421	128	66.96	13.71	30.40
GCA_002729835.1_ASM272983v1_genomic_prodigal_proteins	2391	GCA_002171075.2_ASM217107v2_genomic_prodigal_proteins	1919	1070	63.04	13.50	55.76
GCA_002729835.1_ASM272983v1_genomic_prodigal_proteins	2391	GCA_002760395.1_ASM276039v1_genomic_prodigal_proteins	2661	797	52.22	11.73	33.33
GCA_002729835.1_ASM272983v1_genomic_prodigal_proteins	2391	GCA_003209005.1_ASM320900v1_genomic_prodigal_proteins	2548	1408	73.24	12.54	58.89
GCA_002729835.1_ASM272983v1_genomic_prodigal_proteins	2391	GCA_002017915.1_ASM201791v1_genomic_prodigal_proteins	623	277	62.31	13.46	44.46
GCA_002729835.1_ASM272983v1_genomic_prodigal_proteins	2391	GCA_900047545.1_m9_genomic_prodigal_proteins	1575	806	59.98	12.58	51.17
GCA_002729835.1_ASM272983v1_genomic_prodigal_proteins	2391	GCA_001632105.1_ASM163210v1_genomic_prodigal_proteins	3521	1731	73.06	12.77	72.40
GCA_002729835.1_ASM272983v1_genomic_prodigal_proteins	2391	GCA_004212765.1_ASM421276v1_genomic_prodigal_proteins	1162	758	70.08	13.40	65.23
GCA_002729835.1_ASM272983v1_genomic_prodigal_proteins	2391	GCA_002685515.1_ASM268551v1_genomic_prodigal_proteins	1286	916	73.01	12.42	71.23
GCA_002729835.1_ASM272983v1_genomic_prodigal_proteins	2391	GCA_007828135.1_ASM782813v1_genomic_prodigal_proteins	2917	1410	65.24	13.41	58.97
GCA_002729835.1_ASM272983v1_genomic_prodigal_proteins	2391	GCA_011047875.1_ASM1104787v1_genomic_prodigal_proteins	2810	816	52.03	11.87	34.13
GCA_002729835.1_ASM272983v1_genomic_prodigal_proteins	2391	GCA_009840445.1_ASM984044v1_genomic_prodigal_proteins	2167	1064	60.28	12.56	49.10
GCA_002729835.1_ASM272983v1_genomic_prodigal_proteins	2391	GCA_003210995.1_ASM321099v1_genomic_prodigal_proteins	2385	1267	73.02	13.01	53.12
GCA_002729835.1_ASM272983v1_genomic_prodigal_proteins	2391	GCA_902616995.1_AG-919-L20_genomic_prodigal_proteins	654	306	69.39	13.51	46.79
GCA_002729835.1_ASM272983v1_genomic_prodigal_proteins	2391	GCA_009845825.1_ASM984582v1_genomic_prodigal_proteins	2168	903	60.45	12.57	41.65
GCA_002729835.1_ASM272983v1_genomic_prodigal_proteins	2391	GCA_000515235.1_ASM51523v1_genomic_prodigal_proteins	2873	1592	69.37	13.70	66.58
GCA_002729835.1_ASM272983v1_genomic_prodigal_proteins	2391	GCA_003523965.1_ASM352396v1_genomic_prodigal_proteins	1735	699	61.43	12.99	40.29
GCA_002729835.1_ASM272983v1_genomic_prodigal_proteins	2391	GCA_002684175.1_ASM268417v1_genomic_prodigal_proteins	1819	978	67.91	13.11	53.77
GCA_002729835.1_ASM272983v1_genomic_prodigal_proteins	2391	GCA_011523295.1_ASM1152329v1_genomic_prodigal_proteins	2851	1208	68.53	13.46	50.52
GCA_002729835.1_ASM272983v1_genomic_prodigal_proteins	2391	GCA_003211015.1_ASM321101v1_genomic_prodigal_proteins	2128	1243	72.89	12.73	58.41
GCA_002729835.1_ASM272983v1_genomic_prodigal_proteins	2391	GCA_002006815.1_ASM200681v1_genomic_prodigal_proteins	1973	1238	63.73	13.60	62.75
GCA_000012625.1_ASM1262v1_genomic_prodigal_proteins	2892	GCA_009844725.1_ASM984472v1_genomic_prodigal_proteins	2020	994	60.74	12.80	49.21
GCA_000012625.1_ASM1262v1_genomic_prodigal_proteins	2892	GCA_003331765.1_ASM333176v1_genomic_prodigal_proteins	2019	1666	77.45	12.30	82.52
GCA_000012625.1_ASM1262v1_genomic_prodigal_proteins	2892	GCA_900473935.1_UW105_genomic_prodigal_proteins	2923	1855	71.13	13.96	64.14
GCA_000012625.1_ASM1262v1_genomic_prodigal_proteins	2892	GCA_002168155.1_ASM216815v1_genomic_prodigal_proteins	2361	1516	65.32	13.81	64.21
GCA_000012625.1_ASM1262v1_genomic_prodigal_proteins	2892	GCA_009846095.1_ASM984609v1_genomic_prodigal_proteins	2331	1064	60.68	12.46	45.65
GCA_000012625.1_ASM1262v1_genomic_prodigal_proteins	2892	GCA_009498715.1_ASM949871v1_genomic_prodigal_proteins	2867	1142	55.62	13.18	39.83
GCA_000012625.1_ASM1262v1_genomic_prodigal_proteins	2892	GCA_002252635.1_ASM225263v1_genomic_prodigal_proteins	3011	1607	66.52	13.75	55.57
GCA_000012625.1_ASM1262v1_genomic_prodigal_proteins	2892	GCA_009838425.1_ASM983842v1_genomic_prodigal_proteins	1544	750	61.31	12.70	48.58
GCA_000012625.1_ASM1262v1_genomic_prodigal_proteins	2892	GCA_900473895.1_N32_genomic_prodigal_proteins	2509	2188	93.93	6.91	87.21
GCA_000012625.1_ASM1262v1_genomic_prodigal_proteins	2892	GCA_003210495.1_ASM321049v1_genomic_prodigal_proteins	1134	636	69.62	13.76	56.08
GCA_000012625.1_ASM1262v1_genomic_prodigal_proteins	2892	GCA_003011125.1_ASM301112v1_genomic_prodigal_proteins	3076	1464	63.40	13.77	50.62
GCA_000012625.1_ASM1262v1_genomic_prodigal_proteins	2892	GCA_900177365.1_IMG-taxon_2708742537_annotated_assembly_genomic_prodigal_proteins	3310	1074	53.65	12.97	37.14
GCA_000012625.1_ASM1262v1_genomic_prodigal_proteins	2892	GCA_002760445.1_ASM276044v1_genomic_prodigal_proteins	2661	914	53.09	11.93	34.35
GCA_000012625.1_ASM1262v1_genomic_prodigal_proteins	2892	GCA_900474185.1_UW69_genomic_prodigal_proteins	2629	2167	89.48	8.46	82.43
GCA_000012625.1_ASM1262v1_genomic_prodigal_proteins	2892	GCA_003210775.1_ASM321077v1_genomic_prodigal_proteins	2665	1371	70.41	13.83	51.44
GCA_000012625.1_ASM1262v1_genomic_prodigal_proteins	2892	GCA_002700765.1_ASM270076v1_genomic_prodigal_proteins	2134	1479	75.42	12.96	69.31
GCA_000012625.1_ASM1262v1_genomic_prodigal_proteins	2892	GCA_902599585.1_AG-916-O11_genomic_prodigal_proteins	1470	1014	78.58	13.29	68.98
GCA_000012625.1_ASM1262v1_genomic_prodigal_proteins	2892	GCA_900474045.1_N19_genomic_prodigal_proteins	2484	2078	93.66	7.36	83.66
GCA_000012625.1_ASM1262v1_genomic_prodigal_proteins	2892	GCA_003210815.1_ASM321081v1_genomic_prodigal_proteins	2087	1207	70.11	14.06	57.83
GCA_000012625.1_ASM1262v1_genomic_prodigal_proteins	2892	GCA_900473955.1_GEYO_genomic_prodigal_proteins	2674	1836	71.03	13.72	68.66
GCA_000012625.1_ASM1262v1_genomic_prodigal_proteins	2892	GCA_002167425.2_ASM216742v2_genomic_prodigal_proteins	2822	1722	74.76	13.06	61.02
GCA_000012625.1_ASM1262v1_genomic_prodigal_proteins	2892	GCA_009844645.1_ASM984464v1_genomic_prodigal_proteins	1983	1100	61.20	12.66	55.47
GCA_000012625.1_ASM1262v1_genomic_prodigal_proteins	2892	GCA_008081095.1_ASM808109v1_genomic_prodigal_proteins	1533	1135	94.28	7.74	74.04
GCA_000012625.1_ASM1262v1_genomic_prodigal_proteins	2892	GCA_000014585.1_ASM1458v1_genomic_prodigal_proteins	2879	1801	70.52	13.74	62.56
GCA_000012625.1_ASM1262v1_genomic_prodigal_proteins	2892	GCA_000317085.1_ASM31708v1_genomic_prodigal_proteins	3673	966	52.06	12.45	33.40
GCA_000012625.1_ASM1262v1_genomic_prodigal_proteins	2892	GCA_013133755.1_ASM1313375v1_genomic_prodigal_proteins	2700	1820	70.88	13.87	67.41
GCA_000012625.1_ASM1262v1_genomic_prodigal_proteins	2892	GCA_003210475.1_ASM321047v1_genomic_prodigal_proteins	1514	905	70.40	13.90	59.78
GCA_000012625.1_ASM1262v1_genomic_prodigal_proteins	2892	GCA_003208815.1_ASM320881v1_genomic_prodigal_proteins	1352	784	75.62	13.32	57.99
GCA_000012625.1_ASM1262v1_genomic_prodigal_proteins	2892	GCA_000012505.1_ASM1250v1_genomic_prodigal_proteins	2461	1940	77.31	12.53	78.83
GCA_000012625.1_ASM1262v1_genomic_prodigal_proteins	2892	GCA_000153825.1_ASM15382v1_genomic_prodigal_proteins	2811	1867	72.34	13.83	66.42
GCA_000012625.1_ASM1262v1_genomic_prodigal_proteins	2892	GCA_002760475.1_ASM276047v1_genomic_prodigal_proteins	2647	914	53.10	11.91	34.53
GCA_000012625.1_ASM1262v1_genomic_prodigal_proteins	2892	GCA_003210565.1_ASM321056v1_genomic_prodigal_proteins	836	463	70.00	15.02	55.38
GCA_000012625.1_ASM1262v1_genomic_prodigal_proteins	2892	GCA_902618505.1_AG-892-K03_genomic_prodigal_proteins	959	468	78.53	14.50	48.80
GCA_000012625.1_ASM1262v1_genomic_prodigal_proteins	2892	GCA_005577135.1_ASM557713v1_genomic_prodigal_proteins	3356	1093	53.50	12.98	37.79
GCA_000012625.1_ASM1262v1_genomic_prodigal_proteins	2892	GCA_003846445.1_ASM384644v1_genomic_prodigal_proteins	2740	1179	55.72	13.22	43.03
GCA_000012625.1_ASM1262v1_genomic_prodigal_proteins	2892	GCA_000505665.1_ASM50566v1_genomic_prodigal_proteins	2466	999	53.89	12.55	40.51
GCA_000012625.1_ASM1262v1_genomic_prodigal_proteins	2892	GCA_902616255.1_AG-919-I18_genomic_prodigal_proteins	1046	655	74.35	14.25	62.62
GCA_000012625.1_ASM1262v1_genomic_prodigal_proteins	2892	GCA_001182765.1_WH8103.1_genomic_prodigal_proteins	2676	1995	78.52	12.96	74.55
GCA_000012625.1_ASM1262v1_genomic_prodigal_proteins	2892	GCA_002760375.1_ASM276037v1_genomic_prodigal_proteins	2702	917	53.07	11.92	33.94
GCA_000012625.1_ASM1262v1_genomic_prodigal_proteins	2892	GCA_902592305.1_AG-914-O22_genomic_prodigal_proteins	179	111	76.29	15.61	62.01
GCA_000012625.1_ASM1262v1_genomic_prodigal_proteins	2892	GCA_001632165.1_ASM163216v1_genomic_prodigal_proteins	2830	1842	70.77	13.83	65.09
GCA_000012625.1_ASM1262v1_genomic_prodigal_proteins	2892	GCA_004332405.1_ASM433240v1_genomic_prodigal_proteins	2437	1758	71.99	13.69	72.14
GCA_000012625.1_ASM1262v1_genomic_prodigal_proteins	2892	GCA_900473975.1_N26_genomic_prodigal_proteins	2454	2100	93.53	7.85	85.57
GCA_000012625.1_ASM1262v1_genomic_prodigal_proteins	2892	GCA_902612475.1_AG-918-G20_genomic_prodigal_proteins	502	267	75.88	14.56	53.19
GCA_000012625.1_ASM1262v1_genomic_prodigal_proteins	2892	GCA_000775285.1_ASM77528v1_genomic_prodigal_proteins	4812	957	53.94	12.98	33.09
GCA_000012625.1_ASM1262v1_genomic_prodigal_proteins	2892	GCA_002698505.1_ASM269850v1_genomic_prodigal_proteins	2471	1665	71.01	13.73	67.38
GCA_000012625.1_ASM1262v1_genomic_prodigal_proteins	2892	GCA_002252665.1_ASM225266v1_genomic_prodigal_proteins	2771	1612	67.41	13.70	58.17
GCA_000012625.1_ASM1262v1_genomic_prodigal_proteins	2892	GCA_003555505.1_ASM355550v1_genomic_prodigal_proteins	3351	745	54.41	13.03	25.76
GCA_000012625.1_ASM1262v1_genomic_prodigal_proteins	2892	GCA_900474015.1_UW106_genomic_prodigal_proteins	2762	2172	89.28	8.63	78.64
GCA_000012625.1_ASM1262v1_genomic_prodigal_proteins	2892	GCA_000715475.1_ASM71547v1_genomic_prodigal_proteins	3299	1072	53.59	12.90	37.07
GCA_000012625.1_ASM1262v1_genomic_prodigal_proteins	2892	GCA_001628295.1_ASM162829v1_genomic_prodigal_proteins	2145	1901	94.71	6.32	88.62
GCA_000012625.1_ASM1262v1_genomic_prodigal_proteins	2892	GCA_003208775.1_ASM320877v1_genomic_prodigal_proteins	1808	1115	69.89	13.88	61.67
GCA_000012625.1_ASM1262v1_genomic_prodigal_proteins	2892	GCA_003210975.1_ASM321097v1_genomic_prodigal_proteins	627	439	77.39	13.60	70.02
GCA_000012625.1_ASM1262v1_genomic_prodigal_proteins	2892	GCA_003208915.1_ASM320891v1_genomic_prodigal_proteins	1208	725	76.71	13.65	60.02
GCA_000012625.1_ASM1262v1_genomic_prodigal_proteins	2892	GCA_009837735.1_ASM983773v1_genomic_prodigal_proteins	2041	947	61.27	12.74	46.40
GCA_000012625.1_ASM1262v1_genomic_prodigal_proteins	2892	GCA_902548805.1_AG-901-N20_genomic_prodigal_proteins	158	75	77.35	15.36	47.47
GCA_000012625.1_ASM1262v1_genomic_prodigal_proteins	2892	GCA_003211235.1_ASM321123v1_genomic_prodigal_proteins	1698	1060	77.00	13.35	62.43
GCA_000012625.1_ASM1262v1_genomic_prodigal_proteins	2892	GCA_004209775.1_ASM420977v1_genomic_prodigal_proteins	2798	1768	72.03	13.47	63.19
GCA_000012625.1_ASM1262v1_genomic_prodigal_proteins	2892	GCA_003283215.1_ASM328321v1_genomic_prodigal_proteins	239	62	68.59	16.94	25.94
GCA_000012625.1_ASM1262v1_genomic_prodigal_proteins	2892	GCA_003209555.1_ASM320955v1_genomic_prodigal_proteins	908	425	66.98	14.51	46.81
GCA_000012625.1_ASM1262v1_genomic_prodigal_proteins	2892	GCA_000153805.1_ASM15380v1_genomic_prodigal_proteins	2517	1953	76.90	12.77	77.59
GCA_000012625.1_ASM1262v1_genomic_prodigal_proteins	2892	GCA_003283205.1_ASM328320v1_genomic_prodigal_proteins	274	88	67.96	15.76	32.12
GCA_000012625.1_ASM1262v1_genomic_prodigal_proteins	2892	GCA_900473925.1_N5_genomic_prodigal_proteins	2417	2063	93.69	7.42	85.35
GCA_000012625.1_ASM1262v1_genomic_prodigal_proteins	2892	GCA_902592665.1_AG-447-E14_genomic_prodigal_proteins	1111	591	74.37	14.30	53.20
GCA_000012625.1_ASM1262v1_genomic_prodigal_proteins	2892	GCA_011523155.1_ASM1152315v1_genomic_prodigal_proteins	2101	1267	70.13	13.02	60.30
GCA_000012625.1_ASM1262v1_genomic_prodigal_proteins	2892	GCA_003211275.1_ASM321127v1_genomic_prodigal_proteins	2168	1281	69.79	14.02	59.09
GCA_000012625.1_ASM1262v1_genomic_prodigal_proteins	2892	GCA_003957805.1_ASM395780v1_genomic_prodigal_proteins	2887	1216	55.83	13.24	42.12
GCA_000012625.1_ASM1262v1_genomic_prodigal_proteins	2892	GCA_012270465.1_ASM1227046v1_genomic_prodigal_proteins	2311	1335	65.41	13.85	57.77
GCA_000012625.1_ASM1262v1_genomic_prodigal_proteins	2892	GCA_001693255.1_ASM169325v1_genomic_prodigal_proteins	3177	1088	53.55	12.92	37.62
GCA_000012625.1_ASM1262v1_genomic_prodigal_proteins	2892	GCA_003210385.1_ASM321038v1_genomic_prodigal_proteins	286	209	70.35	14.29	73.08
GCA_000012625.1_ASM1262v1_genomic_prodigal_proteins	2892	GCA_002170705.1_ASM217070v1_genomic_prodigal_proteins	1392	1029	76.78	12.66	73.92
GCA_000012625.1_ASM1262v1_genomic_prodigal_proteins	2892	GCA_002356215.1_ASM235621v1_genomic_prodigal_proteins	2953	1069	53.48	12.98	36.96
GCA_000012625.1_ASM1262v1_genomic_prodigal_proteins	2892	GCA_003210935.1_ASM321093v1_genomic_prodigal_proteins	1868	1213	70.83	13.97	64.94
GCA_000012625.1_ASM1262v1_genomic_prodigal_proteins	2892	GCA_003210535.1_ASM321053v1_genomic_prodigal_proteins	1257	770	75.21	12.86	61.26
GCA_000012625.1_ASM1262v1_genomic_prodigal_proteins	2892	GCA_002724845.1_ASM272484v1_genomic_prodigal_proteins	1589	1397	93.48	6.07	87.92
GCA_000012625.1_ASM1262v1_genomic_prodigal_proteins	2892	GCA_000153285.1_ASM15328v1_genomic_prodigal_proteins	2746	1863	71.48	13.83	67.84
GCA_000012625.1_ASM1262v1_genomic_prodigal_proteins	2892	GCA_003211035.1_ASM321103v1_genomic_prodigal_proteins	530	350	75.90	13.24	66.04
GCA_000012625.1_ASM1262v1_genomic_prodigal_proteins	2892	GCA_001521855.1_ASM152185v1_genomic_prodigal_proteins	3144	1092	53.60	12.88	37.76
GCA_000012625.1_ASM1262v1_genomic_prodigal_proteins	2892	GCA_009835965.1_ASM983596v1_genomic_prodigal_proteins	2105	1195	61.03	12.86	56.77
GCA_000012625.1_ASM1262v1_genomic_prodigal_proteins	2892	GCA_012269695.1_ASM1226969v1_genomic_prodigal_proteins	2043	1154	65.61	13.96	56.49
GCA_000012625.1_ASM1262v1_genomic_prodigal_proteins	2892	GCA_000737535.1_ASM73753v1_genomic_prodigal_proteins	3013	1992	75.57	13.20	68.88
GCA_000012625.1_ASM1262v1_genomic_prodigal_proteins	2892	GCA_000586015.1_SynSpo.0_genomic_prodigal_proteins	1907	931	61.94	13.23	48.82
GCA_000012625.1_ASM1262v1_genomic_prodigal_proteins	2892	GCA_002760345.1_ASM276034v1_genomic_prodigal_proteins	2731	929	53.15	11.83	34.02
GCA_000012625.1_ASM1262v1_genomic_prodigal_proteins	2892	GCA_000013225.1_ASM1322v1_genomic_prodigal_proteins	2844	934	53.06	12.05	32.84
GCA_000012625.1_ASM1262v1_genomic_prodigal_proteins	2892	GCA_000332275.1_ASM33227v1_genomic_prodigal_proteins	4564	1036	52.31	12.30	35.82
GCA_000012625.1_ASM1262v1_genomic_prodigal_proteins	2892	GCA_002252675.1_ASM225267v1_genomic_prodigal_proteins	3295	1613	66.78	13.67	55.77
GCA_000012625.1_ASM1262v1_genomic_prodigal_proteins	2892	GCA_000737575.1_ASM73757v1_genomic_prodigal_proteins	2662	1991	77.27	12.77	74.79
GCA_000012625.1_ASM1262v1_genomic_prodigal_proteins	2892	GCA_902596755.1_AG-916-D19_genomic_prodigal_proteins	1152	716	77.53	13.45	62.15
GCA_000012625.1_ASM1262v1_genomic_prodigal_proteins	2892	GCA_003211455.1_ASM321145v1_genomic_prodigal_proteins	1186	930	96.62	5.66	78.41
GCA_000012625.1_ASM1262v1_genomic_prodigal_proteins	2892	GCA_003208755.1_ASM320875v1_genomic_prodigal_proteins	690	472	76.29	12.89	68.41
GCA_000012625.1_ASM1262v1_genomic_prodigal_proteins	2892	GCA_007571215.1_ASM757121v1_genomic_prodigal_proteins	1879	1164	60.69	12.84	61.95
GCA_000012625.1_ASM1262v1_genomic_prodigal_proteins	2892	GCA_001007635.1_ASM100763v1_genomic_prodigal_proteins	2333	1073	61.30	12.60	45.99
GCA_000012625.1_ASM1262v1_genomic_prodigal_proteins	2892	GCA_000179255.1_ASM17925v1_genomic_prodigal_proteins	2729	1667	67.04	13.88	61.08
GCA_000012625.1_ASM1262v1_genomic_prodigal_proteins	2892	GCA_003208975.1_ASM320897v1_genomic_prodigal_proteins	1804	1092	76.72	13.58	60.53
GCA_000012625.1_ASM1262v1_genomic_prodigal_proteins	2892	GCA_012103655.1_ASM1210365v1_genomic_prodigal_proteins	2723	1804	70.90	13.48	66.25
GCA_000012625.1_ASM1262v1_genomic_prodigal_proteins	2892	GCA_902582045.1_AG-912-B07_genomic_prodigal_proteins	196	97	77.64	14.98	49.49
GCA_000012625.1_ASM1262v1_genomic_prodigal_proteins	2892	GCA_000153045.1_ASM15304v1_genomic_prodigal_proteins	3242	1651	66.97	13.71	57.09
GCA_000012625.1_ASM1262v1_genomic_prodigal_proteins	2892	GCA_902549675.1_AG-903-B09_genomic_prodigal_proteins	836	518	78.75	14.40	61.96
GCA_000012625.1_ASM1262v1_genomic_prodigal_proteins	2892	GCA_002018045.1_ASM201804v1_genomic_prodigal_proteins	1559	915	61.98	12.70	58.69
GCA_000012625.1_ASM1262v1_genomic_prodigal_proteins	2892	GCA_004213055.1_ASM421305v1_genomic_prodigal_proteins	2241	1586	71.43	13.74	70.77
GCA_000012625.1_ASM1262v1_genomic_prodigal_proteins	2892	GCA_007571085.1_ASM757108v1_genomic_prodigal_proteins	1784	1139	60.73	12.90	63.85
GCA_000012625.1_ASM1262v1_genomic_prodigal_proteins	2892	GCA_009839805.1_ASM983980v1_genomic_prodigal_proteins	1848	777	59.52	12.06	42.05
GCA_000012625.1_ASM1262v1_genomic_prodigal_proteins	2892	GCA_003210375.1_ASM321037v1_genomic_prodigal_proteins	2155	1424	76.32	12.68	66.08
GCA_000012625.1_ASM1262v1_genomic_prodigal_proteins	2892	GCA_004332415.1_ASM433241v1_genomic_prodigal_proteins	2408	1773	72.08	13.42	73.63
GCA_000012625.1_ASM1262v1_genomic_prodigal_proteins	2892	GCA_009836025.1_ASM983602v1_genomic_prodigal_proteins	2290	1167	61.29	12.62	50.96
GCA_000012625.1_ASM1262v1_genomic_prodigal_proteins	2892	GCA_009843455.1_ASM984345v1_genomic_prodigal_proteins	2423	1142	61.11	12.52	47.13
GCA_000012625.1_ASM1262v1_genomic_prodigal_proteins	2892	GCA_009843485.1_ASM984348v1_genomic_prodigal_proteins	2158	1190	61.04	12.91	55.14
GCA_000012625.1_ASM1262v1_genomic_prodigal_proteins	2892	GCA_003283135.1_ASM328313v1_genomic_prodigal_proteins	459	147	67.64	15.10	32.03
GCA_000012625.1_ASM1262v1_genomic_prodigal_proteins	2892	GCA_902635485.1_AG-447-G23_genomic_prodigal_proteins	327	170	91.10	11.59	51.99
GCA_000012625.1_ASM1262v1_genomic_prodigal_proteins	2892	GCA_002760415.1_ASM276041v1_genomic_prodigal_proteins	2670	918	53.04	11.92	34.38
GCA_000012625.1_ASM1262v1_genomic_prodigal_proteins	2892	GCA_002754935.1_ASM275493v1_genomic_prodigal_proteins	2664	971	53.86	12.65	36.45
GCA_000012625.1_ASM1262v1_genomic_prodigal_proteins	2892	GCA_002171685.2_ASM217168v2_genomic_prodigal_proteins	811	643	71.81	12.83	79.28
GCA_000012625.1_ASM1262v1_genomic_prodigal_proteins	2892	GCA_000737595.1_ASM73759v1_genomic_prodigal_proteins	2774	2145	90.56	8.82	77.33
GCA_000012625.1_ASM1262v1_genomic_prodigal_proteins	2892	GCA_003331785.1_ASM333178v1_genomic_prodigal_proteins	2125	1643	70.63	13.52	77.32
GCA_000012625.1_ASM1262v1_genomic_prodigal_proteins	2892	GCA_009842265.1_ASM984226v1_genomic_prodigal_proteins	2398	1164	61.11	12.65	48.54
GCA_000012625.1_ASM1262v1_genomic_prodigal_proteins	2892	GCA_902579345.1_AG-911-L15_genomic_prodigal_proteins	248	127	75.57	15.37	51.21
GCA_000012625.1_ASM1262v1_genomic_prodigal_proteins	2892	GCA_000011345.1_ASM1134v1_genomic_prodigal_proteins	2520	1009	54.02	12.58	40.04
GCA_000012625.1_ASM1262v1_genomic_prodigal_proteins	2892	GCA_003210705.1_ASM321070v1_genomic_prodigal_proteins	2244	1373	70.48	13.91	61.19
GCA_000012625.1_ASM1262v1_genomic_prodigal_proteins	2892	GCA_000019485.1_ASM1948v1_genomic_prodigal_proteins	3233	1090	53.59	12.94	37.69
GCA_000012625.1_ASM1262v1_genomic_prodigal_proteins	2892	GCA_003283055.1_ASM328305v1_genomic_prodigal_proteins	482	95	70.35	16.04	19.71
GCA_000012625.1_ASM1262v1_genomic_prodigal_proteins	2892	GCA_000010065.1_ASM1006v1_genomic_prodigal_proteins	2691	1203	55.76	13.26	44.70
GCA_000012625.1_ASM1262v1_genomic_prodigal_proteins	2892	GCA_000316685.1_ASM31668v1_genomic_prodigal_proteins	3706	1063	53.22	12.78	36.76
GCA_000012625.1_ASM1262v1_genomic_prodigal_proteins	2892	GCA_000063525.1_ASM6352v1_genomic_prodigal_proteins	2540	1679	66.11	14.35	66.10
GCA_000012625.1_ASM1262v1_genomic_prodigal_proteins	2892	GCA_003283165.1_ASM328316v1_genomic_prodigal_proteins	217	80	75.12	15.68	36.87
GCA_000012625.1_ASM1262v1_genomic_prodigal_proteins	2892	GCA_902540675.1_AG-359-E22_genomic_prodigal_proteins	584	337	77.84	14.57	57.71
GCA_000012625.1_ASM1262v1_genomic_prodigal_proteins	2892	GCA_011055065.1_ASM1105506v1_genomic_prodigal_proteins	2792	889	53.15	12.02	31.84
GCA_000012625.1_ASM1262v1_genomic_prodigal_proteins	2892	GCA_000013205.1_ASM1320v1_genomic_prodigal_proteins	2750	928	53.18	11.84	33.75
GCA_000012625.1_ASM1262v1_genomic_prodigal_proteins	2892	GCA_003539795.1_ASM353979v1_genomic_prodigal_proteins	2284	1498	75.89	12.53	65.59
GCA_000012625.1_ASM1262v1_genomic_prodigal_proteins	2892	GCA_002171995.1_ASM217199v1_genomic_prodigal_proteins	1978	1033	70.34	13.80	52.22
GCA_000012625.1_ASM1262v1_genomic_prodigal_proteins	2892	GCA_011523835.1_ASM1152383v1_genomic_prodigal_proteins	2468	1570	71.78	13.91	63.61
GCA_000012625.1_ASM1262v1_genomic_prodigal_proteins	2892	GCA_002172175.1_ASM217217v1_genomic_prodigal_proteins	1846	1074	65.26	13.79	58.18
GCA_000012625.1_ASM1262v1_genomic_prodigal_proteins	2892	GCA_003208835.1_ASM320883v1_genomic_prodigal_proteins	2208	1405	77.09	12.58	63.63
GCA_000012625.1_ASM1262v1_genomic_prodigal_proteins	2892	GCA_902589915.1_AG-914-F20_genomic_prodigal_proteins	373	161	79.21	14.30	43.16
GCA_000012625.1_ASM1262v1_genomic_prodigal_proteins	2892	GCA_000485815.1_ASM48581v1_genomic_prodigal_proteins	3083	1045	53.49	12.92	36.13
GCA_000012625.1_ASM1262v1_genomic_prodigal_proteins	2892	GCA_008807075.1_ASM880707v1_genomic_prodigal_proteins	2925	1612	66.55	13.45	55.74
GCA_000012625.1_ASM1262v1_genomic_prodigal_proteins	2892	GCA_000179235.2_ASM17923v2_genomic_prodigal_proteins	3071	1684	67.46	13.84	58.23
GCA_000012625.1_ASM1262v1_genomic_prodigal_proteins	2892	GCA_003210795.1_ASM321079v1_genomic_prodigal_proteins	2239	1482	76.80	13.29	66.19
GCA_000012625.1_ASM1262v1_genomic_prodigal_proteins	2892	GCA_002706715.1_ASM270671v1_genomic_prodigal_proteins	1148	918	77.61	12.86	79.97
GCA_000012625.1_ASM1262v1_genomic_prodigal_proteins	2892	GCA_003331245.1_ASM333124v1_genomic_prodigal_proteins	2021	1629	76.77	12.55	80.60
GCA_000012625.1_ASM1262v1_genomic_prodigal_proteins	2892	GCA_009843385.1_ASM984338v1_genomic_prodigal_proteins	2085	981	61.44	12.71	47.05
GCA_000012625.1_ASM1262v1_genomic_prodigal_proteins	2892	GCA_003211205.1_ASM321120v1_genomic_prodigal_proteins	2288	1443	70.73	13.79	63.07
GCA_000012625.1_ASM1262v1_genomic_prodigal_proteins	2892	GCA_000063505.1_ASM6350v1_genomic_prodigal_proteins	2558	1817	71.59	13.93	71.03
GCA_000012625.1_ASM1262v1_genomic_prodigal_proteins	2892	GCA_900474245.1_UW179B_genomic_prodigal_proteins	2743	1809	70.71	13.55	65.95
GCA_000012625.1_ASM1262v1_genomic_prodigal_proteins	2892	GCA_003210345.1_ASM321034v1_genomic_prodigal_proteins	1256	827	76.24	12.62	65.84
GCA_000012625.1_ASM1262v1_genomic_prodigal_proteins	2892	GCA_003210315.1_ASM321031v1_genomic_prodigal_proteins	1815	1104	69.54	13.78	60.83
GCA_000012625.1_ASM1262v1_genomic_prodigal_proteins	2892	GCA_009836155.1_ASM983615v1_genomic_prodigal_proteins	1947	1103	61.34	12.59	56.65
GCA_000012625.1_ASM1262v1_genomic_prodigal_proteins	2892	GCA_003990665.2_ASM399066v2_genomic_prodigal_proteins	2499	1008	54.05	12.57	40.34
GCA_000012625.1_ASM1262v1_genomic_prodigal_proteins	2892	GCA_003209135.1_ASM320913v1_genomic_prodigal_proteins	1719	1067	74.83	13.42	62.07
GCA_000012625.1_ASM1262v1_genomic_prodigal_proteins	2892	GCA_009845105.1_ASM984510v1_genomic_prodigal_proteins	1941	921	60.83	12.74	47.45
GCA_000012625.1_ASM1262v1_genomic_prodigal_proteins	2892	GCA_002690325.1_ASM269032v1_genomic_prodigal_proteins	2554	1827	74.57	13.48	71.53
GCA_000012625.1_ASM1262v1_genomic_prodigal_proteins	2892	GCA_000161795.2_ASM16179v2_genomic_prodigal_proteins	2407	2065	93.33	7.29	85.79
GCA_000012625.1_ASM1262v1_genomic_prodigal_proteins	2892	GCA_004211895.1_ASM421189v1_genomic_prodigal_proteins	954	820	93.89	6.37	85.95
GCA_000012625.1_ASM1262v1_genomic_prodigal_proteins	2892	GCA_003210735.1_ASM321073v1_genomic_prodigal_proteins	2337	1513	76.71	13.08	64.74
GCA_000012625.1_ASM1262v1_genomic_prodigal_proteins	2892	GCA_003209035.1_ASM320903v1_genomic_prodigal_proteins	1803	1122	76.79	13.27	62.23
GCA_000012625.1_ASM1262v1_genomic_prodigal_proteins	2892	GCA_003712085.1_ASM371208v1_genomic_prodigal_proteins	2745	2002	78.39	12.98	72.93
GCA_000012625.1_ASM1262v1_genomic_prodigal_proteins	2892	GCA_003212155.1_ASM321215v1_genomic_prodigal_proteins	262	112	65.00	16.99	42.75
GCA_000012625.1_ASM1262v1_genomic_prodigal_proteins	2892	GCA_001040845.1_ASM104084v1_genomic_prodigal_proteins	2917	1822	70.52	13.66	63.00
GCA_000012625.1_ASM1262v1_genomic_prodigal_proteins	2892	GCA_002018015.1_ASM201801v1_genomic_prodigal_proteins	1578	890	62.08	12.71	56.40
GCA_000012625.1_ASM1262v1_genomic_prodigal_proteins	2892	GCA_003211255.1_ASM321125v1_genomic_prodigal_proteins	1850	1121	76.28	13.32	60.59
GCA_000012625.1_ASM1262v1_genomic_prodigal_proteins	2892	GCA_002721235.1_ASM272123v1_genomic_prodigal_proteins	3119	1090	53.57	12.93	37.69
GCA_000012625.1_ASM1262v1_genomic_prodigal_proteins	2892	GCA_009839305.1_ASM983930v1_genomic_prodigal_proteins	1816	890	61.48	13.34	49.01
GCA_000012625.1_ASM1262v1_genomic_prodigal_proteins	2892	GCA_011365345.1_ASM1136534v1_genomic_prodigal_proteins	2655	2184	89.23	8.96	82.26
GCA_000012625.1_ASM1262v1_genomic_prodigal_proteins	2892	GCA_001039265.1_ASM103926v1_genomic_prodigal_proteins	2832	1115	68.37	13.78	39.37
GCA_000012625.1_ASM1262v1_genomic_prodigal_proteins	2892	GCA_001628325.1_ASM162832v1_genomic_prodigal_proteins	2129	1879	94.75	6.24	88.26
GCA_000012625.1_ASM1262v1_genomic_prodigal_proteins	2892	GCA_003209215.1_ASM320921v1_genomic_prodigal_proteins	1679	1104	92.64	7.57	65.75
GCA_000012625.1_ASM1262v1_genomic_prodigal_proteins	2892	GCA_002737305.1_ASM273730v1_genomic_prodigal_proteins	1951	1218	67.22	13.63	62.43
GCA_000012625.1_ASM1262v1_genomic_prodigal_proteins	2892	GCA_003210515.1_ASM321051v1_genomic_prodigal_proteins	1673	1141	76.15	12.85	68.20
GCA_000012625.1_ASM1262v1_genomic_prodigal_proteins	2892	GCA_011525445.1_ASM1152544v1_genomic_prodigal_proteins	3208	1506	70.38	13.51	52.07
GCA_000012625.1_ASM1262v1_genomic_prodigal_proteins	2892	GCA_902599435.1_AG-916-N22_genomic_prodigal_proteins	793	511	79.68	13.26	64.44
GCA_000012625.1_ASM1262v1_genomic_prodigal_proteins	2892	GCA_003149585.1_ASM314958v1_genomic_prodigal_proteins	2600	1684	67.11	13.95	64.77
GCA_000012625.1_ASM1262v1_genomic_prodigal_proteins	2892	GCA_902560665.1_AG-905-O11_genomic_prodigal_proteins	401	219	78.29	14.79	54.61
GCA_000012625.1_ASM1262v1_genomic_prodigal_proteins	2892	GCA_003331795.1_ASM333179v1_genomic_prodigal_proteins	1948	1345	65.90	14.42	69.05
GCA_000012625.1_ASM1262v1_genomic_prodigal_proteins	2892	GCA_002017955.1_ASM201795v1_genomic_prodigal_proteins	512	258	61.98	12.25	50.39
GCA_000012625.1_ASM1262v1_genomic_prodigal_proteins	2892	GCA_902584485.1_AG-912-O23_genomic_prodigal_proteins	535	274	78.00	13.89	51.21
GCA_000012625.1_ASM1262v1_genomic_prodigal_proteins	2892	GCA_902527915.1_AG-896-G19_genomic_prodigal_proteins	1003	674	77.93	13.54	67.20
GCA_000012625.1_ASM1262v1_genomic_prodigal_proteins	2892	GCA_902635365.1_AG-447-D19_genomic_prodigal_proteins	1690	1003	76.02	13.93	59.35
GCA_000012625.1_ASM1262v1_genomic_prodigal_proteins	2892	GCA_900474085.1_UW86_genomic_prodigal_proteins	2403	2081	93.82	7.32	86.60
GCA_000012625.1_ASM1262v1_genomic_prodigal_proteins	2892	GCA_001885215.1_ASM188521v1_genomic_prodigal_proteins	2897	1607	66.09	13.35	55.57
GCA_000012625.1_ASM1262v1_genomic_prodigal_proteins	2892	GCA_902575935.1_AG-426-B22_genomic_prodigal_proteins	254	179	92.08	11.05	70.47
GCA_000012625.1_ASM1262v1_genomic_prodigal_proteins	2892	GCA_900474295.1_UW140_genomic_prodigal_proteins	2925	1856	71.35	13.77	64.18
GCA_000012625.1_ASM1262v1_genomic_prodigal_proteins	2892	GCA_003211565.1_ASM321156v1_genomic_prodigal_proteins	1489	1015	92.56	8.07	68.17
GCA_000012625.1_ASM1262v1_genomic_prodigal_proteins	2892	GCA_003526105.1_ASM352610v1_genomic_prodigal_proteins	1581	1102	94.69	6.90	69.70
GCA_000012625.1_ASM1262v1_genomic_prodigal_proteins	2892	GCA_002172935.1_ASM217293v1_genomic_prodigal_proteins	1996	1380	70.48	13.53	69.14
GCA_000012625.1_ASM1262v1_genomic_prodigal_proteins	2892	GCA_003210335.1_ASM321033v1_genomic_prodigal_proteins	942	382	67.68	14.58	40.55
GCA_000012625.1_ASM1262v1_genomic_prodigal_proteins	2892	GCA_009846115.1_ASM984611v1_genomic_prodigal_proteins	2048	1061	60.89	12.94	51.81
GCA_000012625.1_ASM1262v1_genomic_prodigal_proteins	2892	GCA_001693295.1_ASM169329v1_genomic_prodigal_proteins	3183	1091	53.54	12.96	37.72
GCA_000012625.1_ASM1262v1_genomic_prodigal_proteins	2892	GCA_900473965.1_UW179A_genomic_prodigal_proteins	3383	1887	70.80	13.92	65.25
GCA_000012625.1_ASM1262v1_genomic_prodigal_proteins	2892	GCA_003213755.1_ASM321375v1_genomic_prodigal_proteins	1050	580	66.40	14.70	55.24
GCA_000012625.1_ASM1262v1_genomic_prodigal_proteins	2892	GCA_003209155.1_ASM320915v1_genomic_prodigal_proteins	2305	1415	70.62	13.78	61.39
GCA_000012625.1_ASM1262v1_genomic_prodigal_proteins	2892	GCA_003211515.1_ASM321151v1_genomic_prodigal_proteins	2451	1323	74.78	13.52	53.98
GCA_000012625.1_ASM1262v1_genomic_prodigal_proteins	2892	GCA_002693285.1_ASM269328v1_genomic_prodigal_proteins	2440	1625	70.94	13.77	66.60
GCA_000012625.1_ASM1262v1_genomic_prodigal_proteins	2892	GCA_003210555.1_ASM321055v1_genomic_prodigal_proteins	1847	1057	69.95	13.36	57.23
GCA_000012625.1_ASM1262v1_genomic_prodigal_proteins	2892	GCA_000155595.1_ASM15559v1_genomic_prodigal_proteins	5270	1128	53.16	12.77	39.00
GCA_000012625.1_ASM1262v1_genomic_prodigal_proteins	2892	GCA_001007665.1_ASM100766v1_genomic_prodigal_proteins	2356	1197	60.79	12.83	50.81
GCA_000012625.1_ASM1262v1_genomic_prodigal_proteins	2892	GCA_009919765.1_ASM991976v1_genomic_prodigal_proteins	2524	1146	66.28	14.70	45.40
GCA_000012625.1_ASM1262v1_genomic_prodigal_proteins	2892	GCA_003331225.1_ASM333122v1_genomic_prodigal_proteins	2113	1436	66.30	14.09	67.96
GCA_000012625.1_ASM1262v1_genomic_prodigal_proteins	2892	GCA_900177825.1_IMG-taxon_2708742468_annotated_assembly_genomic_prodigal_proteins	3317	1077	53.60	12.95	37.24
GCA_000012625.1_ASM1262v1_genomic_prodigal_proteins	2892	GCA_000195975.1_ASM19597v1_genomic_prodigal_proteins	2719	2001	78.57	12.95	73.59
GCA_000012625.1_ASM1262v1_genomic_prodigal_proteins	2892	GCA_902618885.1_AG-920-D15_genomic_prodigal_proteins	1178	803	78.53	13.60	68.17
GCA_000012625.1_ASM1262v1_genomic_prodigal_proteins	2892	GCA_003209165.1_ASM320916v1_genomic_prodigal_proteins	2711	1882	90.72	7.62	69.42
GCA_000012625.1_ASM1262v1_genomic_prodigal_proteins	2892	GCA_001007625.1_ASM100762v1_genomic_prodigal_proteins	2478	1047	61.38	12.79	42.25
GCA_000012625.1_ASM1262v1_genomic_prodigal_proteins	2892	GCA_008386235.1_ASM838623v1_genomic_prodigal_proteins	2571	1010	53.94	12.62	39.28
GCA_000012625.1_ASM1262v1_genomic_prodigal_proteins	2892	GCA_001631935.1_ASM163193v1_genomic_prodigal_proteins	3526	1863	70.74	13.81	64.42
GCA_000012625.1_ASM1262v1_genomic_prodigal_proteins	2892	GCA_002151525.1_ASM215152v1_genomic_prodigal_proteins	1628	1100	64.00	13.98	67.57
GCA_000012625.1_ASM1262v1_genomic_prodigal_proteins	2892	GCA_000153065.1_ASM15306v1_genomic_prodigal_proteins	2704	1729	72.10	13.28	63.94
GCA_000012625.1_ASM1262v1_genomic_prodigal_proteins	2892	GCA_009837265.1_ASM983726v1_genomic_prodigal_proteins	2126	1121	61.01	12.90	52.73
GCA_000012625.1_ASM1262v1_genomic_prodigal_proteins	2892	GCA_902533725.1_AG-898-C20_genomic_prodigal_proteins	421	236	90.52	10.65	56.06
GCA_000012625.1_ASM1262v1_genomic_prodigal_proteins	2892	GCA_002171075.2_ASM217107v2_genomic_prodigal_proteins	1919	1235	64.64	13.69	64.36
GCA_000012625.1_ASM1262v1_genomic_prodigal_proteins	2892	GCA_002760395.1_ASM276039v1_genomic_prodigal_proteins	2661	908	53.09	11.91	34.12
GCA_000012625.1_ASM1262v1_genomic_prodigal_proteins	2892	GCA_003209005.1_ASM320900v1_genomic_prodigal_proteins	2548	1561	70.50	13.90	61.26
GCA_000012625.1_ASM1262v1_genomic_prodigal_proteins	2892	GCA_002017915.1_ASM201791v1_genomic_prodigal_proteins	623	327	63.68	13.45	52.49
GCA_000012625.1_ASM1262v1_genomic_prodigal_proteins	2892	GCA_900047545.1_m9_genomic_prodigal_proteins	1575	925	60.91	12.75	58.73
GCA_000012625.1_ASM1262v1_genomic_prodigal_proteins	2892	GCA_001632105.1_ASM163210v1_genomic_prodigal_proteins	3521	1873	70.67	13.81	64.76
GCA_000012625.1_ASM1262v1_genomic_prodigal_proteins	2892	GCA_004212765.1_ASM421276v1_genomic_prodigal_proteins	1162	911	77.95	12.94	78.40
GCA_000012625.1_ASM1262v1_genomic_prodigal_proteins	2892	GCA_002685515.1_ASM268551v1_genomic_prodigal_proteins	1286	924	69.97	13.63	71.85
GCA_000012625.1_ASM1262v1_genomic_prodigal_proteins	2892	GCA_007828135.1_ASM782813v1_genomic_prodigal_proteins	2917	1608	66.13	13.39	55.60
GCA_000012625.1_ASM1262v1_genomic_prodigal_proteins	2892	GCA_011047875.1_ASM1104787v1_genomic_prodigal_proteins	2810	915	53.21	11.99	32.56
GCA_000012625.1_ASM1262v1_genomic_prodigal_proteins	2892	GCA_009840445.1_ASM984044v1_genomic_prodigal_proteins	2167	1220	60.96	12.93	56.30
GCA_000012625.1_ASM1262v1_genomic_prodigal_proteins	2892	GCA_003210995.1_ASM321099v1_genomic_prodigal_proteins	2385	1382	70.68	14.12	57.95
GCA_000012625.1_ASM1262v1_genomic_prodigal_proteins	2892	GCA_902616995.1_AG-919-L20_genomic_prodigal_proteins	654	415	78.11	13.14	63.46
GCA_000012625.1_ASM1262v1_genomic_prodigal_proteins	2892	GCA_009845825.1_ASM984582v1_genomic_prodigal_proteins	2168	1022	61.50	12.54	47.14
GCA_000012625.1_ASM1262v1_genomic_prodigal_proteins	2892	GCA_000515235.1_ASM51523v1_genomic_prodigal_proteins	2873	1997	75.70	13.14	69.51
GCA_000012625.1_ASM1262v1_genomic_prodigal_proteins	2892	GCA_003523965.1_ASM352396v1_genomic_prodigal_proteins	1735	782	62.26	13.05	45.07
GCA_000012625.1_ASM1262v1_genomic_prodigal_proteins	2892	GCA_002684175.1_ASM268417v1_genomic_prodigal_proteins	1819	1173	75.57	11.93	64.49
GCA_000012625.1_ASM1262v1_genomic_prodigal_proteins	2892	GCA_011523295.1_ASM1152329v1_genomic_prodigal_proteins	2851	1553	76.57	13.28	54.47
GCA_000012625.1_ASM1262v1_genomic_prodigal_proteins	2892	GCA_003211015.1_ASM321101v1_genomic_prodigal_proteins	2128	1344	70.83	13.68	63.16
GCA_000012625.1_ASM1262v1_genomic_prodigal_proteins	2892	GCA_002006815.1_ASM200681v1_genomic_prodigal_proteins	1973	1370	64.26	13.85	69.44
GCA_000230675.2_ASM23067v1_genomic_prodigal_proteins	2998	GCA_002252625.1_ASM225262v1_genomic_prodigal_proteins	3600	1697	65.69	13.79	56.60
GCA_000230675.2_ASM23067v1_genomic_prodigal_proteins	2998	GCA_000012625.1_ASM1262v1_genomic_prodigal_proteins	2892	1821	70.51	13.73	62.97
GCA_000230675.2_ASM23067v1_genomic_prodigal_proteins	2998	GCA_009844725.1_ASM984472v1_genomic_prodigal_proteins	2020	981	60.38	12.83	48.56
GCA_000230675.2_ASM23067v1_genomic_prodigal_proteins	2998	GCA_003331765.1_ASM333176v1_genomic_prodigal_proteins	2019	1574	70.23	13.73	77.96
GCA_000230675.2_ASM23067v1_genomic_prodigal_proteins	2998	GCA_900473935.1_UW105_genomic_prodigal_proteins	2923	1947	72.65	13.40	66.61
GCA_000230675.2_ASM23067v1_genomic_prodigal_proteins	2998	GCA_002168155.1_ASM216815v1_genomic_prodigal_proteins	2361	1546	64.38	13.84	65.48
GCA_000230675.2_ASM23067v1_genomic_prodigal_proteins	2998	GCA_009846095.1_ASM984609v1_genomic_prodigal_proteins	2331	1071	60.36	12.56	45.95
GCA_000230675.2_ASM23067v1_genomic_prodigal_proteins	2998	GCA_009498715.1_ASM949871v1_genomic_prodigal_proteins	2867	1148	55.54	13.10	40.04
GCA_000230675.2_ASM23067v1_genomic_prodigal_proteins	2998	GCA_002252635.1_ASM225263v1_genomic_prodigal_proteins	3011	1660	65.67	14.03	55.37
GCA_000230675.2_ASM23067v1_genomic_prodigal_proteins	2998	GCA_009838425.1_ASM983842v1_genomic_prodigal_proteins	1544	749	60.93	12.77	48.51
GCA_000230675.2_ASM23067v1_genomic_prodigal_proteins	2998	GCA_900473895.1_N32_genomic_prodigal_proteins	2509	1819	70.66	13.72	72.50
GCA_000230675.2_ASM23067v1_genomic_prodigal_proteins	2998	GCA_003210495.1_ASM321049v1_genomic_prodigal_proteins	1134	663	72.43	12.92	58.47
GCA_000230675.2_ASM23067v1_genomic_prodigal_proteins	2998	GCA_003011125.1_ASM301112v1_genomic_prodigal_proteins	3076	1528	63.07	13.92	50.97
GCA_000230675.2_ASM23067v1_genomic_prodigal_proteins	2998	GCA_900177365.1_IMG-taxon_2708742537_annotated_assembly_genomic_prodigal_proteins	3310	1058	53.35	12.86	35.29
GCA_000230675.2_ASM23067v1_genomic_prodigal_proteins	2998	GCA_002760445.1_ASM276044v1_genomic_prodigal_proteins	2661	923	52.61	11.97	34.69
GCA_000230675.2_ASM23067v1_genomic_prodigal_proteins	2998	GCA_900474185.1_UW69_genomic_prodigal_proteins	2629	1874	70.22	13.95	71.28
GCA_000230675.2_ASM23067v1_genomic_prodigal_proteins	2998	GCA_003210775.1_ASM321077v1_genomic_prodigal_proteins	2665	1495	72.74	13.19	56.10
GCA_000230675.2_ASM23067v1_genomic_prodigal_proteins	2998	GCA_002700765.1_ASM270076v1_genomic_prodigal_proteins	2134	1385	69.80	13.65	64.90
GCA_000230675.2_ASM23067v1_genomic_prodigal_proteins	2998	GCA_902599585.1_AG-916-O11_genomic_prodigal_proteins	1470	914	71.29	13.94	62.18
GCA_000230675.2_ASM23067v1_genomic_prodigal_proteins	2998	GCA_900474045.1_N19_genomic_prodigal_proteins	2484	1767	70.97	13.48	71.14
GCA_000230675.2_ASM23067v1_genomic_prodigal_proteins	2998	GCA_003210815.1_ASM321081v1_genomic_prodigal_proteins	2087	1272	72.60	13.26	60.95
GCA_000230675.2_ASM23067v1_genomic_prodigal_proteins	2998	GCA_900473955.1_GEYO_genomic_prodigal_proteins	2674	1927	73.86	12.91	72.06
GCA_000230675.2_ASM23067v1_genomic_prodigal_proteins	2998	GCA_002167425.2_ASM216742v2_genomic_prodigal_proteins	2822	1596	69.28	13.62	56.56
GCA_000230675.2_ASM23067v1_genomic_prodigal_proteins	2998	GCA_009844645.1_ASM984464v1_genomic_prodigal_proteins	1983	1105	60.85	12.82	55.72
GCA_000230675.2_ASM23067v1_genomic_prodigal_proteins	2998	GCA_008081095.1_ASM808109v1_genomic_prodigal_proteins	1533	964	71.01	13.34	62.88
GCA_000230675.2_ASM23067v1_genomic_prodigal_proteins	2998	GCA_000014585.1_ASM1458v1_genomic_prodigal_proteins	2879	2201	89.81	9.65	76.45
GCA_000230675.2_ASM23067v1_genomic_prodigal_proteins	2998	GCA_000317085.1_ASM31708v1_genomic_prodigal_proteins	3673	982	51.84	12.33	32.76
GCA_000230675.2_ASM23067v1_genomic_prodigal_proteins	2998	GCA_013133755.1_ASM1313375v1_genomic_prodigal_proteins	2700	1933	73.91	12.91	71.59
GCA_000230675.2_ASM23067v1_genomic_prodigal_proteins	2998	GCA_003210475.1_ASM321047v1_genomic_prodigal_proteins	1514	964	72.90	13.36	63.67
GCA_000230675.2_ASM23067v1_genomic_prodigal_proteins	2998	GCA_003208815.1_ASM320881v1_genomic_prodigal_proteins	1352	738	69.59	14.18	54.59
GCA_000230675.2_ASM23067v1_genomic_prodigal_proteins	2998	GCA_000012505.1_ASM1250v1_genomic_prodigal_proteins	2461	1834	70.23	13.96	74.52
GCA_000230675.2_ASM23067v1_genomic_prodigal_proteins	2998	GCA_000153825.1_ASM15382v1_genomic_prodigal_proteins	2811	1974	73.15	13.35	70.22
GCA_000230675.2_ASM23067v1_genomic_prodigal_proteins	2998	GCA_002760475.1_ASM276047v1_genomic_prodigal_proteins	2647	922	52.62	11.95	34.83
GCA_000230675.2_ASM23067v1_genomic_prodigal_proteins	2998	GCA_003210565.1_ASM321056v1_genomic_prodigal_proteins	836	541	89.41	10.41	64.71
GCA_000230675.2_ASM23067v1_genomic_prodigal_proteins	2998	GCA_902618505.1_AG-892-K03_genomic_prodigal_proteins	959	411	71.49	14.38	42.86
GCA_000230675.2_ASM23067v1_genomic_prodigal_proteins	2998	GCA_005577135.1_ASM557713v1_genomic_prodigal_proteins	3356	1073	53.34	12.79	35.79
GCA_000230675.2_ASM23067v1_genomic_prodigal_proteins	2998	GCA_003846445.1_ASM384644v1_genomic_prodigal_proteins	2740	1175	55.62	13.06	42.88
GCA_000230675.2_ASM23067v1_genomic_prodigal_proteins	2998	GCA_000505665.1_ASM50566v1_genomic_prodigal_proteins	2466	1010	53.50	12.42	40.96
GCA_000230675.2_ASM23067v1_genomic_prodigal_proteins	2998	GCA_902616255.1_AG-919-I18_genomic_prodigal_proteins	1046	613	68.62	14.20	58.60
GCA_000230675.2_ASM23067v1_genomic_prodigal_proteins	2998	GCA_001182765.1_WH8103.1_genomic_prodigal_proteins	2676	1828	70.95	13.51	68.31
GCA_000230675.2_ASM23067v1_genomic_prodigal_proteins	2998	GCA_002760375.1_ASM276037v1_genomic_prodigal_proteins	2702	925	52.57	11.98	34.23
GCA_000230675.2_ASM23067v1_genomic_prodigal_proteins	2998	GCA_902592305.1_AG-914-O22_genomic_prodigal_proteins	179	98	70.75	13.44	54.75
GCA_000230675.2_ASM23067v1_genomic_prodigal_proteins	2998	GCA_001632165.1_ASM163216v1_genomic_prodigal_proteins	2830	1939	73.63	13.05	68.52
GCA_000230675.2_ASM23067v1_genomic_prodigal_proteins	2998	GCA_004332405.1_ASM433240v1_genomic_prodigal_proteins	2437	1888	74.05	13.40	77.47
GCA_000230675.2_ASM23067v1_genomic_prodigal_proteins	2998	GCA_900473975.1_N26_genomic_prodigal_proteins	2454	1786	71.03	13.56	72.78
GCA_000230675.2_ASM23067v1_genomic_prodigal_proteins	2998	GCA_902612475.1_AG-918-G20_genomic_prodigal_proteins	502	234	68.13	14.36	46.61
GCA_000230675.2_ASM23067v1_genomic_prodigal_proteins	2998	GCA_000775285.1_ASM77528v1_genomic_prodigal_proteins	4812	962	53.72	12.76	32.09
GCA_000230675.2_ASM23067v1_genomic_prodigal_proteins	2998	GCA_002698505.1_ASM269850v1_genomic_prodigal_proteins	2471	1740	72.58	13.11	70.42
GCA_000230675.2_ASM23067v1_genomic_prodigal_proteins	2998	GCA_002252665.1_ASM225266v1_genomic_prodigal_proteins	2771	1670	66.92	13.82	60.27
GCA_000230675.2_ASM23067v1_genomic_prodigal_proteins	2998	GCA_003555505.1_ASM355550v1_genomic_prodigal_proteins	3351	743	54.17	12.89	24.78
GCA_000230675.2_ASM23067v1_genomic_prodigal_proteins	2998	GCA_900474015.1_UW106_genomic_prodigal_proteins	2762	1868	70.17	13.86	67.63
GCA_000230675.2_ASM23067v1_genomic_prodigal_proteins	2998	GCA_000715475.1_ASM71547v1_genomic_prodigal_proteins	3299	1053	53.42	12.75	35.12
GCA_000230675.2_ASM23067v1_genomic_prodigal_proteins	2998	GCA_001628295.1_ASM162829v1_genomic_prodigal_proteins	2145	1628	71.21	13.33	75.90
GCA_000230675.2_ASM23067v1_genomic_prodigal_proteins	2998	GCA_003208775.1_ASM320877v1_genomic_prodigal_proteins	1808	1350	89.68	10.14	74.67
GCA_000230675.2_ASM23067v1_genomic_prodigal_proteins	2998	GCA_003210975.1_ASM321097v1_genomic_prodigal_proteins	627	410	69.94	14.15	65.39
GCA_000230675.2_ASM23067v1_genomic_prodigal_proteins	2998	GCA_003208915.1_ASM320891v1_genomic_prodigal_proteins	1208	650	69.23	13.73	53.81
GCA_000230675.2_ASM23067v1_genomic_prodigal_proteins	2998	GCA_009837735.1_ASM983773v1_genomic_prodigal_proteins	2041	945	61.01	12.73	46.30
GCA_000230675.2_ASM23067v1_genomic_prodigal_proteins	2998	GCA_902548805.1_AG-901-N20_genomic_prodigal_proteins	158	69	68.71	16.03	43.67
GCA_000230675.2_ASM23067v1_genomic_prodigal_proteins	2998	GCA_003211235.1_ASM321123v1_genomic_prodigal_proteins	1698	955	69.66	13.75	56.24
GCA_000230675.2_ASM23067v1_genomic_prodigal_proteins	2998	GCA_004209775.1_ASM420977v1_genomic_prodigal_proteins	2798	1893	73.83	13.10	67.66
GCA_000230675.2_ASM23067v1_genomic_prodigal_proteins	2998	GCA_003283215.1_ASM328321v1_genomic_prodigal_proteins	239	70	71.44	17.34	29.29
GCA_000230675.2_ASM23067v1_genomic_prodigal_proteins	2998	GCA_003209555.1_ASM320955v1_genomic_prodigal_proteins	908	435	65.17	14.78	47.91
GCA_000230675.2_ASM23067v1_genomic_prodigal_proteins	2998	GCA_000153805.1_ASM15380v1_genomic_prodigal_proteins	2517	1841	70.19	13.92	73.14
GCA_000230675.2_ASM23067v1_genomic_prodigal_proteins	2998	GCA_003283205.1_ASM328320v1_genomic_prodigal_proteins	274	95	70.51	15.47	34.67
GCA_000230675.2_ASM23067v1_genomic_prodigal_proteins	2998	GCA_900473925.1_N5_genomic_prodigal_proteins	2417	1761	71.09	13.51	72.86
GCA_000230675.2_ASM23067v1_genomic_prodigal_proteins	2998	GCA_902592665.1_AG-447-E14_genomic_prodigal_proteins	1111	556	69.03	14.48	50.05
GCA_000230675.2_ASM23067v1_genomic_prodigal_proteins	2998	GCA_011523155.1_ASM1152315v1_genomic_prodigal_proteins	2101	1311	71.02	12.71	62.40
GCA_000230675.2_ASM23067v1_genomic_prodigal_proteins	2998	GCA_003211275.1_ASM321127v1_genomic_prodigal_proteins	2168	1353	73.01	13.09	62.41
GCA_000230675.2_ASM23067v1_genomic_prodigal_proteins	2998	GCA_003957805.1_ASM395780v1_genomic_prodigal_proteins	2887	1218	55.48	13.14	42.19
GCA_000230675.2_ASM23067v1_genomic_prodigal_proteins	2998	GCA_012270465.1_ASM1227046v1_genomic_prodigal_proteins	2311	1348	64.27	13.63	58.33
GCA_000230675.2_ASM23067v1_genomic_prodigal_proteins	2998	GCA_001693255.1_ASM169325v1_genomic_prodigal_proteins	3177	1070	53.51	12.69	35.69
GCA_000230675.2_ASM23067v1_genomic_prodigal_proteins	2998	GCA_003210385.1_ASM321038v1_genomic_prodigal_proteins	286	243	90.53	8.10	84.97
GCA_000230675.2_ASM23067v1_genomic_prodigal_proteins	2998	GCA_002170705.1_ASM217070v1_genomic_prodigal_proteins	1392	988	70.60	13.29	70.98
GCA_000230675.2_ASM23067v1_genomic_prodigal_proteins	2998	GCA_002356215.1_ASM235621v1_genomic_prodigal_proteins	2953	1063	53.28	12.78	36.00
GCA_000230675.2_ASM23067v1_genomic_prodigal_proteins	2998	GCA_003210935.1_ASM321093v1_genomic_prodigal_proteins	1868	1263	73.82	13.07	67.61
GCA_000230675.2_ASM23067v1_genomic_prodigal_proteins	2998	GCA_003210535.1_ASM321053v1_genomic_prodigal_proteins	1257	706	69.37	13.87	56.17
GCA_000230675.2_ASM23067v1_genomic_prodigal_proteins	2998	GCA_002724845.1_ASM272484v1_genomic_prodigal_proteins	1589	1228	70.53	13.12	77.28
GCA_000230675.2_ASM23067v1_genomic_prodigal_proteins	2998	GCA_000153285.1_ASM15328v1_genomic_prodigal_proteins	2746	2036	73.83	13.16	74.14
GCA_000230675.2_ASM23067v1_genomic_prodigal_proteins	2998	GCA_003211035.1_ASM321103v1_genomic_prodigal_proteins	530	322	68.42	13.62	60.75
GCA_000230675.2_ASM23067v1_genomic_prodigal_proteins	2998	GCA_001521855.1_ASM152185v1_genomic_prodigal_proteins	3144	1073	53.42	12.74	35.79
GCA_000230675.2_ASM23067v1_genomic_prodigal_proteins	2998	GCA_009835965.1_ASM983596v1_genomic_prodigal_proteins	2105	1174	60.84	12.80	55.77
GCA_000230675.2_ASM23067v1_genomic_prodigal_proteins	2998	GCA_012269695.1_ASM1226969v1_genomic_prodigal_proteins	2043	1154	64.84	13.55	56.49
GCA_000230675.2_ASM23067v1_genomic_prodigal_proteins	2998	GCA_000737535.1_ASM73753v1_genomic_prodigal_proteins	3013	1845	70.13	13.77	61.54
GCA_000230675.2_ASM23067v1_genomic_prodigal_proteins	2998	GCA_000586015.1_SynSpo.0_genomic_prodigal_proteins	1907	911	61.81	13.05	47.77
GCA_000230675.2_ASM23067v1_genomic_prodigal_proteins	2998	GCA_002760345.1_ASM276034v1_genomic_prodigal_proteins	2731	937	52.58	11.94	34.31
GCA_000230675.2_ASM23067v1_genomic_prodigal_proteins	2998	GCA_000013225.1_ASM1322v1_genomic_prodigal_proteins	2844	927	52.71	12.05	32.59
GCA_000230675.2_ASM23067v1_genomic_prodigal_proteins	2998	GCA_000332275.1_ASM33227v1_genomic_prodigal_proteins	4564	1050	51.72	12.35	35.02
GCA_000230675.2_ASM23067v1_genomic_prodigal_proteins	2998	GCA_002252675.1_ASM225267v1_genomic_prodigal_proteins	3295	1669	65.88	14.09	55.67
GCA_000230675.2_ASM23067v1_genomic_prodigal_proteins	2998	GCA_000737575.1_ASM73757v1_genomic_prodigal_proteins	2662	1895	70.87	13.52	71.19
GCA_000230675.2_ASM23067v1_genomic_prodigal_proteins	2998	GCA_902596755.1_AG-916-D19_genomic_prodigal_proteins	1152	649	69.94	13.73	56.34
GCA_000230675.2_ASM23067v1_genomic_prodigal_proteins	2998	GCA_003211455.1_ASM321145v1_genomic_prodigal_proteins	1186	660	69.13	14.09	55.65
GCA_000230675.2_ASM23067v1_genomic_prodigal_proteins	2998	GCA_003208755.1_ASM320875v1_genomic_prodigal_proteins	690	430	70.71	13.96	62.32
GCA_000230675.2_ASM23067v1_genomic_prodigal_proteins	2998	GCA_007571215.1_ASM757121v1_genomic_prodigal_proteins	1879	1165	60.50	12.89	62.00
GCA_000230675.2_ASM23067v1_genomic_prodigal_proteins	2998	GCA_001007635.1_ASM100763v1_genomic_prodigal_proteins	2333	1082	60.83	12.80	46.38
GCA_000230675.2_ASM23067v1_genomic_prodigal_proteins	2998	GCA_000179255.1_ASM17925v1_genomic_prodigal_proteins	2729	1722	66.55	13.91	63.10
GCA_000230675.2_ASM23067v1_genomic_prodigal_proteins	2998	GCA_003208975.1_ASM320897v1_genomic_prodigal_proteins	1804	966	69.52	13.73	53.55
GCA_000230675.2_ASM23067v1_genomic_prodigal_proteins	2998	GCA_012103655.1_ASM1210365v1_genomic_prodigal_proteins	2723	2375	97.84	6.52	87.22
GCA_000230675.2_ASM23067v1_genomic_prodigal_proteins	2998	GCA_902582045.1_AG-912-B07_genomic_prodigal_proteins	196	76	67.33	14.99	38.78
GCA_000230675.2_ASM23067v1_genomic_prodigal_proteins	2998	GCA_000153045.1_ASM15304v1_genomic_prodigal_proteins	3242	1700	66.24	13.62	56.70
GCA_000230675.2_ASM23067v1_genomic_prodigal_proteins	2998	GCA_902549675.1_AG-903-B09_genomic_prodigal_proteins	836	444	70.92	14.04	53.11
GCA_000230675.2_ASM23067v1_genomic_prodigal_proteins	2998	GCA_002018045.1_ASM201804v1_genomic_prodigal_proteins	1559	917	61.59	12.76	58.82
GCA_000230675.2_ASM23067v1_genomic_prodigal_proteins	2998	GCA_004213055.1_ASM421305v1_genomic_prodigal_proteins	2241	1666	73.37	13.10	74.34
GCA_000230675.2_ASM23067v1_genomic_prodigal_proteins	2998	GCA_007571085.1_ASM757108v1_genomic_prodigal_proteins	1784	1142	60.52	12.98	64.01
GCA_000230675.2_ASM23067v1_genomic_prodigal_proteins	2998	GCA_009839805.1_ASM983980v1_genomic_prodigal_proteins	1848	790	59.06	12.39	42.75
GCA_000230675.2_ASM23067v1_genomic_prodigal_proteins	2998	GCA_003210375.1_ASM321037v1_genomic_prodigal_proteins	2155	1352	69.60	13.92	62.74
GCA_000230675.2_ASM23067v1_genomic_prodigal_proteins	2998	GCA_004332415.1_ASM433241v1_genomic_prodigal_proteins	2408	1885	74.11	13.20	78.28
GCA_000230675.2_ASM23067v1_genomic_prodigal_proteins	2998	GCA_009836025.1_ASM983602v1_genomic_prodigal_proteins	2290	1168	60.88	12.79	51.00
GCA_000230675.2_ASM23067v1_genomic_prodigal_proteins	2998	GCA_009843455.1_ASM984345v1_genomic_prodigal_proteins	2423	1150	60.76	12.73	47.46
GCA_000230675.2_ASM23067v1_genomic_prodigal_proteins	2998	GCA_009843485.1_ASM984348v1_genomic_prodigal_proteins	2158	1178	60.77	12.87	54.59
GCA_000230675.2_ASM23067v1_genomic_prodigal_proteins	2998	GCA_003283135.1_ASM328313v1_genomic_prodigal_proteins	459	201	77.45	15.50	43.79
GCA_000230675.2_ASM23067v1_genomic_prodigal_proteins	2998	GCA_902635485.1_AG-447-G23_genomic_prodigal_proteins	327	132	67.23	15.59	40.37
GCA_000230675.2_ASM23067v1_genomic_prodigal_proteins	2998	GCA_002760415.1_ASM276041v1_genomic_prodigal_proteins	2670	926	52.57	11.96	34.68
GCA_000230675.2_ASM23067v1_genomic_prodigal_proteins	2998	GCA_002754935.1_ASM275493v1_genomic_prodigal_proteins	2664	987	53.40	12.49	37.05
GCA_000230675.2_ASM23067v1_genomic_prodigal_proteins	2998	GCA_002171685.2_ASM217168v2_genomic_prodigal_proteins	811	715	91.08	7.98	88.16
GCA_000230675.2_ASM23067v1_genomic_prodigal_proteins	2998	GCA_000737595.1_ASM73759v1_genomic_prodigal_proteins	2774	1863	70.28	13.82	67.16
GCA_000230675.2_ASM23067v1_genomic_prodigal_proteins	2998	GCA_003331785.1_ASM333178v1_genomic_prodigal_proteins	2125	1913	91.16	8.03	90.02
GCA_000230675.2_ASM23067v1_genomic_prodigal_proteins	2998	GCA_009842265.1_ASM984226v1_genomic_prodigal_proteins	2398	1168	60.73	12.75	48.71
GCA_000230675.2_ASM23067v1_genomic_prodigal_proteins	2998	GCA_902579345.1_AG-911-L15_genomic_prodigal_proteins	248	102	66.10	15.59	41.13
GCA_000230675.2_ASM23067v1_genomic_prodigal_proteins	2998	GCA_000011345.1_ASM1134v1_genomic_prodigal_proteins	2520	1022	53.64	12.45	40.56
GCA_000230675.2_ASM23067v1_genomic_prodigal_proteins	2998	GCA_003210705.1_ASM321070v1_genomic_prodigal_proteins	2244	1481	72.97	13.22	66.00
GCA_000230675.2_ASM23067v1_genomic_prodigal_proteins	2998	GCA_000019485.1_ASM1948v1_genomic_prodigal_proteins	3233	1073	53.35	12.81	35.79
GCA_000230675.2_ASM23067v1_genomic_prodigal_proteins	2998	GCA_003283055.1_ASM328305v1_genomic_prodigal_proteins	482	106	63.62	14.80	21.99
GCA_000230675.2_ASM23067v1_genomic_prodigal_proteins	2998	GCA_000010065.1_ASM1006v1_genomic_prodigal_proteins	2691	1205	55.39	13.18	44.78
GCA_000230675.2_ASM23067v1_genomic_prodigal_proteins	2998	GCA_000316685.1_ASM31668v1_genomic_prodigal_proteins	3706	1063	53.11	12.43	35.46
GCA_000230675.2_ASM23067v1_genomic_prodigal_proteins	2998	GCA_000063525.1_ASM6352v1_genomic_prodigal_proteins	2540	1696	65.41	14.26	66.77
GCA_000230675.2_ASM23067v1_genomic_prodigal_proteins	2998	GCA_003283165.1_ASM328316v1_genomic_prodigal_proteins	217	80	69.53	14.00	36.87
GCA_000230675.2_ASM23067v1_genomic_prodigal_proteins	2998	GCA_902540675.1_AG-359-E22_genomic_prodigal_proteins	584	290	70.20	15.43	49.66
GCA_000230675.2_ASM23067v1_genomic_prodigal_proteins	2998	GCA_011055065.1_ASM1105506v1_genomic_prodigal_proteins	2792	886	52.64	12.11	31.73
GCA_000230675.2_ASM23067v1_genomic_prodigal_proteins	2998	GCA_000013205.1_ASM1320v1_genomic_prodigal_proteins	2750	938	52.60	11.95	34.11
GCA_000230675.2_ASM23067v1_genomic_prodigal_proteins	2998	GCA_003539795.1_ASM353979v1_genomic_prodigal_proteins	2284	1404	69.50	13.18	61.47
GCA_000230675.2_ASM23067v1_genomic_prodigal_proteins	2998	GCA_002171995.1_ASM217199v1_genomic_prodigal_proteins	1978	1087	72.72	13.14	54.95
GCA_000230675.2_ASM23067v1_genomic_prodigal_proteins	2998	GCA_011523835.1_ASM1152383v1_genomic_prodigal_proteins	2468	1688	73.72	13.15	68.40
GCA_000230675.2_ASM23067v1_genomic_prodigal_proteins	2998	GCA_002172175.1_ASM217217v1_genomic_prodigal_proteins	1846	1060	63.78	13.79	57.42
GCA_000230675.2_ASM23067v1_genomic_prodigal_proteins	2998	GCA_003208835.1_ASM320883v1_genomic_prodigal_proteins	2208	1347	70.51	13.83	61.01
GCA_000230675.2_ASM23067v1_genomic_prodigal_proteins	2998	GCA_902589915.1_AG-914-F20_genomic_prodigal_proteins	373	142	70.70	14.79	38.07
GCA_000230675.2_ASM23067v1_genomic_prodigal_proteins	2998	GCA_000485815.1_ASM48581v1_genomic_prodigal_proteins	3083	1038	53.31	12.72	34.62
GCA_000230675.2_ASM23067v1_genomic_prodigal_proteins	2998	GCA_008807075.1_ASM880707v1_genomic_prodigal_proteins	2925	1677	65.70	13.78	57.33
GCA_000230675.2_ASM23067v1_genomic_prodigal_proteins	2998	GCA_000179235.2_ASM17923v2_genomic_prodigal_proteins	3071	1743	67.01	13.83	58.14
GCA_000230675.2_ASM23067v1_genomic_prodigal_proteins	2998	GCA_003210795.1_ASM321079v1_genomic_prodigal_proteins	2239	1350	69.69	13.69	60.29
GCA_000230675.2_ASM23067v1_genomic_prodigal_proteins	2998	GCA_002706715.1_ASM270671v1_genomic_prodigal_proteins	1148	889	70.47	13.65	77.44
GCA_000230675.2_ASM23067v1_genomic_prodigal_proteins	2998	GCA_003331245.1_ASM333124v1_genomic_prodigal_proteins	2021	1545	70.41	13.32	76.45
GCA_000230675.2_ASM23067v1_genomic_prodigal_proteins	2998	GCA_009843385.1_ASM984338v1_genomic_prodigal_proteins	2085	973	61.12	12.88	46.67
GCA_000230675.2_ASM23067v1_genomic_prodigal_proteins	2998	GCA_003211205.1_ASM321120v1_genomic_prodigal_proteins	2288	1518	73.50	12.94	66.35
GCA_000230675.2_ASM23067v1_genomic_prodigal_proteins	2998	GCA_000063505.1_ASM6350v1_genomic_prodigal_proteins	2558	1967	74.22	13.19	76.90
GCA_000230675.2_ASM23067v1_genomic_prodigal_proteins	2998	GCA_900474245.1_UW179B_genomic_prodigal_proteins	2743	2375	97.46	5.68	86.58
GCA_000230675.2_ASM23067v1_genomic_prodigal_proteins	2998	GCA_003210345.1_ASM321034v1_genomic_prodigal_proteins	1256	774	69.05	13.57	61.62
GCA_000230675.2_ASM23067v1_genomic_prodigal_proteins	2998	GCA_003210315.1_ASM321031v1_genomic_prodigal_proteins	1815	1370	89.73	10.23	75.48
GCA_000230675.2_ASM23067v1_genomic_prodigal_proteins	2998	GCA_009836155.1_ASM983615v1_genomic_prodigal_proteins	1947	1109	61.10	12.68	56.96
GCA_000230675.2_ASM23067v1_genomic_prodigal_proteins	2998	GCA_003990665.2_ASM399066v2_genomic_prodigal_proteins	2499	1022	53.66	12.46	40.90
GCA_000230675.2_ASM23067v1_genomic_prodigal_proteins	2998	GCA_003209135.1_ASM320913v1_genomic_prodigal_proteins	1719	984	68.85	13.98	57.24
GCA_000230675.2_ASM23067v1_genomic_prodigal_proteins	2998	GCA_009845105.1_ASM984510v1_genomic_prodigal_proteins	1941	926	60.51	12.81	47.71
GCA_000230675.2_ASM23067v1_genomic_prodigal_proteins	2998	GCA_002690325.1_ASM269032v1_genomic_prodigal_proteins	2554	1687	69.25	13.69	66.05
GCA_000230675.2_ASM23067v1_genomic_prodigal_proteins	2998	GCA_000161795.2_ASM16179v2_genomic_prodigal_proteins	2407	1763	70.86	13.54	73.24
GCA_000230675.2_ASM23067v1_genomic_prodigal_proteins	2998	GCA_004211895.1_ASM421189v1_genomic_prodigal_proteins	954	708	71.29	12.90	74.21
GCA_000230675.2_ASM23067v1_genomic_prodigal_proteins	2998	GCA_003210735.1_ASM321073v1_genomic_prodigal_proteins	2337	1373	69.25	13.72	58.75
GCA_000230675.2_ASM23067v1_genomic_prodigal_proteins	2998	GCA_003209035.1_ASM320903v1_genomic_prodigal_proteins	1803	1005	69.31	13.82	55.74
GCA_000230675.2_ASM23067v1_genomic_prodigal_proteins	2998	GCA_003712085.1_ASM371208v1_genomic_prodigal_proteins	2745	1825	70.76	13.58	66.48
GCA_000230675.2_ASM23067v1_genomic_prodigal_proteins	2998	GCA_003212155.1_ASM321215v1_genomic_prodigal_proteins	262	117	62.13	16.35	44.66
GCA_000230675.2_ASM23067v1_genomic_prodigal_proteins	2998	GCA_001040845.1_ASM104084v1_genomic_prodigal_proteins	2917	2212	89.49	9.47	75.83
GCA_000230675.2_ASM23067v1_genomic_prodigal_proteins	2998	GCA_002018015.1_ASM201801v1_genomic_prodigal_proteins	1578	891	61.59	12.84	56.46
GCA_000230675.2_ASM23067v1_genomic_prodigal_proteins	2998	GCA_003211255.1_ASM321125v1_genomic_prodigal_proteins	1850	1041	69.04	13.80	56.27
GCA_000230675.2_ASM23067v1_genomic_prodigal_proteins	2998	GCA_002721235.1_ASM272123v1_genomic_prodigal_proteins	3119	1073	53.35	12.79	35.79
GCA_000230675.2_ASM23067v1_genomic_prodigal_proteins	2998	GCA_009839305.1_ASM983930v1_genomic_prodigal_proteins	1816	872	61.18	13.20	48.02
GCA_000230675.2_ASM23067v1_genomic_prodigal_proteins	2998	GCA_011365345.1_ASM1136534v1_genomic_prodigal_proteins	2655	1855	70.34	13.92	69.87
GCA_000230675.2_ASM23067v1_genomic_prodigal_proteins	2998	GCA_001039265.1_ASM103926v1_genomic_prodigal_proteins	2832	1146	67.92	13.93	40.47
GCA_000230675.2_ASM23067v1_genomic_prodigal_proteins	2998	GCA_001628325.1_ASM162832v1_genomic_prodigal_proteins	2129	1608	71.04	13.35	75.53
GCA_000230675.2_ASM23067v1_genomic_prodigal_proteins	2998	GCA_003209215.1_ASM320921v1_genomic_prodigal_proteins	1679	902	70.51	13.72	53.72
GCA_000230675.2_ASM23067v1_genomic_prodigal_proteins	2998	GCA_002737305.1_ASM273730v1_genomic_prodigal_proteins	1951	1248	66.95	13.92	63.97
GCA_000230675.2_ASM23067v1_genomic_prodigal_proteins	2998	GCA_003210515.1_ASM321051v1_genomic_prodigal_proteins	1673	1058	69.53	13.86	63.24
GCA_000230675.2_ASM23067v1_genomic_prodigal_proteins	2998	GCA_011525445.1_ASM1152544v1_genomic_prodigal_proteins	3208	1703	81.93	11.53	56.80
GCA_000230675.2_ASM23067v1_genomic_prodigal_proteins	2998	GCA_902599435.1_AG-916-N22_genomic_prodigal_proteins	793	453	71.52	14.07	57.12
GCA_000230675.2_ASM23067v1_genomic_prodigal_proteins	2998	GCA_003149585.1_ASM314958v1_genomic_prodigal_proteins	2600	1738	66.63	13.99	66.85
GCA_000230675.2_ASM23067v1_genomic_prodigal_proteins	2998	GCA_902560665.1_AG-905-O11_genomic_prodigal_proteins	401	189	70.57	14.26	47.13
GCA_000230675.2_ASM23067v1_genomic_prodigal_proteins	2998	GCA_003331795.1_ASM333179v1_genomic_prodigal_proteins	1948	1334	65.28	14.41	68.48
GCA_000230675.2_ASM23067v1_genomic_prodigal_proteins	2998	GCA_002017955.1_ASM201795v1_genomic_prodigal_proteins	512	248	61.55	12.66	48.44
GCA_000230675.2_ASM23067v1_genomic_prodigal_proteins	2998	GCA_902584485.1_AG-912-O23_genomic_prodigal_proteins	535	254	70.07	14.35	47.48
GCA_000230675.2_ASM23067v1_genomic_prodigal_proteins	2998	GCA_902527915.1_AG-896-G19_genomic_prodigal_proteins	1003	590	70.33	13.63	58.82
GCA_000230675.2_ASM23067v1_genomic_prodigal_proteins	2998	GCA_902635365.1_AG-447-D19_genomic_prodigal_proteins	1690	920	70.45	13.85	54.44
GCA_000230675.2_ASM23067v1_genomic_prodigal_proteins	2998	GCA_900474085.1_UW86_genomic_prodigal_proteins	2403	1801	70.90	13.55	74.95
GCA_000230675.2_ASM23067v1_genomic_prodigal_proteins	2998	GCA_001885215.1_ASM188521v1_genomic_prodigal_proteins	2897	1651	65.62	13.48	56.99
GCA_000230675.2_ASM23067v1_genomic_prodigal_proteins	2998	GCA_902575935.1_AG-426-B22_genomic_prodigal_proteins	254	160	74.50	13.44	62.99
GCA_000230675.2_ASM23067v1_genomic_prodigal_proteins	2998	GCA_900474295.1_UW140_genomic_prodigal_proteins	2925	1957	72.61	13.36	66.91
GCA_000230675.2_ASM23067v1_genomic_prodigal_proteins	2998	GCA_003211565.1_ASM321156v1_genomic_prodigal_proteins	1489	824	69.52	14.01	55.34
GCA_000230675.2_ASM23067v1_genomic_prodigal_proteins	2998	GCA_003526105.1_ASM352610v1_genomic_prodigal_proteins	1581	940	71.66	13.38	59.46
GCA_000230675.2_ASM23067v1_genomic_prodigal_proteins	2998	GCA_002172935.1_ASM217293v1_genomic_prodigal_proteins	1996	1501	73.36	13.06	75.20
GCA_000230675.2_ASM23067v1_genomic_prodigal_proteins	2998	GCA_003210335.1_ASM321033v1_genomic_prodigal_proteins	942	425	69.73	14.32	45.12
GCA_000230675.2_ASM23067v1_genomic_prodigal_proteins	2998	GCA_009846115.1_ASM984611v1_genomic_prodigal_proteins	2048	1038	60.70	12.86	50.68
GCA_000230675.2_ASM23067v1_genomic_prodigal_proteins	2998	GCA_001693295.1_ASM169329v1_genomic_prodigal_proteins	3183	1068	53.35	12.80	35.62
GCA_000230675.2_ASM23067v1_genomic_prodigal_proteins	2998	GCA_900473965.1_UW179A_genomic_prodigal_proteins	3383	2023	73.17	13.13	67.48
GCA_000230675.2_ASM23067v1_genomic_prodigal_proteins	2998	GCA_003213755.1_ASM321375v1_genomic_prodigal_proteins	1050	591	64.96	14.73	56.29
GCA_000230675.2_ASM23067v1_genomic_prodigal_proteins	2998	GCA_003209155.1_ASM320915v1_genomic_prodigal_proteins	2305	1524	73.12	13.04	66.12
GCA_000230675.2_ASM23067v1_genomic_prodigal_proteins	2998	GCA_003211515.1_ASM321151v1_genomic_prodigal_proteins	2451	1228	68.88	14.21	50.10
GCA_000230675.2_ASM23067v1_genomic_prodigal_proteins	2998	GCA_002693285.1_ASM269328v1_genomic_prodigal_proteins	2440	1726	73.13	12.92	70.74
GCA_000230675.2_ASM23067v1_genomic_prodigal_proteins	2998	GCA_003210555.1_ASM321055v1_genomic_prodigal_proteins	1847	1300	89.67	10.11	70.38
GCA_000230675.2_ASM23067v1_genomic_prodigal_proteins	2998	GCA_000155595.1_ASM15559v1_genomic_prodigal_proteins	5270	1137	52.64	12.77	37.93
GCA_000230675.2_ASM23067v1_genomic_prodigal_proteins	2998	GCA_001007665.1_ASM100766v1_genomic_prodigal_proteins	2356	1199	60.69	12.73	50.89
GCA_000230675.2_ASM23067v1_genomic_prodigal_proteins	2998	GCA_009919765.1_ASM991976v1_genomic_prodigal_proteins	2524	1131	65.21	14.14	44.81
GCA_000230675.2_ASM23067v1_genomic_prodigal_proteins	2998	GCA_003331225.1_ASM333122v1_genomic_prodigal_proteins	2113	1467	65.20	14.03	69.43
GCA_000230675.2_ASM23067v1_genomic_prodigal_proteins	2998	GCA_900177825.1_IMG-taxon_2708742468_annotated_assembly_genomic_prodigal_proteins	3317	1059	53.41	12.81	35.32
GCA_000230675.2_ASM23067v1_genomic_prodigal_proteins	2998	GCA_000195975.1_ASM19597v1_genomic_prodigal_proteins	2719	1820	71.02	13.45	66.94
GCA_000230675.2_ASM23067v1_genomic_prodigal_proteins	2998	GCA_902618885.1_AG-920-D15_genomic_prodigal_proteins	1178	697	71.49	14.36	59.17
GCA_000230675.2_ASM23067v1_genomic_prodigal_proteins	2998	GCA_003209165.1_ASM320916v1_genomic_prodigal_proteins	2711	1531	70.38	13.63	56.47
GCA_000230675.2_ASM23067v1_genomic_prodigal_proteins	2998	GCA_001007625.1_ASM100762v1_genomic_prodigal_proteins	2478	1045	60.95	12.92	42.17
GCA_000230675.2_ASM23067v1_genomic_prodigal_proteins	2998	GCA_008386235.1_ASM838623v1_genomic_prodigal_proteins	2571	1028	53.40	12.56	39.98
GCA_000230675.2_ASM23067v1_genomic_prodigal_proteins	2998	GCA_001631935.1_ASM163193v1_genomic_prodigal_proteins	3526	2033	73.21	13.24	67.81
GCA_000230675.2_ASM23067v1_genomic_prodigal_proteins	2998	GCA_002151525.1_ASM215152v1_genomic_prodigal_proteins	1628	1138	63.55	14.14	69.90
GCA_000230675.2_ASM23067v1_genomic_prodigal_proteins	2998	GCA_000153065.1_ASM15306v1_genomic_prodigal_proteins	2704	1860	73.90	13.12	68.79
GCA_000230675.2_ASM23067v1_genomic_prodigal_proteins	2998	GCA_009837265.1_ASM983726v1_genomic_prodigal_proteins	2126	1104	60.74	12.83	51.93
GCA_000230675.2_ASM23067v1_genomic_prodigal_proteins	2998	GCA_902533725.1_AG-898-C20_genomic_prodigal_proteins	421	167	67.93	14.92	39.67
GCA_000230675.2_ASM23067v1_genomic_prodigal_proteins	2998	GCA_002171075.2_ASM217107v2_genomic_prodigal_proteins	1919	1247	63.41	13.67	64.98
GCA_000230675.2_ASM23067v1_genomic_prodigal_proteins	2998	GCA_002760395.1_ASM276039v1_genomic_prodigal_proteins	2661	915	52.61	11.96	34.39
GCA_000230675.2_ASM23067v1_genomic_prodigal_proteins	2998	GCA_003209005.1_ASM320900v1_genomic_prodigal_proteins	2548	1654	73.34	13.02	64.91
GCA_000230675.2_ASM23067v1_genomic_prodigal_proteins	2998	GCA_002017915.1_ASM201791v1_genomic_prodigal_proteins	623	319	63.42	13.43	51.20
GCA_000230675.2_ASM23067v1_genomic_prodigal_proteins	2998	GCA_900047545.1_m9_genomic_prodigal_proteins	1575	907	60.87	12.78	57.59
GCA_000230675.2_ASM23067v1_genomic_prodigal_proteins	2998	GCA_001632105.1_ASM163210v1_genomic_prodigal_proteins	3521	2044	73.20	13.20	68.18
GCA_000230675.2_ASM23067v1_genomic_prodigal_proteins	2998	GCA_004212765.1_ASM421276v1_genomic_prodigal_proteins	1162	860	70.52	13.59	74.01
GCA_000230675.2_ASM23067v1_genomic_prodigal_proteins	2998	GCA_002685515.1_ASM268551v1_genomic_prodigal_proteins	1286	995	73.41	12.35	77.37
GCA_000230675.2_ASM23067v1_genomic_prodigal_proteins	2998	GCA_007828135.1_ASM782813v1_genomic_prodigal_proteins	2917	1654	65.65	13.51	56.70
GCA_000230675.2_ASM23067v1_genomic_prodigal_proteins	2998	GCA_011047875.1_ASM1104787v1_genomic_prodigal_proteins	2810	914	52.61	12.11	32.53
GCA_000230675.2_ASM23067v1_genomic_prodigal_proteins	2998	GCA_009840445.1_ASM984044v1_genomic_prodigal_proteins	2167	1210	60.79	12.83	55.84
GCA_000230675.2_ASM23067v1_genomic_prodigal_proteins	2998	GCA_003210995.1_ASM321099v1_genomic_prodigal_proteins	2385	1486	73.10	13.26	62.31
GCA_000230675.2_ASM23067v1_genomic_prodigal_proteins	2998	GCA_902616995.1_AG-919-L20_genomic_prodigal_proteins	654	354	69.99	13.78	54.13
GCA_000230675.2_ASM23067v1_genomic_prodigal_proteins	2998	GCA_009845825.1_ASM984582v1_genomic_prodigal_proteins	2168	1022	61.17	12.67	47.14
GCA_000230675.2_ASM23067v1_genomic_prodigal_proteins	2998	GCA_000515235.1_ASM51523v1_genomic_prodigal_proteins	2873	1844	70.06	13.76	64.18
GCA_000230675.2_ASM23067v1_genomic_prodigal_proteins	2998	GCA_003523965.1_ASM352396v1_genomic_prodigal_proteins	1735	765	62.13	12.84	44.09
GCA_000230675.2_ASM23067v1_genomic_prodigal_proteins	2998	GCA_002684175.1_ASM268417v1_genomic_prodigal_proteins	1819	1096	68.15	13.10	60.25
GCA_000230675.2_ASM23067v1_genomic_prodigal_proteins	2998	GCA_011523295.1_ASM1152329v1_genomic_prodigal_proteins	2851	1436	68.79	13.66	50.37
GCA_000230675.2_ASM23067v1_genomic_prodigal_proteins	2998	GCA_003211015.1_ASM321101v1_genomic_prodigal_proteins	2128	1444	73.45	13.10	67.86
GCA_000230675.2_ASM23067v1_genomic_prodigal_proteins	2998	GCA_002006815.1_ASM200681v1_genomic_prodigal_proteins	1973	1414	64.02	14.02	71.67
GCA_002252625.1_ASM225262v1_genomic_prodigal_proteins	3600	GCA_000012625.1_ASM1262v1_genomic_prodigal_proteins	2892	1647	66.19	13.54	56.95
GCA_002252625.1_ASM225262v1_genomic_prodigal_proteins	3600	GCA_009844725.1_ASM984472v1_genomic_prodigal_proteins	2020	1021	61.87	12.37	50.54
GCA_002252625.1_ASM225262v1_genomic_prodigal_proteins	3600	GCA_003331765.1_ASM333176v1_genomic_prodigal_proteins	2019	1393	65.48	13.42	68.99
GCA_002252625.1_ASM225262v1_genomic_prodigal_proteins	3600	GCA_900473935.1_UW105_genomic_prodigal_proteins	2923	1662	66.18	13.72	56.86
GCA_002252625.1_ASM225262v1_genomic_prodigal_proteins	3600	GCA_002168155.1_ASM216815v1_genomic_prodigal_proteins	2361	1511	66.23	13.16	64.00
GCA_002252625.1_ASM225262v1_genomic_prodigal_proteins	3600	GCA_009846095.1_ASM984609v1_genomic_prodigal_proteins	2331	1102	61.51	12.36	47.28
GCA_002252625.1_ASM225262v1_genomic_prodigal_proteins	3600	GCA_009498715.1_ASM949871v1_genomic_prodigal_proteins	2867	1267	56.27	13.00	44.19
GCA_002252625.1_ASM225262v1_genomic_prodigal_proteins	3600	GCA_002252635.1_ASM225263v1_genomic_prodigal_proteins	3011	2097	74.45	12.88	69.64
GCA_002252625.1_ASM225262v1_genomic_prodigal_proteins	3600	GCA_009838425.1_ASM983842v1_genomic_prodigal_proteins	1544	765	62.04	12.47	49.55
GCA_002252625.1_ASM225262v1_genomic_prodigal_proteins	3600	GCA_900473895.1_N32_genomic_prodigal_proteins	2509	1620	66.34	13.54	64.57
GCA_002252625.1_ASM225262v1_genomic_prodigal_proteins	3600	GCA_003210495.1_ASM321049v1_genomic_prodigal_proteins	1134	545	63.90	13.26	48.06
GCA_002252625.1_ASM225262v1_genomic_prodigal_proteins	3600	GCA_003011125.1_ASM301112v1_genomic_prodigal_proteins	3076	1666	65.46	13.40	54.16
GCA_002252625.1_ASM225262v1_genomic_prodigal_proteins	3600	GCA_900177365.1_IMG-taxon_2708742537_annotated_assembly_genomic_prodigal_proteins	3310	1201	53.45	12.78	36.28
GCA_002252625.1_ASM225262v1_genomic_prodigal_proteins	3600	GCA_002760445.1_ASM276044v1_genomic_prodigal_proteins	2661	983	53.53	11.95	36.94
GCA_002252625.1_ASM225262v1_genomic_prodigal_proteins	3600	GCA_900474185.1_UW69_genomic_prodigal_proteins	2629	1653	65.82	13.74	62.88
GCA_002252625.1_ASM225262v1_genomic_prodigal_proteins	3600	GCA_003210775.1_ASM321077v1_genomic_prodigal_proteins	2665	1190	65.09	13.99	44.65
GCA_002252625.1_ASM225262v1_genomic_prodigal_proteins	3600	GCA_002700765.1_ASM270076v1_genomic_prodigal_proteins	2134	1271	65.68	13.61	59.56
GCA_002252625.1_ASM225262v1_genomic_prodigal_proteins	3600	GCA_902599585.1_AG-916-O11_genomic_prodigal_proteins	1470	805	67.23	13.76	54.76
GCA_002252625.1_ASM225262v1_genomic_prodigal_proteins	3600	GCA_900474045.1_N19_genomic_prodigal_proteins	2484	1582	66.53	13.40	63.69
GCA_002252625.1_ASM225262v1_genomic_prodigal_proteins	3600	GCA_003210815.1_ASM321081v1_genomic_prodigal_proteins	2087	1053	64.77	13.79	50.46
GCA_002252625.1_ASM225262v1_genomic_prodigal_proteins	3600	GCA_900473955.1_GEYO_genomic_prodigal_proteins	2674	1630	65.70	13.74	60.96
GCA_002252625.1_ASM225262v1_genomic_prodigal_proteins	3600	GCA_002167425.2_ASM216742v2_genomic_prodigal_proteins	2822	1418	65.25	13.45	50.25
GCA_002252625.1_ASM225262v1_genomic_prodigal_proteins	3600	GCA_009844645.1_ASM984464v1_genomic_prodigal_proteins	1983	1140	62.09	12.44	57.49
GCA_002252625.1_ASM225262v1_genomic_prodigal_proteins	3600	GCA_008081095.1_ASM808109v1_genomic_prodigal_proteins	1533	884	66.76	12.99	57.66
GCA_002252625.1_ASM225262v1_genomic_prodigal_proteins	3600	GCA_000014585.1_ASM1458v1_genomic_prodigal_proteins	2879	1639	65.87	13.82	56.93
GCA_002252625.1_ASM225262v1_genomic_prodigal_proteins	3600	GCA_000317085.1_ASM31708v1_genomic_prodigal_proteins	3673	1089	52.14	12.32	30.25
GCA_002252625.1_ASM225262v1_genomic_prodigal_proteins	3600	GCA_013133755.1_ASM1313375v1_genomic_prodigal_proteins	2700	1624	65.72	13.86	60.15
GCA_002252625.1_ASM225262v1_genomic_prodigal_proteins	3600	GCA_003210475.1_ASM321047v1_genomic_prodigal_proteins	1514	801	65.23	13.70	52.91
GCA_002252625.1_ASM225262v1_genomic_prodigal_proteins	3600	GCA_003208815.1_ASM320881v1_genomic_prodigal_proteins	1352	628	64.78	13.77	46.45
GCA_002252625.1_ASM225262v1_genomic_prodigal_proteins	3600	GCA_000012505.1_ASM1250v1_genomic_prodigal_proteins	2461	1610	65.53	13.67	65.42
GCA_002252625.1_ASM225262v1_genomic_prodigal_proteins	3600	GCA_000153825.1_ASM15382v1_genomic_prodigal_proteins	2811	1690	66.58	13.78	60.12
GCA_002252625.1_ASM225262v1_genomic_prodigal_proteins	3600	GCA_002760475.1_ASM276047v1_genomic_prodigal_proteins	2647	976	53.59	11.90	36.87
GCA_002252625.1_ASM225262v1_genomic_prodigal_proteins	3600	GCA_003210565.1_ASM321056v1_genomic_prodigal_proteins	836	403	65.77	14.62	48.21
GCA_002252625.1_ASM225262v1_genomic_prodigal_proteins	3600	GCA_902618505.1_AG-892-K03_genomic_prodigal_proteins	959	377	66.87	14.86	39.31
GCA_002252625.1_ASM225262v1_genomic_prodigal_proteins	3600	GCA_005577135.1_ASM557713v1_genomic_prodigal_proteins	3356	1195	53.55	12.71	35.61
GCA_002252625.1_ASM225262v1_genomic_prodigal_proteins	3600	GCA_003846445.1_ASM384644v1_genomic_prodigal_proteins	2740	1305	56.42	13.08	47.63
GCA_002252625.1_ASM225262v1_genomic_prodigal_proteins	3600	GCA_000505665.1_ASM50566v1_genomic_prodigal_proteins	2466	1086	54.24	12.45	44.04
GCA_002252625.1_ASM225262v1_genomic_prodigal_proteins	3600	GCA_902616255.1_AG-919-I18_genomic_prodigal_proteins	1046	536	65.46	13.81	51.24
GCA_002252625.1_ASM225262v1_genomic_prodigal_proteins	3600	GCA_001182765.1_WH8103.1_genomic_prodigal_proteins	2676	1664	66.40	13.59	62.18
GCA_002252625.1_ASM225262v1_genomic_prodigal_proteins	3600	GCA_002760375.1_ASM276037v1_genomic_prodigal_proteins	2702	983	53.52	11.97	36.38
GCA_002252625.1_ASM225262v1_genomic_prodigal_proteins	3600	GCA_902592305.1_AG-914-O22_genomic_prodigal_proteins	179	90	67.29	13.80	50.28
GCA_002252625.1_ASM225262v1_genomic_prodigal_proteins	3600	GCA_001632165.1_ASM163216v1_genomic_prodigal_proteins	2830	1613	65.91	13.61	57.00
GCA_002252625.1_ASM225262v1_genomic_prodigal_proteins	3600	GCA_004332405.1_ASM433240v1_genomic_prodigal_proteins	2437	1673	67.40	13.78	68.65
GCA_002252625.1_ASM225262v1_genomic_prodigal_proteins	3600	GCA_900473975.1_N26_genomic_prodigal_proteins	2454	1591	66.58	13.54	64.83
GCA_002252625.1_ASM225262v1_genomic_prodigal_proteins	3600	GCA_902612475.1_AG-918-G20_genomic_prodigal_proteins	502	192	65.17	13.67	38.25
GCA_002252625.1_ASM225262v1_genomic_prodigal_proteins	3600	GCA_000775285.1_ASM77528v1_genomic_prodigal_proteins	4812	1096	54.33	12.78	30.44
GCA_002252625.1_ASM225262v1_genomic_prodigal_proteins	3600	GCA_002698505.1_ASM269850v1_genomic_prodigal_proteins	2471	1512	66.15	13.48	61.19
GCA_002252625.1_ASM225262v1_genomic_prodigal_proteins	3600	GCA_002252665.1_ASM225266v1_genomic_prodigal_proteins	2771	1859	71.67	12.69	67.09
GCA_002252625.1_ASM225262v1_genomic_prodigal_proteins	3600	GCA_003555505.1_ASM355550v1_genomic_prodigal_proteins	3351	805	54.83	12.76	24.02
GCA_002252625.1_ASM225262v1_genomic_prodigal_proteins	3600	GCA_900474015.1_UW106_genomic_prodigal_proteins	2762	1655	65.80	13.77	59.92
GCA_002252625.1_ASM225262v1_genomic_prodigal_proteins	3600	GCA_000715475.1_ASM71547v1_genomic_prodigal_proteins	3299	1194	53.47	12.76	36.19
GCA_002252625.1_ASM225262v1_genomic_prodigal_proteins	3600	GCA_001628295.1_ASM162829v1_genomic_prodigal_proteins	2145	1474	66.66	13.22	68.72
GCA_002252625.1_ASM225262v1_genomic_prodigal_proteins	3600	GCA_003208775.1_ASM320877v1_genomic_prodigal_proteins	1808	993	65.60	14.04	54.92
GCA_002252625.1_ASM225262v1_genomic_prodigal_proteins	3600	GCA_003210975.1_ASM321097v1_genomic_prodigal_proteins	627	381	65.43	14.52	60.77
GCA_002252625.1_ASM225262v1_genomic_prodigal_proteins	3600	GCA_003208915.1_ASM320891v1_genomic_prodigal_proteins	1208	583	65.32	13.74	48.26
GCA_002252625.1_ASM225262v1_genomic_prodigal_proteins	3600	GCA_009837735.1_ASM983773v1_genomic_prodigal_proteins	2041	978	62.18	12.51	47.92
GCA_002252625.1_ASM225262v1_genomic_prodigal_proteins	3600	GCA_902548805.1_AG-901-N20_genomic_prodigal_proteins	158	68	65.23	16.67	43.04
GCA_002252625.1_ASM225262v1_genomic_prodigal_proteins	3600	GCA_003211235.1_ASM321123v1_genomic_prodigal_proteins	1698	848	65.82	13.71	49.94
GCA_002252625.1_ASM225262v1_genomic_prodigal_proteins	3600	GCA_004209775.1_ASM420977v1_genomic_prodigal_proteins	2798	1763	67.39	13.63	63.01
GCA_002252625.1_ASM225262v1_genomic_prodigal_proteins	3600	GCA_003283215.1_ASM328321v1_genomic_prodigal_proteins	239	43	68.53	16.49	17.99
GCA_002252625.1_ASM225262v1_genomic_prodigal_proteins	3600	GCA_003209555.1_ASM320955v1_genomic_prodigal_proteins	908	400	65.50	14.18	44.05
GCA_002252625.1_ASM225262v1_genomic_prodigal_proteins	3600	GCA_000153805.1_ASM15380v1_genomic_prodigal_proteins	2517	1609	65.43	13.62	63.93
GCA_002252625.1_ASM225262v1_genomic_prodigal_proteins	3600	GCA_003283205.1_ASM328320v1_genomic_prodigal_proteins	274	55	67.54	14.66	20.07
GCA_002252625.1_ASM225262v1_genomic_prodigal_proteins	3600	GCA_900473925.1_N5_genomic_prodigal_proteins	2417	1572	66.54	13.44	65.04
GCA_002252625.1_ASM225262v1_genomic_prodigal_proteins	3600	GCA_902592665.1_AG-447-E14_genomic_prodigal_proteins	1111	455	64.72	14.49	40.95
GCA_002252625.1_ASM225262v1_genomic_prodigal_proteins	3600	GCA_011523155.1_ASM1152315v1_genomic_prodigal_proteins	2101	1144	64.97	12.92	54.45
GCA_002252625.1_ASM225262v1_genomic_prodigal_proteins	3600	GCA_003211275.1_ASM321127v1_genomic_prodigal_proteins	2168	1097	65.04	13.83	50.60
GCA_002252625.1_ASM225262v1_genomic_prodigal_proteins	3600	GCA_003957805.1_ASM395780v1_genomic_prodigal_proteins	2887	1356	56.33	13.14	46.97
GCA_002252625.1_ASM225262v1_genomic_prodigal_proteins	3600	GCA_012270465.1_ASM1227046v1_genomic_prodigal_proteins	2311	1335	65.86	13.05	57.77
GCA_002252625.1_ASM225262v1_genomic_prodigal_proteins	3600	GCA_001693255.1_ASM169325v1_genomic_prodigal_proteins	3177	1221	53.36	12.74	38.43
GCA_002252625.1_ASM225262v1_genomic_prodigal_proteins	3600	GCA_003210385.1_ASM321038v1_genomic_prodigal_proteins	286	186	66.10	13.19	65.03
GCA_002252625.1_ASM225262v1_genomic_prodigal_proteins	3600	GCA_002170705.1_ASM217070v1_genomic_prodigal_proteins	1392	885	66.51	12.89	63.58
GCA_002252625.1_ASM225262v1_genomic_prodigal_proteins	3600	GCA_002356215.1_ASM235621v1_genomic_prodigal_proteins	2953	1195	53.50	12.68	40.47
GCA_002252625.1_ASM225262v1_genomic_prodigal_proteins	3600	GCA_003210935.1_ASM321093v1_genomic_prodigal_proteins	1868	1077	65.75	13.90	57.66
GCA_002252625.1_ASM225262v1_genomic_prodigal_proteins	3600	GCA_003210535.1_ASM321053v1_genomic_prodigal_proteins	1257	606	64.42	13.29	48.21
GCA_002252625.1_ASM225262v1_genomic_prodigal_proteins	3600	GCA_002724845.1_ASM272484v1_genomic_prodigal_proteins	1589	1130	65.92	13.11	71.11
GCA_002252625.1_ASM225262v1_genomic_prodigal_proteins	3600	GCA_000153285.1_ASM15328v1_genomic_prodigal_proteins	2746	1705	66.10	13.81	62.09
GCA_002252625.1_ASM225262v1_genomic_prodigal_proteins	3600	GCA_003211035.1_ASM321103v1_genomic_prodigal_proteins	530	277	64.61	13.04	52.26
GCA_002252625.1_ASM225262v1_genomic_prodigal_proteins	3600	GCA_001521855.1_ASM152185v1_genomic_prodigal_proteins	3144	1216	53.46	12.73	38.68
GCA_002252625.1_ASM225262v1_genomic_prodigal_proteins	3600	GCA_009835965.1_ASM983596v1_genomic_prodigal_proteins	2105	1215	62.15	12.33	57.72
GCA_002252625.1_ASM225262v1_genomic_prodigal_proteins	3600	GCA_012269695.1_ASM1226969v1_genomic_prodigal_proteins	2043	1136	66.17	13.10	55.60
GCA_002252625.1_ASM225262v1_genomic_prodigal_proteins	3600	GCA_000737535.1_ASM73753v1_genomic_prodigal_proteins	3013	1661	66.05	13.70	55.13
GCA_002252625.1_ASM225262v1_genomic_prodigal_proteins	3600	GCA_000586015.1_SynSpo.0_genomic_prodigal_proteins	1907	950	62.84	12.74	49.82
GCA_002252625.1_ASM225262v1_genomic_prodigal_proteins	3600	GCA_002760345.1_ASM276034v1_genomic_prodigal_proteins	2731	994	53.52	11.98	36.40
GCA_002252625.1_ASM225262v1_genomic_prodigal_proteins	3600	GCA_000013225.1_ASM1322v1_genomic_prodigal_proteins	2844	993	53.33	12.11	34.92
GCA_002252625.1_ASM225262v1_genomic_prodigal_proteins	3600	GCA_000332275.1_ASM33227v1_genomic_prodigal_proteins	4564	1156	52.10	12.04	32.11
GCA_002252625.1_ASM225262v1_genomic_prodigal_proteins	3600	GCA_002252675.1_ASM225267v1_genomic_prodigal_proteins	3295	2057	71.77	12.70	62.43
GCA_002252625.1_ASM225262v1_genomic_prodigal_proteins	3600	GCA_000737575.1_ASM73757v1_genomic_prodigal_proteins	2662	1693	66.62	13.46	63.60
GCA_002252625.1_ASM225262v1_genomic_prodigal_proteins	3600	GCA_902596755.1_AG-916-D19_genomic_prodigal_proteins	1152	590	66.00	13.54	51.22
GCA_002252625.1_ASM225262v1_genomic_prodigal_proteins	3600	GCA_003211455.1_ASM321145v1_genomic_prodigal_proteins	1186	584	65.29	13.63	49.24
GCA_002252625.1_ASM225262v1_genomic_prodigal_proteins	3600	GCA_003208755.1_ASM320875v1_genomic_prodigal_proteins	690	377	65.31	13.56	54.64
GCA_002252625.1_ASM225262v1_genomic_prodigal_proteins	3600	GCA_007571215.1_ASM757121v1_genomic_prodigal_proteins	1879	1190	61.77	12.49	63.33
GCA_002252625.1_ASM225262v1_genomic_prodigal_proteins	3600	GCA_001007635.1_ASM100763v1_genomic_prodigal_proteins	2333	1106	62.29	12.32	47.41
GCA_002252625.1_ASM225262v1_genomic_prodigal_proteins	3600	GCA_000179255.1_ASM17925v1_genomic_prodigal_proteins	2729	1769	69.76	13.00	64.82
GCA_002252625.1_ASM225262v1_genomic_prodigal_proteins	3600	GCA_003208975.1_ASM320897v1_genomic_prodigal_proteins	1804	862	65.54	13.39	47.78
GCA_002252625.1_ASM225262v1_genomic_prodigal_proteins	3600	GCA_012103655.1_ASM1210365v1_genomic_prodigal_proteins	2723	1664	65.83	13.77	61.11
GCA_002252625.1_ASM225262v1_genomic_prodigal_proteins	3600	GCA_902582045.1_AG-912-B07_genomic_prodigal_proteins	196	59	63.03	14.95	30.10
GCA_002252625.1_ASM225262v1_genomic_prodigal_proteins	3600	GCA_000153045.1_ASM15304v1_genomic_prodigal_proteins	3242	2296	87.84	10.70	70.82
GCA_002252625.1_ASM225262v1_genomic_prodigal_proteins	3600	GCA_902549675.1_AG-903-B09_genomic_prodigal_proteins	836	413	66.33	14.20	49.40
GCA_002252625.1_ASM225262v1_genomic_prodigal_proteins	3600	GCA_002018045.1_ASM201804v1_genomic_prodigal_proteins	1559	929	63.06	12.27	59.59
GCA_002252625.1_ASM225262v1_genomic_prodigal_proteins	3600	GCA_004213055.1_ASM421305v1_genomic_prodigal_proteins	2241	1443	66.85	13.54	64.39
GCA_002252625.1_ASM225262v1_genomic_prodigal_proteins	3600	GCA_007571085.1_ASM757108v1_genomic_prodigal_proteins	1784	1172	61.76	12.51	65.70
GCA_002252625.1_ASM225262v1_genomic_prodigal_proteins	3600	GCA_009839805.1_ASM983980v1_genomic_prodigal_proteins	1848	801	60.23	12.00	43.34
GCA_002252625.1_ASM225262v1_genomic_prodigal_proteins	3600	GCA_003210375.1_ASM321037v1_genomic_prodigal_proteins	2155	1185	65.14	13.51	54.99
GCA_002252625.1_ASM225262v1_genomic_prodigal_proteins	3600	GCA_004332415.1_ASM433241v1_genomic_prodigal_proteins	2408	1677	67.37	13.81	69.64
GCA_002252625.1_ASM225262v1_genomic_prodigal_proteins	3600	GCA_009836025.1_ASM983602v1_genomic_prodigal_proteins	2290	1208	62.07	12.46	52.75
GCA_002252625.1_ASM225262v1_genomic_prodigal_proteins	3600	GCA_009843455.1_ASM984345v1_genomic_prodigal_proteins	2423	1188	61.87	12.43	49.03
GCA_002252625.1_ASM225262v1_genomic_prodigal_proteins	3600	GCA_009843485.1_ASM984348v1_genomic_prodigal_proteins	2158	1219	62.18	12.41	56.49
GCA_002252625.1_ASM225262v1_genomic_prodigal_proteins	3600	GCA_003283135.1_ASM328313v1_genomic_prodigal_proteins	459	127	62.65	16.49	27.67
GCA_002252625.1_ASM225262v1_genomic_prodigal_proteins	3600	GCA_902635485.1_AG-447-G23_genomic_prodigal_proteins	327	101	64.16	14.74	30.89
GCA_002252625.1_ASM225262v1_genomic_prodigal_proteins	3600	GCA_002760415.1_ASM276041v1_genomic_prodigal_proteins	2670	982	53.55	11.94	36.78
GCA_002252625.1_ASM225262v1_genomic_prodigal_proteins	3600	GCA_002754935.1_ASM275493v1_genomic_prodigal_proteins	2664	1061	54.13	12.35	39.83
GCA_002252625.1_ASM225262v1_genomic_prodigal_proteins	3600	GCA_002171685.2_ASM217168v2_genomic_prodigal_proteins	811	604	67.11	13.23	74.48
GCA_002252625.1_ASM225262v1_genomic_prodigal_proteins	3600	GCA_000737595.1_ASM73759v1_genomic_prodigal_proteins	2774	1671	66.03	13.62	60.24
GCA_002252625.1_ASM225262v1_genomic_prodigal_proteins	3600	GCA_003331785.1_ASM333178v1_genomic_prodigal_proteins	2125	1475	66.48	13.41	69.41
GCA_002252625.1_ASM225262v1_genomic_prodigal_proteins	3600	GCA_009842265.1_ASM984226v1_genomic_prodigal_proteins	2398	1200	62.05	12.36	50.04
GCA_002252625.1_ASM225262v1_genomic_prodigal_proteins	3600	GCA_902579345.1_AG-911-L15_genomic_prodigal_proteins	248	78	63.36	16.40	31.45
GCA_002252625.1_ASM225262v1_genomic_prodigal_proteins	3600	GCA_000011345.1_ASM1134v1_genomic_prodigal_proteins	2520	1100	54.31	12.48	43.65
GCA_002252625.1_ASM225262v1_genomic_prodigal_proteins	3600	GCA_003210705.1_ASM321070v1_genomic_prodigal_proteins	2244	1213	65.07	13.92	54.06
GCA_002252625.1_ASM225262v1_genomic_prodigal_proteins	3600	GCA_000019485.1_ASM1948v1_genomic_prodigal_proteins	3233	1216	53.38	12.76	37.61
GCA_002252625.1_ASM225262v1_genomic_prodigal_proteins	3600	GCA_003283055.1_ASM328305v1_genomic_prodigal_proteins	482	72	60.18	16.34	14.94
GCA_002252625.1_ASM225262v1_genomic_prodigal_proteins	3600	GCA_000010065.1_ASM1006v1_genomic_prodigal_proteins	2691	1334	56.27	13.12	49.57
GCA_002252625.1_ASM225262v1_genomic_prodigal_proteins	3600	GCA_000316685.1_ASM31668v1_genomic_prodigal_proteins	3706	1206	53.44	12.59	33.50
GCA_002252625.1_ASM225262v1_genomic_prodigal_proteins	3600	GCA_000063525.1_ASM6352v1_genomic_prodigal_proteins	2540	1662	66.58	13.54	65.43
GCA_002252625.1_ASM225262v1_genomic_prodigal_proteins	3600	GCA_003283165.1_ASM328316v1_genomic_prodigal_proteins	217	69	65.70	15.21	31.80
GCA_002252625.1_ASM225262v1_genomic_prodigal_proteins	3600	GCA_902540675.1_AG-359-E22_genomic_prodigal_proteins	584	265	66.68	15.21	45.38
GCA_002252625.1_ASM225262v1_genomic_prodigal_proteins	3600	GCA_011055065.1_ASM1105506v1_genomic_prodigal_proteins	2792	951	53.46	12.25	34.06
GCA_002252625.1_ASM225262v1_genomic_prodigal_proteins	3600	GCA_000013205.1_ASM1320v1_genomic_prodigal_proteins	2750	999	53.53	11.98	36.33
GCA_002252625.1_ASM225262v1_genomic_prodigal_proteins	3600	GCA_003539795.1_ASM353979v1_genomic_prodigal_proteins	2284	1273	65.15	13.05	55.74
GCA_002252625.1_ASM225262v1_genomic_prodigal_proteins	3600	GCA_002171995.1_ASM217199v1_genomic_prodigal_proteins	1978	952	65.92	13.51	48.13
GCA_002252625.1_ASM225262v1_genomic_prodigal_proteins	3600	GCA_011523835.1_ASM1152383v1_genomic_prodigal_proteins	2468	1417	65.99	13.49	57.41
GCA_002252625.1_ASM225262v1_genomic_prodigal_proteins	3600	GCA_002172175.1_ASM217217v1_genomic_prodigal_proteins	1846	1055	65.17	12.98	57.15
GCA_002252625.1_ASM225262v1_genomic_prodigal_proteins	3600	GCA_003208835.1_ASM320883v1_genomic_prodigal_proteins	2208	1173	65.87	13.61	53.12
GCA_002252625.1_ASM225262v1_genomic_prodigal_proteins	3600	GCA_902589915.1_AG-914-F20_genomic_prodigal_proteins	373	132	66.26	15.09	35.39
GCA_002252625.1_ASM225262v1_genomic_prodigal_proteins	3600	GCA_000485815.1_ASM48581v1_genomic_prodigal_proteins	3083	1174	53.50	12.68	38.08
GCA_002252625.1_ASM225262v1_genomic_prodigal_proteins	3600	GCA_008807075.1_ASM880707v1_genomic_prodigal_proteins	2925	1765	66.99	13.13	60.34
GCA_002252625.1_ASM225262v1_genomic_prodigal_proteins	3600	GCA_000179235.2_ASM17923v2_genomic_prodigal_proteins	3071	1878	70.30	12.90	61.15
GCA_002252625.1_ASM225262v1_genomic_prodigal_proteins	3600	GCA_003210795.1_ASM321079v1_genomic_prodigal_proteins	2239	1198	65.59	13.48	53.51
GCA_002252625.1_ASM225262v1_genomic_prodigal_proteins	3600	GCA_002706715.1_ASM270671v1_genomic_prodigal_proteins	1148	819	66.44	13.44	71.34
GCA_002252625.1_ASM225262v1_genomic_prodigal_proteins	3600	GCA_003331245.1_ASM333124v1_genomic_prodigal_proteins	2021	1393	66.13	13.16	68.93
GCA_002252625.1_ASM225262v1_genomic_prodigal_proteins	3600	GCA_009843385.1_ASM984338v1_genomic_prodigal_proteins	2085	1009	62.39	12.44	48.39
GCA_002252625.1_ASM225262v1_genomic_prodigal_proteins	3600	GCA_003211205.1_ASM321120v1_genomic_prodigal_proteins	2288	1262	65.58	13.72	55.16
GCA_002252625.1_ASM225262v1_genomic_prodigal_proteins	3600	GCA_000063505.1_ASM6350v1_genomic_prodigal_proteins	2558	1672	66.27	13.81	65.36
GCA_002252625.1_ASM225262v1_genomic_prodigal_proteins	3600	GCA_900474245.1_UW179B_genomic_prodigal_proteins	2743	1675	65.78	13.77	61.06
GCA_002252625.1_ASM225262v1_genomic_prodigal_proteins	3600	GCA_003210345.1_ASM321034v1_genomic_prodigal_proteins	1256	670	64.56	13.47	53.34
GCA_002252625.1_ASM225262v1_genomic_prodigal_proteins	3600	GCA_003210315.1_ASM321031v1_genomic_prodigal_proteins	1815	990	64.96	13.88	54.55
GCA_002252625.1_ASM225262v1_genomic_prodigal_proteins	3600	GCA_009836155.1_ASM983615v1_genomic_prodigal_proteins	1947	1144	62.29	12.30	58.76
GCA_002252625.1_ASM225262v1_genomic_prodigal_proteins	3600	GCA_003990665.2_ASM399066v2_genomic_prodigal_proteins	2499	1107	54.26	12.48	44.30
GCA_002252625.1_ASM225262v1_genomic_prodigal_proteins	3600	GCA_003209135.1_ASM320913v1_genomic_prodigal_proteins	1719	857	65.25	13.46	49.85
GCA_002252625.1_ASM225262v1_genomic_prodigal_proteins	3600	GCA_009845105.1_ASM984510v1_genomic_prodigal_proteins	1941	949	61.60	12.66	48.89
GCA_002252625.1_ASM225262v1_genomic_prodigal_proteins	3600	GCA_002690325.1_ASM269032v1_genomic_prodigal_proteins	2554	1494	64.96	13.53	58.50
GCA_002252625.1_ASM225262v1_genomic_prodigal_proteins	3600	GCA_000161795.2_ASM16179v2_genomic_prodigal_proteins	2407	1572	66.58	13.34	65.31
GCA_002252625.1_ASM225262v1_genomic_prodigal_proteins	3600	GCA_004211895.1_ASM421189v1_genomic_prodigal_proteins	954	663	66.41	13.28	69.50
GCA_002252625.1_ASM225262v1_genomic_prodigal_proteins	3600	GCA_003210735.1_ASM321073v1_genomic_prodigal_proteins	2337	1207	65.10	13.45	51.65
GCA_002252625.1_ASM225262v1_genomic_prodigal_proteins	3600	GCA_003209035.1_ASM320903v1_genomic_prodigal_proteins	1803	889	65.33	13.89	49.31
GCA_002252625.1_ASM225262v1_genomic_prodigal_proteins	3600	GCA_003712085.1_ASM371208v1_genomic_prodigal_proteins	2745	1661	66.38	13.56	60.51
GCA_002252625.1_ASM225262v1_genomic_prodigal_proteins	3600	GCA_003212155.1_ASM321215v1_genomic_prodigal_proteins	262	101	65.48	14.58	38.55
GCA_002252625.1_ASM225262v1_genomic_prodigal_proteins	3600	GCA_001040845.1_ASM104084v1_genomic_prodigal_proteins	2917	1660	65.78	13.62	56.91
GCA_002252625.1_ASM225262v1_genomic_prodigal_proteins	3600	GCA_002018015.1_ASM201801v1_genomic_prodigal_proteins	1578	920	62.91	12.56	58.30
GCA_002252625.1_ASM225262v1_genomic_prodigal_proteins	3600	GCA_003211255.1_ASM321125v1_genomic_prodigal_proteins	1850	914	64.71	13.61	49.41
GCA_002252625.1_ASM225262v1_genomic_prodigal_proteins	3600	GCA_002721235.1_ASM272123v1_genomic_prodigal_proteins	3119	1219	53.35	12.74	39.08
GCA_002252625.1_ASM225262v1_genomic_prodigal_proteins	3600	GCA_009839305.1_ASM983930v1_genomic_prodigal_proteins	1816	908	62.38	12.80	50.00
GCA_002252625.1_ASM225262v1_genomic_prodigal_proteins	3600	GCA_011365345.1_ASM1136534v1_genomic_prodigal_proteins	2655	1649	66.12	13.59	62.11
GCA_002252625.1_ASM225262v1_genomic_prodigal_proteins	3600	GCA_001039265.1_ASM103926v1_genomic_prodigal_proteins	2832	1309	71.91	12.87	46.22
GCA_002252625.1_ASM225262v1_genomic_prodigal_proteins	3600	GCA_001628325.1_ASM162832v1_genomic_prodigal_proteins	2129	1457	66.66	13.23	68.44
GCA_002252625.1_ASM225262v1_genomic_prodigal_proteins	3600	GCA_003209215.1_ASM320921v1_genomic_prodigal_proteins	1679	822	66.38	13.75	48.96
GCA_002252625.1_ASM225262v1_genomic_prodigal_proteins	3600	GCA_002737305.1_ASM273730v1_genomic_prodigal_proteins	1951	1371	71.86	12.65	70.27
GCA_002252625.1_ASM225262v1_genomic_prodigal_proteins	3600	GCA_003210515.1_ASM321051v1_genomic_prodigal_proteins	1673	922	64.82	13.80	55.11
GCA_002252625.1_ASM225262v1_genomic_prodigal_proteins	3600	GCA_011525445.1_ASM1152544v1_genomic_prodigal_proteins	3208	1355	65.16	13.25	42.24
GCA_002252625.1_ASM225262v1_genomic_prodigal_proteins	3600	GCA_902599435.1_AG-916-N22_genomic_prodigal_proteins	793	402	67.48	13.66	50.69
GCA_002252625.1_ASM225262v1_genomic_prodigal_proteins	3600	GCA_003149585.1_ASM314958v1_genomic_prodigal_proteins	2600	1774	69.86	13.00	68.23
GCA_002252625.1_ASM225262v1_genomic_prodigal_proteins	3600	GCA_902560665.1_AG-905-O11_genomic_prodigal_proteins	401	165	66.91	14.89	41.15
GCA_002252625.1_ASM225262v1_genomic_prodigal_proteins	3600	GCA_003331795.1_ASM333179v1_genomic_prodigal_proteins	1948	1334	66.44	13.64	68.48
GCA_002252625.1_ASM225262v1_genomic_prodigal_proteins	3600	GCA_002017955.1_ASM201795v1_genomic_prodigal_proteins	512	265	62.18	12.60	51.76
GCA_002252625.1_ASM225262v1_genomic_prodigal_proteins	3600	GCA_902584485.1_AG-912-O23_genomic_prodigal_proteins	535	221	65.05	13.85	41.31
GCA_002252625.1_ASM225262v1_genomic_prodigal_proteins	3600	GCA_902527915.1_AG-896-G19_genomic_prodigal_proteins	1003	548	66.26	14.43	54.64
GCA_002252625.1_ASM225262v1_genomic_prodigal_proteins	3600	GCA_902635365.1_AG-447-D19_genomic_prodigal_proteins	1690	790	65.67	13.84	46.75
GCA_002252625.1_ASM225262v1_genomic_prodigal_proteins	3600	GCA_900474085.1_UW86_genomic_prodigal_proteins	2403	1604	66.50	13.45	66.75
GCA_002252625.1_ASM225262v1_genomic_prodigal_proteins	3600	GCA_001885215.1_ASM188521v1_genomic_prodigal_proteins	2897	2039	74.61	12.50	70.38
GCA_002252625.1_ASM225262v1_genomic_prodigal_proteins	3600	GCA_902575935.1_AG-426-B22_genomic_prodigal_proteins	254	144	69.66	14.16	56.69
GCA_002252625.1_ASM225262v1_genomic_prodigal_proteins	3600	GCA_900474295.1_UW140_genomic_prodigal_proteins	2925	1667	66.32	13.65	56.99
GCA_002252625.1_ASM225262v1_genomic_prodigal_proteins	3600	GCA_003211565.1_ASM321156v1_genomic_prodigal_proteins	1489	717	65.93	13.68	48.15
GCA_002252625.1_ASM225262v1_genomic_prodigal_proteins	3600	GCA_003526105.1_ASM352610v1_genomic_prodigal_proteins	1581	850	67.14	13.29	53.76
GCA_002252625.1_ASM225262v1_genomic_prodigal_proteins	3600	GCA_002172935.1_ASM217293v1_genomic_prodigal_proteins	1996	1279	65.65	13.41	64.08
GCA_002252625.1_ASM225262v1_genomic_prodigal_proteins	3600	GCA_003210335.1_ASM321033v1_genomic_prodigal_proteins	942	324	62.85	14.84	34.39
GCA_002252625.1_ASM225262v1_genomic_prodigal_proteins	3600	GCA_009846115.1_ASM984611v1_genomic_prodigal_proteins	2048	1073	61.98	12.47	52.39
GCA_002252625.1_ASM225262v1_genomic_prodigal_proteins	3600	GCA_001693295.1_ASM169329v1_genomic_prodigal_proteins	3183	1219	53.37	12.75	38.30
GCA_002252625.1_ASM225262v1_genomic_prodigal_proteins	3600	GCA_900473965.1_UW179A_genomic_prodigal_proteins	3383	1682	65.45	13.88	49.72
GCA_002252625.1_ASM225262v1_genomic_prodigal_proteins	3600	GCA_003213755.1_ASM321375v1_genomic_prodigal_proteins	1050	578	65.77	14.32	55.05
GCA_002252625.1_ASM225262v1_genomic_prodigal_proteins	3600	GCA_003209155.1_ASM320915v1_genomic_prodigal_proteins	2305	1252	65.35	13.76	54.32
GCA_002252625.1_ASM225262v1_genomic_prodigal_proteins	3600	GCA_003211515.1_ASM321151v1_genomic_prodigal_proteins	2451	1092	65.03	13.80	44.55
GCA_002252625.1_ASM225262v1_genomic_prodigal_proteins	3600	GCA_002693285.1_ASM269328v1_genomic_prodigal_proteins	2440	1453	65.69	13.57	59.55
GCA_002252625.1_ASM225262v1_genomic_prodigal_proteins	3600	GCA_003210555.1_ASM321055v1_genomic_prodigal_proteins	1847	934	65.11	13.77	50.57
GCA_002252625.1_ASM225262v1_genomic_prodigal_proteins	3600	GCA_000155595.1_ASM15559v1_genomic_prodigal_proteins	5270	1268	53.02	12.65	35.22
GCA_002252625.1_ASM225262v1_genomic_prodigal_proteins	3600	GCA_001007665.1_ASM100766v1_genomic_prodigal_proteins	2356	1235	61.97	12.51	52.42
GCA_002252625.1_ASM225262v1_genomic_prodigal_proteins	3600	GCA_009919765.1_ASM991976v1_genomic_prodigal_proteins	2524	1111	66.63	13.48	44.02
GCA_002252625.1_ASM225262v1_genomic_prodigal_proteins	3600	GCA_003331225.1_ASM333122v1_genomic_prodigal_proteins	2113	1437	66.77	13.29	68.01
GCA_002252625.1_ASM225262v1_genomic_prodigal_proteins	3600	GCA_900177825.1_IMG-taxon_2708742468_annotated_assembly_genomic_prodigal_proteins	3317	1199	53.45	12.75	36.15
GCA_002252625.1_ASM225262v1_genomic_prodigal_proteins	3600	GCA_000195975.1_ASM19597v1_genomic_prodigal_proteins	2719	1656	66.57	13.53	60.90
GCA_002252625.1_ASM225262v1_genomic_prodigal_proteins	3600	GCA_902618885.1_AG-920-D15_genomic_prodigal_proteins	1178	640	67.11	14.47	54.33
GCA_002252625.1_ASM225262v1_genomic_prodigal_proteins	3600	GCA_003209165.1_ASM320916v1_genomic_prodigal_proteins	2711	1408	66.04	13.66	51.94
GCA_002252625.1_ASM225262v1_genomic_prodigal_proteins	3600	GCA_001007625.1_ASM100762v1_genomic_prodigal_proteins	2478	1088	62.22	12.77	43.91
GCA_002252625.1_ASM225262v1_genomic_prodigal_proteins	3600	GCA_008386235.1_ASM838623v1_genomic_prodigal_proteins	2571	1116	54.16	12.54	43.41
GCA_002252625.1_ASM225262v1_genomic_prodigal_proteins	3600	GCA_001631935.1_ASM163193v1_genomic_prodigal_proteins	3526	1670	65.44	13.84	47.36
GCA_002252625.1_ASM225262v1_genomic_prodigal_proteins	3600	GCA_002151525.1_ASM215152v1_genomic_prodigal_proteins	1628	1194	66.27	13.74	73.34
GCA_002252625.1_ASM225262v1_genomic_prodigal_proteins	3600	GCA_000153065.1_ASM15306v1_genomic_prodigal_proteins	2704	1738	67.56	13.54	64.28
GCA_002252625.1_ASM225262v1_genomic_prodigal_proteins	3600	GCA_009837265.1_ASM983726v1_genomic_prodigal_proteins	2126	1143	62.11	12.40	53.76
GCA_002252625.1_ASM225262v1_genomic_prodigal_proteins	3600	GCA_902533725.1_AG-898-C20_genomic_prodigal_proteins	421	132	67.03	14.29	31.35
GCA_002252625.1_ASM225262v1_genomic_prodigal_proteins	3600	GCA_002171075.2_ASM217107v2_genomic_prodigal_proteins	1919	1246	64.62	13.19	64.93
GCA_002252625.1_ASM225262v1_genomic_prodigal_proteins	3600	GCA_002760395.1_ASM276039v1_genomic_prodigal_proteins	2661	970	53.56	11.97	36.45
GCA_002252625.1_ASM225262v1_genomic_prodigal_proteins	3600	GCA_003209005.1_ASM320900v1_genomic_prodigal_proteins	2548	1361	65.41	13.75	53.41
GCA_002252625.1_ASM225262v1_genomic_prodigal_proteins	3600	GCA_002017915.1_ASM201791v1_genomic_prodigal_proteins	623	330	64.53	13.15	52.97
GCA_002252625.1_ASM225262v1_genomic_prodigal_proteins	3600	GCA_900047545.1_m9_genomic_prodigal_proteins	1575	933	62.19	12.37	59.24
GCA_002252625.1_ASM225262v1_genomic_prodigal_proteins	3600	GCA_001632105.1_ASM163210v1_genomic_prodigal_proteins	3521	1676	65.40	13.79	47.60
GCA_002252625.1_ASM225262v1_genomic_prodigal_proteins	3600	GCA_004212765.1_ASM421276v1_genomic_prodigal_proteins	1162	788	66.81	13.20	67.81
GCA_002252625.1_ASM225262v1_genomic_prodigal_proteins	3600	GCA_002685515.1_ASM268551v1_genomic_prodigal_proteins	1286	851	65.31	13.19	66.17
GCA_002252625.1_ASM225262v1_genomic_prodigal_proteins	3600	GCA_007828135.1_ASM782813v1_genomic_prodigal_proteins	2917	2044	74.60	12.53	70.07
GCA_002252625.1_ASM225262v1_genomic_prodigal_proteins	3600	GCA_011047875.1_ASM1104787v1_genomic_prodigal_proteins	2810	979	53.47	12.14	34.84
GCA_002252625.1_ASM225262v1_genomic_prodigal_proteins	3600	GCA_009840445.1_ASM984044v1_genomic_prodigal_proteins	2167	1251	62.02	12.38	57.73
GCA_002252625.1_ASM225262v1_genomic_prodigal_proteins	3600	GCA_003210995.1_ASM321099v1_genomic_prodigal_proteins	2385	1214	65.21	14.04	50.90
GCA_002252625.1_ASM225262v1_genomic_prodigal_proteins	3600	GCA_902616995.1_AG-919-L20_genomic_prodigal_proteins	654	317	65.86	13.76	48.47
GCA_002252625.1_ASM225262v1_genomic_prodigal_proteins	3600	GCA_009845825.1_ASM984582v1_genomic_prodigal_proteins	2168	1050	62.31	12.37	48.43
GCA_002252625.1_ASM225262v1_genomic_prodigal_proteins	3600	GCA_000515235.1_ASM51523v1_genomic_prodigal_proteins	2873	1648	66.05	13.63	57.36
GCA_002252625.1_ASM225262v1_genomic_prodigal_proteins	3600	GCA_003523965.1_ASM352396v1_genomic_prodigal_proteins	1735	800	63.16	12.61	46.11
GCA_002252625.1_ASM225262v1_genomic_prodigal_proteins	3600	GCA_002684175.1_ASM268417v1_genomic_prodigal_proteins	1819	978	63.80	13.36	53.77
GCA_002252625.1_ASM225262v1_genomic_prodigal_proteins	3600	GCA_011523295.1_ASM1152329v1_genomic_prodigal_proteins	2851	1276	64.71	13.23	44.76
GCA_002252625.1_ASM225262v1_genomic_prodigal_proteins	3600	GCA_003211015.1_ASM321101v1_genomic_prodigal_proteins	2128	1200	65.50	13.64	56.39
GCA_002252625.1_ASM225262v1_genomic_prodigal_proteins	3600	GCA_002006815.1_ASM200681v1_genomic_prodigal_proteins	1973	1511	66.62	13.63	76.58
GCA_008081095.1_ASM808109v1_genomic_prodigal_proteins	1533	GCA_000014585.1_ASM1458v1_genomic_prodigal_proteins	2879	959	71.09	13.32	62.56
GCA_008081095.1_ASM808109v1_genomic_prodigal_proteins	1533	GCA_000317085.1_ASM31708v1_genomic_prodigal_proteins	3673	530	52.18	11.63	34.57
GCA_008081095.1_ASM808109v1_genomic_prodigal_proteins	1533	GCA_013133755.1_ASM1313375v1_genomic_prodigal_proteins	2700	958	71.07	13.56	62.49
GCA_008081095.1_ASM808109v1_genomic_prodigal_proteins	1533	GCA_003210475.1_ASM321047v1_genomic_prodigal_proteins	1514	544	70.34	13.92	35.93
GCA_008081095.1_ASM808109v1_genomic_prodigal_proteins	1533	GCA_003208815.1_ASM320881v1_genomic_prodigal_proteins	1352	463	75.69	13.63	34.25
GCA_008081095.1_ASM808109v1_genomic_prodigal_proteins	1533	GCA_000012505.1_ASM1250v1_genomic_prodigal_proteins	2461	1019	77.86	12.29	66.47
GCA_008081095.1_ASM808109v1_genomic_prodigal_proteins	1533	GCA_000153825.1_ASM15382v1_genomic_prodigal_proteins	2811	989	72.45	13.56	64.51
GCA_008081095.1_ASM808109v1_genomic_prodigal_proteins	1533	GCA_002760475.1_ASM276047v1_genomic_prodigal_proteins	2647	498	53.07	11.48	32.49
GCA_008081095.1_ASM808109v1_genomic_prodigal_proteins	1533	GCA_003210565.1_ASM321056v1_genomic_prodigal_proteins	836	243	69.99	15.31	29.07
GCA_008081095.1_ASM808109v1_genomic_prodigal_proteins	1533	GCA_902618505.1_AG-892-K03_genomic_prodigal_proteins	959	245	77.74	15.13	25.55
GCA_008081095.1_ASM808109v1_genomic_prodigal_proteins	1533	GCA_005577135.1_ASM557713v1_genomic_prodigal_proteins	3356	593	53.30	12.39	38.68
GCA_008081095.1_ASM808109v1_genomic_prodigal_proteins	1533	GCA_003846445.1_ASM384644v1_genomic_prodigal_proteins	2740	643	55.72	12.77	41.94
GCA_008081095.1_ASM808109v1_genomic_prodigal_proteins	1533	GCA_000505665.1_ASM50566v1_genomic_prodigal_proteins	2466	531	53.90	12.04	34.64
GCA_008081095.1_ASM808109v1_genomic_prodigal_proteins	1533	GCA_902616255.1_AG-919-I18_genomic_prodigal_proteins	1046	337	74.49	14.28	32.22
GCA_008081095.1_ASM808109v1_genomic_prodigal_proteins	1533	GCA_001182765.1_WH8103.1_genomic_prodigal_proteins	2676	1062	78.43	12.94	69.28
GCA_008081095.1_ASM808109v1_genomic_prodigal_proteins	1533	GCA_002760375.1_ASM276037v1_genomic_prodigal_proteins	2702	499	53.03	11.51	32.55
GCA_008081095.1_ASM808109v1_genomic_prodigal_proteins	1533	GCA_902592305.1_AG-914-O22_genomic_prodigal_proteins	179	47	75.01	14.43	26.26
GCA_008081095.1_ASM808109v1_genomic_prodigal_proteins	1533	GCA_001632165.1_ASM163216v1_genomic_prodigal_proteins	2830	970	71.22	13.44	63.27
GCA_008081095.1_ASM808109v1_genomic_prodigal_proteins	1533	GCA_004332405.1_ASM433240v1_genomic_prodigal_proteins	2437	967	72.24	13.37	63.08
GCA_008081095.1_ASM808109v1_genomic_prodigal_proteins	1533	GCA_900473975.1_N26_genomic_prodigal_proteins	2454	1142	97.47	6.61	74.49
GCA_008081095.1_ASM808109v1_genomic_prodigal_proteins	1533	GCA_902612475.1_AG-918-G20_genomic_prodigal_proteins	502	129	74.20	15.44	25.70
GCA_008081095.1_ASM808109v1_genomic_prodigal_proteins	1533	GCA_000775285.1_ASM77528v1_genomic_prodigal_proteins	4812	541	54.13	12.43	35.29
GCA_008081095.1_ASM808109v1_genomic_prodigal_proteins	1533	GCA_002698505.1_ASM269850v1_genomic_prodigal_proteins	2471	900	71.39	13.41	58.71
GCA_008081095.1_ASM808109v1_genomic_prodigal_proteins	1533	GCA_002252665.1_ASM225266v1_genomic_prodigal_proteins	2771	889	67.71	13.46	57.99
GCA_008081095.1_ASM808109v1_genomic_prodigal_proteins	1533	GCA_003555505.1_ASM355550v1_genomic_prodigal_proteins	3351	436	53.81	12.31	28.44
GCA_008081095.1_ASM808109v1_genomic_prodigal_proteins	1533	GCA_900474015.1_UW106_genomic_prodigal_proteins	2762	1121	90.45	8.47	73.12
GCA_008081095.1_ASM808109v1_genomic_prodigal_proteins	1533	GCA_000715475.1_ASM71547v1_genomic_prodigal_proteins	3299	590	53.48	12.34	38.49
GCA_008081095.1_ASM808109v1_genomic_prodigal_proteins	1533	GCA_001628295.1_ASM162829v1_genomic_prodigal_proteins	2145	1133	98.19	6.74	73.91
GCA_008081095.1_ASM808109v1_genomic_prodigal_proteins	1533	GCA_003208775.1_ASM320877v1_genomic_prodigal_proteins	1808	589	69.46	13.64	38.42
GCA_008081095.1_ASM808109v1_genomic_prodigal_proteins	1533	GCA_003210975.1_ASM321097v1_genomic_prodigal_proteins	627	230	77.58	14.91	36.68
GCA_008081095.1_ASM808109v1_genomic_prodigal_proteins	1533	GCA_003208915.1_ASM320891v1_genomic_prodigal_proteins	1208	383	75.58	13.60	31.71
GCA_008081095.1_ASM808109v1_genomic_prodigal_proteins	1533	GCA_009837735.1_ASM983773v1_genomic_prodigal_proteins	2041	521	61.41	12.27	33.99
GCA_008081095.1_ASM808109v1_genomic_prodigal_proteins	1533	GCA_902548805.1_AG-901-N20_genomic_prodigal_proteins	158	32	75.69	15.17	20.25
GCA_008081095.1_ASM808109v1_genomic_prodigal_proteins	1533	GCA_003211235.1_ASM321123v1_genomic_prodigal_proteins	1698	563	77.58	13.52	36.73
GCA_008081095.1_ASM808109v1_genomic_prodigal_proteins	1533	GCA_004209775.1_ASM420977v1_genomic_prodigal_proteins	2798	977	72.37	13.10	63.73
GCA_008081095.1_ASM808109v1_genomic_prodigal_proteins	1533	GCA_003283215.1_ASM328321v1_genomic_prodigal_proteins	239	7	66.86	16.09	2.93
GCA_008081095.1_ASM808109v1_genomic_prodigal_proteins	1533	GCA_003209555.1_ASM320955v1_genomic_prodigal_proteins	908	213	65.61	14.43	23.46
GCA_008081095.1_ASM808109v1_genomic_prodigal_proteins	1533	GCA_000153805.1_ASM15380v1_genomic_prodigal_proteins	2517	1028	77.48	12.59	67.06
GCA_008081095.1_ASM808109v1_genomic_prodigal_proteins	1533	GCA_003283205.1_ASM328320v1_genomic_prodigal_proteins	274	22	62.85	17.44	8.03
GCA_008081095.1_ASM808109v1_genomic_prodigal_proteins	1533	GCA_900473925.1_N5_genomic_prodigal_proteins	2417	1148	97.27	6.96	74.89
GCA_008081095.1_ASM808109v1_genomic_prodigal_proteins	1533	GCA_902592665.1_AG-447-E14_genomic_prodigal_proteins	1111	311	74.45	14.01	27.99
GCA_008081095.1_ASM808109v1_genomic_prodigal_proteins	1533	GCA_011523155.1_ASM1152315v1_genomic_prodigal_proteins	2101	751	70.85	13.30	48.99
GCA_008081095.1_ASM808109v1_genomic_prodigal_proteins	1533	GCA_003211275.1_ASM321127v1_genomic_prodigal_proteins	2168	648	69.52	14.00	42.27
GCA_008081095.1_ASM808109v1_genomic_prodigal_proteins	1533	GCA_003957805.1_ASM395780v1_genomic_prodigal_proteins	2887	651	55.67	12.68	42.47
GCA_008081095.1_ASM808109v1_genomic_prodigal_proteins	1533	GCA_012270465.1_ASM1227046v1_genomic_prodigal_proteins	2311	803	65.90	13.84	52.38
GCA_008081095.1_ASM808109v1_genomic_prodigal_proteins	1533	GCA_001693255.1_ASM169325v1_genomic_prodigal_proteins	3177	600	53.27	12.40	39.14
GCA_008081095.1_ASM808109v1_genomic_prodigal_proteins	1533	GCA_003210385.1_ASM321038v1_genomic_prodigal_proteins	286	89	70.38	13.87	31.12
GCA_008081095.1_ASM808109v1_genomic_prodigal_proteins	1533	GCA_002170705.1_ASM217070v1_genomic_prodigal_proteins	1392	579	77.16	12.45	41.59
GCA_008081095.1_ASM808109v1_genomic_prodigal_proteins	1533	GCA_002356215.1_ASM235621v1_genomic_prodigal_proteins	2953	591	52.96	12.40	38.55
GCA_008081095.1_ASM808109v1_genomic_prodigal_proteins	1533	GCA_003210935.1_ASM321093v1_genomic_prodigal_proteins	1868	620	70.84	13.88	40.44
GCA_008081095.1_ASM808109v1_genomic_prodigal_proteins	1533	GCA_003210535.1_ASM321053v1_genomic_prodigal_proteins	1257	438	75.91	12.91	34.84
GCA_008081095.1_ASM808109v1_genomic_prodigal_proteins	1533	GCA_002724845.1_ASM272484v1_genomic_prodigal_proteins	1589	933	96.43	6.70	60.86
GCA_008081095.1_ASM808109v1_genomic_prodigal_proteins	1533	GCA_000153285.1_ASM15328v1_genomic_prodigal_proteins	2746	993	71.74	13.68	64.77
GCA_008081095.1_ASM808109v1_genomic_prodigal_proteins	1533	GCA_003211035.1_ASM321103v1_genomic_prodigal_proteins	530	229	75.29	14.36	43.21
GCA_008081095.1_ASM808109v1_genomic_prodigal_proteins	1533	GCA_001521855.1_ASM152185v1_genomic_prodigal_proteins	3144	592	53.29	12.37	38.62
GCA_008081095.1_ASM808109v1_genomic_prodigal_proteins	1533	GCA_009835965.1_ASM983596v1_genomic_prodigal_proteins	2105	661	61.28	12.50	43.12
GCA_008081095.1_ASM808109v1_genomic_prodigal_proteins	1533	GCA_012269695.1_ASM1226969v1_genomic_prodigal_proteins	2043	702	66.50	13.49	45.79
GCA_008081095.1_ASM808109v1_genomic_prodigal_proteins	1533	GCA_000737535.1_ASM73753v1_genomic_prodigal_proteins	3013	1023	75.80	12.88	66.73
GCA_008081095.1_ASM808109v1_genomic_prodigal_proteins	1533	GCA_000586015.1_SynSpo.0_genomic_prodigal_proteins	1907	522	61.94	12.86	34.05
GCA_008081095.1_ASM808109v1_genomic_prodigal_proteins	1533	GCA_002760345.1_ASM276034v1_genomic_prodigal_proteins	2731	510	52.97	11.52	33.27
GCA_008081095.1_ASM808109v1_genomic_prodigal_proteins	1533	GCA_000013225.1_ASM1322v1_genomic_prodigal_proteins	2844	509	53.12	11.57	33.20
GCA_008081095.1_ASM808109v1_genomic_prodigal_proteins	1533	GCA_000332275.1_ASM33227v1_genomic_prodigal_proteins	4564	558	52.01	11.52	36.40
GCA_008081095.1_ASM808109v1_genomic_prodigal_proteins	1533	GCA_002252675.1_ASM225267v1_genomic_prodigal_proteins	3295	878	67.01	13.14	57.27
GCA_008081095.1_ASM808109v1_genomic_prodigal_proteins	1533	GCA_000737575.1_ASM73757v1_genomic_prodigal_proteins	2662	1065	77.30	12.84	69.47
GCA_008081095.1_ASM808109v1_genomic_prodigal_proteins	1533	GCA_902596755.1_AG-916-D19_genomic_prodigal_proteins	1152	380	76.34	14.24	32.99
GCA_008081095.1_ASM808109v1_genomic_prodigal_proteins	1533	GCA_003211455.1_ASM321145v1_genomic_prodigal_proteins	1186	444	92.77	11.69	37.44
GCA_008081095.1_ASM808109v1_genomic_prodigal_proteins	1533	GCA_003208755.1_ASM320875v1_genomic_prodigal_proteins	690	241	75.27	13.83	34.93
GCA_008081095.1_ASM808109v1_genomic_prodigal_proteins	1533	GCA_007571215.1_ASM757121v1_genomic_prodigal_proteins	1879	646	60.93	12.47	42.14
GCA_008081095.1_ASM808109v1_genomic_prodigal_proteins	1533	GCA_001007635.1_ASM100763v1_genomic_prodigal_proteins	2333	596	61.33	12.48	38.88
GCA_008081095.1_ASM808109v1_genomic_prodigal_proteins	1533	GCA_000179255.1_ASM17925v1_genomic_prodigal_proteins	2729	936	69.25	14.95	61.06
GCA_008081095.1_ASM808109v1_genomic_prodigal_proteins	1533	GCA_003208975.1_ASM320897v1_genomic_prodigal_proteins	1804	572	76.33	13.78	37.31
GCA_008081095.1_ASM808109v1_genomic_prodigal_proteins	1533	GCA_012103655.1_ASM1210365v1_genomic_prodigal_proteins	2723	969	70.95	13.29	63.21
GCA_008081095.1_ASM808109v1_genomic_prodigal_proteins	1533	GCA_902582045.1_AG-912-B07_genomic_prodigal_proteins	196	22	71.88	15.94	11.22
GCA_008081095.1_ASM808109v1_genomic_prodigal_proteins	1533	GCA_000153045.1_ASM15304v1_genomic_prodigal_proteins	3242	903	67.58	13.22	58.90
GCA_008081095.1_ASM808109v1_genomic_prodigal_proteins	1533	GCA_902549675.1_AG-903-B09_genomic_prodigal_proteins	836	242	76.57	15.04	28.95
GCA_008081095.1_ASM808109v1_genomic_prodigal_proteins	1533	GCA_002018045.1_ASM201804v1_genomic_prodigal_proteins	1559	510	62.25	12.47	33.27
GCA_008081095.1_ASM808109v1_genomic_prodigal_proteins	1533	GCA_004213055.1_ASM421305v1_genomic_prodigal_proteins	2241	879	72.07	13.25	57.34
GCA_008081095.1_ASM808109v1_genomic_prodigal_proteins	1533	GCA_007571085.1_ASM757108v1_genomic_prodigal_proteins	1784	627	60.92	12.49	40.90
GCA_008081095.1_ASM808109v1_genomic_prodigal_proteins	1533	GCA_009839805.1_ASM983980v1_genomic_prodigal_proteins	1848	441	60.10	12.17	28.77
GCA_008081095.1_ASM808109v1_genomic_prodigal_proteins	1533	GCA_003210375.1_ASM321037v1_genomic_prodigal_proteins	2155	756	77.24	12.37	49.32
GCA_008081095.1_ASM808109v1_genomic_prodigal_proteins	1533	GCA_004332415.1_ASM433241v1_genomic_prodigal_proteins	2408	973	72.23	13.32	63.47
GCA_008081095.1_ASM808109v1_genomic_prodigal_proteins	1533	GCA_009836025.1_ASM983602v1_genomic_prodigal_proteins	2290	646	61.54	12.21	42.14
GCA_008081095.1_ASM808109v1_genomic_prodigal_proteins	1533	GCA_009843455.1_ASM984345v1_genomic_prodigal_proteins	2423	637	61.37	12.17	41.55
GCA_008081095.1_ASM808109v1_genomic_prodigal_proteins	1533	GCA_009843485.1_ASM984348v1_genomic_prodigal_proteins	2158	655	61.15	12.61	42.73
GCA_008081095.1_ASM808109v1_genomic_prodigal_proteins	1533	GCA_003283135.1_ASM328313v1_genomic_prodigal_proteins	459	80	67.59	15.32	17.43
GCA_008081095.1_ASM808109v1_genomic_prodigal_proteins	1533	GCA_902635485.1_AG-447-G23_genomic_prodigal_proteins	327	96	88.72	18.26	29.36
GCA_008081095.1_ASM808109v1_genomic_prodigal_proteins	1533	GCA_002760415.1_ASM276041v1_genomic_prodigal_proteins	2670	504	52.88	11.60	32.88
GCA_008081095.1_ASM808109v1_genomic_prodigal_proteins	1533	GCA_002754935.1_ASM275493v1_genomic_prodigal_proteins	2664	521	53.98	11.82	33.99
GCA_008081095.1_ASM808109v1_genomic_prodigal_proteins	1533	GCA_002171685.2_ASM217168v2_genomic_prodigal_proteins	811	364	71.77	13.21	44.88
GCA_008081095.1_ASM808109v1_genomic_prodigal_proteins	1533	GCA_000737595.1_ASM73759v1_genomic_prodigal_proteins	2774	1114	91.26	9.62	72.67
GCA_008081095.1_ASM808109v1_genomic_prodigal_proteins	1533	GCA_003331785.1_ASM333178v1_genomic_prodigal_proteins	2125	934	71.05	13.36	60.93
GCA_008081095.1_ASM808109v1_genomic_prodigal_proteins	1533	GCA_009842265.1_ASM984226v1_genomic_prodigal_proteins	2398	637	61.29	12.22	41.55
GCA_008081095.1_ASM808109v1_genomic_prodigal_proteins	1533	GCA_902579345.1_AG-911-L15_genomic_prodigal_proteins	248	52	71.31	17.21	20.97
GCA_008081095.1_ASM808109v1_genomic_prodigal_proteins	1533	GCA_000011345.1_ASM1134v1_genomic_prodigal_proteins	2520	539	53.98	11.81	35.16
GCA_008081095.1_ASM808109v1_genomic_prodigal_proteins	1533	GCA_003210705.1_ASM321070v1_genomic_prodigal_proteins	2244	678	69.89	13.53	44.23
GCA_008081095.1_ASM808109v1_genomic_prodigal_proteins	1533	GCA_000019485.1_ASM1948v1_genomic_prodigal_proteins	3233	594	53.41	12.36	38.75
GCA_008081095.1_ASM808109v1_genomic_prodigal_proteins	1533	GCA_003283055.1_ASM328305v1_genomic_prodigal_proteins	482	37	70.66	13.01	7.68
GCA_008081095.1_ASM808109v1_genomic_prodigal_proteins	1533	GCA_000010065.1_ASM1006v1_genomic_prodigal_proteins	2691	647	55.51	12.71	42.20
GCA_008081095.1_ASM808109v1_genomic_prodigal_proteins	1533	GCA_000316685.1_ASM31668v1_genomic_prodigal_proteins	3706	563	53.45	12.14	36.73
GCA_008081095.1_ASM808109v1_genomic_prodigal_proteins	1533	GCA_000063525.1_ASM6352v1_genomic_prodigal_proteins	2540	905	66.45	13.85	59.03
GCA_008081095.1_ASM808109v1_genomic_prodigal_proteins	1533	GCA_003283165.1_ASM328316v1_genomic_prodigal_proteins	217	41	74.67	13.68	18.89
GCA_008081095.1_ASM808109v1_genomic_prodigal_proteins	1533	GCA_902540675.1_AG-359-E22_genomic_prodigal_proteins	584	169	78.14	14.83	28.94
GCA_008081095.1_ASM808109v1_genomic_prodigal_proteins	1533	GCA_011055065.1_ASM1105506v1_genomic_prodigal_proteins	2792	483	53.05	11.62	31.51
GCA_008081095.1_ASM808109v1_genomic_prodigal_proteins	1533	GCA_000013205.1_ASM1320v1_genomic_prodigal_proteins	2750	510	52.97	11.54	33.27
GCA_008081095.1_ASM808109v1_genomic_prodigal_proteins	1533	GCA_003539795.1_ASM353979v1_genomic_prodigal_proteins	2284	888	76.64	12.71	57.93
GCA_008081095.1_ASM808109v1_genomic_prodigal_proteins	1533	GCA_002171995.1_ASM217199v1_genomic_prodigal_proteins	1978	621	70.56	13.82	40.51
GCA_008081095.1_ASM808109v1_genomic_prodigal_proteins	1533	GCA_011523835.1_ASM1152383v1_genomic_prodigal_proteins	2468	917	72.04	14.22	59.82
GCA_008081095.1_ASM808109v1_genomic_prodigal_proteins	1533	GCA_002172175.1_ASM217217v1_genomic_prodigal_proteins	1846	620	65.14	14.02	40.44
GCA_008081095.1_ASM808109v1_genomic_prodigal_proteins	1533	GCA_003208835.1_ASM320883v1_genomic_prodigal_proteins	2208	682	78.01	12.62	44.49
GCA_008081095.1_ASM808109v1_genomic_prodigal_proteins	1533	GCA_902589915.1_AG-914-F20_genomic_prodigal_proteins	373	69	77.23	15.04	18.50
GCA_008081095.1_ASM808109v1_genomic_prodigal_proteins	1533	GCA_000485815.1_ASM48581v1_genomic_prodigal_proteins	3083	578	53.01	12.34	37.70
GCA_008081095.1_ASM808109v1_genomic_prodigal_proteins	1533	GCA_008807075.1_ASM880707v1_genomic_prodigal_proteins	2925	872	66.86	13.09	56.88
GCA_008081095.1_ASM808109v1_genomic_prodigal_proteins	1533	GCA_000179235.2_ASM17923v2_genomic_prodigal_proteins	3071	921	68.31	13.63	60.08
GCA_008081095.1_ASM808109v1_genomic_prodigal_proteins	1533	GCA_003210795.1_ASM321079v1_genomic_prodigal_proteins	2239	759	76.28	13.81	49.51
GCA_008081095.1_ASM808109v1_genomic_prodigal_proteins	1533	GCA_002706715.1_ASM270671v1_genomic_prodigal_proteins	1148	488	77.07	13.67	42.51
GCA_008081095.1_ASM808109v1_genomic_prodigal_proteins	1533	GCA_003331245.1_ASM333124v1_genomic_prodigal_proteins	2021	943	76.80	12.94	61.51
GCA_008081095.1_ASM808109v1_genomic_prodigal_proteins	1533	GCA_009843385.1_ASM984338v1_genomic_prodigal_proteins	2085	547	61.26	12.40	35.68
GCA_008081095.1_ASM808109v1_genomic_prodigal_proteins	1533	GCA_003211205.1_ASM321120v1_genomic_prodigal_proteins	2288	776	70.59	13.69	50.62
GCA_008081095.1_ASM808109v1_genomic_prodigal_proteins	1533	GCA_000063505.1_ASM6350v1_genomic_prodigal_proteins	2558	977	71.54	13.57	63.73
GCA_008081095.1_ASM808109v1_genomic_prodigal_proteins	1533	GCA_900474245.1_UW179B_genomic_prodigal_proteins	2743	971	71.05	13.24	63.34
GCA_008081095.1_ASM808109v1_genomic_prodigal_proteins	1533	GCA_003210345.1_ASM321034v1_genomic_prodigal_proteins	1256	451	74.97	13.15	35.91
GCA_008081095.1_ASM808109v1_genomic_prodigal_proteins	1533	GCA_003210315.1_ASM321031v1_genomic_prodigal_proteins	1815	587	69.80	13.66	38.29
GCA_008081095.1_ASM808109v1_genomic_prodigal_proteins	1533	GCA_009836155.1_ASM983615v1_genomic_prodigal_proteins	1947	613	61.25	12.34	39.99
GCA_008081095.1_ASM808109v1_genomic_prodigal_proteins	1533	GCA_003990665.2_ASM399066v2_genomic_prodigal_proteins	2499	542	53.93	11.82	35.36
GCA_008081095.1_ASM808109v1_genomic_prodigal_proteins	1533	GCA_003209135.1_ASM320913v1_genomic_prodigal_proteins	1719	582	74.57	13.33	37.96
GCA_008081095.1_ASM808109v1_genomic_prodigal_proteins	1533	GCA_009845105.1_ASM984510v1_genomic_prodigal_proteins	1941	523	61.03	12.51	34.12
GCA_008081095.1_ASM808109v1_genomic_prodigal_proteins	1533	GCA_002690325.1_ASM269032v1_genomic_prodigal_proteins	2554	967	75.11	13.56	63.08
GCA_008081095.1_ASM808109v1_genomic_prodigal_proteins	1533	GCA_000161795.2_ASM16179v2_genomic_prodigal_proteins	2407	1129	95.64	7.03	73.65
GCA_008081095.1_ASM808109v1_genomic_prodigal_proteins	1533	GCA_004211895.1_ASM421189v1_genomic_prodigal_proteins	954	535	94.18	8.84	56.08
GCA_008081095.1_ASM808109v1_genomic_prodigal_proteins	1533	GCA_003210735.1_ASM321073v1_genomic_prodigal_proteins	2337	821	76.18	13.66	53.56
GCA_008081095.1_ASM808109v1_genomic_prodigal_proteins	1533	GCA_003209035.1_ASM320903v1_genomic_prodigal_proteins	1803	606	76.39	13.53	39.53
GCA_008081095.1_ASM808109v1_genomic_prodigal_proteins	1533	GCA_003712085.1_ASM371208v1_genomic_prodigal_proteins	2745	1058	78.55	13.01	69.02
GCA_008081095.1_ASM808109v1_genomic_prodigal_proteins	1533	GCA_003212155.1_ASM321215v1_genomic_prodigal_proteins	262	39	58.13	16.72	14.89
GCA_008081095.1_ASM808109v1_genomic_prodigal_proteins	1533	GCA_001040845.1_ASM104084v1_genomic_prodigal_proteins	2917	958	71.19	13.09	62.49
GCA_008081095.1_ASM808109v1_genomic_prodigal_proteins	1533	GCA_002018015.1_ASM201801v1_genomic_prodigal_proteins	1578	498	61.94	12.36	32.49
GCA_008081095.1_ASM808109v1_genomic_prodigal_proteins	1533	GCA_003211255.1_ASM321125v1_genomic_prodigal_proteins	1850	568	76.30	13.86	37.05
GCA_008081095.1_ASM808109v1_genomic_prodigal_proteins	1533	GCA_002721235.1_ASM272123v1_genomic_prodigal_proteins	3119	596	53.27	12.40	38.88
GCA_008081095.1_ASM808109v1_genomic_prodigal_proteins	1533	GCA_009839305.1_ASM983930v1_genomic_prodigal_proteins	1816	493	61.15	13.11	32.16
GCA_008081095.1_ASM808109v1_genomic_prodigal_proteins	1533	GCA_011365345.1_ASM1136534v1_genomic_prodigal_proteins	2655	1135	90.24	8.64	74.04
GCA_008081095.1_ASM808109v1_genomic_prodigal_proteins	1533	GCA_001039265.1_ASM103926v1_genomic_prodigal_proteins	2832	645	68.18	13.63	42.07
GCA_008081095.1_ASM808109v1_genomic_prodigal_proteins	1533	GCA_001628325.1_ASM162832v1_genomic_prodigal_proteins	2129	1148	98.22	6.53	74.89
GCA_008081095.1_ASM808109v1_genomic_prodigal_proteins	1533	GCA_003209215.1_ASM320921v1_genomic_prodigal_proteins	1679	627	94.46	8.83	40.90
GCA_008081095.1_ASM808109v1_genomic_prodigal_proteins	1533	GCA_002737305.1_ASM273730v1_genomic_prodigal_proteins	1951	705	67.46	13.45	45.99
GCA_008081095.1_ASM808109v1_genomic_prodigal_proteins	1533	GCA_003210515.1_ASM321051v1_genomic_prodigal_proteins	1673	667	76.29	13.34	43.51
GCA_008081095.1_ASM808109v1_genomic_prodigal_proteins	1533	GCA_011525445.1_ASM1152544v1_genomic_prodigal_proteins	3208	821	70.62	13.43	53.56
GCA_008081095.1_ASM808109v1_genomic_prodigal_proteins	1533	GCA_902599435.1_AG-916-N22_genomic_prodigal_proteins	793	288	79.40	13.72	36.32
GCA_008081095.1_ASM808109v1_genomic_prodigal_proteins	1533	GCA_003149585.1_ASM314958v1_genomic_prodigal_proteins	2600	936	69.50	15.03	61.06
GCA_008081095.1_ASM808109v1_genomic_prodigal_proteins	1533	GCA_902560665.1_AG-905-O11_genomic_prodigal_proteins	401	78	76.94	14.64	19.45
GCA_008081095.1_ASM808109v1_genomic_prodigal_proteins	1533	GCA_003331795.1_ASM333179v1_genomic_prodigal_proteins	1948	786	66.58	14.19	51.27
GCA_008081095.1_ASM808109v1_genomic_prodigal_proteins	1533	GCA_002017955.1_ASM201795v1_genomic_prodigal_proteins	512	159	61.01	12.89	31.05
GCA_008081095.1_ASM808109v1_genomic_prodigal_proteins	1533	GCA_902584485.1_AG-912-O23_genomic_prodigal_proteins	535	127	75.81	15.46	23.74
GCA_008081095.1_ASM808109v1_genomic_prodigal_proteins	1533	GCA_902527915.1_AG-896-G19_genomic_prodigal_proteins	1003	338	76.93	13.97	33.70
GCA_008081095.1_ASM808109v1_genomic_prodigal_proteins	1533	GCA_902635365.1_AG-447-D19_genomic_prodigal_proteins	1690	481	77.48	13.84	31.38
GCA_008081095.1_ASM808109v1_genomic_prodigal_proteins	1533	GCA_900474085.1_UW86_genomic_prodigal_proteins	2403	1160	97.50	6.98	75.67
GCA_008081095.1_ASM808109v1_genomic_prodigal_proteins	1533	GCA_001885215.1_ASM188521v1_genomic_prodigal_proteins	2897	875	66.80	12.81	57.08
GCA_008081095.1_ASM808109v1_genomic_prodigal_proteins	1533	GCA_902575935.1_AG-426-B22_genomic_prodigal_proteins	254	118	96.09	11.49	46.46
GCA_008081095.1_ASM808109v1_genomic_prodigal_proteins	1533	GCA_900474295.1_UW140_genomic_prodigal_proteins	2925	990	71.69	13.45	64.58
GCA_008081095.1_ASM808109v1_genomic_prodigal_proteins	1533	GCA_003211565.1_ASM321156v1_genomic_prodigal_proteins	1489	556	93.80	10.65	37.34
GCA_008081095.1_ASM808109v1_genomic_prodigal_proteins	1533	GCA_003526105.1_ASM352610v1_genomic_prodigal_proteins	1581	769	97.79	7.99	50.16
GCA_008081095.1_ASM808109v1_genomic_prodigal_proteins	1533	GCA_002172935.1_ASM217293v1_genomic_prodigal_proteins	1996	807	71.06	13.44	52.64
GCA_008081095.1_ASM808109v1_genomic_prodigal_proteins	1533	GCA_003210335.1_ASM321033v1_genomic_prodigal_proteins	942	185	67.29	14.74	19.64
GCA_008081095.1_ASM808109v1_genomic_prodigal_proteins	1533	GCA_009846115.1_ASM984611v1_genomic_prodigal_proteins	2048	572	61.16	12.74	37.31
GCA_008081095.1_ASM808109v1_genomic_prodigal_proteins	1533	GCA_001693295.1_ASM169329v1_genomic_prodigal_proteins	3183	595	53.31	12.40	38.81
GCA_008081095.1_ASM808109v1_genomic_prodigal_proteins	1533	GCA_900473965.1_UW179A_genomic_prodigal_proteins	3383	982	71.04	13.44	64.06
GCA_008081095.1_ASM808109v1_genomic_prodigal_proteins	1533	GCA_003213755.1_ASM321375v1_genomic_prodigal_proteins	1050	279	64.85	14.28	26.57
GCA_008081095.1_ASM808109v1_genomic_prodigal_proteins	1533	GCA_003209155.1_ASM320915v1_genomic_prodigal_proteins	2305	764	71.27	13.52	49.84
GCA_008081095.1_ASM808109v1_genomic_prodigal_proteins	1533	GCA_003211515.1_ASM321151v1_genomic_prodigal_proteins	2451	675	74.47	13.48	44.03
GCA_008081095.1_ASM808109v1_genomic_prodigal_proteins	1533	GCA_002693285.1_ASM269328v1_genomic_prodigal_proteins	2440	907	71.82	13.62	59.17
GCA_008081095.1_ASM808109v1_genomic_prodigal_proteins	1533	GCA_003210555.1_ASM321055v1_genomic_prodigal_proteins	1847	555	69.71	12.98	36.20
GCA_008081095.1_ASM808109v1_genomic_prodigal_proteins	1533	GCA_000155595.1_ASM15559v1_genomic_prodigal_proteins	5270	605	52.74	12.32	39.47
GCA_008081095.1_ASM808109v1_genomic_prodigal_proteins	1533	GCA_001007665.1_ASM100766v1_genomic_prodigal_proteins	2356	664	60.87	12.61	43.31
GCA_008081095.1_ASM808109v1_genomic_prodigal_proteins	1533	GCA_009919765.1_ASM991976v1_genomic_prodigal_proteins	2524	692	66.91	14.55	45.14
GCA_008081095.1_ASM808109v1_genomic_prodigal_proteins	1533	GCA_003331225.1_ASM333122v1_genomic_prodigal_proteins	2113	848	66.44	13.63	55.32
GCA_008081095.1_ASM808109v1_genomic_prodigal_proteins	1533	GCA_900177825.1_IMG-taxon_2708742468_annotated_assembly_genomic_prodigal_proteins	3317	589	53.37	12.35	38.42
GCA_008081095.1_ASM808109v1_genomic_prodigal_proteins	1533	GCA_000195975.1_ASM19597v1_genomic_prodigal_proteins	2719	1065	78.46	12.97	69.47
GCA_008081095.1_ASM808109v1_genomic_prodigal_proteins	1533	GCA_902618885.1_AG-920-D15_genomic_prodigal_proteins	1178	407	78.86	14.42	34.55
GCA_008081095.1_ASM808109v1_genomic_prodigal_proteins	1533	GCA_003209165.1_ASM320916v1_genomic_prodigal_proteins	2711	954	91.25	8.42	62.23
GCA_008081095.1_ASM808109v1_genomic_prodigal_proteins	1533	GCA_001007625.1_ASM100762v1_genomic_prodigal_proteins	2478	587	61.27	12.71	38.29
GCA_008081095.1_ASM808109v1_genomic_prodigal_proteins	1533	GCA_008386235.1_ASM838623v1_genomic_prodigal_proteins	2571	547	53.64	12.01	35.68
GCA_008081095.1_ASM808109v1_genomic_prodigal_proteins	1533	GCA_001631935.1_ASM163193v1_genomic_prodigal_proteins	3526	975	71.09	13.55	63.60
GCA_008081095.1_ASM808109v1_genomic_prodigal_proteins	1533	GCA_002151525.1_ASM215152v1_genomic_prodigal_proteins	1628	631	64.12	13.56	41.16
GCA_008081095.1_ASM808109v1_genomic_prodigal_proteins	1533	GCA_000153065.1_ASM15306v1_genomic_prodigal_proteins	2704	958	72.28	13.02	62.49
GCA_008081095.1_ASM808109v1_genomic_prodigal_proteins	1533	GCA_009837265.1_ASM983726v1_genomic_prodigal_proteins	2126	623	61.00	12.62	40.64
GCA_008081095.1_ASM808109v1_genomic_prodigal_proteins	1533	GCA_902533725.1_AG-898-C20_genomic_prodigal_proteins	421	130	94.05	8.62	30.88
GCA_008081095.1_ASM808109v1_genomic_prodigal_proteins	1533	GCA_002171075.2_ASM217107v2_genomic_prodigal_proteins	1919	650	64.78	13.10	42.40
GCA_008081095.1_ASM808109v1_genomic_prodigal_proteins	1533	GCA_002760395.1_ASM276039v1_genomic_prodigal_proteins	2661	491	53.02	11.53	32.03
GCA_008081095.1_ASM808109v1_genomic_prodigal_proteins	1533	GCA_003209005.1_ASM320900v1_genomic_prodigal_proteins	2548	838	70.73	13.62	54.66
GCA_008081095.1_ASM808109v1_genomic_prodigal_proteins	1533	GCA_002017915.1_ASM201791v1_genomic_prodigal_proteins	623	181	63.14	13.58	29.05
GCA_008081095.1_ASM808109v1_genomic_prodigal_proteins	1533	GCA_900047545.1_m9_genomic_prodigal_proteins	1575	515	61.00	12.31	33.59
GCA_008081095.1_ASM808109v1_genomic_prodigal_proteins	1533	GCA_001632105.1_ASM163210v1_genomic_prodigal_proteins	3521	979	71.07	13.54	63.86
GCA_008081095.1_ASM808109v1_genomic_prodigal_proteins	1533	GCA_004212765.1_ASM421276v1_genomic_prodigal_proteins	1162	576	77.18	13.89	49.57
GCA_008081095.1_ASM808109v1_genomic_prodigal_proteins	1533	GCA_002685515.1_ASM268551v1_genomic_prodigal_proteins	1286	559	70.45	13.78	43.47
GCA_008081095.1_ASM808109v1_genomic_prodigal_proteins	1533	GCA_007828135.1_ASM782813v1_genomic_prodigal_proteins	2917	875	66.80	12.81	57.08
GCA_008081095.1_ASM808109v1_genomic_prodigal_proteins	1533	GCA_011047875.1_ASM1104787v1_genomic_prodigal_proteins	2810	503	53.28	11.61	32.81
GCA_008081095.1_ASM808109v1_genomic_prodigal_proteins	1533	GCA_009840445.1_ASM984044v1_genomic_prodigal_proteins	2167	667	61.27	12.48	43.51
GCA_008081095.1_ASM808109v1_genomic_prodigal_proteins	1533	GCA_003210995.1_ASM321099v1_genomic_prodigal_proteins	2385	719	71.16	13.71	46.90
GCA_008081095.1_ASM808109v1_genomic_prodigal_proteins	1533	GCA_902616995.1_AG-919-L20_genomic_prodigal_proteins	654	203	76.73	14.87	31.04
GCA_008081095.1_ASM808109v1_genomic_prodigal_proteins	1533	GCA_009845825.1_ASM984582v1_genomic_prodigal_proteins	2168	566	61.40	12.36	36.92
GCA_008081095.1_ASM808109v1_genomic_prodigal_proteins	1533	GCA_000515235.1_ASM51523v1_genomic_prodigal_proteins	2873	1029	75.84	12.75	67.12
GCA_008081095.1_ASM808109v1_genomic_prodigal_proteins	1533	GCA_003523965.1_ASM352396v1_genomic_prodigal_proteins	1735	449	62.08	12.75	29.29
GCA_008081095.1_ASM808109v1_genomic_prodigal_proteins	1533	GCA_002684175.1_ASM268417v1_genomic_prodigal_proteins	1819	676	75.54	12.28	44.10
GCA_008081095.1_ASM808109v1_genomic_prodigal_proteins	1533	GCA_011523295.1_ASM1152329v1_genomic_prodigal_proteins	2851	925	76.85	13.75	60.34
GCA_008081095.1_ASM808109v1_genomic_prodigal_proteins	1533	GCA_003211015.1_ASM321101v1_genomic_prodigal_proteins	2128	720	71.07	13.34	46.97
GCA_008081095.1_ASM808109v1_genomic_prodigal_proteins	1533	GCA_002006815.1_ASM200681v1_genomic_prodigal_proteins	1973	769	64.50	13.62	50.16
GCA_003210565.1_ASM321056v1_genomic_prodigal_proteins	836	GCA_902618505.1_AG-892-K03_genomic_prodigal_proteins	959	119	71.23	15.70	14.23
GCA_003210565.1_ASM321056v1_genomic_prodigal_proteins	836	GCA_005577135.1_ASM557713v1_genomic_prodigal_proteins	3356	273	52.90	13.26	32.66
GCA_003210565.1_ASM321056v1_genomic_prodigal_proteins	836	GCA_003846445.1_ASM384644v1_genomic_prodigal_proteins	2740	293	55.83	13.34	35.05
GCA_003210565.1_ASM321056v1_genomic_prodigal_proteins	836	GCA_000505665.1_ASM50566v1_genomic_prodigal_proteins	2466	256	53.06	13.05	30.62
GCA_003210565.1_ASM321056v1_genomic_prodigal_proteins	836	GCA_902616255.1_AG-919-I18_genomic_prodigal_proteins	1046	162	67.43	15.54	19.38
GCA_003210565.1_ASM321056v1_genomic_prodigal_proteins	836	GCA_001182765.1_WH8103.1_genomic_prodigal_proteins	2676	460	70.27	14.68	55.02
GCA_003210565.1_ASM321056v1_genomic_prodigal_proteins	836	GCA_002760375.1_ASM276037v1_genomic_prodigal_proteins	2702	233	52.33	12.15	27.87
GCA_003210565.1_ASM321056v1_genomic_prodigal_proteins	836	GCA_902592305.1_AG-914-O22_genomic_prodigal_proteins	179	31	66.88	15.79	17.32
GCA_003210565.1_ASM321056v1_genomic_prodigal_proteins	836	GCA_001632165.1_ASM163216v1_genomic_prodigal_proteins	2830	503	73.19	14.10	60.17
GCA_003210565.1_ASM321056v1_genomic_prodigal_proteins	836	GCA_004332405.1_ASM433240v1_genomic_prodigal_proteins	2437	464	73.61	14.10	55.50
GCA_003210565.1_ASM321056v1_genomic_prodigal_proteins	836	GCA_900473975.1_N26_genomic_prodigal_proteins	2454	445	70.54	14.72	53.23
GCA_003210565.1_ASM321056v1_genomic_prodigal_proteins	836	GCA_902612475.1_AG-918-G20_genomic_prodigal_proteins	502	53	63.59	15.02	10.56
GCA_003210565.1_ASM321056v1_genomic_prodigal_proteins	836	GCA_000775285.1_ASM77528v1_genomic_prodigal_proteins	4812	239	53.71	13.19	28.59
GCA_003210565.1_ASM321056v1_genomic_prodigal_proteins	836	GCA_002698505.1_ASM269850v1_genomic_prodigal_proteins	2471	443	72.11	14.21	52.99
GCA_003210565.1_ASM321056v1_genomic_prodigal_proteins	836	GCA_002252665.1_ASM225266v1_genomic_prodigal_proteins	2771	413	66.40	14.69	49.40
GCA_003210565.1_ASM321056v1_genomic_prodigal_proteins	836	GCA_003555505.1_ASM355550v1_genomic_prodigal_proteins	3351	207	53.90	13.73	24.76
GCA_003210565.1_ASM321056v1_genomic_prodigal_proteins	836	GCA_900474015.1_UW106_genomic_prodigal_proteins	2762	476	69.86	15.10	56.94
GCA_003210565.1_ASM321056v1_genomic_prodigal_proteins	836	GCA_000715475.1_ASM71547v1_genomic_prodigal_proteins	3299	269	52.78	13.19	32.18
GCA_003210565.1_ASM321056v1_genomic_prodigal_proteins	836	GCA_001628295.1_ASM162829v1_genomic_prodigal_proteins	2145	414	70.85	14.59	49.52
GCA_003210565.1_ASM321056v1_genomic_prodigal_proteins	836	GCA_003208775.1_ASM320877v1_genomic_prodigal_proteins	1808	365	89.77	12.52	43.66
GCA_003210565.1_ASM321056v1_genomic_prodigal_proteins	836	GCA_003210975.1_ASM321097v1_genomic_prodigal_proteins	627	120	69.82	18.26	19.14
GCA_003210565.1_ASM321056v1_genomic_prodigal_proteins	836	GCA_003208915.1_ASM320891v1_genomic_prodigal_proteins	1208	157	69.13	14.87	18.78
GCA_003210565.1_ASM321056v1_genomic_prodigal_proteins	836	GCA_009837735.1_ASM983773v1_genomic_prodigal_proteins	2041	250	60.93	13.68	29.90
GCA_003210565.1_ASM321056v1_genomic_prodigal_proteins	836	GCA_902548805.1_AG-901-N20_genomic_prodigal_proteins	158	8	56.51	18.76	5.06
GCA_003210565.1_ASM321056v1_genomic_prodigal_proteins	836	GCA_003211235.1_ASM321123v1_genomic_prodigal_proteins	1698	260	70.25	15.27	31.10
GCA_003210565.1_ASM321056v1_genomic_prodigal_proteins	836	GCA_004209775.1_ASM420977v1_genomic_prodigal_proteins	2798	464	72.94	14.49	55.50
GCA_003210565.1_ASM321056v1_genomic_prodigal_proteins	836	GCA_003283215.1_ASM328321v1_genomic_prodigal_proteins	239	10	73.23	14.87	4.18
GCA_003210565.1_ASM321056v1_genomic_prodigal_proteins	836	GCA_003209555.1_ASM320955v1_genomic_prodigal_proteins	908	92	60.07	14.62	11.00
GCA_003210565.1_ASM321056v1_genomic_prodigal_proteins	836	GCA_000153805.1_ASM15380v1_genomic_prodigal_proteins	2517	482	69.98	15.12	57.66
GCA_003210565.1_ASM321056v1_genomic_prodigal_proteins	836	GCA_003283205.1_ASM328320v1_genomic_prodigal_proteins	274	23	73.59	17.86	8.39
GCA_003210565.1_ASM321056v1_genomic_prodigal_proteins	836	GCA_900473925.1_N5_genomic_prodigal_proteins	2417	447	70.30	14.86	53.47
GCA_003210565.1_ASM321056v1_genomic_prodigal_proteins	836	GCA_902592665.1_AG-447-E14_genomic_prodigal_proteins	1111	149	69.45	16.14	17.82
GCA_003210565.1_ASM321056v1_genomic_prodigal_proteins	836	GCA_011523155.1_ASM1152315v1_genomic_prodigal_proteins	2101	313	69.65	13.50	37.44
GCA_003210565.1_ASM321056v1_genomic_prodigal_proteins	836	GCA_003211275.1_ASM321127v1_genomic_prodigal_proteins	2168	352	70.96	14.45	42.11
GCA_003210565.1_ASM321056v1_genomic_prodigal_proteins	836	GCA_003957805.1_ASM395780v1_genomic_prodigal_proteins	2887	303	55.53	13.72	36.24
GCA_003210565.1_ASM321056v1_genomic_prodigal_proteins	836	GCA_012270465.1_ASM1227046v1_genomic_prodigal_proteins	2311	349	64.54	14.90	41.75
GCA_003210565.1_ASM321056v1_genomic_prodigal_proteins	836	GCA_001693255.1_ASM169325v1_genomic_prodigal_proteins	3177	267	53.14	13.23	31.94
GCA_003210565.1_ASM321056v1_genomic_prodigal_proteins	836	GCA_003210385.1_ASM321038v1_genomic_prodigal_proteins	286	53	91.45	18.73	18.53
GCA_003210565.1_ASM321056v1_genomic_prodigal_proteins	836	GCA_002170705.1_ASM217070v1_genomic_prodigal_proteins	1392	244	70.19	14.59	29.19
GCA_003210565.1_ASM321056v1_genomic_prodigal_proteins	836	GCA_002356215.1_ASM235621v1_genomic_prodigal_proteins	2953	268	53.12	13.02	32.06
GCA_003210565.1_ASM321056v1_genomic_prodigal_proteins	836	GCA_003210935.1_ASM321093v1_genomic_prodigal_proteins	1868	336	73.14	14.76	40.19
GCA_003210565.1_ASM321056v1_genomic_prodigal_proteins	836	GCA_003210535.1_ASM321053v1_genomic_prodigal_proteins	1257	219	67.79	15.05	26.20
GCA_003210565.1_ASM321056v1_genomic_prodigal_proteins	836	GCA_002724845.1_ASM272484v1_genomic_prodigal_proteins	1589	330	70.01	14.96	39.47
GCA_003210565.1_ASM321056v1_genomic_prodigal_proteins	836	GCA_000153285.1_ASM15328v1_genomic_prodigal_proteins	2746	493	73.75	13.86	58.97
GCA_003210565.1_ASM321056v1_genomic_prodigal_proteins	836	GCA_003211035.1_ASM321103v1_genomic_prodigal_proteins	530	103	69.77	16.52	19.43
GCA_003210565.1_ASM321056v1_genomic_prodigal_proteins	836	GCA_001521855.1_ASM152185v1_genomic_prodigal_proteins	3144	274	52.80	13.32	32.78
GCA_003210565.1_ASM321056v1_genomic_prodigal_proteins	836	GCA_009835965.1_ASM983596v1_genomic_prodigal_proteins	2105	296	60.34	13.53	35.41
GCA_003210565.1_ASM321056v1_genomic_prodigal_proteins	836	GCA_012269695.1_ASM1226969v1_genomic_prodigal_proteins	2043	288	64.52	15.47	34.45
GCA_003210565.1_ASM321056v1_genomic_prodigal_proteins	836	GCA_000737535.1_ASM73753v1_genomic_prodigal_proteins	3013	480	69.68	14.95	57.42
GCA_003210565.1_ASM321056v1_genomic_prodigal_proteins	836	GCA_000586015.1_SynSpo.0_genomic_prodigal_proteins	1907	249	61.75	13.97	29.78
GCA_003210565.1_ASM321056v1_genomic_prodigal_proteins	836	GCA_002760345.1_ASM276034v1_genomic_prodigal_proteins	2731	238	52.18	12.12	28.47
GCA_003210565.1_ASM321056v1_genomic_prodigal_proteins	836	GCA_000013225.1_ASM1322v1_genomic_prodigal_proteins	2844	238	52.11	12.02	28.47
GCA_003210565.1_ASM321056v1_genomic_prodigal_proteins	836	GCA_000332275.1_ASM33227v1_genomic_prodigal_proteins	4564	262	51.58	12.23	31.34
GCA_003210565.1_ASM321056v1_genomic_prodigal_proteins	836	GCA_002252675.1_ASM225267v1_genomic_prodigal_proteins	3295	397	66.04	14.61	47.49
GCA_003210565.1_ASM321056v1_genomic_prodigal_proteins	836	GCA_000737575.1_ASM73757v1_genomic_prodigal_proteins	2662	474	70.41	14.68	56.70
GCA_003210565.1_ASM321056v1_genomic_prodigal_proteins	836	GCA_902596755.1_AG-916-D19_genomic_prodigal_proteins	1152	149	69.63	15.06	17.82
GCA_003210565.1_ASM321056v1_genomic_prodigal_proteins	836	GCA_003211455.1_ASM321145v1_genomic_prodigal_proteins	1186	186	65.87	16.22	22.25
GCA_003210565.1_ASM321056v1_genomic_prodigal_proteins	836	GCA_003208755.1_ASM320875v1_genomic_prodigal_proteins	690	122	67.18	15.45	17.68
GCA_003210565.1_ASM321056v1_genomic_prodigal_proteins	836	GCA_007571215.1_ASM757121v1_genomic_prodigal_proteins	1879	289	59.84	13.79	34.57
GCA_003210565.1_ASM321056v1_genomic_prodigal_proteins	836	GCA_001007635.1_ASM100763v1_genomic_prodigal_proteins	2333	268	60.99	13.58	32.06
GCA_003210565.1_ASM321056v1_genomic_prodigal_proteins	836	GCA_000179255.1_ASM17925v1_genomic_prodigal_proteins	2729	420	66.31	14.62	50.24
GCA_003210565.1_ASM321056v1_genomic_prodigal_proteins	836	GCA_003208975.1_ASM320897v1_genomic_prodigal_proteins	1804	273	69.15	15.37	32.66
GCA_003210565.1_ASM321056v1_genomic_prodigal_proteins	836	GCA_012103655.1_ASM1210365v1_genomic_prodigal_proteins	2723	548	89.15	11.01	65.55
GCA_003210565.1_ASM321056v1_genomic_prodigal_proteins	836	GCA_902582045.1_AG-912-B07_genomic_prodigal_proteins	196	20	62.28	16.56	10.20
GCA_003210565.1_ASM321056v1_genomic_prodigal_proteins	836	GCA_000153045.1_ASM15304v1_genomic_prodigal_proteins	3242	415	66.21	14.54	49.64
GCA_003210565.1_ASM321056v1_genomic_prodigal_proteins	836	GCA_902549675.1_AG-903-B09_genomic_prodigal_proteins	836	108	67.97	15.35	12.92
GCA_003210565.1_ASM321056v1_genomic_prodigal_proteins	836	GCA_002018045.1_ASM201804v1_genomic_prodigal_proteins	1559	240	61.28	13.71	28.71
GCA_003210565.1_ASM321056v1_genomic_prodigal_proteins	836	GCA_004213055.1_ASM421305v1_genomic_prodigal_proteins	2241	441	72.56	14.34	52.75
GCA_003210565.1_ASM321056v1_genomic_prodigal_proteins	836	GCA_007571085.1_ASM757108v1_genomic_prodigal_proteins	1784	281	60.26	13.85	33.61
GCA_003210565.1_ASM321056v1_genomic_prodigal_proteins	836	GCA_009839805.1_ASM983980v1_genomic_prodigal_proteins	1848	197	58.79	13.26	23.56
GCA_003210565.1_ASM321056v1_genomic_prodigal_proteins	836	GCA_003210375.1_ASM321037v1_genomic_prodigal_proteins	2155	366	70.23	15.03	43.78
GCA_003210565.1_ASM321056v1_genomic_prodigal_proteins	836	GCA_004332415.1_ASM433241v1_genomic_prodigal_proteins	2408	459	73.53	14.06	54.90
GCA_003210565.1_ASM321056v1_genomic_prodigal_proteins	836	GCA_009836025.1_ASM983602v1_genomic_prodigal_proteins	2290	290	60.62	13.68	34.69
GCA_003210565.1_ASM321056v1_genomic_prodigal_proteins	836	GCA_009843455.1_ASM984345v1_genomic_prodigal_proteins	2423	287	60.60	13.69	34.33
GCA_003210565.1_ASM321056v1_genomic_prodigal_proteins	836	GCA_009843485.1_ASM984348v1_genomic_prodigal_proteins	2158	295	60.45	13.62	35.29
GCA_003210565.1_ASM321056v1_genomic_prodigal_proteins	836	GCA_003283135.1_ASM328313v1_genomic_prodigal_proteins	459	81	79.01	13.71	17.65
GCA_003210565.1_ASM321056v1_genomic_prodigal_proteins	836	GCA_902635485.1_AG-447-G23_genomic_prodigal_proteins	327	42	60.83	16.72	12.84
GCA_003210565.1_ASM321056v1_genomic_prodigal_proteins	836	GCA_002760415.1_ASM276041v1_genomic_prodigal_proteins	2670	235	52.24	12.13	28.11
GCA_003210565.1_ASM321056v1_genomic_prodigal_proteins	836	GCA_002754935.1_ASM275493v1_genomic_prodigal_proteins	2664	252	52.99	13.25	30.14
GCA_003210565.1_ASM321056v1_genomic_prodigal_proteins	836	GCA_002171685.2_ASM217168v2_genomic_prodigal_proteins	811	204	88.79	15.00	25.15
GCA_003210565.1_ASM321056v1_genomic_prodigal_proteins	836	GCA_000737595.1_ASM73759v1_genomic_prodigal_proteins	2774	467	69.52	15.06	55.86
GCA_003210565.1_ASM321056v1_genomic_prodigal_proteins	836	GCA_003331785.1_ASM333178v1_genomic_prodigal_proteins	2125	506	91.92	9.65	60.53
GCA_003210565.1_ASM321056v1_genomic_prodigal_proteins	836	GCA_009842265.1_ASM984226v1_genomic_prodigal_proteins	2398	289	61.00	13.68	34.57
GCA_003210565.1_ASM321056v1_genomic_prodigal_proteins	836	GCA_902579345.1_AG-911-L15_genomic_prodigal_proteins	248	37	61.22	18.41	14.92
GCA_003210565.1_ASM321056v1_genomic_prodigal_proteins	836	GCA_000011345.1_ASM1134v1_genomic_prodigal_proteins	2520	263	53.12	13.13	31.46
GCA_003210565.1_ASM321056v1_genomic_prodigal_proteins	836	GCA_003210705.1_ASM321070v1_genomic_prodigal_proteins	2244	401	72.16	14.02	47.97
GCA_003210565.1_ASM321056v1_genomic_prodigal_proteins	836	GCA_000019485.1_ASM1948v1_genomic_prodigal_proteins	3233	273	52.81	13.31	32.66
GCA_003210565.1_ASM321056v1_genomic_prodigal_proteins	836	GCA_003283055.1_ASM328305v1_genomic_prodigal_proteins	482	18	59.52	16.99	3.73
GCA_003210565.1_ASM321056v1_genomic_prodigal_proteins	836	GCA_000010065.1_ASM1006v1_genomic_prodigal_proteins	2691	299	55.68	13.63	35.77
GCA_003210565.1_ASM321056v1_genomic_prodigal_proteins	836	GCA_000316685.1_ASM31668v1_genomic_prodigal_proteins	3706	268	52.68	12.98	32.06
GCA_003210565.1_ASM321056v1_genomic_prodigal_proteins	836	GCA_000063525.1_ASM6352v1_genomic_prodigal_proteins	2540	424	64.70	15.29	50.72
GCA_003210565.1_ASM321056v1_genomic_prodigal_proteins	836	GCA_003283165.1_ASM328316v1_genomic_prodigal_proteins	217	7	59.06	18.75	3.23
GCA_003210565.1_ASM321056v1_genomic_prodigal_proteins	836	GCA_902540675.1_AG-359-E22_genomic_prodigal_proteins	584	76	74.69	16.80	13.01
GCA_003210565.1_ASM321056v1_genomic_prodigal_proteins	836	GCA_011055065.1_ASM1105506v1_genomic_prodigal_proteins	2792	226	52.31	11.98	27.03
GCA_003210565.1_ASM321056v1_genomic_prodigal_proteins	836	GCA_000013205.1_ASM1320v1_genomic_prodigal_proteins	2750	238	52.19	12.11	28.47
GCA_003210565.1_ASM321056v1_genomic_prodigal_proteins	836	GCA_003539795.1_ASM353979v1_genomic_prodigal_proteins	2284	363	70.11	14.20	43.42
GCA_003210565.1_ASM321056v1_genomic_prodigal_proteins	836	GCA_002171995.1_ASM217199v1_genomic_prodigal_proteins	1978	333	72.11	15.08	39.83
GCA_003210565.1_ASM321056v1_genomic_prodigal_proteins	836	GCA_011523835.1_ASM1152383v1_genomic_prodigal_proteins	2468	429	72.92	13.85	51.32
GCA_003210565.1_ASM321056v1_genomic_prodigal_proteins	836	GCA_002172175.1_ASM217217v1_genomic_prodigal_proteins	1846	258	62.01	15.36	30.86
GCA_003210565.1_ASM321056v1_genomic_prodigal_proteins	836	GCA_003208835.1_ASM320883v1_genomic_prodigal_proteins	2208	361	70.22	15.18	43.18
GCA_003210565.1_ASM321056v1_genomic_prodigal_proteins	836	GCA_902589915.1_AG-914-F20_genomic_prodigal_proteins	373	28	71.19	16.14	7.51
GCA_003210565.1_ASM321056v1_genomic_prodigal_proteins	836	GCA_000485815.1_ASM48581v1_genomic_prodigal_proteins	3083	266	53.27	13.00	31.82
GCA_003210565.1_ASM321056v1_genomic_prodigal_proteins	836	GCA_008807075.1_ASM880707v1_genomic_prodigal_proteins	2925	420	65.68	14.68	50.24
GCA_003210565.1_ASM321056v1_genomic_prodigal_proteins	836	GCA_000179235.2_ASM17923v2_genomic_prodigal_proteins	3071	421	66.73	14.51	50.36
GCA_003210565.1_ASM321056v1_genomic_prodigal_proteins	836	GCA_003210795.1_ASM321079v1_genomic_prodigal_proteins	2239	338	68.82	15.52	40.43
GCA_003210565.1_ASM321056v1_genomic_prodigal_proteins	836	GCA_002706715.1_ASM270671v1_genomic_prodigal_proteins	1148	239	69.00	16.19	28.59
GCA_003210565.1_ASM321056v1_genomic_prodigal_proteins	836	GCA_003331245.1_ASM333124v1_genomic_prodigal_proteins	2021	390	70.23	14.40	46.65
GCA_003210565.1_ASM321056v1_genomic_prodigal_proteins	836	GCA_009843385.1_ASM984338v1_genomic_prodigal_proteins	2085	237	61.07	13.91	28.35
GCA_003210565.1_ASM321056v1_genomic_prodigal_proteins	836	GCA_003211205.1_ASM321120v1_genomic_prodigal_proteins	2288	409	72.62	14.65	48.92
GCA_003210565.1_ASM321056v1_genomic_prodigal_proteins	836	GCA_000063505.1_ASM6350v1_genomic_prodigal_proteins	2558	495	73.86	14.25	59.21
GCA_003210565.1_ASM321056v1_genomic_prodigal_proteins	836	GCA_900474245.1_UW179B_genomic_prodigal_proteins	2743	552	89.45	10.12	66.03
GCA_003210565.1_ASM321056v1_genomic_prodigal_proteins	836	GCA_003210345.1_ASM321034v1_genomic_prodigal_proteins	1256	200	66.88	15.22	23.92
GCA_003210565.1_ASM321056v1_genomic_prodigal_proteins	836	GCA_003210315.1_ASM321031v1_genomic_prodigal_proteins	1815	349	87.76	13.55	41.75
GCA_003210565.1_ASM321056v1_genomic_prodigal_proteins	836	GCA_009836155.1_ASM983615v1_genomic_prodigal_proteins	1947	279	60.99	13.58	33.37
GCA_003210565.1_ASM321056v1_genomic_prodigal_proteins	836	GCA_003990665.2_ASM399066v2_genomic_prodigal_proteins	2499	264	53.00	13.18	31.58
GCA_003210565.1_ASM321056v1_genomic_prodigal_proteins	836	GCA_003209135.1_ASM320913v1_genomic_prodigal_proteins	1719	296	68.18	15.14	35.41
GCA_003210565.1_ASM321056v1_genomic_prodigal_proteins	836	GCA_009845105.1_ASM984510v1_genomic_prodigal_proteins	1941	236	60.16	14.05	28.23
GCA_003210565.1_ASM321056v1_genomic_prodigal_proteins	836	GCA_002690325.1_ASM269032v1_genomic_prodigal_proteins	2554	419	68.52	14.58	50.12
GCA_003210565.1_ASM321056v1_genomic_prodigal_proteins	836	GCA_000161795.2_ASM16179v2_genomic_prodigal_proteins	2407	446	70.33	14.97	53.35
GCA_003210565.1_ASM321056v1_genomic_prodigal_proteins	836	GCA_004211895.1_ASM421189v1_genomic_prodigal_proteins	954	166	70.44	14.57	19.86
GCA_003210565.1_ASM321056v1_genomic_prodigal_proteins	836	GCA_003210735.1_ASM321073v1_genomic_prodigal_proteins	2337	337	67.49	15.22	40.31
GCA_003210565.1_ASM321056v1_genomic_prodigal_proteins	836	GCA_003209035.1_ASM320903v1_genomic_prodigal_proteins	1803	262	68.62	16.05	31.34
GCA_003210565.1_ASM321056v1_genomic_prodigal_proteins	836	GCA_003712085.1_ASM371208v1_genomic_prodigal_proteins	2745	455	70.41	14.49	54.43
GCA_003210565.1_ASM321056v1_genomic_prodigal_proteins	836	GCA_003212155.1_ASM321215v1_genomic_prodigal_proteins	262	29	54.69	16.18	11.07
GCA_003210565.1_ASM321056v1_genomic_prodigal_proteins	836	GCA_001040845.1_ASM104084v1_genomic_prodigal_proteins	2917	542	89.56	9.64	64.83
GCA_003210565.1_ASM321056v1_genomic_prodigal_proteins	836	GCA_002018015.1_ASM201801v1_genomic_prodigal_proteins	1578	235	61.81	13.64	28.11
GCA_003210565.1_ASM321056v1_genomic_prodigal_proteins	836	GCA_003211255.1_ASM321125v1_genomic_prodigal_proteins	1850	259	68.02	14.88	30.98
GCA_003210565.1_ASM321056v1_genomic_prodigal_proteins	836	GCA_002721235.1_ASM272123v1_genomic_prodigal_proteins	3119	271	52.92	13.22	32.42
GCA_003210565.1_ASM321056v1_genomic_prodigal_proteins	836	GCA_009839305.1_ASM983930v1_genomic_prodigal_proteins	1816	239	61.10	14.27	28.59
GCA_003210565.1_ASM321056v1_genomic_prodigal_proteins	836	GCA_011365345.1_ASM1136534v1_genomic_prodigal_proteins	2655	484	69.78	15.11	57.89
GCA_003210565.1_ASM321056v1_genomic_prodigal_proteins	836	GCA_001039265.1_ASM103926v1_genomic_prodigal_proteins	2832	294	67.36	15.11	35.17
GCA_003210565.1_ASM321056v1_genomic_prodigal_proteins	836	GCA_001628325.1_ASM162832v1_genomic_prodigal_proteins	2129	418	70.24	15.06	50.00
GCA_003210565.1_ASM321056v1_genomic_prodigal_proteins	836	GCA_003209215.1_ASM320921v1_genomic_prodigal_proteins	1679	246	70.02	15.43	29.43
GCA_003210565.1_ASM321056v1_genomic_prodigal_proteins	836	GCA_002737305.1_ASM273730v1_genomic_prodigal_proteins	1951	312	66.88	14.67	37.32
GCA_003210565.1_ASM321056v1_genomic_prodigal_proteins	836	GCA_003210515.1_ASM321051v1_genomic_prodigal_proteins	1673	282	67.16	15.96	33.73
GCA_003210565.1_ASM321056v1_genomic_prodigal_proteins	836	GCA_011525445.1_ASM1152544v1_genomic_prodigal_proteins	3208	419	79.95	13.61	50.12
GCA_003210565.1_ASM321056v1_genomic_prodigal_proteins	836	GCA_902599435.1_AG-916-N22_genomic_prodigal_proteins	793	136	72.26	15.60	17.15
GCA_003210565.1_ASM321056v1_genomic_prodigal_proteins	836	GCA_003149585.1_ASM314958v1_genomic_prodigal_proteins	2600	424	66.67	14.47	50.72
GCA_003210565.1_ASM321056v1_genomic_prodigal_proteins	836	GCA_902560665.1_AG-905-O11_genomic_prodigal_proteins	401	73	68.30	15.72	18.20
GCA_003210565.1_ASM321056v1_genomic_prodigal_proteins	836	GCA_003331795.1_ASM333179v1_genomic_prodigal_proteins	1948	341	64.72	15.87	40.79
GCA_003210565.1_ASM321056v1_genomic_prodigal_proteins	836	GCA_002017955.1_ASM201795v1_genomic_prodigal_proteins	512	63	59.18	13.25	12.30
GCA_003210565.1_ASM321056v1_genomic_prodigal_proteins	836	GCA_902584485.1_AG-912-O23_genomic_prodigal_proteins	535	68	65.02	16.27	12.71
GCA_003210565.1_ASM321056v1_genomic_prodigal_proteins	836	GCA_902527915.1_AG-896-G19_genomic_prodigal_proteins	1003	172	66.97	15.79	20.57
GCA_003210565.1_ASM321056v1_genomic_prodigal_proteins	836	GCA_902635365.1_AG-447-D19_genomic_prodigal_proteins	1690	254	68.76	17.01	30.38
GCA_003210565.1_ASM321056v1_genomic_prodigal_proteins	836	GCA_900474085.1_UW86_genomic_prodigal_proteins	2403	446	70.37	15.00	53.35
GCA_003210565.1_ASM321056v1_genomic_prodigal_proteins	836	GCA_001885215.1_ASM188521v1_genomic_prodigal_proteins	2897	405	65.53	14.11	48.44
GCA_003210565.1_ASM321056v1_genomic_prodigal_proteins	836	GCA_902575935.1_AG-426-B22_genomic_prodigal_proteins	254	63	72.89	16.67	24.80
GCA_003210565.1_ASM321056v1_genomic_prodigal_proteins	836	GCA_900474295.1_UW140_genomic_prodigal_proteins	2925	506	72.35	14.47	60.53
GCA_003210565.1_ASM321056v1_genomic_prodigal_proteins	836	GCA_003211565.1_ASM321156v1_genomic_prodigal_proteins	1489	206	68.34	16.38	24.64
GCA_003210565.1_ASM321056v1_genomic_prodigal_proteins	836	GCA_003526105.1_ASM352610v1_genomic_prodigal_proteins	1581	238	71.96	15.55	28.47
GCA_003210565.1_ASM321056v1_genomic_prodigal_proteins	836	GCA_002172935.1_ASM217293v1_genomic_prodigal_proteins	1996	394	73.37	14.19	47.13
GCA_003210565.1_ASM321056v1_genomic_prodigal_proteins	836	GCA_003210335.1_ASM321033v1_genomic_prodigal_proteins	942	120	68.22	15.81	14.35
GCA_003210565.1_ASM321056v1_genomic_prodigal_proteins	836	GCA_009846115.1_ASM984611v1_genomic_prodigal_proteins	2048	270	60.36	13.79	32.30
GCA_003210565.1_ASM321056v1_genomic_prodigal_proteins	836	GCA_001693295.1_ASM169329v1_genomic_prodigal_proteins	3183	270	52.93	13.31	32.30
GCA_003210565.1_ASM321056v1_genomic_prodigal_proteins	836	GCA_900473965.1_UW179A_genomic_prodigal_proteins	3383	522	72.74	14.18	62.44
GCA_003210565.1_ASM321056v1_genomic_prodigal_proteins	836	GCA_003213755.1_ASM321375v1_genomic_prodigal_proteins	1050	200	60.66	14.59	23.92
GCA_003210565.1_ASM321056v1_genomic_prodigal_proteins	836	GCA_003209155.1_ASM320915v1_genomic_prodigal_proteins	2305	400	71.90	15.02	47.85
GCA_003210565.1_ASM321056v1_genomic_prodigal_proteins	836	GCA_003211515.1_ASM321151v1_genomic_prodigal_proteins	2451	307	67.56	15.58	36.72
GCA_003210565.1_ASM321056v1_genomic_prodigal_proteins	836	GCA_002693285.1_ASM269328v1_genomic_prodigal_proteins	2440	449	73.15	14.11	53.71
GCA_003210565.1_ASM321056v1_genomic_prodigal_proteins	836	GCA_003210555.1_ASM321055v1_genomic_prodigal_proteins	1847	324	87.96	13.84	38.76
GCA_003210565.1_ASM321056v1_genomic_prodigal_proteins	836	GCA_000155595.1_ASM15559v1_genomic_prodigal_proteins	5270	281	52.67	12.96	33.61
GCA_003210565.1_ASM321056v1_genomic_prodigal_proteins	836	GCA_001007665.1_ASM100766v1_genomic_prodigal_proteins	2356	297	60.30	13.49	35.53
GCA_003210565.1_ASM321056v1_genomic_prodigal_proteins	836	GCA_009919765.1_ASM991976v1_genomic_prodigal_proteins	2524	292	65.38	15.75	34.93
GCA_003210565.1_ASM321056v1_genomic_prodigal_proteins	836	GCA_003331225.1_ASM333122v1_genomic_prodigal_proteins	2113	357	64.85	15.16	42.70
GCA_003210565.1_ASM321056v1_genomic_prodigal_proteins	836	GCA_900177825.1_IMG-taxon_2708742468_annotated_assembly_genomic_prodigal_proteins	3317	267	52.86	13.31	31.94
GCA_003210565.1_ASM321056v1_genomic_prodigal_proteins	836	GCA_000195975.1_ASM19597v1_genomic_prodigal_proteins	2719	461	70.22	14.83	55.14
GCA_003210565.1_ASM321056v1_genomic_prodigal_proteins	836	GCA_902618885.1_AG-920-D15_genomic_prodigal_proteins	1178	192	71.25	16.03	22.97
GCA_003210565.1_ASM321056v1_genomic_prodigal_proteins	836	GCA_003209165.1_ASM320916v1_genomic_prodigal_proteins	2711	412	69.17	15.33	49.28
GCA_003210565.1_ASM321056v1_genomic_prodigal_proteins	836	GCA_001007625.1_ASM100762v1_genomic_prodigal_proteins	2478	266	60.97	13.91	31.82
GCA_003210565.1_ASM321056v1_genomic_prodigal_proteins	836	GCA_008386235.1_ASM838623v1_genomic_prodigal_proteins	2571	265	53.20	13.17	31.70
GCA_003210565.1_ASM321056v1_genomic_prodigal_proteins	836	GCA_001631935.1_ASM163193v1_genomic_prodigal_proteins	3526	528	72.64	14.06	63.16
GCA_003210565.1_ASM321056v1_genomic_prodigal_proteins	836	GCA_002151525.1_ASM215152v1_genomic_prodigal_proteins	1628	275	61.46	14.84	32.89
GCA_003210565.1_ASM321056v1_genomic_prodigal_proteins	836	GCA_000153065.1_ASM15306v1_genomic_prodigal_proteins	2704	457	73.37	13.86	54.67
GCA_003210565.1_ASM321056v1_genomic_prodigal_proteins	836	GCA_009837265.1_ASM983726v1_genomic_prodigal_proteins	2126	276	59.82	13.70	33.01
GCA_003210565.1_ASM321056v1_genomic_prodigal_proteins	836	GCA_902533725.1_AG-898-C20_genomic_prodigal_proteins	421	38	67.46	17.42	9.03
GCA_003210565.1_ASM321056v1_genomic_prodigal_proteins	836	GCA_002171075.2_ASM217107v2_genomic_prodigal_proteins	1919	309	63.11	14.73	36.96
GCA_003210565.1_ASM321056v1_genomic_prodigal_proteins	836	GCA_002760395.1_ASM276039v1_genomic_prodigal_proteins	2661	232	52.14	12.22	27.75
GCA_003210565.1_ASM321056v1_genomic_prodigal_proteins	836	GCA_003209005.1_ASM320900v1_genomic_prodigal_proteins	2548	466	72.74	14.04	55.74
GCA_003210565.1_ASM321056v1_genomic_prodigal_proteins	836	GCA_002017915.1_ASM201791v1_genomic_prodigal_proteins	623	98	61.71	15.39	15.73
GCA_003210565.1_ASM321056v1_genomic_prodigal_proteins	836	GCA_900047545.1_m9_genomic_prodigal_proteins	1575	242	60.20	13.21	28.95
GCA_003210565.1_ASM321056v1_genomic_prodigal_proteins	836	GCA_001632105.1_ASM163210v1_genomic_prodigal_proteins	3521	529	72.67	13.93	63.28
GCA_003210565.1_ASM321056v1_genomic_prodigal_proteins	836	GCA_004212765.1_ASM421276v1_genomic_prodigal_proteins	1162	246	69.58	14.94	29.43
GCA_003210565.1_ASM321056v1_genomic_prodigal_proteins	836	GCA_002685515.1_ASM268551v1_genomic_prodigal_proteins	1286	298	71.94	13.93	35.65
GCA_003210565.1_ASM321056v1_genomic_prodigal_proteins	836	GCA_007828135.1_ASM782813v1_genomic_prodigal_proteins	2917	406	65.60	14.18	48.56
GCA_003210565.1_ASM321056v1_genomic_prodigal_proteins	836	GCA_011047875.1_ASM1104787v1_genomic_prodigal_proteins	2810	235	52.14	11.94	28.11
GCA_003210565.1_ASM321056v1_genomic_prodigal_proteins	836	GCA_009840445.1_ASM984044v1_genomic_prodigal_proteins	2167	303	60.51	13.65	36.24
GCA_003210565.1_ASM321056v1_genomic_prodigal_proteins	836	GCA_003210995.1_ASM321099v1_genomic_prodigal_proteins	2385	401	71.80	15.07	47.97
GCA_003210565.1_ASM321056v1_genomic_prodigal_proteins	836	GCA_902616995.1_AG-919-L20_genomic_prodigal_proteins	654	83	64.82	16.81	12.69
GCA_003210565.1_ASM321056v1_genomic_prodigal_proteins	836	GCA_009845825.1_ASM984582v1_genomic_prodigal_proteins	2168	269	61.12	14.02	32.18
GCA_003210565.1_ASM321056v1_genomic_prodigal_proteins	836	GCA_000515235.1_ASM51523v1_genomic_prodigal_proteins	2873	483	69.84	14.51	57.78
GCA_003210565.1_ASM321056v1_genomic_prodigal_proteins	836	GCA_003523965.1_ASM352396v1_genomic_prodigal_proteins	1735	206	62.07	14.04	24.64
GCA_003210565.1_ASM321056v1_genomic_prodigal_proteins	836	GCA_002684175.1_ASM268417v1_genomic_prodigal_proteins	1819	283	66.63	14.41	33.85
GCA_003210565.1_ASM321056v1_genomic_prodigal_proteins	836	GCA_011523295.1_ASM1152329v1_genomic_prodigal_proteins	2851	369	68.69	14.89	44.14
GCA_003210565.1_ASM321056v1_genomic_prodigal_proteins	836	GCA_003211015.1_ASM321101v1_genomic_prodigal_proteins	2128	385	72.60	14.34	46.05
GCA_003210565.1_ASM321056v1_genomic_prodigal_proteins	836	GCA_002006815.1_ASM200681v1_genomic_prodigal_proteins	1973	330	63.49	14.89	39.47
GCA_009844645.1_ASM984464v1_genomic_prodigal_proteins	1983	GCA_008081095.1_ASM808109v1_genomic_prodigal_proteins	1533	600	61.17	12.41	39.14
GCA_009844645.1_ASM984464v1_genomic_prodigal_proteins	1983	GCA_000014585.1_ASM1458v1_genomic_prodigal_proteins	2879	1105	60.78	12.85	55.72
GCA_009844645.1_ASM984464v1_genomic_prodigal_proteins	1983	GCA_000317085.1_ASM31708v1_genomic_prodigal_proteins	3673	820	51.70	11.85	41.35
GCA_009844645.1_ASM984464v1_genomic_prodigal_proteins	1983	GCA_013133755.1_ASM1313375v1_genomic_prodigal_proteins	2700	1076	60.89	12.88	54.26
GCA_009844645.1_ASM984464v1_genomic_prodigal_proteins	1983	GCA_003210475.1_ASM321047v1_genomic_prodigal_proteins	1514	528	60.38	12.65	34.87
GCA_009844645.1_ASM984464v1_genomic_prodigal_proteins	1983	GCA_003208815.1_ASM320881v1_genomic_prodigal_proteins	1352	416	59.68	13.55	30.77
GCA_009844645.1_ASM984464v1_genomic_prodigal_proteins	1983	GCA_000012505.1_ASM1250v1_genomic_prodigal_proteins	2461	1089	60.83	12.70	54.92
GCA_009844645.1_ASM984464v1_genomic_prodigal_proteins	1983	GCA_000153825.1_ASM15382v1_genomic_prodigal_proteins	2811	1104	61.60	12.82	55.67
GCA_009844645.1_ASM984464v1_genomic_prodigal_proteins	1983	GCA_002760475.1_ASM276047v1_genomic_prodigal_proteins	2647	776	53.18	11.50	39.13
GCA_009844645.1_ASM984464v1_genomic_prodigal_proteins	1983	GCA_003210565.1_ASM321056v1_genomic_prodigal_proteins	836	276	60.79	13.72	33.01
GCA_009844645.1_ASM984464v1_genomic_prodigal_proteins	1983	GCA_902618505.1_AG-892-K03_genomic_prodigal_proteins	959	270	61.32	13.57	28.15
GCA_009844645.1_ASM984464v1_genomic_prodigal_proteins	1983	GCA_005577135.1_ASM557713v1_genomic_prodigal_proteins	3356	869	53.48	12.26	43.82
GCA_009844645.1_ASM984464v1_genomic_prodigal_proteins	1983	GCA_003846445.1_ASM384644v1_genomic_prodigal_proteins	2740	912	55.75	12.58	45.99
GCA_009844645.1_ASM984464v1_genomic_prodigal_proteins	1983	GCA_000505665.1_ASM50566v1_genomic_prodigal_proteins	2466	838	54.19	12.00	42.26
GCA_009844645.1_ASM984464v1_genomic_prodigal_proteins	1983	GCA_902616255.1_AG-919-I18_genomic_prodigal_proteins	1046	349	60.47	12.84	33.37
GCA_009844645.1_ASM984464v1_genomic_prodigal_proteins	1983	GCA_001182765.1_WH8103.1_genomic_prodigal_proteins	2676	1105	61.43	12.60	55.72
GCA_009844645.1_ASM984464v1_genomic_prodigal_proteins	1983	GCA_002760375.1_ASM276037v1_genomic_prodigal_proteins	2702	779	53.13	11.51	39.28
GCA_009844645.1_ASM984464v1_genomic_prodigal_proteins	1983	GCA_902592305.1_AG-914-O22_genomic_prodigal_proteins	179	67	62.37	13.50	37.43
GCA_009844645.1_ASM984464v1_genomic_prodigal_proteins	1983	GCA_001632165.1_ASM163216v1_genomic_prodigal_proteins	2830	1087	60.85	12.89	54.82
GCA_009844645.1_ASM984464v1_genomic_prodigal_proteins	1983	GCA_004332405.1_ASM433240v1_genomic_prodigal_proteins	2437	1101	61.73	12.78	55.52
GCA_009844645.1_ASM984464v1_genomic_prodigal_proteins	1983	GCA_900473975.1_N26_genomic_prodigal_proteins	2454	1094	61.61	12.67	55.17
GCA_009844645.1_ASM984464v1_genomic_prodigal_proteins	1983	GCA_902612475.1_AG-918-G20_genomic_prodigal_proteins	502	141	59.77	12.47	28.09
GCA_009844645.1_ASM984464v1_genomic_prodigal_proteins	1983	GCA_000775285.1_ASM77528v1_genomic_prodigal_proteins	4812	781	53.92	12.39	39.38
GCA_009844645.1_ASM984464v1_genomic_prodigal_proteins	1983	GCA_002698505.1_ASM269850v1_genomic_prodigal_proteins	2471	1013	61.10	12.61	51.08
GCA_009844645.1_ASM984464v1_genomic_prodigal_proteins	1983	GCA_002252665.1_ASM225266v1_genomic_prodigal_proteins	2771	1132	62.29	12.30	57.09
GCA_009844645.1_ASM984464v1_genomic_prodigal_proteins	1983	GCA_003555505.1_ASM355550v1_genomic_prodigal_proteins	3351	633	54.59	12.51	31.92
GCA_009844645.1_ASM984464v1_genomic_prodigal_proteins	1983	GCA_900474015.1_UW106_genomic_prodigal_proteins	2762	1094	61.21	12.78	55.17
GCA_009844645.1_ASM984464v1_genomic_prodigal_proteins	1983	GCA_000715475.1_ASM71547v1_genomic_prodigal_proteins	3299	864	53.33	12.38	43.57
GCA_009844645.1_ASM984464v1_genomic_prodigal_proteins	1983	GCA_001628295.1_ASM162829v1_genomic_prodigal_proteins	2145	1014	61.48	12.67	51.13
GCA_009844645.1_ASM984464v1_genomic_prodigal_proteins	1983	GCA_003208775.1_ASM320877v1_genomic_prodigal_proteins	1808	635	61.04	13.22	35.12
GCA_009844645.1_ASM984464v1_genomic_prodigal_proteins	1983	GCA_003210975.1_ASM321097v1_genomic_prodigal_proteins	627	261	60.99	13.75	41.63
GCA_009844645.1_ASM984464v1_genomic_prodigal_proteins	1983	GCA_003208915.1_ASM320891v1_genomic_prodigal_proteins	1208	381	60.95	12.06	31.54
GCA_009844645.1_ASM984464v1_genomic_prodigal_proteins	1983	GCA_009837735.1_ASM983773v1_genomic_prodigal_proteins	2041	1317	98.06	4.71	66.41
GCA_009844645.1_ASM984464v1_genomic_prodigal_proteins	1983	GCA_902548805.1_AG-901-N20_genomic_prodigal_proteins	158	41	61.38	14.04	25.95
GCA_009844645.1_ASM984464v1_genomic_prodigal_proteins	1983	GCA_003211235.1_ASM321123v1_genomic_prodigal_proteins	1698	584	60.71	12.89	34.39
GCA_009844645.1_ASM984464v1_genomic_prodigal_proteins	1983	GCA_004209775.1_ASM420977v1_genomic_prodigal_proteins	2798	1116	62.00	12.72	56.28
GCA_009844645.1_ASM984464v1_genomic_prodigal_proteins	1983	GCA_003283215.1_ASM328321v1_genomic_prodigal_proteins	239	35	62.97	14.02	14.64
GCA_009844645.1_ASM984464v1_genomic_prodigal_proteins	1983	GCA_003209555.1_ASM320955v1_genomic_prodigal_proteins	908	267	60.95	13.07	29.41
GCA_009844645.1_ASM984464v1_genomic_prodigal_proteins	1983	GCA_000153805.1_ASM15380v1_genomic_prodigal_proteins	2517	1089	60.86	12.80	54.92
GCA_009844645.1_ASM984464v1_genomic_prodigal_proteins	1983	GCA_003283205.1_ASM328320v1_genomic_prodigal_proteins	274	45	60.33	14.72	16.42
GCA_009844645.1_ASM984464v1_genomic_prodigal_proteins	1983	GCA_900473925.1_N5_genomic_prodigal_proteins	2417	1086	61.41	12.70	54.77
GCA_009844645.1_ASM984464v1_genomic_prodigal_proteins	1983	GCA_902592665.1_AG-447-E14_genomic_prodigal_proteins	1111	290	59.23	13.68	26.10
GCA_009844645.1_ASM984464v1_genomic_prodigal_proteins	1983	GCA_011523155.1_ASM1152315v1_genomic_prodigal_proteins	2101	747	59.46	12.05	37.67
GCA_009844645.1_ASM984464v1_genomic_prodigal_proteins	1983	GCA_003211275.1_ASM321127v1_genomic_prodigal_proteins	2168	719	60.40	12.93	36.26
GCA_009844645.1_ASM984464v1_genomic_prodigal_proteins	1983	GCA_003957805.1_ASM395780v1_genomic_prodigal_proteins	2887	948	55.48	12.58	47.81
GCA_009844645.1_ASM984464v1_genomic_prodigal_proteins	1983	GCA_012270465.1_ASM1227046v1_genomic_prodigal_proteins	2311	907	61.14	12.20	45.74
GCA_009844645.1_ASM984464v1_genomic_prodigal_proteins	1983	GCA_001693255.1_ASM169325v1_genomic_prodigal_proteins	3177	874	53.37	12.32	44.07
GCA_009844645.1_ASM984464v1_genomic_prodigal_proteins	1983	GCA_003210385.1_ASM321038v1_genomic_prodigal_proteins	286	131	59.18	12.42	45.80
GCA_009844645.1_ASM984464v1_genomic_prodigal_proteins	1983	GCA_002170705.1_ASM217070v1_genomic_prodigal_proteins	1392	603	60.94	12.44	43.32
GCA_009844645.1_ASM984464v1_genomic_prodigal_proteins	1983	GCA_002356215.1_ASM235621v1_genomic_prodigal_proteins	2953	855	53.45	12.28	43.12
GCA_009844645.1_ASM984464v1_genomic_prodigal_proteins	1983	GCA_003210935.1_ASM321093v1_genomic_prodigal_proteins	1868	732	60.66	12.98	39.19
GCA_009844645.1_ASM984464v1_genomic_prodigal_proteins	1983	GCA_003210535.1_ASM321053v1_genomic_prodigal_proteins	1257	419	59.20	12.89	33.33
GCA_009844645.1_ASM984464v1_genomic_prodigal_proteins	1983	GCA_002724845.1_ASM272484v1_genomic_prodigal_proteins	1589	786	60.90	12.78	49.47
GCA_009844645.1_ASM984464v1_genomic_prodigal_proteins	1983	GCA_000153285.1_ASM15328v1_genomic_prodigal_proteins	2746	1111	61.06	12.97	56.03
GCA_009844645.1_ASM984464v1_genomic_prodigal_proteins	1983	GCA_003211035.1_ASM321103v1_genomic_prodigal_proteins	530	195	59.25	12.71	36.79
GCA_009844645.1_ASM984464v1_genomic_prodigal_proteins	1983	GCA_001521855.1_ASM152185v1_genomic_prodigal_proteins	3144	867	53.62	12.19	43.72
GCA_009844645.1_ASM984464v1_genomic_prodigal_proteins	1983	GCA_009835965.1_ASM983596v1_genomic_prodigal_proteins	2105	1391	87.24	8.26	70.15
GCA_009844645.1_ASM984464v1_genomic_prodigal_proteins	1983	GCA_012269695.1_ASM1226969v1_genomic_prodigal_proteins	2043	788	61.45	12.11	39.74
GCA_009844645.1_ASM984464v1_genomic_prodigal_proteins	1983	GCA_000737535.1_ASM73753v1_genomic_prodigal_proteins	3013	1087	61.38	12.65	54.82
GCA_009844645.1_ASM984464v1_genomic_prodigal_proteins	1983	GCA_000586015.1_SynSpo.0_genomic_prodigal_proteins	1907	1113	90.47	7.06	58.36
GCA_009844645.1_ASM984464v1_genomic_prodigal_proteins	1983	GCA_002760345.1_ASM276034v1_genomic_prodigal_proteins	2731	788	53.14	11.42	39.74
GCA_009844645.1_ASM984464v1_genomic_prodigal_proteins	1983	GCA_000013225.1_ASM1322v1_genomic_prodigal_proteins	2844	784	53.08	11.48	39.54
GCA_009844645.1_ASM984464v1_genomic_prodigal_proteins	1983	GCA_000332275.1_ASM33227v1_genomic_prodigal_proteins	4564	835	52.34	11.78	42.11
GCA_009844645.1_ASM984464v1_genomic_prodigal_proteins	1983	GCA_002252675.1_ASM225267v1_genomic_prodigal_proteins	3295	1102	62.67	12.25	55.57
GCA_009844645.1_ASM984464v1_genomic_prodigal_proteins	1983	GCA_000737575.1_ASM73757v1_genomic_prodigal_proteins	2662	1107	61.69	12.67	55.82
GCA_009844645.1_ASM984464v1_genomic_prodigal_proteins	1983	GCA_902596755.1_AG-916-D19_genomic_prodigal_proteins	1152	385	60.82	13.25	33.42
GCA_009844645.1_ASM984464v1_genomic_prodigal_proteins	1983	GCA_003211455.1_ASM321145v1_genomic_prodigal_proteins	1186	372	60.22	13.37	31.37
GCA_009844645.1_ASM984464v1_genomic_prodigal_proteins	1983	GCA_003208755.1_ASM320875v1_genomic_prodigal_proteins	690	229	60.91	13.09	33.19
GCA_009844645.1_ASM984464v1_genomic_prodigal_proteins	1983	GCA_007571215.1_ASM757121v1_genomic_prodigal_proteins	1879	1298	79.23	9.93	69.08
GCA_009844645.1_ASM984464v1_genomic_prodigal_proteins	1983	GCA_001007635.1_ASM100763v1_genomic_prodigal_proteins	2333	1257	86.86	7.88	63.39
GCA_009844645.1_ASM984464v1_genomic_prodigal_proteins	1983	GCA_000179255.1_ASM17925v1_genomic_prodigal_proteins	2729	1114	62.04	12.39	56.18
GCA_009844645.1_ASM984464v1_genomic_prodigal_proteins	1983	GCA_003208975.1_ASM320897v1_genomic_prodigal_proteins	1804	553	60.18	12.76	30.65
GCA_009844645.1_ASM984464v1_genomic_prodigal_proteins	1983	GCA_012103655.1_ASM1210365v1_genomic_prodigal_proteins	2723	1086	60.90	12.74	54.77
GCA_009844645.1_ASM984464v1_genomic_prodigal_proteins	1983	GCA_902582045.1_AG-912-B07_genomic_prodigal_proteins	196	38	56.73	14.14	19.39
GCA_009844645.1_ASM984464v1_genomic_prodigal_proteins	1983	GCA_000153045.1_ASM15304v1_genomic_prodigal_proteins	3242	1128	62.41	12.36	56.88
GCA_009844645.1_ASM984464v1_genomic_prodigal_proteins	1983	GCA_902549675.1_AG-903-B09_genomic_prodigal_proteins	836	276	61.09	13.35	33.01
GCA_009844645.1_ASM984464v1_genomic_prodigal_proteins	1983	GCA_002018045.1_ASM201804v1_genomic_prodigal_proteins	1559	1055	87.16	8.12	67.67
GCA_009844645.1_ASM984464v1_genomic_prodigal_proteins	1983	GCA_004213055.1_ASM421305v1_genomic_prodigal_proteins	2241	995	61.50	12.76	50.18
GCA_009844645.1_ASM984464v1_genomic_prodigal_proteins	1983	GCA_007571085.1_ASM757108v1_genomic_prodigal_proteins	1784	1276	79.26	9.87	71.52
GCA_009844645.1_ASM984464v1_genomic_prodigal_proteins	1983	GCA_009839805.1_ASM983980v1_genomic_prodigal_proteins	1848	1160	98.67	4.13	62.77
GCA_009844645.1_ASM984464v1_genomic_prodigal_proteins	1983	GCA_003210375.1_ASM321037v1_genomic_prodigal_proteins	2155	801	59.94	12.73	40.39
GCA_009844645.1_ASM984464v1_genomic_prodigal_proteins	1983	GCA_004332415.1_ASM433241v1_genomic_prodigal_proteins	2408	1100	61.75	12.72	55.47
GCA_009844645.1_ASM984464v1_genomic_prodigal_proteins	1983	GCA_009836025.1_ASM983602v1_genomic_prodigal_proteins	2290	1611	98.81	3.55	81.24
GCA_009844645.1_ASM984464v1_genomic_prodigal_proteins	1983	GCA_009843455.1_ASM984345v1_genomic_prodigal_proteins	2423	1713	99.53	2.50	86.38
GCA_009844645.1_ASM984464v1_genomic_prodigal_proteins	1983	GCA_009843485.1_ASM984348v1_genomic_prodigal_proteins	2158	1399	87.10	8.26	70.55
GCA_009844645.1_ASM984464v1_genomic_prodigal_proteins	1983	GCA_003283135.1_ASM328313v1_genomic_prodigal_proteins	459	81	61.04	13.22	17.65
GCA_009844645.1_ASM984464v1_genomic_prodigal_proteins	1983	GCA_902635485.1_AG-447-G23_genomic_prodigal_proteins	327	68	60.77	14.07	20.80
GCA_009844645.1_ASM984464v1_genomic_prodigal_proteins	1983	GCA_002760415.1_ASM276041v1_genomic_prodigal_proteins	2670	779	53.16	11.47	39.28
GCA_009844645.1_ASM984464v1_genomic_prodigal_proteins	1983	GCA_002754935.1_ASM275493v1_genomic_prodigal_proteins	2664	843	53.85	12.04	42.51
GCA_009844645.1_ASM984464v1_genomic_prodigal_proteins	1983	GCA_002171685.2_ASM217168v2_genomic_prodigal_proteins	811	445	60.76	12.28	54.87
GCA_009844645.1_ASM984464v1_genomic_prodigal_proteins	1983	GCA_000737595.1_ASM73759v1_genomic_prodigal_proteins	2774	1106	61.15	12.73	55.77
GCA_009844645.1_ASM984464v1_genomic_prodigal_proteins	1983	GCA_003331785.1_ASM333178v1_genomic_prodigal_proteins	2125	1015	61.05	12.64	51.19
GCA_009844645.1_ASM984464v1_genomic_prodigal_proteins	1983	GCA_009842265.1_ASM984226v1_genomic_prodigal_proteins	2398	1587	98.08	4.64	80.03
GCA_009844645.1_ASM984464v1_genomic_prodigal_proteins	1983	GCA_902579345.1_AG-911-L15_genomic_prodigal_proteins	248	57	57.49	15.22	22.98
GCA_009844645.1_ASM984464v1_genomic_prodigal_proteins	1983	GCA_000011345.1_ASM1134v1_genomic_prodigal_proteins	2520	863	54.10	12.14	43.52
GCA_009844645.1_ASM984464v1_genomic_prodigal_proteins	1983	GCA_003210705.1_ASM321070v1_genomic_prodigal_proteins	2244	769	60.60	13.00	38.78
GCA_009844645.1_ASM984464v1_genomic_prodigal_proteins	1983	GCA_000019485.1_ASM1948v1_genomic_prodigal_proteins	3233	873	53.47	12.27	44.02
GCA_009844645.1_ASM984464v1_genomic_prodigal_proteins	1983	GCA_003283055.1_ASM328305v1_genomic_prodigal_proteins	482	40	60.99	14.46	8.30
GCA_009844645.1_ASM984464v1_genomic_prodigal_proteins	1983	GCA_000010065.1_ASM1006v1_genomic_prodigal_proteins	2691	940	55.39	12.62	47.40
GCA_009844645.1_ASM984464v1_genomic_prodigal_proteins	1983	GCA_000316685.1_ASM31668v1_genomic_prodigal_proteins	3706	883	53.31	12.15	44.53
GCA_009844645.1_ASM984464v1_genomic_prodigal_proteins	1983	GCA_000063525.1_ASM6352v1_genomic_prodigal_proteins	2540	1130	62.10	12.47	56.98
GCA_009844645.1_ASM984464v1_genomic_prodigal_proteins	1983	GCA_003283165.1_ASM328316v1_genomic_prodigal_proteins	217	47	57.94	12.53	21.66
GCA_009844645.1_ASM984464v1_genomic_prodigal_proteins	1983	GCA_902540675.1_AG-359-E22_genomic_prodigal_proteins	584	180	61.66	14.60	30.82
GCA_009844645.1_ASM984464v1_genomic_prodigal_proteins	1983	GCA_011055065.1_ASM1105506v1_genomic_prodigal_proteins	2792	756	53.08	11.55	38.12
GCA_009844645.1_ASM984464v1_genomic_prodigal_proteins	1983	GCA_000013205.1_ASM1320v1_genomic_prodigal_proteins	2750	791	53.14	11.43	39.89
GCA_009844645.1_ASM984464v1_genomic_prodigal_proteins	1983	GCA_003539795.1_ASM353979v1_genomic_prodigal_proteins	2284	833	59.92	12.27	42.01
GCA_009844645.1_ASM984464v1_genomic_prodigal_proteins	1983	GCA_002171995.1_ASM217199v1_genomic_prodigal_proteins	1978	645	60.73	12.75	32.61
GCA_009844645.1_ASM984464v1_genomic_prodigal_proteins	1983	GCA_011523835.1_ASM1152383v1_genomic_prodigal_proteins	2468	950	60.65	12.77	47.91
GCA_009844645.1_ASM984464v1_genomic_prodigal_proteins	1983	GCA_002172175.1_ASM217217v1_genomic_prodigal_proteins	1846	717	60.21	12.46	38.84
GCA_009844645.1_ASM984464v1_genomic_prodigal_proteins	1983	GCA_003208835.1_ASM320883v1_genomic_prodigal_proteins	2208	818	60.73	12.91	41.25
GCA_009844645.1_ASM984464v1_genomic_prodigal_proteins	1983	GCA_902589915.1_AG-914-F20_genomic_prodigal_proteins	373	91	62.82	13.09	24.40
GCA_009844645.1_ASM984464v1_genomic_prodigal_proteins	1983	GCA_000485815.1_ASM48581v1_genomic_prodigal_proteins	3083	835	53.58	12.30	42.11
GCA_009844645.1_ASM984464v1_genomic_prodigal_proteins	1983	GCA_008807075.1_ASM880707v1_genomic_prodigal_proteins	2925	1075	62.05	12.56	54.21
GCA_009844645.1_ASM984464v1_genomic_prodigal_proteins	1983	GCA_000179235.2_ASM17923v2_genomic_prodigal_proteins	3071	1141	62.17	12.39	57.54
GCA_009844645.1_ASM984464v1_genomic_prodigal_proteins	1983	GCA_003210795.1_ASM321079v1_genomic_prodigal_proteins	2239	815	60.76	12.52	41.10
GCA_009844645.1_ASM984464v1_genomic_prodigal_proteins	1983	GCA_002706715.1_ASM270671v1_genomic_prodigal_proteins	1148	582	60.85	12.83	50.70
GCA_009844645.1_ASM984464v1_genomic_prodigal_proteins	1983	GCA_003331245.1_ASM333124v1_genomic_prodigal_proteins	2021	907	61.10	12.31	45.74
GCA_009844645.1_ASM984464v1_genomic_prodigal_proteins	1983	GCA_009843385.1_ASM984338v1_genomic_prodigal_proteins	2085	1437	98.68	4.23	72.47
GCA_009844645.1_ASM984464v1_genomic_prodigal_proteins	1983	GCA_003211205.1_ASM321120v1_genomic_prodigal_proteins	2288	857	60.66	13.21	43.22
GCA_009844645.1_ASM984464v1_genomic_prodigal_proteins	1983	GCA_000063505.1_ASM6350v1_genomic_prodigal_proteins	2558	1095	61.30	12.91	55.22
GCA_009844645.1_ASM984464v1_genomic_prodigal_proteins	1983	GCA_900474245.1_UW179B_genomic_prodigal_proteins	2743	1100	60.89	12.81	55.47
GCA_009844645.1_ASM984464v1_genomic_prodigal_proteins	1983	GCA_003210345.1_ASM321034v1_genomic_prodigal_proteins	1256	443	59.37	12.55	35.27
GCA_009844645.1_ASM984464v1_genomic_prodigal_proteins	1983	GCA_003210315.1_ASM321031v1_genomic_prodigal_proteins	1815	656	60.50	12.85	36.14
GCA_009844645.1_ASM984464v1_genomic_prodigal_proteins	1983	GCA_009836155.1_ASM983615v1_genomic_prodigal_proteins	1947	1633	99.66	1.90	83.87
GCA_009844645.1_ASM984464v1_genomic_prodigal_proteins	1983	GCA_003990665.2_ASM399066v2_genomic_prodigal_proteins	2499	863	54.11	12.15	43.52
GCA_009844645.1_ASM984464v1_genomic_prodigal_proteins	1983	GCA_003209135.1_ASM320913v1_genomic_prodigal_proteins	1719	580	60.02	12.91	33.74
GCA_009844645.1_ASM984464v1_genomic_prodigal_proteins	1983	GCA_009845105.1_ASM984510v1_genomic_prodigal_proteins	1941	1287	98.02	4.43	66.31
GCA_009844645.1_ASM984464v1_genomic_prodigal_proteins	1983	GCA_002690325.1_ASM269032v1_genomic_prodigal_proteins	2554	997	60.19	12.73	50.28
GCA_009844645.1_ASM984464v1_genomic_prodigal_proteins	1983	GCA_000161795.2_ASM16179v2_genomic_prodigal_proteins	2407	1090	61.37	12.68	54.97
GCA_009844645.1_ASM984464v1_genomic_prodigal_proteins	1983	GCA_004211895.1_ASM421189v1_genomic_prodigal_proteins	954	467	61.06	12.86	48.95
GCA_009844645.1_ASM984464v1_genomic_prodigal_proteins	1983	GCA_003210735.1_ASM321073v1_genomic_prodigal_proteins	2337	796	60.33	12.77	40.14
GCA_009844645.1_ASM984464v1_genomic_prodigal_proteins	1983	GCA_003209035.1_ASM320903v1_genomic_prodigal_proteins	1803	589	60.89	12.92	32.67
GCA_009844645.1_ASM984464v1_genomic_prodigal_proteins	1983	GCA_003712085.1_ASM371208v1_genomic_prodigal_proteins	2745	1114	61.36	12.63	56.18
GCA_009844645.1_ASM984464v1_genomic_prodigal_proteins	1983	GCA_003212155.1_ASM321215v1_genomic_prodigal_proteins	262	65	59.41	15.90	24.81
GCA_009844645.1_ASM984464v1_genomic_prodigal_proteins	1983	GCA_001040845.1_ASM104084v1_genomic_prodigal_proteins	2917	1116	60.72	12.86	56.28
GCA_009844645.1_ASM984464v1_genomic_prodigal_proteins	1983	GCA_002018015.1_ASM201801v1_genomic_prodigal_proteins	1578	1029	87.28	7.78	65.21
GCA_009844645.1_ASM984464v1_genomic_prodigal_proteins	1983	GCA_003211255.1_ASM321125v1_genomic_prodigal_proteins	1850	607	60.46	12.67	32.81
GCA_009844645.1_ASM984464v1_genomic_prodigal_proteins	1983	GCA_002721235.1_ASM272123v1_genomic_prodigal_proteins	3119	870	53.54	12.21	43.87
GCA_009844645.1_ASM984464v1_genomic_prodigal_proteins	1983	GCA_009839305.1_ASM983930v1_genomic_prodigal_proteins	1816	1069	87.18	8.38	58.87
GCA_009844645.1_ASM984464v1_genomic_prodigal_proteins	1983	GCA_011365345.1_ASM1136534v1_genomic_prodigal_proteins	2655	1098	61.29	12.77	55.37
GCA_009844645.1_ASM984464v1_genomic_prodigal_proteins	1983	GCA_001039265.1_ASM103926v1_genomic_prodigal_proteins	2832	772	63.82	12.31	38.93
GCA_009844645.1_ASM984464v1_genomic_prodigal_proteins	1983	GCA_001628325.1_ASM162832v1_genomic_prodigal_proteins	2129	996	61.60	12.52	50.23
GCA_009844645.1_ASM984464v1_genomic_prodigal_proteins	1983	GCA_003209215.1_ASM320921v1_genomic_prodigal_proteins	1679	545	61.36	12.44	32.46
GCA_009844645.1_ASM984464v1_genomic_prodigal_proteins	1983	GCA_002737305.1_ASM273730v1_genomic_prodigal_proteins	1951	881	62.58	12.54	45.16
GCA_009844645.1_ASM984464v1_genomic_prodigal_proteins	1983	GCA_003210515.1_ASM321051v1_genomic_prodigal_proteins	1673	611	59.94	13.06	36.52
GCA_009844645.1_ASM984464v1_genomic_prodigal_proteins	1983	GCA_011525445.1_ASM1152544v1_genomic_prodigal_proteins	3208	897	59.67	12.53	45.23
GCA_009844645.1_ASM984464v1_genomic_prodigal_proteins	1983	GCA_902599435.1_AG-916-N22_genomic_prodigal_proteins	793	267	62.79	12.92	33.67
GCA_009844645.1_ASM984464v1_genomic_prodigal_proteins	1983	GCA_003149585.1_ASM314958v1_genomic_prodigal_proteins	2600	1119	62.13	12.36	56.43
GCA_009844645.1_ASM984464v1_genomic_prodigal_proteins	1983	GCA_902560665.1_AG-905-O11_genomic_prodigal_proteins	401	113	61.17	13.49	28.18
GCA_009844645.1_ASM984464v1_genomic_prodigal_proteins	1983	GCA_003331795.1_ASM333179v1_genomic_prodigal_proteins	1948	911	62.21	12.39	46.77
GCA_009844645.1_ASM984464v1_genomic_prodigal_proteins	1983	GCA_002017955.1_ASM201795v1_genomic_prodigal_proteins	512	292	86.18	9.04	57.03
GCA_009844645.1_ASM984464v1_genomic_prodigal_proteins	1983	GCA_902584485.1_AG-912-O23_genomic_prodigal_proteins	535	145	60.38	13.14	27.10
GCA_009844645.1_ASM984464v1_genomic_prodigal_proteins	1983	GCA_902527915.1_AG-896-G19_genomic_prodigal_proteins	1003	336	61.89	12.83	33.50
GCA_009844645.1_ASM984464v1_genomic_prodigal_proteins	1983	GCA_902635365.1_AG-447-D19_genomic_prodigal_proteins	1690	514	60.97	13.04	30.41
GCA_009844645.1_ASM984464v1_genomic_prodigal_proteins	1983	GCA_900474085.1_UW86_genomic_prodigal_proteins	2403	1093	61.42	12.72	55.12
GCA_009844645.1_ASM984464v1_genomic_prodigal_proteins	1983	GCA_001885215.1_ASM188521v1_genomic_prodigal_proteins	2897	1141	62.06	12.34	57.54
GCA_009844645.1_ASM984464v1_genomic_prodigal_proteins	1983	GCA_902575935.1_AG-426-B22_genomic_prodigal_proteins	254	107	63.52	14.77	42.13
GCA_009844645.1_ASM984464v1_genomic_prodigal_proteins	1983	GCA_900474295.1_UW140_genomic_prodigal_proteins	2925	1096	61.36	12.70	55.27
GCA_009844645.1_ASM984464v1_genomic_prodigal_proteins	1983	GCA_003211565.1_ASM321156v1_genomic_prodigal_proteins	1489	478	61.36	12.91	32.10
GCA_009844645.1_ASM984464v1_genomic_prodigal_proteins	1983	GCA_003526105.1_ASM352610v1_genomic_prodigal_proteins	1581	595	61.88	12.83	37.63
GCA_009844645.1_ASM984464v1_genomic_prodigal_proteins	1983	GCA_002172935.1_ASM217293v1_genomic_prodigal_proteins	1996	864	60.51	12.75	43.57
GCA_009844645.1_ASM984464v1_genomic_prodigal_proteins	1983	GCA_003210335.1_ASM321033v1_genomic_prodigal_proteins	942	207	59.66	13.86	21.97
GCA_009844645.1_ASM984464v1_genomic_prodigal_proteins	1983	GCA_009846115.1_ASM984611v1_genomic_prodigal_proteins	2048	1260	86.94	8.31	63.54
GCA_009844645.1_ASM984464v1_genomic_prodigal_proteins	1983	GCA_001693295.1_ASM169329v1_genomic_prodigal_proteins	3183	868	53.53	12.25	43.77
GCA_009844645.1_ASM984464v1_genomic_prodigal_proteins	1983	GCA_900473965.1_UW179A_genomic_prodigal_proteins	3383	1085	60.98	12.87	54.72
GCA_009844645.1_ASM984464v1_genomic_prodigal_proteins	1983	GCA_003213755.1_ASM321375v1_genomic_prodigal_proteins	1050	382	61.66	12.52	36.38
GCA_009844645.1_ASM984464v1_genomic_prodigal_proteins	1983	GCA_003209155.1_ASM320915v1_genomic_prodigal_proteins	2305	822	60.71	12.86	41.45
GCA_009844645.1_ASM984464v1_genomic_prodigal_proteins	1983	GCA_003211515.1_ASM321151v1_genomic_prodigal_proteins	2451	698	60.75	12.57	35.20
GCA_009844645.1_ASM984464v1_genomic_prodigal_proteins	1983	GCA_002693285.1_ASM269328v1_genomic_prodigal_proteins	2440	960	60.61	12.89	48.41
GCA_009844645.1_ASM984464v1_genomic_prodigal_proteins	1983	GCA_003210555.1_ASM321055v1_genomic_prodigal_proteins	1847	579	60.47	12.69	31.35
GCA_009844645.1_ASM984464v1_genomic_prodigal_proteins	1983	GCA_000155595.1_ASM15559v1_genomic_prodigal_proteins	5270	894	52.59	12.25	45.08
GCA_009844645.1_ASM984464v1_genomic_prodigal_proteins	1983	GCA_001007665.1_ASM100766v1_genomic_prodigal_proteins	2356	1380	86.81	7.94	69.59
GCA_009844645.1_ASM984464v1_genomic_prodigal_proteins	1983	GCA_009919765.1_ASM991976v1_genomic_prodigal_proteins	2524	763	61.97	12.56	38.48
GCA_009844645.1_ASM984464v1_genomic_prodigal_proteins	1983	GCA_003331225.1_ASM333122v1_genomic_prodigal_proteins	2113	975	62.32	12.36	49.17
GCA_009844645.1_ASM984464v1_genomic_prodigal_proteins	1983	GCA_900177825.1_IMG-taxon_2708742468_annotated_assembly_genomic_prodigal_proteins	3317	867	53.41	12.30	43.72
GCA_009844645.1_ASM984464v1_genomic_prodigal_proteins	1983	GCA_000195975.1_ASM19597v1_genomic_prodigal_proteins	2719	1104	61.41	12.62	55.67
GCA_009844645.1_ASM984464v1_genomic_prodigal_proteins	1983	GCA_902618885.1_AG-920-D15_genomic_prodigal_proteins	1178	417	62.37	13.43	35.40
GCA_009844645.1_ASM984464v1_genomic_prodigal_proteins	1983	GCA_003209165.1_ASM320916v1_genomic_prodigal_proteins	2711	940	61.14	12.75	47.40
GCA_009844645.1_ASM984464v1_genomic_prodigal_proteins	1983	GCA_001007625.1_ASM100762v1_genomic_prodigal_proteins	2478	1261	88.06	7.69	63.59
GCA_009844645.1_ASM984464v1_genomic_prodigal_proteins	1983	GCA_008386235.1_ASM838623v1_genomic_prodigal_proteins	2571	870	53.93	12.16	43.87
GCA_009844645.1_ASM984464v1_genomic_prodigal_proteins	1983	GCA_001631935.1_ASM163193v1_genomic_prodigal_proteins	3526	1101	60.89	12.90	55.52
GCA_009844645.1_ASM984464v1_genomic_prodigal_proteins	1983	GCA_002151525.1_ASM215152v1_genomic_prodigal_proteins	1628	792	60.98	12.78	48.65
GCA_009844645.1_ASM984464v1_genomic_prodigal_proteins	1983	GCA_000153065.1_ASM15306v1_genomic_prodigal_proteins	2704	1099	62.18	12.66	55.42
GCA_009844645.1_ASM984464v1_genomic_prodigal_proteins	1983	GCA_009837265.1_ASM983726v1_genomic_prodigal_proteins	2126	1320	87.02	8.27	66.57
GCA_009844645.1_ASM984464v1_genomic_prodigal_proteins	1983	GCA_902533725.1_AG-898-C20_genomic_prodigal_proteins	421	84	63.26	12.13	19.95
GCA_009844645.1_ASM984464v1_genomic_prodigal_proteins	1983	GCA_002171075.2_ASM217107v2_genomic_prodigal_proteins	1919	854	60.48	12.42	44.50
GCA_009844645.1_ASM984464v1_genomic_prodigal_proteins	1983	GCA_002760395.1_ASM276039v1_genomic_prodigal_proteins	2661	770	53.14	11.53	38.83
GCA_009844645.1_ASM984464v1_genomic_prodigal_proteins	1983	GCA_003209005.1_ASM320900v1_genomic_prodigal_proteins	2548	902	60.74	12.83	45.49
GCA_009844645.1_ASM984464v1_genomic_prodigal_proteins	1983	GCA_002017915.1_ASM201791v1_genomic_prodigal_proteins	623	378	87.42	8.72	60.67
GCA_009844645.1_ASM984464v1_genomic_prodigal_proteins	1983	GCA_900047545.1_m9_genomic_prodigal_proteins	1575	1063	86.49	8.04	67.49
GCA_009844645.1_ASM984464v1_genomic_prodigal_proteins	1983	GCA_001632105.1_ASM163210v1_genomic_prodigal_proteins	3521	1102	60.87	12.93	55.57
GCA_009844645.1_ASM984464v1_genomic_prodigal_proteins	1983	GCA_004212765.1_ASM421276v1_genomic_prodigal_proteins	1162	538	61.55	12.48	46.30
GCA_009844645.1_ASM984464v1_genomic_prodigal_proteins	1983	GCA_002685515.1_ASM268551v1_genomic_prodigal_proteins	1286	581	59.92	12.65	45.18
GCA_009844645.1_ASM984464v1_genomic_prodigal_proteins	1983	GCA_007828135.1_ASM782813v1_genomic_prodigal_proteins	2917	1142	62.03	12.36	57.59
GCA_009844645.1_ASM984464v1_genomic_prodigal_proteins	1983	GCA_011047875.1_ASM1104787v1_genomic_prodigal_proteins	2810	778	53.21	11.45	39.23
GCA_009844645.1_ASM984464v1_genomic_prodigal_proteins	1983	GCA_009840445.1_ASM984044v1_genomic_prodigal_proteins	2167	1410	87.08	8.33	71.10
GCA_009844645.1_ASM984464v1_genomic_prodigal_proteins	1983	GCA_003210995.1_ASM321099v1_genomic_prodigal_proteins	2385	786	61.05	13.17	39.64
GCA_009844645.1_ASM984464v1_genomic_prodigal_proteins	1983	GCA_902616995.1_AG-919-L20_genomic_prodigal_proteins	654	192	60.82	12.84	29.36
GCA_009844645.1_ASM984464v1_genomic_prodigal_proteins	1983	GCA_009845825.1_ASM984582v1_genomic_prodigal_proteins	2168	1478	98.91	3.26	74.53
GCA_009844645.1_ASM984464v1_genomic_prodigal_proteins	1983	GCA_000515235.1_ASM51523v1_genomic_prodigal_proteins	2873	1098	61.23	12.66	55.37
GCA_009844645.1_ASM984464v1_genomic_prodigal_proteins	1983	GCA_003523965.1_ASM352396v1_genomic_prodigal_proteins	1735	957	89.97	7.72	55.16
GCA_009844645.1_ASM984464v1_genomic_prodigal_proteins	1983	GCA_002684175.1_ASM268417v1_genomic_prodigal_proteins	1819	665	59.20	12.42	36.56
GCA_009844645.1_ASM984464v1_genomic_prodigal_proteins	1983	GCA_011523295.1_ASM1152329v1_genomic_prodigal_proteins	2851	827	59.60	12.53	41.70
GCA_009844645.1_ASM984464v1_genomic_prodigal_proteins	1983	GCA_003211015.1_ASM321101v1_genomic_prodigal_proteins	2128	800	60.23	12.80	40.34
GCA_009844645.1_ASM984464v1_genomic_prodigal_proteins	1983	GCA_002006815.1_ASM200681v1_genomic_prodigal_proteins	1973	997	61.63	12.51	50.53
GCA_902592305.1_AG-914-O22_genomic_prodigal_proteins	179	GCA_001632165.1_ASM163216v1_genomic_prodigal_proteins	2830	95	71.99	13.40	53.07
GCA_902592305.1_AG-914-O22_genomic_prodigal_proteins	179	GCA_004332405.1_ASM433240v1_genomic_prodigal_proteins	2437	101	71.66	13.77	56.42
GCA_902592305.1_AG-914-O22_genomic_prodigal_proteins	179	GCA_900473975.1_N26_genomic_prodigal_proteins	2454	109	77.18	14.18	60.89
GCA_902592305.1_AG-914-O22_genomic_prodigal_proteins	179	GCA_902612475.1_AG-918-G20_genomic_prodigal_proteins	502	39	95.63	5.23	21.79
GCA_902592305.1_AG-914-O22_genomic_prodigal_proteins	179	GCA_000775285.1_ASM77528v1_genomic_prodigal_proteins	4812	54	55.18	13.82	30.17
GCA_902592305.1_AG-914-O22_genomic_prodigal_proteins	179	GCA_002698505.1_ASM269850v1_genomic_prodigal_proteins	2471	93	69.85	14.37	51.96
GCA_902592305.1_AG-914-O22_genomic_prodigal_proteins	179	GCA_002252665.1_ASM225266v1_genomic_prodigal_proteins	2771	91	67.36	14.99	50.84
GCA_902592305.1_AG-914-O22_genomic_prodigal_proteins	179	GCA_003555505.1_ASM355550v1_genomic_prodigal_proteins	3351	46	53.78	13.42	25.70
GCA_902592305.1_AG-914-O22_genomic_prodigal_proteins	179	GCA_900474015.1_UW106_genomic_prodigal_proteins	2762	110	76.22	14.94	61.45
GCA_902592305.1_AG-914-O22_genomic_prodigal_proteins	179	GCA_000715475.1_ASM71547v1_genomic_prodigal_proteins	3299	59	54.35	13.30	32.96
GCA_902592305.1_AG-914-O22_genomic_prodigal_proteins	179	GCA_001628295.1_ASM162829v1_genomic_prodigal_proteins	2145	96	76.87	14.15	53.63
GCA_902592305.1_AG-914-O22_genomic_prodigal_proteins	179	GCA_003208775.1_ASM320877v1_genomic_prodigal_proteins	1808	75	69.33	13.07	41.90
GCA_902592305.1_AG-914-O22_genomic_prodigal_proteins	179	GCA_003210975.1_ASM321097v1_genomic_prodigal_proteins	627	17	80.22	16.04	9.50
GCA_902592305.1_AG-914-O22_genomic_prodigal_proteins	179	GCA_003208915.1_ASM320891v1_genomic_prodigal_proteins	1208	36	67.94	18.58	20.11
GCA_902592305.1_AG-914-O22_genomic_prodigal_proteins	179	GCA_009837735.1_ASM983773v1_genomic_prodigal_proteins	2041	59	61.81	13.86	32.96
GCA_902592305.1_AG-914-O22_genomic_prodigal_proteins	179	GCA_902548805.1_AG-901-N20_genomic_prodigal_proteins	158	18	96.42	4.75	11.39
GCA_902592305.1_AG-914-O22_genomic_prodigal_proteins	179	GCA_003211235.1_ASM321123v1_genomic_prodigal_proteins	1698	44	73.35	15.47	24.58
GCA_902592305.1_AG-914-O22_genomic_prodigal_proteins	179	GCA_004209775.1_ASM420977v1_genomic_prodigal_proteins	2798	97	71.83	14.34	54.19
GCA_902592305.1_AG-914-O22_genomic_prodigal_proteins	179	GCA_003283215.1_ASM328321v1_genomic_prodigal_proteins	239	1	83.70	0.00	0.56
GCA_902592305.1_AG-914-O22_genomic_prodigal_proteins	179	GCA_003209555.1_ASM320955v1_genomic_prodigal_proteins	908	39	68.00	13.99	21.79
GCA_902592305.1_AG-914-O22_genomic_prodigal_proteins	179	GCA_000153805.1_ASM15380v1_genomic_prodigal_proteins	2517	102	75.25	14.64	56.98
GCA_902592305.1_AG-914-O22_genomic_prodigal_proteins	179	GCA_003283205.1_ASM328320v1_genomic_prodigal_proteins	274	1	71.60	0.00	0.56
GCA_902592305.1_AG-914-O22_genomic_prodigal_proteins	179	GCA_900473925.1_N5_genomic_prodigal_proteins	2417	108	77.52	13.57	60.34
GCA_902592305.1_AG-914-O22_genomic_prodigal_proteins	179	GCA_902592665.1_AG-447-E14_genomic_prodigal_proteins	1111	57	71.04	14.52	31.84
GCA_902592305.1_AG-914-O22_genomic_prodigal_proteins	179	GCA_011523155.1_ASM1152315v1_genomic_prodigal_proteins	2101	76	66.64	15.22	42.46
GCA_902592305.1_AG-914-O22_genomic_prodigal_proteins	179	GCA_003211275.1_ASM321127v1_genomic_prodigal_proteins	2168	79	69.90	14.20	44.13
GCA_902592305.1_AG-914-O22_genomic_prodigal_proteins	179	GCA_003957805.1_ASM395780v1_genomic_prodigal_proteins	2887	66	58.75	13.53	36.87
GCA_902592305.1_AG-914-O22_genomic_prodigal_proteins	179	GCA_012270465.1_ASM1227046v1_genomic_prodigal_proteins	2311	81	64.44	15.00	45.25
GCA_902592305.1_AG-914-O22_genomic_prodigal_proteins	179	GCA_001693255.1_ASM169325v1_genomic_prodigal_proteins	3177	61	54.29	13.28	34.08
GCA_902592305.1_AG-914-O22_genomic_prodigal_proteins	179	GCA_003210385.1_ASM321038v1_genomic_prodigal_proteins	286	12	69.49	12.34	6.70
GCA_902592305.1_AG-914-O22_genomic_prodigal_proteins	179	GCA_002170705.1_ASM217070v1_genomic_prodigal_proteins	1392	79	77.59	14.94	44.13
GCA_902592305.1_AG-914-O22_genomic_prodigal_proteins	179	GCA_002356215.1_ASM235621v1_genomic_prodigal_proteins	2953	61	54.27	13.44	34.08
GCA_902592305.1_AG-914-O22_genomic_prodigal_proteins	179	GCA_003210935.1_ASM321093v1_genomic_prodigal_proteins	1868	77	71.25	14.54	43.02
GCA_902592305.1_AG-914-O22_genomic_prodigal_proteins	179	GCA_003210535.1_ASM321053v1_genomic_prodigal_proteins	1257	47	71.32	16.02	26.26
GCA_902592305.1_AG-914-O22_genomic_prodigal_proteins	179	GCA_002724845.1_ASM272484v1_genomic_prodigal_proteins	1589	58	76.91	14.99	32.40
GCA_902592305.1_AG-914-O22_genomic_prodigal_proteins	179	GCA_000153285.1_ASM15328v1_genomic_prodigal_proteins	2746	101	71.36	14.37	56.42
GCA_902592305.1_AG-914-O22_genomic_prodigal_proteins	179	GCA_003211035.1_ASM321103v1_genomic_prodigal_proteins	530	36	76.32	13.01	20.11
GCA_902592305.1_AG-914-O22_genomic_prodigal_proteins	179	GCA_001521855.1_ASM152185v1_genomic_prodigal_proteins	3144	60	54.46	13.15	33.52
GCA_902592305.1_AG-914-O22_genomic_prodigal_proteins	179	GCA_009835965.1_ASM983596v1_genomic_prodigal_proteins	2105	68	61.46	13.33	37.99
GCA_902592305.1_AG-914-O22_genomic_prodigal_proteins	179	GCA_012269695.1_ASM1226969v1_genomic_prodigal_proteins	2043	72	66.96	14.09	40.22
GCA_902592305.1_AG-914-O22_genomic_prodigal_proteins	179	GCA_000737535.1_ASM73753v1_genomic_prodigal_proteins	3013	116	74.40	16.17	64.80
GCA_902592305.1_AG-914-O22_genomic_prodigal_proteins	179	GCA_000586015.1_SynSpo.0_genomic_prodigal_proteins	1907	56	62.44	13.98	31.28
GCA_902592305.1_AG-914-O22_genomic_prodigal_proteins	179	GCA_002760345.1_ASM276034v1_genomic_prodigal_proteins	2731	50	53.50	12.37	27.93
GCA_902592305.1_AG-914-O22_genomic_prodigal_proteins	179	GCA_000013225.1_ASM1322v1_genomic_prodigal_proteins	2844	51	53.57	12.23	28.49
GCA_902592305.1_AG-914-O22_genomic_prodigal_proteins	179	GCA_000332275.1_ASM33227v1_genomic_prodigal_proteins	4564	61	54.75	12.87	34.08
GCA_902592305.1_AG-914-O22_genomic_prodigal_proteins	179	GCA_002252675.1_ASM225267v1_genomic_prodigal_proteins	3295	87	67.10	14.12	48.60
GCA_902592305.1_AG-914-O22_genomic_prodigal_proteins	179	GCA_000737575.1_ASM73757v1_genomic_prodigal_proteins	2662	114	76.44	15.25	63.69
GCA_902592305.1_AG-914-O22_genomic_prodigal_proteins	179	GCA_902596755.1_AG-916-D19_genomic_prodigal_proteins	1152	48	92.66	13.93	26.82
GCA_902592305.1_AG-914-O22_genomic_prodigal_proteins	179	GCA_003211455.1_ASM321145v1_genomic_prodigal_proteins	1186	71	74.24	15.98	39.66
GCA_902592305.1_AG-914-O22_genomic_prodigal_proteins	179	GCA_003208755.1_ASM320875v1_genomic_prodigal_proteins	690	40	73.11	15.07	22.35
GCA_902592305.1_AG-914-O22_genomic_prodigal_proteins	179	GCA_007571215.1_ASM757121v1_genomic_prodigal_proteins	1879	65	61.03	12.90	36.31
GCA_902592305.1_AG-914-O22_genomic_prodigal_proteins	179	GCA_001007635.1_ASM100763v1_genomic_prodigal_proteins	2333	59	61.29	14.05	32.96
GCA_902592305.1_AG-914-O22_genomic_prodigal_proteins	179	GCA_000179255.1_ASM17925v1_genomic_prodigal_proteins	2729	92	67.62	13.86	51.40
GCA_902592305.1_AG-914-O22_genomic_prodigal_proteins	179	GCA_003208975.1_ASM320897v1_genomic_prodigal_proteins	1804	94	76.60	14.54	52.51
GCA_902592305.1_AG-914-O22_genomic_prodigal_proteins	179	GCA_012103655.1_ASM1210365v1_genomic_prodigal_proteins	2723	99	70.29	13.97	55.31
GCA_902592305.1_AG-914-O22_genomic_prodigal_proteins	179	GCA_902582045.1_AG-912-B07_genomic_prodigal_proteins	196	18	89.33	20.71	10.06
GCA_902592305.1_AG-914-O22_genomic_prodigal_proteins	179	GCA_000153045.1_ASM15304v1_genomic_prodigal_proteins	3242	89	67.66	14.62	49.72
GCA_902592305.1_AG-914-O22_genomic_prodigal_proteins	179	GCA_902549675.1_AG-903-B09_genomic_prodigal_proteins	836	33	90.54	12.10	18.44
GCA_902592305.1_AG-914-O22_genomic_prodigal_proteins	179	GCA_002018045.1_ASM201804v1_genomic_prodigal_proteins	1559	50	63.46	13.01	27.93
GCA_902592305.1_AG-914-O22_genomic_prodigal_proteins	179	GCA_004213055.1_ASM421305v1_genomic_prodigal_proteins	2241	89	70.01	15.05	49.72
GCA_902592305.1_AG-914-O22_genomic_prodigal_proteins	179	GCA_007571085.1_ASM757108v1_genomic_prodigal_proteins	1784	68	61.54	12.85	37.99
GCA_902592305.1_AG-914-O22_genomic_prodigal_proteins	179	GCA_009839805.1_ASM983980v1_genomic_prodigal_proteins	1848	49	59.16	12.21	27.37
GCA_902592305.1_AG-914-O22_genomic_prodigal_proteins	179	GCA_003210375.1_ASM321037v1_genomic_prodigal_proteins	2155	77	74.01	15.36	43.02
GCA_902592305.1_AG-914-O22_genomic_prodigal_proteins	179	GCA_004332415.1_ASM433241v1_genomic_prodigal_proteins	2408	104	72.23	14.08	58.10
GCA_902592305.1_AG-914-O22_genomic_prodigal_proteins	179	GCA_009836025.1_ASM983602v1_genomic_prodigal_proteins	2290	69	61.35	13.57	38.55
GCA_902592305.1_AG-914-O22_genomic_prodigal_proteins	179	GCA_009843455.1_ASM984345v1_genomic_prodigal_proteins	2423	69	61.17	13.50	38.55
GCA_902592305.1_AG-914-O22_genomic_prodigal_proteins	179	GCA_009843485.1_ASM984348v1_genomic_prodigal_proteins	2158	69	61.42	13.16	38.55
GCA_902592305.1_AG-914-O22_genomic_prodigal_proteins	179	GCA_003283135.1_ASM328313v1_genomic_prodigal_proteins	459	7	69.89	17.75	3.91
GCA_902592305.1_AG-914-O22_genomic_prodigal_proteins	179	GCA_902635485.1_AG-447-G23_genomic_prodigal_proteins	327	17	66.49	16.83	9.50
GCA_902592305.1_AG-914-O22_genomic_prodigal_proteins	179	GCA_002760415.1_ASM276041v1_genomic_prodigal_proteins	2670	50	53.54	12.36	27.93
GCA_902592305.1_AG-914-O22_genomic_prodigal_proteins	179	GCA_002754935.1_ASM275493v1_genomic_prodigal_proteins	2664	59	53.97	13.58	32.96
GCA_902592305.1_AG-914-O22_genomic_prodigal_proteins	179	GCA_002171685.2_ASM217168v2_genomic_prodigal_proteins	811	35	69.99	12.60	19.55
GCA_902592305.1_AG-914-O22_genomic_prodigal_proteins	179	GCA_000737595.1_ASM73759v1_genomic_prodigal_proteins	2774	108	76.34	15.81	60.34
GCA_902592305.1_AG-914-O22_genomic_prodigal_proteins	179	GCA_003331785.1_ASM333178v1_genomic_prodigal_proteins	2125	90	70.67	14.11	50.28
GCA_902592305.1_AG-914-O22_genomic_prodigal_proteins	179	GCA_009842265.1_ASM984226v1_genomic_prodigal_proteins	2398	71	61.11	13.64	39.66
GCA_902592305.1_AG-914-O22_genomic_prodigal_proteins	179	GCA_902579345.1_AG-911-L15_genomic_prodigal_proteins	248	21	95.97	7.45	11.73
GCA_902592305.1_AG-914-O22_genomic_prodigal_proteins	179	GCA_000011345.1_ASM1134v1_genomic_prodigal_proteins	2520	59	54.43	13.17	32.96
GCA_902592305.1_AG-914-O22_genomic_prodigal_proteins	179	GCA_003210705.1_ASM321070v1_genomic_prodigal_proteins	2244	87	70.03	14.46	48.60
GCA_902592305.1_AG-914-O22_genomic_prodigal_proteins	179	GCA_000019485.1_ASM1948v1_genomic_prodigal_proteins	3233	60	54.39	13.12	33.52
GCA_902592305.1_AG-914-O22_genomic_prodigal_proteins	179	GCA_003283055.1_ASM328305v1_genomic_prodigal_proteins	482	1	31.20	0.00	0.56
GCA_902592305.1_AG-914-O22_genomic_prodigal_proteins	179	GCA_000010065.1_ASM1006v1_genomic_prodigal_proteins	2691	66	58.70	13.50	36.87
GCA_902592305.1_AG-914-O22_genomic_prodigal_proteins	179	GCA_000316685.1_ASM31668v1_genomic_prodigal_proteins	3706	59	55.25	12.41	32.96
GCA_902592305.1_AG-914-O22_genomic_prodigal_proteins	179	GCA_000063525.1_ASM6352v1_genomic_prodigal_proteins	2540	96	65.47	15.73	53.63
GCA_902592305.1_AG-914-O22_genomic_prodigal_proteins	179	GCA_003283165.1_ASM328316v1_genomic_prodigal_proteins	217	13	75.78	18.09	7.26
GCA_902592305.1_AG-914-O22_genomic_prodigal_proteins	179	GCA_902540675.1_AG-359-E22_genomic_prodigal_proteins	584	27	98.50	5.63	15.08
GCA_902592305.1_AG-914-O22_genomic_prodigal_proteins	179	GCA_011055065.1_ASM1105506v1_genomic_prodigal_proteins	2792	48	53.96	12.39	26.82
GCA_902592305.1_AG-914-O22_genomic_prodigal_proteins	179	GCA_000013205.1_ASM1320v1_genomic_prodigal_proteins	2750	50	53.55	12.35	27.93
GCA_902592305.1_AG-914-O22_genomic_prodigal_proteins	179	GCA_003539795.1_ASM353979v1_genomic_prodigal_proteins	2284	82	76.26	15.32	45.81
GCA_902592305.1_AG-914-O22_genomic_prodigal_proteins	179	GCA_002171995.1_ASM217199v1_genomic_prodigal_proteins	1978	75	69.80	15.02	41.90
GCA_902592305.1_AG-914-O22_genomic_prodigal_proteins	179	GCA_011523835.1_ASM1152383v1_genomic_prodigal_proteins	2468	96	72.41	13.84	53.63
GCA_902592305.1_AG-914-O22_genomic_prodigal_proteins	179	GCA_002172175.1_ASM217217v1_genomic_prodigal_proteins	1846	68	63.18	15.20	37.99
GCA_902592305.1_AG-914-O22_genomic_prodigal_proteins	179	GCA_003208835.1_ASM320883v1_genomic_prodigal_proteins	2208	70	74.38	15.74	39.11
GCA_902592305.1_AG-914-O22_genomic_prodigal_proteins	179	GCA_902589915.1_AG-914-F20_genomic_prodigal_proteins	373	7	88.91	22.99	3.91
GCA_902592305.1_AG-914-O22_genomic_prodigal_proteins	179	GCA_000485815.1_ASM48581v1_genomic_prodigal_proteins	3083	60	54.54	13.36	33.52
GCA_902592305.1_AG-914-O22_genomic_prodigal_proteins	179	GCA_008807075.1_ASM880707v1_genomic_prodigal_proteins	2925	85	67.27	13.94	47.49
GCA_902592305.1_AG-914-O22_genomic_prodigal_proteins	179	GCA_000179235.2_ASM17923v2_genomic_prodigal_proteins	3071	89	68.32	13.07	49.72
GCA_902592305.1_AG-914-O22_genomic_prodigal_proteins	179	GCA_003210795.1_ASM321079v1_genomic_prodigal_proteins	2239	99	76.89	14.44	55.31
GCA_902592305.1_AG-914-O22_genomic_prodigal_proteins	179	GCA_002706715.1_ASM270671v1_genomic_prodigal_proteins	1148	69	77.64	13.73	38.55
GCA_902592305.1_AG-914-O22_genomic_prodigal_proteins	179	GCA_003331245.1_ASM333124v1_genomic_prodigal_proteins	2021	98	77.09	14.76	54.75
GCA_902592305.1_AG-914-O22_genomic_prodigal_proteins	179	GCA_009843385.1_ASM984338v1_genomic_prodigal_proteins	2085	63	62.16	13.43	35.20
GCA_902592305.1_AG-914-O22_genomic_prodigal_proteins	179	GCA_003211205.1_ASM321120v1_genomic_prodigal_proteins	2288	73	69.83	15.18	40.78
GCA_902592305.1_AG-914-O22_genomic_prodigal_proteins	179	GCA_000063505.1_ASM6350v1_genomic_prodigal_proteins	2558	100	72.38	14.25	55.87
GCA_902592305.1_AG-914-O22_genomic_prodigal_proteins	179	GCA_900474245.1_UW179B_genomic_prodigal_proteins	2743	101	69.78	14.19	56.42
GCA_902592305.1_AG-914-O22_genomic_prodigal_proteins	179	GCA_003210345.1_ASM321034v1_genomic_prodigal_proteins	1256	55	74.48	16.45	30.73
GCA_902592305.1_AG-914-O22_genomic_prodigal_proteins	179	GCA_003210315.1_ASM321031v1_genomic_prodigal_proteins	1815	80	69.32	14.27	44.69
GCA_902592305.1_AG-914-O22_genomic_prodigal_proteins	179	GCA_009836155.1_ASM983615v1_genomic_prodigal_proteins	1947	70	61.60	13.39	39.11
GCA_902592305.1_AG-914-O22_genomic_prodigal_proteins	179	GCA_003990665.2_ASM399066v2_genomic_prodigal_proteins	2499	59	54.41	13.21	32.96
GCA_902592305.1_AG-914-O22_genomic_prodigal_proteins	179	GCA_003209135.1_ASM320913v1_genomic_prodigal_proteins	1719	92	71.98	17.08	51.40
GCA_902592305.1_AG-914-O22_genomic_prodigal_proteins	179	GCA_009845105.1_ASM984510v1_genomic_prodigal_proteins	1941	55	60.29	13.82	30.73
GCA_902592305.1_AG-914-O22_genomic_prodigal_proteins	179	GCA_002690325.1_ASM269032v1_genomic_prodigal_proteins	2554	93	74.17	14.84	51.96
GCA_902592305.1_AG-914-O22_genomic_prodigal_proteins	179	GCA_000161795.2_ASM16179v2_genomic_prodigal_proteins	2407	105	78.05	13.37	58.66
GCA_902592305.1_AG-914-O22_genomic_prodigal_proteins	179	GCA_004211895.1_ASM421189v1_genomic_prodigal_proteins	954	24	73.32	18.32	13.41
GCA_902592305.1_AG-914-O22_genomic_prodigal_proteins	179	GCA_003210735.1_ASM321073v1_genomic_prodigal_proteins	2337	86	73.07	17.51	48.04
GCA_902592305.1_AG-914-O22_genomic_prodigal_proteins	179	GCA_003209035.1_ASM320903v1_genomic_prodigal_proteins	1803	62	77.13	14.58	34.64
GCA_902592305.1_AG-914-O22_genomic_prodigal_proteins	179	GCA_003712085.1_ASM371208v1_genomic_prodigal_proteins	2745	125	94.56	10.72	69.83
GCA_902592305.1_AG-914-O22_genomic_prodigal_proteins	179	GCA_003212155.1_ASM321215v1_genomic_prodigal_proteins	262	17	69.09	17.38	9.50
GCA_902592305.1_AG-914-O22_genomic_prodigal_proteins	179	GCA_001040845.1_ASM104084v1_genomic_prodigal_proteins	2917	96	70.08	14.30	53.63
GCA_902592305.1_AG-914-O22_genomic_prodigal_proteins	179	GCA_002018015.1_ASM201801v1_genomic_prodigal_proteins	1578	44	63.60	13.74	24.58
GCA_902592305.1_AG-914-O22_genomic_prodigal_proteins	179	GCA_003211255.1_ASM321125v1_genomic_prodigal_proteins	1850	65	73.25	16.02	36.31
GCA_902592305.1_AG-914-O22_genomic_prodigal_proteins	179	GCA_002721235.1_ASM272123v1_genomic_prodigal_proteins	3119	60	54.48	13.10	33.52
GCA_902592305.1_AG-914-O22_genomic_prodigal_proteins	179	GCA_009839305.1_ASM983930v1_genomic_prodigal_proteins	1816	48	63.17	13.61	26.82
GCA_902592305.1_AG-914-O22_genomic_prodigal_proteins	179	GCA_011365345.1_ASM1136534v1_genomic_prodigal_proteins	2655	111	75.98	16.03	62.01
GCA_902592305.1_AG-914-O22_genomic_prodigal_proteins	179	GCA_001039265.1_ASM103926v1_genomic_prodigal_proteins	2832	62	67.43	15.34	34.64
GCA_902592305.1_AG-914-O22_genomic_prodigal_proteins	179	GCA_001628325.1_ASM162832v1_genomic_prodigal_proteins	2129	95	78.27	13.89	53.07
GCA_902592305.1_AG-914-O22_genomic_prodigal_proteins	179	GCA_003209215.1_ASM320921v1_genomic_prodigal_proteins	1679	52	73.62	16.66	29.05
GCA_902592305.1_AG-914-O22_genomic_prodigal_proteins	179	GCA_002737305.1_ASM273730v1_genomic_prodigal_proteins	1951	67	68.06	13.55	37.43
GCA_902592305.1_AG-914-O22_genomic_prodigal_proteins	179	GCA_003210515.1_ASM321051v1_genomic_prodigal_proteins	1673	66	73.04	17.02	36.87
GCA_902592305.1_AG-914-O22_genomic_prodigal_proteins	179	GCA_011525445.1_ASM1152544v1_genomic_prodigal_proteins	3208	94	69.54	16.25	52.51
GCA_902592305.1_AG-914-O22_genomic_prodigal_proteins	179	GCA_902599435.1_AG-916-N22_genomic_prodigal_proteins	793	33	90.90	12.50	18.44
GCA_902592305.1_AG-914-O22_genomic_prodigal_proteins	179	GCA_003149585.1_ASM314958v1_genomic_prodigal_proteins	2600	91	67.16	13.98	50.84
GCA_902592305.1_AG-914-O22_genomic_prodigal_proteins	179	GCA_902560665.1_AG-905-O11_genomic_prodigal_proteins	401	47	94.63	11.61	26.26
GCA_902592305.1_AG-914-O22_genomic_prodigal_proteins	179	GCA_003331795.1_ASM333179v1_genomic_prodigal_proteins	1948	82	65.46	15.51	45.81
GCA_902592305.1_AG-914-O22_genomic_prodigal_proteins	179	GCA_002017955.1_ASM201795v1_genomic_prodigal_proteins	512	20	66.31	11.21	11.17
GCA_902592305.1_AG-914-O22_genomic_prodigal_proteins	179	GCA_902584485.1_AG-912-O23_genomic_prodigal_proteins	535	7	78.73	24.80	3.91
GCA_902592305.1_AG-914-O22_genomic_prodigal_proteins	179	GCA_902527915.1_AG-896-G19_genomic_prodigal_proteins	1003	60	90.94	18.18	33.52
GCA_902592305.1_AG-914-O22_genomic_prodigal_proteins	179	GCA_902635365.1_AG-447-D19_genomic_prodigal_proteins	1690	68	75.43	13.98	37.99
GCA_902592305.1_AG-914-O22_genomic_prodigal_proteins	179	GCA_900474085.1_UW86_genomic_prodigal_proteins	2403	107	77.51	13.74	59.78
GCA_902592305.1_AG-914-O22_genomic_prodigal_proteins	179	GCA_001885215.1_ASM188521v1_genomic_prodigal_proteins	2897	92	66.38	13.95	51.40
GCA_902592305.1_AG-914-O22_genomic_prodigal_proteins	179	GCA_902575935.1_AG-426-B22_genomic_prodigal_proteins	254	10	72.68	20.25	5.59
GCA_902592305.1_AG-914-O22_genomic_prodigal_proteins	179	GCA_900474295.1_UW140_genomic_prodigal_proteins	2925	106	71.23	14.69	59.22
GCA_902592305.1_AG-914-O22_genomic_prodigal_proteins	179	GCA_003211565.1_ASM321156v1_genomic_prodigal_proteins	1489	35	73.71	14.98	19.55
GCA_902592305.1_AG-914-O22_genomic_prodigal_proteins	179	GCA_003526105.1_ASM352610v1_genomic_prodigal_proteins	1581	54	78.82	11.25	30.17
GCA_902592305.1_AG-914-O22_genomic_prodigal_proteins	179	GCA_002172935.1_ASM217293v1_genomic_prodigal_proteins	1996	80	68.74	15.04	44.69
GCA_902592305.1_AG-914-O22_genomic_prodigal_proteins	179	GCA_003210335.1_ASM321033v1_genomic_prodigal_proteins	942	19	60.59	13.49	10.61
GCA_902592305.1_AG-914-O22_genomic_prodigal_proteins	179	GCA_009846115.1_ASM984611v1_genomic_prodigal_proteins	2048	59	60.90	13.98	32.96
GCA_902592305.1_AG-914-O22_genomic_prodigal_proteins	179	GCA_001693295.1_ASM169329v1_genomic_prodigal_proteins	3183	60	54.40	13.11	33.52
GCA_902592305.1_AG-914-O22_genomic_prodigal_proteins	179	GCA_900473965.1_UW179A_genomic_prodigal_proteins	3383	101	70.17	14.55	56.42
GCA_902592305.1_AG-914-O22_genomic_prodigal_proteins	179	GCA_003213755.1_ASM321375v1_genomic_prodigal_proteins	1050	49	65.13	17.10	27.37
GCA_902592305.1_AG-914-O22_genomic_prodigal_proteins	179	GCA_003209155.1_ASM320915v1_genomic_prodigal_proteins	2305	76	71.45	13.00	42.46
GCA_902592305.1_AG-914-O22_genomic_prodigal_proteins	179	GCA_003211515.1_ASM321151v1_genomic_prodigal_proteins	2451	84	74.69	16.82	46.93
GCA_902592305.1_AG-914-O22_genomic_prodigal_proteins	179	GCA_002693285.1_ASM269328v1_genomic_prodigal_proteins	2440	93	71.52	13.15	51.96
GCA_902592305.1_AG-914-O22_genomic_prodigal_proteins	179	GCA_003210555.1_ASM321055v1_genomic_prodigal_proteins	1847	63	66.99	13.86	35.20
GCA_902592305.1_AG-914-O22_genomic_prodigal_proteins	179	GCA_000155595.1_ASM15559v1_genomic_prodigal_proteins	5270	62	55.93	12.97	34.64
GCA_902592305.1_AG-914-O22_genomic_prodigal_proteins	179	GCA_001007665.1_ASM100766v1_genomic_prodigal_proteins	2356	70	61.45	13.50	39.11
GCA_902592305.1_AG-914-O22_genomic_prodigal_proteins	179	GCA_009919765.1_ASM991976v1_genomic_prodigal_proteins	2524	65	68.24	14.52	36.31
GCA_902592305.1_AG-914-O22_genomic_prodigal_proteins	179	GCA_003331225.1_ASM333122v1_genomic_prodigal_proteins	2113	85	65.55	14.64	47.49
GCA_902592305.1_AG-914-O22_genomic_prodigal_proteins	179	GCA_900177825.1_IMG-taxon_2708742468_annotated_assembly_genomic_prodigal_proteins	3317	58	54.79	13.19	32.40
GCA_902592305.1_AG-914-O22_genomic_prodigal_proteins	179	GCA_000195975.1_ASM19597v1_genomic_prodigal_proteins	2719	130	94.95	10.07	72.63
GCA_902592305.1_AG-914-O22_genomic_prodigal_proteins	179	GCA_902618885.1_AG-920-D15_genomic_prodigal_proteins	1178	61	91.38	16.13	34.08
GCA_902592305.1_AG-914-O22_genomic_prodigal_proteins	179	GCA_003209165.1_ASM320916v1_genomic_prodigal_proteins	2711	101	74.22	16.04	56.42
GCA_902592305.1_AG-914-O22_genomic_prodigal_proteins	179	GCA_001007625.1_ASM100762v1_genomic_prodigal_proteins	2478	61	61.79	13.39	34.08
GCA_902592305.1_AG-914-O22_genomic_prodigal_proteins	179	GCA_008386235.1_ASM838623v1_genomic_prodigal_proteins	2571	60	54.19	13.74	33.52
GCA_902592305.1_AG-914-O22_genomic_prodigal_proteins	179	GCA_001631935.1_ASM163193v1_genomic_prodigal_proteins	3526	98	71.05	13.71	54.75
GCA_902592305.1_AG-914-O22_genomic_prodigal_proteins	179	GCA_002151525.1_ASM215152v1_genomic_prodigal_proteins	1628	59	62.98	14.91	32.96
GCA_902592305.1_AG-914-O22_genomic_prodigal_proteins	179	GCA_000153065.1_ASM15306v1_genomic_prodigal_proteins	2704	96	71.42	14.45	53.63
GCA_902592305.1_AG-914-O22_genomic_prodigal_proteins	179	GCA_009837265.1_ASM983726v1_genomic_prodigal_proteins	2126	62	60.19	13.08	34.64
GCA_902592305.1_AG-914-O22_genomic_prodigal_proteins	179	GCA_902533725.1_AG-898-C20_genomic_prodigal_proteins	421	9	70.18	14.37	5.03
GCA_902592305.1_AG-914-O22_genomic_prodigal_proteins	179	GCA_002171075.2_ASM217107v2_genomic_prodigal_proteins	1919	57	63.66	14.47	31.84
GCA_902592305.1_AG-914-O22_genomic_prodigal_proteins	179	GCA_002760395.1_ASM276039v1_genomic_prodigal_proteins	2661	50	53.57	12.35	27.93
GCA_902592305.1_AG-914-O22_genomic_prodigal_proteins	179	GCA_003209005.1_ASM320900v1_genomic_prodigal_proteins	2548	77	69.65	14.18	43.02
GCA_902592305.1_AG-914-O22_genomic_prodigal_proteins	179	GCA_002017915.1_ASM201791v1_genomic_prodigal_proteins	623	19	62.17	12.19	10.61
GCA_902592305.1_AG-914-O22_genomic_prodigal_proteins	179	GCA_900047545.1_m9_genomic_prodigal_proteins	1575	56	61.11	12.97	31.28
GCA_902592305.1_AG-914-O22_genomic_prodigal_proteins	179	GCA_001632105.1_ASM163210v1_genomic_prodigal_proteins	3521	99	70.70	14.26	55.31
GCA_902592305.1_AG-914-O22_genomic_prodigal_proteins	179	GCA_004212765.1_ASM421276v1_genomic_prodigal_proteins	1162	70	87.06	13.07	39.11
GCA_902592305.1_AG-914-O22_genomic_prodigal_proteins	179	GCA_002685515.1_ASM268551v1_genomic_prodigal_proteins	1286	50	68.02	14.96	27.93
GCA_902592305.1_AG-914-O22_genomic_prodigal_proteins	179	GCA_007828135.1_ASM782813v1_genomic_prodigal_proteins	2917	94	67.02	14.47	52.51
GCA_902592305.1_AG-914-O22_genomic_prodigal_proteins	179	GCA_011047875.1_ASM1104787v1_genomic_prodigal_proteins	2810	49	53.80	12.00	27.37
GCA_902592305.1_AG-914-O22_genomic_prodigal_proteins	179	GCA_009840445.1_ASM984044v1_genomic_prodigal_proteins	2167	70	61.24	13.26	39.11
GCA_902592305.1_AG-914-O22_genomic_prodigal_proteins	179	GCA_003210995.1_ASM321099v1_genomic_prodigal_proteins	2385	66	70.87	15.31	36.87
GCA_902592305.1_AG-914-O22_genomic_prodigal_proteins	179	GCA_902616995.1_AG-919-L20_genomic_prodigal_proteins	654	32	91.20	17.81	17.88
GCA_902592305.1_AG-914-O22_genomic_prodigal_proteins	179	GCA_009845825.1_ASM984582v1_genomic_prodigal_proteins	2168	59	61.21	13.14	32.96
GCA_902592305.1_AG-914-O22_genomic_prodigal_proteins	179	GCA_000515235.1_ASM51523v1_genomic_prodigal_proteins	2873	112	73.44	16.46	62.57
GCA_902592305.1_AG-914-O22_genomic_prodigal_proteins	179	GCA_003523965.1_ASM352396v1_genomic_prodigal_proteins	1735	50	62.30	13.66	27.93
GCA_902592305.1_AG-914-O22_genomic_prodigal_proteins	179	GCA_002684175.1_ASM268417v1_genomic_prodigal_proteins	1819	73	73.55	14.00	40.78
GCA_902592305.1_AG-914-O22_genomic_prodigal_proteins	179	GCA_011523295.1_ASM1152329v1_genomic_prodigal_proteins	2851	75	71.75	15.74	41.90
GCA_902592305.1_AG-914-O22_genomic_prodigal_proteins	179	GCA_003211015.1_ASM321101v1_genomic_prodigal_proteins	2128	86	71.63	13.15	48.04
GCA_902592305.1_AG-914-O22_genomic_prodigal_proteins	179	GCA_002006815.1_ASM200681v1_genomic_prodigal_proteins	1973	71	63.30	13.79	39.66
GCA_003210475.1_ASM321047v1_genomic_prodigal_proteins	1514	GCA_003208815.1_ASM320881v1_genomic_prodigal_proteins	1352	388	68.29	14.86	28.70
GCA_003210475.1_ASM321047v1_genomic_prodigal_proteins	1514	GCA_000012505.1_ASM1250v1_genomic_prodigal_proteins	2461	877	69.51	13.94	57.93
GCA_003210475.1_ASM321047v1_genomic_prodigal_proteins	1514	GCA_000153825.1_ASM15382v1_genomic_prodigal_proteins	2811	940	72.52	13.90	62.09
GCA_003210475.1_ASM321047v1_genomic_prodigal_proteins	1514	GCA_002760475.1_ASM276047v1_genomic_prodigal_proteins	2647	465	52.24	11.29	30.71
GCA_003210475.1_ASM321047v1_genomic_prodigal_proteins	1514	GCA_003210565.1_ASM321056v1_genomic_prodigal_proteins	836	279	71.08	15.13	33.37
GCA_003210475.1_ASM321047v1_genomic_prodigal_proteins	1514	GCA_902618505.1_AG-892-K03_genomic_prodigal_proteins	959	187	68.97	15.29	19.50
GCA_003210475.1_ASM321047v1_genomic_prodigal_proteins	1514	GCA_005577135.1_ASM557713v1_genomic_prodigal_proteins	3356	537	52.96	12.75	35.47
GCA_003210475.1_ASM321047v1_genomic_prodigal_proteins	1514	GCA_003846445.1_ASM384644v1_genomic_prodigal_proteins	2740	594	54.97	12.80	39.23
GCA_003210475.1_ASM321047v1_genomic_prodigal_proteins	1514	GCA_000505665.1_ASM50566v1_genomic_prodigal_proteins	2466	499	53.14	11.78	32.96
GCA_003210475.1_ASM321047v1_genomic_prodigal_proteins	1514	GCA_902616255.1_AG-919-I18_genomic_prodigal_proteins	1046	320	68.79	14.32	30.59
GCA_003210475.1_ASM321047v1_genomic_prodigal_proteins	1514	GCA_001182765.1_WH8103.1_genomic_prodigal_proteins	2676	865	70.56	13.67	57.13
GCA_003210475.1_ASM321047v1_genomic_prodigal_proteins	1514	GCA_002760375.1_ASM276037v1_genomic_prodigal_proteins	2702	468	52.21	11.34	30.91
GCA_003210475.1_ASM321047v1_genomic_prodigal_proteins	1514	GCA_902592305.1_AG-914-O22_genomic_prodigal_proteins	179	32	67.65	17.87	17.88
GCA_003210475.1_ASM321047v1_genomic_prodigal_proteins	1514	GCA_001632165.1_ASM163216v1_genomic_prodigal_proteins	2830	1154	93.42	8.32	76.22
GCA_003210475.1_ASM321047v1_genomic_prodigal_proteins	1514	GCA_004332405.1_ASM433240v1_genomic_prodigal_proteins	2437	905	74.07	13.18	59.78
GCA_003210475.1_ASM321047v1_genomic_prodigal_proteins	1514	GCA_900473975.1_N26_genomic_prodigal_proteins	2454	852	70.73	13.86	56.27
GCA_003210475.1_ASM321047v1_genomic_prodigal_proteins	1514	GCA_902612475.1_AG-918-G20_genomic_prodigal_proteins	502	130	69.40	14.69	25.90
GCA_003210475.1_ASM321047v1_genomic_prodigal_proteins	1514	GCA_000775285.1_ASM77528v1_genomic_prodigal_proteins	4812	474	53.31	12.52	31.31
GCA_003210475.1_ASM321047v1_genomic_prodigal_proteins	1514	GCA_002698505.1_ASM269850v1_genomic_prodigal_proteins	2471	852	71.86	13.63	56.27
GCA_003210475.1_ASM321047v1_genomic_prodigal_proteins	1514	GCA_002252665.1_ASM225266v1_genomic_prodigal_proteins	2771	787	66.64	13.37	51.98
GCA_003210475.1_ASM321047v1_genomic_prodigal_proteins	1514	GCA_003555505.1_ASM355550v1_genomic_prodigal_proteins	3351	381	53.37	12.19	25.17
GCA_003210475.1_ASM321047v1_genomic_prodigal_proteins	1514	GCA_900474015.1_UW106_genomic_prodigal_proteins	2762	911	70.08	13.97	60.17
GCA_003210475.1_ASM321047v1_genomic_prodigal_proteins	1514	GCA_000715475.1_ASM71547v1_genomic_prodigal_proteins	3299	531	52.99	12.76	35.07
GCA_003210475.1_ASM321047v1_genomic_prodigal_proteins	1514	GCA_001628295.1_ASM162829v1_genomic_prodigal_proteins	2145	810	70.91	13.74	53.50
GCA_003210475.1_ASM321047v1_genomic_prodigal_proteins	1514	GCA_003208775.1_ASM320877v1_genomic_prodigal_proteins	1808	585	71.49	14.23	38.64
GCA_003210475.1_ASM321047v1_genomic_prodigal_proteins	1514	GCA_003210975.1_ASM321097v1_genomic_prodigal_proteins	627	169	66.94	16.10	26.95
GCA_003210475.1_ASM321047v1_genomic_prodigal_proteins	1514	GCA_003208915.1_ASM320891v1_genomic_prodigal_proteins	1208	355	69.25	14.17	29.39
GCA_003210475.1_ASM321047v1_genomic_prodigal_proteins	1514	GCA_009837735.1_ASM983773v1_genomic_prodigal_proteins	2041	436	59.93	12.45	28.80
GCA_003210475.1_ASM321047v1_genomic_prodigal_proteins	1514	GCA_902548805.1_AG-901-N20_genomic_prodigal_proteins	158	37	69.66	16.95	23.42
GCA_003210475.1_ASM321047v1_genomic_prodigal_proteins	1514	GCA_003211235.1_ASM321123v1_genomic_prodigal_proteins	1698	426	67.62	15.34	28.14
GCA_003210475.1_ASM321047v1_genomic_prodigal_proteins	1514	GCA_004209775.1_ASM420977v1_genomic_prodigal_proteins	2798	905	73.59	13.18	59.78
GCA_003210475.1_ASM321047v1_genomic_prodigal_proteins	1514	GCA_003283215.1_ASM328321v1_genomic_prodigal_proteins	239	50	85.10	17.26	20.92
GCA_003210475.1_ASM321047v1_genomic_prodigal_proteins	1514	GCA_003209555.1_ASM320955v1_genomic_prodigal_proteins	908	193	63.58	16.29	21.26
GCA_003210475.1_ASM321047v1_genomic_prodigal_proteins	1514	GCA_000153805.1_ASM15380v1_genomic_prodigal_proteins	2517	890	69.33	13.83	58.78
GCA_003210475.1_ASM321047v1_genomic_prodigal_proteins	1514	GCA_003283205.1_ASM328320v1_genomic_prodigal_proteins	274	56	87.98	16.98	20.44
GCA_003210475.1_ASM321047v1_genomic_prodigal_proteins	1514	GCA_900473925.1_N5_genomic_prodigal_proteins	2417	855	70.60	13.91	56.47
GCA_003210475.1_ASM321047v1_genomic_prodigal_proteins	1514	GCA_902592665.1_AG-447-E14_genomic_prodigal_proteins	1111	243	67.17	15.56	21.87
GCA_003210475.1_ASM321047v1_genomic_prodigal_proteins	1514	GCA_011523155.1_ASM1152315v1_genomic_prodigal_proteins	2101	653	71.25	13.27	43.13
GCA_003210475.1_ASM321047v1_genomic_prodigal_proteins	1514	GCA_003211275.1_ASM321127v1_genomic_prodigal_proteins	2168	915	95.95	11.16	60.44
GCA_003210475.1_ASM321047v1_genomic_prodigal_proteins	1514	GCA_003957805.1_ASM395780v1_genomic_prodigal_proteins	2887	605	55.08	12.68	39.96
GCA_003210475.1_ASM321047v1_genomic_prodigal_proteins	1514	GCA_012270465.1_ASM1227046v1_genomic_prodigal_proteins	2311	672	63.79	13.66	44.39
GCA_003210475.1_ASM321047v1_genomic_prodigal_proteins	1514	GCA_001693255.1_ASM169325v1_genomic_prodigal_proteins	3177	535	53.03	12.70	35.34
GCA_003210475.1_ASM321047v1_genomic_prodigal_proteins	1514	GCA_003210385.1_ASM321038v1_genomic_prodigal_proteins	286	40	66.35	20.52	13.99
GCA_003210475.1_ASM321047v1_genomic_prodigal_proteins	1514	GCA_002170705.1_ASM217070v1_genomic_prodigal_proteins	1392	452	69.95	14.39	32.47
GCA_003210475.1_ASM321047v1_genomic_prodigal_proteins	1514	GCA_002356215.1_ASM235621v1_genomic_prodigal_proteins	2953	529	52.90	12.78	34.94
GCA_003210475.1_ASM321047v1_genomic_prodigal_proteins	1514	GCA_003210935.1_ASM321093v1_genomic_prodigal_proteins	1868	692	91.48	12.99	45.71
GCA_003210475.1_ASM321047v1_genomic_prodigal_proteins	1514	GCA_003210535.1_ASM321053v1_genomic_prodigal_proteins	1257	364	67.22	14.24	28.96
GCA_003210475.1_ASM321047v1_genomic_prodigal_proteins	1514	GCA_002724845.1_ASM272484v1_genomic_prodigal_proteins	1589	653	69.42	13.69	43.13
GCA_003210475.1_ASM321047v1_genomic_prodigal_proteins	1514	GCA_000153285.1_ASM15328v1_genomic_prodigal_proteins	2746	959	76.90	12.39	63.34
GCA_003210475.1_ASM321047v1_genomic_prodigal_proteins	1514	GCA_003211035.1_ASM321103v1_genomic_prodigal_proteins	530	178	67.24	15.10	33.58
GCA_003210475.1_ASM321047v1_genomic_prodigal_proteins	1514	GCA_001521855.1_ASM152185v1_genomic_prodigal_proteins	3144	538	52.93	12.74	35.54
GCA_003210475.1_ASM321047v1_genomic_prodigal_proteins	1514	GCA_009835965.1_ASM983596v1_genomic_prodigal_proteins	2105	561	60.29	12.68	37.05
GCA_003210475.1_ASM321047v1_genomic_prodigal_proteins	1514	GCA_012269695.1_ASM1226969v1_genomic_prodigal_proteins	2043	566	63.68	13.60	37.38
GCA_003210475.1_ASM321047v1_genomic_prodigal_proteins	1514	GCA_000737535.1_ASM73753v1_genomic_prodigal_proteins	3013	911	69.58	14.13	60.17
GCA_003210475.1_ASM321047v1_genomic_prodigal_proteins	1514	GCA_000586015.1_SynSpo.0_genomic_prodigal_proteins	1907	459	60.71	12.89	30.32
GCA_003210475.1_ASM321047v1_genomic_prodigal_proteins	1514	GCA_002760345.1_ASM276034v1_genomic_prodigal_proteins	2731	471	52.23	11.34	31.11
GCA_003210475.1_ASM321047v1_genomic_prodigal_proteins	1514	GCA_000013225.1_ASM1322v1_genomic_prodigal_proteins	2844	468	52.13	11.43	30.91
GCA_003210475.1_ASM321047v1_genomic_prodigal_proteins	1514	GCA_000332275.1_ASM33227v1_genomic_prodigal_proteins	4564	504	51.60	11.38	33.29
GCA_003210475.1_ASM321047v1_genomic_prodigal_proteins	1514	GCA_002252675.1_ASM225267v1_genomic_prodigal_proteins	3295	801	65.44	13.57	52.91
GCA_003210475.1_ASM321047v1_genomic_prodigal_proteins	1514	GCA_000737575.1_ASM73757v1_genomic_prodigal_proteins	2662	899	70.26	13.95	59.38
GCA_003210475.1_ASM321047v1_genomic_prodigal_proteins	1514	GCA_902596755.1_AG-916-D19_genomic_prodigal_proteins	1152	368	69.45	14.50	31.94
GCA_003210475.1_ASM321047v1_genomic_prodigal_proteins	1514	GCA_003211455.1_ASM321145v1_genomic_prodigal_proteins	1186	373	68.98	14.85	31.45
GCA_003210475.1_ASM321047v1_genomic_prodigal_proteins	1514	GCA_003208755.1_ASM320875v1_genomic_prodigal_proteins	690	166	65.71	16.26	24.06
GCA_003210475.1_ASM321047v1_genomic_prodigal_proteins	1514	GCA_007571215.1_ASM757121v1_genomic_prodigal_proteins	1879	559	60.00	12.64	36.92
GCA_003210475.1_ASM321047v1_genomic_prodigal_proteins	1514	GCA_001007635.1_ASM100763v1_genomic_prodigal_proteins	2333	515	60.55	12.50	34.02
GCA_003210475.1_ASM321047v1_genomic_prodigal_proteins	1514	GCA_000179255.1_ASM17925v1_genomic_prodigal_proteins	2729	828	65.96	13.80	54.69
GCA_003210475.1_ASM321047v1_genomic_prodigal_proteins	1514	GCA_003208975.1_ASM320897v1_genomic_prodigal_proteins	1804	484	68.69	15.15	31.97
GCA_003210475.1_ASM321047v1_genomic_prodigal_proteins	1514	GCA_012103655.1_ASM1210365v1_genomic_prodigal_proteins	2723	954	72.98	13.32	63.01
GCA_003210475.1_ASM321047v1_genomic_prodigal_proteins	1514	GCA_902582045.1_AG-912-B07_genomic_prodigal_proteins	196	29	63.30	13.32	14.80
GCA_003210475.1_ASM321047v1_genomic_prodigal_proteins	1514	GCA_000153045.1_ASM15304v1_genomic_prodigal_proteins	3242	812	65.45	13.66	53.63
GCA_003210475.1_ASM321047v1_genomic_prodigal_proteins	1514	GCA_902549675.1_AG-903-B09_genomic_prodigal_proteins	836	266	69.80	14.73	31.82
GCA_003210475.1_ASM321047v1_genomic_prodigal_proteins	1514	GCA_002018045.1_ASM201804v1_genomic_prodigal_proteins	1559	454	61.00	12.31	29.99
GCA_003210475.1_ASM321047v1_genomic_prodigal_proteins	1514	GCA_004213055.1_ASM421305v1_genomic_prodigal_proteins	2241	837	72.49	13.65	55.28
GCA_003210475.1_ASM321047v1_genomic_prodigal_proteins	1514	GCA_007571085.1_ASM757108v1_genomic_prodigal_proteins	1784	551	59.84	12.66	36.39
GCA_003210475.1_ASM321047v1_genomic_prodigal_proteins	1514	GCA_009839805.1_ASM983980v1_genomic_prodigal_proteins	1848	391	58.32	11.79	25.83
GCA_003210475.1_ASM321047v1_genomic_prodigal_proteins	1514	GCA_003210375.1_ASM321037v1_genomic_prodigal_proteins	2155	652	68.55	14.33	43.06
GCA_003210475.1_ASM321047v1_genomic_prodigal_proteins	1514	GCA_004332415.1_ASM433241v1_genomic_prodigal_proteins	2408	911	73.99	13.13	60.17
GCA_003210475.1_ASM321047v1_genomic_prodigal_proteins	1514	GCA_009836025.1_ASM983602v1_genomic_prodigal_proteins	2290	559	60.14	12.56	36.92
GCA_003210475.1_ASM321047v1_genomic_prodigal_proteins	1514	GCA_009843455.1_ASM984345v1_genomic_prodigal_proteins	2423	553	59.97	12.45	36.53
GCA_003210475.1_ASM321047v1_genomic_prodigal_proteins	1514	GCA_009843485.1_ASM984348v1_genomic_prodigal_proteins	2158	565	60.29	12.67	37.32
GCA_003210475.1_ASM321047v1_genomic_prodigal_proteins	1514	GCA_003283135.1_ASM328313v1_genomic_prodigal_proteins	459	101	67.93	16.91	22.00
GCA_003210475.1_ASM321047v1_genomic_prodigal_proteins	1514	GCA_902635485.1_AG-447-G23_genomic_prodigal_proteins	327	65	65.15	15.20	19.88
GCA_003210475.1_ASM321047v1_genomic_prodigal_proteins	1514	GCA_002760415.1_ASM276041v1_genomic_prodigal_proteins	2670	464	52.25	11.34	30.65
GCA_003210475.1_ASM321047v1_genomic_prodigal_proteins	1514	GCA_002754935.1_ASM275493v1_genomic_prodigal_proteins	2664	486	52.94	11.84	32.10
GCA_003210475.1_ASM321047v1_genomic_prodigal_proteins	1514	GCA_002171685.2_ASM217168v2_genomic_prodigal_proteins	811	339	72.68	13.83	41.80
GCA_003210475.1_ASM321047v1_genomic_prodigal_proteins	1514	GCA_000737595.1_ASM73759v1_genomic_prodigal_proteins	2774	898	70.15	14.02	59.31
GCA_003210475.1_ASM321047v1_genomic_prodigal_proteins	1514	GCA_003331785.1_ASM333178v1_genomic_prodigal_proteins	2125	845	73.36	13.03	55.81
GCA_003210475.1_ASM321047v1_genomic_prodigal_proteins	1514	GCA_009842265.1_ASM984226v1_genomic_prodigal_proteins	2398	556	60.13	12.48	36.72
GCA_003210475.1_ASM321047v1_genomic_prodigal_proteins	1514	GCA_902579345.1_AG-911-L15_genomic_prodigal_proteins	248	52	65.40	18.31	20.97
GCA_003210475.1_ASM321047v1_genomic_prodigal_proteins	1514	GCA_000011345.1_ASM1134v1_genomic_prodigal_proteins	2520	508	53.18	11.83	33.55
GCA_003210475.1_ASM321047v1_genomic_prodigal_proteins	1514	GCA_003210705.1_ASM321070v1_genomic_prodigal_proteins	2244	953	96.80	8.57	62.95
GCA_003210475.1_ASM321047v1_genomic_prodigal_proteins	1514	GCA_000019485.1_ASM1948v1_genomic_prodigal_proteins	3233	536	52.91	12.76	35.40
GCA_003210475.1_ASM321047v1_genomic_prodigal_proteins	1514	GCA_003283055.1_ASM328305v1_genomic_prodigal_proteins	482	52	59.88	15.53	10.79
GCA_003210475.1_ASM321047v1_genomic_prodigal_proteins	1514	GCA_000010065.1_ASM1006v1_genomic_prodigal_proteins	2691	601	55.02	12.63	39.70
GCA_003210475.1_ASM321047v1_genomic_prodigal_proteins	1514	GCA_000316685.1_ASM31668v1_genomic_prodigal_proteins	3706	531	52.58	12.00	35.07
GCA_003210475.1_ASM321047v1_genomic_prodigal_proteins	1514	GCA_000063525.1_ASM6352v1_genomic_prodigal_proteins	2540	819	64.86	14.07	54.10
GCA_003210475.1_ASM321047v1_genomic_prodigal_proteins	1514	GCA_003283165.1_ASM328316v1_genomic_prodigal_proteins	217	24	65.90	16.25	11.06
GCA_003210475.1_ASM321047v1_genomic_prodigal_proteins	1514	GCA_902540675.1_AG-359-E22_genomic_prodigal_proteins	584	134	66.53	15.86	22.95
GCA_003210475.1_ASM321047v1_genomic_prodigal_proteins	1514	GCA_011055065.1_ASM1105506v1_genomic_prodigal_proteins	2792	457	52.11	11.47	30.18
GCA_003210475.1_ASM321047v1_genomic_prodigal_proteins	1514	GCA_000013205.1_ASM1320v1_genomic_prodigal_proteins	2750	472	52.22	11.34	31.18
GCA_003210475.1_ASM321047v1_genomic_prodigal_proteins	1514	GCA_003539795.1_ASM353979v1_genomic_prodigal_proteins	2284	713	69.04	13.74	47.09
GCA_003210475.1_ASM321047v1_genomic_prodigal_proteins	1514	GCA_002171995.1_ASM217199v1_genomic_prodigal_proteins	1978	552	72.11	14.36	36.46
GCA_003210475.1_ASM321047v1_genomic_prodigal_proteins	1514	GCA_011523835.1_ASM1152383v1_genomic_prodigal_proteins	2468	830	76.20	13.19	54.82
GCA_003210475.1_ASM321047v1_genomic_prodigal_proteins	1514	GCA_002172175.1_ASM217217v1_genomic_prodigal_proteins	1846	529	62.94	14.13	34.94
GCA_003210475.1_ASM321047v1_genomic_prodigal_proteins	1514	GCA_003208835.1_ASM320883v1_genomic_prodigal_proteins	2208	600	69.37	14.45	39.63
GCA_003210475.1_ASM321047v1_genomic_prodigal_proteins	1514	GCA_902589915.1_AG-914-F20_genomic_prodigal_proteins	373	67	69.90	16.30	17.96
GCA_003210475.1_ASM321047v1_genomic_prodigal_proteins	1514	GCA_000485815.1_ASM48581v1_genomic_prodigal_proteins	3083	523	52.97	12.79	34.54
GCA_003210475.1_ASM321047v1_genomic_prodigal_proteins	1514	GCA_008807075.1_ASM880707v1_genomic_prodigal_proteins	2925	805	65.57	13.58	53.17
GCA_003210475.1_ASM321047v1_genomic_prodigal_proteins	1514	GCA_000179235.2_ASM17923v2_genomic_prodigal_proteins	3071	835	66.77	13.59	55.15
GCA_003210475.1_ASM321047v1_genomic_prodigal_proteins	1514	GCA_003210795.1_ASM321079v1_genomic_prodigal_proteins	2239	678	69.55	14.06	44.78
GCA_003210475.1_ASM321047v1_genomic_prodigal_proteins	1514	GCA_002706715.1_ASM270671v1_genomic_prodigal_proteins	1148	379	69.13	14.52	33.01
GCA_003210475.1_ASM321047v1_genomic_prodigal_proteins	1514	GCA_003331245.1_ASM333124v1_genomic_prodigal_proteins	2021	771	70.36	13.68	50.92
GCA_003210475.1_ASM321047v1_genomic_prodigal_proteins	1514	GCA_009843385.1_ASM984338v1_genomic_prodigal_proteins	2085	468	60.05	12.74	30.91
GCA_003210475.1_ASM321047v1_genomic_prodigal_proteins	1514	GCA_003211205.1_ASM321120v1_genomic_prodigal_proteins	2288	951	95.77	7.68	62.81
GCA_003210475.1_ASM321047v1_genomic_prodigal_proteins	1514	GCA_000063505.1_ASM6350v1_genomic_prodigal_proteins	2558	965	77.06	12.90	63.74
GCA_003210475.1_ASM321047v1_genomic_prodigal_proteins	1514	GCA_900474245.1_UW179B_genomic_prodigal_proteins	2743	946	73.12	13.23	62.48
GCA_003210475.1_ASM321047v1_genomic_prodigal_proteins	1514	GCA_003210345.1_ASM321034v1_genomic_prodigal_proteins	1256	352	67.85	14.18	28.03
GCA_003210475.1_ASM321047v1_genomic_prodigal_proteins	1514	GCA_003210315.1_ASM321031v1_genomic_prodigal_proteins	1815	557	71.20	14.44	36.79
GCA_003210475.1_ASM321047v1_genomic_prodigal_proteins	1514	GCA_009836155.1_ASM983615v1_genomic_prodigal_proteins	1947	537	60.31	12.54	35.47
GCA_003210475.1_ASM321047v1_genomic_prodigal_proteins	1514	GCA_003990665.2_ASM399066v2_genomic_prodigal_proteins	2499	510	53.14	11.82	33.69
GCA_003210475.1_ASM321047v1_genomic_prodigal_proteins	1514	GCA_003209135.1_ASM320913v1_genomic_prodigal_proteins	1719	465	68.49	15.08	30.71
GCA_003210475.1_ASM321047v1_genomic_prodigal_proteins	1514	GCA_009845105.1_ASM984510v1_genomic_prodigal_proteins	1941	447	59.64	12.54	29.52
GCA_003210475.1_ASM321047v1_genomic_prodigal_proteins	1514	GCA_002690325.1_ASM269032v1_genomic_prodigal_proteins	2554	827	68.95	13.86	54.62
GCA_003210475.1_ASM321047v1_genomic_prodigal_proteins	1514	GCA_000161795.2_ASM16179v2_genomic_prodigal_proteins	2407	868	70.38	13.78	57.33
GCA_003210475.1_ASM321047v1_genomic_prodigal_proteins	1514	GCA_004211895.1_ASM421189v1_genomic_prodigal_proteins	954	371	69.93	14.45	38.89
GCA_003210475.1_ASM321047v1_genomic_prodigal_proteins	1514	GCA_003210735.1_ASM321073v1_genomic_prodigal_proteins	2337	727	68.96	14.25	48.02
GCA_003210475.1_ASM321047v1_genomic_prodigal_proteins	1514	GCA_003209035.1_ASM320903v1_genomic_prodigal_proteins	1803	475	67.77	15.47	31.37
GCA_003210475.1_ASM321047v1_genomic_prodigal_proteins	1514	GCA_003712085.1_ASM371208v1_genomic_prodigal_proteins	2745	873	70.38	13.79	57.66
GCA_003210475.1_ASM321047v1_genomic_prodigal_proteins	1514	GCA_003212155.1_ASM321215v1_genomic_prodigal_proteins	262	35	60.85	15.14	13.36
GCA_003210475.1_ASM321047v1_genomic_prodigal_proteins	1514	GCA_001040845.1_ASM104084v1_genomic_prodigal_proteins	2917	972	72.71	13.25	64.20
GCA_003210475.1_ASM321047v1_genomic_prodigal_proteins	1514	GCA_002018015.1_ASM201801v1_genomic_prodigal_proteins	1578	436	61.17	12.27	28.80
GCA_003210475.1_ASM321047v1_genomic_prodigal_proteins	1514	GCA_003211255.1_ASM321125v1_genomic_prodigal_proteins	1850	544	68.78	14.67	35.93
GCA_003210475.1_ASM321047v1_genomic_prodigal_proteins	1514	GCA_002721235.1_ASM272123v1_genomic_prodigal_proteins	3119	539	52.90	12.77	35.60
GCA_003210475.1_ASM321047v1_genomic_prodigal_proteins	1514	GCA_009839305.1_ASM983930v1_genomic_prodigal_proteins	1816	420	60.35	12.72	27.74
GCA_003210475.1_ASM321047v1_genomic_prodigal_proteins	1514	GCA_011365345.1_ASM1136534v1_genomic_prodigal_proteins	2655	898	70.24	14.18	59.31
GCA_003210475.1_ASM321047v1_genomic_prodigal_proteins	1514	GCA_001039265.1_ASM103926v1_genomic_prodigal_proteins	2832	554	67.24	13.37	36.59
GCA_003210475.1_ASM321047v1_genomic_prodigal_proteins	1514	GCA_001628325.1_ASM162832v1_genomic_prodigal_proteins	2129	790	70.77	13.88	52.18
GCA_003210475.1_ASM321047v1_genomic_prodigal_proteins	1514	GCA_003209215.1_ASM320921v1_genomic_prodigal_proteins	1679	460	70.11	13.78	30.38
GCA_003210475.1_ASM321047v1_genomic_prodigal_proteins	1514	GCA_002737305.1_ASM273730v1_genomic_prodigal_proteins	1951	613	65.84	13.64	40.49
GCA_003210475.1_ASM321047v1_genomic_prodigal_proteins	1514	GCA_003210515.1_ASM321051v1_genomic_prodigal_proteins	1673	594	68.14	14.32	39.23
GCA_003210475.1_ASM321047v1_genomic_prodigal_proteins	1514	GCA_011525445.1_ASM1152544v1_genomic_prodigal_proteins	3208	806	71.37	13.62	53.24
GCA_003210475.1_ASM321047v1_genomic_prodigal_proteins	1514	GCA_902599435.1_AG-916-N22_genomic_prodigal_proteins	793	274	70.11	14.02	34.55
GCA_003210475.1_ASM321047v1_genomic_prodigal_proteins	1514	GCA_003149585.1_ASM314958v1_genomic_prodigal_proteins	2600	846	66.06	13.80	55.88
GCA_003210475.1_ASM321047v1_genomic_prodigal_proteins	1514	GCA_902560665.1_AG-905-O11_genomic_prodigal_proteins	401	79	68.68	17.78	19.70
GCA_003210475.1_ASM321047v1_genomic_prodigal_proteins	1514	GCA_003331795.1_ASM333179v1_genomic_prodigal_proteins	1948	677	64.51	14.42	44.72
GCA_003210475.1_ASM321047v1_genomic_prodigal_proteins	1514	GCA_002017955.1_ASM201795v1_genomic_prodigal_proteins	512	138	61.19	12.70	26.95
GCA_003210475.1_ASM321047v1_genomic_prodigal_proteins	1514	GCA_902584485.1_AG-912-O23_genomic_prodigal_proteins	535	128	70.24	14.78	23.93
GCA_003210475.1_ASM321047v1_genomic_prodigal_proteins	1514	GCA_902527915.1_AG-896-G19_genomic_prodigal_proteins	1003	267	67.87	14.77	26.62
GCA_003210475.1_ASM321047v1_genomic_prodigal_proteins	1514	GCA_902635365.1_AG-447-D19_genomic_prodigal_proteins	1690	454	68.14	15.04	29.99
GCA_003210475.1_ASM321047v1_genomic_prodigal_proteins	1514	GCA_900474085.1_UW86_genomic_prodigal_proteins	2403	861	70.54	14.01	56.87
GCA_003210475.1_ASM321047v1_genomic_prodigal_proteins	1514	GCA_001885215.1_ASM188521v1_genomic_prodigal_proteins	2897	795	65.23	13.00	52.51
GCA_003210475.1_ASM321047v1_genomic_prodigal_proteins	1514	GCA_902575935.1_AG-426-B22_genomic_prodigal_proteins	254	55	70.90	14.96	21.65
GCA_003210475.1_ASM321047v1_genomic_prodigal_proteins	1514	GCA_900474295.1_UW140_genomic_prodigal_proteins	2925	963	72.15	13.65	63.61
GCA_003210475.1_ASM321047v1_genomic_prodigal_proteins	1514	GCA_003211565.1_ASM321156v1_genomic_prodigal_proteins	1489	410	68.88	14.17	27.54
GCA_003210475.1_ASM321047v1_genomic_prodigal_proteins	1514	GCA_003526105.1_ASM352610v1_genomic_prodigal_proteins	1581	498	70.38	14.33	32.89
GCA_003210475.1_ASM321047v1_genomic_prodigal_proteins	1514	GCA_002172935.1_ASM217293v1_genomic_prodigal_proteins	1996	720	75.70	12.84	47.56
GCA_003210475.1_ASM321047v1_genomic_prodigal_proteins	1514	GCA_003210335.1_ASM321033v1_genomic_prodigal_proteins	942	303	85.92	14.82	32.17
GCA_003210475.1_ASM321047v1_genomic_prodigal_proteins	1514	GCA_009846115.1_ASM984611v1_genomic_prodigal_proteins	2048	499	60.28	12.64	32.96
GCA_003210475.1_ASM321047v1_genomic_prodigal_proteins	1514	GCA_001693295.1_ASM169329v1_genomic_prodigal_proteins	3183	534	52.97	12.77	35.27
GCA_003210475.1_ASM321047v1_genomic_prodigal_proteins	1514	GCA_900473965.1_UW179A_genomic_prodigal_proteins	3383	1174	88.92	11.05	77.54
GCA_003210475.1_ASM321047v1_genomic_prodigal_proteins	1514	GCA_003213755.1_ASM321375v1_genomic_prodigal_proteins	1050	318	63.80	14.34	30.29
GCA_003210475.1_ASM321047v1_genomic_prodigal_proteins	1514	GCA_003209155.1_ASM320915v1_genomic_prodigal_proteins	2305	962	96.78	8.67	63.54
GCA_003210475.1_ASM321047v1_genomic_prodigal_proteins	1514	GCA_003211515.1_ASM321151v1_genomic_prodigal_proteins	2451	651	68.36	14.92	43.00
GCA_003210475.1_ASM321047v1_genomic_prodigal_proteins	1514	GCA_002693285.1_ASM269328v1_genomic_prodigal_proteins	2440	852	79.16	12.36	56.27
GCA_003210475.1_ASM321047v1_genomic_prodigal_proteins	1514	GCA_003210555.1_ASM321055v1_genomic_prodigal_proteins	1847	576	72.22	14.34	38.04
GCA_003210475.1_ASM321047v1_genomic_prodigal_proteins	1514	GCA_000155595.1_ASM15559v1_genomic_prodigal_proteins	5270	554	52.04	12.36	36.59
GCA_003210475.1_ASM321047v1_genomic_prodigal_proteins	1514	GCA_001007665.1_ASM100766v1_genomic_prodigal_proteins	2356	578	60.06	12.68	38.18
GCA_003210475.1_ASM321047v1_genomic_prodigal_proteins	1514	GCA_009919765.1_ASM991976v1_genomic_prodigal_proteins	2524	576	64.55	14.43	38.04
GCA_003210475.1_ASM321047v1_genomic_prodigal_proteins	1514	GCA_003331225.1_ASM333122v1_genomic_prodigal_proteins	2113	707	64.96	14.02	46.70
GCA_003210475.1_ASM321047v1_genomic_prodigal_proteins	1514	GCA_900177825.1_IMG-taxon_2708742468_annotated_assembly_genomic_prodigal_proteins	3317	531	52.94	12.77	35.07
GCA_003210475.1_ASM321047v1_genomic_prodigal_proteins	1514	GCA_000195975.1_ASM19597v1_genomic_prodigal_proteins	2719	863	70.61	13.48	57.00
GCA_003210475.1_ASM321047v1_genomic_prodigal_proteins	1514	GCA_902618885.1_AG-920-D15_genomic_prodigal_proteins	1178	296	68.75	15.46	25.13
GCA_003210475.1_ASM321047v1_genomic_prodigal_proteins	1514	GCA_003209165.1_ASM320916v1_genomic_prodigal_proteins	2711	766	70.28	14.09	50.59
GCA_003210475.1_ASM321047v1_genomic_prodigal_proteins	1514	GCA_001007625.1_ASM100762v1_genomic_prodigal_proteins	2478	503	60.22	13.20	33.22
GCA_003210475.1_ASM321047v1_genomic_prodigal_proteins	1514	GCA_008386235.1_ASM838623v1_genomic_prodigal_proteins	2571	519	52.94	11.89	34.28
GCA_003210475.1_ASM321047v1_genomic_prodigal_proteins	1514	GCA_001631935.1_ASM163193v1_genomic_prodigal_proteins	3526	1174	88.92	10.55	77.54
GCA_003210475.1_ASM321047v1_genomic_prodigal_proteins	1514	GCA_002151525.1_ASM215152v1_genomic_prodigal_proteins	1628	559	63.00	14.10	36.92
GCA_003210475.1_ASM321047v1_genomic_prodigal_proteins	1514	GCA_000153065.1_ASM15306v1_genomic_prodigal_proteins	2704	895	73.67	12.97	59.11
GCA_003210475.1_ASM321047v1_genomic_prodigal_proteins	1514	GCA_009837265.1_ASM983726v1_genomic_prodigal_proteins	2126	535	60.44	12.51	35.34
GCA_003210475.1_ASM321047v1_genomic_prodigal_proteins	1514	GCA_902533725.1_AG-898-C20_genomic_prodigal_proteins	421	101	71.99	13.00	23.99
GCA_003210475.1_ASM321047v1_genomic_prodigal_proteins	1514	GCA_002171075.2_ASM217107v2_genomic_prodigal_proteins	1919	563	63.75	13.82	37.19
GCA_003210475.1_ASM321047v1_genomic_prodigal_proteins	1514	GCA_002760395.1_ASM276039v1_genomic_prodigal_proteins	2661	461	52.24	11.30	30.45
GCA_003210475.1_ASM321047v1_genomic_prodigal_proteins	1514	GCA_003209005.1_ASM320900v1_genomic_prodigal_proteins	2548	1046	93.24	9.20	69.09
GCA_003210475.1_ASM321047v1_genomic_prodigal_proteins	1514	GCA_002017915.1_ASM201791v1_genomic_prodigal_proteins	623	156	61.48	13.00	25.04
GCA_003210475.1_ASM321047v1_genomic_prodigal_proteins	1514	GCA_900047545.1_m9_genomic_prodigal_proteins	1575	449	60.14	12.87	29.66
GCA_003210475.1_ASM321047v1_genomic_prodigal_proteins	1514	GCA_001632105.1_ASM163210v1_genomic_prodigal_proteins	3521	1173	88.86	10.68	77.48
GCA_003210475.1_ASM321047v1_genomic_prodigal_proteins	1514	GCA_004212765.1_ASM421276v1_genomic_prodigal_proteins	1162	414	69.54	14.34	35.63
GCA_003210475.1_ASM321047v1_genomic_prodigal_proteins	1514	GCA_002685515.1_ASM268551v1_genomic_prodigal_proteins	1286	512	89.39	10.69	39.81
GCA_003210475.1_ASM321047v1_genomic_prodigal_proteins	1514	GCA_007828135.1_ASM782813v1_genomic_prodigal_proteins	2917	795	65.22	13.00	52.51
GCA_003210475.1_ASM321047v1_genomic_prodigal_proteins	1514	GCA_011047875.1_ASM1104787v1_genomic_prodigal_proteins	2810	467	52.24	11.39	30.85
GCA_003210475.1_ASM321047v1_genomic_prodigal_proteins	1514	GCA_009840445.1_ASM984044v1_genomic_prodigal_proteins	2167	573	60.29	12.61	37.85
GCA_003210475.1_ASM321047v1_genomic_prodigal_proteins	1514	GCA_003210995.1_ASM321099v1_genomic_prodigal_proteins	2385	992	96.68	9.59	65.52
GCA_003210475.1_ASM321047v1_genomic_prodigal_proteins	1514	GCA_902616995.1_AG-919-L20_genomic_prodigal_proteins	654	163	69.54	14.97	24.92
GCA_003210475.1_ASM321047v1_genomic_prodigal_proteins	1514	GCA_009845825.1_ASM984582v1_genomic_prodigal_proteins	2168	492	60.45	12.50	32.50
GCA_003210475.1_ASM321047v1_genomic_prodigal_proteins	1514	GCA_000515235.1_ASM51523v1_genomic_prodigal_proteins	2873	893	69.74	13.98	58.98
GCA_003210475.1_ASM321047v1_genomic_prodigal_proteins	1514	GCA_003523965.1_ASM352396v1_genomic_prodigal_proteins	1735	397	60.88	13.19	26.22
GCA_003210475.1_ASM321047v1_genomic_prodigal_proteins	1514	GCA_002684175.1_ASM268417v1_genomic_prodigal_proteins	1819	498	67.69	12.84	32.89
GCA_003210475.1_ASM321047v1_genomic_prodigal_proteins	1514	GCA_011523295.1_ASM1152329v1_genomic_prodigal_proteins	2851	716	67.96	14.14	47.29
GCA_003210475.1_ASM321047v1_genomic_prodigal_proteins	1514	GCA_003211015.1_ASM321101v1_genomic_prodigal_proteins	2128	920	93.12	10.02	60.77
GCA_003210475.1_ASM321047v1_genomic_prodigal_proteins	1514	GCA_002006815.1_ASM200681v1_genomic_prodigal_proteins	1973	654	63.11	13.53	43.20
GCA_003208815.1_ASM320881v1_genomic_prodigal_proteins	1352	GCA_000012505.1_ASM1250v1_genomic_prodigal_proteins	2461	878	89.51	10.00	64.94
GCA_003208815.1_ASM320881v1_genomic_prodigal_proteins	1352	GCA_000153825.1_ASM15382v1_genomic_prodigal_proteins	2811	717	70.00	14.02	53.03
GCA_003208815.1_ASM320881v1_genomic_prodigal_proteins	1352	GCA_002760475.1_ASM276047v1_genomic_prodigal_proteins	2647	373	51.23	11.60	27.59
GCA_003208815.1_ASM320881v1_genomic_prodigal_proteins	1352	GCA_003210565.1_ASM321056v1_genomic_prodigal_proteins	836	215	69.47	15.22	25.72
GCA_003208815.1_ASM320881v1_genomic_prodigal_proteins	1352	GCA_902618505.1_AG-892-K03_genomic_prodigal_proteins	959	151	71.70	16.42	15.75
GCA_003208815.1_ASM320881v1_genomic_prodigal_proteins	1352	GCA_005577135.1_ASM557713v1_genomic_prodigal_proteins	3356	418	52.32	12.44	30.92
GCA_003208815.1_ASM320881v1_genomic_prodigal_proteins	1352	GCA_003846445.1_ASM384644v1_genomic_prodigal_proteins	2740	449	54.52	13.03	33.21
GCA_003208815.1_ASM320881v1_genomic_prodigal_proteins	1352	GCA_000505665.1_ASM50566v1_genomic_prodigal_proteins	2466	405	52.96	12.49	29.96
GCA_003208815.1_ASM320881v1_genomic_prodigal_proteins	1352	GCA_902616255.1_AG-919-I18_genomic_prodigal_proteins	1046	237	73.70	15.31	22.66
GCA_003208815.1_ASM320881v1_genomic_prodigal_proteins	1352	GCA_001182765.1_WH8103.1_genomic_prodigal_proteins	2676	752	74.88	13.85	55.62
GCA_003208815.1_ASM320881v1_genomic_prodigal_proteins	1352	GCA_002760375.1_ASM276037v1_genomic_prodigal_proteins	2702	373	51.25	11.59	27.59
GCA_003208815.1_ASM320881v1_genomic_prodigal_proteins	1352	GCA_902592305.1_AG-914-O22_genomic_prodigal_proteins	179	62	75.31	14.49	34.64
GCA_003208815.1_ASM320881v1_genomic_prodigal_proteins	1352	GCA_001632165.1_ASM163216v1_genomic_prodigal_proteins	2830	724	69.28	14.09	53.55
GCA_003208815.1_ASM320881v1_genomic_prodigal_proteins	1352	GCA_004332405.1_ASM433240v1_genomic_prodigal_proteins	2437	685	70.07	14.10	50.67
GCA_003208815.1_ASM320881v1_genomic_prodigal_proteins	1352	GCA_900473975.1_N26_genomic_prodigal_proteins	2454	750	76.01	13.60	55.47
GCA_003208815.1_ASM320881v1_genomic_prodigal_proteins	1352	GCA_902612475.1_AG-918-G20_genomic_prodigal_proteins	502	121	71.30	15.79	24.10
GCA_003208815.1_ASM320881v1_genomic_prodigal_proteins	1352	GCA_000775285.1_ASM77528v1_genomic_prodigal_proteins	4812	364	52.73	12.56	26.92
GCA_003208815.1_ASM320881v1_genomic_prodigal_proteins	1352	GCA_002698505.1_ASM269850v1_genomic_prodigal_proteins	2471	670	69.00	14.03	49.56
GCA_003208815.1_ASM320881v1_genomic_prodigal_proteins	1352	GCA_002252665.1_ASM225266v1_genomic_prodigal_proteins	2771	628	65.84	14.24	46.45
GCA_003208815.1_ASM320881v1_genomic_prodigal_proteins	1352	GCA_003555505.1_ASM355550v1_genomic_prodigal_proteins	3351	307	52.43	12.78	22.71
GCA_003208815.1_ASM320881v1_genomic_prodigal_proteins	1352	GCA_900474015.1_UW106_genomic_prodigal_proteins	2762	805	75.45	13.60	59.54
GCA_003208815.1_ASM320881v1_genomic_prodigal_proteins	1352	GCA_000715475.1_ASM71547v1_genomic_prodigal_proteins	3299	412	52.55	12.31	30.47
GCA_003208815.1_ASM320881v1_genomic_prodigal_proteins	1352	GCA_001628295.1_ASM162829v1_genomic_prodigal_proteins	2145	694	76.88	13.02	51.33
GCA_003208815.1_ASM320881v1_genomic_prodigal_proteins	1352	GCA_003208775.1_ASM320877v1_genomic_prodigal_proteins	1808	440	67.83	14.94	32.54
GCA_003208815.1_ASM320881v1_genomic_prodigal_proteins	1352	GCA_003210975.1_ASM321097v1_genomic_prodigal_proteins	627	208	72.82	14.58	33.17
GCA_003208815.1_ASM320881v1_genomic_prodigal_proteins	1352	GCA_003208915.1_ASM320891v1_genomic_prodigal_proteins	1208	306	72.10	15.50	25.33
GCA_003208815.1_ASM320881v1_genomic_prodigal_proteins	1352	GCA_009837735.1_ASM983773v1_genomic_prodigal_proteins	2041	365	59.83	13.56	27.00
GCA_003208815.1_ASM320881v1_genomic_prodigal_proteins	1352	GCA_902548805.1_AG-901-N20_genomic_prodigal_proteins	158	23	68.64	23.00	14.56
GCA_003208815.1_ASM320881v1_genomic_prodigal_proteins	1352	GCA_003211235.1_ASM321123v1_genomic_prodigal_proteins	1698	382	73.67	14.49	28.25
GCA_003208815.1_ASM320881v1_genomic_prodigal_proteins	1352	GCA_004209775.1_ASM420977v1_genomic_prodigal_proteins	2798	685	70.09	13.71	50.67
GCA_003208815.1_ASM320881v1_genomic_prodigal_proteins	1352	GCA_003283215.1_ASM328321v1_genomic_prodigal_proteins	239	14	73.71	17.07	5.86
GCA_003208815.1_ASM320881v1_genomic_prodigal_proteins	1352	GCA_003209555.1_ASM320955v1_genomic_prodigal_proteins	908	177	64.95	14.53	19.49
GCA_003208815.1_ASM320881v1_genomic_prodigal_proteins	1352	GCA_000153805.1_ASM15380v1_genomic_prodigal_proteins	2517	881	88.80	10.45	65.16
GCA_003208815.1_ASM320881v1_genomic_prodigal_proteins	1352	GCA_003283205.1_ASM328320v1_genomic_prodigal_proteins	274	27	68.49	19.23	9.85
GCA_003208815.1_ASM320881v1_genomic_prodigal_proteins	1352	GCA_900473925.1_N5_genomic_prodigal_proteins	2417	730	76.49	13.10	53.99
GCA_003208815.1_ASM320881v1_genomic_prodigal_proteins	1352	GCA_902592665.1_AG-447-E14_genomic_prodigal_proteins	1111	364	87.26	11.69	32.76
GCA_003208815.1_ASM320881v1_genomic_prodigal_proteins	1352	GCA_011523155.1_ASM1152315v1_genomic_prodigal_proteins	2101	510	68.09	13.83	37.72
GCA_003208815.1_ASM320881v1_genomic_prodigal_proteins	1352	GCA_003211275.1_ASM321127v1_genomic_prodigal_proteins	2168	522	68.29	14.68	38.61
GCA_003208815.1_ASM320881v1_genomic_prodigal_proteins	1352	GCA_003957805.1_ASM395780v1_genomic_prodigal_proteins	2887	450	54.59	13.00	33.28
GCA_003208815.1_ASM320881v1_genomic_prodigal_proteins	1352	GCA_012270465.1_ASM1227046v1_genomic_prodigal_proteins	2311	523	63.48	13.53	38.68
GCA_003208815.1_ASM320881v1_genomic_prodigal_proteins	1352	GCA_001693255.1_ASM169325v1_genomic_prodigal_proteins	3177	423	52.32	12.49	31.29
GCA_003208815.1_ASM320881v1_genomic_prodigal_proteins	1352	GCA_003210385.1_ASM321038v1_genomic_prodigal_proteins	286	74	68.06	16.72	25.87
GCA_003208815.1_ASM320881v1_genomic_prodigal_proteins	1352	GCA_002170705.1_ASM217070v1_genomic_prodigal_proteins	1392	425	73.37	14.52	31.43
GCA_003208815.1_ASM320881v1_genomic_prodigal_proteins	1352	GCA_002356215.1_ASM235621v1_genomic_prodigal_proteins	2953	419	52.29	12.55	30.99
GCA_003208815.1_ASM320881v1_genomic_prodigal_proteins	1352	GCA_003210935.1_ASM321093v1_genomic_prodigal_proteins	1868	483	69.02	14.52	35.72
GCA_003208815.1_ASM320881v1_genomic_prodigal_proteins	1352	GCA_003210535.1_ASM321053v1_genomic_prodigal_proteins	1257	431	93.73	11.41	34.29
GCA_003208815.1_ASM320881v1_genomic_prodigal_proteins	1352	GCA_002724845.1_ASM272484v1_genomic_prodigal_proteins	1589	559	76.00	12.66	41.35
GCA_003208815.1_ASM320881v1_genomic_prodigal_proteins	1352	GCA_000153285.1_ASM15328v1_genomic_prodigal_proteins	2746	722	69.05	14.36	53.40
GCA_003208815.1_ASM320881v1_genomic_prodigal_proteins	1352	GCA_003211035.1_ASM321103v1_genomic_prodigal_proteins	530	152	72.00	14.85	28.68
GCA_003208815.1_ASM320881v1_genomic_prodigal_proteins	1352	GCA_001521855.1_ASM152185v1_genomic_prodigal_proteins	3144	421	52.34	12.50	31.14
GCA_003208815.1_ASM320881v1_genomic_prodigal_proteins	1352	GCA_009835965.1_ASM983596v1_genomic_prodigal_proteins	2105	445	59.89	13.05	32.91
GCA_003208815.1_ASM320881v1_genomic_prodigal_proteins	1352	GCA_012269695.1_ASM1226969v1_genomic_prodigal_proteins	2043	446	63.48	13.90	32.99
GCA_003208815.1_ASM320881v1_genomic_prodigal_proteins	1352	GCA_000737535.1_ASM73753v1_genomic_prodigal_proteins	3013	781	72.95	13.96	57.77
GCA_003208815.1_ASM320881v1_genomic_prodigal_proteins	1352	GCA_000586015.1_SynSpo.0_genomic_prodigal_proteins	1907	361	60.31	14.00	26.70
GCA_003208815.1_ASM320881v1_genomic_prodigal_proteins	1352	GCA_002760345.1_ASM276034v1_genomic_prodigal_proteins	2731	376	51.31	11.61	27.81
GCA_003208815.1_ASM320881v1_genomic_prodigal_proteins	1352	GCA_000013225.1_ASM1322v1_genomic_prodigal_proteins	2844	372	51.59	11.84	27.51
GCA_003208815.1_ASM320881v1_genomic_prodigal_proteins	1352	GCA_000332275.1_ASM33227v1_genomic_prodigal_proteins	4564	404	51.14	11.97	29.88
GCA_003208815.1_ASM320881v1_genomic_prodigal_proteins	1352	GCA_002252675.1_ASM225267v1_genomic_prodigal_proteins	3295	623	65.32	13.77	46.08
GCA_003208815.1_ASM320881v1_genomic_prodigal_proteins	1352	GCA_000737575.1_ASM73757v1_genomic_prodigal_proteins	2662	767	74.22	13.75	56.73
GCA_003208815.1_ASM320881v1_genomic_prodigal_proteins	1352	GCA_902596755.1_AG-916-D19_genomic_prodigal_proteins	1152	302	73.12	14.86	26.22
GCA_003208815.1_ASM320881v1_genomic_prodigal_proteins	1352	GCA_003211455.1_ASM321145v1_genomic_prodigal_proteins	1186	309	73.66	15.04	26.05
GCA_003208815.1_ASM320881v1_genomic_prodigal_proteins	1352	GCA_003208755.1_ASM320875v1_genomic_prodigal_proteins	690	253	86.78	13.18	36.67
GCA_003208815.1_ASM320881v1_genomic_prodigal_proteins	1352	GCA_007571215.1_ASM757121v1_genomic_prodigal_proteins	1879	442	59.48	13.26	32.69
GCA_003208815.1_ASM320881v1_genomic_prodigal_proteins	1352	GCA_001007635.1_ASM100763v1_genomic_prodigal_proteins	2333	414	60.06	13.42	30.62
GCA_003208815.1_ASM320881v1_genomic_prodigal_proteins	1352	GCA_000179255.1_ASM17925v1_genomic_prodigal_proteins	2729	644	66.28	13.78	47.63
GCA_003208815.1_ASM320881v1_genomic_prodigal_proteins	1352	GCA_003208975.1_ASM320897v1_genomic_prodigal_proteins	1804	458	72.71	14.63	33.88
GCA_003208815.1_ASM320881v1_genomic_prodigal_proteins	1352	GCA_012103655.1_ASM1210365v1_genomic_prodigal_proteins	2723	729	69.27	13.88	53.92
GCA_003208815.1_ASM320881v1_genomic_prodigal_proteins	1352	GCA_902582045.1_AG-912-B07_genomic_prodigal_proteins	196	33	70.16	16.29	16.84
GCA_003208815.1_ASM320881v1_genomic_prodigal_proteins	1352	GCA_000153045.1_ASM15304v1_genomic_prodigal_proteins	3242	639	66.40	14.49	47.26
GCA_003208815.1_ASM320881v1_genomic_prodigal_proteins	1352	GCA_902549675.1_AG-903-B09_genomic_prodigal_proteins	836	212	74.79	15.17	25.36
GCA_003208815.1_ASM320881v1_genomic_prodigal_proteins	1352	GCA_002018045.1_ASM201804v1_genomic_prodigal_proteins	1559	360	60.76	13.03	26.63
GCA_003208815.1_ASM320881v1_genomic_prodigal_proteins	1352	GCA_004213055.1_ASM421305v1_genomic_prodigal_proteins	2241	644	69.92	14.21	47.63
GCA_003208815.1_ASM320881v1_genomic_prodigal_proteins	1352	GCA_007571085.1_ASM757108v1_genomic_prodigal_proteins	1784	424	59.53	13.37	31.36
GCA_003208815.1_ASM320881v1_genomic_prodigal_proteins	1352	GCA_009839805.1_ASM983980v1_genomic_prodigal_proteins	1848	282	57.22	12.45	20.86
GCA_003208815.1_ASM320881v1_genomic_prodigal_proteins	1352	GCA_003210375.1_ASM321037v1_genomic_prodigal_proteins	2155	710	94.90	9.03	52.51
GCA_003208815.1_ASM320881v1_genomic_prodigal_proteins	1352	GCA_004332415.1_ASM433241v1_genomic_prodigal_proteins	2408	699	69.97	13.93	51.70
GCA_003208815.1_ASM320881v1_genomic_prodigal_proteins	1352	GCA_009836025.1_ASM983602v1_genomic_prodigal_proteins	2290	443	59.61	13.47	32.77
GCA_003208815.1_ASM320881v1_genomic_prodigal_proteins	1352	GCA_009843455.1_ASM984345v1_genomic_prodigal_proteins	2423	426	59.52	13.35	31.51
GCA_003208815.1_ASM320881v1_genomic_prodigal_proteins	1352	GCA_009843485.1_ASM984348v1_genomic_prodigal_proteins	2158	450	59.80	13.26	33.28
GCA_003208815.1_ASM320881v1_genomic_prodigal_proteins	1352	GCA_003283135.1_ASM328313v1_genomic_prodigal_proteins	459	67	67.31	17.13	14.60
GCA_003208815.1_ASM320881v1_genomic_prodigal_proteins	1352	GCA_902635485.1_AG-447-G23_genomic_prodigal_proteins	327	89	72.07	16.50	27.22
GCA_003208815.1_ASM320881v1_genomic_prodigal_proteins	1352	GCA_002760415.1_ASM276041v1_genomic_prodigal_proteins	2670	372	51.20	11.58	27.51
GCA_003208815.1_ASM320881v1_genomic_prodigal_proteins	1352	GCA_002754935.1_ASM275493v1_genomic_prodigal_proteins	2664	393	52.88	12.10	29.07
GCA_003208815.1_ASM320881v1_genomic_prodigal_proteins	1352	GCA_002171685.2_ASM217168v2_genomic_prodigal_proteins	811	258	68.00	14.74	31.81
GCA_003208815.1_ASM320881v1_genomic_prodigal_proteins	1352	GCA_000737595.1_ASM73759v1_genomic_prodigal_proteins	2774	775	75.21	13.51	57.32
GCA_003208815.1_ASM320881v1_genomic_prodigal_proteins	1352	GCA_003331785.1_ASM333178v1_genomic_prodigal_proteins	2125	676	69.54	14.18	50.00
GCA_003208815.1_ASM320881v1_genomic_prodigal_proteins	1352	GCA_009842265.1_ASM984226v1_genomic_prodigal_proteins	2398	440	59.63	13.35	32.54
GCA_003208815.1_ASM320881v1_genomic_prodigal_proteins	1352	GCA_902579345.1_AG-911-L15_genomic_prodigal_proteins	248	32	65.86	17.25	12.90
GCA_003208815.1_ASM320881v1_genomic_prodigal_proteins	1352	GCA_000011345.1_ASM1134v1_genomic_prodigal_proteins	2520	409	52.78	12.49	30.25
GCA_003208815.1_ASM320881v1_genomic_prodigal_proteins	1352	GCA_003210705.1_ASM321070v1_genomic_prodigal_proteins	2244	545	68.28	14.65	40.31
GCA_003208815.1_ASM320881v1_genomic_prodigal_proteins	1352	GCA_000019485.1_ASM1948v1_genomic_prodigal_proteins	3233	420	52.32	12.52	31.07
GCA_003208815.1_ASM320881v1_genomic_prodigal_proteins	1352	GCA_003283055.1_ASM328305v1_genomic_prodigal_proteins	482	40	63.93	17.06	8.30
GCA_003208815.1_ASM320881v1_genomic_prodigal_proteins	1352	GCA_000010065.1_ASM1006v1_genomic_prodigal_proteins	2691	443	54.62	12.84	32.77
GCA_003208815.1_ASM320881v1_genomic_prodigal_proteins	1352	GCA_000316685.1_ASM31668v1_genomic_prodigal_proteins	3706	416	52.19	12.40	30.77
GCA_003208815.1_ASM320881v1_genomic_prodigal_proteins	1352	GCA_000063525.1_ASM6352v1_genomic_prodigal_proteins	2540	644	64.49	14.35	47.63
GCA_003208815.1_ASM320881v1_genomic_prodigal_proteins	1352	GCA_003283165.1_ASM328316v1_genomic_prodigal_proteins	217	27	68.75	18.41	12.44
GCA_003208815.1_ASM320881v1_genomic_prodigal_proteins	1352	GCA_902540675.1_AG-359-E22_genomic_prodigal_proteins	584	127	71.55	16.34	21.75
GCA_003208815.1_ASM320881v1_genomic_prodigal_proteins	1352	GCA_011055065.1_ASM1105506v1_genomic_prodigal_proteins	2792	359	51.41	11.77	26.55
GCA_003208815.1_ASM320881v1_genomic_prodigal_proteins	1352	GCA_000013205.1_ASM1320v1_genomic_prodigal_proteins	2750	376	51.41	11.58	27.81
GCA_003208815.1_ASM320881v1_genomic_prodigal_proteins	1352	GCA_003539795.1_ASM353979v1_genomic_prodigal_proteins	2284	590	73.65	13.53	43.64
GCA_003208815.1_ASM320881v1_genomic_prodigal_proteins	1352	GCA_002171995.1_ASM217199v1_genomic_prodigal_proteins	1978	441	69.14	14.29	32.62
GCA_003208815.1_ASM320881v1_genomic_prodigal_proteins	1352	GCA_011523835.1_ASM1152383v1_genomic_prodigal_proteins	2468	643	69.25	14.06	47.56
GCA_003208815.1_ASM320881v1_genomic_prodigal_proteins	1352	GCA_002172175.1_ASM217217v1_genomic_prodigal_proteins	1846	406	63.32	13.93	30.03
GCA_003208815.1_ASM320881v1_genomic_prodigal_proteins	1352	GCA_003208835.1_ASM320883v1_genomic_prodigal_proteins	2208	711	94.78	9.98	52.59
GCA_003208815.1_ASM320881v1_genomic_prodigal_proteins	1352	GCA_902589915.1_AG-914-F20_genomic_prodigal_proteins	373	55	70.78	15.91	14.75
GCA_003208815.1_ASM320881v1_genomic_prodigal_proteins	1352	GCA_000485815.1_ASM48581v1_genomic_prodigal_proteins	3083	412	52.44	12.52	30.47
GCA_003208815.1_ASM320881v1_genomic_prodigal_proteins	1352	GCA_008807075.1_ASM880707v1_genomic_prodigal_proteins	2925	636	64.35	13.64	47.04
GCA_003208815.1_ASM320881v1_genomic_prodigal_proteins	1352	GCA_000179235.2_ASM17923v2_genomic_prodigal_proteins	3071	646	66.13	13.71	47.78
GCA_003208815.1_ASM320881v1_genomic_prodigal_proteins	1352	GCA_003210795.1_ASM321079v1_genomic_prodigal_proteins	2239	595	74.18	14.15	44.01
GCA_003208815.1_ASM320881v1_genomic_prodigal_proteins	1352	GCA_002706715.1_ASM270671v1_genomic_prodigal_proteins	1148	380	73.89	14.48	33.10
GCA_003208815.1_ASM320881v1_genomic_prodigal_proteins	1352	GCA_003331245.1_ASM333124v1_genomic_prodigal_proteins	2021	629	73.79	14.15	46.52
GCA_003208815.1_ASM320881v1_genomic_prodigal_proteins	1352	GCA_009843385.1_ASM984338v1_genomic_prodigal_proteins	2085	373	59.82	13.32	27.59
GCA_003208815.1_ASM320881v1_genomic_prodigal_proteins	1352	GCA_003211205.1_ASM321120v1_genomic_prodigal_proteins	2288	580	68.80	14.52	42.90
GCA_003208815.1_ASM320881v1_genomic_prodigal_proteins	1352	GCA_000063505.1_ASM6350v1_genomic_prodigal_proteins	2558	699	68.80	14.56	51.70
GCA_003208815.1_ASM320881v1_genomic_prodigal_proteins	1352	GCA_900474245.1_UW179B_genomic_prodigal_proteins	2743	740	69.27	14.15	54.73
GCA_003208815.1_ASM320881v1_genomic_prodigal_proteins	1352	GCA_003210345.1_ASM321034v1_genomic_prodigal_proteins	1256	439	95.59	11.31	34.95
GCA_003208815.1_ASM320881v1_genomic_prodigal_proteins	1352	GCA_003210315.1_ASM321031v1_genomic_prodigal_proteins	1815	478	68.75	14.58	35.36
GCA_003208815.1_ASM320881v1_genomic_prodigal_proteins	1352	GCA_009836155.1_ASM983615v1_genomic_prodigal_proteins	1947	423	59.84	13.61	31.29
GCA_003208815.1_ASM320881v1_genomic_prodigal_proteins	1352	GCA_003990665.2_ASM399066v2_genomic_prodigal_proteins	2499	409	52.88	12.42	30.25
GCA_003208815.1_ASM320881v1_genomic_prodigal_proteins	1352	GCA_003209135.1_ASM320913v1_genomic_prodigal_proteins	1719	454	72.05	14.26	33.58
GCA_003208815.1_ASM320881v1_genomic_prodigal_proteins	1352	GCA_009845105.1_ASM984510v1_genomic_prodigal_proteins	1941	361	58.18	13.99	26.70
GCA_003208815.1_ASM320881v1_genomic_prodigal_proteins	1352	GCA_002690325.1_ASM269032v1_genomic_prodigal_proteins	2554	746	72.71	13.92	55.18
GCA_003208815.1_ASM320881v1_genomic_prodigal_proteins	1352	GCA_000161795.2_ASM16179v2_genomic_prodigal_proteins	2407	752	76.09	13.41	55.62
GCA_003208815.1_ASM320881v1_genomic_prodigal_proteins	1352	GCA_004211895.1_ASM421189v1_genomic_prodigal_proteins	954	322	76.31	13.19	33.75
GCA_003208815.1_ASM320881v1_genomic_prodigal_proteins	1352	GCA_003210735.1_ASM321073v1_genomic_prodigal_proteins	2337	607	73.49	14.56	44.90
GCA_003208815.1_ASM320881v1_genomic_prodigal_proteins	1352	GCA_003209035.1_ASM320903v1_genomic_prodigal_proteins	1803	474	72.94	14.67	35.06
GCA_003208815.1_ASM320881v1_genomic_prodigal_proteins	1352	GCA_003712085.1_ASM371208v1_genomic_prodigal_proteins	2745	766	74.91	13.61	56.66
GCA_003208815.1_ASM320881v1_genomic_prodigal_proteins	1352	GCA_003212155.1_ASM321215v1_genomic_prodigal_proteins	262	56	59.42	16.14	21.37
GCA_003208815.1_ASM320881v1_genomic_prodigal_proteins	1352	GCA_001040845.1_ASM104084v1_genomic_prodigal_proteins	2917	732	69.07	14.16	54.14
GCA_003208815.1_ASM320881v1_genomic_prodigal_proteins	1352	GCA_002018015.1_ASM201801v1_genomic_prodigal_proteins	1578	350	60.67	13.51	25.89
GCA_003208815.1_ASM320881v1_genomic_prodigal_proteins	1352	GCA_003211255.1_ASM321125v1_genomic_prodigal_proteins	1850	440	73.07	14.00	32.54
GCA_003208815.1_ASM320881v1_genomic_prodigal_proteins	1352	GCA_002721235.1_ASM272123v1_genomic_prodigal_proteins	3119	419	52.36	12.52	30.99
GCA_003208815.1_ASM320881v1_genomic_prodigal_proteins	1352	GCA_009839305.1_ASM983930v1_genomic_prodigal_proteins	1816	331	60.10	13.65	24.48
GCA_003208815.1_ASM320881v1_genomic_prodigal_proteins	1352	GCA_011365345.1_ASM1136534v1_genomic_prodigal_proteins	2655	807	75.59	13.45	59.69
GCA_003208815.1_ASM320881v1_genomic_prodigal_proteins	1352	GCA_001039265.1_ASM103926v1_genomic_prodigal_proteins	2832	465	66.45	13.79	34.39
GCA_003208815.1_ASM320881v1_genomic_prodigal_proteins	1352	GCA_001628325.1_ASM162832v1_genomic_prodigal_proteins	2129	678	76.31	13.53	50.15
GCA_003208815.1_ASM320881v1_genomic_prodigal_proteins	1352	GCA_003209215.1_ASM320921v1_genomic_prodigal_proteins	1679	419	73.71	14.31	30.99
GCA_003208815.1_ASM320881v1_genomic_prodigal_proteins	1352	GCA_002737305.1_ASM273730v1_genomic_prodigal_proteins	1951	496	65.23	13.99	36.69
GCA_003208815.1_ASM320881v1_genomic_prodigal_proteins	1352	GCA_003210515.1_ASM321051v1_genomic_prodigal_proteins	1673	587	88.38	11.70	43.42
GCA_003208815.1_ASM320881v1_genomic_prodigal_proteins	1352	GCA_011525445.1_ASM1152544v1_genomic_prodigal_proteins	3208	610	67.54	14.27	45.12
GCA_003208815.1_ASM320881v1_genomic_prodigal_proteins	1352	GCA_902599435.1_AG-916-N22_genomic_prodigal_proteins	793	220	75.98	14.55	27.74
GCA_003208815.1_ASM320881v1_genomic_prodigal_proteins	1352	GCA_003149585.1_ASM314958v1_genomic_prodigal_proteins	2600	652	66.08	13.86	48.22
GCA_003208815.1_ASM320881v1_genomic_prodigal_proteins	1352	GCA_902560665.1_AG-905-O11_genomic_prodigal_proteins	401	82	72.99	14.77	20.45
GCA_003208815.1_ASM320881v1_genomic_prodigal_proteins	1352	GCA_003331795.1_ASM333179v1_genomic_prodigal_proteins	1948	514	64.27	14.29	38.02
GCA_003208815.1_ASM320881v1_genomic_prodigal_proteins	1352	GCA_002017955.1_ASM201795v1_genomic_prodigal_proteins	512	91	62.25	13.46	17.77
GCA_003208815.1_ASM320881v1_genomic_prodigal_proteins	1352	GCA_902584485.1_AG-912-O23_genomic_prodigal_proteins	535	104	70.35	18.46	19.44
GCA_003208815.1_ASM320881v1_genomic_prodigal_proteins	1352	GCA_902527915.1_AG-896-G19_genomic_prodigal_proteins	1003	306	72.85	15.42	30.51
GCA_003208815.1_ASM320881v1_genomic_prodigal_proteins	1352	GCA_902635365.1_AG-447-D19_genomic_prodigal_proteins	1690	494	87.12	12.93	36.54
GCA_003208815.1_ASM320881v1_genomic_prodigal_proteins	1352	GCA_900474085.1_UW86_genomic_prodigal_proteins	2403	749	76.28	13.27	55.40
GCA_003208815.1_ASM320881v1_genomic_prodigal_proteins	1352	GCA_001885215.1_ASM188521v1_genomic_prodigal_proteins	2897	629	64.81	13.30	46.52
GCA_003208815.1_ASM320881v1_genomic_prodigal_proteins	1352	GCA_902575935.1_AG-426-B22_genomic_prodigal_proteins	254	64	73.92	17.18	25.20
GCA_003208815.1_ASM320881v1_genomic_prodigal_proteins	1352	GCA_900474295.1_UW140_genomic_prodigal_proteins	2925	725	69.50	14.14	53.62
GCA_003208815.1_ASM320881v1_genomic_prodigal_proteins	1352	GCA_003211565.1_ASM321156v1_genomic_prodigal_proteins	1489	396	73.51	14.51	29.29
GCA_003208815.1_ASM320881v1_genomic_prodigal_proteins	1352	GCA_003526105.1_ASM352610v1_genomic_prodigal_proteins	1581	409	76.58	13.81	30.25
GCA_003208815.1_ASM320881v1_genomic_prodigal_proteins	1352	GCA_002172935.1_ASM217293v1_genomic_prodigal_proteins	1996	556	68.26	14.35	41.12
GCA_003208815.1_ASM320881v1_genomic_prodigal_proteins	1352	GCA_003210335.1_ASM321033v1_genomic_prodigal_proteins	942	169	66.26	14.42	17.94
GCA_003208815.1_ASM320881v1_genomic_prodigal_proteins	1352	GCA_009846115.1_ASM984611v1_genomic_prodigal_proteins	2048	401	59.45	13.31	29.66
GCA_003208815.1_ASM320881v1_genomic_prodigal_proteins	1352	GCA_001693295.1_ASM169329v1_genomic_prodigal_proteins	3183	421	52.32	12.48	31.14
GCA_003208815.1_ASM320881v1_genomic_prodigal_proteins	1352	GCA_900473965.1_UW179A_genomic_prodigal_proteins	3383	739	68.83	14.28	54.66
GCA_003208815.1_ASM320881v1_genomic_prodigal_proteins	1352	GCA_003213755.1_ASM321375v1_genomic_prodigal_proteins	1050	219	62.25	14.93	20.86
GCA_003208815.1_ASM320881v1_genomic_prodigal_proteins	1352	GCA_003209155.1_ASM320915v1_genomic_prodigal_proteins	2305	580	68.94	14.35	42.90
GCA_003208815.1_ASM320881v1_genomic_prodigal_proteins	1352	GCA_003211515.1_ASM321151v1_genomic_prodigal_proteins	2451	520	72.95	14.51	38.46
GCA_003208815.1_ASM320881v1_genomic_prodigal_proteins	1352	GCA_002693285.1_ASM269328v1_genomic_prodigal_proteins	2440	634	68.73	14.01	46.89
GCA_003208815.1_ASM320881v1_genomic_prodigal_proteins	1352	GCA_003210555.1_ASM321055v1_genomic_prodigal_proteins	1847	443	68.56	14.32	32.77
GCA_003208815.1_ASM320881v1_genomic_prodigal_proteins	1352	GCA_000155595.1_ASM15559v1_genomic_prodigal_proteins	5270	425	52.04	12.55	31.43
GCA_003208815.1_ASM320881v1_genomic_prodigal_proteins	1352	GCA_001007665.1_ASM100766v1_genomic_prodigal_proteins	2356	466	59.27	13.42	34.47
GCA_003208815.1_ASM320881v1_genomic_prodigal_proteins	1352	GCA_009919765.1_ASM991976v1_genomic_prodigal_proteins	2524	440	64.00	13.94	32.54
GCA_003208815.1_ASM320881v1_genomic_prodigal_proteins	1352	GCA_003331225.1_ASM333122v1_genomic_prodigal_proteins	2113	556	64.35	14.14	41.12
GCA_003208815.1_ASM320881v1_genomic_prodigal_proteins	1352	GCA_900177825.1_IMG-taxon_2708742468_annotated_assembly_genomic_prodigal_proteins	3317	414	52.37	12.59	30.62
GCA_003208815.1_ASM320881v1_genomic_prodigal_proteins	1352	GCA_000195975.1_ASM19597v1_genomic_prodigal_proteins	2719	760	75.05	13.75	56.21
GCA_003208815.1_ASM320881v1_genomic_prodigal_proteins	1352	GCA_902618885.1_AG-920-D15_genomic_prodigal_proteins	1178	285	71.86	15.86	24.19
GCA_003208815.1_ASM320881v1_genomic_prodigal_proteins	1352	GCA_003209165.1_ASM320916v1_genomic_prodigal_proteins	2711	669	75.04	13.80	49.48
GCA_003208815.1_ASM320881v1_genomic_prodigal_proteins	1352	GCA_001007625.1_ASM100762v1_genomic_prodigal_proteins	2478	394	59.99	13.67	29.14
GCA_003208815.1_ASM320881v1_genomic_prodigal_proteins	1352	GCA_008386235.1_ASM838623v1_genomic_prodigal_proteins	2571	409	52.32	12.57	30.25
GCA_003208815.1_ASM320881v1_genomic_prodigal_proteins	1352	GCA_001631935.1_ASM163193v1_genomic_prodigal_proteins	3526	742	68.93	14.42	54.88
GCA_003208815.1_ASM320881v1_genomic_prodigal_proteins	1352	GCA_002151525.1_ASM215152v1_genomic_prodigal_proteins	1628	438	62.85	14.51	32.40
GCA_003208815.1_ASM320881v1_genomic_prodigal_proteins	1352	GCA_000153065.1_ASM15306v1_genomic_prodigal_proteins	2704	684	70.01	13.81	50.59
GCA_003208815.1_ASM320881v1_genomic_prodigal_proteins	1352	GCA_009837265.1_ASM983726v1_genomic_prodigal_proteins	2126	421	59.51	13.09	31.14
GCA_003208815.1_ASM320881v1_genomic_prodigal_proteins	1352	GCA_902533725.1_AG-898-C20_genomic_prodigal_proteins	421	83	72.84	14.54	19.71
GCA_003208815.1_ASM320881v1_genomic_prodigal_proteins	1352	GCA_002171075.2_ASM217107v2_genomic_prodigal_proteins	1919	469	61.93	13.85	34.69
GCA_003208815.1_ASM320881v1_genomic_prodigal_proteins	1352	GCA_002760395.1_ASM276039v1_genomic_prodigal_proteins	2661	368	51.24	11.60	27.22
GCA_003208815.1_ASM320881v1_genomic_prodigal_proteins	1352	GCA_003209005.1_ASM320900v1_genomic_prodigal_proteins	2548	644	68.94	14.31	47.63
GCA_003208815.1_ASM320881v1_genomic_prodigal_proteins	1352	GCA_002017915.1_ASM201791v1_genomic_prodigal_proteins	623	124	62.99	13.56	19.90
GCA_003208815.1_ASM320881v1_genomic_prodigal_proteins	1352	GCA_900047545.1_m9_genomic_prodigal_proteins	1575	342	59.20	13.30	25.30
GCA_003208815.1_ASM320881v1_genomic_prodigal_proteins	1352	GCA_001632105.1_ASM163210v1_genomic_prodigal_proteins	3521	742	68.91	14.37	54.88
GCA_003208815.1_ASM320881v1_genomic_prodigal_proteins	1352	GCA_004212765.1_ASM421276v1_genomic_prodigal_proteins	1162	383	75.18	13.79	32.96
GCA_003208815.1_ASM320881v1_genomic_prodigal_proteins	1352	GCA_002685515.1_ASM268551v1_genomic_prodigal_proteins	1286	440	67.66	14.44	34.21
GCA_003208815.1_ASM320881v1_genomic_prodigal_proteins	1352	GCA_007828135.1_ASM782813v1_genomic_prodigal_proteins	2917	630	64.86	13.35	46.60
GCA_003208815.1_ASM320881v1_genomic_prodigal_proteins	1352	GCA_011047875.1_ASM1104787v1_genomic_prodigal_proteins	2810	367	51.55	11.76	27.14
GCA_003208815.1_ASM320881v1_genomic_prodigal_proteins	1352	GCA_009840445.1_ASM984044v1_genomic_prodigal_proteins	2167	462	59.80	13.18	34.17
GCA_003208815.1_ASM320881v1_genomic_prodigal_proteins	1352	GCA_003210995.1_ASM321099v1_genomic_prodigal_proteins	2385	553	68.38	14.99	40.90
GCA_003208815.1_ASM320881v1_genomic_prodigal_proteins	1352	GCA_902616995.1_AG-919-L20_genomic_prodigal_proteins	654	167	71.38	16.03	25.54
GCA_003208815.1_ASM320881v1_genomic_prodigal_proteins	1352	GCA_009845825.1_ASM984582v1_genomic_prodigal_proteins	2168	366	60.25	12.89	27.07
GCA_003208815.1_ASM320881v1_genomic_prodigal_proteins	1352	GCA_000515235.1_ASM51523v1_genomic_prodigal_proteins	2873	774	73.35	13.74	57.25
GCA_003208815.1_ASM320881v1_genomic_prodigal_proteins	1352	GCA_003523965.1_ASM352396v1_genomic_prodigal_proteins	1735	298	61.46	13.08	22.04
GCA_003208815.1_ASM320881v1_genomic_prodigal_proteins	1352	GCA_002684175.1_ASM268417v1_genomic_prodigal_proteins	1819	478	72.47	12.54	35.36
GCA_003208815.1_ASM320881v1_genomic_prodigal_proteins	1352	GCA_011523295.1_ASM1152329v1_genomic_prodigal_proteins	2851	669	72.15	14.42	49.48
GCA_003208815.1_ASM320881v1_genomic_prodigal_proteins	1352	GCA_003211015.1_ASM321101v1_genomic_prodigal_proteins	2128	583	68.95	14.70	43.12
GCA_003208815.1_ASM320881v1_genomic_prodigal_proteins	1352	GCA_002006815.1_ASM200681v1_genomic_prodigal_proteins	1973	550	63.30	14.09	40.68
GCA_902612475.1_AG-918-G20_genomic_prodigal_proteins	502	GCA_000775285.1_ASM77528v1_genomic_prodigal_proteins	4812	123	52.03	11.88	24.50
GCA_902612475.1_AG-918-G20_genomic_prodigal_proteins	502	GCA_002698505.1_ASM269850v1_genomic_prodigal_proteins	2471	203	69.54	15.07	40.44
GCA_902612475.1_AG-918-G20_genomic_prodigal_proteins	502	GCA_002252665.1_ASM225266v1_genomic_prodigal_proteins	2771	199	66.13	14.13	39.64
GCA_902612475.1_AG-918-G20_genomic_prodigal_proteins	502	GCA_003555505.1_ASM355550v1_genomic_prodigal_proteins	3351	99	53.24	12.28	19.72
GCA_902612475.1_AG-918-G20_genomic_prodigal_proteins	502	GCA_900474015.1_UW106_genomic_prodigal_proteins	2762	267	75.27	14.82	53.19
GCA_902612475.1_AG-918-G20_genomic_prodigal_proteins	502	GCA_000715475.1_ASM71547v1_genomic_prodigal_proteins	3299	123	51.88	12.44	24.50
GCA_902612475.1_AG-918-G20_genomic_prodigal_proteins	502	GCA_001628295.1_ASM162829v1_genomic_prodigal_proteins	2145	221	75.79	14.50	44.02
GCA_902612475.1_AG-918-G20_genomic_prodigal_proteins	502	GCA_003208775.1_ASM320877v1_genomic_prodigal_proteins	1808	152	67.20	14.60	30.28
GCA_902612475.1_AG-918-G20_genomic_prodigal_proteins	502	GCA_003210975.1_ASM321097v1_genomic_prodigal_proteins	627	65	72.46	16.47	12.95
GCA_902612475.1_AG-918-G20_genomic_prodigal_proteins	502	GCA_003208915.1_ASM320891v1_genomic_prodigal_proteins	1208	131	75.99	15.09	26.10
GCA_902612475.1_AG-918-G20_genomic_prodigal_proteins	502	GCA_009837735.1_ASM983773v1_genomic_prodigal_proteins	2041	114	59.42	12.64	22.71
GCA_902612475.1_AG-918-G20_genomic_prodigal_proteins	502	GCA_902548805.1_AG-901-N20_genomic_prodigal_proteins	158	19	89.32	10.88	12.03
GCA_902612475.1_AG-918-G20_genomic_prodigal_proteins	502	GCA_003211235.1_ASM321123v1_genomic_prodigal_proteins	1698	157	75.34	14.78	31.27
GCA_902612475.1_AG-918-G20_genomic_prodigal_proteins	502	GCA_004209775.1_ASM420977v1_genomic_prodigal_proteins	2798	197	70.52	14.07	39.24
GCA_902612475.1_AG-918-G20_genomic_prodigal_proteins	502	GCA_003283215.1_ASM328321v1_genomic_prodigal_proteins	239	16	76.25	11.81	6.69
GCA_902612475.1_AG-918-G20_genomic_prodigal_proteins	502	GCA_003209555.1_ASM320955v1_genomic_prodigal_proteins	908	79	64.72	15.95	15.74
GCA_902612475.1_AG-918-G20_genomic_prodigal_proteins	502	GCA_000153805.1_ASM15380v1_genomic_prodigal_proteins	2517	243	73.65	14.65	48.41
GCA_902612475.1_AG-918-G20_genomic_prodigal_proteins	502	GCA_003283205.1_ASM328320v1_genomic_prodigal_proteins	274	14	69.91	16.84	5.11
GCA_902612475.1_AG-918-G20_genomic_prodigal_proteins	502	GCA_900473925.1_N5_genomic_prodigal_proteins	2417	245	75.53	14.45	48.80
GCA_902612475.1_AG-918-G20_genomic_prodigal_proteins	502	GCA_902592665.1_AG-447-E14_genomic_prodigal_proteins	1111	108	69.13	16.71	21.51
GCA_902612475.1_AG-918-G20_genomic_prodigal_proteins	502	GCA_011523155.1_ASM1152315v1_genomic_prodigal_proteins	2101	153	67.89	14.45	30.48
GCA_902612475.1_AG-918-G20_genomic_prodigal_proteins	502	GCA_003211275.1_ASM321127v1_genomic_prodigal_proteins	2168	179	68.33	14.44	35.66
GCA_902612475.1_AG-918-G20_genomic_prodigal_proteins	502	GCA_003957805.1_ASM395780v1_genomic_prodigal_proteins	2887	137	55.52	13.01	27.29
GCA_902612475.1_AG-918-G20_genomic_prodigal_proteins	502	GCA_012270465.1_ASM1227046v1_genomic_prodigal_proteins	2311	182	63.18	14.32	36.25
GCA_902612475.1_AG-918-G20_genomic_prodigal_proteins	502	GCA_001693255.1_ASM169325v1_genomic_prodigal_proteins	3177	128	51.93	11.98	25.50
GCA_902612475.1_AG-918-G20_genomic_prodigal_proteins	502	GCA_003210385.1_ASM321038v1_genomic_prodigal_proteins	286	20	69.28	13.01	6.99
GCA_902612475.1_AG-918-G20_genomic_prodigal_proteins	502	GCA_002170705.1_ASM217070v1_genomic_prodigal_proteins	1392	123	72.47	18.52	24.50
GCA_902612475.1_AG-918-G20_genomic_prodigal_proteins	502	GCA_002356215.1_ASM235621v1_genomic_prodigal_proteins	2953	123	52.42	12.30	24.50
GCA_902612475.1_AG-918-G20_genomic_prodigal_proteins	502	GCA_003210935.1_ASM321093v1_genomic_prodigal_proteins	1868	151	69.80	15.68	30.08
GCA_902612475.1_AG-918-G20_genomic_prodigal_proteins	502	GCA_003210535.1_ASM321053v1_genomic_prodigal_proteins	1257	92	67.86	16.50	18.33
GCA_902612475.1_AG-918-G20_genomic_prodigal_proteins	502	GCA_002724845.1_ASM272484v1_genomic_prodigal_proteins	1589	169	75.06	14.63	33.67
GCA_902612475.1_AG-918-G20_genomic_prodigal_proteins	502	GCA_000153285.1_ASM15328v1_genomic_prodigal_proteins	2746	226	68.78	14.79	45.02
GCA_902612475.1_AG-918-G20_genomic_prodigal_proteins	502	GCA_003211035.1_ASM321103v1_genomic_prodigal_proteins	530	72	76.32	14.28	14.34
GCA_902612475.1_AG-918-G20_genomic_prodigal_proteins	502	GCA_001521855.1_ASM152185v1_genomic_prodigal_proteins	3144	128	51.78	12.05	25.50
GCA_902612475.1_AG-918-G20_genomic_prodigal_proteins	502	GCA_009835965.1_ASM983596v1_genomic_prodigal_proteins	2105	144	60.91	12.26	28.69
GCA_902612475.1_AG-918-G20_genomic_prodigal_proteins	502	GCA_012269695.1_ASM1226969v1_genomic_prodigal_proteins	2043	149	64.03	13.62	29.68
GCA_902612475.1_AG-918-G20_genomic_prodigal_proteins	502	GCA_000737535.1_ASM73753v1_genomic_prodigal_proteins	3013	248	72.66	15.00	49.40
GCA_902612475.1_AG-918-G20_genomic_prodigal_proteins	502	GCA_000586015.1_SynSpo.0_genomic_prodigal_proteins	1907	119	60.21	11.95	23.71
GCA_902612475.1_AG-918-G20_genomic_prodigal_proteins	502	GCA_002760345.1_ASM276034v1_genomic_prodigal_proteins	2731	108	50.45	11.03	21.51
GCA_902612475.1_AG-918-G20_genomic_prodigal_proteins	502	GCA_000013225.1_ASM1322v1_genomic_prodigal_proteins	2844	108	50.76	11.28	21.51
GCA_902612475.1_AG-918-G20_genomic_prodigal_proteins	502	GCA_000332275.1_ASM33227v1_genomic_prodigal_proteins	4564	123	51.34	11.81	24.50
GCA_902612475.1_AG-918-G20_genomic_prodigal_proteins	502	GCA_002252675.1_ASM225267v1_genomic_prodigal_proteins	3295	180	64.81	14.24	35.86
GCA_902612475.1_AG-918-G20_genomic_prodigal_proteins	502	GCA_000737575.1_ASM73757v1_genomic_prodigal_proteins	2662	263	74.29	14.95	52.39
GCA_902612475.1_AG-918-G20_genomic_prodigal_proteins	502	GCA_902596755.1_AG-916-D19_genomic_prodigal_proteins	1152	183	91.72	14.75	36.45
GCA_902612475.1_AG-918-G20_genomic_prodigal_proteins	502	GCA_003211455.1_ASM321145v1_genomic_prodigal_proteins	1186	119	70.71	17.58	23.71
GCA_902612475.1_AG-918-G20_genomic_prodigal_proteins	502	GCA_003208755.1_ASM320875v1_genomic_prodigal_proteins	690	56	65.67	17.30	11.16
GCA_902612475.1_AG-918-G20_genomic_prodigal_proteins	502	GCA_007571215.1_ASM757121v1_genomic_prodigal_proteins	1879	144	59.54	12.35	28.69
GCA_902612475.1_AG-918-G20_genomic_prodigal_proteins	502	GCA_001007635.1_ASM100763v1_genomic_prodigal_proteins	2333	123	60.72	12.29	24.50
GCA_902612475.1_AG-918-G20_genomic_prodigal_proteins	502	GCA_000179255.1_ASM17925v1_genomic_prodigal_proteins	2729	210	65.01	14.15	41.83
GCA_902612475.1_AG-918-G20_genomic_prodigal_proteins	502	GCA_003208975.1_ASM320897v1_genomic_prodigal_proteins	1804	176	73.89	15.39	35.06
GCA_902612475.1_AG-918-G20_genomic_prodigal_proteins	502	GCA_012103655.1_ASM1210365v1_genomic_prodigal_proteins	2723	231	68.10	14.54	46.02
GCA_902612475.1_AG-918-G20_genomic_prodigal_proteins	502	GCA_902582045.1_AG-912-B07_genomic_prodigal_proteins	196	42	96.20	5.24	21.43
GCA_902612475.1_AG-918-G20_genomic_prodigal_proteins	502	GCA_000153045.1_ASM15304v1_genomic_prodigal_proteins	3242	191	65.33	14.00	38.05
GCA_902612475.1_AG-918-G20_genomic_prodigal_proteins	502	GCA_902549675.1_AG-903-B09_genomic_prodigal_proteins	836	132	86.51	17.08	26.29
GCA_902612475.1_AG-918-G20_genomic_prodigal_proteins	502	GCA_002018045.1_ASM201804v1_genomic_prodigal_proteins	1559	106	60.71	12.60	21.12
GCA_902612475.1_AG-918-G20_genomic_prodigal_proteins	502	GCA_004213055.1_ASM421305v1_genomic_prodigal_proteins	2241	190	70.20	14.61	37.85
GCA_902612475.1_AG-918-G20_genomic_prodigal_proteins	502	GCA_007571085.1_ASM757108v1_genomic_prodigal_proteins	1784	142	59.39	12.59	28.29
GCA_902612475.1_AG-918-G20_genomic_prodigal_proteins	502	GCA_009839805.1_ASM983980v1_genomic_prodigal_proteins	1848	95	58.21	12.47	18.92
GCA_902612475.1_AG-918-G20_genomic_prodigal_proteins	502	GCA_003210375.1_ASM321037v1_genomic_prodigal_proteins	2155	202	72.04	14.93	40.24
GCA_902612475.1_AG-918-G20_genomic_prodigal_proteins	502	GCA_004332415.1_ASM433241v1_genomic_prodigal_proteins	2408	215	70.26	14.16	42.83
GCA_902612475.1_AG-918-G20_genomic_prodigal_proteins	502	GCA_009836025.1_ASM983602v1_genomic_prodigal_proteins	2290	143	60.19	12.52	28.49
GCA_902612475.1_AG-918-G20_genomic_prodigal_proteins	502	GCA_009843455.1_ASM984345v1_genomic_prodigal_proteins	2423	148	60.26	12.26	29.48
GCA_902612475.1_AG-918-G20_genomic_prodigal_proteins	502	GCA_009843485.1_ASM984348v1_genomic_prodigal_proteins	2158	147	60.67	12.41	29.28
GCA_902612475.1_AG-918-G20_genomic_prodigal_proteins	502	GCA_003283135.1_ASM328313v1_genomic_prodigal_proteins	459	15	55.83	15.67	3.27
GCA_902612475.1_AG-918-G20_genomic_prodigal_proteins	502	GCA_902635485.1_AG-447-G23_genomic_prodigal_proteins	327	43	71.77	16.21	13.15
GCA_902612475.1_AG-918-G20_genomic_prodigal_proteins	502	GCA_002760415.1_ASM276041v1_genomic_prodigal_proteins	2670	108	50.25	11.19	21.51
GCA_902612475.1_AG-918-G20_genomic_prodigal_proteins	502	GCA_002754935.1_ASM275493v1_genomic_prodigal_proteins	2664	119	51.63	11.68	23.71
GCA_902612475.1_AG-918-G20_genomic_prodigal_proteins	502	GCA_002171685.2_ASM217168v2_genomic_prodigal_proteins	811	100	69.20	12.56	19.92
GCA_902612475.1_AG-918-G20_genomic_prodigal_proteins	502	GCA_000737595.1_ASM73759v1_genomic_prodigal_proteins	2774	259	75.60	14.26	51.59
GCA_902612475.1_AG-918-G20_genomic_prodigal_proteins	502	GCA_003331785.1_ASM333178v1_genomic_prodigal_proteins	2125	205	69.46	13.68	40.84
GCA_902612475.1_AG-918-G20_genomic_prodigal_proteins	502	GCA_009842265.1_ASM984226v1_genomic_prodigal_proteins	2398	150	59.91	12.25	29.88
GCA_902612475.1_AG-918-G20_genomic_prodigal_proteins	502	GCA_902579345.1_AG-911-L15_genomic_prodigal_proteins	248	61	91.45	13.83	24.60
GCA_902612475.1_AG-918-G20_genomic_prodigal_proteins	502	GCA_000011345.1_ASM1134v1_genomic_prodigal_proteins	2520	120	52.78	11.78	23.90
GCA_902612475.1_AG-918-G20_genomic_prodigal_proteins	502	GCA_003210705.1_ASM321070v1_genomic_prodigal_proteins	2244	201	67.81	14.60	40.04
GCA_902612475.1_AG-918-G20_genomic_prodigal_proteins	502	GCA_000019485.1_ASM1948v1_genomic_prodigal_proteins	3233	130	51.52	12.18	25.90
GCA_902612475.1_AG-918-G20_genomic_prodigal_proteins	502	GCA_003283055.1_ASM328305v1_genomic_prodigal_proteins	482	18	65.53	11.74	3.73
GCA_902612475.1_AG-918-G20_genomic_prodigal_proteins	502	GCA_000010065.1_ASM1006v1_genomic_prodigal_proteins	2691	137	55.69	12.89	27.29
GCA_902612475.1_AG-918-G20_genomic_prodigal_proteins	502	GCA_000316685.1_ASM31668v1_genomic_prodigal_proteins	3706	114	52.95	11.53	22.71
GCA_902612475.1_AG-918-G20_genomic_prodigal_proteins	502	GCA_000063525.1_ASM6352v1_genomic_prodigal_proteins	2540	214	64.13	14.28	42.63
GCA_902612475.1_AG-918-G20_genomic_prodigal_proteins	502	GCA_003283165.1_ASM328316v1_genomic_prodigal_proteins	217	16	70.46	16.48	7.37
GCA_902612475.1_AG-918-G20_genomic_prodigal_proteins	502	GCA_902540675.1_AG-359-E22_genomic_prodigal_proteins	584	69	88.98	17.86	13.75
GCA_902612475.1_AG-918-G20_genomic_prodigal_proteins	502	GCA_011055065.1_ASM1105506v1_genomic_prodigal_proteins	2792	104	51.02	11.20	20.72
GCA_902612475.1_AG-918-G20_genomic_prodigal_proteins	502	GCA_000013205.1_ASM1320v1_genomic_prodigal_proteins	2750	108	50.39	11.04	21.51
GCA_902612475.1_AG-918-G20_genomic_prodigal_proteins	502	GCA_003539795.1_ASM353979v1_genomic_prodigal_proteins	2284	190	73.67	15.80	37.85
GCA_902612475.1_AG-918-G20_genomic_prodigal_proteins	502	GCA_002171995.1_ASM217199v1_genomic_prodigal_proteins	1978	156	69.26	14.74	31.08
GCA_902612475.1_AG-918-G20_genomic_prodigal_proteins	502	GCA_011523835.1_ASM1152383v1_genomic_prodigal_proteins	2468	198	69.97	15.06	39.44
GCA_902612475.1_AG-918-G20_genomic_prodigal_proteins	502	GCA_002172175.1_ASM217217v1_genomic_prodigal_proteins	1846	154	62.73	14.46	30.68
GCA_902612475.1_AG-918-G20_genomic_prodigal_proteins	502	GCA_003208835.1_ASM320883v1_genomic_prodigal_proteins	2208	188	73.07	15.19	37.45
GCA_902612475.1_AG-918-G20_genomic_prodigal_proteins	502	GCA_902589915.1_AG-914-F20_genomic_prodigal_proteins	373	83	88.24	14.86	22.25
GCA_902612475.1_AG-918-G20_genomic_prodigal_proteins	502	GCA_000485815.1_ASM48581v1_genomic_prodigal_proteins	3083	120	52.68	12.25	23.90
GCA_902612475.1_AG-918-G20_genomic_prodigal_proteins	502	GCA_008807075.1_ASM880707v1_genomic_prodigal_proteins	2925	190	64.72	14.02	37.85
GCA_902612475.1_AG-918-G20_genomic_prodigal_proteins	502	GCA_000179235.2_ASM17923v2_genomic_prodigal_proteins	3071	191	65.92	13.61	38.05
GCA_902612475.1_AG-918-G20_genomic_prodigal_proteins	502	GCA_003210795.1_ASM321079v1_genomic_prodigal_proteins	2239	223	76.79	12.95	44.42
GCA_902612475.1_AG-918-G20_genomic_prodigal_proteins	502	GCA_002706715.1_ASM270671v1_genomic_prodigal_proteins	1148	136	74.95	15.98	27.09
GCA_902612475.1_AG-918-G20_genomic_prodigal_proteins	502	GCA_003331245.1_ASM333124v1_genomic_prodigal_proteins	2021	206	74.44	15.19	41.04
GCA_902612475.1_AG-918-G20_genomic_prodigal_proteins	502	GCA_009843385.1_ASM984338v1_genomic_prodigal_proteins	2085	128	59.75	13.01	25.50
GCA_902612475.1_AG-918-G20_genomic_prodigal_proteins	502	GCA_003211205.1_ASM321120v1_genomic_prodigal_proteins	2288	187	68.98	14.65	37.25
GCA_902612475.1_AG-918-G20_genomic_prodigal_proteins	502	GCA_000063505.1_ASM6350v1_genomic_prodigal_proteins	2558	222	70.28	14.39	44.22
GCA_902612475.1_AG-918-G20_genomic_prodigal_proteins	502	GCA_900474245.1_UW179B_genomic_prodigal_proteins	2743	227	68.29	14.35	45.22
GCA_902612475.1_AG-918-G20_genomic_prodigal_proteins	502	GCA_003210345.1_ASM321034v1_genomic_prodigal_proteins	1256	113	70.65	16.62	22.51
GCA_902612475.1_AG-918-G20_genomic_prodigal_proteins	502	GCA_003210315.1_ASM321031v1_genomic_prodigal_proteins	1815	177	67.00	14.89	35.26
GCA_902612475.1_AG-918-G20_genomic_prodigal_proteins	502	GCA_009836155.1_ASM983615v1_genomic_prodigal_proteins	1947	147	59.74	12.50	29.28
GCA_902612475.1_AG-918-G20_genomic_prodigal_proteins	502	GCA_003990665.2_ASM399066v2_genomic_prodigal_proteins	2499	120	52.81	11.82	23.90
GCA_902612475.1_AG-918-G20_genomic_prodigal_proteins	502	GCA_003209135.1_ASM320913v1_genomic_prodigal_proteins	1719	182	71.40	15.90	36.25
GCA_902612475.1_AG-918-G20_genomic_prodigal_proteins	502	GCA_009845105.1_ASM984510v1_genomic_prodigal_proteins	1941	125	58.94	12.73	24.90
GCA_902612475.1_AG-918-G20_genomic_prodigal_proteins	502	GCA_002690325.1_ASM269032v1_genomic_prodigal_proteins	2554	234	71.79	15.01	46.61
GCA_902612475.1_AG-918-G20_genomic_prodigal_proteins	502	GCA_000161795.2_ASM16179v2_genomic_prodigal_proteins	2407	247	76.74	13.71	49.20
GCA_902612475.1_AG-918-G20_genomic_prodigal_proteins	502	GCA_004211895.1_ASM421189v1_genomic_prodigal_proteins	954	87	73.91	17.12	17.33
GCA_902612475.1_AG-918-G20_genomic_prodigal_proteins	502	GCA_003210735.1_ASM321073v1_genomic_prodigal_proteins	2337	243	75.57	13.69	48.41
GCA_902612475.1_AG-918-G20_genomic_prodigal_proteins	502	GCA_003209035.1_ASM320903v1_genomic_prodigal_proteins	1803	187	75.55	14.86	37.25
GCA_902612475.1_AG-918-G20_genomic_prodigal_proteins	502	GCA_003712085.1_ASM371208v1_genomic_prodigal_proteins	2745	330	95.52	8.75	65.74
GCA_902612475.1_AG-918-G20_genomic_prodigal_proteins	502	GCA_003212155.1_ASM321215v1_genomic_prodigal_proteins	262	45	66.23	16.28	17.18
GCA_902612475.1_AG-918-G20_genomic_prodigal_proteins	502	GCA_001040845.1_ASM104084v1_genomic_prodigal_proteins	2917	231	68.67	13.96	46.02
GCA_902612475.1_AG-918-G20_genomic_prodigal_proteins	502	GCA_002018015.1_ASM201801v1_genomic_prodigal_proteins	1578	105	60.15	12.23	20.92
GCA_902612475.1_AG-918-G20_genomic_prodigal_proteins	502	GCA_003211255.1_ASM321125v1_genomic_prodigal_proteins	1850	188	74.13	15.58	37.45
GCA_902612475.1_AG-918-G20_genomic_prodigal_proteins	502	GCA_002721235.1_ASM272123v1_genomic_prodigal_proteins	3119	128	51.80	12.11	25.50
GCA_902612475.1_AG-918-G20_genomic_prodigal_proteins	502	GCA_009839305.1_ASM983930v1_genomic_prodigal_proteins	1816	107	59.40	12.21	21.31
GCA_902612475.1_AG-918-G20_genomic_prodigal_proteins	502	GCA_011365345.1_ASM1136534v1_genomic_prodigal_proteins	2655	261	75.97	14.41	51.99
GCA_902612475.1_AG-918-G20_genomic_prodigal_proteins	502	GCA_001039265.1_ASM103926v1_genomic_prodigal_proteins	2832	141	65.61	14.95	28.09
GCA_902612475.1_AG-918-G20_genomic_prodigal_proteins	502	GCA_001628325.1_ASM162832v1_genomic_prodigal_proteins	2129	210	76.75	14.04	41.83
GCA_902612475.1_AG-918-G20_genomic_prodigal_proteins	502	GCA_003209215.1_ASM320921v1_genomic_prodigal_proteins	1679	164	75.62	15.06	32.67
GCA_902612475.1_AG-918-G20_genomic_prodigal_proteins	502	GCA_002737305.1_ASM273730v1_genomic_prodigal_proteins	1951	130	66.30	13.57	25.90
GCA_902612475.1_AG-918-G20_genomic_prodigal_proteins	502	GCA_003210515.1_ASM321051v1_genomic_prodigal_proteins	1673	143	70.87	15.53	28.49
GCA_902612475.1_AG-918-G20_genomic_prodigal_proteins	502	GCA_011525445.1_ASM1152544v1_genomic_prodigal_proteins	3208	197	67.69	15.50	39.24
GCA_902612475.1_AG-918-G20_genomic_prodigal_proteins	502	GCA_902599435.1_AG-916-N22_genomic_prodigal_proteins	793	83	85.68	19.79	16.53
GCA_902612475.1_AG-918-G20_genomic_prodigal_proteins	502	GCA_003149585.1_ASM314958v1_genomic_prodigal_proteins	2600	196	65.52	13.53	39.04
GCA_902612475.1_AG-918-G20_genomic_prodigal_proteins	502	GCA_902560665.1_AG-905-O11_genomic_prodigal_proteins	401	70	93.23	9.23	17.46
GCA_902612475.1_AG-918-G20_genomic_prodigal_proteins	502	GCA_003331795.1_ASM333179v1_genomic_prodigal_proteins	1948	190	63.71	14.79	37.85
GCA_902612475.1_AG-918-G20_genomic_prodigal_proteins	502	GCA_002017955.1_ASM201795v1_genomic_prodigal_proteins	512	33	63.19	12.19	6.57
GCA_902612475.1_AG-918-G20_genomic_prodigal_proteins	502	GCA_902584485.1_AG-912-O23_genomic_prodigal_proteins	535	101	91.36	15.27	20.12
GCA_902612475.1_AG-918-G20_genomic_prodigal_proteins	502	GCA_902527915.1_AG-896-G19_genomic_prodigal_proteins	1003	143	91.40	13.10	28.49
GCA_902612475.1_AG-918-G20_genomic_prodigal_proteins	502	GCA_902635365.1_AG-447-D19_genomic_prodigal_proteins	1690	159	71.46	16.03	31.67
GCA_902612475.1_AG-918-G20_genomic_prodigal_proteins	502	GCA_900474085.1_UW86_genomic_prodigal_proteins	2403	254	75.66	14.43	50.60
GCA_902612475.1_AG-918-G20_genomic_prodigal_proteins	502	GCA_001885215.1_ASM188521v1_genomic_prodigal_proteins	2897	190	64.48	13.61	37.85
GCA_902612475.1_AG-918-G20_genomic_prodigal_proteins	502	GCA_902575935.1_AG-426-B22_genomic_prodigal_proteins	254	42	69.87	16.97	16.54
GCA_902612475.1_AG-918-G20_genomic_prodigal_proteins	502	GCA_900474295.1_UW140_genomic_prodigal_proteins	2925	239	69.97	14.27	47.61
GCA_902612475.1_AG-918-G20_genomic_prodigal_proteins	502	GCA_003211565.1_ASM321156v1_genomic_prodigal_proteins	1489	131	74.86	15.68	26.10
GCA_902612475.1_AG-918-G20_genomic_prodigal_proteins	502	GCA_003526105.1_ASM352610v1_genomic_prodigal_proteins	1581	136	76.19	14.99	27.09
GCA_902612475.1_AG-918-G20_genomic_prodigal_proteins	502	GCA_002172935.1_ASM217293v1_genomic_prodigal_proteins	1996	145	67.98	14.76	28.88
GCA_902612475.1_AG-918-G20_genomic_prodigal_proteins	502	GCA_003210335.1_ASM321033v1_genomic_prodigal_proteins	942	63	64.61	14.65	12.55
GCA_902612475.1_AG-918-G20_genomic_prodigal_proteins	502	GCA_009846115.1_ASM984611v1_genomic_prodigal_proteins	2048	130	60.13	13.30	25.90
GCA_902612475.1_AG-918-G20_genomic_prodigal_proteins	502	GCA_001693295.1_ASM169329v1_genomic_prodigal_proteins	3183	128	51.84	12.05	25.50
GCA_902612475.1_AG-918-G20_genomic_prodigal_proteins	502	GCA_900473965.1_UW179A_genomic_prodigal_proteins	3383	242	68.76	13.93	48.21
GCA_902612475.1_AG-918-G20_genomic_prodigal_proteins	502	GCA_003213755.1_ASM321375v1_genomic_prodigal_proteins	1050	87	63.65	15.39	17.33
GCA_902612475.1_AG-918-G20_genomic_prodigal_proteins	502	GCA_003209155.1_ASM320915v1_genomic_prodigal_proteins	2305	206	69.84	13.83	41.04
GCA_902612475.1_AG-918-G20_genomic_prodigal_proteins	502	GCA_003211515.1_ASM321151v1_genomic_prodigal_proteins	2451	202	72.42	14.80	40.24
GCA_902612475.1_AG-918-G20_genomic_prodigal_proteins	502	GCA_002693285.1_ASM269328v1_genomic_prodigal_proteins	2440	211	69.76	14.02	42.03
GCA_902612475.1_AG-918-G20_genomic_prodigal_proteins	502	GCA_003210555.1_ASM321055v1_genomic_prodigal_proteins	1847	143	66.42	15.18	28.49
GCA_902612475.1_AG-918-G20_genomic_prodigal_proteins	502	GCA_000155595.1_ASM15559v1_genomic_prodigal_proteins	5270	131	52.91	11.82	26.10
GCA_902612475.1_AG-918-G20_genomic_prodigal_proteins	502	GCA_001007665.1_ASM100766v1_genomic_prodigal_proteins	2356	149	60.40	12.28	29.68
GCA_902612475.1_AG-918-G20_genomic_prodigal_proteins	502	GCA_009919765.1_ASM991976v1_genomic_prodigal_proteins	2524	152	62.48	15.65	30.28
GCA_902612475.1_AG-918-G20_genomic_prodigal_proteins	502	GCA_003331225.1_ASM333122v1_genomic_prodigal_proteins	2113	193	65.41	14.20	38.45
GCA_902612475.1_AG-918-G20_genomic_prodigal_proteins	502	GCA_900177825.1_IMG-taxon_2708742468_annotated_assembly_genomic_prodigal_proteins	3317	128	51.56	12.25	25.50
GCA_902612475.1_AG-918-G20_genomic_prodigal_proteins	502	GCA_000195975.1_ASM19597v1_genomic_prodigal_proteins	2719	328	95.70	8.84	65.34
GCA_902612475.1_AG-918-G20_genomic_prodigal_proteins	502	GCA_902618885.1_AG-920-D15_genomic_prodigal_proteins	1178	126	91.83	15.52	25.10
GCA_902612475.1_AG-918-G20_genomic_prodigal_proteins	502	GCA_003209165.1_ASM320916v1_genomic_prodigal_proteins	2711	222	75.27	14.95	44.22
GCA_902612475.1_AG-918-G20_genomic_prodigal_proteins	502	GCA_001007625.1_ASM100762v1_genomic_prodigal_proteins	2478	134	60.16	12.56	26.69
GCA_902612475.1_AG-918-G20_genomic_prodigal_proteins	502	GCA_008386235.1_ASM838623v1_genomic_prodigal_proteins	2571	125	52.03	12.00	24.90
GCA_902612475.1_AG-918-G20_genomic_prodigal_proteins	502	GCA_001631935.1_ASM163193v1_genomic_prodigal_proteins	3526	234	68.99	14.15	46.61
GCA_902612475.1_AG-918-G20_genomic_prodigal_proteins	502	GCA_002151525.1_ASM215152v1_genomic_prodigal_proteins	1628	131	62.52	14.61	26.10
GCA_902612475.1_AG-918-G20_genomic_prodigal_proteins	502	GCA_000153065.1_ASM15306v1_genomic_prodigal_proteins	2704	195	70.52	13.82	38.84
GCA_902612475.1_AG-918-G20_genomic_prodigal_proteins	502	GCA_009837265.1_ASM983726v1_genomic_prodigal_proteins	2126	141	60.43	12.47	28.09
GCA_902612475.1_AG-918-G20_genomic_prodigal_proteins	502	GCA_902533725.1_AG-898-C20_genomic_prodigal_proteins	421	42	73.53	15.15	9.98
GCA_902612475.1_AG-918-G20_genomic_prodigal_proteins	502	GCA_002171075.2_ASM217107v2_genomic_prodigal_proteins	1919	152	63.32	14.24	30.28
GCA_902612475.1_AG-918-G20_genomic_prodigal_proteins	502	GCA_002760395.1_ASM276039v1_genomic_prodigal_proteins	2661	108	50.35	11.17	21.51
GCA_902612475.1_AG-918-G20_genomic_prodigal_proteins	502	GCA_003209005.1_ASM320900v1_genomic_prodigal_proteins	2548	217	68.73	14.04	43.23
GCA_902612475.1_AG-918-G20_genomic_prodigal_proteins	502	GCA_002017915.1_ASM201791v1_genomic_prodigal_proteins	623	30	58.39	14.09	5.98
GCA_902612475.1_AG-918-G20_genomic_prodigal_proteins	502	GCA_900047545.1_m9_genomic_prodigal_proteins	1575	116	60.29	12.30	23.11
GCA_902612475.1_AG-918-G20_genomic_prodigal_proteins	502	GCA_001632105.1_ASM163210v1_genomic_prodigal_proteins	3521	233	69.29	14.01	46.41
GCA_902612475.1_AG-918-G20_genomic_prodigal_proteins	502	GCA_004212765.1_ASM421276v1_genomic_prodigal_proteins	1162	128	86.47	14.74	25.50
GCA_902612475.1_AG-918-G20_genomic_prodigal_proteins	502	GCA_002685515.1_ASM268551v1_genomic_prodigal_proteins	1286	121	67.49	14.72	24.10
GCA_902612475.1_AG-918-G20_genomic_prodigal_proteins	502	GCA_007828135.1_ASM782813v1_genomic_prodigal_proteins	2917	189	64.56	13.60	37.65
GCA_902612475.1_AG-918-G20_genomic_prodigal_proteins	502	GCA_011047875.1_ASM1104787v1_genomic_prodigal_proteins	2810	107	50.94	11.07	21.31
GCA_902612475.1_AG-918-G20_genomic_prodigal_proteins	502	GCA_009840445.1_ASM984044v1_genomic_prodigal_proteins	2167	148	60.73	12.46	29.48
GCA_902612475.1_AG-918-G20_genomic_prodigal_proteins	502	GCA_003210995.1_ASM321099v1_genomic_prodigal_proteins	2385	198	68.89	14.34	39.44
GCA_902612475.1_AG-918-G20_genomic_prodigal_proteins	502	GCA_902616995.1_AG-919-L20_genomic_prodigal_proteins	654	109	91.15	13.49	21.71
GCA_902612475.1_AG-918-G20_genomic_prodigal_proteins	502	GCA_009845825.1_ASM984582v1_genomic_prodigal_proteins	2168	126	59.41	12.61	25.10
GCA_902612475.1_AG-918-G20_genomic_prodigal_proteins	502	GCA_000515235.1_ASM51523v1_genomic_prodigal_proteins	2873	263	71.55	15.29	52.39
GCA_902612475.1_AG-918-G20_genomic_prodigal_proteins	502	GCA_003523965.1_ASM352396v1_genomic_prodigal_proteins	1735	112	60.91	13.37	22.31
GCA_902612475.1_AG-918-G20_genomic_prodigal_proteins	502	GCA_002684175.1_ASM268417v1_genomic_prodigal_proteins	1819	152	71.86	13.30	30.28
GCA_902612475.1_AG-918-G20_genomic_prodigal_proteins	502	GCA_011523295.1_ASM1152329v1_genomic_prodigal_proteins	2851	193	70.37	15.86	38.45
GCA_902612475.1_AG-918-G20_genomic_prodigal_proteins	502	GCA_003211015.1_ASM321101v1_genomic_prodigal_proteins	2128	174	67.35	14.70	34.66
GCA_902612475.1_AG-918-G20_genomic_prodigal_proteins	502	GCA_002006815.1_ASM200681v1_genomic_prodigal_proteins	1973	168	63.38	13.70	33.47
GCA_902618505.1_AG-892-K03_genomic_prodigal_proteins	959	GCA_005577135.1_ASM557713v1_genomic_prodigal_proteins	3356	255	54.80	13.72	26.59
GCA_902618505.1_AG-892-K03_genomic_prodigal_proteins	959	GCA_003846445.1_ASM384644v1_genomic_prodigal_proteins	2740	266	57.36	14.13	27.74
GCA_902618505.1_AG-892-K03_genomic_prodigal_proteins	959	GCA_000505665.1_ASM50566v1_genomic_prodigal_proteins	2466	235	54.65	13.27	24.50
GCA_902618505.1_AG-892-K03_genomic_prodigal_proteins	959	GCA_902616255.1_AG-919-I18_genomic_prodigal_proteins	1046	161	71.57	16.11	16.79
GCA_902618505.1_AG-892-K03_genomic_prodigal_proteins	959	GCA_001182765.1_WH8103.1_genomic_prodigal_proteins	2676	557	88.40	11.30	58.08
GCA_902618505.1_AG-892-K03_genomic_prodigal_proteins	959	GCA_002760375.1_ASM276037v1_genomic_prodigal_proteins	2702	210	54.64	12.86	21.90
GCA_902618505.1_AG-892-K03_genomic_prodigal_proteins	959	GCA_902592305.1_AG-914-O22_genomic_prodigal_proteins	179	24	86.58	17.69	13.41
GCA_902618505.1_AG-892-K03_genomic_prodigal_proteins	959	GCA_001632165.1_ASM163216v1_genomic_prodigal_proteins	2830	439	70.13	15.36	45.78
GCA_902618505.1_AG-892-K03_genomic_prodigal_proteins	959	GCA_004332405.1_ASM433240v1_genomic_prodigal_proteins	2437	395	71.55	15.40	41.19
GCA_902618505.1_AG-892-K03_genomic_prodigal_proteins	959	GCA_900473975.1_N26_genomic_prodigal_proteins	2454	451	77.93	14.88	47.03
GCA_902618505.1_AG-892-K03_genomic_prodigal_proteins	959	GCA_902612475.1_AG-918-G20_genomic_prodigal_proteins	502	128	84.89	14.52	25.50
GCA_902618505.1_AG-892-K03_genomic_prodigal_proteins	959	GCA_000775285.1_ASM77528v1_genomic_prodigal_proteins	4812	243	54.41	14.14	25.34
GCA_902618505.1_AG-892-K03_genomic_prodigal_proteins	959	GCA_002698505.1_ASM269850v1_genomic_prodigal_proteins	2471	374	72.05	14.11	39.00
GCA_902618505.1_AG-892-K03_genomic_prodigal_proteins	959	GCA_002252665.1_ASM225266v1_genomic_prodigal_proteins	2771	371	67.90	15.23	38.69
GCA_902618505.1_AG-892-K03_genomic_prodigal_proteins	959	GCA_003555505.1_ASM355550v1_genomic_prodigal_proteins	3351	182	54.62	14.10	18.98
GCA_902618505.1_AG-892-K03_genomic_prodigal_proteins	959	GCA_900474015.1_UW106_genomic_prodigal_proteins	2762	456	77.83	14.53	47.55
GCA_902618505.1_AG-892-K03_genomic_prodigal_proteins	959	GCA_000715475.1_ASM71547v1_genomic_prodigal_proteins	3299	253	54.90	13.73	26.38
GCA_902618505.1_AG-892-K03_genomic_prodigal_proteins	959	GCA_001628295.1_ASM162829v1_genomic_prodigal_proteins	2145	391	78.18	14.39	40.77
GCA_902618505.1_AG-892-K03_genomic_prodigal_proteins	959	GCA_003208775.1_ASM320877v1_genomic_prodigal_proteins	1808	261	68.30	16.09	27.22
GCA_902618505.1_AG-892-K03_genomic_prodigal_proteins	959	GCA_003210975.1_ASM321097v1_genomic_prodigal_proteins	627	188	77.03	14.64	29.98
GCA_902618505.1_AG-892-K03_genomic_prodigal_proteins	959	GCA_003208915.1_ASM320891v1_genomic_prodigal_proteins	1208	214	76.52	15.74	22.31
GCA_902618505.1_AG-892-K03_genomic_prodigal_proteins	959	GCA_009837735.1_ASM983773v1_genomic_prodigal_proteins	2041	234	61.67	13.35	24.40
GCA_902618505.1_AG-892-K03_genomic_prodigal_proteins	959	GCA_902548805.1_AG-901-N20_genomic_prodigal_proteins	158	43	85.43	15.05	27.22
GCA_902618505.1_AG-892-K03_genomic_prodigal_proteins	959	GCA_003211235.1_ASM321123v1_genomic_prodigal_proteins	1698	272	76.66	15.48	28.36
GCA_902618505.1_AG-892-K03_genomic_prodigal_proteins	959	GCA_004209775.1_ASM420977v1_genomic_prodigal_proteins	2798	384	71.73	14.94	40.04
GCA_902618505.1_AG-892-K03_genomic_prodigal_proteins	959	GCA_003283215.1_ASM328321v1_genomic_prodigal_proteins	239	9	66.09	13.36	3.77
GCA_902618505.1_AG-892-K03_genomic_prodigal_proteins	959	GCA_003209555.1_ASM320955v1_genomic_prodigal_proteins	908	156	64.15	15.19	17.18
GCA_902618505.1_AG-892-K03_genomic_prodigal_proteins	959	GCA_000153805.1_ASM15380v1_genomic_prodigal_proteins	2517	441	75.51	14.55	45.99
GCA_902618505.1_AG-892-K03_genomic_prodigal_proteins	959	GCA_003283205.1_ASM328320v1_genomic_prodigal_proteins	274	14	56.11	14.40	5.11
GCA_902618505.1_AG-892-K03_genomic_prodigal_proteins	959	GCA_900473925.1_N5_genomic_prodigal_proteins	2417	451	78.13	14.39	47.03
GCA_902618505.1_AG-892-K03_genomic_prodigal_proteins	959	GCA_902592665.1_AG-447-E14_genomic_prodigal_proteins	1111	148	71.97	15.73	15.43
GCA_902618505.1_AG-892-K03_genomic_prodigal_proteins	959	GCA_011523155.1_ASM1152315v1_genomic_prodigal_proteins	2101	242	69.30	14.47	25.23
GCA_902618505.1_AG-892-K03_genomic_prodigal_proteins	959	GCA_003211275.1_ASM321127v1_genomic_prodigal_proteins	2168	255	68.17	15.84	26.59
GCA_902618505.1_AG-892-K03_genomic_prodigal_proteins	959	GCA_003957805.1_ASM395780v1_genomic_prodigal_proteins	2887	280	57.79	14.16	29.20
GCA_902618505.1_AG-892-K03_genomic_prodigal_proteins	959	GCA_012270465.1_ASM1227046v1_genomic_prodigal_proteins	2311	315	66.25	14.75	32.85
GCA_902618505.1_AG-892-K03_genomic_prodigal_proteins	959	GCA_001693255.1_ASM169325v1_genomic_prodigal_proteins	3177	249	54.50	13.75	25.96
GCA_902618505.1_AG-892-K03_genomic_prodigal_proteins	959	GCA_003210385.1_ASM321038v1_genomic_prodigal_proteins	286	39	66.96	15.96	13.64
GCA_902618505.1_AG-892-K03_genomic_prodigal_proteins	959	GCA_002170705.1_ASM217070v1_genomic_prodigal_proteins	1392	276	76.77	14.48	28.78
GCA_902618505.1_AG-892-K03_genomic_prodigal_proteins	959	GCA_002356215.1_ASM235621v1_genomic_prodigal_proteins	2953	256	54.84	13.67	26.69
GCA_902618505.1_AG-892-K03_genomic_prodigal_proteins	959	GCA_003210935.1_ASM321093v1_genomic_prodigal_proteins	1868	245	71.35	16.68	25.55
GCA_902618505.1_AG-892-K03_genomic_prodigal_proteins	959	GCA_003210535.1_ASM321053v1_genomic_prodigal_proteins	1257	191	72.40	14.35	19.92
GCA_902618505.1_AG-892-K03_genomic_prodigal_proteins	959	GCA_002724845.1_ASM272484v1_genomic_prodigal_proteins	1589	309	78.28	14.46	32.22
GCA_902618505.1_AG-892-K03_genomic_prodigal_proteins	959	GCA_000153285.1_ASM15328v1_genomic_prodigal_proteins	2746	415	71.71	15.23	43.27
GCA_902618505.1_AG-892-K03_genomic_prodigal_proteins	959	GCA_003211035.1_ASM321103v1_genomic_prodigal_proteins	530	88	76.68	17.01	16.60
GCA_902618505.1_AG-892-K03_genomic_prodigal_proteins	959	GCA_001521855.1_ASM152185v1_genomic_prodigal_proteins	3144	257	54.92	13.59	26.80
GCA_902618505.1_AG-892-K03_genomic_prodigal_proteins	959	GCA_009835965.1_ASM983596v1_genomic_prodigal_proteins	2105	290	61.47	13.87	30.24
GCA_902618505.1_AG-892-K03_genomic_prodigal_proteins	959	GCA_012269695.1_ASM1226969v1_genomic_prodigal_proteins	2043	245	67.20	15.04	25.55
GCA_902618505.1_AG-892-K03_genomic_prodigal_proteins	959	GCA_000737535.1_ASM73753v1_genomic_prodigal_proteins	3013	447	74.99	14.84	46.61
GCA_902618505.1_AG-892-K03_genomic_prodigal_proteins	959	GCA_000586015.1_SynSpo.0_genomic_prodigal_proteins	1907	224	63.96	13.09	23.36
GCA_902618505.1_AG-892-K03_genomic_prodigal_proteins	959	GCA_002760345.1_ASM276034v1_genomic_prodigal_proteins	2731	211	54.68	12.80	22.00
GCA_902618505.1_AG-892-K03_genomic_prodigal_proteins	959	GCA_000013225.1_ASM1322v1_genomic_prodigal_proteins	2844	217	54.67	12.68	22.63
GCA_902618505.1_AG-892-K03_genomic_prodigal_proteins	959	GCA_000332275.1_ASM33227v1_genomic_prodigal_proteins	4564	257	54.38	12.87	26.80
GCA_902618505.1_AG-892-K03_genomic_prodigal_proteins	959	GCA_002252675.1_ASM225267v1_genomic_prodigal_proteins	3295	353	67.41	14.81	36.81
GCA_902618505.1_AG-892-K03_genomic_prodigal_proteins	959	GCA_000737575.1_ASM73757v1_genomic_prodigal_proteins	2662	457	77.67	14.30	47.65
GCA_902618505.1_AG-892-K03_genomic_prodigal_proteins	959	GCA_902596755.1_AG-916-D19_genomic_prodigal_proteins	1152	288	87.22	14.57	30.03
GCA_902618505.1_AG-892-K03_genomic_prodigal_proteins	959	GCA_003211455.1_ASM321145v1_genomic_prodigal_proteins	1186	206	76.67	14.95	21.48
GCA_902618505.1_AG-892-K03_genomic_prodigal_proteins	959	GCA_003208755.1_ASM320875v1_genomic_prodigal_proteins	690	86	66.37	18.63	12.46
GCA_902618505.1_AG-892-K03_genomic_prodigal_proteins	959	GCA_007571215.1_ASM757121v1_genomic_prodigal_proteins	1879	278	61.38	13.99	28.99
GCA_902618505.1_AG-892-K03_genomic_prodigal_proteins	959	GCA_001007635.1_ASM100763v1_genomic_prodigal_proteins	2333	253	61.82	13.74	26.38
GCA_902618505.1_AG-892-K03_genomic_prodigal_proteins	959	GCA_000179255.1_ASM17925v1_genomic_prodigal_proteins	2729	383	67.21	15.25	39.94
GCA_902618505.1_AG-892-K03_genomic_prodigal_proteins	959	GCA_003208975.1_ASM320897v1_genomic_prodigal_proteins	1804	265	74.75	15.85	27.63
GCA_902618505.1_AG-892-K03_genomic_prodigal_proteins	959	GCA_012103655.1_ASM1210365v1_genomic_prodigal_proteins	2723	388	71.54	14.29	40.46
GCA_902618505.1_AG-892-K03_genomic_prodigal_proteins	959	GCA_902582045.1_AG-912-B07_genomic_prodigal_proteins	196	75	86.49	15.86	38.27
GCA_902618505.1_AG-892-K03_genomic_prodigal_proteins	959	GCA_000153045.1_ASM15304v1_genomic_prodigal_proteins	3242	367	67.14	15.00	38.27
GCA_902618505.1_AG-892-K03_genomic_prodigal_proteins	959	GCA_902549675.1_AG-903-B09_genomic_prodigal_proteins	836	242	90.01	13.91	28.95
GCA_902618505.1_AG-892-K03_genomic_prodigal_proteins	959	GCA_002018045.1_ASM201804v1_genomic_prodigal_proteins	1559	234	62.27	14.04	24.40
GCA_902618505.1_AG-892-K03_genomic_prodigal_proteins	959	GCA_004213055.1_ASM421305v1_genomic_prodigal_proteins	2241	346	72.57	14.50	36.08
GCA_902618505.1_AG-892-K03_genomic_prodigal_proteins	959	GCA_007571085.1_ASM757108v1_genomic_prodigal_proteins	1784	270	61.63	14.11	28.15
GCA_902618505.1_AG-892-K03_genomic_prodigal_proteins	959	GCA_009839805.1_ASM983980v1_genomic_prodigal_proteins	1848	189	59.06	13.03	19.71
GCA_902618505.1_AG-892-K03_genomic_prodigal_proteins	959	GCA_003210375.1_ASM321037v1_genomic_prodigal_proteins	2155	370	74.90	14.23	38.58
GCA_902618505.1_AG-892-K03_genomic_prodigal_proteins	959	GCA_004332415.1_ASM433241v1_genomic_prodigal_proteins	2408	388	71.88	15.09	40.46
GCA_902618505.1_AG-892-K03_genomic_prodigal_proteins	959	GCA_009836025.1_ASM983602v1_genomic_prodigal_proteins	2290	281	61.38	13.60	29.30
GCA_902618505.1_AG-892-K03_genomic_prodigal_proteins	959	GCA_009843455.1_ASM984345v1_genomic_prodigal_proteins	2423	280	61.32	13.60	29.20
GCA_902618505.1_AG-892-K03_genomic_prodigal_proteins	959	GCA_009843485.1_ASM984348v1_genomic_prodigal_proteins	2158	288	61.25	13.86	30.03
GCA_902618505.1_AG-892-K03_genomic_prodigal_proteins	959	GCA_003283135.1_ASM328313v1_genomic_prodigal_proteins	459	35	63.43	15.71	7.63
GCA_902618505.1_AG-892-K03_genomic_prodigal_proteins	959	GCA_902635485.1_AG-447-G23_genomic_prodigal_proteins	327	42	67.24	16.09	12.84
GCA_902618505.1_AG-892-K03_genomic_prodigal_proteins	959	GCA_002760415.1_ASM276041v1_genomic_prodigal_proteins	2670	209	54.72	12.79	21.79
GCA_902618505.1_AG-892-K03_genomic_prodigal_proteins	959	GCA_002754935.1_ASM275493v1_genomic_prodigal_proteins	2664	234	54.85	13.51	24.40
GCA_902618505.1_AG-892-K03_genomic_prodigal_proteins	959	GCA_002171685.2_ASM217168v2_genomic_prodigal_proteins	811	189	73.36	13.98	23.30
GCA_902618505.1_AG-892-K03_genomic_prodigal_proteins	959	GCA_000737595.1_ASM73759v1_genomic_prodigal_proteins	2774	447	78.45	13.98	46.61
GCA_902618505.1_AG-892-K03_genomic_prodigal_proteins	959	GCA_003331785.1_ASM333178v1_genomic_prodigal_proteins	2125	351	71.03	14.77	36.60
GCA_902618505.1_AG-892-K03_genomic_prodigal_proteins	959	GCA_009842265.1_ASM984226v1_genomic_prodigal_proteins	2398	276	61.19	13.63	28.78
GCA_902618505.1_AG-892-K03_genomic_prodigal_proteins	959	GCA_902579345.1_AG-911-L15_genomic_prodigal_proteins	248	125	86.13	14.37	50.40
GCA_902618505.1_AG-892-K03_genomic_prodigal_proteins	959	GCA_000011345.1_ASM1134v1_genomic_prodigal_proteins	2520	240	54.70	13.67	25.03
GCA_902618505.1_AG-892-K03_genomic_prodigal_proteins	959	GCA_003210705.1_ASM321070v1_genomic_prodigal_proteins	2244	302	69.52	15.22	31.49
GCA_902618505.1_AG-892-K03_genomic_prodigal_proteins	959	GCA_000019485.1_ASM1948v1_genomic_prodigal_proteins	3233	258	54.79	13.68	26.90
GCA_902618505.1_AG-892-K03_genomic_prodigal_proteins	959	GCA_003283055.1_ASM328305v1_genomic_prodigal_proteins	482	44	67.40	15.75	9.13
GCA_902618505.1_AG-892-K03_genomic_prodigal_proteins	959	GCA_000010065.1_ASM1006v1_genomic_prodigal_proteins	2691	274	58.03	13.98	28.57
GCA_902618505.1_AG-892-K03_genomic_prodigal_proteins	959	GCA_000316685.1_ASM31668v1_genomic_prodigal_proteins	3706	238	54.77	13.53	24.82
GCA_902618505.1_AG-892-K03_genomic_prodigal_proteins	959	GCA_000063525.1_ASM6352v1_genomic_prodigal_proteins	2540	378	66.99	14.66	39.42
GCA_902618505.1_AG-892-K03_genomic_prodigal_proteins	959	GCA_003283165.1_ASM328316v1_genomic_prodigal_proteins	217	27	58.73	18.36	12.44
GCA_902618505.1_AG-892-K03_genomic_prodigal_proteins	959	GCA_902540675.1_AG-359-E22_genomic_prodigal_proteins	584	169	85.78	15.69	28.94
GCA_902618505.1_AG-892-K03_genomic_prodigal_proteins	959	GCA_011055065.1_ASM1105506v1_genomic_prodigal_proteins	2792	204	54.33	12.46	21.27
GCA_902618505.1_AG-892-K03_genomic_prodigal_proteins	959	GCA_000013205.1_ASM1320v1_genomic_prodigal_proteins	2750	211	54.68	12.81	22.00
GCA_902618505.1_AG-892-K03_genomic_prodigal_proteins	959	GCA_003539795.1_ASM353979v1_genomic_prodigal_proteins	2284	309	76.89	13.98	32.22
GCA_902618505.1_AG-892-K03_genomic_prodigal_proteins	959	GCA_002171995.1_ASM217199v1_genomic_prodigal_proteins	1978	293	71.51	14.72	30.55
GCA_902618505.1_AG-892-K03_genomic_prodigal_proteins	959	GCA_011523835.1_ASM1152383v1_genomic_prodigal_proteins	2468	335	70.90	14.98	34.93
GCA_902618505.1_AG-892-K03_genomic_prodigal_proteins	959	GCA_002172175.1_ASM217217v1_genomic_prodigal_proteins	1846	240	65.62	14.34	25.03
GCA_902618505.1_AG-892-K03_genomic_prodigal_proteins	959	GCA_003208835.1_ASM320883v1_genomic_prodigal_proteins	2208	375	75.18	14.56	39.10
GCA_902618505.1_AG-892-K03_genomic_prodigal_proteins	959	GCA_902589915.1_AG-914-F20_genomic_prodigal_proteins	373	154	85.81	15.25	41.29
GCA_902618505.1_AG-892-K03_genomic_prodigal_proteins	959	GCA_000485815.1_ASM48581v1_genomic_prodigal_proteins	3083	247	55.06	13.64	25.76
GCA_902618505.1_AG-892-K03_genomic_prodigal_proteins	959	GCA_008807075.1_ASM880707v1_genomic_prodigal_proteins	2925	351	67.07	14.46	36.60
GCA_902618505.1_AG-892-K03_genomic_prodigal_proteins	959	GCA_000179235.2_ASM17923v2_genomic_prodigal_proteins	3071	368	68.06	14.72	38.37
GCA_902618505.1_AG-892-K03_genomic_prodigal_proteins	959	GCA_003210795.1_ASM321079v1_genomic_prodigal_proteins	2239	388	76.22	14.67	40.46
GCA_902618505.1_AG-892-K03_genomic_prodigal_proteins	959	GCA_002706715.1_ASM270671v1_genomic_prodigal_proteins	1148	246	78.24	15.21	25.65
GCA_902618505.1_AG-892-K03_genomic_prodigal_proteins	959	GCA_003331245.1_ASM333124v1_genomic_prodigal_proteins	2021	347	76.84	13.93	36.18
GCA_902618505.1_AG-892-K03_genomic_prodigal_proteins	959	GCA_009843385.1_ASM984338v1_genomic_prodigal_proteins	2085	227	61.94	13.91	23.67
GCA_902618505.1_AG-892-K03_genomic_prodigal_proteins	959	GCA_003211205.1_ASM321120v1_genomic_prodigal_proteins	2288	364	70.42	15.48	37.96
GCA_902618505.1_AG-892-K03_genomic_prodigal_proteins	959	GCA_000063505.1_ASM6350v1_genomic_prodigal_proteins	2558	409	72.16	15.06	42.65
GCA_902618505.1_AG-892-K03_genomic_prodigal_proteins	959	GCA_900474245.1_UW179B_genomic_prodigal_proteins	2743	402	71.34	14.41	41.92
GCA_902618505.1_AG-892-K03_genomic_prodigal_proteins	959	GCA_003210345.1_ASM321034v1_genomic_prodigal_proteins	1256	177	71.19	16.34	18.46
GCA_902618505.1_AG-892-K03_genomic_prodigal_proteins	959	GCA_003210315.1_ASM321031v1_genomic_prodigal_proteins	1815	242	69.10	15.03	25.23
GCA_902618505.1_AG-892-K03_genomic_prodigal_proteins	959	GCA_009836155.1_ASM983615v1_genomic_prodigal_proteins	1947	278	61.27	13.66	28.99
GCA_902618505.1_AG-892-K03_genomic_prodigal_proteins	959	GCA_003990665.2_ASM399066v2_genomic_prodigal_proteins	2499	240	54.71	13.69	25.03
GCA_902618505.1_AG-892-K03_genomic_prodigal_proteins	959	GCA_003209135.1_ASM320913v1_genomic_prodigal_proteins	1719	246	72.84	16.40	25.65
GCA_902618505.1_AG-892-K03_genomic_prodigal_proteins	959	GCA_009845105.1_ASM984510v1_genomic_prodigal_proteins	1941	232	60.68	13.60	24.19
GCA_902618505.1_AG-892-K03_genomic_prodigal_proteins	959	GCA_002690325.1_ASM269032v1_genomic_prodigal_proteins	2554	392	73.24	15.02	40.88
GCA_902618505.1_AG-892-K03_genomic_prodigal_proteins	959	GCA_000161795.2_ASM16179v2_genomic_prodigal_proteins	2407	448	78.66	14.28	46.72
GCA_902618505.1_AG-892-K03_genomic_prodigal_proteins	959	GCA_004211895.1_ASM421189v1_genomic_prodigal_proteins	954	142	77.96	14.91	14.88
GCA_902618505.1_AG-892-K03_genomic_prodigal_proteins	959	GCA_003210735.1_ASM321073v1_genomic_prodigal_proteins	2337	354	74.91	14.69	36.91
GCA_902618505.1_AG-892-K03_genomic_prodigal_proteins	959	GCA_003209035.1_ASM320903v1_genomic_prodigal_proteins	1803	340	75.50	15.44	35.45
GCA_902618505.1_AG-892-K03_genomic_prodigal_proteins	959	GCA_003712085.1_ASM371208v1_genomic_prodigal_proteins	2745	573	88.64	11.01	59.75
GCA_902618505.1_AG-892-K03_genomic_prodigal_proteins	959	GCA_003212155.1_ASM321215v1_genomic_prodigal_proteins	262	50	68.04	16.72	19.08
GCA_902618505.1_AG-892-K03_genomic_prodigal_proteins	959	GCA_001040845.1_ASM104084v1_genomic_prodigal_proteins	2917	415	70.85	14.57	43.27
GCA_902618505.1_AG-892-K03_genomic_prodigal_proteins	959	GCA_002018015.1_ASM201801v1_genomic_prodigal_proteins	1578	241	62.55	13.79	25.13
GCA_902618505.1_AG-892-K03_genomic_prodigal_proteins	959	GCA_003211255.1_ASM321125v1_genomic_prodigal_proteins	1850	260	72.64	15.92	27.11
GCA_902618505.1_AG-892-K03_genomic_prodigal_proteins	959	GCA_002721235.1_ASM272123v1_genomic_prodigal_proteins	3119	253	54.98	13.66	26.38
GCA_902618505.1_AG-892-K03_genomic_prodigal_proteins	959	GCA_009839305.1_ASM983930v1_genomic_prodigal_proteins	1816	235	62.24	14.25	24.50
GCA_902618505.1_AG-892-K03_genomic_prodigal_proteins	959	GCA_011365345.1_ASM1136534v1_genomic_prodigal_proteins	2655	457	78.04	14.38	47.65
GCA_902618505.1_AG-892-K03_genomic_prodigal_proteins	959	GCA_001039265.1_ASM103926v1_genomic_prodigal_proteins	2832	261	69.73	15.13	27.22
GCA_902618505.1_AG-892-K03_genomic_prodigal_proteins	959	GCA_001628325.1_ASM162832v1_genomic_prodigal_proteins	2129	379	78.11	14.21	39.52
GCA_902618505.1_AG-892-K03_genomic_prodigal_proteins	959	GCA_003209215.1_ASM320921v1_genomic_prodigal_proteins	1679	265	78.12	14.69	27.63
GCA_902618505.1_AG-892-K03_genomic_prodigal_proteins	959	GCA_002737305.1_ASM273730v1_genomic_prodigal_proteins	1951	272	67.50	15.57	28.36
GCA_902618505.1_AG-892-K03_genomic_prodigal_proteins	959	GCA_003210515.1_ASM321051v1_genomic_prodigal_proteins	1673	235	70.82	15.88	24.50
GCA_902618505.1_AG-892-K03_genomic_prodigal_proteins	959	GCA_011525445.1_ASM1152544v1_genomic_prodigal_proteins	3208	350	70.52	15.04	36.50
GCA_902618505.1_AG-892-K03_genomic_prodigal_proteins	959	GCA_902599435.1_AG-916-N22_genomic_prodigal_proteins	793	183	90.18	13.86	23.08
GCA_902618505.1_AG-892-K03_genomic_prodigal_proteins	959	GCA_003149585.1_ASM314958v1_genomic_prodigal_proteins	2600	366	67.39	15.10	38.16
GCA_902618505.1_AG-892-K03_genomic_prodigal_proteins	959	GCA_902560665.1_AG-905-O11_genomic_prodigal_proteins	401	121	85.35	15.68	30.17
GCA_902618505.1_AG-892-K03_genomic_prodigal_proteins	959	GCA_003331795.1_ASM333179v1_genomic_prodigal_proteins	1948	327	66.81	14.81	34.10
GCA_902618505.1_AG-892-K03_genomic_prodigal_proteins	959	GCA_002017955.1_ASM201795v1_genomic_prodigal_proteins	512	69	59.70	14.23	13.48
GCA_902618505.1_AG-892-K03_genomic_prodigal_proteins	959	GCA_902584485.1_AG-912-O23_genomic_prodigal_proteins	535	189	87.53	13.36	35.33
GCA_902618505.1_AG-892-K03_genomic_prodigal_proteins	959	GCA_902527915.1_AG-896-G19_genomic_prodigal_proteins	1003	192	83.41	15.80	20.02
GCA_902618505.1_AG-892-K03_genomic_prodigal_proteins	959	GCA_902635365.1_AG-447-D19_genomic_prodigal_proteins	1690	279	74.03	15.95	29.09
GCA_902618505.1_AG-892-K03_genomic_prodigal_proteins	959	GCA_900474085.1_UW86_genomic_prodigal_proteins	2403	452	78.12	14.79	47.13
GCA_902618505.1_AG-892-K03_genomic_prodigal_proteins	959	GCA_001885215.1_ASM188521v1_genomic_prodigal_proteins	2897	358	66.66	14.50	37.33
GCA_902618505.1_AG-892-K03_genomic_prodigal_proteins	959	GCA_902575935.1_AG-426-B22_genomic_prodigal_proteins	254	124	78.73	14.49	48.82
GCA_902618505.1_AG-892-K03_genomic_prodigal_proteins	959	GCA_900474295.1_UW140_genomic_prodigal_proteins	2925	426	72.10	14.33	44.42
GCA_902618505.1_AG-892-K03_genomic_prodigal_proteins	959	GCA_003211565.1_ASM321156v1_genomic_prodigal_proteins	1489	260	76.92	16.05	27.11
GCA_902618505.1_AG-892-K03_genomic_prodigal_proteins	959	GCA_003526105.1_ASM352610v1_genomic_prodigal_proteins	1581	237	78.43	15.93	24.71
GCA_902618505.1_AG-892-K03_genomic_prodigal_proteins	959	GCA_002172935.1_ASM217293v1_genomic_prodigal_proteins	1996	300	70.45	14.85	31.28
GCA_902618505.1_AG-892-K03_genomic_prodigal_proteins	959	GCA_003210335.1_ASM321033v1_genomic_prodigal_proteins	942	101	63.49	18.10	10.72
GCA_902618505.1_AG-892-K03_genomic_prodigal_proteins	959	GCA_009846115.1_ASM984611v1_genomic_prodigal_proteins	2048	253	61.59	13.84	26.38
GCA_902618505.1_AG-892-K03_genomic_prodigal_proteins	959	GCA_001693295.1_ASM169329v1_genomic_prodigal_proteins	3183	256	54.82	13.63	26.69
GCA_902618505.1_AG-892-K03_genomic_prodigal_proteins	959	GCA_900473965.1_UW179A_genomic_prodigal_proteins	3383	432	70.94	15.17	45.05
GCA_902618505.1_AG-892-K03_genomic_prodigal_proteins	959	GCA_003213755.1_ASM321375v1_genomic_prodigal_proteins	1050	152	65.72	15.46	15.85
GCA_902618505.1_AG-892-K03_genomic_prodigal_proteins	959	GCA_003209155.1_ASM320915v1_genomic_prodigal_proteins	2305	360	70.95	14.91	37.54
GCA_902618505.1_AG-892-K03_genomic_prodigal_proteins	959	GCA_003211515.1_ASM321151v1_genomic_prodigal_proteins	2451	295	70.95	15.64	30.76
GCA_902618505.1_AG-892-K03_genomic_prodigal_proteins	959	GCA_002693285.1_ASM269328v1_genomic_prodigal_proteins	2440	364	72.01	14.20	37.96
GCA_902618505.1_AG-892-K03_genomic_prodigal_proteins	959	GCA_003210555.1_ASM321055v1_genomic_prodigal_proteins	1847	210	68.58	15.49	21.90
GCA_902618505.1_AG-892-K03_genomic_prodigal_proteins	959	GCA_000155595.1_ASM15559v1_genomic_prodigal_proteins	5270	275	54.46	13.72	28.68
GCA_902618505.1_AG-892-K03_genomic_prodigal_proteins	959	GCA_001007665.1_ASM100766v1_genomic_prodigal_proteins	2356	289	61.35	13.63	30.14
GCA_902618505.1_AG-892-K03_genomic_prodigal_proteins	959	GCA_009919765.1_ASM991976v1_genomic_prodigal_proteins	2524	258	66.20	15.41	26.90
GCA_902618505.1_AG-892-K03_genomic_prodigal_proteins	959	GCA_003331225.1_ASM333122v1_genomic_prodigal_proteins	2113	333	67.00	15.26	34.72
GCA_902618505.1_AG-892-K03_genomic_prodigal_proteins	959	GCA_900177825.1_IMG-taxon_2708742468_annotated_assembly_genomic_prodigal_proteins	3317	257	54.72	13.73	26.80
GCA_902618505.1_AG-892-K03_genomic_prodigal_proteins	959	GCA_000195975.1_ASM19597v1_genomic_prodigal_proteins	2719	569	88.50	11.14	59.33
GCA_902618505.1_AG-892-K03_genomic_prodigal_proteins	959	GCA_902618885.1_AG-920-D15_genomic_prodigal_proteins	1178	264	87.62	14.73	27.53
GCA_902618505.1_AG-892-K03_genomic_prodigal_proteins	959	GCA_003209165.1_ASM320916v1_genomic_prodigal_proteins	2711	411	77.89	14.21	42.86
GCA_902618505.1_AG-892-K03_genomic_prodigal_proteins	959	GCA_001007625.1_ASM100762v1_genomic_prodigal_proteins	2478	263	61.82	13.60	27.42
GCA_902618505.1_AG-892-K03_genomic_prodigal_proteins	959	GCA_008386235.1_ASM838623v1_genomic_prodigal_proteins	2571	247	54.32	13.71	25.76
GCA_902618505.1_AG-892-K03_genomic_prodigal_proteins	959	GCA_001631935.1_ASM163193v1_genomic_prodigal_proteins	3526	420	70.80	14.94	43.80
GCA_902618505.1_AG-892-K03_genomic_prodigal_proteins	959	GCA_002151525.1_ASM215152v1_genomic_prodigal_proteins	1628	229	65.18	14.42	23.88
GCA_902618505.1_AG-892-K03_genomic_prodigal_proteins	959	GCA_000153065.1_ASM15306v1_genomic_prodigal_proteins	2704	373	71.95	14.71	38.89
GCA_902618505.1_AG-892-K03_genomic_prodigal_proteins	959	GCA_009837265.1_ASM983726v1_genomic_prodigal_proteins	2126	281	61.28	13.98	29.30
GCA_902618505.1_AG-892-K03_genomic_prodigal_proteins	959	GCA_902533725.1_AG-898-C20_genomic_prodigal_proteins	421	62	73.84	17.66	14.73
GCA_902618505.1_AG-892-K03_genomic_prodigal_proteins	959	GCA_002171075.2_ASM217107v2_genomic_prodigal_proteins	1919	287	65.31	15.65	29.93
GCA_902618505.1_AG-892-K03_genomic_prodigal_proteins	959	GCA_002760395.1_ASM276039v1_genomic_prodigal_proteins	2661	208	54.54	12.88	21.69
GCA_902618505.1_AG-892-K03_genomic_prodigal_proteins	959	GCA_003209005.1_ASM320900v1_genomic_prodigal_proteins	2548	344	70.06	15.17	35.87
GCA_902618505.1_AG-892-K03_genomic_prodigal_proteins	959	GCA_002017915.1_ASM201791v1_genomic_prodigal_proteins	623	97	65.58	14.78	15.57
GCA_902618505.1_AG-892-K03_genomic_prodigal_proteins	959	GCA_900047545.1_m9_genomic_prodigal_proteins	1575	227	61.54	13.54	23.67
GCA_902618505.1_AG-892-K03_genomic_prodigal_proteins	959	GCA_001632105.1_ASM163210v1_genomic_prodigal_proteins	3521	426	70.60	15.21	44.42
GCA_902618505.1_AG-892-K03_genomic_prodigal_proteins	959	GCA_004212765.1_ASM421276v1_genomic_prodigal_proteins	1162	229	91.48	14.16	23.88
GCA_902618505.1_AG-892-K03_genomic_prodigal_proteins	959	GCA_002685515.1_ASM268551v1_genomic_prodigal_proteins	1286	177	67.72	15.65	18.46
GCA_902618505.1_AG-892-K03_genomic_prodigal_proteins	959	GCA_007828135.1_ASM782813v1_genomic_prodigal_proteins	2917	359	66.75	14.55	37.43
GCA_902618505.1_AG-892-K03_genomic_prodigal_proteins	959	GCA_011047875.1_ASM1104787v1_genomic_prodigal_proteins	2810	217	54.39	12.62	22.63
GCA_902618505.1_AG-892-K03_genomic_prodigal_proteins	959	GCA_009840445.1_ASM984044v1_genomic_prodigal_proteins	2167	289	61.56	13.83	30.14
GCA_902618505.1_AG-892-K03_genomic_prodigal_proteins	959	GCA_003210995.1_ASM321099v1_genomic_prodigal_proteins	2385	348	71.90	15.11	36.29
GCA_902618505.1_AG-892-K03_genomic_prodigal_proteins	959	GCA_902616995.1_AG-919-L20_genomic_prodigal_proteins	654	161	85.53	15.07	24.62
GCA_902618505.1_AG-892-K03_genomic_prodigal_proteins	959	GCA_009845825.1_ASM984582v1_genomic_prodigal_proteins	2168	249	61.39	13.79	25.96
GCA_902618505.1_AG-892-K03_genomic_prodigal_proteins	959	GCA_000515235.1_ASM51523v1_genomic_prodigal_proteins	2873	447	74.93	15.31	46.61
GCA_902618505.1_AG-892-K03_genomic_prodigal_proteins	959	GCA_003523965.1_ASM352396v1_genomic_prodigal_proteins	1735	193	64.07	13.15	20.13
GCA_902618505.1_AG-892-K03_genomic_prodigal_proteins	959	GCA_002684175.1_ASM268417v1_genomic_prodigal_proteins	1819	280	74.49	14.11	29.20
GCA_902618505.1_AG-892-K03_genomic_prodigal_proteins	959	GCA_011523295.1_ASM1152329v1_genomic_prodigal_proteins	2851	353	74.03	14.64	36.81
GCA_902618505.1_AG-892-K03_genomic_prodigal_proteins	959	GCA_003211015.1_ASM321101v1_genomic_prodigal_proteins	2128	293	69.59	14.72	30.55
GCA_902618505.1_AG-892-K03_genomic_prodigal_proteins	959	GCA_002006815.1_ASM200681v1_genomic_prodigal_proteins	1973	297	65.63	15.13	30.97
GCA_013133755.1_ASM1313375v1_genomic_prodigal_proteins	2700	GCA_003210475.1_ASM321047v1_genomic_prodigal_proteins	1514	1138	93.68	8.16	75.17
GCA_013133755.1_ASM1313375v1_genomic_prodigal_proteins	2700	GCA_003208815.1_ASM320881v1_genomic_prodigal_proteins	1352	717	68.85	14.33	53.03
GCA_013133755.1_ASM1313375v1_genomic_prodigal_proteins	2700	GCA_000012505.1_ASM1250v1_genomic_prodigal_proteins	2461	1797	70.12	13.91	73.02
GCA_013133755.1_ASM1313375v1_genomic_prodigal_proteins	2700	GCA_000153825.1_ASM15382v1_genomic_prodigal_proteins	2811	1926	73.35	13.48	71.33
GCA_013133755.1_ASM1313375v1_genomic_prodigal_proteins	2700	GCA_002760475.1_ASM276047v1_genomic_prodigal_proteins	2647	896	52.83	12.01	33.85
GCA_013133755.1_ASM1313375v1_genomic_prodigal_proteins	2700	GCA_003210565.1_ASM321056v1_genomic_prodigal_proteins	836	498	73.49	14.06	59.57
GCA_013133755.1_ASM1313375v1_genomic_prodigal_proteins	2700	GCA_902618505.1_AG-892-K03_genomic_prodigal_proteins	959	420	71.12	14.83	43.80
GCA_013133755.1_ASM1313375v1_genomic_prodigal_proteins	2700	GCA_005577135.1_ASM557713v1_genomic_prodigal_proteins	3356	1044	53.44	12.88	38.67
GCA_013133755.1_ASM1313375v1_genomic_prodigal_proteins	2700	GCA_003846445.1_ASM384644v1_genomic_prodigal_proteins	2740	1152	55.55	13.03	42.67
GCA_013133755.1_ASM1313375v1_genomic_prodigal_proteins	2700	GCA_000505665.1_ASM50566v1_genomic_prodigal_proteins	2466	987	53.39	12.56	40.02
GCA_013133755.1_ASM1313375v1_genomic_prodigal_proteins	2700	GCA_902616255.1_AG-919-I18_genomic_prodigal_proteins	1046	603	69.31	13.87	57.65
GCA_013133755.1_ASM1313375v1_genomic_prodigal_proteins	2700	GCA_001182765.1_WH8103.1_genomic_prodigal_proteins	2676	1774	71.10	13.76	66.29
GCA_013133755.1_ASM1313375v1_genomic_prodigal_proteins	2700	GCA_002760375.1_ASM276037v1_genomic_prodigal_proteins	2702	901	52.74	12.03	33.37
GCA_013133755.1_ASM1313375v1_genomic_prodigal_proteins	2700	GCA_902592305.1_AG-914-O22_genomic_prodigal_proteins	179	93	71.99	13.47	51.96
GCA_013133755.1_ASM1313375v1_genomic_prodigal_proteins	2700	GCA_001632165.1_ASM163216v1_genomic_prodigal_proteins	2830	2382	96.46	6.02	88.22
GCA_013133755.1_ASM1313375v1_genomic_prodigal_proteins	2700	GCA_004332405.1_ASM433240v1_genomic_prodigal_proteins	2437	1823	74.20	13.31	74.81
GCA_013133755.1_ASM1313375v1_genomic_prodigal_proteins	2700	GCA_900473975.1_N26_genomic_prodigal_proteins	2454	1770	71.03	13.95	72.13
GCA_013133755.1_ASM1313375v1_genomic_prodigal_proteins	2700	GCA_902612475.1_AG-918-G20_genomic_prodigal_proteins	502	232	69.18	13.83	46.22
GCA_013133755.1_ASM1313375v1_genomic_prodigal_proteins	2700	GCA_000775285.1_ASM77528v1_genomic_prodigal_proteins	4812	932	53.62	12.99	34.52
GCA_013133755.1_ASM1313375v1_genomic_prodigal_proteins	2700	GCA_002698505.1_ASM269850v1_genomic_prodigal_proteins	2471	1737	72.75	13.21	70.30
GCA_013133755.1_ASM1313375v1_genomic_prodigal_proteins	2700	GCA_002252665.1_ASM225266v1_genomic_prodigal_proteins	2771	1603	66.84	13.88	59.37
GCA_013133755.1_ASM1313375v1_genomic_prodigal_proteins	2700	GCA_003555505.1_ASM355550v1_genomic_prodigal_proteins	3351	731	54.01	12.88	27.07
GCA_013133755.1_ASM1313375v1_genomic_prodigal_proteins	2700	GCA_900474015.1_UW106_genomic_prodigal_proteins	2762	1842	70.49	14.17	68.22
GCA_013133755.1_ASM1313375v1_genomic_prodigal_proteins	2700	GCA_000715475.1_ASM71547v1_genomic_prodigal_proteins	3299	1024	53.35	12.92	37.93
GCA_013133755.1_ASM1313375v1_genomic_prodigal_proteins	2700	GCA_001628295.1_ASM162829v1_genomic_prodigal_proteins	2145	1608	71.25	13.69	74.97
GCA_013133755.1_ASM1313375v1_genomic_prodigal_proteins	2700	GCA_003208775.1_ASM320877v1_genomic_prodigal_proteins	1808	1189	73.14	13.16	65.76
GCA_013133755.1_ASM1313375v1_genomic_prodigal_proteins	2700	GCA_003210975.1_ASM321097v1_genomic_prodigal_proteins	627	437	70.78	14.77	69.70
GCA_013133755.1_ASM1313375v1_genomic_prodigal_proteins	2700	GCA_003208915.1_ASM320891v1_genomic_prodigal_proteins	1208	684	69.36	14.11	56.62
GCA_013133755.1_ASM1313375v1_genomic_prodigal_proteins	2700	GCA_009837735.1_ASM983773v1_genomic_prodigal_proteins	2041	926	60.74	12.95	45.37
GCA_013133755.1_ASM1313375v1_genomic_prodigal_proteins	2700	GCA_902548805.1_AG-901-N20_genomic_prodigal_proteins	158	68	69.39	15.12	43.04
GCA_013133755.1_ASM1313375v1_genomic_prodigal_proteins	2700	GCA_003211235.1_ASM321123v1_genomic_prodigal_proteins	1698	986	70.08	13.80	58.07
GCA_013133755.1_ASM1313375v1_genomic_prodigal_proteins	2700	GCA_004209775.1_ASM420977v1_genomic_prodigal_proteins	2798	1823	74.21	13.01	67.52
GCA_013133755.1_ASM1313375v1_genomic_prodigal_proteins	2700	GCA_003283215.1_ASM328321v1_genomic_prodigal_proteins	239	81	86.22	16.83	33.89
GCA_013133755.1_ASM1313375v1_genomic_prodigal_proteins	2700	GCA_003209555.1_ASM320955v1_genomic_prodigal_proteins	908	428	65.35	14.76	47.14
GCA_013133755.1_ASM1313375v1_genomic_prodigal_proteins	2700	GCA_000153805.1_ASM15380v1_genomic_prodigal_proteins	2517	1809	69.88	14.03	71.87
GCA_013133755.1_ASM1313375v1_genomic_prodigal_proteins	2700	GCA_003283205.1_ASM328320v1_genomic_prodigal_proteins	274	115	88.03	16.18	41.97
GCA_013133755.1_ASM1313375v1_genomic_prodigal_proteins	2700	GCA_900473925.1_N5_genomic_prodigal_proteins	2417	1759	71.06	13.89	72.78
GCA_013133755.1_ASM1313375v1_genomic_prodigal_proteins	2700	GCA_902592665.1_AG-447-E14_genomic_prodigal_proteins	1111	554	68.53	14.35	49.86
GCA_013133755.1_ASM1313375v1_genomic_prodigal_proteins	2700	GCA_011523155.1_ASM1152315v1_genomic_prodigal_proteins	2101	1277	71.48	12.69	60.78
GCA_013133755.1_ASM1313375v1_genomic_prodigal_proteins	2700	GCA_003211275.1_ASM321127v1_genomic_prodigal_proteins	2168	1618	93.77	8.23	74.63
GCA_013133755.1_ASM1313375v1_genomic_prodigal_proteins	2700	GCA_003957805.1_ASM395780v1_genomic_prodigal_proteins	2887	1188	55.52	13.09	44.00
GCA_013133755.1_ASM1313375v1_genomic_prodigal_proteins	2700	GCA_012270465.1_ASM1227046v1_genomic_prodigal_proteins	2311	1350	64.68	13.82	58.42
GCA_013133755.1_ASM1313375v1_genomic_prodigal_proteins	2700	GCA_001693255.1_ASM169325v1_genomic_prodigal_proteins	3177	1042	53.51	12.87	38.59
GCA_013133755.1_ASM1313375v1_genomic_prodigal_proteins	2700	GCA_003210385.1_ASM321038v1_genomic_prodigal_proteins	286	222	74.07	12.47	77.62
GCA_013133755.1_ASM1313375v1_genomic_prodigal_proteins	2700	GCA_002170705.1_ASM217070v1_genomic_prodigal_proteins	1392	969	70.75	13.46	69.61
GCA_013133755.1_ASM1313375v1_genomic_prodigal_proteins	2700	GCA_002356215.1_ASM235621v1_genomic_prodigal_proteins	2953	1030	53.48	12.96	38.15
GCA_013133755.1_ASM1313375v1_genomic_prodigal_proteins	2700	GCA_003210935.1_ASM321093v1_genomic_prodigal_proteins	1868	1489	97.12	6.11	79.71
GCA_013133755.1_ASM1313375v1_genomic_prodigal_proteins	2700	GCA_003210535.1_ASM321053v1_genomic_prodigal_proteins	1257	706	68.78	14.01	56.17
GCA_013133755.1_ASM1313375v1_genomic_prodigal_proteins	2700	GCA_002724845.1_ASM272484v1_genomic_prodigal_proteins	1589	1212	70.49	13.44	76.27
GCA_013133755.1_ASM1313375v1_genomic_prodigal_proteins	2700	GCA_000153285.1_ASM15328v1_genomic_prodigal_proteins	2746	1954	77.76	12.29	72.37
GCA_013133755.1_ASM1313375v1_genomic_prodigal_proteins	2700	GCA_003211035.1_ASM321103v1_genomic_prodigal_proteins	530	333	68.87	13.91	62.83
GCA_013133755.1_ASM1313375v1_genomic_prodigal_proteins	2700	GCA_001521855.1_ASM152185v1_genomic_prodigal_proteins	3144	1049	53.33	12.96	38.85
GCA_013133755.1_ASM1313375v1_genomic_prodigal_proteins	2700	GCA_009835965.1_ASM983596v1_genomic_prodigal_proteins	2105	1150	60.99	12.77	54.63
GCA_013133755.1_ASM1313375v1_genomic_prodigal_proteins	2700	GCA_012269695.1_ASM1226969v1_genomic_prodigal_proteins	2043	1143	64.88	13.72	55.95
GCA_013133755.1_ASM1313375v1_genomic_prodigal_proteins	2700	GCA_000737535.1_ASM73753v1_genomic_prodigal_proteins	3013	1821	70.32	14.07	67.44
GCA_013133755.1_ASM1313375v1_genomic_prodigal_proteins	2700	GCA_000586015.1_SynSpo.0_genomic_prodigal_proteins	1907	903	61.50	13.44	47.35
GCA_013133755.1_ASM1313375v1_genomic_prodigal_proteins	2700	GCA_002760345.1_ASM276034v1_genomic_prodigal_proteins	2731	904	52.84	11.94	33.48
GCA_013133755.1_ASM1313375v1_genomic_prodigal_proteins	2700	GCA_000013225.1_ASM1322v1_genomic_prodigal_proteins	2844	912	52.69	12.04	33.78
GCA_013133755.1_ASM1313375v1_genomic_prodigal_proteins	2700	GCA_000332275.1_ASM33227v1_genomic_prodigal_proteins	4564	1017	51.67	12.32	37.67
GCA_013133755.1_ASM1313375v1_genomic_prodigal_proteins	2700	GCA_002252675.1_ASM225267v1_genomic_prodigal_proteins	3295	1596	66.25	13.73	59.11
GCA_013133755.1_ASM1313375v1_genomic_prodigal_proteins	2700	GCA_000737575.1_ASM73757v1_genomic_prodigal_proteins	2662	1828	71.07	13.81	68.67
GCA_013133755.1_ASM1313375v1_genomic_prodigal_proteins	2700	GCA_902596755.1_AG-916-D19_genomic_prodigal_proteins	1152	632	69.70	13.97	54.86
GCA_013133755.1_ASM1313375v1_genomic_prodigal_proteins	2700	GCA_003211455.1_ASM321145v1_genomic_prodigal_proteins	1186	665	69.55	14.33	56.07
GCA_013133755.1_ASM1313375v1_genomic_prodigal_proteins	2700	GCA_003208755.1_ASM320875v1_genomic_prodigal_proteins	690	440	69.95	14.13	63.77
GCA_013133755.1_ASM1313375v1_genomic_prodigal_proteins	2700	GCA_007571215.1_ASM757121v1_genomic_prodigal_proteins	1879	1123	60.43	13.01	59.77
GCA_013133755.1_ASM1313375v1_genomic_prodigal_proteins	2700	GCA_001007635.1_ASM100763v1_genomic_prodigal_proteins	2333	1030	61.02	12.74	44.15
GCA_013133755.1_ASM1313375v1_genomic_prodigal_proteins	2700	GCA_000179255.1_ASM17925v1_genomic_prodigal_proteins	2729	1679	66.38	13.90	62.19
GCA_013133755.1_ASM1313375v1_genomic_prodigal_proteins	2700	GCA_003208975.1_ASM320897v1_genomic_prodigal_proteins	1804	999	70.18	14.06	55.38
GCA_013133755.1_ASM1313375v1_genomic_prodigal_proteins	2700	GCA_012103655.1_ASM1210365v1_genomic_prodigal_proteins	2723	1916	74.01	12.79	70.96
GCA_013133755.1_ASM1313375v1_genomic_prodigal_proteins	2700	GCA_902582045.1_AG-912-B07_genomic_prodigal_proteins	196	82	70.01	14.19	41.84
GCA_013133755.1_ASM1313375v1_genomic_prodigal_proteins	2700	GCA_000153045.1_ASM15304v1_genomic_prodigal_proteins	3242	1638	66.22	13.85	60.67
GCA_013133755.1_ASM1313375v1_genomic_prodigal_proteins	2700	GCA_902549675.1_AG-903-B09_genomic_prodigal_proteins	836	435	70.87	14.37	52.03
GCA_013133755.1_ASM1313375v1_genomic_prodigal_proteins	2700	GCA_002018045.1_ASM201804v1_genomic_prodigal_proteins	1559	888	61.65	12.73	56.96
GCA_013133755.1_ASM1313375v1_genomic_prodigal_proteins	2700	GCA_004213055.1_ASM421305v1_genomic_prodigal_proteins	2241	1644	73.42	13.22	73.36
GCA_013133755.1_ASM1313375v1_genomic_prodigal_proteins	2700	GCA_007571085.1_ASM757108v1_genomic_prodigal_proteins	1784	1100	60.35	13.08	61.66
GCA_013133755.1_ASM1313375v1_genomic_prodigal_proteins	2700	GCA_009839805.1_ASM983980v1_genomic_prodigal_proteins	1848	777	58.83	12.41	42.05
GCA_013133755.1_ASM1313375v1_genomic_prodigal_proteins	2700	GCA_003210375.1_ASM321037v1_genomic_prodigal_proteins	2155	1337	69.75	13.99	62.04
GCA_013133755.1_ASM1313375v1_genomic_prodigal_proteins	2700	GCA_004332415.1_ASM433241v1_genomic_prodigal_proteins	2408	1826	74.26	13.05	75.83
GCA_013133755.1_ASM1313375v1_genomic_prodigal_proteins	2700	GCA_009836025.1_ASM983602v1_genomic_prodigal_proteins	2290	1148	60.65	12.95	50.13
GCA_013133755.1_ASM1313375v1_genomic_prodigal_proteins	2700	GCA_009843455.1_ASM984345v1_genomic_prodigal_proteins	2423	1126	60.61	12.82	46.47
GCA_013133755.1_ASM1313375v1_genomic_prodigal_proteins	2700	GCA_009843485.1_ASM984348v1_genomic_prodigal_proteins	2158	1149	60.94	12.82	53.24
GCA_013133755.1_ASM1313375v1_genomic_prodigal_proteins	2700	GCA_003283135.1_ASM328313v1_genomic_prodigal_proteins	459	179	70.38	14.72	39.00
GCA_013133755.1_ASM1313375v1_genomic_prodigal_proteins	2700	GCA_902635485.1_AG-447-G23_genomic_prodigal_proteins	327	133	65.35	15.43	40.67
GCA_013133755.1_ASM1313375v1_genomic_prodigal_proteins	2700	GCA_002760415.1_ASM276041v1_genomic_prodigal_proteins	2670	899	52.84	12.00	33.67
GCA_013133755.1_ASM1313375v1_genomic_prodigal_proteins	2700	GCA_002754935.1_ASM275493v1_genomic_prodigal_proteins	2664	959	53.36	12.52	36.00
GCA_013133755.1_ASM1313375v1_genomic_prodigal_proteins	2700	GCA_002171685.2_ASM217168v2_genomic_prodigal_proteins	811	666	75.03	12.13	82.12
GCA_013133755.1_ASM1313375v1_genomic_prodigal_proteins	2700	GCA_000737595.1_ASM73759v1_genomic_prodigal_proteins	2774	1825	70.57	14.08	67.59
GCA_013133755.1_ASM1313375v1_genomic_prodigal_proteins	2700	GCA_003331785.1_ASM333178v1_genomic_prodigal_proteins	2125	1700	74.36	12.54	80.00
GCA_013133755.1_ASM1313375v1_genomic_prodigal_proteins	2700	GCA_009842265.1_ASM984226v1_genomic_prodigal_proteins	2398	1138	60.67	12.89	47.46
GCA_013133755.1_ASM1313375v1_genomic_prodigal_proteins	2700	GCA_902579345.1_AG-911-L15_genomic_prodigal_proteins	248	113	67.41	16.15	45.56
GCA_013133755.1_ASM1313375v1_genomic_prodigal_proteins	2700	GCA_000011345.1_ASM1134v1_genomic_prodigal_proteins	2520	999	53.59	12.54	39.64
GCA_013133755.1_ASM1313375v1_genomic_prodigal_proteins	2700	GCA_003210705.1_ASM321070v1_genomic_prodigal_proteins	2244	1765	93.70	7.97	78.65
GCA_013133755.1_ASM1313375v1_genomic_prodigal_proteins	2700	GCA_000019485.1_ASM1948v1_genomic_prodigal_proteins	3233	1045	53.34	12.99	38.70
GCA_013133755.1_ASM1313375v1_genomic_prodigal_proteins	2700	GCA_003283055.1_ASM328305v1_genomic_prodigal_proteins	482	114	66.06	14.94	23.65
GCA_013133755.1_ASM1313375v1_genomic_prodigal_proteins	2700	GCA_000010065.1_ASM1006v1_genomic_prodigal_proteins	2691	1176	55.52	13.04	43.70
GCA_013133755.1_ASM1313375v1_genomic_prodigal_proteins	2700	GCA_000316685.1_ASM31668v1_genomic_prodigal_proteins	3706	1035	53.12	12.54	38.33
GCA_013133755.1_ASM1313375v1_genomic_prodigal_proteins	2700	GCA_000063525.1_ASM6352v1_genomic_prodigal_proteins	2540	1666	65.68	14.29	65.59
GCA_013133755.1_ASM1313375v1_genomic_prodigal_proteins	2700	GCA_003283165.1_ASM328316v1_genomic_prodigal_proteins	217	54	70.24	14.37	24.88
GCA_013133755.1_ASM1313375v1_genomic_prodigal_proteins	2700	GCA_902540675.1_AG-359-E22_genomic_prodigal_proteins	584	292	70.77	15.42	50.00
GCA_013133755.1_ASM1313375v1_genomic_prodigal_proteins	2700	GCA_011055065.1_ASM1105506v1_genomic_prodigal_proteins	2792	873	52.69	12.06	32.33
GCA_013133755.1_ASM1313375v1_genomic_prodigal_proteins	2700	GCA_000013205.1_ASM1320v1_genomic_prodigal_proteins	2750	906	52.85	11.95	33.56
GCA_013133755.1_ASM1313375v1_genomic_prodigal_proteins	2700	GCA_003539795.1_ASM353979v1_genomic_prodigal_proteins	2284	1374	69.74	13.28	60.16
GCA_013133755.1_ASM1313375v1_genomic_prodigal_proteins	2700	GCA_002171995.1_ASM217199v1_genomic_prodigal_proteins	1978	1065	72.77	13.36	53.84
GCA_013133755.1_ASM1313375v1_genomic_prodigal_proteins	2700	GCA_011523835.1_ASM1152383v1_genomic_prodigal_proteins	2468	1653	77.38	12.53	66.98
GCA_013133755.1_ASM1313375v1_genomic_prodigal_proteins	2700	GCA_002172175.1_ASM217217v1_genomic_prodigal_proteins	1846	1052	63.63	13.92	56.99
GCA_013133755.1_ASM1313375v1_genomic_prodigal_proteins	2700	GCA_003208835.1_ASM320883v1_genomic_prodigal_proteins	2208	1337	70.32	13.99	60.55
GCA_013133755.1_ASM1313375v1_genomic_prodigal_proteins	2700	GCA_902589915.1_AG-914-F20_genomic_prodigal_proteins	373	143	72.07	14.47	38.34
GCA_013133755.1_ASM1313375v1_genomic_prodigal_proteins	2700	GCA_000485815.1_ASM48581v1_genomic_prodigal_proteins	3083	1007	53.46	12.89	37.30
GCA_013133755.1_ASM1313375v1_genomic_prodigal_proteins	2700	GCA_008807075.1_ASM880707v1_genomic_prodigal_proteins	2925	1609	65.98	13.83	59.59
GCA_013133755.1_ASM1313375v1_genomic_prodigal_proteins	2700	GCA_000179235.2_ASM17923v2_genomic_prodigal_proteins	3071	1677	67.27	13.74	62.11
GCA_013133755.1_ASM1313375v1_genomic_prodigal_proteins	2700	GCA_003210795.1_ASM321079v1_genomic_prodigal_proteins	2239	1386	70.26	13.99	61.90
GCA_013133755.1_ASM1313375v1_genomic_prodigal_proteins	2700	GCA_002706715.1_ASM270671v1_genomic_prodigal_proteins	1148	893	71.01	13.68	77.79
GCA_013133755.1_ASM1313375v1_genomic_prodigal_proteins	2700	GCA_003331245.1_ASM333124v1_genomic_prodigal_proteins	2021	1502	70.70	13.47	74.32
GCA_013133755.1_ASM1313375v1_genomic_prodigal_proteins	2700	GCA_009843385.1_ASM984338v1_genomic_prodigal_proteins	2085	959	60.78	13.00	46.00
GCA_013133755.1_ASM1313375v1_genomic_prodigal_proteins	2700	GCA_003211205.1_ASM321120v1_genomic_prodigal_proteins	2288	1821	94.83	6.61	79.59
GCA_013133755.1_ASM1313375v1_genomic_prodigal_proteins	2700	GCA_000063505.1_ASM6350v1_genomic_prodigal_proteins	2558	1937	78.11	12.38	75.72
GCA_013133755.1_ASM1313375v1_genomic_prodigal_proteins	2700	GCA_900474245.1_UW179B_genomic_prodigal_proteins	2743	1917	74.05	12.82	71.00
GCA_013133755.1_ASM1313375v1_genomic_prodigal_proteins	2700	GCA_003210345.1_ASM321034v1_genomic_prodigal_proteins	1256	767	69.14	13.73	61.07
GCA_013133755.1_ASM1313375v1_genomic_prodigal_proteins	2700	GCA_003210315.1_ASM321031v1_genomic_prodigal_proteins	1815	1214	72.70	13.35	66.89
GCA_013133755.1_ASM1313375v1_genomic_prodigal_proteins	2700	GCA_009836155.1_ASM983615v1_genomic_prodigal_proteins	1947	1089	60.86	12.84	55.93
GCA_013133755.1_ASM1313375v1_genomic_prodigal_proteins	2700	GCA_003990665.2_ASM399066v2_genomic_prodigal_proteins	2499	1000	53.62	12.55	40.02
GCA_013133755.1_ASM1313375v1_genomic_prodigal_proteins	2700	GCA_003209135.1_ASM320913v1_genomic_prodigal_proteins	1719	977	69.21	14.32	56.84
GCA_013133755.1_ASM1313375v1_genomic_prodigal_proteins	2700	GCA_009845105.1_ASM984510v1_genomic_prodigal_proteins	1941	905	60.41	12.80	46.63
GCA_013133755.1_ASM1313375v1_genomic_prodigal_proteins	2700	GCA_002690325.1_ASM269032v1_genomic_prodigal_proteins	2554	1664	69.83	13.79	65.15
GCA_013133755.1_ASM1313375v1_genomic_prodigal_proteins	2700	GCA_000161795.2_ASM16179v2_genomic_prodigal_proteins	2407	1762	71.05	13.79	73.20
GCA_013133755.1_ASM1313375v1_genomic_prodigal_proteins	2700	GCA_004211895.1_ASM421189v1_genomic_prodigal_proteins	954	704	71.38	13.51	73.79
GCA_013133755.1_ASM1313375v1_genomic_prodigal_proteins	2700	GCA_003210735.1_ASM321073v1_genomic_prodigal_proteins	2337	1385	69.67	13.80	59.26
GCA_013133755.1_ASM1313375v1_genomic_prodigal_proteins	2700	GCA_003209035.1_ASM320903v1_genomic_prodigal_proteins	1803	1025	69.98	14.12	56.85
GCA_013133755.1_ASM1313375v1_genomic_prodigal_proteins	2700	GCA_003712085.1_ASM371208v1_genomic_prodigal_proteins	2745	1776	70.95	13.73	65.78
GCA_013133755.1_ASM1313375v1_genomic_prodigal_proteins	2700	GCA_003212155.1_ASM321215v1_genomic_prodigal_proteins	262	114	64.25	16.65	43.51
GCA_013133755.1_ASM1313375v1_genomic_prodigal_proteins	2700	GCA_001040845.1_ASM104084v1_genomic_prodigal_proteins	2917	1953	73.80	12.86	72.33
GCA_013133755.1_ASM1313375v1_genomic_prodigal_proteins	2700	GCA_002018015.1_ASM201801v1_genomic_prodigal_proteins	1578	863	61.76	12.80	54.69
GCA_013133755.1_ASM1313375v1_genomic_prodigal_proteins	2700	GCA_003211255.1_ASM321125v1_genomic_prodigal_proteins	1850	1054	69.55	13.92	56.97
GCA_013133755.1_ASM1313375v1_genomic_prodigal_proteins	2700	GCA_002721235.1_ASM272123v1_genomic_prodigal_proteins	3119	1045	53.39	12.90	38.70
GCA_013133755.1_ASM1313375v1_genomic_prodigal_proteins	2700	GCA_009839305.1_ASM983930v1_genomic_prodigal_proteins	1816	865	61.40	13.09	47.63
GCA_013133755.1_ASM1313375v1_genomic_prodigal_proteins	2700	GCA_011365345.1_ASM1136534v1_genomic_prodigal_proteins	2655	1845	70.66	14.11	69.49
GCA_013133755.1_ASM1313375v1_genomic_prodigal_proteins	2700	GCA_001039265.1_ASM103926v1_genomic_prodigal_proteins	2832	1108	67.96	14.02	41.04
GCA_013133755.1_ASM1313375v1_genomic_prodigal_proteins	2700	GCA_001628325.1_ASM162832v1_genomic_prodigal_proteins	2129	1587	71.14	13.61	74.54
GCA_013133755.1_ASM1313375v1_genomic_prodigal_proteins	2700	GCA_003209215.1_ASM320921v1_genomic_prodigal_proteins	1679	905	70.65	13.78	53.90
GCA_013133755.1_ASM1313375v1_genomic_prodigal_proteins	2700	GCA_002737305.1_ASM273730v1_genomic_prodigal_proteins	1951	1217	66.79	13.72	62.38
GCA_013133755.1_ASM1313375v1_genomic_prodigal_proteins	2700	GCA_003210515.1_ASM321051v1_genomic_prodigal_proteins	1673	1046	69.04	14.08	62.52
GCA_013133755.1_ASM1313375v1_genomic_prodigal_proteins	2700	GCA_011525445.1_ASM1152544v1_genomic_prodigal_proteins	3208	1550	72.46	12.87	57.41
GCA_013133755.1_ASM1313375v1_genomic_prodigal_proteins	2700	GCA_902599435.1_AG-916-N22_genomic_prodigal_proteins	793	439	72.12	14.27	55.36
GCA_013133755.1_ASM1313375v1_genomic_prodigal_proteins	2700	GCA_003149585.1_ASM314958v1_genomic_prodigal_proteins	2600	1705	66.44	14.02	65.58
GCA_013133755.1_ASM1313375v1_genomic_prodigal_proteins	2700	GCA_902560665.1_AG-905-O11_genomic_prodigal_proteins	401	196	71.08	14.77	48.88
GCA_013133755.1_ASM1313375v1_genomic_prodigal_proteins	2700	GCA_003331795.1_ASM333179v1_genomic_prodigal_proteins	1948	1329	65.23	14.49	68.22
GCA_013133755.1_ASM1313375v1_genomic_prodigal_proteins	2700	GCA_002017955.1_ASM201795v1_genomic_prodigal_proteins	512	246	61.27	12.58	48.05
GCA_013133755.1_ASM1313375v1_genomic_prodigal_proteins	2700	GCA_902584485.1_AG-912-O23_genomic_prodigal_proteins	535	236	68.80	14.96	44.11
GCA_013133755.1_ASM1313375v1_genomic_prodigal_proteins	2700	GCA_902527915.1_AG-896-G19_genomic_prodigal_proteins	1003	584	70.53	13.82	58.23
GCA_013133755.1_ASM1313375v1_genomic_prodigal_proteins	2700	GCA_902635365.1_AG-447-D19_genomic_prodigal_proteins	1690	921	70.27	14.07	54.50
GCA_013133755.1_ASM1313375v1_genomic_prodigal_proteins	2700	GCA_900474085.1_UW86_genomic_prodigal_proteins	2403	1761	71.06	13.87	73.28
GCA_013133755.1_ASM1313375v1_genomic_prodigal_proteins	2700	GCA_001885215.1_ASM188521v1_genomic_prodigal_proteins	2897	1596	65.64	13.48	59.11
GCA_013133755.1_ASM1313375v1_genomic_prodigal_proteins	2700	GCA_902575935.1_AG-426-B22_genomic_prodigal_proteins	254	160	73.66	14.20	62.99
GCA_013133755.1_ASM1313375v1_genomic_prodigal_proteins	2700	GCA_900474295.1_UW140_genomic_prodigal_proteins	2925	1941	72.96	13.33	71.89
GCA_013133755.1_ASM1313375v1_genomic_prodigal_proteins	2700	GCA_003211565.1_ASM321156v1_genomic_prodigal_proteins	1489	820	69.95	14.32	55.07
GCA_013133755.1_ASM1313375v1_genomic_prodigal_proteins	2700	GCA_003526105.1_ASM352610v1_genomic_prodigal_proteins	1581	939	71.49	13.87	59.39
GCA_013133755.1_ASM1313375v1_genomic_prodigal_proteins	2700	GCA_002172935.1_ASM217293v1_genomic_prodigal_proteins	1996	1471	77.46	11.92	73.70
GCA_013133755.1_ASM1313375v1_genomic_prodigal_proteins	2700	GCA_003210335.1_ASM321033v1_genomic_prodigal_proteins	942	514	86.95	13.53	54.56
GCA_013133755.1_ASM1313375v1_genomic_prodigal_proteins	2700	GCA_009846115.1_ASM984611v1_genomic_prodigal_proteins	2048	1014	60.91	12.79	49.51
GCA_013133755.1_ASM1313375v1_genomic_prodigal_proteins	2700	GCA_001693295.1_ASM169329v1_genomic_prodigal_proteins	3183	1042	53.39	12.94	38.59
GCA_013133755.1_ASM1313375v1_genomic_prodigal_proteins	2700	GCA_900473965.1_UW179A_genomic_prodigal_proteins	3383	2281	90.52	8.77	84.48
GCA_013133755.1_ASM1313375v1_genomic_prodigal_proteins	2700	GCA_003213755.1_ASM321375v1_genomic_prodigal_proteins	1050	615	65.27	14.56	58.57
GCA_013133755.1_ASM1313375v1_genomic_prodigal_proteins	2700	GCA_003209155.1_ASM320915v1_genomic_prodigal_proteins	2305	1797	94.29	6.85	77.96
GCA_013133755.1_ASM1313375v1_genomic_prodigal_proteins	2700	GCA_003211515.1_ASM321151v1_genomic_prodigal_proteins	2451	1226	69.06	14.51	50.02
GCA_013133755.1_ASM1313375v1_genomic_prodigal_proteins	2700	GCA_002693285.1_ASM269328v1_genomic_prodigal_proteins	2440	1743	79.96	11.61	71.43
GCA_013133755.1_ASM1313375v1_genomic_prodigal_proteins	2700	GCA_003210555.1_ASM321055v1_genomic_prodigal_proteins	1847	1135	72.92	12.94	61.45
GCA_013133755.1_ASM1313375v1_genomic_prodigal_proteins	2700	GCA_000155595.1_ASM15559v1_genomic_prodigal_proteins	5270	1111	52.53	12.81	41.15
GCA_013133755.1_ASM1313375v1_genomic_prodigal_proteins	2700	GCA_001007665.1_ASM100766v1_genomic_prodigal_proteins	2356	1165	60.61	12.82	49.45
GCA_013133755.1_ASM1313375v1_genomic_prodigal_proteins	2700	GCA_009919765.1_ASM991976v1_genomic_prodigal_proteins	2524	1112	65.28	14.06	44.06
GCA_013133755.1_ASM1313375v1_genomic_prodigal_proteins	2700	GCA_003331225.1_ASM333122v1_genomic_prodigal_proteins	2113	1429	65.50	14.00	67.63
GCA_013133755.1_ASM1313375v1_genomic_prodigal_proteins	2700	GCA_900177825.1_IMG-taxon_2708742468_annotated_assembly_genomic_prodigal_proteins	3317	1032	53.37	13.01	38.22
GCA_013133755.1_ASM1313375v1_genomic_prodigal_proteins	2700	GCA_000195975.1_ASM19597v1_genomic_prodigal_proteins	2719	1770	71.10	13.77	65.56
GCA_013133755.1_ASM1313375v1_genomic_prodigal_proteins	2700	GCA_902618885.1_AG-920-D15_genomic_prodigal_proteins	1178	684	71.74	14.44	58.06
GCA_013133755.1_ASM1313375v1_genomic_prodigal_proteins	2700	GCA_003209165.1_ASM320916v1_genomic_prodigal_proteins	2711	1532	70.51	14.02	56.74
GCA_013133755.1_ASM1313375v1_genomic_prodigal_proteins	2700	GCA_001007625.1_ASM100762v1_genomic_prodigal_proteins	2478	1032	60.73	13.18	41.65
GCA_013133755.1_ASM1313375v1_genomic_prodigal_proteins	2700	GCA_008386235.1_ASM838623v1_genomic_prodigal_proteins	2571	1010	53.40	12.69	39.28
GCA_013133755.1_ASM1313375v1_genomic_prodigal_proteins	2700	GCA_001631935.1_ASM163193v1_genomic_prodigal_proteins	3526	2268	90.51	8.44	84.00
GCA_013133755.1_ASM1313375v1_genomic_prodigal_proteins	2700	GCA_002151525.1_ASM215152v1_genomic_prodigal_proteins	1628	1104	63.51	14.02	67.81
GCA_013133755.1_ASM1313375v1_genomic_prodigal_proteins	2700	GCA_000153065.1_ASM15306v1_genomic_prodigal_proteins	2704	1804	74.30	12.92	66.81
GCA_013133755.1_ASM1313375v1_genomic_prodigal_proteins	2700	GCA_009837265.1_ASM983726v1_genomic_prodigal_proteins	2126	1083	60.88	12.78	50.94
GCA_013133755.1_ASM1313375v1_genomic_prodigal_proteins	2700	GCA_902533725.1_AG-898-C20_genomic_prodigal_proteins	421	157	69.09	13.97	37.29
GCA_013133755.1_ASM1313375v1_genomic_prodigal_proteins	2700	GCA_002171075.2_ASM217107v2_genomic_prodigal_proteins	1919	1207	63.88	13.72	62.90
GCA_013133755.1_ASM1313375v1_genomic_prodigal_proteins	2700	GCA_002760395.1_ASM276039v1_genomic_prodigal_proteins	2661	892	52.78	12.03	33.52
GCA_013133755.1_ASM1313375v1_genomic_prodigal_proteins	2700	GCA_003209005.1_ASM320900v1_genomic_prodigal_proteins	2548	2039	97.35	5.99	80.02
GCA_013133755.1_ASM1313375v1_genomic_prodigal_proteins	2700	GCA_002017915.1_ASM201791v1_genomic_prodigal_proteins	623	316	63.01	13.46	50.72
GCA_013133755.1_ASM1313375v1_genomic_prodigal_proteins	2700	GCA_900047545.1_m9_genomic_prodigal_proteins	1575	898	60.91	12.81	57.02
GCA_013133755.1_ASM1313375v1_genomic_prodigal_proteins	2700	GCA_001632105.1_ASM163210v1_genomic_prodigal_proteins	3521	2280	90.50	8.47	84.44
GCA_013133755.1_ASM1313375v1_genomic_prodigal_proteins	2700	GCA_004212765.1_ASM421276v1_genomic_prodigal_proteins	1162	836	70.69	13.44	71.94
GCA_013133755.1_ASM1313375v1_genomic_prodigal_proteins	2700	GCA_002685515.1_ASM268551v1_genomic_prodigal_proteins	1286	1100	90.86	7.83	85.54
GCA_013133755.1_ASM1313375v1_genomic_prodigal_proteins	2700	GCA_007828135.1_ASM782813v1_genomic_prodigal_proteins	2917	1599	65.68	13.51	59.22
GCA_013133755.1_ASM1313375v1_genomic_prodigal_proteins	2700	GCA_011047875.1_ASM1104787v1_genomic_prodigal_proteins	2810	902	52.71	12.03	33.41
GCA_013133755.1_ASM1313375v1_genomic_prodigal_proteins	2700	GCA_009840445.1_ASM984044v1_genomic_prodigal_proteins	2167	1178	60.91	12.82	54.36
GCA_013133755.1_ASM1313375v1_genomic_prodigal_proteins	2700	GCA_003210995.1_ASM321099v1_genomic_prodigal_proteins	2385	1755	94.07	7.42	73.58
GCA_013133755.1_ASM1313375v1_genomic_prodigal_proteins	2700	GCA_902616995.1_AG-919-L20_genomic_prodigal_proteins	654	352	71.36	13.53	53.82
GCA_013133755.1_ASM1313375v1_genomic_prodigal_proteins	2700	GCA_009845825.1_ASM984582v1_genomic_prodigal_proteins	2168	1005	60.97	12.84	46.36
GCA_013133755.1_ASM1313375v1_genomic_prodigal_proteins	2700	GCA_000515235.1_ASM51523v1_genomic_prodigal_proteins	2873	1830	70.30	14.07	67.78
GCA_013133755.1_ASM1313375v1_genomic_prodigal_proteins	2700	GCA_003523965.1_ASM352396v1_genomic_prodigal_proteins	1735	758	61.84	13.10	43.69
GCA_013133755.1_ASM1313375v1_genomic_prodigal_proteins	2700	GCA_002684175.1_ASM268417v1_genomic_prodigal_proteins	1819	1083	69.08	13.22	59.54
GCA_013133755.1_ASM1313375v1_genomic_prodigal_proteins	2700	GCA_011523295.1_ASM1152329v1_genomic_prodigal_proteins	2851	1411	69.07	13.73	52.26
GCA_013133755.1_ASM1313375v1_genomic_prodigal_proteins	2700	GCA_003211015.1_ASM321101v1_genomic_prodigal_proteins	2128	1764	97.53	5.65	82.89
GCA_013133755.1_ASM1313375v1_genomic_prodigal_proteins	2700	GCA_002006815.1_ASM200681v1_genomic_prodigal_proteins	1973	1367	64.23	13.87	69.29
GCA_002167425.2_ASM216742v2_genomic_prodigal_proteins	2822	GCA_009844645.1_ASM984464v1_genomic_prodigal_proteins	1983	960	60.41	12.72	48.41
GCA_002167425.2_ASM216742v2_genomic_prodigal_proteins	2822	GCA_008081095.1_ASM808109v1_genomic_prodigal_proteins	1533	943	75.36	13.10	61.51
GCA_002167425.2_ASM216742v2_genomic_prodigal_proteins	2822	GCA_000014585.1_ASM1458v1_genomic_prodigal_proteins	2879	1606	68.98	13.72	56.91
GCA_002167425.2_ASM216742v2_genomic_prodigal_proteins	2822	GCA_000317085.1_ASM31708v1_genomic_prodigal_proteins	3673	838	51.70	11.70	29.70
GCA_002167425.2_ASM216742v2_genomic_prodigal_proteins	2822	GCA_013133755.1_ASM1313375v1_genomic_prodigal_proteins	2700	1592	69.47	13.88	58.96
GCA_002167425.2_ASM216742v2_genomic_prodigal_proteins	2822	GCA_003210475.1_ASM321047v1_genomic_prodigal_proteins	1514	780	69.40	14.71	51.52
GCA_002167425.2_ASM216742v2_genomic_prodigal_proteins	2822	GCA_003208815.1_ASM320881v1_genomic_prodigal_proteins	1352	679	72.10	14.08	50.22
GCA_002167425.2_ASM216742v2_genomic_prodigal_proteins	2822	GCA_000012505.1_ASM1250v1_genomic_prodigal_proteins	2461	1674	73.63	12.91	68.02
GCA_002167425.2_ASM216742v2_genomic_prodigal_proteins	2822	GCA_000153825.1_ASM15382v1_genomic_prodigal_proteins	2811	1643	69.82	13.85	58.45
GCA_002167425.2_ASM216742v2_genomic_prodigal_proteins	2822	GCA_002760475.1_ASM276047v1_genomic_prodigal_proteins	2647	779	52.34	11.64	29.43
GCA_002167425.2_ASM216742v2_genomic_prodigal_proteins	2822	GCA_003210565.1_ASM321056v1_genomic_prodigal_proteins	836	411	68.53	14.64	49.16
GCA_002167425.2_ASM216742v2_genomic_prodigal_proteins	2822	GCA_902618505.1_AG-892-K03_genomic_prodigal_proteins	959	386	73.83	14.73	40.25
GCA_002167425.2_ASM216742v2_genomic_prodigal_proteins	2822	GCA_005577135.1_ASM557713v1_genomic_prodigal_proteins	3356	917	52.88	12.41	32.49
GCA_002167425.2_ASM216742v2_genomic_prodigal_proteins	2822	GCA_003846445.1_ASM384644v1_genomic_prodigal_proteins	2740	1011	54.94	12.74	36.90
GCA_002167425.2_ASM216742v2_genomic_prodigal_proteins	2822	GCA_000505665.1_ASM50566v1_genomic_prodigal_proteins	2466	867	53.04	12.06	35.16
GCA_002167425.2_ASM216742v2_genomic_prodigal_proteins	2822	GCA_902616255.1_AG-919-I18_genomic_prodigal_proteins	1046	663	76.40	13.08	63.38
GCA_002167425.2_ASM216742v2_genomic_prodigal_proteins	2822	GCA_001182765.1_WH8103.1_genomic_prodigal_proteins	2676	1771	75.08	13.28	66.18
GCA_002167425.2_ASM216742v2_genomic_prodigal_proteins	2822	GCA_002760375.1_ASM276037v1_genomic_prodigal_proteins	2702	780	52.48	11.55	28.87
GCA_002167425.2_ASM216742v2_genomic_prodigal_proteins	2822	GCA_902592305.1_AG-914-O22_genomic_prodigal_proteins	179	98	71.93	16.58	54.75
GCA_002167425.2_ASM216742v2_genomic_prodigal_proteins	2822	GCA_001632165.1_ASM163216v1_genomic_prodigal_proteins	2830	1606	69.49	13.65	56.91
GCA_002167425.2_ASM216742v2_genomic_prodigal_proteins	2822	GCA_004332405.1_ASM433240v1_genomic_prodigal_proteins	2437	1581	70.37	13.73	64.87
GCA_002167425.2_ASM216742v2_genomic_prodigal_proteins	2822	GCA_900473975.1_N26_genomic_prodigal_proteins	2454	1628	75.28	12.95	66.34
GCA_002167425.2_ASM216742v2_genomic_prodigal_proteins	2822	GCA_902612475.1_AG-918-G20_genomic_prodigal_proteins	502	236	70.39	15.96	47.01
GCA_002167425.2_ASM216742v2_genomic_prodigal_proteins	2822	GCA_000775285.1_ASM77528v1_genomic_prodigal_proteins	4812	829	53.03	12.45	29.38
GCA_002167425.2_ASM216742v2_genomic_prodigal_proteins	2822	GCA_002698505.1_ASM269850v1_genomic_prodigal_proteins	2471	1481	69.63	13.41	59.94
GCA_002167425.2_ASM216742v2_genomic_prodigal_proteins	2822	GCA_002252665.1_ASM225266v1_genomic_prodigal_proteins	2771	1430	65.77	13.72	51.61
GCA_002167425.2_ASM216742v2_genomic_prodigal_proteins	2822	GCA_003555505.1_ASM355550v1_genomic_prodigal_proteins	3351	665	53.32	12.45	23.56
GCA_002167425.2_ASM216742v2_genomic_prodigal_proteins	2822	GCA_900474015.1_UW106_genomic_prodigal_proteins	2762	1750	74.46	13.40	63.36
GCA_002167425.2_ASM216742v2_genomic_prodigal_proteins	2822	GCA_000715475.1_ASM71547v1_genomic_prodigal_proteins	3299	903	52.98	12.43	32.00
GCA_002167425.2_ASM216742v2_genomic_prodigal_proteins	2822	GCA_001628295.1_ASM162829v1_genomic_prodigal_proteins	2145	1510	75.29	12.96	70.40
GCA_002167425.2_ASM216742v2_genomic_prodigal_proteins	2822	GCA_003208775.1_ASM320877v1_genomic_prodigal_proteins	1808	971	68.21	13.69	53.71
GCA_002167425.2_ASM216742v2_genomic_prodigal_proteins	2822	GCA_003210975.1_ASM321097v1_genomic_prodigal_proteins	627	398	74.09	13.58	63.48
GCA_002167425.2_ASM216742v2_genomic_prodigal_proteins	2822	GCA_003208915.1_ASM320891v1_genomic_prodigal_proteins	1208	671	72.76	13.59	55.55
GCA_002167425.2_ASM216742v2_genomic_prodigal_proteins	2822	GCA_009837735.1_ASM983773v1_genomic_prodigal_proteins	2041	825	60.59	12.59	40.42
GCA_002167425.2_ASM216742v2_genomic_prodigal_proteins	2822	GCA_902548805.1_AG-901-N20_genomic_prodigal_proteins	158	45	71.73	15.08	28.48
GCA_002167425.2_ASM216742v2_genomic_prodigal_proteins	2822	GCA_003211235.1_ASM321123v1_genomic_prodigal_proteins	1698	940	73.82	13.25	55.36
GCA_002167425.2_ASM216742v2_genomic_prodigal_proteins	2822	GCA_004209775.1_ASM420977v1_genomic_prodigal_proteins	2798	1591	70.28	13.40	56.86
GCA_002167425.2_ASM216742v2_genomic_prodigal_proteins	2822	GCA_003283215.1_ASM328321v1_genomic_prodigal_proteins	239	48	66.46	17.01	20.08
GCA_002167425.2_ASM216742v2_genomic_prodigal_proteins	2822	GCA_003209555.1_ASM320955v1_genomic_prodigal_proteins	908	360	63.89	13.95	39.65
GCA_002167425.2_ASM216742v2_genomic_prodigal_proteins	2822	GCA_000153805.1_ASM15380v1_genomic_prodigal_proteins	2517	1671	73.45	13.04	66.39
GCA_002167425.2_ASM216742v2_genomic_prodigal_proteins	2822	GCA_003283205.1_ASM328320v1_genomic_prodigal_proteins	274	54	63.79	15.91	19.71
GCA_002167425.2_ASM216742v2_genomic_prodigal_proteins	2822	GCA_900473925.1_N5_genomic_prodigal_proteins	2417	1611	75.32	12.97	66.65
GCA_002167425.2_ASM216742v2_genomic_prodigal_proteins	2822	GCA_902592665.1_AG-447-E14_genomic_prodigal_proteins	1111	527	71.55	14.21	47.43
GCA_002167425.2_ASM216742v2_genomic_prodigal_proteins	2822	GCA_011523155.1_ASM1152315v1_genomic_prodigal_proteins	2101	1148	68.36	13.13	54.64
GCA_002167425.2_ASM216742v2_genomic_prodigal_proteins	2822	GCA_003211275.1_ASM321127v1_genomic_prodigal_proteins	2168	1118	68.07	13.99	51.57
GCA_002167425.2_ASM216742v2_genomic_prodigal_proteins	2822	GCA_003957805.1_ASM395780v1_genomic_prodigal_proteins	2887	1044	54.98	12.74	37.00
GCA_002167425.2_ASM216742v2_genomic_prodigal_proteins	2822	GCA_012270465.1_ASM1227046v1_genomic_prodigal_proteins	2311	1215	63.90	13.72	52.57
GCA_002167425.2_ASM216742v2_genomic_prodigal_proteins	2822	GCA_001693255.1_ASM169325v1_genomic_prodigal_proteins	3177	913	52.89	12.39	32.35
GCA_002167425.2_ASM216742v2_genomic_prodigal_proteins	2822	GCA_003210385.1_ASM321038v1_genomic_prodigal_proteins	286	209	68.68	13.40	73.08
GCA_002167425.2_ASM216742v2_genomic_prodigal_proteins	2822	GCA_002170705.1_ASM217070v1_genomic_prodigal_proteins	1392	971	75.87	12.68	69.76
GCA_002167425.2_ASM216742v2_genomic_prodigal_proteins	2822	GCA_002356215.1_ASM235621v1_genomic_prodigal_proteins	2953	897	52.98	12.43	31.79
GCA_002167425.2_ASM216742v2_genomic_prodigal_proteins	2822	GCA_003210935.1_ASM321093v1_genomic_prodigal_proteins	1868	1088	69.13	14.23	58.24
GCA_002167425.2_ASM216742v2_genomic_prodigal_proteins	2822	GCA_003210535.1_ASM321053v1_genomic_prodigal_proteins	1257	678	71.71	13.13	53.94
GCA_002167425.2_ASM216742v2_genomic_prodigal_proteins	2822	GCA_002724845.1_ASM272484v1_genomic_prodigal_proteins	1589	1149	74.81	12.76	72.31
GCA_002167425.2_ASM216742v2_genomic_prodigal_proteins	2822	GCA_000153285.1_ASM15328v1_genomic_prodigal_proteins	2746	1644	69.57	13.86	59.87
GCA_002167425.2_ASM216742v2_genomic_prodigal_proteins	2822	GCA_003211035.1_ASM321103v1_genomic_prodigal_proteins	530	349	73.31	13.10	65.85
GCA_002167425.2_ASM216742v2_genomic_prodigal_proteins	2822	GCA_001521855.1_ASM152185v1_genomic_prodigal_proteins	3144	919	52.89	12.39	32.57
GCA_002167425.2_ASM216742v2_genomic_prodigal_proteins	2822	GCA_009835965.1_ASM983596v1_genomic_prodigal_proteins	2105	1023	60.28	12.66	48.60
GCA_002167425.2_ASM216742v2_genomic_prodigal_proteins	2822	GCA_012269695.1_ASM1226969v1_genomic_prodigal_proteins	2043	1034	64.58	13.55	50.61
GCA_002167425.2_ASM216742v2_genomic_prodigal_proteins	2822	GCA_000737535.1_ASM73753v1_genomic_prodigal_proteins	3013	2064	88.03	8.98	73.14
GCA_002167425.2_ASM216742v2_genomic_prodigal_proteins	2822	GCA_000586015.1_SynSpo.0_genomic_prodigal_proteins	1907	828	61.07	13.12	43.42
GCA_002167425.2_ASM216742v2_genomic_prodigal_proteins	2822	GCA_002760345.1_ASM276034v1_genomic_prodigal_proteins	2731	792	52.38	11.58	29.00
GCA_002167425.2_ASM216742v2_genomic_prodigal_proteins	2822	GCA_000013225.1_ASM1322v1_genomic_prodigal_proteins	2844	796	52.25	11.64	28.21
GCA_002167425.2_ASM216742v2_genomic_prodigal_proteins	2822	GCA_000332275.1_ASM33227v1_genomic_prodigal_proteins	4564	916	51.14	12.02	32.46
GCA_002167425.2_ASM216742v2_genomic_prodigal_proteins	2822	GCA_002252675.1_ASM225267v1_genomic_prodigal_proteins	3295	1416	65.56	13.45	50.18
GCA_002167425.2_ASM216742v2_genomic_prodigal_proteins	2822	GCA_000737575.1_ASM73757v1_genomic_prodigal_proteins	2662	1818	76.32	12.70	68.29
GCA_002167425.2_ASM216742v2_genomic_prodigal_proteins	2822	GCA_902596755.1_AG-916-D19_genomic_prodigal_proteins	1152	646	72.75	14.52	56.08
GCA_002167425.2_ASM216742v2_genomic_prodigal_proteins	2822	GCA_003211455.1_ASM321145v1_genomic_prodigal_proteins	1186	676	73.95	13.69	57.00
GCA_002167425.2_ASM216742v2_genomic_prodigal_proteins	2822	GCA_003208755.1_ASM320875v1_genomic_prodigal_proteins	690	378	72.85	13.48	54.78
GCA_002167425.2_ASM216742v2_genomic_prodigal_proteins	2822	GCA_007571215.1_ASM757121v1_genomic_prodigal_proteins	1879	1005	59.99	12.83	53.49
GCA_002167425.2_ASM216742v2_genomic_prodigal_proteins	2822	GCA_001007635.1_ASM100763v1_genomic_prodigal_proteins	2333	929	60.57	12.39	39.82
GCA_002167425.2_ASM216742v2_genomic_prodigal_proteins	2822	GCA_000179255.1_ASM17925v1_genomic_prodigal_proteins	2729	1454	65.69	13.62	53.28
GCA_002167425.2_ASM216742v2_genomic_prodigal_proteins	2822	GCA_003208975.1_ASM320897v1_genomic_prodigal_proteins	1804	939	72.95	13.79	52.05
GCA_002167425.2_ASM216742v2_genomic_prodigal_proteins	2822	GCA_012103655.1_ASM1210365v1_genomic_prodigal_proteins	2723	1634	69.20	13.62	60.01
GCA_002167425.2_ASM216742v2_genomic_prodigal_proteins	2822	GCA_902582045.1_AG-912-B07_genomic_prodigal_proteins	196	80	66.26	16.00	40.82
GCA_002167425.2_ASM216742v2_genomic_prodigal_proteins	2822	GCA_000153045.1_ASM15304v1_genomic_prodigal_proteins	3242	1467	65.58	13.52	51.98
GCA_002167425.2_ASM216742v2_genomic_prodigal_proteins	2822	GCA_902549675.1_AG-903-B09_genomic_prodigal_proteins	836	457	73.64	14.47	54.67
GCA_002167425.2_ASM216742v2_genomic_prodigal_proteins	2822	GCA_002018045.1_ASM201804v1_genomic_prodigal_proteins	1559	775	61.34	12.60	49.71
GCA_002167425.2_ASM216742v2_genomic_prodigal_proteins	2822	GCA_004213055.1_ASM421305v1_genomic_prodigal_proteins	2241	1421	70.19	13.60	63.41
GCA_002167425.2_ASM216742v2_genomic_prodigal_proteins	2822	GCA_007571085.1_ASM757108v1_genomic_prodigal_proteins	1784	987	59.91	12.87	55.33
GCA_002167425.2_ASM216742v2_genomic_prodigal_proteins	2822	GCA_009839805.1_ASM983980v1_genomic_prodigal_proteins	1848	693	58.41	12.29	37.50
GCA_002167425.2_ASM216742v2_genomic_prodigal_proteins	2822	GCA_003210375.1_ASM321037v1_genomic_prodigal_proteins	2155	1255	73.29	12.80	58.24
GCA_002167425.2_ASM216742v2_genomic_prodigal_proteins	2822	GCA_004332415.1_ASM433241v1_genomic_prodigal_proteins	2408	1596	70.46	13.45	66.28
GCA_002167425.2_ASM216742v2_genomic_prodigal_proteins	2822	GCA_009836025.1_ASM983602v1_genomic_prodigal_proteins	2290	1016	60.27	12.63	44.37
GCA_002167425.2_ASM216742v2_genomic_prodigal_proteins	2822	GCA_009843455.1_ASM984345v1_genomic_prodigal_proteins	2423	1003	60.23	12.63	41.39
GCA_002167425.2_ASM216742v2_genomic_prodigal_proteins	2822	GCA_009843485.1_ASM984348v1_genomic_prodigal_proteins	2158	1018	60.30	12.65	47.17
GCA_002167425.2_ASM216742v2_genomic_prodigal_proteins	2822	GCA_003283135.1_ASM328313v1_genomic_prodigal_proteins	459	116	66.96	15.08	25.27
GCA_002167425.2_ASM216742v2_genomic_prodigal_proteins	2822	GCA_902635485.1_AG-447-G23_genomic_prodigal_proteins	327	123	68.23	15.33	37.61
GCA_002167425.2_ASM216742v2_genomic_prodigal_proteins	2822	GCA_002760415.1_ASM276041v1_genomic_prodigal_proteins	2670	776	52.48	11.59	29.06
GCA_002167425.2_ASM216742v2_genomic_prodigal_proteins	2822	GCA_002754935.1_ASM275493v1_genomic_prodigal_proteins	2664	848	52.70	12.14	31.83
GCA_002167425.2_ASM216742v2_genomic_prodigal_proteins	2822	GCA_002171685.2_ASM217168v2_genomic_prodigal_proteins	811	604	70.27	13.14	74.48
GCA_002167425.2_ASM216742v2_genomic_prodigal_proteins	2822	GCA_000737595.1_ASM73759v1_genomic_prodigal_proteins	2774	1728	74.54	13.24	62.29
GCA_002167425.2_ASM216742v2_genomic_prodigal_proteins	2822	GCA_003331785.1_ASM333178v1_genomic_prodigal_proteins	2125	1478	69.64	13.41	69.55
GCA_002167425.2_ASM216742v2_genomic_prodigal_proteins	2822	GCA_009842265.1_ASM984226v1_genomic_prodigal_proteins	2398	1012	60.33	12.60	42.20
GCA_002167425.2_ASM216742v2_genomic_prodigal_proteins	2822	GCA_902579345.1_AG-911-L15_genomic_prodigal_proteins	248	122	68.60	15.22	49.19
GCA_002167425.2_ASM216742v2_genomic_prodigal_proteins	2822	GCA_000011345.1_ASM1134v1_genomic_prodigal_proteins	2520	882	52.99	12.18	35.00
GCA_002167425.2_ASM216742v2_genomic_prodigal_proteins	2822	GCA_003210705.1_ASM321070v1_genomic_prodigal_proteins	2244	1184	68.77	14.05	52.76
GCA_002167425.2_ASM216742v2_genomic_prodigal_proteins	2822	GCA_000019485.1_ASM1948v1_genomic_prodigal_proteins	3233	920	52.88	12.44	32.60
GCA_002167425.2_ASM216742v2_genomic_prodigal_proteins	2822	GCA_003283055.1_ASM328305v1_genomic_prodigal_proteins	482	76	66.93	13.43	15.77
GCA_002167425.2_ASM216742v2_genomic_prodigal_proteins	2822	GCA_000010065.1_ASM1006v1_genomic_prodigal_proteins	2691	1029	55.00	12.78	38.24
GCA_002167425.2_ASM216742v2_genomic_prodigal_proteins	2822	GCA_000316685.1_ASM31668v1_genomic_prodigal_proteins	3706	923	52.55	12.09	32.71
GCA_002167425.2_ASM216742v2_genomic_prodigal_proteins	2822	GCA_000063525.1_ASM6352v1_genomic_prodigal_proteins	2540	1467	64.73	14.07	57.76
GCA_002167425.2_ASM216742v2_genomic_prodigal_proteins	2822	GCA_003283165.1_ASM328316v1_genomic_prodigal_proteins	217	90	69.26	16.65	41.47
GCA_002167425.2_ASM216742v2_genomic_prodigal_proteins	2822	GCA_902540675.1_AG-359-E22_genomic_prodigal_proteins	584	273	74.16	15.81	46.75
GCA_002167425.2_ASM216742v2_genomic_prodigal_proteins	2822	GCA_011055065.1_ASM1105506v1_genomic_prodigal_proteins	2792	754	52.44	11.71	27.01
GCA_002167425.2_ASM216742v2_genomic_prodigal_proteins	2822	GCA_000013205.1_ASM1320v1_genomic_prodigal_proteins	2750	795	52.39	11.59	28.91
GCA_002167425.2_ASM216742v2_genomic_prodigal_proteins	2822	GCA_003539795.1_ASM353979v1_genomic_prodigal_proteins	2284	1416	75.31	12.57	62.00
GCA_002167425.2_ASM216742v2_genomic_prodigal_proteins	2822	GCA_002171995.1_ASM217199v1_genomic_prodigal_proteins	1978	956	69.80	14.07	48.33
GCA_002167425.2_ASM216742v2_genomic_prodigal_proteins	2822	GCA_011523835.1_ASM1152383v1_genomic_prodigal_proteins	2468	1391	70.05	13.71	56.36
GCA_002167425.2_ASM216742v2_genomic_prodigal_proteins	2822	GCA_002172175.1_ASM217217v1_genomic_prodigal_proteins	1846	980	64.58	14.69	53.09
GCA_002167425.2_ASM216742v2_genomic_prodigal_proteins	2822	GCA_003208835.1_ASM320883v1_genomic_prodigal_proteins	2208	1230	73.45	13.26	55.71
GCA_002167425.2_ASM216742v2_genomic_prodigal_proteins	2822	GCA_902589915.1_AG-914-F20_genomic_prodigal_proteins	373	111	73.63	15.28	29.76
GCA_002167425.2_ASM216742v2_genomic_prodigal_proteins	2822	GCA_000485815.1_ASM48581v1_genomic_prodigal_proteins	3083	883	52.95	12.47	31.29
GCA_002167425.2_ASM216742v2_genomic_prodigal_proteins	2822	GCA_008807075.1_ASM880707v1_genomic_prodigal_proteins	2925	1452	65.06	13.67	51.45
GCA_002167425.2_ASM216742v2_genomic_prodigal_proteins	2822	GCA_000179235.2_ASM17923v2_genomic_prodigal_proteins	3071	1462	65.99	13.68	51.81
GCA_002167425.2_ASM216742v2_genomic_prodigal_proteins	2822	GCA_003210795.1_ASM321079v1_genomic_prodigal_proteins	2239	1285	73.20	13.41	57.39
GCA_002167425.2_ASM216742v2_genomic_prodigal_proteins	2822	GCA_002706715.1_ASM270671v1_genomic_prodigal_proteins	1148	826	74.16	13.23	71.95
GCA_002167425.2_ASM216742v2_genomic_prodigal_proteins	2822	GCA_003331245.1_ASM333124v1_genomic_prodigal_proteins	2021	1542	76.09	12.70	76.30
GCA_002167425.2_ASM216742v2_genomic_prodigal_proteins	2822	GCA_009843385.1_ASM984338v1_genomic_prodigal_proteins	2085	853	60.73	12.73	40.91
GCA_002167425.2_ASM216742v2_genomic_prodigal_proteins	2822	GCA_003211205.1_ASM321120v1_genomic_prodigal_proteins	2288	1234	69.15	13.93	53.93
GCA_002167425.2_ASM216742v2_genomic_prodigal_proteins	2822	GCA_000063505.1_ASM6350v1_genomic_prodigal_proteins	2558	1615	69.69	14.11	63.14
GCA_002167425.2_ASM216742v2_genomic_prodigal_proteins	2822	GCA_900474245.1_UW179B_genomic_prodigal_proteins	2743	1624	69.16	13.71	59.21
GCA_002167425.2_ASM216742v2_genomic_prodigal_proteins	2822	GCA_003210345.1_ASM321034v1_genomic_prodigal_proteins	1256	708	72.77	12.74	56.37
GCA_002167425.2_ASM216742v2_genomic_prodigal_proteins	2822	GCA_003210315.1_ASM321031v1_genomic_prodigal_proteins	1815	1005	68.07	13.73	55.37
GCA_002167425.2_ASM216742v2_genomic_prodigal_proteins	2822	GCA_009836155.1_ASM983615v1_genomic_prodigal_proteins	1947	968	60.62	12.60	49.72
GCA_002167425.2_ASM216742v2_genomic_prodigal_proteins	2822	GCA_003990665.2_ASM399066v2_genomic_prodigal_proteins	2499	885	52.97	12.18	35.41
GCA_002167425.2_ASM216742v2_genomic_prodigal_proteins	2822	GCA_003209135.1_ASM320913v1_genomic_prodigal_proteins	1719	1181	96.51	7.15	68.70
GCA_002167425.2_ASM216742v2_genomic_prodigal_proteins	2822	GCA_009845105.1_ASM984510v1_genomic_prodigal_proteins	1941	833	59.82	12.78	42.92
GCA_002167425.2_ASM216742v2_genomic_prodigal_proteins	2822	GCA_002690325.1_ASM269032v1_genomic_prodigal_proteins	2554	1615	72.71	13.42	63.23
GCA_002167425.2_ASM216742v2_genomic_prodigal_proteins	2822	GCA_000161795.2_ASM16179v2_genomic_prodigal_proteins	2407	1622	75.01	12.82	67.39
GCA_002167425.2_ASM216742v2_genomic_prodigal_proteins	2822	GCA_004211895.1_ASM421189v1_genomic_prodigal_proteins	954	700	75.69	12.59	73.38
GCA_002167425.2_ASM216742v2_genomic_prodigal_proteins	2822	GCA_003210735.1_ASM321073v1_genomic_prodigal_proteins	2337	1329	72.86	13.54	56.87
GCA_002167425.2_ASM216742v2_genomic_prodigal_proteins	2822	GCA_003209035.1_ASM320903v1_genomic_prodigal_proteins	1803	1012	72.99	13.71	56.13
GCA_002167425.2_ASM216742v2_genomic_prodigal_proteins	2822	GCA_003712085.1_ASM371208v1_genomic_prodigal_proteins	2745	1767	75.11	13.23	64.37
GCA_002167425.2_ASM216742v2_genomic_prodigal_proteins	2822	GCA_003212155.1_ASM321215v1_genomic_prodigal_proteins	262	88	60.42	16.24	33.59
GCA_002167425.2_ASM216742v2_genomic_prodigal_proteins	2822	GCA_001040845.1_ASM104084v1_genomic_prodigal_proteins	2917	1627	68.93	13.59	57.65
GCA_002167425.2_ASM216742v2_genomic_prodigal_proteins	2822	GCA_002018015.1_ASM201801v1_genomic_prodigal_proteins	1578	754	61.47	12.65	47.78
GCA_002167425.2_ASM216742v2_genomic_prodigal_proteins	2822	GCA_003211255.1_ASM321125v1_genomic_prodigal_proteins	1850	1009	72.45	13.70	54.54
GCA_002167425.2_ASM216742v2_genomic_prodigal_proteins	2822	GCA_002721235.1_ASM272123v1_genomic_prodigal_proteins	3119	919	52.98	12.44	32.57
GCA_002167425.2_ASM216742v2_genomic_prodigal_proteins	2822	GCA_009839305.1_ASM983930v1_genomic_prodigal_proteins	1816	764	60.67	13.00	42.07
GCA_002167425.2_ASM216742v2_genomic_prodigal_proteins	2822	GCA_011365345.1_ASM1136534v1_genomic_prodigal_proteins	2655	1756	74.50	13.28	66.14
GCA_002167425.2_ASM216742v2_genomic_prodigal_proteins	2822	GCA_001039265.1_ASM103926v1_genomic_prodigal_proteins	2832	952	67.11	13.56	33.73
GCA_002167425.2_ASM216742v2_genomic_prodigal_proteins	2822	GCA_001628325.1_ASM162832v1_genomic_prodigal_proteins	2129	1501	75.52	12.79	70.50
GCA_002167425.2_ASM216742v2_genomic_prodigal_proteins	2822	GCA_003209215.1_ASM320921v1_genomic_prodigal_proteins	1679	886	74.20	13.28	52.77
GCA_002167425.2_ASM216742v2_genomic_prodigal_proteins	2822	GCA_002737305.1_ASM273730v1_genomic_prodigal_proteins	1951	1070	65.79	13.73	54.84
GCA_002167425.2_ASM216742v2_genomic_prodigal_proteins	2822	GCA_003210515.1_ASM321051v1_genomic_prodigal_proteins	1673	993	72.77	13.18	59.35
GCA_002167425.2_ASM216742v2_genomic_prodigal_proteins	2822	GCA_011525445.1_ASM1152544v1_genomic_prodigal_proteins	3208	1367	68.10	13.56	48.44
GCA_002167425.2_ASM216742v2_genomic_prodigal_proteins	2822	GCA_902599435.1_AG-916-N22_genomic_prodigal_proteins	793	450	73.99	13.62	56.75
GCA_002167425.2_ASM216742v2_genomic_prodigal_proteins	2822	GCA_003149585.1_ASM314958v1_genomic_prodigal_proteins	2600	1463	65.62	13.70	56.27
GCA_002167425.2_ASM216742v2_genomic_prodigal_proteins	2822	GCA_902560665.1_AG-905-O11_genomic_prodigal_proteins	401	171	71.99	14.69	42.64
GCA_002167425.2_ASM216742v2_genomic_prodigal_proteins	2822	GCA_003331795.1_ASM333179v1_genomic_prodigal_proteins	1948	1190	64.87	14.28	61.09
GCA_002167425.2_ASM216742v2_genomic_prodigal_proteins	2822	GCA_002017955.1_ASM201795v1_genomic_prodigal_proteins	512	225	60.67	12.91	43.95
GCA_002167425.2_ASM216742v2_genomic_prodigal_proteins	2822	GCA_902584485.1_AG-912-O23_genomic_prodigal_proteins	535	235	71.16	14.86	43.93
GCA_002167425.2_ASM216742v2_genomic_prodigal_proteins	2822	GCA_902527915.1_AG-896-G19_genomic_prodigal_proteins	1003	567	73.92	13.58	56.53
GCA_002167425.2_ASM216742v2_genomic_prodigal_proteins	2822	GCA_902635365.1_AG-447-D19_genomic_prodigal_proteins	1690	870	73.03	13.78	51.48
GCA_002167425.2_ASM216742v2_genomic_prodigal_proteins	2822	GCA_900474085.1_UW86_genomic_prodigal_proteins	2403	1641	75.14	13.03	68.29
GCA_002167425.2_ASM216742v2_genomic_prodigal_proteins	2822	GCA_001885215.1_ASM188521v1_genomic_prodigal_proteins	2897	1413	64.89	13.29	50.07
GCA_002167425.2_ASM216742v2_genomic_prodigal_proteins	2822	GCA_902575935.1_AG-426-B22_genomic_prodigal_proteins	254	143	75.32	14.03	56.30
GCA_002167425.2_ASM216742v2_genomic_prodigal_proteins	2822	GCA_900474295.1_UW140_genomic_prodigal_proteins	2925	1631	69.60	13.79	57.80
GCA_002167425.2_ASM216742v2_genomic_prodigal_proteins	2822	GCA_003211565.1_ASM321156v1_genomic_prodigal_proteins	1489	771	74.32	13.55	51.78
GCA_002167425.2_ASM216742v2_genomic_prodigal_proteins	2822	GCA_003526105.1_ASM352610v1_genomic_prodigal_proteins	1581	870	76.20	13.01	55.03
GCA_002167425.2_ASM216742v2_genomic_prodigal_proteins	2822	GCA_002172935.1_ASM217293v1_genomic_prodigal_proteins	1996	1262	68.87	13.83	63.23
GCA_002167425.2_ASM216742v2_genomic_prodigal_proteins	2822	GCA_003210335.1_ASM321033v1_genomic_prodigal_proteins	942	342	66.05	14.42	36.31
GCA_002167425.2_ASM216742v2_genomic_prodigal_proteins	2822	GCA_009846115.1_ASM984611v1_genomic_prodigal_proteins	2048	904	60.21	12.65	44.14
GCA_002167425.2_ASM216742v2_genomic_prodigal_proteins	2822	GCA_001693295.1_ASM169329v1_genomic_prodigal_proteins	3183	918	52.87	12.41	32.53
GCA_002167425.2_ASM216742v2_genomic_prodigal_proteins	2822	GCA_900473965.1_UW179A_genomic_prodigal_proteins	3383	1686	69.12	14.04	59.74
GCA_002167425.2_ASM216742v2_genomic_prodigal_proteins	2822	GCA_003213755.1_ASM321375v1_genomic_prodigal_proteins	1050	486	63.51	14.07	46.29
GCA_002167425.2_ASM216742v2_genomic_prodigal_proteins	2822	GCA_003209155.1_ASM320915v1_genomic_prodigal_proteins	2305	1262	69.13	14.02	54.75
GCA_002167425.2_ASM216742v2_genomic_prodigal_proteins	2822	GCA_003211515.1_ASM321151v1_genomic_prodigal_proteins	2451	1297	74.41	13.70	52.92
GCA_002167425.2_ASM216742v2_genomic_prodigal_proteins	2822	GCA_002693285.1_ASM269328v1_genomic_prodigal_proteins	2440	1462	69.23	13.86	59.92
GCA_002167425.2_ASM216742v2_genomic_prodigal_proteins	2822	GCA_003210555.1_ASM321055v1_genomic_prodigal_proteins	1847	948	68.56	13.45	51.33
GCA_002167425.2_ASM216742v2_genomic_prodigal_proteins	2822	GCA_000155595.1_ASM15559v1_genomic_prodigal_proteins	5270	978	52.54	12.24	34.66
GCA_002167425.2_ASM216742v2_genomic_prodigal_proteins	2822	GCA_001007665.1_ASM100766v1_genomic_prodigal_proteins	2356	1027	60.20	12.55	43.59
GCA_002167425.2_ASM216742v2_genomic_prodigal_proteins	2822	GCA_009919765.1_ASM991976v1_genomic_prodigal_proteins	2524	1027	65.07	13.93	40.69
GCA_002167425.2_ASM216742v2_genomic_prodigal_proteins	2822	GCA_003331225.1_ASM333122v1_genomic_prodigal_proteins	2113	1314	64.84	14.20	62.19
GCA_002167425.2_ASM216742v2_genomic_prodigal_proteins	2822	GCA_900177825.1_IMG-taxon_2708742468_annotated_assembly_genomic_prodigal_proteins	3317	907	52.92	12.46	32.14
GCA_002167425.2_ASM216742v2_genomic_prodigal_proteins	2822	GCA_000195975.1_ASM19597v1_genomic_prodigal_proteins	2719	1761	75.26	13.10	64.77
GCA_002167425.2_ASM216742v2_genomic_prodigal_proteins	2822	GCA_902618885.1_AG-920-D15_genomic_prodigal_proteins	1178	700	75.08	14.65	59.42
GCA_002167425.2_ASM216742v2_genomic_prodigal_proteins	2822	GCA_003209165.1_ASM320916v1_genomic_prodigal_proteins	2711	1460	74.47	13.20	53.85
GCA_002167425.2_ASM216742v2_genomic_prodigal_proteins	2822	GCA_001007625.1_ASM100762v1_genomic_prodigal_proteins	2478	921	60.52	12.63	37.17
GCA_002167425.2_ASM216742v2_genomic_prodigal_proteins	2822	GCA_008386235.1_ASM838623v1_genomic_prodigal_proteins	2571	885	52.89	12.21	34.42
GCA_002167425.2_ASM216742v2_genomic_prodigal_proteins	2822	GCA_001631935.1_ASM163193v1_genomic_prodigal_proteins	3526	1657	69.11	14.02	58.72
GCA_002167425.2_ASM216742v2_genomic_prodigal_proteins	2822	GCA_002151525.1_ASM215152v1_genomic_prodigal_proteins	1628	989	63.02	13.92	60.75
GCA_002167425.2_ASM216742v2_genomic_prodigal_proteins	2822	GCA_000153065.1_ASM15306v1_genomic_prodigal_proteins	2704	1573	70.28	13.41	58.17
GCA_002167425.2_ASM216742v2_genomic_prodigal_proteins	2822	GCA_009837265.1_ASM983726v1_genomic_prodigal_proteins	2126	958	60.31	12.69	45.06
GCA_002167425.2_ASM216742v2_genomic_prodigal_proteins	2822	GCA_902533725.1_AG-898-C20_genomic_prodigal_proteins	421	157	70.62	15.61	37.29
GCA_002167425.2_ASM216742v2_genomic_prodigal_proteins	2822	GCA_002171075.2_ASM217107v2_genomic_prodigal_proteins	1919	1154	63.13	13.87	60.14
GCA_002167425.2_ASM216742v2_genomic_prodigal_proteins	2822	GCA_002760395.1_ASM276039v1_genomic_prodigal_proteins	2661	776	52.48	11.57	29.16
GCA_002167425.2_ASM216742v2_genomic_prodigal_proteins	2822	GCA_003209005.1_ASM320900v1_genomic_prodigal_proteins	2548	1347	68.96	14.03	52.86
GCA_002167425.2_ASM216742v2_genomic_prodigal_proteins	2822	GCA_002017915.1_ASM201791v1_genomic_prodigal_proteins	623	282	62.39	13.65	45.26
GCA_002167425.2_ASM216742v2_genomic_prodigal_proteins	2822	GCA_900047545.1_m9_genomic_prodigal_proteins	1575	780	60.08	12.60	49.52
GCA_002167425.2_ASM216742v2_genomic_prodigal_proteins	2822	GCA_001632105.1_ASM163210v1_genomic_prodigal_proteins	3521	1660	69.09	13.99	58.82
GCA_002167425.2_ASM216742v2_genomic_prodigal_proteins	2822	GCA_004212765.1_ASM421276v1_genomic_prodigal_proteins	1162	855	75.53	12.99	73.58
GCA_002167425.2_ASM216742v2_genomic_prodigal_proteins	2822	GCA_002685515.1_ASM268551v1_genomic_prodigal_proteins	1286	852	69.06	13.41	66.25
GCA_002167425.2_ASM216742v2_genomic_prodigal_proteins	2822	GCA_007828135.1_ASM782813v1_genomic_prodigal_proteins	2917	1413	64.88	13.29	50.07
GCA_002167425.2_ASM216742v2_genomic_prodigal_proteins	2822	GCA_011047875.1_ASM1104787v1_genomic_prodigal_proteins	2810	779	52.41	11.56	27.72
GCA_002167425.2_ASM216742v2_genomic_prodigal_proteins	2822	GCA_009840445.1_ASM984044v1_genomic_prodigal_proteins	2167	1051	60.18	12.63	48.50
GCA_002167425.2_ASM216742v2_genomic_prodigal_proteins	2822	GCA_003210995.1_ASM321099v1_genomic_prodigal_proteins	2385	1245	68.80	14.34	52.20
GCA_002167425.2_ASM216742v2_genomic_prodigal_proteins	2822	GCA_902616995.1_AG-919-L20_genomic_prodigal_proteins	654	364	75.02	13.57	55.66
GCA_002167425.2_ASM216742v2_genomic_prodigal_proteins	2822	GCA_009845825.1_ASM984582v1_genomic_prodigal_proteins	2168	905	60.55	12.68	41.74
GCA_002167425.2_ASM216742v2_genomic_prodigal_proteins	2822	GCA_000515235.1_ASM51523v1_genomic_prodigal_proteins	2873	2209	97.01	5.14	78.28
GCA_002167425.2_ASM216742v2_genomic_prodigal_proteins	2822	GCA_003523965.1_ASM352396v1_genomic_prodigal_proteins	1735	685	61.61	13.04	39.48
GCA_002167425.2_ASM216742v2_genomic_prodigal_proteins	2822	GCA_002684175.1_ASM268417v1_genomic_prodigal_proteins	1819	1036	72.02	12.43	56.95
GCA_002167425.2_ASM216742v2_genomic_prodigal_proteins	2822	GCA_011523295.1_ASM1152329v1_genomic_prodigal_proteins	2851	1398	72.07	13.25	49.54
GCA_002167425.2_ASM216742v2_genomic_prodigal_proteins	2822	GCA_003211015.1_ASM321101v1_genomic_prodigal_proteins	2128	1195	69.54	14.08	56.16
GCA_002167425.2_ASM216742v2_genomic_prodigal_proteins	2822	GCA_002006815.1_ASM200681v1_genomic_prodigal_proteins	1973	1210	63.12	13.84	61.33
GCA_902616255.1_AG-919-I18_genomic_prodigal_proteins	1046	GCA_001182765.1_WH8103.1_genomic_prodigal_proteins	2676	647	75.67	13.74	61.85
GCA_902616255.1_AG-919-I18_genomic_prodigal_proteins	1046	GCA_002760375.1_ASM276037v1_genomic_prodigal_proteins	2702	297	52.49	12.13	28.39
GCA_902616255.1_AG-919-I18_genomic_prodigal_proteins	1046	GCA_902592305.1_AG-914-O22_genomic_prodigal_proteins	179	55	76.53	15.91	30.73
GCA_902616255.1_AG-919-I18_genomic_prodigal_proteins	1046	GCA_001632165.1_ASM163216v1_genomic_prodigal_proteins	2830	598	69.21	13.79	57.17
GCA_902616255.1_AG-919-I18_genomic_prodigal_proteins	1046	GCA_004332405.1_ASM433240v1_genomic_prodigal_proteins	2437	574	70.71	13.78	54.88
GCA_902616255.1_AG-919-I18_genomic_prodigal_proteins	1046	GCA_900473975.1_N26_genomic_prodigal_proteins	2454	589	75.57	13.75	56.31
GCA_902616255.1_AG-919-I18_genomic_prodigal_proteins	1046	GCA_902612475.1_AG-918-G20_genomic_prodigal_proteins	502	86	68.78	17.73	17.13
GCA_902616255.1_AG-919-I18_genomic_prodigal_proteins	1046	GCA_000775285.1_ASM77528v1_genomic_prodigal_proteins	4812	317	53.78	12.74	30.31
GCA_902616255.1_AG-919-I18_genomic_prodigal_proteins	1046	GCA_002698505.1_ASM269850v1_genomic_prodigal_proteins	2471	546	69.70	13.87	52.20
GCA_902616255.1_AG-919-I18_genomic_prodigal_proteins	1046	GCA_002252665.1_ASM225266v1_genomic_prodigal_proteins	2771	529	66.85	13.68	50.57
GCA_902616255.1_AG-919-I18_genomic_prodigal_proteins	1046	GCA_003555505.1_ASM355550v1_genomic_prodigal_proteins	3351	255	52.98	13.08	24.38
GCA_902616255.1_AG-919-I18_genomic_prodigal_proteins	1046	GCA_900474015.1_UW106_genomic_prodigal_proteins	2762	648	74.56	13.90	61.95
GCA_902616255.1_AG-919-I18_genomic_prodigal_proteins	1046	GCA_000715475.1_ASM71547v1_genomic_prodigal_proteins	3299	352	52.45	13.09	33.65
GCA_902616255.1_AG-919-I18_genomic_prodigal_proteins	1046	GCA_001628295.1_ASM162829v1_genomic_prodigal_proteins	2145	579	76.21	13.46	55.35
GCA_902616255.1_AG-919-I18_genomic_prodigal_proteins	1046	GCA_003208775.1_ASM320877v1_genomic_prodigal_proteins	1808	386	67.42	14.53	36.90
GCA_902616255.1_AG-919-I18_genomic_prodigal_proteins	1046	GCA_003210975.1_ASM321097v1_genomic_prodigal_proteins	627	116	68.85	17.33	18.50
GCA_902616255.1_AG-919-I18_genomic_prodigal_proteins	1046	GCA_003208915.1_ASM320891v1_genomic_prodigal_proteins	1208	298	72.10	14.16	28.49
GCA_902616255.1_AG-919-I18_genomic_prodigal_proteins	1046	GCA_009837735.1_ASM983773v1_genomic_prodigal_proteins	2041	293	60.19	13.13	28.01
GCA_902616255.1_AG-919-I18_genomic_prodigal_proteins	1046	GCA_902548805.1_AG-901-N20_genomic_prodigal_proteins	158	52	75.61	13.66	32.91
GCA_902616255.1_AG-919-I18_genomic_prodigal_proteins	1046	GCA_003211235.1_ASM321123v1_genomic_prodigal_proteins	1698	400	72.64	14.66	38.24
GCA_902616255.1_AG-919-I18_genomic_prodigal_proteins	1046	GCA_004209775.1_ASM420977v1_genomic_prodigal_proteins	2798	585	69.92	14.36	55.93
GCA_902616255.1_AG-919-I18_genomic_prodigal_proteins	1046	GCA_003283215.1_ASM328321v1_genomic_prodigal_proteins	239	7	52.10	14.09	2.93
GCA_902616255.1_AG-919-I18_genomic_prodigal_proteins	1046	GCA_003209555.1_ASM320955v1_genomic_prodigal_proteins	908	166	64.62	15.43	18.28
GCA_902616255.1_AG-919-I18_genomic_prodigal_proteins	1046	GCA_000153805.1_ASM15380v1_genomic_prodigal_proteins	2517	622	73.47	13.80	59.46
GCA_902616255.1_AG-919-I18_genomic_prodigal_proteins	1046	GCA_003283205.1_ASM328320v1_genomic_prodigal_proteins	274	8	49.73	13.01	2.92
GCA_902616255.1_AG-919-I18_genomic_prodigal_proteins	1046	GCA_900473925.1_N5_genomic_prodigal_proteins	2417	587	75.56	13.41	56.12
GCA_902616255.1_AG-919-I18_genomic_prodigal_proteins	1046	GCA_902592665.1_AG-447-E14_genomic_prodigal_proteins	1111	236	69.77	15.75	22.56
GCA_902616255.1_AG-919-I18_genomic_prodigal_proteins	1046	GCA_011523155.1_ASM1152315v1_genomic_prodigal_proteins	2101	426	69.05	13.39	40.73
GCA_902616255.1_AG-919-I18_genomic_prodigal_proteins	1046	GCA_003211275.1_ASM321127v1_genomic_prodigal_proteins	2168	414	67.71	14.62	39.58
GCA_902616255.1_AG-919-I18_genomic_prodigal_proteins	1046	GCA_003957805.1_ASM395780v1_genomic_prodigal_proteins	2887	381	55.23	13.39	36.42
GCA_902616255.1_AG-919-I18_genomic_prodigal_proteins	1046	GCA_012270465.1_ASM1227046v1_genomic_prodigal_proteins	2311	437	64.13	13.70	41.78
GCA_902616255.1_AG-919-I18_genomic_prodigal_proteins	1046	GCA_001693255.1_ASM169325v1_genomic_prodigal_proteins	3177	355	52.46	12.95	33.94
GCA_902616255.1_AG-919-I18_genomic_prodigal_proteins	1046	GCA_003210385.1_ASM321038v1_genomic_prodigal_proteins	286	141	67.97	14.18	49.30
GCA_902616255.1_AG-919-I18_genomic_prodigal_proteins	1046	GCA_002170705.1_ASM217070v1_genomic_prodigal_proteins	1392	349	75.14	14.06	33.37
GCA_902616255.1_AG-919-I18_genomic_prodigal_proteins	1046	GCA_002356215.1_ASM235621v1_genomic_prodigal_proteins	2953	356	52.63	12.86	34.03
GCA_902616255.1_AG-919-I18_genomic_prodigal_proteins	1046	GCA_003210935.1_ASM321093v1_genomic_prodigal_proteins	1868	404	68.72	14.83	38.62
GCA_902616255.1_AG-919-I18_genomic_prodigal_proteins	1046	GCA_003210535.1_ASM321053v1_genomic_prodigal_proteins	1257	299	70.90	14.93	28.59
GCA_902616255.1_AG-919-I18_genomic_prodigal_proteins	1046	GCA_002724845.1_ASM272484v1_genomic_prodigal_proteins	1589	443	75.57	13.49	42.35
GCA_902616255.1_AG-919-I18_genomic_prodigal_proteins	1046	GCA_000153285.1_ASM15328v1_genomic_prodigal_proteins	2746	609	69.44	14.08	58.22
GCA_902616255.1_AG-919-I18_genomic_prodigal_proteins	1046	GCA_003211035.1_ASM321103v1_genomic_prodigal_proteins	530	134	71.78	14.55	25.28
GCA_902616255.1_AG-919-I18_genomic_prodigal_proteins	1046	GCA_001521855.1_ASM152185v1_genomic_prodigal_proteins	3144	357	52.42	13.01	34.13
GCA_902616255.1_AG-919-I18_genomic_prodigal_proteins	1046	GCA_009835965.1_ASM983596v1_genomic_prodigal_proteins	2105	367	60.79	13.08	35.09
GCA_902616255.1_AG-919-I18_genomic_prodigal_proteins	1046	GCA_012269695.1_ASM1226969v1_genomic_prodigal_proteins	2043	382	64.82	14.06	36.52
GCA_902616255.1_AG-919-I18_genomic_prodigal_proteins	1046	GCA_000737535.1_ASM73753v1_genomic_prodigal_proteins	3013	725	77.36	13.28	69.31
GCA_902616255.1_AG-919-I18_genomic_prodigal_proteins	1046	GCA_000586015.1_SynSpo.0_genomic_prodigal_proteins	1907	307	61.17	13.37	29.35
GCA_902616255.1_AG-919-I18_genomic_prodigal_proteins	1046	GCA_002760345.1_ASM276034v1_genomic_prodigal_proteins	2731	298	52.55	12.09	28.49
GCA_902616255.1_AG-919-I18_genomic_prodigal_proteins	1046	GCA_000013225.1_ASM1322v1_genomic_prodigal_proteins	2844	296	52.57	11.96	28.30
GCA_902616255.1_AG-919-I18_genomic_prodigal_proteins	1046	GCA_000332275.1_ASM33227v1_genomic_prodigal_proteins	4564	333	51.76	11.97	31.84
GCA_902616255.1_AG-919-I18_genomic_prodigal_proteins	1046	GCA_002252675.1_ASM225267v1_genomic_prodigal_proteins	3295	527	65.90	13.64	50.38
GCA_902616255.1_AG-919-I18_genomic_prodigal_proteins	1046	GCA_000737575.1_ASM73757v1_genomic_prodigal_proteins	2662	662	76.32	13.68	63.29
GCA_902616255.1_AG-919-I18_genomic_prodigal_proteins	1046	GCA_902596755.1_AG-916-D19_genomic_prodigal_proteins	1152	271	70.90	16.93	25.91
GCA_902616255.1_AG-919-I18_genomic_prodigal_proteins	1046	GCA_003211455.1_ASM321145v1_genomic_prodigal_proteins	1186	259	72.29	16.41	24.76
GCA_902616255.1_AG-919-I18_genomic_prodigal_proteins	1046	GCA_003208755.1_ASM320875v1_genomic_prodigal_proteins	690	129	69.84	16.59	18.70
GCA_902616255.1_AG-919-I18_genomic_prodigal_proteins	1046	GCA_007571215.1_ASM757121v1_genomic_prodigal_proteins	1879	363	60.31	13.18	34.70
GCA_902616255.1_AG-919-I18_genomic_prodigal_proteins	1046	GCA_001007635.1_ASM100763v1_genomic_prodigal_proteins	2333	323	60.77	13.27	30.88
GCA_902616255.1_AG-919-I18_genomic_prodigal_proteins	1046	GCA_000179255.1_ASM17925v1_genomic_prodigal_proteins	2729	532	66.26	14.27	50.86
GCA_902616255.1_AG-919-I18_genomic_prodigal_proteins	1046	GCA_003208975.1_ASM320897v1_genomic_prodigal_proteins	1804	388	70.66	15.01	37.09
GCA_902616255.1_AG-919-I18_genomic_prodigal_proteins	1046	GCA_012103655.1_ASM1210365v1_genomic_prodigal_proteins	2723	609	68.80	14.11	58.22
GCA_902616255.1_AG-919-I18_genomic_prodigal_proteins	1046	GCA_902582045.1_AG-912-B07_genomic_prodigal_proteins	196	63	67.31	16.53	32.14
GCA_902616255.1_AG-919-I18_genomic_prodigal_proteins	1046	GCA_000153045.1_ASM15304v1_genomic_prodigal_proteins	3242	539	65.78	13.64	51.53
GCA_902616255.1_AG-919-I18_genomic_prodigal_proteins	1046	GCA_902549675.1_AG-903-B09_genomic_prodigal_proteins	836	170	71.29	17.37	20.33
GCA_902616255.1_AG-919-I18_genomic_prodigal_proteins	1046	GCA_002018045.1_ASM201804v1_genomic_prodigal_proteins	1559	266	61.17	13.44	25.43
GCA_902616255.1_AG-919-I18_genomic_prodigal_proteins	1046	GCA_004213055.1_ASM421305v1_genomic_prodigal_proteins	2241	505	70.37	13.47	48.28
GCA_902616255.1_AG-919-I18_genomic_prodigal_proteins	1046	GCA_007571085.1_ASM757108v1_genomic_prodigal_proteins	1784	366	60.38	12.99	34.99
GCA_902616255.1_AG-919-I18_genomic_prodigal_proteins	1046	GCA_009839805.1_ASM983980v1_genomic_prodigal_proteins	1848	253	58.40	12.51	24.19
GCA_902616255.1_AG-919-I18_genomic_prodigal_proteins	1046	GCA_003210375.1_ASM321037v1_genomic_prodigal_proteins	2155	530	72.32	14.03	50.67
GCA_902616255.1_AG-919-I18_genomic_prodigal_proteins	1046	GCA_004332415.1_ASM433241v1_genomic_prodigal_proteins	2408	580	70.56	13.82	55.45
GCA_902616255.1_AG-919-I18_genomic_prodigal_proteins	1046	GCA_009836025.1_ASM983602v1_genomic_prodigal_proteins	2290	368	60.65	13.18	35.18
GCA_902616255.1_AG-919-I18_genomic_prodigal_proteins	1046	GCA_009843455.1_ASM984345v1_genomic_prodigal_proteins	2423	365	60.11	12.94	34.89
GCA_902616255.1_AG-919-I18_genomic_prodigal_proteins	1046	GCA_009843485.1_ASM984348v1_genomic_prodigal_proteins	2158	366	60.83	13.18	34.99
GCA_902616255.1_AG-919-I18_genomic_prodigal_proteins	1046	GCA_003283135.1_ASM328313v1_genomic_prodigal_proteins	459	75	67.17	15.48	16.34
GCA_902616255.1_AG-919-I18_genomic_prodigal_proteins	1046	GCA_902635485.1_AG-447-G23_genomic_prodigal_proteins	327	84	72.88	16.21	25.69
GCA_902616255.1_AG-919-I18_genomic_prodigal_proteins	1046	GCA_002760415.1_ASM276041v1_genomic_prodigal_proteins	2670	295	52.52	12.09	28.20
GCA_902616255.1_AG-919-I18_genomic_prodigal_proteins	1046	GCA_002754935.1_ASM275493v1_genomic_prodigal_proteins	2664	317	52.78	12.82	30.31
GCA_902616255.1_AG-919-I18_genomic_prodigal_proteins	1046	GCA_002171685.2_ASM217168v2_genomic_prodigal_proteins	811	193	66.87	13.60	23.80
GCA_902616255.1_AG-919-I18_genomic_prodigal_proteins	1046	GCA_000737595.1_ASM73759v1_genomic_prodigal_proteins	2774	654	74.31	14.07	62.52
GCA_902616255.1_AG-919-I18_genomic_prodigal_proteins	1046	GCA_003331785.1_ASM333178v1_genomic_prodigal_proteins	2125	557	69.40	13.70	53.25
GCA_902616255.1_AG-919-I18_genomic_prodigal_proteins	1046	GCA_009842265.1_ASM984226v1_genomic_prodigal_proteins	2398	361	60.64	12.85	34.51
GCA_902616255.1_AG-919-I18_genomic_prodigal_proteins	1046	GCA_902579345.1_AG-911-L15_genomic_prodigal_proteins	248	103	69.64	15.45	41.53
GCA_902616255.1_AG-919-I18_genomic_prodigal_proteins	1046	GCA_000011345.1_ASM1134v1_genomic_prodigal_proteins	2520	318	53.79	12.62	30.40
GCA_902616255.1_AG-919-I18_genomic_prodigal_proteins	1046	GCA_003210705.1_ASM321070v1_genomic_prodigal_proteins	2244	500	68.85	14.08	47.80
GCA_902616255.1_AG-919-I18_genomic_prodigal_proteins	1046	GCA_000019485.1_ASM1948v1_genomic_prodigal_proteins	3233	354	52.56	12.98	33.84
GCA_902616255.1_AG-919-I18_genomic_prodigal_proteins	1046	GCA_003283055.1_ASM328305v1_genomic_prodigal_proteins	482	53	65.09	15.55	11.00
GCA_902616255.1_AG-919-I18_genomic_prodigal_proteins	1046	GCA_000010065.1_ASM1006v1_genomic_prodigal_proteins	2691	376	55.27	13.23	35.95
GCA_902616255.1_AG-919-I18_genomic_prodigal_proteins	1046	GCA_000316685.1_ASM31668v1_genomic_prodigal_proteins	3706	342	52.91	12.52	32.70
GCA_902616255.1_AG-919-I18_genomic_prodigal_proteins	1046	GCA_000063525.1_ASM6352v1_genomic_prodigal_proteins	2540	532	65.44	13.93	50.86
GCA_902616255.1_AG-919-I18_genomic_prodigal_proteins	1046	GCA_003283165.1_ASM328316v1_genomic_prodigal_proteins	217	47	69.62	18.19	21.66
GCA_902616255.1_AG-919-I18_genomic_prodigal_proteins	1046	GCA_902540675.1_AG-359-E22_genomic_prodigal_proteins	584	103	70.23	17.39	17.64
GCA_902616255.1_AG-919-I18_genomic_prodigal_proteins	1046	GCA_011055065.1_ASM1105506v1_genomic_prodigal_proteins	2792	286	52.25	12.13	27.34
GCA_902616255.1_AG-919-I18_genomic_prodigal_proteins	1046	GCA_000013205.1_ASM1320v1_genomic_prodigal_proteins	2750	298	52.58	12.03	28.49
GCA_902616255.1_AG-919-I18_genomic_prodigal_proteins	1046	GCA_003539795.1_ASM353979v1_genomic_prodigal_proteins	2284	512	75.54	13.44	48.95
GCA_902616255.1_AG-919-I18_genomic_prodigal_proteins	1046	GCA_002171995.1_ASM217199v1_genomic_prodigal_proteins	1978	418	69.14	14.61	39.96
GCA_902616255.1_AG-919-I18_genomic_prodigal_proteins	1046	GCA_011523835.1_ASM1152383v1_genomic_prodigal_proteins	2468	558	69.75	14.28	53.35
GCA_902616255.1_AG-919-I18_genomic_prodigal_proteins	1046	GCA_002172175.1_ASM217217v1_genomic_prodigal_proteins	1846	351	64.40	14.31	33.56
GCA_902616255.1_AG-919-I18_genomic_prodigal_proteins	1046	GCA_003208835.1_ASM320883v1_genomic_prodigal_proteins	2208	435	72.08	14.68	41.59
GCA_902616255.1_AG-919-I18_genomic_prodigal_proteins	1046	GCA_902589915.1_AG-914-F20_genomic_prodigal_proteins	373	68	74.44	16.46	18.23
GCA_902616255.1_AG-919-I18_genomic_prodigal_proteins	1046	GCA_000485815.1_ASM48581v1_genomic_prodigal_proteins	3083	348	53.09	12.95	33.27
GCA_902616255.1_AG-919-I18_genomic_prodigal_proteins	1046	GCA_008807075.1_ASM880707v1_genomic_prodigal_proteins	2925	526	65.33	13.81	50.29
GCA_902616255.1_AG-919-I18_genomic_prodigal_proteins	1046	GCA_000179235.2_ASM17923v2_genomic_prodigal_proteins	3071	551	65.95	14.31	52.68
GCA_902616255.1_AG-919-I18_genomic_prodigal_proteins	1046	GCA_003210795.1_ASM321079v1_genomic_prodigal_proteins	2239	474	72.08	14.93	45.32
GCA_902616255.1_AG-919-I18_genomic_prodigal_proteins	1046	GCA_002706715.1_ASM270671v1_genomic_prodigal_proteins	1148	279	72.48	15.21	26.67
GCA_902616255.1_AG-919-I18_genomic_prodigal_proteins	1046	GCA_003331245.1_ASM333124v1_genomic_prodigal_proteins	2021	552	76.09	13.88	52.77
GCA_902616255.1_AG-919-I18_genomic_prodigal_proteins	1046	GCA_009843385.1_ASM984338v1_genomic_prodigal_proteins	2085	308	61.02	12.87	29.45
GCA_902616255.1_AG-919-I18_genomic_prodigal_proteins	1046	GCA_003211205.1_ASM321120v1_genomic_prodigal_proteins	2288	436	68.86	14.13	41.68
GCA_902616255.1_AG-919-I18_genomic_prodigal_proteins	1046	GCA_000063505.1_ASM6350v1_genomic_prodigal_proteins	2558	625	69.17	14.49	59.75
GCA_902616255.1_AG-919-I18_genomic_prodigal_proteins	1046	GCA_900474245.1_UW179B_genomic_prodigal_proteins	2743	612	68.67	14.07	58.51
GCA_902616255.1_AG-919-I18_genomic_prodigal_proteins	1046	GCA_003210345.1_ASM321034v1_genomic_prodigal_proteins	1256	260	70.69	15.24	24.86
GCA_902616255.1_AG-919-I18_genomic_prodigal_proteins	1046	GCA_003210315.1_ASM321031v1_genomic_prodigal_proteins	1815	437	67.78	14.88	41.78
GCA_902616255.1_AG-919-I18_genomic_prodigal_proteins	1046	GCA_009836155.1_ASM983615v1_genomic_prodigal_proteins	1947	354	60.34	12.95	33.84
GCA_902616255.1_AG-919-I18_genomic_prodigal_proteins	1046	GCA_003990665.2_ASM399066v2_genomic_prodigal_proteins	2499	322	53.57	12.74	30.78
GCA_902616255.1_AG-919-I18_genomic_prodigal_proteins	1046	GCA_003209135.1_ASM320913v1_genomic_prodigal_proteins	1719	388	74.47	15.07	37.09
GCA_902616255.1_AG-919-I18_genomic_prodigal_proteins	1046	GCA_009845105.1_ASM984510v1_genomic_prodigal_proteins	1941	299	60.05	13.21	28.59
GCA_902616255.1_AG-919-I18_genomic_prodigal_proteins	1046	GCA_002690325.1_ASM269032v1_genomic_prodigal_proteins	2554	633	72.37	13.92	60.52
GCA_902616255.1_AG-919-I18_genomic_prodigal_proteins	1046	GCA_000161795.2_ASM16179v2_genomic_prodigal_proteins	2407	586	75.68	13.26	56.02
GCA_902616255.1_AG-919-I18_genomic_prodigal_proteins	1046	GCA_004211895.1_ASM421189v1_genomic_prodigal_proteins	954	297	75.97	13.37	31.13
GCA_902616255.1_AG-919-I18_genomic_prodigal_proteins	1046	GCA_003210735.1_ASM321073v1_genomic_prodigal_proteins	2337	541	71.91	14.68	51.72
GCA_902616255.1_AG-919-I18_genomic_prodigal_proteins	1046	GCA_003209035.1_ASM320903v1_genomic_prodigal_proteins	1803	364	70.34	15.04	34.80
GCA_902616255.1_AG-919-I18_genomic_prodigal_proteins	1046	GCA_003712085.1_ASM371208v1_genomic_prodigal_proteins	2745	649	75.47	13.92	62.05
GCA_902616255.1_AG-919-I18_genomic_prodigal_proteins	1046	GCA_003212155.1_ASM321215v1_genomic_prodigal_proteins	262	42	60.15	19.33	16.03
GCA_902616255.1_AG-919-I18_genomic_prodigal_proteins	1046	GCA_001040845.1_ASM104084v1_genomic_prodigal_proteins	2917	605	68.98	13.69	57.84
GCA_902616255.1_AG-919-I18_genomic_prodigal_proteins	1046	GCA_002018015.1_ASM201801v1_genomic_prodigal_proteins	1578	267	61.67	13.33	25.53
GCA_902616255.1_AG-919-I18_genomic_prodigal_proteins	1046	GCA_003211255.1_ASM321125v1_genomic_prodigal_proteins	1850	398	71.83	14.53	38.05
GCA_902616255.1_AG-919-I18_genomic_prodigal_proteins	1046	GCA_002721235.1_ASM272123v1_genomic_prodigal_proteins	3119	355	52.59	12.91	33.94
GCA_902616255.1_AG-919-I18_genomic_prodigal_proteins	1046	GCA_009839305.1_ASM983930v1_genomic_prodigal_proteins	1816	267	60.40	13.72	25.53
GCA_902616255.1_AG-919-I18_genomic_prodigal_proteins	1046	GCA_011365345.1_ASM1136534v1_genomic_prodigal_proteins	2655	657	74.43	14.17	62.81
GCA_902616255.1_AG-919-I18_genomic_prodigal_proteins	1046	GCA_001039265.1_ASM103926v1_genomic_prodigal_proteins	2832	346	67.27	14.44	33.08
GCA_902616255.1_AG-919-I18_genomic_prodigal_proteins	1046	GCA_001628325.1_ASM162832v1_genomic_prodigal_proteins	2129	570	75.65	13.72	54.49
GCA_902616255.1_AG-919-I18_genomic_prodigal_proteins	1046	GCA_003209215.1_ASM320921v1_genomic_prodigal_proteins	1679	267	72.41	14.90	25.53
GCA_902616255.1_AG-919-I18_genomic_prodigal_proteins	1046	GCA_002737305.1_ASM273730v1_genomic_prodigal_proteins	1951	408	66.00	14.02	39.01
GCA_902616255.1_AG-919-I18_genomic_prodigal_proteins	1046	GCA_003210515.1_ASM321051v1_genomic_prodigal_proteins	1673	428	72.90	14.37	40.92
GCA_902616255.1_AG-919-I18_genomic_prodigal_proteins	1046	GCA_011525445.1_ASM1152544v1_genomic_prodigal_proteins	3208	520	68.39	14.14	49.71
GCA_902616255.1_AG-919-I18_genomic_prodigal_proteins	1046	GCA_902599435.1_AG-916-N22_genomic_prodigal_proteins	793	233	71.63	15.10	29.38
GCA_902616255.1_AG-919-I18_genomic_prodigal_proteins	1046	GCA_003149585.1_ASM314958v1_genomic_prodigal_proteins	2600	537	65.94	14.33	51.34
GCA_902616255.1_AG-919-I18_genomic_prodigal_proteins	1046	GCA_902560665.1_AG-905-O11_genomic_prodigal_proteins	401	91	70.65	15.59	22.69
GCA_902616255.1_AG-919-I18_genomic_prodigal_proteins	1046	GCA_003331795.1_ASM333179v1_genomic_prodigal_proteins	1948	453	65.26	14.29	43.31
GCA_902616255.1_AG-919-I18_genomic_prodigal_proteins	1046	GCA_002017955.1_ASM201795v1_genomic_prodigal_proteins	512	91	60.49	14.04	17.77
GCA_902616255.1_AG-919-I18_genomic_prodigal_proteins	1046	GCA_902584485.1_AG-912-O23_genomic_prodigal_proteins	535	105	67.90	18.01	19.63
GCA_902616255.1_AG-919-I18_genomic_prodigal_proteins	1046	GCA_902527915.1_AG-896-G19_genomic_prodigal_proteins	1003	253	76.18	14.17	25.22
GCA_902616255.1_AG-919-I18_genomic_prodigal_proteins	1046	GCA_902635365.1_AG-447-D19_genomic_prodigal_proteins	1690	393	71.01	15.79	37.57
GCA_902616255.1_AG-919-I18_genomic_prodigal_proteins	1046	GCA_900474085.1_UW86_genomic_prodigal_proteins	2403	598	75.65	13.55	57.17
GCA_902616255.1_AG-919-I18_genomic_prodigal_proteins	1046	GCA_001885215.1_ASM188521v1_genomic_prodigal_proteins	2897	524	65.14	13.68	50.10
GCA_902616255.1_AG-919-I18_genomic_prodigal_proteins	1046	GCA_902575935.1_AG-426-B22_genomic_prodigal_proteins	254	51	68.06	18.09	20.08
GCA_902616255.1_AG-919-I18_genomic_prodigal_proteins	1046	GCA_900474295.1_UW140_genomic_prodigal_proteins	2925	607	69.70	14.06	58.03
GCA_902616255.1_AG-919-I18_genomic_prodigal_proteins	1046	GCA_003211565.1_ASM321156v1_genomic_prodigal_proteins	1489	251	70.54	15.52	24.00
GCA_902616255.1_AG-919-I18_genomic_prodigal_proteins	1046	GCA_003526105.1_ASM352610v1_genomic_prodigal_proteins	1581	338	75.87	14.65	32.31
GCA_902616255.1_AG-919-I18_genomic_prodigal_proteins	1046	GCA_002172935.1_ASM217293v1_genomic_prodigal_proteins	1996	453	68.25	14.29	43.31
GCA_902616255.1_AG-919-I18_genomic_prodigal_proteins	1046	GCA_003210335.1_ASM321033v1_genomic_prodigal_proteins	942	180	66.33	14.48	19.11
GCA_902616255.1_AG-919-I18_genomic_prodigal_proteins	1046	GCA_009846115.1_ASM984611v1_genomic_prodigal_proteins	2048	338	60.34	13.28	32.31
GCA_902616255.1_AG-919-I18_genomic_prodigal_proteins	1046	GCA_001693295.1_ASM169329v1_genomic_prodigal_proteins	3183	352	52.63	12.87	33.65
GCA_902616255.1_AG-919-I18_genomic_prodigal_proteins	1046	GCA_900473965.1_UW179A_genomic_prodigal_proteins	3383	604	68.98	13.97	57.74
GCA_902616255.1_AG-919-I18_genomic_prodigal_proteins	1046	GCA_003213755.1_ASM321375v1_genomic_prodigal_proteins	1050	217	64.95	14.75	20.75
GCA_902616255.1_AG-919-I18_genomic_prodigal_proteins	1046	GCA_003209155.1_ASM320915v1_genomic_prodigal_proteins	2305	520	69.01	13.79	49.71
GCA_902616255.1_AG-919-I18_genomic_prodigal_proteins	1046	GCA_003211515.1_ASM321151v1_genomic_prodigal_proteins	2451	559	73.20	14.60	53.44
GCA_902616255.1_AG-919-I18_genomic_prodigal_proteins	1046	GCA_002693285.1_ASM269328v1_genomic_prodigal_proteins	2440	578	69.11	14.09	55.26
GCA_902616255.1_AG-919-I18_genomic_prodigal_proteins	1046	GCA_003210555.1_ASM321055v1_genomic_prodigal_proteins	1847	370	66.56	15.08	35.37
GCA_902616255.1_AG-919-I18_genomic_prodigal_proteins	1046	GCA_000155595.1_ASM15559v1_genomic_prodigal_proteins	5270	369	52.60	12.49	35.28
GCA_902616255.1_AG-919-I18_genomic_prodigal_proteins	1046	GCA_001007665.1_ASM100766v1_genomic_prodigal_proteins	2356	374	60.46	13.11	35.76
GCA_902616255.1_AG-919-I18_genomic_prodigal_proteins	1046	GCA_009919765.1_ASM991976v1_genomic_prodigal_proteins	2524	386	64.68	14.30	36.90
GCA_902616255.1_AG-919-I18_genomic_prodigal_proteins	1046	GCA_003331225.1_ASM333122v1_genomic_prodigal_proteins	2113	497	65.01	14.08	47.51
GCA_902616255.1_AG-919-I18_genomic_prodigal_proteins	1046	GCA_900177825.1_IMG-taxon_2708742468_annotated_assembly_genomic_prodigal_proteins	3317	347	52.80	12.83	33.17
GCA_902616255.1_AG-919-I18_genomic_prodigal_proteins	1046	GCA_000195975.1_ASM19597v1_genomic_prodigal_proteins	2719	646	75.81	13.70	61.76
GCA_902616255.1_AG-919-I18_genomic_prodigal_proteins	1046	GCA_902618885.1_AG-920-D15_genomic_prodigal_proteins	1178	286	73.46	15.39	27.34
GCA_902616255.1_AG-919-I18_genomic_prodigal_proteins	1046	GCA_003209165.1_ASM320916v1_genomic_prodigal_proteins	2711	568	73.66	14.05	54.30
GCA_902616255.1_AG-919-I18_genomic_prodigal_proteins	1046	GCA_001007625.1_ASM100762v1_genomic_prodigal_proteins	2478	336	60.97	13.05	32.12
GCA_902616255.1_AG-919-I18_genomic_prodigal_proteins	1046	GCA_008386235.1_ASM838623v1_genomic_prodigal_proteins	2571	328	53.37	12.74	31.36
GCA_902616255.1_AG-919-I18_genomic_prodigal_proteins	1046	GCA_001631935.1_ASM163193v1_genomic_prodigal_proteins	3526	595	68.99	13.82	56.88
GCA_902616255.1_AG-919-I18_genomic_prodigal_proteins	1046	GCA_002151525.1_ASM215152v1_genomic_prodigal_proteins	1628	379	63.21	14.72	36.23
GCA_902616255.1_AG-919-I18_genomic_prodigal_proteins	1046	GCA_000153065.1_ASM15306v1_genomic_prodigal_proteins	2704	577	70.18	14.09	55.16
GCA_902616255.1_AG-919-I18_genomic_prodigal_proteins	1046	GCA_009837265.1_ASM983726v1_genomic_prodigal_proteins	2126	343	60.32	13.22	32.79
GCA_902616255.1_AG-919-I18_genomic_prodigal_proteins	1046	GCA_902533725.1_AG-898-C20_genomic_prodigal_proteins	421	78	73.21	16.85	18.53
GCA_902616255.1_AG-919-I18_genomic_prodigal_proteins	1046	GCA_002171075.2_ASM217107v2_genomic_prodigal_proteins	1919	404	63.28	13.57	38.62
GCA_902616255.1_AG-919-I18_genomic_prodigal_proteins	1046	GCA_002760395.1_ASM276039v1_genomic_prodigal_proteins	2661	295	52.47	12.14	28.20
GCA_902616255.1_AG-919-I18_genomic_prodigal_proteins	1046	GCA_003209005.1_ASM320900v1_genomic_prodigal_proteins	2548	557	68.97	13.81	53.25
GCA_902616255.1_AG-919-I18_genomic_prodigal_proteins	1046	GCA_002017915.1_ASM201791v1_genomic_prodigal_proteins	623	79	63.99	12.86	12.68
GCA_902616255.1_AG-919-I18_genomic_prodigal_proteins	1046	GCA_900047545.1_m9_genomic_prodigal_proteins	1575	311	59.95	13.47	29.73
GCA_902616255.1_AG-919-I18_genomic_prodigal_proteins	1046	GCA_001632105.1_ASM163210v1_genomic_prodigal_proteins	3521	603	69.05	13.86	57.65
GCA_902616255.1_AG-919-I18_genomic_prodigal_proteins	1046	GCA_004212765.1_ASM421276v1_genomic_prodigal_proteins	1162	328	74.25	14.67	31.36
GCA_902616255.1_AG-919-I18_genomic_prodigal_proteins	1046	GCA_002685515.1_ASM268551v1_genomic_prodigal_proteins	1286	263	68.96	13.89	25.14
GCA_902616255.1_AG-919-I18_genomic_prodigal_proteins	1046	GCA_007828135.1_ASM782813v1_genomic_prodigal_proteins	2917	523	65.18	13.66	50.00
GCA_902616255.1_AG-919-I18_genomic_prodigal_proteins	1046	GCA_011047875.1_ASM1104787v1_genomic_prodigal_proteins	2810	293	52.48	12.14	28.01
GCA_902616255.1_AG-919-I18_genomic_prodigal_proteins	1046	GCA_009840445.1_ASM984044v1_genomic_prodigal_proteins	2167	373	60.72	13.17	35.66
GCA_902616255.1_AG-919-I18_genomic_prodigal_proteins	1046	GCA_003210995.1_ASM321099v1_genomic_prodigal_proteins	2385	478	68.13	14.47	45.70
GCA_902616255.1_AG-919-I18_genomic_prodigal_proteins	1046	GCA_902616995.1_AG-919-L20_genomic_prodigal_proteins	654	172	72.50	15.84	26.30
GCA_902616255.1_AG-919-I18_genomic_prodigal_proteins	1046	GCA_009845825.1_ASM984582v1_genomic_prodigal_proteins	2168	319	60.76	12.93	30.50
GCA_902616255.1_AG-919-I18_genomic_prodigal_proteins	1046	GCA_000515235.1_ASM51523v1_genomic_prodigal_proteins	2873	723	77.29	13.00	69.12
GCA_902616255.1_AG-919-I18_genomic_prodigal_proteins	1046	GCA_003523965.1_ASM352396v1_genomic_prodigal_proteins	1735	251	62.48	12.73	24.00
GCA_902616255.1_AG-919-I18_genomic_prodigal_proteins	1046	GCA_002684175.1_ASM268417v1_genomic_prodigal_proteins	1819	388	72.14	13.37	37.09
GCA_902616255.1_AG-919-I18_genomic_prodigal_proteins	1046	GCA_011523295.1_ASM1152329v1_genomic_prodigal_proteins	2851	526	70.24	15.29	50.29
GCA_902616255.1_AG-919-I18_genomic_prodigal_proteins	1046	GCA_003211015.1_ASM321101v1_genomic_prodigal_proteins	2128	467	69.15	14.15	44.65
GCA_902616255.1_AG-919-I18_genomic_prodigal_proteins	1046	GCA_002006815.1_ASM200681v1_genomic_prodigal_proteins	1973	446	63.08	13.82	42.64
GCA_900473975.1_N26_genomic_prodigal_proteins	2454	GCA_902612475.1_AG-918-G20_genomic_prodigal_proteins	502	257	75.56	14.42	51.20
GCA_900473975.1_N26_genomic_prodigal_proteins	2454	GCA_000775285.1_ASM77528v1_genomic_prodigal_proteins	4812	929	54.19	12.79	37.86
GCA_900473975.1_N26_genomic_prodigal_proteins	2454	GCA_002698505.1_ASM269850v1_genomic_prodigal_proteins	2471	1605	71.37	13.58	65.40
GCA_900473975.1_N26_genomic_prodigal_proteins	2454	GCA_002252665.1_ASM225266v1_genomic_prodigal_proteins	2771	1570	67.79	13.65	63.98
GCA_900473975.1_N26_genomic_prodigal_proteins	2454	GCA_003555505.1_ASM355550v1_genomic_prodigal_proteins	3351	737	54.50	12.78	30.03
GCA_900473975.1_N26_genomic_prodigal_proteins	2454	GCA_900474015.1_UW106_genomic_prodigal_proteins	2762	2034	89.91	8.58	82.89
GCA_900473975.1_N26_genomic_prodigal_proteins	2454	GCA_000715475.1_ASM71547v1_genomic_prodigal_proteins	3299	1037	53.76	12.83	42.26
GCA_900473975.1_N26_genomic_prodigal_proteins	2454	GCA_001628295.1_ASM162829v1_genomic_prodigal_proteins	2145	1907	98.18	3.60	88.90
GCA_900473975.1_N26_genomic_prodigal_proteins	2454	GCA_003208775.1_ASM320877v1_genomic_prodigal_proteins	1808	1092	70.14	13.78	60.40
GCA_900473975.1_N26_genomic_prodigal_proteins	2454	GCA_003210975.1_ASM321097v1_genomic_prodigal_proteins	627	413	77.19	13.76	65.87
GCA_900473975.1_N26_genomic_prodigal_proteins	2454	GCA_003208915.1_ASM320891v1_genomic_prodigal_proteins	1208	678	76.73	13.56	56.13
GCA_900473975.1_N26_genomic_prodigal_proteins	2454	GCA_009837735.1_ASM983773v1_genomic_prodigal_proteins	2041	935	61.55	12.74	45.81
GCA_900473975.1_N26_genomic_prodigal_proteins	2454	GCA_902548805.1_AG-901-N20_genomic_prodigal_proteins	158	68	76.89	16.40	43.04
GCA_900473975.1_N26_genomic_prodigal_proteins	2454	GCA_003211235.1_ASM321123v1_genomic_prodigal_proteins	1698	991	77.27	13.20	58.36
GCA_900473975.1_N26_genomic_prodigal_proteins	2454	GCA_004209775.1_ASM420977v1_genomic_prodigal_proteins	2798	1703	72.52	13.43	69.40
GCA_900473975.1_N26_genomic_prodigal_proteins	2454	GCA_003283215.1_ASM328321v1_genomic_prodigal_proteins	239	47	72.73	15.56	19.67
GCA_900473975.1_N26_genomic_prodigal_proteins	2454	GCA_003209555.1_ASM320955v1_genomic_prodigal_proteins	908	420	66.52	14.87	46.26
GCA_900473975.1_N26_genomic_prodigal_proteins	2454	GCA_000153805.1_ASM15380v1_genomic_prodigal_proteins	2517	1869	77.43	12.66	76.16
GCA_900473975.1_N26_genomic_prodigal_proteins	2454	GCA_003283205.1_ASM328320v1_genomic_prodigal_proteins	274	72	69.35	14.85	26.28
GCA_900473975.1_N26_genomic_prodigal_proteins	2454	GCA_900473925.1_N5_genomic_prodigal_proteins	2417	2099	97.05	4.78	86.84
GCA_900473975.1_N26_genomic_prodigal_proteins	2454	GCA_902592665.1_AG-447-E14_genomic_prodigal_proteins	1111	559	75.37	13.63	50.32
GCA_900473975.1_N26_genomic_prodigal_proteins	2454	GCA_011523155.1_ASM1152315v1_genomic_prodigal_proteins	2101	1242	70.35	13.06	59.11
GCA_900473975.1_N26_genomic_prodigal_proteins	2454	GCA_003211275.1_ASM321127v1_genomic_prodigal_proteins	2168	1205	70.38	14.09	55.58
GCA_900473975.1_N26_genomic_prodigal_proteins	2454	GCA_003957805.1_ASM395780v1_genomic_prodigal_proteins	2887	1186	56.00	13.09	48.33
GCA_900473975.1_N26_genomic_prodigal_proteins	2454	GCA_012270465.1_ASM1227046v1_genomic_prodigal_proteins	2311	1311	65.42	13.98	56.73
GCA_900473975.1_N26_genomic_prodigal_proteins	2454	GCA_001693255.1_ASM169325v1_genomic_prodigal_proteins	3177	1066	53.52	12.85	43.44
GCA_900473975.1_N26_genomic_prodigal_proteins	2454	GCA_003210385.1_ASM321038v1_genomic_prodigal_proteins	286	201	69.81	14.08	70.28
GCA_900473975.1_N26_genomic_prodigal_proteins	2454	GCA_002170705.1_ASM217070v1_genomic_prodigal_proteins	1392	990	77.28	12.44	71.12
GCA_900473975.1_N26_genomic_prodigal_proteins	2454	GCA_002356215.1_ASM235621v1_genomic_prodigal_proteins	2953	1042	53.64	12.79	42.46
GCA_900473975.1_N26_genomic_prodigal_proteins	2454	GCA_003210935.1_ASM321093v1_genomic_prodigal_proteins	1868	1154	71.40	13.86	61.78
GCA_900473975.1_N26_genomic_prodigal_proteins	2454	GCA_003210535.1_ASM321053v1_genomic_prodigal_proteins	1257	742	75.78	12.89	59.03
GCA_900473975.1_N26_genomic_prodigal_proteins	2454	GCA_002724845.1_ASM272484v1_genomic_prodigal_proteins	1589	1404	96.42	4.65	88.36
GCA_900473975.1_N26_genomic_prodigal_proteins	2454	GCA_000153285.1_ASM15328v1_genomic_prodigal_proteins	2746	1795	71.80	13.85	73.15
GCA_900473975.1_N26_genomic_prodigal_proteins	2454	GCA_003211035.1_ASM321103v1_genomic_prodigal_proteins	530	343	76.07	13.19	64.72
GCA_900473975.1_N26_genomic_prodigal_proteins	2454	GCA_001521855.1_ASM152185v1_genomic_prodigal_proteins	3144	1056	53.64	12.77	43.03
GCA_900473975.1_N26_genomic_prodigal_proteins	2454	GCA_009835965.1_ASM983596v1_genomic_prodigal_proteins	2105	1181	61.44	12.75	56.10
GCA_900473975.1_N26_genomic_prodigal_proteins	2454	GCA_012269695.1_ASM1226969v1_genomic_prodigal_proteins	2043	1123	65.79	14.11	54.97
GCA_900473975.1_N26_genomic_prodigal_proteins	2454	GCA_000737535.1_ASM73753v1_genomic_prodigal_proteins	3013	1861	76.00	13.06	75.84
GCA_900473975.1_N26_genomic_prodigal_proteins	2454	GCA_000586015.1_SynSpo.0_genomic_prodigal_proteins	1907	922	62.28	13.19	48.35
GCA_900473975.1_N26_genomic_prodigal_proteins	2454	GCA_002760345.1_ASM276034v1_genomic_prodigal_proteins	2731	920	53.09	11.78	37.49
GCA_900473975.1_N26_genomic_prodigal_proteins	2454	GCA_000013225.1_ASM1322v1_genomic_prodigal_proteins	2844	925	53.16	11.88	37.69
GCA_900473975.1_N26_genomic_prodigal_proteins	2454	GCA_000332275.1_ASM33227v1_genomic_prodigal_proteins	4564	1024	52.30	12.11	41.73
GCA_900473975.1_N26_genomic_prodigal_proteins	2454	GCA_002252675.1_ASM225267v1_genomic_prodigal_proteins	3295	1552	67.08	13.63	63.24
GCA_900473975.1_N26_genomic_prodigal_proteins	2454	GCA_000737575.1_ASM73757v1_genomic_prodigal_proteins	2662	1891	77.91	12.68	77.06
GCA_900473975.1_N26_genomic_prodigal_proteins	2454	GCA_902596755.1_AG-916-D19_genomic_prodigal_proteins	1152	683	77.97	13.29	59.29
GCA_900473975.1_N26_genomic_prodigal_proteins	2454	GCA_003211455.1_ASM321145v1_genomic_prodigal_proteins	1186	786	92.30	10.14	66.27
GCA_900473975.1_N26_genomic_prodigal_proteins	2454	GCA_003208755.1_ASM320875v1_genomic_prodigal_proteins	690	452	76.63	13.18	65.51
GCA_900473975.1_N26_genomic_prodigal_proteins	2454	GCA_007571215.1_ASM757121v1_genomic_prodigal_proteins	1879	1161	60.94	12.87	61.79
GCA_900473975.1_N26_genomic_prodigal_proteins	2454	GCA_001007635.1_ASM100763v1_genomic_prodigal_proteins	2333	1072	61.52	12.67	45.95
GCA_900473975.1_N26_genomic_prodigal_proteins	2454	GCA_000179255.1_ASM17925v1_genomic_prodigal_proteins	2729	1638	67.67	13.90	66.75
GCA_900473975.1_N26_genomic_prodigal_proteins	2454	GCA_003208975.1_ASM320897v1_genomic_prodigal_proteins	1804	1013	76.78	13.60	56.15
GCA_900473975.1_N26_genomic_prodigal_proteins	2454	GCA_012103655.1_ASM1210365v1_genomic_prodigal_proteins	2723	1762	71.14	13.52	71.80
GCA_900473975.1_N26_genomic_prodigal_proteins	2454	GCA_902582045.1_AG-912-B07_genomic_prodigal_proteins	196	83	73.70	16.65	42.35
GCA_900473975.1_N26_genomic_prodigal_proteins	2454	GCA_000153045.1_ASM15304v1_genomic_prodigal_proteins	3242	1600	67.21	13.70	65.20
GCA_900473975.1_N26_genomic_prodigal_proteins	2454	GCA_902549675.1_AG-903-B09_genomic_prodigal_proteins	836	464	78.15	14.66	55.50
GCA_900473975.1_N26_genomic_prodigal_proteins	2454	GCA_002018045.1_ASM201804v1_genomic_prodigal_proteins	1559	910	62.39	12.64	58.37
GCA_900473975.1_N26_genomic_prodigal_proteins	2454	GCA_004213055.1_ASM421305v1_genomic_prodigal_proteins	2241	1541	72.04	13.66	68.76
GCA_900473975.1_N26_genomic_prodigal_proteins	2454	GCA_007571085.1_ASM757108v1_genomic_prodigal_proteins	1784	1133	60.98	12.90	63.51
GCA_900473975.1_N26_genomic_prodigal_proteins	2454	GCA_009839805.1_ASM983980v1_genomic_prodigal_proteins	1848	783	59.72	12.31	42.37
GCA_900473975.1_N26_genomic_prodigal_proteins	2454	GCA_003210375.1_ASM321037v1_genomic_prodigal_proteins	2155	1390	76.51	12.74	64.50
GCA_900473975.1_N26_genomic_prodigal_proteins	2454	GCA_004332415.1_ASM433241v1_genomic_prodigal_proteins	2408	1748	72.25	13.56	72.59
GCA_900473975.1_N26_genomic_prodigal_proteins	2454	GCA_009836025.1_ASM983602v1_genomic_prodigal_proteins	2290	1163	61.57	12.69	50.79
GCA_900473975.1_N26_genomic_prodigal_proteins	2454	GCA_009843455.1_ASM984345v1_genomic_prodigal_proteins	2423	1141	61.38	12.64	47.09
GCA_900473975.1_N26_genomic_prodigal_proteins	2454	GCA_009843485.1_ASM984348v1_genomic_prodigal_proteins	2158	1182	61.43	12.89	54.77
GCA_900473975.1_N26_genomic_prodigal_proteins	2454	GCA_003283135.1_ASM328313v1_genomic_prodigal_proteins	459	143	68.45	14.81	31.15
GCA_900473975.1_N26_genomic_prodigal_proteins	2454	GCA_902635485.1_AG-447-G23_genomic_prodigal_proteins	327	184	92.77	12.32	56.27
GCA_900473975.1_N26_genomic_prodigal_proteins	2454	GCA_002760415.1_ASM276041v1_genomic_prodigal_proteins	2670	907	53.07	11.79	36.96
GCA_900473975.1_N26_genomic_prodigal_proteins	2454	GCA_002754935.1_ASM275493v1_genomic_prodigal_proteins	2664	947	54.26	12.26	38.59
GCA_900473975.1_N26_genomic_prodigal_proteins	2454	GCA_002171685.2_ASM217168v2_genomic_prodigal_proteins	811	649	71.69	13.23	80.02
GCA_900473975.1_N26_genomic_prodigal_proteins	2454	GCA_000737595.1_ASM73759v1_genomic_prodigal_proteins	2774	1989	91.13	8.63	81.05
GCA_900473975.1_N26_genomic_prodigal_proteins	2454	GCA_003331785.1_ASM333178v1_genomic_prodigal_proteins	2125	1626	70.95	13.60	76.52
GCA_900473975.1_N26_genomic_prodigal_proteins	2454	GCA_009842265.1_ASM984226v1_genomic_prodigal_proteins	2398	1156	61.42	12.68	48.21
GCA_900473975.1_N26_genomic_prodigal_proteins	2454	GCA_902579345.1_AG-911-L15_genomic_prodigal_proteins	248	105	73.05	15.24	42.34
GCA_900473975.1_N26_genomic_prodigal_proteins	2454	GCA_000011345.1_ASM1134v1_genomic_prodigal_proteins	2520	1004	54.08	12.37	40.91
GCA_900473975.1_N26_genomic_prodigal_proteins	2454	GCA_003210705.1_ASM321070v1_genomic_prodigal_proteins	2244	1304	70.60	14.07	58.11
GCA_900473975.1_N26_genomic_prodigal_proteins	2454	GCA_000019485.1_ASM1948v1_genomic_prodigal_proteins	3233	1052	53.71	12.79	42.87
GCA_900473975.1_N26_genomic_prodigal_proteins	2454	GCA_003283055.1_ASM328305v1_genomic_prodigal_proteins	482	91	71.32	16.32	18.88
GCA_900473975.1_N26_genomic_prodigal_proteins	2454	GCA_000010065.1_ASM1006v1_genomic_prodigal_proteins	2691	1170	55.94	13.12	47.68
GCA_900473975.1_N26_genomic_prodigal_proteins	2454	GCA_000316685.1_ASM31668v1_genomic_prodigal_proteins	3706	1033	53.56	12.62	42.09
GCA_900473975.1_N26_genomic_prodigal_proteins	2454	GCA_000063525.1_ASM6352v1_genomic_prodigal_proteins	2540	1626	66.53	14.27	66.26
GCA_900473975.1_N26_genomic_prodigal_proteins	2454	GCA_003283165.1_ASM328316v1_genomic_prodigal_proteins	217	83	73.00	16.03	38.25
GCA_900473975.1_N26_genomic_prodigal_proteins	2454	GCA_902540675.1_AG-359-E22_genomic_prodigal_proteins	584	304	77.71	14.72	52.05
GCA_900473975.1_N26_genomic_prodigal_proteins	2454	GCA_011055065.1_ASM1105506v1_genomic_prodigal_proteins	2792	885	53.08	11.93	36.06
GCA_900473975.1_N26_genomic_prodigal_proteins	2454	GCA_000013205.1_ASM1320v1_genomic_prodigal_proteins	2750	920	53.13	11.79	37.49
GCA_900473975.1_N26_genomic_prodigal_proteins	2454	GCA_003539795.1_ASM353979v1_genomic_prodigal_proteins	2284	1444	76.32	12.51	63.22
GCA_900473975.1_N26_genomic_prodigal_proteins	2454	GCA_002171995.1_ASM217199v1_genomic_prodigal_proteins	1978	1014	70.55	13.99	51.26
GCA_900473975.1_N26_genomic_prodigal_proteins	2454	GCA_011523835.1_ASM1152383v1_genomic_prodigal_proteins	2468	1520	72.18	13.97	61.94
GCA_900473975.1_N26_genomic_prodigal_proteins	2454	GCA_002172175.1_ASM217217v1_genomic_prodigal_proteins	1846	1038	65.22	13.85	56.23
GCA_900473975.1_N26_genomic_prodigal_proteins	2454	GCA_003208835.1_ASM320883v1_genomic_prodigal_proteins	2208	1373	77.15	12.97	62.18
GCA_900473975.1_N26_genomic_prodigal_proteins	2454	GCA_902589915.1_AG-914-F20_genomic_prodigal_proteins	373	155	78.99	14.83	41.55
GCA_900473975.1_N26_genomic_prodigal_proteins	2454	GCA_000485815.1_ASM48581v1_genomic_prodigal_proteins	3083	1022	53.70	12.79	41.65
GCA_900473975.1_N26_genomic_prodigal_proteins	2454	GCA_008807075.1_ASM880707v1_genomic_prodigal_proteins	2925	1574	66.78	13.32	64.14
GCA_900473975.1_N26_genomic_prodigal_proteins	2454	GCA_000179235.2_ASM17923v2_genomic_prodigal_proteins	3071	1623	67.96	13.64	66.14
GCA_900473975.1_N26_genomic_prodigal_proteins	2454	GCA_003210795.1_ASM321079v1_genomic_prodigal_proteins	2239	1426	77.03	13.46	63.69
GCA_900473975.1_N26_genomic_prodigal_proteins	2454	GCA_002706715.1_ASM270671v1_genomic_prodigal_proteins	1148	894	77.62	13.07	77.87
GCA_900473975.1_N26_genomic_prodigal_proteins	2454	GCA_003331245.1_ASM333124v1_genomic_prodigal_proteins	2021	1552	77.17	12.50	76.79
GCA_900473975.1_N26_genomic_prodigal_proteins	2454	GCA_009843385.1_ASM984338v1_genomic_prodigal_proteins	2085	972	61.83	12.74	46.62
GCA_900473975.1_N26_genomic_prodigal_proteins	2454	GCA_003211205.1_ASM321120v1_genomic_prodigal_proteins	2288	1407	70.86	13.91	61.49
GCA_900473975.1_N26_genomic_prodigal_proteins	2454	GCA_000063505.1_ASM6350v1_genomic_prodigal_proteins	2558	1769	72.03	13.92	72.09
GCA_900473975.1_N26_genomic_prodigal_proteins	2454	GCA_900474245.1_UW179B_genomic_prodigal_proteins	2743	1798	71.10	13.47	73.27
GCA_900473975.1_N26_genomic_prodigal_proteins	2454	GCA_003210345.1_ASM321034v1_genomic_prodigal_proteins	1256	809	76.23	12.68	64.41
GCA_900473975.1_N26_genomic_prodigal_proteins	2454	GCA_003210315.1_ASM321031v1_genomic_prodigal_proteins	1815	1065	69.81	13.94	58.68
GCA_900473975.1_N26_genomic_prodigal_proteins	2454	GCA_009836155.1_ASM983615v1_genomic_prodigal_proteins	1947	1102	61.66	12.66	56.60
GCA_900473975.1_N26_genomic_prodigal_proteins	2454	GCA_003990665.2_ASM399066v2_genomic_prodigal_proteins	2499	1002	54.12	12.37	40.83
GCA_900473975.1_N26_genomic_prodigal_proteins	2454	GCA_003209135.1_ASM320913v1_genomic_prodigal_proteins	1719	989	75.26	13.29	57.53
GCA_900473975.1_N26_genomic_prodigal_proteins	2454	GCA_009845105.1_ASM984510v1_genomic_prodigal_proteins	1941	920	61.23	12.71	47.40
GCA_900473975.1_N26_genomic_prodigal_proteins	2454	GCA_002690325.1_ASM269032v1_genomic_prodigal_proteins	2554	1734	75.13	13.58	70.66
GCA_900473975.1_N26_genomic_prodigal_proteins	2454	GCA_000161795.2_ASM16179v2_genomic_prodigal_proteins	2407	2087	95.14	5.81	86.71
GCA_900473975.1_N26_genomic_prodigal_proteins	2454	GCA_004211895.1_ASM421189v1_genomic_prodigal_proteins	954	805	94.77	5.22	84.38
GCA_900473975.1_N26_genomic_prodigal_proteins	2454	GCA_003210735.1_ASM321073v1_genomic_prodigal_proteins	2337	1426	76.76	13.39	61.02
GCA_900473975.1_N26_genomic_prodigal_proteins	2454	GCA_003209035.1_ASM320903v1_genomic_prodigal_proteins	1803	1042	76.85	13.29	57.79
GCA_900473975.1_N26_genomic_prodigal_proteins	2454	GCA_003712085.1_ASM371208v1_genomic_prodigal_proteins	2745	1902	78.91	12.88	77.51
GCA_900473975.1_N26_genomic_prodigal_proteins	2454	GCA_003212155.1_ASM321215v1_genomic_prodigal_proteins	262	103	65.17	17.33	39.31
GCA_900473975.1_N26_genomic_prodigal_proteins	2454	GCA_001040845.1_ASM104084v1_genomic_prodigal_proteins	2917	1752	70.92	13.60	71.39
GCA_900473975.1_N26_genomic_prodigal_proteins	2454	GCA_002018015.1_ASM201801v1_genomic_prodigal_proteins	1578	896	62.31	12.72	56.78
GCA_900473975.1_N26_genomic_prodigal_proteins	2454	GCA_003211255.1_ASM321125v1_genomic_prodigal_proteins	1850	1061	76.51	13.72	57.35
GCA_900473975.1_N26_genomic_prodigal_proteins	2454	GCA_002721235.1_ASM272123v1_genomic_prodigal_proteins	3119	1052	53.69	12.80	42.87
GCA_900473975.1_N26_genomic_prodigal_proteins	2454	GCA_009839305.1_ASM983930v1_genomic_prodigal_proteins	1816	878	61.84	13.17	48.35
GCA_900473975.1_N26_genomic_prodigal_proteins	2454	GCA_011365345.1_ASM1136534v1_genomic_prodigal_proteins	2655	2066	89.65	9.24	84.19
GCA_900473975.1_N26_genomic_prodigal_proteins	2454	GCA_001039265.1_ASM103926v1_genomic_prodigal_proteins	2832	1100	68.39	13.91	44.82
GCA_900473975.1_N26_genomic_prodigal_proteins	2454	GCA_001628325.1_ASM162832v1_genomic_prodigal_proteins	2129	1893	98.33	2.71	88.91
GCA_900473975.1_N26_genomic_prodigal_proteins	2454	GCA_003209215.1_ASM320921v1_genomic_prodigal_proteins	1679	1063	94.06	7.81	63.31
GCA_900473975.1_N26_genomic_prodigal_proteins	2454	GCA_002737305.1_ASM273730v1_genomic_prodigal_proteins	1951	1208	67.61	13.67	61.92
GCA_900473975.1_N26_genomic_prodigal_proteins	2454	GCA_003210515.1_ASM321051v1_genomic_prodigal_proteins	1673	1107	76.48	13.12	66.17
GCA_900473975.1_N26_genomic_prodigal_proteins	2454	GCA_011525445.1_ASM1152544v1_genomic_prodigal_proteins	3208	1454	70.62	13.59	59.25
GCA_900473975.1_N26_genomic_prodigal_proteins	2454	GCA_902599435.1_AG-916-N22_genomic_prodigal_proteins	793	478	79.60	13.59	60.28
GCA_900473975.1_N26_genomic_prodigal_proteins	2454	GCA_003149585.1_ASM314958v1_genomic_prodigal_proteins	2600	1643	67.63	13.94	66.95
GCA_900473975.1_N26_genomic_prodigal_proteins	2454	GCA_902560665.1_AG-905-O11_genomic_prodigal_proteins	401	207	78.68	14.23	51.62
GCA_900473975.1_N26_genomic_prodigal_proteins	2454	GCA_003331795.1_ASM333179v1_genomic_prodigal_proteins	1948	1305	66.38	14.41	66.99
GCA_900473975.1_N26_genomic_prodigal_proteins	2454	GCA_002017955.1_ASM201795v1_genomic_prodigal_proteins	512	257	62.09	12.35	50.20
GCA_900473975.1_N26_genomic_prodigal_proteins	2454	GCA_902584485.1_AG-912-O23_genomic_prodigal_proteins	535	257	77.12	14.65	48.04
GCA_900473975.1_N26_genomic_prodigal_proteins	2454	GCA_902527915.1_AG-896-G19_genomic_prodigal_proteins	1003	629	78.27	13.56	62.71
GCA_900473975.1_N26_genomic_prodigal_proteins	2454	GCA_902635365.1_AG-447-D19_genomic_prodigal_proteins	1690	949	76.82	13.71	56.15
GCA_900473975.1_N26_genomic_prodigal_proteins	2454	GCA_900474085.1_UW86_genomic_prodigal_proteins	2403	2141	96.82	6.23	89.10
GCA_900473975.1_N26_genomic_prodigal_proteins	2454	GCA_001885215.1_ASM188521v1_genomic_prodigal_proteins	2897	1564	66.43	13.33	63.73
GCA_900473975.1_N26_genomic_prodigal_proteins	2454	GCA_902575935.1_AG-426-B22_genomic_prodigal_proteins	254	186	97.44	3.42	73.23
GCA_900473975.1_N26_genomic_prodigal_proteins	2454	GCA_900474295.1_UW140_genomic_prodigal_proteins	2925	1779	71.67	13.78	72.49
GCA_900473975.1_N26_genomic_prodigal_proteins	2454	GCA_003211565.1_ASM321156v1_genomic_prodigal_proteins	1489	991	94.06	7.97	66.55
GCA_900473975.1_N26_genomic_prodigal_proteins	2454	GCA_003526105.1_ASM352610v1_genomic_prodigal_proteins	1581	1115	97.96	4.80	70.52
GCA_900473975.1_N26_genomic_prodigal_proteins	2454	GCA_002172935.1_ASM217293v1_genomic_prodigal_proteins	1996	1340	70.96	13.56	67.13
GCA_900473975.1_N26_genomic_prodigal_proteins	2454	GCA_003210335.1_ASM321033v1_genomic_prodigal_proteins	942	352	68.00	14.63	37.37
GCA_900473975.1_N26_genomic_prodigal_proteins	2454	GCA_009846115.1_ASM984611v1_genomic_prodigal_proteins	2048	1048	61.28	12.82	51.17
GCA_900473975.1_N26_genomic_prodigal_proteins	2454	GCA_001693295.1_ASM169329v1_genomic_prodigal_proteins	3183	1056	53.60	12.83	43.03
GCA_900473975.1_N26_genomic_prodigal_proteins	2454	GCA_900473965.1_UW179A_genomic_prodigal_proteins	3383	1793	71.01	13.90	73.06
GCA_900473975.1_N26_genomic_prodigal_proteins	2454	GCA_003213755.1_ASM321375v1_genomic_prodigal_proteins	1050	569	66.21	14.57	54.19
GCA_900473975.1_N26_genomic_prodigal_proteins	2454	GCA_003209155.1_ASM320915v1_genomic_prodigal_proteins	2305	1351	71.05	13.85	58.61
GCA_900473975.1_N26_genomic_prodigal_proteins	2454	GCA_003211515.1_ASM321151v1_genomic_prodigal_proteins	2451	1218	74.94	13.62	49.69
GCA_900473975.1_N26_genomic_prodigal_proteins	2454	GCA_002693285.1_ASM269328v1_genomic_prodigal_proteins	2440	1568	71.26	13.82	64.26
GCA_900473975.1_N26_genomic_prodigal_proteins	2454	GCA_003210555.1_ASM321055v1_genomic_prodigal_proteins	1847	1003	70.06	13.35	54.30
GCA_900473975.1_N26_genomic_prodigal_proteins	2454	GCA_000155595.1_ASM15559v1_genomic_prodigal_proteins	5270	1106	53.14	12.64	45.07
GCA_900473975.1_N26_genomic_prodigal_proteins	2454	GCA_001007665.1_ASM100766v1_genomic_prodigal_proteins	2356	1192	61.15	12.88	50.59
GCA_900473975.1_N26_genomic_prodigal_proteins	2454	GCA_009919765.1_ASM991976v1_genomic_prodigal_proteins	2524	1121	66.76	14.60	45.68
GCA_900473975.1_N26_genomic_prodigal_proteins	2454	GCA_003331225.1_ASM333122v1_genomic_prodigal_proteins	2113	1408	66.41	13.84	66.64
GCA_900473975.1_N26_genomic_prodigal_proteins	2454	GCA_900177825.1_IMG-taxon_2708742468_annotated_assembly_genomic_prodigal_proteins	3317	1042	53.70	12.80	42.46
GCA_900473975.1_N26_genomic_prodigal_proteins	2454	GCA_000195975.1_ASM19597v1_genomic_prodigal_proteins	2719	1905	78.81	12.86	77.63
GCA_900473975.1_N26_genomic_prodigal_proteins	2454	GCA_902618885.1_AG-920-D15_genomic_prodigal_proteins	1178	750	79.03	13.30	63.67
GCA_900473975.1_N26_genomic_prodigal_proteins	2454	GCA_003209165.1_ASM320916v1_genomic_prodigal_proteins	2711	1751	90.67	8.69	71.35
GCA_900473975.1_N26_genomic_prodigal_proteins	2454	GCA_001007625.1_ASM100762v1_genomic_prodigal_proteins	2478	1044	61.73	12.84	42.54
GCA_900473975.1_N26_genomic_prodigal_proteins	2454	GCA_008386235.1_ASM838623v1_genomic_prodigal_proteins	2571	1006	54.01	12.39	40.99
GCA_900473975.1_N26_genomic_prodigal_proteins	2454	GCA_001631935.1_ASM163193v1_genomic_prodigal_proteins	3526	1787	71.10	13.94	72.82
GCA_900473975.1_N26_genomic_prodigal_proteins	2454	GCA_002151525.1_ASM215152v1_genomic_prodigal_proteins	1628	1073	64.49	13.92	65.91
GCA_900473975.1_N26_genomic_prodigal_proteins	2454	GCA_000153065.1_ASM15306v1_genomic_prodigal_proteins	2704	1679	72.54	13.22	68.42
GCA_900473975.1_N26_genomic_prodigal_proteins	2454	GCA_009837265.1_ASM983726v1_genomic_prodigal_proteins	2126	1110	61.39	12.84	52.21
GCA_900473975.1_N26_genomic_prodigal_proteins	2454	GCA_902533725.1_AG-898-C20_genomic_prodigal_proteins	421	221	93.57	8.08	52.49
GCA_900473975.1_N26_genomic_prodigal_proteins	2454	GCA_002171075.2_ASM217107v2_genomic_prodigal_proteins	1919	1198	64.57	13.59	62.43
GCA_900473975.1_N26_genomic_prodigal_proteins	2454	GCA_002760395.1_ASM276039v1_genomic_prodigal_proteins	2661	897	53.13	11.79	36.55
GCA_900473975.1_N26_genomic_prodigal_proteins	2454	GCA_003209005.1_ASM320900v1_genomic_prodigal_proteins	2548	1495	70.87	13.87	60.92
GCA_900473975.1_N26_genomic_prodigal_proteins	2454	GCA_002017915.1_ASM201791v1_genomic_prodigal_proteins	623	323	63.99	13.09	51.85
GCA_900473975.1_N26_genomic_prodigal_proteins	2454	GCA_900047545.1_m9_genomic_prodigal_proteins	1575	918	61.35	12.64	58.29
GCA_900473975.1_N26_genomic_prodigal_proteins	2454	GCA_001632105.1_ASM163210v1_genomic_prodigal_proteins	3521	1800	71.12	13.91	73.35
GCA_900473975.1_N26_genomic_prodigal_proteins	2454	GCA_004212765.1_ASM421276v1_genomic_prodigal_proteins	1162	890	78.40	12.82	76.59
GCA_900473975.1_N26_genomic_prodigal_proteins	2454	GCA_002685515.1_ASM268551v1_genomic_prodigal_proteins	1286	910	70.08	13.85	70.76
GCA_900473975.1_N26_genomic_prodigal_proteins	2454	GCA_007828135.1_ASM782813v1_genomic_prodigal_proteins	2917	1563	66.44	13.33	63.69
GCA_900473975.1_N26_genomic_prodigal_proteins	2454	GCA_011047875.1_ASM1104787v1_genomic_prodigal_proteins	2810	912	53.13	11.90	37.16
GCA_900473975.1_N26_genomic_prodigal_proteins	2454	GCA_009840445.1_ASM984044v1_genomic_prodigal_proteins	2167	1208	61.36	12.85	55.75
GCA_900473975.1_N26_genomic_prodigal_proteins	2454	GCA_003210995.1_ASM321099v1_genomic_prodigal_proteins	2385	1300	71.07	14.13	54.51
GCA_900473975.1_N26_genomic_prodigal_proteins	2454	GCA_902616995.1_AG-919-L20_genomic_prodigal_proteins	654	374	78.25	13.29	57.19
GCA_900473975.1_N26_genomic_prodigal_proteins	2454	GCA_009845825.1_ASM984582v1_genomic_prodigal_proteins	2168	1021	61.72	12.63	47.09
GCA_900473975.1_N26_genomic_prodigal_proteins	2454	GCA_000515235.1_ASM51523v1_genomic_prodigal_proteins	2873	1848	76.19	13.01	75.31
GCA_900473975.1_N26_genomic_prodigal_proteins	2454	GCA_003523965.1_ASM352396v1_genomic_prodigal_proteins	1735	780	62.57	13.03	44.96
GCA_900473975.1_N26_genomic_prodigal_proteins	2454	GCA_002684175.1_ASM268417v1_genomic_prodigal_proteins	1819	1118	75.97	11.89	61.46
GCA_900473975.1_N26_genomic_prodigal_proteins	2454	GCA_011523295.1_ASM1152329v1_genomic_prodigal_proteins	2851	1466	76.92	13.51	59.74
GCA_900473975.1_N26_genomic_prodigal_proteins	2454	GCA_003211015.1_ASM321101v1_genomic_prodigal_proteins	2128	1284	71.12	13.69	60.34
GCA_900473975.1_N26_genomic_prodigal_proteins	2454	GCA_002006815.1_ASM200681v1_genomic_prodigal_proteins	1973	1329	64.70	13.80	67.36
GCA_002760475.1_ASM276047v1_genomic_prodigal_proteins	2647	GCA_003210565.1_ASM321056v1_genomic_prodigal_proteins	836	230	52.46	12.39	27.51
GCA_002760475.1_ASM276047v1_genomic_prodigal_proteins	2647	GCA_902618505.1_AG-892-K03_genomic_prodigal_proteins	959	211	54.65	12.91	22.00
GCA_002760475.1_ASM276047v1_genomic_prodigal_proteins	2647	GCA_005577135.1_ASM557713v1_genomic_prodigal_proteins	3356	1236	56.51	12.32	46.69
GCA_002760475.1_ASM276047v1_genomic_prodigal_proteins	2647	GCA_003846445.1_ASM384644v1_genomic_prodigal_proteins	2740	1176	57.76	12.13	44.43
GCA_002760475.1_ASM276047v1_genomic_prodigal_proteins	2647	GCA_000505665.1_ASM50566v1_genomic_prodigal_proteins	2466	1236	58.47	12.60	50.12
GCA_002760475.1_ASM276047v1_genomic_prodigal_proteins	2647	GCA_902616255.1_AG-919-I18_genomic_prodigal_proteins	1046	297	52.50	12.13	28.39
GCA_002760475.1_ASM276047v1_genomic_prodigal_proteins	2647	GCA_001182765.1_WH8103.1_genomic_prodigal_proteins	2676	913	52.89	11.93	34.49
GCA_002760475.1_ASM276047v1_genomic_prodigal_proteins	2647	GCA_002760375.1_ASM276037v1_genomic_prodigal_proteins	2702	2470	99.38	2.50	93.31
GCA_002760475.1_ASM276047v1_genomic_prodigal_proteins	2647	GCA_902592305.1_AG-914-O22_genomic_prodigal_proteins	179	50	53.56	12.34	27.93
GCA_002760475.1_ASM276047v1_genomic_prodigal_proteins	2647	GCA_001632165.1_ASM163216v1_genomic_prodigal_proteins	2830	904	52.79	11.91	34.15
GCA_002760475.1_ASM276047v1_genomic_prodigal_proteins	2647	GCA_004332405.1_ASM433240v1_genomic_prodigal_proteins	2437	917	53.25	12.04	37.63
GCA_002760475.1_ASM276047v1_genomic_prodigal_proteins	2647	GCA_900473975.1_N26_genomic_prodigal_proteins	2454	905	53.13	11.81	36.88
GCA_002760475.1_ASM276047v1_genomic_prodigal_proteins	2647	GCA_902612475.1_AG-918-G20_genomic_prodigal_proteins	502	106	50.52	11.10	21.12
GCA_002760475.1_ASM276047v1_genomic_prodigal_proteins	2647	GCA_000775285.1_ASM77528v1_genomic_prodigal_proteins	4812	1136	58.97	12.31	42.92
GCA_002760475.1_ASM276047v1_genomic_prodigal_proteins	2647	GCA_002698505.1_ASM269850v1_genomic_prodigal_proteins	2471	836	52.71	11.79	33.83
GCA_002760475.1_ASM276047v1_genomic_prodigal_proteins	2647	GCA_002252665.1_ASM225266v1_genomic_prodigal_proteins	2771	954	53.87	11.78	36.04
GCA_002760475.1_ASM276047v1_genomic_prodigal_proteins	2647	GCA_003555505.1_ASM355550v1_genomic_prodigal_proteins	3351	936	58.86	13.17	35.36
GCA_002760475.1_ASM276047v1_genomic_prodigal_proteins	2647	GCA_900474015.1_UW106_genomic_prodigal_proteins	2762	905	53.11	11.85	34.19
GCA_002760475.1_ASM276047v1_genomic_prodigal_proteins	2647	GCA_000715475.1_ASM71547v1_genomic_prodigal_proteins	3299	1219	56.50	12.33	46.05
GCA_002760475.1_ASM276047v1_genomic_prodigal_proteins	2647	GCA_001628295.1_ASM162829v1_genomic_prodigal_proteins	2145	836	53.07	11.58	38.97
GCA_002760475.1_ASM276047v1_genomic_prodigal_proteins	2647	GCA_003208775.1_ASM320877v1_genomic_prodigal_proteins	1808	541	52.89	12.34	29.92
GCA_002760475.1_ASM276047v1_genomic_prodigal_proteins	2647	GCA_003210975.1_ASM321097v1_genomic_prodigal_proteins	627	228	53.21	12.02	36.36
GCA_002760475.1_ASM276047v1_genomic_prodigal_proteins	2647	GCA_003208915.1_ASM320891v1_genomic_prodigal_proteins	1208	322	52.38	11.64	26.66
GCA_002760475.1_ASM276047v1_genomic_prodigal_proteins	2647	GCA_009837735.1_ASM983773v1_genomic_prodigal_proteins	2041	674	53.29	11.78	33.02
GCA_002760475.1_ASM276047v1_genomic_prodigal_proteins	2647	GCA_902548805.1_AG-901-N20_genomic_prodigal_proteins	158	35	54.80	12.80	22.15
GCA_002760475.1_ASM276047v1_genomic_prodigal_proteins	2647	GCA_003211235.1_ASM321123v1_genomic_prodigal_proteins	1698	489	52.43	11.93	28.80
GCA_002760475.1_ASM276047v1_genomic_prodigal_proteins	2647	GCA_004209775.1_ASM420977v1_genomic_prodigal_proteins	2798	946	53.39	12.06	35.74
GCA_002760475.1_ASM276047v1_genomic_prodigal_proteins	2647	GCA_003283215.1_ASM328321v1_genomic_prodigal_proteins	239	29	54.50	12.13	12.13
GCA_002760475.1_ASM276047v1_genomic_prodigal_proteins	2647	GCA_003209555.1_ASM320955v1_genomic_prodigal_proteins	908	217	52.31	12.28	23.90
GCA_002760475.1_ASM276047v1_genomic_prodigal_proteins	2647	GCA_000153805.1_ASM15380v1_genomic_prodigal_proteins	2517	896	52.73	11.97	35.60
GCA_002760475.1_ASM276047v1_genomic_prodigal_proteins	2647	GCA_003283205.1_ASM328320v1_genomic_prodigal_proteins	274	35	56.66	13.95	12.77
GCA_002760475.1_ASM276047v1_genomic_prodigal_proteins	2647	GCA_900473925.1_N5_genomic_prodigal_proteins	2417	893	53.28	11.78	36.95
GCA_002760475.1_ASM276047v1_genomic_prodigal_proteins	2647	GCA_902592665.1_AG-447-E14_genomic_prodigal_proteins	1111	228	52.71	12.04	20.52
GCA_002760475.1_ASM276047v1_genomic_prodigal_proteins	2647	GCA_011523155.1_ASM1152315v1_genomic_prodigal_proteins	2101	611	51.30	11.03	29.08
GCA_002760475.1_ASM276047v1_genomic_prodigal_proteins	2647	GCA_003211275.1_ASM321127v1_genomic_prodigal_proteins	2168	586	52.23	11.75	27.03
GCA_002760475.1_ASM276047v1_genomic_prodigal_proteins	2647	GCA_003957805.1_ASM395780v1_genomic_prodigal_proteins	2887	1214	57.49	12.12	45.86
GCA_002760475.1_ASM276047v1_genomic_prodigal_proteins	2647	GCA_012270465.1_ASM1227046v1_genomic_prodigal_proteins	2311	740	52.18	11.35	32.02
GCA_002760475.1_ASM276047v1_genomic_prodigal_proteins	2647	GCA_001693255.1_ASM169325v1_genomic_prodigal_proteins	3177	1240	56.44	12.33	46.85
GCA_002760475.1_ASM276047v1_genomic_prodigal_proteins	2647	GCA_003210385.1_ASM321038v1_genomic_prodigal_proteins	286	102	53.08	12.89	35.66
GCA_002760475.1_ASM276047v1_genomic_prodigal_proteins	2647	GCA_002170705.1_ASM217070v1_genomic_prodigal_proteins	1392	505	52.64	11.29	36.28
GCA_002760475.1_ASM276047v1_genomic_prodigal_proteins	2647	GCA_002356215.1_ASM235621v1_genomic_prodigal_proteins	2953	1220	56.63	12.25	46.09
GCA_002760475.1_ASM276047v1_genomic_prodigal_proteins	2647	GCA_003210935.1_ASM321093v1_genomic_prodigal_proteins	1868	606	53.04	11.88	32.44
GCA_002760475.1_ASM276047v1_genomic_prodigal_proteins	2647	GCA_003210535.1_ASM321053v1_genomic_prodigal_proteins	1257	350	51.61	12.08	27.84
GCA_002760475.1_ASM276047v1_genomic_prodigal_proteins	2647	GCA_002724845.1_ASM272484v1_genomic_prodigal_proteins	1589	666	52.64	11.60	41.91
GCA_002760475.1_ASM276047v1_genomic_prodigal_proteins	2647	GCA_000153285.1_ASM15328v1_genomic_prodigal_proteins	2746	925	52.89	12.16	34.95
GCA_002760475.1_ASM276047v1_genomic_prodigal_proteins	2647	GCA_003211035.1_ASM321103v1_genomic_prodigal_proteins	530	159	51.93	11.32	30.00
GCA_002760475.1_ASM276047v1_genomic_prodigal_proteins	2647	GCA_001521855.1_ASM152185v1_genomic_prodigal_proteins	3144	1241	56.52	12.32	46.88
GCA_002760475.1_ASM276047v1_genomic_prodigal_proteins	2647	GCA_009835965.1_ASM983596v1_genomic_prodigal_proteins	2105	822	53.28	11.68	39.05
GCA_002760475.1_ASM276047v1_genomic_prodigal_proteins	2647	GCA_012269695.1_ASM1226969v1_genomic_prodigal_proteins	2043	633	52.50	11.39	30.98
GCA_002760475.1_ASM276047v1_genomic_prodigal_proteins	2647	GCA_000737535.1_ASM73753v1_genomic_prodigal_proteins	3013	912	53.00	11.90	34.45
GCA_002760475.1_ASM276047v1_genomic_prodigal_proteins	2647	GCA_000586015.1_SynSpo.0_genomic_prodigal_proteins	1907	666	53.54	11.93	34.92
GCA_002760475.1_ASM276047v1_genomic_prodigal_proteins	2647	GCA_002760345.1_ASM276034v1_genomic_prodigal_proteins	2731	2406	98.80	3.95	90.90
GCA_002760475.1_ASM276047v1_genomic_prodigal_proteins	2647	GCA_000013225.1_ASM1322v1_genomic_prodigal_proteins	2844	2256	87.62	8.31	85.23
GCA_002760475.1_ASM276047v1_genomic_prodigal_proteins	2647	GCA_000332275.1_ASM33227v1_genomic_prodigal_proteins	4564	1458	60.62	12.45	55.08
GCA_002760475.1_ASM276047v1_genomic_prodigal_proteins	2647	GCA_002252675.1_ASM225267v1_genomic_prodigal_proteins	3295	988	53.44	12.01	37.33
GCA_002760475.1_ASM276047v1_genomic_prodigal_proteins	2647	GCA_000737575.1_ASM73757v1_genomic_prodigal_proteins	2662	911	53.27	11.86	34.42
GCA_002760475.1_ASM276047v1_genomic_prodigal_proteins	2647	GCA_902596755.1_AG-916-D19_genomic_prodigal_proteins	1152	326	52.92	11.52	28.30
GCA_002760475.1_ASM276047v1_genomic_prodigal_proteins	2647	GCA_003211455.1_ASM321145v1_genomic_prodigal_proteins	1186	298	52.70	11.97	25.13
GCA_002760475.1_ASM276047v1_genomic_prodigal_proteins	2647	GCA_003208755.1_ASM320875v1_genomic_prodigal_proteins	690	188	53.38	12.14	27.25
GCA_002760475.1_ASM276047v1_genomic_prodigal_proteins	2647	GCA_007571215.1_ASM757121v1_genomic_prodigal_proteins	1879	809	53.10	11.68	43.05
GCA_002760475.1_ASM276047v1_genomic_prodigal_proteins	2647	GCA_001007635.1_ASM100763v1_genomic_prodigal_proteins	2333	774	53.00	11.64	33.18
GCA_002760475.1_ASM276047v1_genomic_prodigal_proteins	2647	GCA_000179255.1_ASM17925v1_genomic_prodigal_proteins	2729	933	53.57	11.73	35.25
GCA_002760475.1_ASM276047v1_genomic_prodigal_proteins	2647	GCA_003208975.1_ASM320897v1_genomic_prodigal_proteins	1804	473	52.31	11.60	26.22
GCA_002760475.1_ASM276047v1_genomic_prodigal_proteins	2647	GCA_012103655.1_ASM1210365v1_genomic_prodigal_proteins	2723	915	52.52	11.90	34.57
GCA_002760475.1_ASM276047v1_genomic_prodigal_proteins	2647	GCA_902582045.1_AG-912-B07_genomic_prodigal_proteins	196	24	51.60	12.98	12.24
GCA_002760475.1_ASM276047v1_genomic_prodigal_proteins	2647	GCA_000153045.1_ASM15304v1_genomic_prodigal_proteins	3242	985	53.54	11.89	37.21
GCA_002760475.1_ASM276047v1_genomic_prodigal_proteins	2647	GCA_902549675.1_AG-903-B09_genomic_prodigal_proteins	836	224	53.67	12.87	26.79
GCA_002760475.1_ASM276047v1_genomic_prodigal_proteins	2647	GCA_002018045.1_ASM201804v1_genomic_prodigal_proteins	1559	663	53.81	11.54	42.53
GCA_002760475.1_ASM276047v1_genomic_prodigal_proteins	2647	GCA_004213055.1_ASM421305v1_genomic_prodigal_proteins	2241	825	52.88	11.71	36.81
GCA_002760475.1_ASM276047v1_genomic_prodigal_proteins	2647	GCA_007571085.1_ASM757108v1_genomic_prodigal_proteins	1784	788	53.15	11.70	44.17
GCA_002760475.1_ASM276047v1_genomic_prodigal_proteins	2647	GCA_009839805.1_ASM983980v1_genomic_prodigal_proteins	1848	536	51.90	11.15	29.00
GCA_002760475.1_ASM276047v1_genomic_prodigal_proteins	2647	GCA_003210375.1_ASM321037v1_genomic_prodigal_proteins	2155	657	52.28	11.92	30.49
GCA_002760475.1_ASM276047v1_genomic_prodigal_proteins	2647	GCA_004332415.1_ASM433241v1_genomic_prodigal_proteins	2408	924	53.19	11.89	38.37
GCA_002760475.1_ASM276047v1_genomic_prodigal_proteins	2647	GCA_009836025.1_ASM983602v1_genomic_prodigal_proteins	2290	830	53.14	11.62	36.24
GCA_002760475.1_ASM276047v1_genomic_prodigal_proteins	2647	GCA_009843455.1_ASM984345v1_genomic_prodigal_proteins	2423	819	53.01	11.45	33.80
GCA_002760475.1_ASM276047v1_genomic_prodigal_proteins	2647	GCA_009843485.1_ASM984348v1_genomic_prodigal_proteins	2158	821	53.34	11.60	38.04
GCA_002760475.1_ASM276047v1_genomic_prodigal_proteins	2647	GCA_003283135.1_ASM328313v1_genomic_prodigal_proteins	459	76	52.49	13.09	16.56
GCA_002760475.1_ASM276047v1_genomic_prodigal_proteins	2647	GCA_902635485.1_AG-447-G23_genomic_prodigal_proteins	327	56	51.92	13.81	17.13
GCA_002760475.1_ASM276047v1_genomic_prodigal_proteins	2647	GCA_002760415.1_ASM276041v1_genomic_prodigal_proteins	2670	2455	99.39	2.79	92.75
GCA_002760475.1_ASM276047v1_genomic_prodigal_proteins	2647	GCA_002754935.1_ASM275493v1_genomic_prodigal_proteins	2664	1197	58.36	12.54	45.22
GCA_002760475.1_ASM276047v1_genomic_prodigal_proteins	2647	GCA_002171685.2_ASM217168v2_genomic_prodigal_proteins	811	369	53.48	11.48	45.50
GCA_002760475.1_ASM276047v1_genomic_prodigal_proteins	2647	GCA_000737595.1_ASM73759v1_genomic_prodigal_proteins	2774	915	53.15	11.80	34.57
GCA_002760475.1_ASM276047v1_genomic_prodigal_proteins	2647	GCA_003331785.1_ASM333178v1_genomic_prodigal_proteins	2125	840	52.91	11.71	39.53
GCA_002760475.1_ASM276047v1_genomic_prodigal_proteins	2647	GCA_009842265.1_ASM984226v1_genomic_prodigal_proteins	2398	817	53.26	11.57	34.07
GCA_002760475.1_ASM276047v1_genomic_prodigal_proteins	2647	GCA_902579345.1_AG-911-L15_genomic_prodigal_proteins	248	38	52.89	14.29	15.32
GCA_002760475.1_ASM276047v1_genomic_prodigal_proteins	2647	GCA_000011345.1_ASM1134v1_genomic_prodigal_proteins	2520	1256	58.45	12.70	49.84
GCA_002760475.1_ASM276047v1_genomic_prodigal_proteins	2647	GCA_003210705.1_ASM321070v1_genomic_prodigal_proteins	2244	629	52.74	11.83	28.03
GCA_002760475.1_ASM276047v1_genomic_prodigal_proteins	2647	GCA_000019485.1_ASM1948v1_genomic_prodigal_proteins	3233	1246	56.40	12.36	47.07
GCA_002760475.1_ASM276047v1_genomic_prodigal_proteins	2647	GCA_003283055.1_ASM328305v1_genomic_prodigal_proteins	482	30	50.89	13.49	6.22
GCA_002760475.1_ASM276047v1_genomic_prodigal_proteins	2647	GCA_000010065.1_ASM1006v1_genomic_prodigal_proteins	2691	1194	57.51	12.11	45.11
GCA_002760475.1_ASM276047v1_genomic_prodigal_proteins	2647	GCA_000316685.1_ASM31668v1_genomic_prodigal_proteins	3706	1266	57.47	12.34	47.83
GCA_002760475.1_ASM276047v1_genomic_prodigal_proteins	2647	GCA_000063525.1_ASM6352v1_genomic_prodigal_proteins	2540	936	53.63	11.92	36.85
GCA_002760475.1_ASM276047v1_genomic_prodigal_proteins	2647	GCA_003283165.1_ASM328316v1_genomic_prodigal_proteins	217	32	51.32	10.32	14.75
GCA_002760475.1_ASM276047v1_genomic_prodigal_proteins	2647	GCA_902540675.1_AG-359-E22_genomic_prodigal_proteins	584	150	52.74	12.65	25.68
GCA_002760475.1_ASM276047v1_genomic_prodigal_proteins	2647	GCA_011055065.1_ASM1105506v1_genomic_prodigal_proteins	2792	2120	86.78	8.11	80.09
GCA_002760475.1_ASM276047v1_genomic_prodigal_proteins	2647	GCA_000013205.1_ASM1320v1_genomic_prodigal_proteins	2750	2418	98.79	3.78	91.35
GCA_002760475.1_ASM276047v1_genomic_prodigal_proteins	2647	GCA_003539795.1_ASM353979v1_genomic_prodigal_proteins	2284	661	51.81	11.05	28.94
GCA_002760475.1_ASM276047v1_genomic_prodigal_proteins	2647	GCA_002171995.1_ASM217199v1_genomic_prodigal_proteins	1978	538	51.83	11.82	27.20
GCA_002760475.1_ASM276047v1_genomic_prodigal_proteins	2647	GCA_011523835.1_ASM1152383v1_genomic_prodigal_proteins	2468	778	52.59	11.77	31.52
GCA_002760475.1_ASM276047v1_genomic_prodigal_proteins	2647	GCA_002172175.1_ASM217217v1_genomic_prodigal_proteins	1846	594	51.96	11.56	32.18
GCA_002760475.1_ASM276047v1_genomic_prodigal_proteins	2647	GCA_003208835.1_ASM320883v1_genomic_prodigal_proteins	2208	677	52.61	11.84	30.66
GCA_002760475.1_ASM276047v1_genomic_prodigal_proteins	2647	GCA_902589915.1_AG-914-F20_genomic_prodigal_proteins	373	72	53.72	13.21	19.30
GCA_002760475.1_ASM276047v1_genomic_prodigal_proteins	2647	GCA_000485815.1_ASM48581v1_genomic_prodigal_proteins	3083	1195	56.68	12.19	45.15
GCA_002760475.1_ASM276047v1_genomic_prodigal_proteins	2647	GCA_008807075.1_ASM880707v1_genomic_prodigal_proteins	2925	922	53.29	12.00	34.83
GCA_002760475.1_ASM276047v1_genomic_prodigal_proteins	2647	GCA_000179235.2_ASM17923v2_genomic_prodigal_proteins	3071	993	53.56	11.95	37.51
GCA_002760475.1_ASM276047v1_genomic_prodigal_proteins	2647	GCA_003210795.1_ASM321079v1_genomic_prodigal_proteins	2239	668	52.42	11.52	29.83
GCA_002760475.1_ASM276047v1_genomic_prodigal_proteins	2647	GCA_002706715.1_ASM270671v1_genomic_prodigal_proteins	1148	491	53.33	11.90	42.77
GCA_002760475.1_ASM276047v1_genomic_prodigal_proteins	2647	GCA_003331245.1_ASM333124v1_genomic_prodigal_proteins	2021	743	52.91	11.31	36.76
GCA_002760475.1_ASM276047v1_genomic_prodigal_proteins	2647	GCA_009843385.1_ASM984338v1_genomic_prodigal_proteins	2085	686	53.61	11.58	32.90
GCA_002760475.1_ASM276047v1_genomic_prodigal_proteins	2647	GCA_003211205.1_ASM321120v1_genomic_prodigal_proteins	2288	700	52.57	11.92	30.59
GCA_002760475.1_ASM276047v1_genomic_prodigal_proteins	2647	GCA_000063505.1_ASM6350v1_genomic_prodigal_proteins	2558	930	52.84	12.13	36.36
GCA_002760475.1_ASM276047v1_genomic_prodigal_proteins	2647	GCA_900474245.1_UW179B_genomic_prodigal_proteins	2743	924	52.59	11.94	34.91
GCA_002760475.1_ASM276047v1_genomic_prodigal_proteins	2647	GCA_003210345.1_ASM321034v1_genomic_prodigal_proteins	1256	350	52.05	12.03	27.87
GCA_002760475.1_ASM276047v1_genomic_prodigal_proteins	2647	GCA_003210315.1_ASM321031v1_genomic_prodigal_proteins	1815	542	52.94	12.05	29.86
GCA_002760475.1_ASM276047v1_genomic_prodigal_proteins	2647	GCA_009836155.1_ASM983615v1_genomic_prodigal_proteins	1947	790	53.28	11.48	40.58
GCA_002760475.1_ASM276047v1_genomic_prodigal_proteins	2647	GCA_003990665.2_ASM399066v2_genomic_prodigal_proteins	2499	1260	58.43	12.64	50.42
GCA_002760475.1_ASM276047v1_genomic_prodigal_proteins	2647	GCA_003209135.1_ASM320913v1_genomic_prodigal_proteins	1719	476	51.87	11.21	27.69
GCA_002760475.1_ASM276047v1_genomic_prodigal_proteins	2647	GCA_009845105.1_ASM984510v1_genomic_prodigal_proteins	1941	653	52.99	11.56	33.64
GCA_002760475.1_ASM276047v1_genomic_prodigal_proteins	2647	GCA_002690325.1_ASM269032v1_genomic_prodigal_proteins	2554	807	51.89	11.49	31.60
GCA_002760475.1_ASM276047v1_genomic_prodigal_proteins	2647	GCA_000161795.2_ASM16179v2_genomic_prodigal_proteins	2407	898	53.25	11.89	37.31
GCA_002760475.1_ASM276047v1_genomic_prodigal_proteins	2647	GCA_004211895.1_ASM421189v1_genomic_prodigal_proteins	954	388	52.81	11.97	40.67
GCA_002760475.1_ASM276047v1_genomic_prodigal_proteins	2647	GCA_003210735.1_ASM321073v1_genomic_prodigal_proteins	2337	647	52.26	11.76	27.69
GCA_002760475.1_ASM276047v1_genomic_prodigal_proteins	2647	GCA_003209035.1_ASM320903v1_genomic_prodigal_proteins	1803	485	52.62	11.89	26.90
GCA_002760475.1_ASM276047v1_genomic_prodigal_proteins	2647	GCA_003712085.1_ASM371208v1_genomic_prodigal_proteins	2745	915	52.82	11.83	34.57
GCA_002760475.1_ASM276047v1_genomic_prodigal_proteins	2647	GCA_003212155.1_ASM321215v1_genomic_prodigal_proteins	262	51	52.11	14.24	19.47
GCA_002760475.1_ASM276047v1_genomic_prodigal_proteins	2647	GCA_001040845.1_ASM104084v1_genomic_prodigal_proteins	2917	913	52.87	11.85	34.49
GCA_002760475.1_ASM276047v1_genomic_prodigal_proteins	2647	GCA_002018015.1_ASM201801v1_genomic_prodigal_proteins	1578	659	53.70	11.73	41.76
GCA_002760475.1_ASM276047v1_genomic_prodigal_proteins	2647	GCA_003211255.1_ASM321125v1_genomic_prodigal_proteins	1850	493	51.95	11.56	26.65
GCA_002760475.1_ASM276047v1_genomic_prodigal_proteins	2647	GCA_002721235.1_ASM272123v1_genomic_prodigal_proteins	3119	1233	56.50	12.31	46.58
GCA_002760475.1_ASM276047v1_genomic_prodigal_proteins	2647	GCA_009839305.1_ASM983930v1_genomic_prodigal_proteins	1816	606	54.24	11.95	33.37
GCA_002760475.1_ASM276047v1_genomic_prodigal_proteins	2647	GCA_011365345.1_ASM1136534v1_genomic_prodigal_proteins	2655	908	53.12	11.85	34.30
GCA_002760475.1_ASM276047v1_genomic_prodigal_proteins	2647	GCA_001039265.1_ASM103926v1_genomic_prodigal_proteins	2832	691	55.33	12.21	26.11
GCA_002760475.1_ASM276047v1_genomic_prodigal_proteins	2647	GCA_001628325.1_ASM162832v1_genomic_prodigal_proteins	2129	821	52.94	11.53	38.56
GCA_002760475.1_ASM276047v1_genomic_prodigal_proteins	2647	GCA_003209215.1_ASM320921v1_genomic_prodigal_proteins	1679	463	53.12	12.04	27.58
GCA_002760475.1_ASM276047v1_genomic_prodigal_proteins	2647	GCA_002737305.1_ASM273730v1_genomic_prodigal_proteins	1951	756	54.32	11.70	38.75
GCA_002760475.1_ASM276047v1_genomic_prodigal_proteins	2647	GCA_003210515.1_ASM321051v1_genomic_prodigal_proteins	1673	510	52.31	12.14	30.48
GCA_002760475.1_ASM276047v1_genomic_prodigal_proteins	2647	GCA_011525445.1_ASM1152544v1_genomic_prodigal_proteins	3208	739	51.69	11.67	27.92
GCA_002760475.1_ASM276047v1_genomic_prodigal_proteins	2647	GCA_902599435.1_AG-916-N22_genomic_prodigal_proteins	793	238	54.48	12.18	30.01
GCA_002760475.1_ASM276047v1_genomic_prodigal_proteins	2647	GCA_003149585.1_ASM314958v1_genomic_prodigal_proteins	2600	959	53.70	11.76	36.88
GCA_002760475.1_ASM276047v1_genomic_prodigal_proteins	2647	GCA_902560665.1_AG-905-O11_genomic_prodigal_proteins	401	80	54.45	14.44	19.95
GCA_002760475.1_ASM276047v1_genomic_prodigal_proteins	2647	GCA_003331795.1_ASM333179v1_genomic_prodigal_proteins	1948	762	53.18	11.99	39.12
GCA_002760475.1_ASM276047v1_genomic_prodigal_proteins	2647	GCA_002017955.1_ASM201795v1_genomic_prodigal_proteins	512	185	52.31	11.66	36.13
GCA_002760475.1_ASM276047v1_genomic_prodigal_proteins	2647	GCA_902584485.1_AG-912-O23_genomic_prodigal_proteins	535	120	52.09	12.55	22.43
GCA_002760475.1_ASM276047v1_genomic_prodigal_proteins	2647	GCA_902527915.1_AG-896-G19_genomic_prodigal_proteins	1003	263	53.40	12.46	26.22
GCA_002760475.1_ASM276047v1_genomic_prodigal_proteins	2647	GCA_902635365.1_AG-447-D19_genomic_prodigal_proteins	1690	433	53.30	11.98	25.62
GCA_002760475.1_ASM276047v1_genomic_prodigal_proteins	2647	GCA_900474085.1_UW86_genomic_prodigal_proteins	2403	900	53.23	11.83	37.45
GCA_002760475.1_ASM276047v1_genomic_prodigal_proteins	2647	GCA_001885215.1_ASM188521v1_genomic_prodigal_proteins	2897	970	53.54	11.74	36.65
GCA_002760475.1_ASM276047v1_genomic_prodigal_proteins	2647	GCA_902575935.1_AG-426-B22_genomic_prodigal_proteins	254	86	58.61	13.30	33.86
GCA_002760475.1_ASM276047v1_genomic_prodigal_proteins	2647	GCA_900474295.1_UW140_genomic_prodigal_proteins	2925	917	52.87	11.88	34.64
GCA_002760475.1_ASM276047v1_genomic_prodigal_proteins	2647	GCA_003211565.1_ASM321156v1_genomic_prodigal_proteins	1489	406	52.75	12.29	27.27
GCA_002760475.1_ASM276047v1_genomic_prodigal_proteins	2647	GCA_003526105.1_ASM352610v1_genomic_prodigal_proteins	1581	497	53.34	11.52	31.44
GCA_002760475.1_ASM276047v1_genomic_prodigal_proteins	2647	GCA_002172935.1_ASM217293v1_genomic_prodigal_proteins	1996	696	52.44	11.73	34.87
GCA_002760475.1_ASM276047v1_genomic_prodigal_proteins	2647	GCA_003210335.1_ASM321033v1_genomic_prodigal_proteins	942	164	52.01	12.20	17.41
GCA_002760475.1_ASM276047v1_genomic_prodigal_proteins	2647	GCA_009846115.1_ASM984611v1_genomic_prodigal_proteins	2048	706	53.39	11.46	34.47
GCA_002760475.1_ASM276047v1_genomic_prodigal_proteins	2647	GCA_001693295.1_ASM169329v1_genomic_prodigal_proteins	3183	1231	56.51	12.39	46.51
GCA_002760475.1_ASM276047v1_genomic_prodigal_proteins	2647	GCA_900473965.1_UW179A_genomic_prodigal_proteins	3383	898	52.93	11.96	33.93
GCA_002760475.1_ASM276047v1_genomic_prodigal_proteins	2647	GCA_003213755.1_ASM321375v1_genomic_prodigal_proteins	1050	317	53.21	12.52	30.19
GCA_002760475.1_ASM276047v1_genomic_prodigal_proteins	2647	GCA_003209155.1_ASM320915v1_genomic_prodigal_proteins	2305	675	52.82	11.64	29.28
GCA_002760475.1_ASM276047v1_genomic_prodigal_proteins	2647	GCA_003211515.1_ASM321151v1_genomic_prodigal_proteins	2451	603	52.28	11.89	24.60
GCA_002760475.1_ASM276047v1_genomic_prodigal_proteins	2647	GCA_002693285.1_ASM269328v1_genomic_prodigal_proteins	2440	792	52.54	11.77	32.46
GCA_002760475.1_ASM276047v1_genomic_prodigal_proteins	2647	GCA_003210555.1_ASM321055v1_genomic_prodigal_proteins	1847	503	52.74	11.62	27.23
GCA_002760475.1_ASM276047v1_genomic_prodigal_proteins	2647	GCA_000155595.1_ASM15559v1_genomic_prodigal_proteins	5270	1287	56.04	11.97	48.62
GCA_002760475.1_ASM276047v1_genomic_prodigal_proteins	2647	GCA_001007665.1_ASM100766v1_genomic_prodigal_proteins	2356	843	53.04	11.44	35.78
GCA_002760475.1_ASM276047v1_genomic_prodigal_proteins	2647	GCA_009919765.1_ASM991976v1_genomic_prodigal_proteins	2524	624	53.10	11.72	24.72
GCA_002760475.1_ASM276047v1_genomic_prodigal_proteins	2647	GCA_003331225.1_ASM333122v1_genomic_prodigal_proteins	2113	816	53.44	11.73	38.62
GCA_002760475.1_ASM276047v1_genomic_prodigal_proteins	2647	GCA_900177825.1_IMG-taxon_2708742468_annotated_assembly_genomic_prodigal_proteins	3317	1230	56.45	12.35	46.47
GCA_002760475.1_ASM276047v1_genomic_prodigal_proteins	2647	GCA_000195975.1_ASM19597v1_genomic_prodigal_proteins	2719	910	52.98	11.91	34.38
GCA_002760475.1_ASM276047v1_genomic_prodigal_proteins	2647	GCA_902618885.1_AG-920-D15_genomic_prodigal_proteins	1178	333	53.70	12.48	28.27
GCA_002760475.1_ASM276047v1_genomic_prodigal_proteins	2647	GCA_003209165.1_ASM320916v1_genomic_prodigal_proteins	2711	777	52.95	11.95	29.35
GCA_002760475.1_ASM276047v1_genomic_prodigal_proteins	2647	GCA_001007625.1_ASM100762v1_genomic_prodigal_proteins	2478	745	53.29	11.64	30.06
GCA_002760475.1_ASM276047v1_genomic_prodigal_proteins	2647	GCA_008386235.1_ASM838623v1_genomic_prodigal_proteins	2571	1275	58.31	12.66	49.59
GCA_002760475.1_ASM276047v1_genomic_prodigal_proteins	2647	GCA_001631935.1_ASM163193v1_genomic_prodigal_proteins	3526	895	52.91	11.88	33.81
GCA_002760475.1_ASM276047v1_genomic_prodigal_proteins	2647	GCA_002151525.1_ASM215152v1_genomic_prodigal_proteins	1628	680	53.16	11.75	41.77
GCA_002760475.1_ASM276047v1_genomic_prodigal_proteins	2647	GCA_000153065.1_ASM15306v1_genomic_prodigal_proteins	2704	934	53.51	11.99	35.29
GCA_002760475.1_ASM276047v1_genomic_prodigal_proteins	2647	GCA_009837265.1_ASM983726v1_genomic_prodigal_proteins	2126	766	53.43	11.67	36.03
GCA_002760475.1_ASM276047v1_genomic_prodigal_proteins	2647	GCA_902533725.1_AG-898-C20_genomic_prodigal_proteins	421	85	53.06	13.48	20.19
GCA_002760475.1_ASM276047v1_genomic_prodigal_proteins	2647	GCA_002171075.2_ASM217107v2_genomic_prodigal_proteins	1919	664	52.29	11.30	34.60
GCA_002760475.1_ASM276047v1_genomic_prodigal_proteins	2647	GCA_002760395.1_ASM276039v1_genomic_prodigal_proteins	2661	2437	99.44	2.46	92.07
GCA_002760475.1_ASM276047v1_genomic_prodigal_proteins	2647	GCA_003209005.1_ASM320900v1_genomic_prodigal_proteins	2548	751	52.30	11.84	29.47
GCA_002760475.1_ASM276047v1_genomic_prodigal_proteins	2647	GCA_002017915.1_ASM201791v1_genomic_prodigal_proteins	623	245	55.44	12.01	39.33
GCA_002760475.1_ASM276047v1_genomic_prodigal_proteins	2647	GCA_900047545.1_m9_genomic_prodigal_proteins	1575	648	52.98	11.80	41.14
GCA_002760475.1_ASM276047v1_genomic_prodigal_proteins	2647	GCA_001632105.1_ASM163210v1_genomic_prodigal_proteins	3521	898	52.77	11.83	33.93
GCA_002760475.1_ASM276047v1_genomic_prodigal_proteins	2647	GCA_004212765.1_ASM421276v1_genomic_prodigal_proteins	1162	440	53.48	11.95	37.87
GCA_002760475.1_ASM276047v1_genomic_prodigal_proteins	2647	GCA_002685515.1_ASM268551v1_genomic_prodigal_proteins	1286	480	51.92	11.51	37.33
GCA_002760475.1_ASM276047v1_genomic_prodigal_proteins	2647	GCA_007828135.1_ASM782813v1_genomic_prodigal_proteins	2917	972	53.61	11.84	36.72
GCA_002760475.1_ASM276047v1_genomic_prodigal_proteins	2647	GCA_011047875.1_ASM1104787v1_genomic_prodigal_proteins	2810	2167	86.89	8.10	81.87
GCA_002760475.1_ASM276047v1_genomic_prodigal_proteins	2647	GCA_009840445.1_ASM984044v1_genomic_prodigal_proteins	2167	844	53.26	11.66	38.95
GCA_002760475.1_ASM276047v1_genomic_prodigal_proteins	2647	GCA_003210995.1_ASM321099v1_genomic_prodigal_proteins	2385	632	53.11	12.05	26.50
GCA_002760475.1_ASM276047v1_genomic_prodigal_proteins	2647	GCA_902616995.1_AG-919-L20_genomic_prodigal_proteins	654	170	53.04	13.14	25.99
GCA_002760475.1_ASM276047v1_genomic_prodigal_proteins	2647	GCA_009845825.1_ASM984582v1_genomic_prodigal_proteins	2168	730	53.35	11.49	33.67
GCA_002760475.1_ASM276047v1_genomic_prodigal_proteins	2647	GCA_000515235.1_ASM51523v1_genomic_prodigal_proteins	2873	913	52.93	11.87	34.49
GCA_002760475.1_ASM276047v1_genomic_prodigal_proteins	2647	GCA_003523965.1_ASM352396v1_genomic_prodigal_proteins	1735	568	53.75	11.45	32.74
GCA_002760475.1_ASM276047v1_genomic_prodigal_proteins	2647	GCA_002684175.1_ASM268417v1_genomic_prodigal_proteins	1819	529	52.02	11.12	29.08
GCA_002760475.1_ASM276047v1_genomic_prodigal_proteins	2647	GCA_011523295.1_ASM1152329v1_genomic_prodigal_proteins	2851	687	51.31	11.24	25.95
GCA_002760475.1_ASM276047v1_genomic_prodigal_proteins	2647	GCA_003211015.1_ASM321101v1_genomic_prodigal_proteins	2128	659	52.33	11.65	30.97
GCA_002760475.1_ASM276047v1_genomic_prodigal_proteins	2647	GCA_002006815.1_ASM200681v1_genomic_prodigal_proteins	1973	858	53.02	11.88	43.49
GCA_001632165.1_ASM163216v1_genomic_prodigal_proteins	2830	GCA_004332405.1_ASM433240v1_genomic_prodigal_proteins	2437	1827	74.33	13.01	74.97
GCA_001632165.1_ASM163216v1_genomic_prodigal_proteins	2830	GCA_900473975.1_N26_genomic_prodigal_proteins	2454	1786	71.15	13.77	72.78
GCA_001632165.1_ASM163216v1_genomic_prodigal_proteins	2830	GCA_902612475.1_AG-918-G20_genomic_prodigal_proteins	502	237	69.28	13.81	47.21
GCA_001632165.1_ASM163216v1_genomic_prodigal_proteins	2830	GCA_000775285.1_ASM77528v1_genomic_prodigal_proteins	4812	934	53.62	12.92	33.00
GCA_001632165.1_ASM163216v1_genomic_prodigal_proteins	2830	GCA_002698505.1_ASM269850v1_genomic_prodigal_proteins	2471	1752	72.63	13.16	70.90
GCA_001632165.1_ASM163216v1_genomic_prodigal_proteins	2830	GCA_002252665.1_ASM225266v1_genomic_prodigal_proteins	2771	1613	66.83	13.65	58.21
GCA_001632165.1_ASM163216v1_genomic_prodigal_proteins	2830	GCA_003555505.1_ASM355550v1_genomic_prodigal_proteins	3351	741	53.90	12.84	26.18
GCA_001632165.1_ASM163216v1_genomic_prodigal_proteins	2830	GCA_900474015.1_UW106_genomic_prodigal_proteins	2762	1865	70.65	13.95	67.52
GCA_001632165.1_ASM163216v1_genomic_prodigal_proteins	2830	GCA_000715475.1_ASM71547v1_genomic_prodigal_proteins	3299	1037	53.41	12.74	36.64
GCA_001632165.1_ASM163216v1_genomic_prodigal_proteins	2830	GCA_001628295.1_ASM162829v1_genomic_prodigal_proteins	2145	1624	71.41	13.47	75.71
GCA_001632165.1_ASM163216v1_genomic_prodigal_proteins	2830	GCA_003208775.1_ASM320877v1_genomic_prodigal_proteins	1808	1178	73.15	13.12	65.15
GCA_001632165.1_ASM163216v1_genomic_prodigal_proteins	2830	GCA_003210975.1_ASM321097v1_genomic_prodigal_proteins	627	436	70.46	14.84	69.54
GCA_001632165.1_ASM163216v1_genomic_prodigal_proteins	2830	GCA_003208915.1_ASM320891v1_genomic_prodigal_proteins	1208	678	69.44	13.91	56.13
GCA_001632165.1_ASM163216v1_genomic_prodigal_proteins	2830	GCA_009837735.1_ASM983773v1_genomic_prodigal_proteins	2041	934	60.78	12.90	45.76
GCA_001632165.1_ASM163216v1_genomic_prodigal_proteins	2830	GCA_902548805.1_AG-901-N20_genomic_prodigal_proteins	158	70	68.73	15.29	44.30
GCA_001632165.1_ASM163216v1_genomic_prodigal_proteins	2830	GCA_003211235.1_ASM321123v1_genomic_prodigal_proteins	1698	993	70.02	13.67	58.48
GCA_001632165.1_ASM163216v1_genomic_prodigal_proteins	2830	GCA_004209775.1_ASM420977v1_genomic_prodigal_proteins	2798	1828	74.02	13.07	65.33
GCA_001632165.1_ASM163216v1_genomic_prodigal_proteins	2830	GCA_003283215.1_ASM328321v1_genomic_prodigal_proteins	239	89	84.49	16.62	37.24
GCA_001632165.1_ASM163216v1_genomic_prodigal_proteins	2830	GCA_003209555.1_ASM320955v1_genomic_prodigal_proteins	908	444	65.31	14.67	48.90
GCA_001632165.1_ASM163216v1_genomic_prodigal_proteins	2830	GCA_000153805.1_ASM15380v1_genomic_prodigal_proteins	2517	1816	69.85	13.94	72.15
GCA_001632165.1_ASM163216v1_genomic_prodigal_proteins	2830	GCA_003283205.1_ASM328320v1_genomic_prodigal_proteins	274	123	88.71	14.56	44.89
GCA_001632165.1_ASM163216v1_genomic_prodigal_proteins	2830	GCA_900473925.1_N5_genomic_prodigal_proteins	2417	1780	71.19	13.71	73.65
GCA_001632165.1_ASM163216v1_genomic_prodigal_proteins	2830	GCA_902592665.1_AG-447-E14_genomic_prodigal_proteins	1111	560	68.33	14.32	50.41
GCA_001632165.1_ASM163216v1_genomic_prodigal_proteins	2830	GCA_011523155.1_ASM1152315v1_genomic_prodigal_proteins	2101	1290	71.35	12.73	61.40
GCA_001632165.1_ASM163216v1_genomic_prodigal_proteins	2830	GCA_003211275.1_ASM321127v1_genomic_prodigal_proteins	2168	1646	93.60	7.86	75.92
GCA_001632165.1_ASM163216v1_genomic_prodigal_proteins	2830	GCA_003957805.1_ASM395780v1_genomic_prodigal_proteins	2887	1187	55.45	12.97	41.94
GCA_001632165.1_ASM163216v1_genomic_prodigal_proteins	2830	GCA_012270465.1_ASM1227046v1_genomic_prodigal_proteins	2311	1350	64.63	13.65	58.42
GCA_001632165.1_ASM163216v1_genomic_prodigal_proteins	2830	GCA_001693255.1_ASM169325v1_genomic_prodigal_proteins	3177	1061	53.28	12.83	37.49
GCA_001632165.1_ASM163216v1_genomic_prodigal_proteins	2830	GCA_003210385.1_ASM321038v1_genomic_prodigal_proteins	286	216	73.62	12.73	75.52
GCA_001632165.1_ASM163216v1_genomic_prodigal_proteins	2830	GCA_002170705.1_ASM217070v1_genomic_prodigal_proteins	1392	957	70.59	13.51	68.75
GCA_001632165.1_ASM163216v1_genomic_prodigal_proteins	2830	GCA_002356215.1_ASM235621v1_genomic_prodigal_proteins	2953	1043	53.36	12.83	36.86
GCA_001632165.1_ASM163216v1_genomic_prodigal_proteins	2830	GCA_003210935.1_ASM321093v1_genomic_prodigal_proteins	1868	1517	95.80	7.63	81.21
GCA_001632165.1_ASM163216v1_genomic_prodigal_proteins	2830	GCA_003210535.1_ASM321053v1_genomic_prodigal_proteins	1257	720	69.02	13.85	57.28
GCA_001632165.1_ASM163216v1_genomic_prodigal_proteins	2830	GCA_002724845.1_ASM272484v1_genomic_prodigal_proteins	1589	1230	70.56	13.40	77.41
GCA_001632165.1_ASM163216v1_genomic_prodigal_proteins	2830	GCA_000153285.1_ASM15328v1_genomic_prodigal_proteins	2746	1954	77.55	12.24	71.16
GCA_001632165.1_ASM163216v1_genomic_prodigal_proteins	2830	GCA_003211035.1_ASM321103v1_genomic_prodigal_proteins	530	332	68.70	13.87	62.64
GCA_001632165.1_ASM163216v1_genomic_prodigal_proteins	2830	GCA_001521855.1_ASM152185v1_genomic_prodigal_proteins	3144	1061	53.30	12.78	37.49
GCA_001632165.1_ASM163216v1_genomic_prodigal_proteins	2830	GCA_009835965.1_ASM983596v1_genomic_prodigal_proteins	2105	1162	60.97	12.70	55.20
GCA_001632165.1_ASM163216v1_genomic_prodigal_proteins	2830	GCA_012269695.1_ASM1226969v1_genomic_prodigal_proteins	2043	1160	64.71	13.69	56.78
GCA_001632165.1_ASM163216v1_genomic_prodigal_proteins	2830	GCA_000737535.1_ASM73753v1_genomic_prodigal_proteins	3013	1847	70.22	13.85	65.27
GCA_001632165.1_ASM163216v1_genomic_prodigal_proteins	2830	GCA_000586015.1_SynSpo.0_genomic_prodigal_proteins	1907	915	61.54	13.27	47.98
GCA_001632165.1_ASM163216v1_genomic_prodigal_proteins	2830	GCA_002760345.1_ASM276034v1_genomic_prodigal_proteins	2731	921	52.72	11.82	33.72
GCA_001632165.1_ASM163216v1_genomic_prodigal_proteins	2830	GCA_000013225.1_ASM1322v1_genomic_prodigal_proteins	2844	914	52.83	11.83	32.30
GCA_001632165.1_ASM163216v1_genomic_prodigal_proteins	2830	GCA_000332275.1_ASM33227v1_genomic_prodigal_proteins	4564	1018	51.79	12.11	35.97
GCA_001632165.1_ASM163216v1_genomic_prodigal_proteins	2830	GCA_002252675.1_ASM225267v1_genomic_prodigal_proteins	3295	1595	66.23	13.54	56.36
GCA_001632165.1_ASM163216v1_genomic_prodigal_proteins	2830	GCA_000737575.1_ASM73757v1_genomic_prodigal_proteins	2662	1826	70.98	13.74	68.60
GCA_001632165.1_ASM163216v1_genomic_prodigal_proteins	2830	GCA_902596755.1_AG-916-D19_genomic_prodigal_proteins	1152	656	69.99	13.63	56.94
GCA_001632165.1_ASM163216v1_genomic_prodigal_proteins	2830	GCA_003211455.1_ASM321145v1_genomic_prodigal_proteins	1186	670	69.40	14.26	56.49
GCA_001632165.1_ASM163216v1_genomic_prodigal_proteins	2830	GCA_003208755.1_ASM320875v1_genomic_prodigal_proteins	690	435	69.71	13.92	63.04
GCA_001632165.1_ASM163216v1_genomic_prodigal_proteins	2830	GCA_007571215.1_ASM757121v1_genomic_prodigal_proteins	1879	1136	60.41	13.01	60.46
GCA_001632165.1_ASM163216v1_genomic_prodigal_proteins	2830	GCA_001007635.1_ASM100763v1_genomic_prodigal_proteins	2333	1049	61.00	12.75	44.96
GCA_001632165.1_ASM163216v1_genomic_prodigal_proteins	2830	GCA_000179255.1_ASM17925v1_genomic_prodigal_proteins	2729	1688	66.47	13.77	61.85
GCA_001632165.1_ASM163216v1_genomic_prodigal_proteins	2830	GCA_003208975.1_ASM320897v1_genomic_prodigal_proteins	1804	1005	70.11	13.78	55.71
GCA_001632165.1_ASM163216v1_genomic_prodigal_proteins	2830	GCA_012103655.1_ASM1210365v1_genomic_prodigal_proteins	2723	1922	73.73	12.91	70.58
GCA_001632165.1_ASM163216v1_genomic_prodigal_proteins	2830	GCA_902582045.1_AG-912-B07_genomic_prodigal_proteins	196	80	69.79	14.79	40.82
GCA_001632165.1_ASM163216v1_genomic_prodigal_proteins	2830	GCA_000153045.1_ASM15304v1_genomic_prodigal_proteins	3242	1629	66.29	13.61	57.56
GCA_001632165.1_ASM163216v1_genomic_prodigal_proteins	2830	GCA_902549675.1_AG-903-B09_genomic_prodigal_proteins	836	445	71.23	13.95	53.23
GCA_001632165.1_ASM163216v1_genomic_prodigal_proteins	2830	GCA_002018045.1_ASM201804v1_genomic_prodigal_proteins	1559	903	61.63	12.76	57.92
GCA_001632165.1_ASM163216v1_genomic_prodigal_proteins	2830	GCA_004213055.1_ASM421305v1_genomic_prodigal_proteins	2241	1667	73.26	13.18	74.39
GCA_001632165.1_ASM163216v1_genomic_prodigal_proteins	2830	GCA_007571085.1_ASM757108v1_genomic_prodigal_proteins	1784	1114	60.40	13.07	62.44
GCA_001632165.1_ASM163216v1_genomic_prodigal_proteins	2830	GCA_009839805.1_ASM983980v1_genomic_prodigal_proteins	1848	783	58.98	12.35	42.37
GCA_001632165.1_ASM163216v1_genomic_prodigal_proteins	2830	GCA_003210375.1_ASM321037v1_genomic_prodigal_proteins	2155	1346	69.59	13.90	62.46
GCA_001632165.1_ASM163216v1_genomic_prodigal_proteins	2830	GCA_004332415.1_ASM433241v1_genomic_prodigal_proteins	2408	1826	74.36	12.86	75.83
GCA_001632165.1_ASM163216v1_genomic_prodigal_proteins	2830	GCA_009836025.1_ASM983602v1_genomic_prodigal_proteins	2290	1161	60.66	12.88	50.70
GCA_001632165.1_ASM163216v1_genomic_prodigal_proteins	2830	GCA_009843455.1_ASM984345v1_genomic_prodigal_proteins	2423	1137	60.68	12.76	46.93
GCA_001632165.1_ASM163216v1_genomic_prodigal_proteins	2830	GCA_009843485.1_ASM984348v1_genomic_prodigal_proteins	2158	1164	60.94	12.76	53.94
GCA_001632165.1_ASM163216v1_genomic_prodigal_proteins	2830	GCA_003283135.1_ASM328313v1_genomic_prodigal_proteins	459	185	69.33	15.41	40.31
GCA_001632165.1_ASM163216v1_genomic_prodigal_proteins	2830	GCA_902635485.1_AG-447-G23_genomic_prodigal_proteins	327	145	66.56	15.48	44.34
GCA_001632165.1_ASM163216v1_genomic_prodigal_proteins	2830	GCA_002760415.1_ASM276041v1_genomic_prodigal_proteins	2670	907	52.71	11.83	33.97
GCA_001632165.1_ASM163216v1_genomic_prodigal_proteins	2830	GCA_002754935.1_ASM275493v1_genomic_prodigal_proteins	2664	976	53.20	12.46	36.64
GCA_001632165.1_ASM163216v1_genomic_prodigal_proteins	2830	GCA_002171685.2_ASM217168v2_genomic_prodigal_proteins	811	670	74.87	12.21	82.61
GCA_001632165.1_ASM163216v1_genomic_prodigal_proteins	2830	GCA_000737595.1_ASM73759v1_genomic_prodigal_proteins	2774	1838	70.66	13.84	66.26
GCA_001632165.1_ASM163216v1_genomic_prodigal_proteins	2830	GCA_003331785.1_ASM333178v1_genomic_prodigal_proteins	2125	1718	74.24	12.48	80.85
GCA_001632165.1_ASM163216v1_genomic_prodigal_proteins	2830	GCA_009842265.1_ASM984226v1_genomic_prodigal_proteins	2398	1150	60.71	12.79	47.96
GCA_001632165.1_ASM163216v1_genomic_prodigal_proteins	2830	GCA_902579345.1_AG-911-L15_genomic_prodigal_proteins	248	110	67.50	15.74	44.35
GCA_001632165.1_ASM163216v1_genomic_prodigal_proteins	2830	GCA_000011345.1_ASM1134v1_genomic_prodigal_proteins	2520	1021	53.37	12.48	40.52
GCA_001632165.1_ASM163216v1_genomic_prodigal_proteins	2830	GCA_003210705.1_ASM321070v1_genomic_prodigal_proteins	2244	1746	93.54	7.78	77.81
GCA_001632165.1_ASM163216v1_genomic_prodigal_proteins	2830	GCA_000019485.1_ASM1948v1_genomic_prodigal_proteins	3233	1060	53.28	12.84	37.46
GCA_001632165.1_ASM163216v1_genomic_prodigal_proteins	2830	GCA_003283055.1_ASM328305v1_genomic_prodigal_proteins	482	113	66.17	15.11	23.44
GCA_001632165.1_ASM163216v1_genomic_prodigal_proteins	2830	GCA_000010065.1_ASM1006v1_genomic_prodigal_proteins	2691	1180	55.39	12.94	43.85
GCA_001632165.1_ASM163216v1_genomic_prodigal_proteins	2830	GCA_000316685.1_ASM31668v1_genomic_prodigal_proteins	3706	1049	53.03	12.45	37.07
GCA_001632165.1_ASM163216v1_genomic_prodigal_proteins	2830	GCA_000063525.1_ASM6352v1_genomic_prodigal_proteins	2540	1667	65.65	14.12	65.63
GCA_001632165.1_ASM163216v1_genomic_prodigal_proteins	2830	GCA_003283165.1_ASM328316v1_genomic_prodigal_proteins	217	73	71.23	12.96	33.64
GCA_001632165.1_ASM163216v1_genomic_prodigal_proteins	2830	GCA_902540675.1_AG-359-E22_genomic_prodigal_proteins	584	299	70.54	15.11	51.20
GCA_001632165.1_ASM163216v1_genomic_prodigal_proteins	2830	GCA_011055065.1_ASM1105506v1_genomic_prodigal_proteins	2792	878	52.72	11.92	31.45
GCA_001632165.1_ASM163216v1_genomic_prodigal_proteins	2830	GCA_000013205.1_ASM1320v1_genomic_prodigal_proteins	2750	921	52.75	11.83	33.49
GCA_001632165.1_ASM163216v1_genomic_prodigal_proteins	2830	GCA_003539795.1_ASM353979v1_genomic_prodigal_proteins	2284	1382	69.71	13.24	60.51
GCA_001632165.1_ASM163216v1_genomic_prodigal_proteins	2830	GCA_002171995.1_ASM217199v1_genomic_prodigal_proteins	1978	1068	72.71	13.33	53.99
GCA_001632165.1_ASM163216v1_genomic_prodigal_proteins	2830	GCA_011523835.1_ASM1152383v1_genomic_prodigal_proteins	2468	1638	77.24	12.49	66.37
GCA_001632165.1_ASM163216v1_genomic_prodigal_proteins	2830	GCA_002172175.1_ASM217217v1_genomic_prodigal_proteins	1846	1064	63.69	13.83	57.64
GCA_001632165.1_ASM163216v1_genomic_prodigal_proteins	2830	GCA_003208835.1_ASM320883v1_genomic_prodigal_proteins	2208	1334	70.14	13.94	60.42
GCA_001632165.1_ASM163216v1_genomic_prodigal_proteins	2830	GCA_902589915.1_AG-914-F20_genomic_prodigal_proteins	373	157	72.33	13.81	42.09
GCA_001632165.1_ASM163216v1_genomic_prodigal_proteins	2830	GCA_000485815.1_ASM48581v1_genomic_prodigal_proteins	3083	1020	53.40	12.76	36.04
GCA_001632165.1_ASM163216v1_genomic_prodigal_proteins	2830	GCA_008807075.1_ASM880707v1_genomic_prodigal_proteins	2925	1614	65.85	13.77	57.03
GCA_001632165.1_ASM163216v1_genomic_prodigal_proteins	2830	GCA_000179235.2_ASM17923v2_genomic_prodigal_proteins	3071	1684	67.05	13.75	59.51
GCA_001632165.1_ASM163216v1_genomic_prodigal_proteins	2830	GCA_003210795.1_ASM321079v1_genomic_prodigal_proteins	2239	1391	70.14	13.97	62.13
GCA_001632165.1_ASM163216v1_genomic_prodigal_proteins	2830	GCA_002706715.1_ASM270671v1_genomic_prodigal_proteins	1148	888	70.96	13.56	77.35
GCA_001632165.1_ASM163216v1_genomic_prodigal_proteins	2830	GCA_003331245.1_ASM333124v1_genomic_prodigal_proteins	2021	1511	70.71	13.40	74.76
GCA_001632165.1_ASM163216v1_genomic_prodigal_proteins	2830	GCA_009843385.1_ASM984338v1_genomic_prodigal_proteins	2085	967	60.89	12.91	46.38
GCA_001632165.1_ASM163216v1_genomic_prodigal_proteins	2830	GCA_003211205.1_ASM321120v1_genomic_prodigal_proteins	2288	1851	94.62	6.67	80.90
GCA_001632165.1_ASM163216v1_genomic_prodigal_proteins	2830	GCA_000063505.1_ASM6350v1_genomic_prodigal_proteins	2558	1926	78.00	12.28	75.29
GCA_001632165.1_ASM163216v1_genomic_prodigal_proteins	2830	GCA_900474245.1_UW179B_genomic_prodigal_proteins	2743	1928	73.91	12.79	70.29
GCA_001632165.1_ASM163216v1_genomic_prodigal_proteins	2830	GCA_003210345.1_ASM321034v1_genomic_prodigal_proteins	1256	769	69.18	13.35	61.23
GCA_001632165.1_ASM163216v1_genomic_prodigal_proteins	2830	GCA_003210315.1_ASM321031v1_genomic_prodigal_proteins	1815	1183	72.71	13.32	65.18
GCA_001632165.1_ASM163216v1_genomic_prodigal_proteins	2830	GCA_009836155.1_ASM983615v1_genomic_prodigal_proteins	1947	1097	60.90	12.78	56.34
GCA_001632165.1_ASM163216v1_genomic_prodigal_proteins	2830	GCA_003990665.2_ASM399066v2_genomic_prodigal_proteins	2499	1020	53.44	12.47	40.82
GCA_001632165.1_ASM163216v1_genomic_prodigal_proteins	2830	GCA_003209135.1_ASM320913v1_genomic_prodigal_proteins	1719	991	69.15	14.15	57.65
GCA_001632165.1_ASM163216v1_genomic_prodigal_proteins	2830	GCA_009845105.1_ASM984510v1_genomic_prodigal_proteins	1941	910	60.40	12.84	46.88
GCA_001632165.1_ASM163216v1_genomic_prodigal_proteins	2830	GCA_002690325.1_ASM269032v1_genomic_prodigal_proteins	2554	1681	69.78	13.81	65.82
GCA_001632165.1_ASM163216v1_genomic_prodigal_proteins	2830	GCA_000161795.2_ASM16179v2_genomic_prodigal_proteins	2407	1787	71.00	13.73	74.24
GCA_001632165.1_ASM163216v1_genomic_prodigal_proteins	2830	GCA_004211895.1_ASM421189v1_genomic_prodigal_proteins	954	704	71.28	13.40	73.79
GCA_001632165.1_ASM163216v1_genomic_prodigal_proteins	2830	GCA_003210735.1_ASM321073v1_genomic_prodigal_proteins	2337	1402	69.63	13.68	59.99
GCA_001632165.1_ASM163216v1_genomic_prodigal_proteins	2830	GCA_003209035.1_ASM320903v1_genomic_prodigal_proteins	1803	1071	69.63	14.14	59.40
GCA_001632165.1_ASM163216v1_genomic_prodigal_proteins	2830	GCA_003712085.1_ASM371208v1_genomic_prodigal_proteins	2745	1806	70.93	13.66	65.79
GCA_001632165.1_ASM163216v1_genomic_prodigal_proteins	2830	GCA_003212155.1_ASM321215v1_genomic_prodigal_proteins	262	114	65.02	16.35	43.51
GCA_001632165.1_ASM163216v1_genomic_prodigal_proteins	2830	GCA_001040845.1_ASM104084v1_genomic_prodigal_proteins	2917	1946	73.72	12.77	68.76
GCA_001632165.1_ASM163216v1_genomic_prodigal_proteins	2830	GCA_002018015.1_ASM201801v1_genomic_prodigal_proteins	1578	873	61.60	12.83	55.32
GCA_001632165.1_ASM163216v1_genomic_prodigal_proteins	2830	GCA_003211255.1_ASM321125v1_genomic_prodigal_proteins	1850	1071	69.59	13.79	57.89
GCA_001632165.1_ASM163216v1_genomic_prodigal_proteins	2830	GCA_002721235.1_ASM272123v1_genomic_prodigal_proteins	3119	1059	53.35	12.74	37.42
GCA_001632165.1_ASM163216v1_genomic_prodigal_proteins	2830	GCA_009839305.1_ASM983930v1_genomic_prodigal_proteins	1816	868	61.31	13.11	47.80
GCA_001632165.1_ASM163216v1_genomic_prodigal_proteins	2830	GCA_011365345.1_ASM1136534v1_genomic_prodigal_proteins	2655	1860	70.74	13.89	70.06
GCA_001632165.1_ASM163216v1_genomic_prodigal_proteins	2830	GCA_001039265.1_ASM103926v1_genomic_prodigal_proteins	2832	1110	68.25	13.51	39.22
GCA_001632165.1_ASM163216v1_genomic_prodigal_proteins	2830	GCA_001628325.1_ASM162832v1_genomic_prodigal_proteins	2129	1607	71.30	13.45	75.48
GCA_001632165.1_ASM163216v1_genomic_prodigal_proteins	2830	GCA_003209215.1_ASM320921v1_genomic_prodigal_proteins	1679	929	70.70	13.52	55.33
GCA_001632165.1_ASM163216v1_genomic_prodigal_proteins	2830	GCA_002737305.1_ASM273730v1_genomic_prodigal_proteins	1951	1231	66.64	13.68	63.10
GCA_001632165.1_ASM163216v1_genomic_prodigal_proteins	2830	GCA_003210515.1_ASM321051v1_genomic_prodigal_proteins	1673	1076	69.22	13.85	64.32
GCA_001632165.1_ASM163216v1_genomic_prodigal_proteins	2830	GCA_011525445.1_ASM1152544v1_genomic_prodigal_proteins	3208	1561	72.35	12.90	55.16
GCA_001632165.1_ASM163216v1_genomic_prodigal_proteins	2830	GCA_902599435.1_AG-916-N22_genomic_prodigal_proteins	793	440	72.17	13.99	55.49
GCA_001632165.1_ASM163216v1_genomic_prodigal_proteins	2830	GCA_003149585.1_ASM314958v1_genomic_prodigal_proteins	2600	1706	66.54	13.79	65.62
GCA_001632165.1_ASM163216v1_genomic_prodigal_proteins	2830	GCA_902560665.1_AG-905-O11_genomic_prodigal_proteins	401	204	70.92	14.72	50.87
GCA_001632165.1_ASM163216v1_genomic_prodigal_proteins	2830	GCA_003331795.1_ASM333179v1_genomic_prodigal_proteins	1948	1327	65.31	14.32	68.12
GCA_001632165.1_ASM163216v1_genomic_prodigal_proteins	2830	GCA_002017955.1_ASM201795v1_genomic_prodigal_proteins	512	247	61.28	12.55	48.24
GCA_001632165.1_ASM163216v1_genomic_prodigal_proteins	2830	GCA_902584485.1_AG-912-O23_genomic_prodigal_proteins	535	255	69.92	14.57	47.66
GCA_001632165.1_ASM163216v1_genomic_prodigal_proteins	2830	GCA_902527915.1_AG-896-G19_genomic_prodigal_proteins	1003	587	70.33	13.67	58.52
GCA_001632165.1_ASM163216v1_genomic_prodigal_proteins	2830	GCA_902635365.1_AG-447-D19_genomic_prodigal_proteins	1690	923	69.98	14.21	54.62
GCA_001632165.1_ASM163216v1_genomic_prodigal_proteins	2830	GCA_900474085.1_UW86_genomic_prodigal_proteins	2403	1788	71.18	13.70	74.41
GCA_001632165.1_ASM163216v1_genomic_prodigal_proteins	2830	GCA_001885215.1_ASM188521v1_genomic_prodigal_proteins	2897	1593	65.76	13.24	56.29
GCA_001632165.1_ASM163216v1_genomic_prodigal_proteins	2830	GCA_902575935.1_AG-426-B22_genomic_prodigal_proteins	254	161	73.12	14.02	63.39
GCA_001632165.1_ASM163216v1_genomic_prodigal_proteins	2830	GCA_900474295.1_UW140_genomic_prodigal_proteins	2925	1951	72.87	13.30	68.94
GCA_001632165.1_ASM163216v1_genomic_prodigal_proteins	2830	GCA_003211565.1_ASM321156v1_genomic_prodigal_proteins	1489	836	70.04	14.09	56.15
GCA_001632165.1_ASM163216v1_genomic_prodigal_proteins	2830	GCA_003526105.1_ASM352610v1_genomic_prodigal_proteins	1581	954	71.65	13.59	60.34
GCA_001632165.1_ASM163216v1_genomic_prodigal_proteins	2830	GCA_002172935.1_ASM217293v1_genomic_prodigal_proteins	1996	1476	77.41	11.85	73.95
GCA_001632165.1_ASM163216v1_genomic_prodigal_proteins	2830	GCA_003210335.1_ASM321033v1_genomic_prodigal_proteins	942	499	86.74	12.55	52.97
GCA_001632165.1_ASM163216v1_genomic_prodigal_proteins	2830	GCA_009846115.1_ASM984611v1_genomic_prodigal_proteins	2048	1026	60.83	12.76	50.10
GCA_001632165.1_ASM163216v1_genomic_prodigal_proteins	2830	GCA_001693295.1_ASM169329v1_genomic_prodigal_proteins	3183	1057	53.30	12.79	37.35
GCA_001632165.1_ASM163216v1_genomic_prodigal_proteins	2830	GCA_900473965.1_UW179A_genomic_prodigal_proteins	3383	2310	89.96	9.10	81.63
GCA_001632165.1_ASM163216v1_genomic_prodigal_proteins	2830	GCA_003213755.1_ASM321375v1_genomic_prodigal_proteins	1050	605	65.06	14.53	57.62
GCA_001632165.1_ASM163216v1_genomic_prodigal_proteins	2830	GCA_003209155.1_ASM320915v1_genomic_prodigal_proteins	2305	1821	93.89	7.56	79.00
GCA_001632165.1_ASM163216v1_genomic_prodigal_proteins	2830	GCA_003211515.1_ASM321151v1_genomic_prodigal_proteins	2451	1245	68.98	14.42	50.80
GCA_001632165.1_ASM163216v1_genomic_prodigal_proteins	2830	GCA_002693285.1_ASM269328v1_genomic_prodigal_proteins	2440	1742	79.72	11.64	71.39
GCA_001632165.1_ASM163216v1_genomic_prodigal_proteins	2830	GCA_003210555.1_ASM321055v1_genomic_prodigal_proteins	1847	1124	72.93	12.89	60.86
GCA_001632165.1_ASM163216v1_genomic_prodigal_proteins	2830	GCA_000155595.1_ASM15559v1_genomic_prodigal_proteins	5270	1132	52.44	12.70	40.00
GCA_001632165.1_ASM163216v1_genomic_prodigal_proteins	2830	GCA_001007665.1_ASM100766v1_genomic_prodigal_proteins	2356	1183	60.58	12.85	50.21
GCA_001632165.1_ASM163216v1_genomic_prodigal_proteins	2830	GCA_009919765.1_ASM991976v1_genomic_prodigal_proteins	2524	1109	65.39	13.96	43.94
GCA_001632165.1_ASM163216v1_genomic_prodigal_proteins	2830	GCA_003331225.1_ASM333122v1_genomic_prodigal_proteins	2113	1449	65.48	13.82	68.58
GCA_001632165.1_ASM163216v1_genomic_prodigal_proteins	2830	GCA_900177825.1_IMG-taxon_2708742468_annotated_assembly_genomic_prodigal_proteins	3317	1047	53.31	12.85	37.00
GCA_001632165.1_ASM163216v1_genomic_prodigal_proteins	2830	GCA_000195975.1_ASM19597v1_genomic_prodigal_proteins	2719	1795	71.13	13.60	66.02
GCA_001632165.1_ASM163216v1_genomic_prodigal_proteins	2830	GCA_902618885.1_AG-920-D15_genomic_prodigal_proteins	1178	684	71.76	14.32	58.06
GCA_001632165.1_ASM163216v1_genomic_prodigal_proteins	2830	GCA_003209165.1_ASM320916v1_genomic_prodigal_proteins	2711	1559	70.43	13.86	57.51
GCA_001632165.1_ASM163216v1_genomic_prodigal_proteins	2830	GCA_001007625.1_ASM100762v1_genomic_prodigal_proteins	2478	1041	60.74	13.13	42.01
GCA_001632165.1_ASM163216v1_genomic_prodigal_proteins	2830	GCA_008386235.1_ASM838623v1_genomic_prodigal_proteins	2571	1023	53.16	12.57	39.79
GCA_001632165.1_ASM163216v1_genomic_prodigal_proteins	2830	GCA_001631935.1_ASM163193v1_genomic_prodigal_proteins	3526	2295	89.96	8.97	81.10
GCA_001632165.1_ASM163216v1_genomic_prodigal_proteins	2830	GCA_002151525.1_ASM215152v1_genomic_prodigal_proteins	1628	1110	63.39	13.93	68.18
GCA_001632165.1_ASM163216v1_genomic_prodigal_proteins	2830	GCA_000153065.1_ASM15306v1_genomic_prodigal_proteins	2704	1798	74.15	12.92	66.49
GCA_001632165.1_ASM163216v1_genomic_prodigal_proteins	2830	GCA_009837265.1_ASM983726v1_genomic_prodigal_proteins	2126	1094	60.85	12.70	51.46
GCA_001632165.1_ASM163216v1_genomic_prodigal_proteins	2830	GCA_902533725.1_AG-898-C20_genomic_prodigal_proteins	421	160	69.04	13.66	38.00
GCA_001632165.1_ASM163216v1_genomic_prodigal_proteins	2830	GCA_002171075.2_ASM217107v2_genomic_prodigal_proteins	1919	1228	63.82	13.56	63.99
GCA_001632165.1_ASM163216v1_genomic_prodigal_proteins	2830	GCA_002760395.1_ASM276039v1_genomic_prodigal_proteins	2661	899	52.71	11.87	33.78
GCA_001632165.1_ASM163216v1_genomic_prodigal_proteins	2830	GCA_003209005.1_ASM320900v1_genomic_prodigal_proteins	2548	2025	96.00	7.50	79.47
GCA_001632165.1_ASM163216v1_genomic_prodigal_proteins	2830	GCA_002017915.1_ASM201791v1_genomic_prodigal_proteins	623	324	62.94	13.44	52.01
GCA_001632165.1_ASM163216v1_genomic_prodigal_proteins	2830	GCA_900047545.1_m9_genomic_prodigal_proteins	1575	903	60.88	12.72	57.33
GCA_001632165.1_ASM163216v1_genomic_prodigal_proteins	2830	GCA_001632105.1_ASM163210v1_genomic_prodigal_proteins	3521	2306	90.00	8.90	81.48
GCA_001632165.1_ASM163216v1_genomic_prodigal_proteins	2830	GCA_004212765.1_ASM421276v1_genomic_prodigal_proteins	1162	843	70.57	13.59	72.55
GCA_001632165.1_ASM163216v1_genomic_prodigal_proteins	2830	GCA_002685515.1_ASM268551v1_genomic_prodigal_proteins	1286	1096	90.54	7.73	85.23
GCA_001632165.1_ASM163216v1_genomic_prodigal_proteins	2830	GCA_007828135.1_ASM782813v1_genomic_prodigal_proteins	2917	1595	65.77	13.26	56.36
GCA_001632165.1_ASM163216v1_genomic_prodigal_proteins	2830	GCA_011047875.1_ASM1104787v1_genomic_prodigal_proteins	2810	908	52.73	11.87	32.31
GCA_001632165.1_ASM163216v1_genomic_prodigal_proteins	2830	GCA_009840445.1_ASM984044v1_genomic_prodigal_proteins	2167	1193	60.89	12.73	55.05
GCA_001632165.1_ASM163216v1_genomic_prodigal_proteins	2830	GCA_003210995.1_ASM321099v1_genomic_prodigal_proteins	2385	1788	93.72	8.02	74.97
GCA_001632165.1_ASM163216v1_genomic_prodigal_proteins	2830	GCA_902616995.1_AG-919-L20_genomic_prodigal_proteins	654	352	70.80	13.59	53.82
GCA_001632165.1_ASM163216v1_genomic_prodigal_proteins	2830	GCA_009845825.1_ASM984582v1_genomic_prodigal_proteins	2168	1012	61.01	12.71	46.68
GCA_001632165.1_ASM163216v1_genomic_prodigal_proteins	2830	GCA_000515235.1_ASM51523v1_genomic_prodigal_proteins	2873	1846	70.28	13.89	65.23
GCA_001632165.1_ASM163216v1_genomic_prodigal_proteins	2830	GCA_003523965.1_ASM352396v1_genomic_prodigal_proteins	1735	769	61.86	12.98	44.32
GCA_001632165.1_ASM163216v1_genomic_prodigal_proteins	2830	GCA_002684175.1_ASM268417v1_genomic_prodigal_proteins	1819	1113	68.95	13.19	61.19
GCA_001632165.1_ASM163216v1_genomic_prodigal_proteins	2830	GCA_011523295.1_ASM1152329v1_genomic_prodigal_proteins	2851	1413	69.19	13.62	49.93
GCA_001632165.1_ASM163216v1_genomic_prodigal_proteins	2830	GCA_003211015.1_ASM321101v1_genomic_prodigal_proteins	2128	1752	96.32	6.54	82.33
GCA_001632165.1_ASM163216v1_genomic_prodigal_proteins	2830	GCA_002006815.1_ASM200681v1_genomic_prodigal_proteins	1973	1372	64.02	13.83	69.54
GCA_003846445.1_ASM384644v1_genomic_prodigal_proteins	2740	GCA_000505665.1_ASM50566v1_genomic_prodigal_proteins	2466	1328	60.38	12.79	53.85
GCA_003846445.1_ASM384644v1_genomic_prodigal_proteins	2740	GCA_902616255.1_AG-919-I18_genomic_prodigal_proteins	1046	375	55.25	13.47	35.85
GCA_003846445.1_ASM384644v1_genomic_prodigal_proteins	2740	GCA_001182765.1_WH8103.1_genomic_prodigal_proteins	2676	1174	55.90	13.05	43.87
GCA_003846445.1_ASM384644v1_genomic_prodigal_proteins	2740	GCA_002760375.1_ASM276037v1_genomic_prodigal_proteins	2702	1178	57.65	12.10	43.60
GCA_003846445.1_ASM384644v1_genomic_prodigal_proteins	2740	GCA_902592305.1_AG-914-O22_genomic_prodigal_proteins	179	66	57.07	14.24	36.87
GCA_003846445.1_ASM384644v1_genomic_prodigal_proteins	2740	GCA_001632165.1_ASM163216v1_genomic_prodigal_proteins	2830	1152	55.50	13.01	42.04
GCA_003846445.1_ASM384644v1_genomic_prodigal_proteins	2740	GCA_004332405.1_ASM433240v1_genomic_prodigal_proteins	2437	1202	55.90	13.21	49.32
GCA_003846445.1_ASM384644v1_genomic_prodigal_proteins	2740	GCA_900473975.1_N26_genomic_prodigal_proteins	2454	1160	55.98	13.07	47.27
GCA_003846445.1_ASM384644v1_genomic_prodigal_proteins	2740	GCA_902612475.1_AG-918-G20_genomic_prodigal_proteins	502	129	54.89	12.92	25.70
GCA_003846445.1_ASM384644v1_genomic_prodigal_proteins	2740	GCA_000775285.1_ASM77528v1_genomic_prodigal_proteins	4812	1291	61.72	13.14	47.12
GCA_003846445.1_ASM384644v1_genomic_prodigal_proteins	2740	GCA_002698505.1_ASM269850v1_genomic_prodigal_proteins	2471	1092	55.17	13.06	44.19
GCA_003846445.1_ASM384644v1_genomic_prodigal_proteins	2740	GCA_002252665.1_ASM225266v1_genomic_prodigal_proteins	2771	1230	56.69	13.18	44.89
GCA_003846445.1_ASM384644v1_genomic_prodigal_proteins	2740	GCA_003555505.1_ASM355550v1_genomic_prodigal_proteins	3351	1004	60.95	13.12	36.64
GCA_003846445.1_ASM384644v1_genomic_prodigal_proteins	2740	GCA_900474015.1_UW106_genomic_prodigal_proteins	2762	1183	55.62	13.17	43.18
GCA_003846445.1_ASM384644v1_genomic_prodigal_proteins	2740	GCA_000715475.1_ASM71547v1_genomic_prodigal_proteins	3299	1416	59.78	12.88	51.68
GCA_003846445.1_ASM384644v1_genomic_prodigal_proteins	2740	GCA_001628295.1_ASM162829v1_genomic_prodigal_proteins	2145	1066	56.02	12.87	49.70
GCA_003846445.1_ASM384644v1_genomic_prodigal_proteins	2740	GCA_003208775.1_ASM320877v1_genomic_prodigal_proteins	1808	670	55.55	13.13	37.06
GCA_003846445.1_ASM384644v1_genomic_prodigal_proteins	2740	GCA_003210975.1_ASM321097v1_genomic_prodigal_proteins	627	272	55.84	13.89	43.38
GCA_003846445.1_ASM384644v1_genomic_prodigal_proteins	2740	GCA_003208915.1_ASM320891v1_genomic_prodigal_proteins	1208	400	55.35	12.71	33.11
GCA_003846445.1_ASM384644v1_genomic_prodigal_proteins	2740	GCA_009837735.1_ASM983773v1_genomic_prodigal_proteins	2041	789	55.92	12.55	38.66
GCA_003846445.1_ASM384644v1_genomic_prodigal_proteins	2740	GCA_902548805.1_AG-901-N20_genomic_prodigal_proteins	158	47	55.89	14.56	29.75
GCA_003846445.1_ASM384644v1_genomic_prodigal_proteins	2740	GCA_003211235.1_ASM321123v1_genomic_prodigal_proteins	1698	617	55.21	13.23	36.34
GCA_003846445.1_ASM384644v1_genomic_prodigal_proteins	2740	GCA_004209775.1_ASM420977v1_genomic_prodigal_proteins	2798	1236	55.90	13.14	45.11
GCA_003846445.1_ASM384644v1_genomic_prodigal_proteins	2740	GCA_003283215.1_ASM328321v1_genomic_prodigal_proteins	239	30	61.11	10.85	12.55
GCA_003846445.1_ASM384644v1_genomic_prodigal_proteins	2740	GCA_003209555.1_ASM320955v1_genomic_prodigal_proteins	908	264	56.65	12.94	29.07
GCA_003846445.1_ASM384644v1_genomic_prodigal_proteins	2740	GCA_000153805.1_ASM15380v1_genomic_prodigal_proteins	2517	1139	55.66	12.91	45.25
GCA_003846445.1_ASM384644v1_genomic_prodigal_proteins	2740	GCA_003283205.1_ASM328320v1_genomic_prodigal_proteins	274	48	55.36	13.20	17.52
GCA_003846445.1_ASM384644v1_genomic_prodigal_proteins	2740	GCA_900473925.1_N5_genomic_prodigal_proteins	2417	1145	56.02	13.09	47.37
GCA_003846445.1_ASM384644v1_genomic_prodigal_proteins	2740	GCA_902592665.1_AG-447-E14_genomic_prodigal_proteins	1111	307	55.11	12.77	27.63
GCA_003846445.1_ASM384644v1_genomic_prodigal_proteins	2740	GCA_011523155.1_ASM1152315v1_genomic_prodigal_proteins	2101	804	53.95	11.95	38.27
GCA_003846445.1_ASM384644v1_genomic_prodigal_proteins	2740	GCA_003211275.1_ASM321127v1_genomic_prodigal_proteins	2168	749	55.35	13.12	34.55
GCA_003846445.1_ASM384644v1_genomic_prodigal_proteins	2740	GCA_003957805.1_ASM395780v1_genomic_prodigal_proteins	2887	2359	90.12	8.23	86.09
GCA_003846445.1_ASM384644v1_genomic_prodigal_proteins	2740	GCA_012270465.1_ASM1227046v1_genomic_prodigal_proteins	2311	953	55.65	12.55	41.24
GCA_003846445.1_ASM384644v1_genomic_prodigal_proteins	2740	GCA_001693255.1_ASM169325v1_genomic_prodigal_proteins	3177	1437	59.80	12.79	52.45
GCA_003846445.1_ASM384644v1_genomic_prodigal_proteins	2740	GCA_003210385.1_ASM321038v1_genomic_prodigal_proteins	286	141	55.45	13.08	49.30
GCA_003846445.1_ASM384644v1_genomic_prodigal_proteins	2740	GCA_002170705.1_ASM217070v1_genomic_prodigal_proteins	1392	647	55.53	12.47	46.48
GCA_003846445.1_ASM384644v1_genomic_prodigal_proteins	2740	GCA_002356215.1_ASM235621v1_genomic_prodigal_proteins	2953	1434	59.77	12.84	52.34
GCA_003846445.1_ASM384644v1_genomic_prodigal_proteins	2740	GCA_003210935.1_ASM321093v1_genomic_prodigal_proteins	1868	771	55.58	13.14	41.27
GCA_003846445.1_ASM384644v1_genomic_prodigal_proteins	2740	GCA_003210535.1_ASM321053v1_genomic_prodigal_proteins	1257	443	54.51	12.91	35.24
GCA_003846445.1_ASM384644v1_genomic_prodigal_proteins	2740	GCA_002724845.1_ASM272484v1_genomic_prodigal_proteins	1589	833	55.52	12.79	52.42
GCA_003846445.1_ASM384644v1_genomic_prodigal_proteins	2740	GCA_000153285.1_ASM15328v1_genomic_prodigal_proteins	2746	1201	55.59	13.20	43.83
GCA_003846445.1_ASM384644v1_genomic_prodigal_proteins	2740	GCA_003211035.1_ASM321103v1_genomic_prodigal_proteins	530	218	54.34	12.76	41.13
GCA_003846445.1_ASM384644v1_genomic_prodigal_proteins	2740	GCA_001521855.1_ASM152185v1_genomic_prodigal_proteins	3144	1434	59.80	12.78	52.34
GCA_003846445.1_ASM384644v1_genomic_prodigal_proteins	2740	GCA_009835965.1_ASM983596v1_genomic_prodigal_proteins	2105	970	55.72	12.68	46.08
GCA_003846445.1_ASM384644v1_genomic_prodigal_proteins	2740	GCA_012269695.1_ASM1226969v1_genomic_prodigal_proteins	2043	823	55.98	12.65	40.28
GCA_003846445.1_ASM384644v1_genomic_prodigal_proteins	2740	GCA_000737535.1_ASM73753v1_genomic_prodigal_proteins	3013	1179	55.62	13.14	43.03
GCA_003846445.1_ASM384644v1_genomic_prodigal_proteins	2740	GCA_000586015.1_SynSpo.0_genomic_prodigal_proteins	1907	762	56.43	12.97	39.96
GCA_003846445.1_ASM384644v1_genomic_prodigal_proteins	2740	GCA_002760345.1_ASM276034v1_genomic_prodigal_proteins	2731	1193	57.59	12.09	43.68
GCA_003846445.1_ASM384644v1_genomic_prodigal_proteins	2740	GCA_000013225.1_ASM1322v1_genomic_prodigal_proteins	2844	1196	57.60	12.12	43.65
GCA_003846445.1_ASM384644v1_genomic_prodigal_proteins	2740	GCA_000332275.1_ASM33227v1_genomic_prodigal_proteins	4564	1298	57.17	12.14	47.37
GCA_003846445.1_ASM384644v1_genomic_prodigal_proteins	2740	GCA_002252675.1_ASM225267v1_genomic_prodigal_proteins	3295	1309	56.51	13.26	47.77
GCA_003846445.1_ASM384644v1_genomic_prodigal_proteins	2740	GCA_000737575.1_ASM73757v1_genomic_prodigal_proteins	2662	1178	55.86	13.22	44.25
GCA_003846445.1_ASM384644v1_genomic_prodigal_proteins	2740	GCA_902596755.1_AG-916-D19_genomic_prodigal_proteins	1152	407	55.49	12.99	35.33
GCA_003846445.1_ASM384644v1_genomic_prodigal_proteins	2740	GCA_003211455.1_ASM321145v1_genomic_prodigal_proteins	1186	396	55.07	13.30	33.39
GCA_003846445.1_ASM384644v1_genomic_prodigal_proteins	2740	GCA_003208755.1_ASM320875v1_genomic_prodigal_proteins	690	271	55.66	13.06	39.28
GCA_003846445.1_ASM384644v1_genomic_prodigal_proteins	2740	GCA_007571215.1_ASM757121v1_genomic_prodigal_proteins	1879	954	55.36	12.65	50.77
GCA_003846445.1_ASM384644v1_genomic_prodigal_proteins	2740	GCA_001007635.1_ASM100763v1_genomic_prodigal_proteins	2333	902	55.66	12.67	38.66
GCA_003846445.1_ASM384644v1_genomic_prodigal_proteins	2740	GCA_000179255.1_ASM17925v1_genomic_prodigal_proteins	2729	1212	56.37	13.10	44.41
GCA_003846445.1_ASM384644v1_genomic_prodigal_proteins	2740	GCA_003208975.1_ASM320897v1_genomic_prodigal_proteins	1804	614	55.11	12.81	34.04
GCA_003846445.1_ASM384644v1_genomic_prodigal_proteins	2740	GCA_012103655.1_ASM1210365v1_genomic_prodigal_proteins	2723	1168	55.60	13.08	42.89
GCA_003846445.1_ASM384644v1_genomic_prodigal_proteins	2740	GCA_902582045.1_AG-912-B07_genomic_prodigal_proteins	196	44	54.39	13.29	22.45
GCA_003846445.1_ASM384644v1_genomic_prodigal_proteins	2740	GCA_000153045.1_ASM15304v1_genomic_prodigal_proteins	3242	1292	56.41	13.10	47.15
GCA_003846445.1_ASM384644v1_genomic_prodigal_proteins	2740	GCA_902549675.1_AG-903-B09_genomic_prodigal_proteins	836	284	55.90	13.87	33.97
GCA_003846445.1_ASM384644v1_genomic_prodigal_proteins	2740	GCA_002018045.1_ASM201804v1_genomic_prodigal_proteins	1559	767	56.40	12.59	49.20
GCA_003846445.1_ASM384644v1_genomic_prodigal_proteins	2740	GCA_004213055.1_ASM421305v1_genomic_prodigal_proteins	2241	1053	55.69	13.06	46.99
GCA_003846445.1_ASM384644v1_genomic_prodigal_proteins	2740	GCA_007571085.1_ASM757108v1_genomic_prodigal_proteins	1784	935	55.40	12.65	52.41
GCA_003846445.1_ASM384644v1_genomic_prodigal_proteins	2740	GCA_009839805.1_ASM983980v1_genomic_prodigal_proteins	1848	646	53.99	12.09	34.96
GCA_003846445.1_ASM384644v1_genomic_prodigal_proteins	2740	GCA_003210375.1_ASM321037v1_genomic_prodigal_proteins	2155	848	55.26	13.04	39.35
GCA_003846445.1_ASM384644v1_genomic_prodigal_proteins	2740	GCA_004332415.1_ASM433241v1_genomic_prodigal_proteins	2408	1206	55.85	13.18	50.08
GCA_003846445.1_ASM384644v1_genomic_prodigal_proteins	2740	GCA_009836025.1_ASM983602v1_genomic_prodigal_proteins	2290	981	55.61	12.64	42.84
GCA_003846445.1_ASM384644v1_genomic_prodigal_proteins	2740	GCA_009843455.1_ASM984345v1_genomic_prodigal_proteins	2423	952	55.54	12.50	39.29
GCA_003846445.1_ASM384644v1_genomic_prodigal_proteins	2740	GCA_009843485.1_ASM984348v1_genomic_prodigal_proteins	2158	964	55.70	12.72	44.67
GCA_003846445.1_ASM384644v1_genomic_prodigal_proteins	2740	GCA_003283135.1_ASM328313v1_genomic_prodigal_proteins	459	97	54.74	13.97	21.13
GCA_003846445.1_ASM384644v1_genomic_prodigal_proteins	2740	GCA_902635485.1_AG-447-G23_genomic_prodigal_proteins	327	63	54.81	15.71	19.27
GCA_003846445.1_ASM384644v1_genomic_prodigal_proteins	2740	GCA_002760415.1_ASM276041v1_genomic_prodigal_proteins	2670	1184	57.59	12.11	44.34
GCA_003846445.1_ASM384644v1_genomic_prodigal_proteins	2740	GCA_002754935.1_ASM275493v1_genomic_prodigal_proteins	2664	1293	60.22	12.73	48.54
GCA_003846445.1_ASM384644v1_genomic_prodigal_proteins	2740	GCA_002171685.2_ASM217168v2_genomic_prodigal_proteins	811	470	56.53	12.48	57.95
GCA_003846445.1_ASM384644v1_genomic_prodigal_proteins	2740	GCA_000737595.1_ASM73759v1_genomic_prodigal_proteins	2774	1202	55.67	13.12	43.87
GCA_003846445.1_ASM384644v1_genomic_prodigal_proteins	2740	GCA_003331785.1_ASM333178v1_genomic_prodigal_proteins	2125	1059	55.63	12.98	49.84
GCA_003846445.1_ASM384644v1_genomic_prodigal_proteins	2740	GCA_009842265.1_ASM984226v1_genomic_prodigal_proteins	2398	966	55.60	12.56	40.28
GCA_003846445.1_ASM384644v1_genomic_prodigal_proteins	2740	GCA_902579345.1_AG-911-L15_genomic_prodigal_proteins	248	53	51.75	15.14	21.37
GCA_003846445.1_ASM384644v1_genomic_prodigal_proteins	2740	GCA_000011345.1_ASM1134v1_genomic_prodigal_proteins	2520	1346	60.42	12.83	53.41
GCA_003846445.1_ASM384644v1_genomic_prodigal_proteins	2740	GCA_003210705.1_ASM321070v1_genomic_prodigal_proteins	2244	834	55.03	12.88	37.17
GCA_003846445.1_ASM384644v1_genomic_prodigal_proteins	2740	GCA_000019485.1_ASM1948v1_genomic_prodigal_proteins	3233	1446	59.66	12.78	52.77
GCA_003846445.1_ASM384644v1_genomic_prodigal_proteins	2740	GCA_003283055.1_ASM328305v1_genomic_prodigal_proteins	482	34	52.76	16.38	7.05
GCA_003846445.1_ASM384644v1_genomic_prodigal_proteins	2740	GCA_000010065.1_ASM1006v1_genomic_prodigal_proteins	2691	2307	90.04	8.21	85.73
GCA_003846445.1_ASM384644v1_genomic_prodigal_proteins	2740	GCA_000316685.1_ASM31668v1_genomic_prodigal_proteins	3706	1464	59.72	12.98	53.43
GCA_003846445.1_ASM384644v1_genomic_prodigal_proteins	2740	GCA_000063525.1_ASM6352v1_genomic_prodigal_proteins	2540	1187	56.74	13.09	46.73
GCA_003846445.1_ASM384644v1_genomic_prodigal_proteins	2740	GCA_003283165.1_ASM328316v1_genomic_prodigal_proteins	217	53	53.35	13.17	24.42
GCA_003846445.1_ASM384644v1_genomic_prodigal_proteins	2740	GCA_902540675.1_AG-359-E22_genomic_prodigal_proteins	584	174	55.76	14.11	29.79
GCA_003846445.1_ASM384644v1_genomic_prodigal_proteins	2740	GCA_011055065.1_ASM1105506v1_genomic_prodigal_proteins	2792	1148	57.54	12.04	41.90
GCA_003846445.1_ASM384644v1_genomic_prodigal_proteins	2740	GCA_000013205.1_ASM1320v1_genomic_prodigal_proteins	2750	1196	57.58	12.10	43.65
GCA_003846445.1_ASM384644v1_genomic_prodigal_proteins	2740	GCA_003539795.1_ASM353979v1_genomic_prodigal_proteins	2284	888	54.54	12.50	38.88
GCA_003846445.1_ASM384644v1_genomic_prodigal_proteins	2740	GCA_002171995.1_ASM217199v1_genomic_prodigal_proteins	1978	673	55.06	13.06	34.02
GCA_003846445.1_ASM384644v1_genomic_prodigal_proteins	2740	GCA_011523835.1_ASM1152383v1_genomic_prodigal_proteins	2468	999	55.54	12.85	40.48
GCA_003846445.1_ASM384644v1_genomic_prodigal_proteins	2740	GCA_002172175.1_ASM217217v1_genomic_prodigal_proteins	1846	745	55.18	12.40	40.36
GCA_003846445.1_ASM384644v1_genomic_prodigal_proteins	2740	GCA_003208835.1_ASM320883v1_genomic_prodigal_proteins	2208	870	55.88	12.96	39.40
GCA_003846445.1_ASM384644v1_genomic_prodigal_proteins	2740	GCA_902589915.1_AG-914-F20_genomic_prodigal_proteins	373	100	56.06	13.98	26.81
GCA_003846445.1_ASM384644v1_genomic_prodigal_proteins	2740	GCA_000485815.1_ASM48581v1_genomic_prodigal_proteins	3083	1406	59.81	12.82	51.31
GCA_003846445.1_ASM384644v1_genomic_prodigal_proteins	2740	GCA_008807075.1_ASM880707v1_genomic_prodigal_proteins	2925	1221	55.70	13.07	44.56
GCA_003846445.1_ASM384644v1_genomic_prodigal_proteins	2740	GCA_000179235.2_ASM17923v2_genomic_prodigal_proteins	3071	1283	56.40	13.08	46.82
GCA_003846445.1_ASM384644v1_genomic_prodigal_proteins	2740	GCA_003210795.1_ASM321079v1_genomic_prodigal_proteins	2239	859	54.99	12.90	38.37
GCA_003846445.1_ASM384644v1_genomic_prodigal_proteins	2740	GCA_002706715.1_ASM270671v1_genomic_prodigal_proteins	1148	619	56.37	13.22	53.92
GCA_003846445.1_ASM384644v1_genomic_prodigal_proteins	2740	GCA_003331245.1_ASM333124v1_genomic_prodigal_proteins	2021	967	55.56	12.76	47.85
GCA_003846445.1_ASM384644v1_genomic_prodigal_proteins	2740	GCA_009843385.1_ASM984338v1_genomic_prodigal_proteins	2085	813	56.10	12.57	38.99
GCA_003846445.1_ASM384644v1_genomic_prodigal_proteins	2740	GCA_003211205.1_ASM321120v1_genomic_prodigal_proteins	2288	895	55.38	13.08	39.12
GCA_003846445.1_ASM384644v1_genomic_prodigal_proteins	2740	GCA_000063505.1_ASM6350v1_genomic_prodigal_proteins	2558	1197	55.70	13.22	46.79
GCA_003846445.1_ASM384644v1_genomic_prodigal_proteins	2740	GCA_900474245.1_UW179B_genomic_prodigal_proteins	2743	1174	55.57	13.12	42.85
GCA_003846445.1_ASM384644v1_genomic_prodigal_proteins	2740	GCA_003210345.1_ASM321034v1_genomic_prodigal_proteins	1256	483	54.20	12.46	38.46
GCA_003846445.1_ASM384644v1_genomic_prodigal_proteins	2740	GCA_003210315.1_ASM321031v1_genomic_prodigal_proteins	1815	677	55.18	13.31	37.30
GCA_003846445.1_ASM384644v1_genomic_prodigal_proteins	2740	GCA_009836155.1_ASM983615v1_genomic_prodigal_proteins	1947	924	55.81	12.55	47.46
GCA_003846445.1_ASM384644v1_genomic_prodigal_proteins	2740	GCA_003990665.2_ASM399066v2_genomic_prodigal_proteins	2499	1344	60.42	12.84	53.78
GCA_003846445.1_ASM384644v1_genomic_prodigal_proteins	2740	GCA_003209135.1_ASM320913v1_genomic_prodigal_proteins	1719	619	54.79	12.78	36.01
GCA_003846445.1_ASM384644v1_genomic_prodigal_proteins	2740	GCA_009845105.1_ASM984510v1_genomic_prodigal_proteins	1941	771	55.36	12.62	39.72
GCA_003846445.1_ASM384644v1_genomic_prodigal_proteins	2740	GCA_002690325.1_ASM269032v1_genomic_prodigal_proteins	2554	1055	54.79	12.58	41.31
GCA_003846445.1_ASM384644v1_genomic_prodigal_proteins	2740	GCA_000161795.2_ASM16179v2_genomic_prodigal_proteins	2407	1156	55.98	13.13	48.03
GCA_003846445.1_ASM384644v1_genomic_prodigal_proteins	2740	GCA_004211895.1_ASM421189v1_genomic_prodigal_proteins	954	487	56.01	12.89	51.05
GCA_003846445.1_ASM384644v1_genomic_prodigal_proteins	2740	GCA_003210735.1_ASM321073v1_genomic_prodigal_proteins	2337	842	54.72	12.91	36.03
GCA_003846445.1_ASM384644v1_genomic_prodigal_proteins	2740	GCA_003209035.1_ASM320903v1_genomic_prodigal_proteins	1803	602	55.40	13.05	33.39
GCA_003846445.1_ASM384644v1_genomic_prodigal_proteins	2740	GCA_003712085.1_ASM371208v1_genomic_prodigal_proteins	2745	1171	55.92	13.02	42.74
GCA_003846445.1_ASM384644v1_genomic_prodigal_proteins	2740	GCA_003212155.1_ASM321215v1_genomic_prodigal_proteins	262	58	56.45	15.85	22.14
GCA_003846445.1_ASM384644v1_genomic_prodigal_proteins	2740	GCA_001040845.1_ASM104084v1_genomic_prodigal_proteins	2917	1167	55.45	13.07	42.59
GCA_003846445.1_ASM384644v1_genomic_prodigal_proteins	2740	GCA_002018015.1_ASM201801v1_genomic_prodigal_proteins	1578	750	56.47	12.67	47.53
GCA_003846445.1_ASM384644v1_genomic_prodigal_proteins	2740	GCA_003211255.1_ASM321125v1_genomic_prodigal_proteins	1850	641	53.99	12.66	34.65
GCA_003846445.1_ASM384644v1_genomic_prodigal_proteins	2740	GCA_002721235.1_ASM272123v1_genomic_prodigal_proteins	3119	1436	59.72	12.77	52.41
GCA_003846445.1_ASM384644v1_genomic_prodigal_proteins	2740	GCA_009839305.1_ASM983930v1_genomic_prodigal_proteins	1816	716	56.50	12.88	39.43
GCA_003846445.1_ASM384644v1_genomic_prodigal_proteins	2740	GCA_011365345.1_ASM1136534v1_genomic_prodigal_proteins	2655	1176	55.80	13.14	44.29
GCA_003846445.1_ASM384644v1_genomic_prodigal_proteins	2740	GCA_001039265.1_ASM103926v1_genomic_prodigal_proteins	2832	884	58.20	13.36	32.26
GCA_003846445.1_ASM384644v1_genomic_prodigal_proteins	2740	GCA_001628325.1_ASM162832v1_genomic_prodigal_proteins	2129	1054	55.88	12.79	49.51
GCA_003846445.1_ASM384644v1_genomic_prodigal_proteins	2740	GCA_003209215.1_ASM320921v1_genomic_prodigal_proteins	1679	588	56.02	13.27	35.02
GCA_003846445.1_ASM384644v1_genomic_prodigal_proteins	2740	GCA_002737305.1_ASM273730v1_genomic_prodigal_proteins	1951	944	57.30	13.00	48.39
GCA_003846445.1_ASM384644v1_genomic_prodigal_proteins	2740	GCA_003210515.1_ASM321051v1_genomic_prodigal_proteins	1673	654	54.89	12.83	39.09
GCA_003846445.1_ASM384644v1_genomic_prodigal_proteins	2740	GCA_011525445.1_ASM1152544v1_genomic_prodigal_proteins	3208	957	54.95	12.58	34.93
GCA_003846445.1_ASM384644v1_genomic_prodigal_proteins	2740	GCA_902599435.1_AG-916-N22_genomic_prodigal_proteins	793	283	58.09	12.69	35.69
GCA_003846445.1_ASM384644v1_genomic_prodigal_proteins	2740	GCA_003149585.1_ASM314958v1_genomic_prodigal_proteins	2600	1253	56.36	13.16	48.19
GCA_003846445.1_ASM384644v1_genomic_prodigal_proteins	2740	GCA_902560665.1_AG-905-O11_genomic_prodigal_proteins	401	108	55.76	15.12	26.93
GCA_003846445.1_ASM384644v1_genomic_prodigal_proteins	2740	GCA_003331795.1_ASM333179v1_genomic_prodigal_proteins	1948	954	56.53	13.16	48.97
GCA_003846445.1_ASM384644v1_genomic_prodigal_proteins	2740	GCA_002017955.1_ASM201795v1_genomic_prodigal_proteins	512	223	55.39	12.80	43.55
GCA_003846445.1_ASM384644v1_genomic_prodigal_proteins	2740	GCA_902584485.1_AG-912-O23_genomic_prodigal_proteins	535	137	54.95	13.63	25.61
GCA_003846445.1_ASM384644v1_genomic_prodigal_proteins	2740	GCA_902527915.1_AG-896-G19_genomic_prodigal_proteins	1003	351	56.25	13.16	35.00
GCA_003846445.1_ASM384644v1_genomic_prodigal_proteins	2740	GCA_902635365.1_AG-447-D19_genomic_prodigal_proteins	1690	569	55.98	13.15	33.67
GCA_003846445.1_ASM384644v1_genomic_prodigal_proteins	2740	GCA_900474085.1_UW86_genomic_prodigal_proteins	2403	1158	55.94	13.08	48.19
GCA_003846445.1_ASM384644v1_genomic_prodigal_proteins	2740	GCA_001885215.1_ASM188521v1_genomic_prodigal_proteins	2897	1268	56.04	12.94	46.28
GCA_003846445.1_ASM384644v1_genomic_prodigal_proteins	2740	GCA_902575935.1_AG-426-B22_genomic_prodigal_proteins	254	108	60.10	14.85	42.52
GCA_003846445.1_ASM384644v1_genomic_prodigal_proteins	2740	GCA_900474295.1_UW140_genomic_prodigal_proteins	2925	1179	55.45	13.17	43.03
GCA_003846445.1_ASM384644v1_genomic_prodigal_proteins	2740	GCA_003211565.1_ASM321156v1_genomic_prodigal_proteins	1489	518	55.54	13.02	34.79
GCA_003846445.1_ASM384644v1_genomic_prodigal_proteins	2740	GCA_003526105.1_ASM352610v1_genomic_prodigal_proteins	1581	634	56.54	12.80	40.10
GCA_003846445.1_ASM384644v1_genomic_prodigal_proteins	2740	GCA_002172935.1_ASM217293v1_genomic_prodigal_proteins	1996	924	55.18	12.84	46.29
GCA_003846445.1_ASM384644v1_genomic_prodigal_proteins	2740	GCA_003210335.1_ASM321033v1_genomic_prodigal_proteins	942	215	53.94	13.22	22.82
GCA_003846445.1_ASM384644v1_genomic_prodigal_proteins	2740	GCA_009846115.1_ASM984611v1_genomic_prodigal_proteins	2048	843	55.63	12.48	41.16
GCA_003846445.1_ASM384644v1_genomic_prodigal_proteins	2740	GCA_001693295.1_ASM169329v1_genomic_prodigal_proteins	3183	1441	59.63	12.82	52.59
GCA_003846445.1_ASM384644v1_genomic_prodigal_proteins	2740	GCA_900473965.1_UW179A_genomic_prodigal_proteins	3383	1176	55.27	13.11	42.92
GCA_003846445.1_ASM384644v1_genomic_prodigal_proteins	2740	GCA_003213755.1_ASM321375v1_genomic_prodigal_proteins	1050	406	56.52	13.20	38.67
GCA_003846445.1_ASM384644v1_genomic_prodigal_proteins	2740	GCA_003209155.1_ASM320915v1_genomic_prodigal_proteins	2305	877	55.21	12.95	38.05
GCA_003846445.1_ASM384644v1_genomic_prodigal_proteins	2740	GCA_003211515.1_ASM321151v1_genomic_prodigal_proteins	2451	743	55.09	13.20	30.31
GCA_003846445.1_ASM384644v1_genomic_prodigal_proteins	2740	GCA_002693285.1_ASM269328v1_genomic_prodigal_proteins	2440	1014	55.21	12.96	41.56
GCA_003846445.1_ASM384644v1_genomic_prodigal_proteins	2740	GCA_003210555.1_ASM321055v1_genomic_prodigal_proteins	1847	649	55.34	12.88	35.14
GCA_003846445.1_ASM384644v1_genomic_prodigal_proteins	2740	GCA_000155595.1_ASM15559v1_genomic_prodigal_proteins	5270	1505	58.28	12.86	54.93
GCA_003846445.1_ASM384644v1_genomic_prodigal_proteins	2740	GCA_001007665.1_ASM100766v1_genomic_prodigal_proteins	2356	983	55.68	12.52	41.72
GCA_003846445.1_ASM384644v1_genomic_prodigal_proteins	2740	GCA_009919765.1_ASM991976v1_genomic_prodigal_proteins	2524	805	56.52	13.03	31.89
GCA_003846445.1_ASM384644v1_genomic_prodigal_proteins	2740	GCA_003331225.1_ASM333122v1_genomic_prodigal_proteins	2113	1027	56.49	13.05	48.60
GCA_003846445.1_ASM384644v1_genomic_prodigal_proteins	2740	GCA_900177825.1_IMG-taxon_2708742468_annotated_assembly_genomic_prodigal_proteins	3317	1425	59.76	12.78	52.01
GCA_003846445.1_ASM384644v1_genomic_prodigal_proteins	2740	GCA_000195975.1_ASM19597v1_genomic_prodigal_proteins	2719	1169	55.89	13.07	42.99
GCA_003846445.1_ASM384644v1_genomic_prodigal_proteins	2740	GCA_902618885.1_AG-920-D15_genomic_prodigal_proteins	1178	432	56.50	13.53	36.67
GCA_003846445.1_ASM384644v1_genomic_prodigal_proteins	2740	GCA_003209165.1_ASM320916v1_genomic_prodigal_proteins	2711	990	55.98	13.13	36.52
GCA_003846445.1_ASM384644v1_genomic_prodigal_proteins	2740	GCA_001007625.1_ASM100762v1_genomic_prodigal_proteins	2478	866	55.92	12.83	34.95
GCA_003846445.1_ASM384644v1_genomic_prodigal_proteins	2740	GCA_008386235.1_ASM838623v1_genomic_prodigal_proteins	2571	1366	60.44	12.76	53.13
GCA_003846445.1_ASM384644v1_genomic_prodigal_proteins	2740	GCA_001631935.1_ASM163193v1_genomic_prodigal_proteins	3526	1169	55.42	13.11	42.66
GCA_003846445.1_ASM384644v1_genomic_prodigal_proteins	2740	GCA_002151525.1_ASM215152v1_genomic_prodigal_proteins	1628	849	56.30	12.90	52.15
GCA_003846445.1_ASM384644v1_genomic_prodigal_proteins	2740	GCA_000153065.1_ASM15306v1_genomic_prodigal_proteins	2704	1206	55.96	13.18	44.60
GCA_003846445.1_ASM384644v1_genomic_prodigal_proteins	2740	GCA_009837265.1_ASM983726v1_genomic_prodigal_proteins	2126	901	55.76	12.68	42.38
GCA_003846445.1_ASM384644v1_genomic_prodigal_proteins	2740	GCA_902533725.1_AG-898-C20_genomic_prodigal_proteins	421	90	57.18	15.05	21.38
GCA_003846445.1_ASM384644v1_genomic_prodigal_proteins	2740	GCA_002171075.2_ASM217107v2_genomic_prodigal_proteins	1919	863	55.24	12.68	44.97
GCA_003846445.1_ASM384644v1_genomic_prodigal_proteins	2740	GCA_002760395.1_ASM276039v1_genomic_prodigal_proteins	2661	1168	57.68	12.11	43.89
GCA_003846445.1_ASM384644v1_genomic_prodigal_proteins	2740	GCA_003209005.1_ASM320900v1_genomic_prodigal_proteins	2548	954	55.15	12.77	37.44
GCA_003846445.1_ASM384644v1_genomic_prodigal_proteins	2740	GCA_002017915.1_ASM201791v1_genomic_prodigal_proteins	623	287	57.58	13.14	46.07
GCA_003846445.1_ASM384644v1_genomic_prodigal_proteins	2740	GCA_900047545.1_m9_genomic_prodigal_proteins	1575	765	55.47	12.73	48.57
GCA_003846445.1_ASM384644v1_genomic_prodigal_proteins	2740	GCA_001632105.1_ASM163210v1_genomic_prodigal_proteins	3521	1170	55.34	13.03	42.70
GCA_003846445.1_ASM384644v1_genomic_prodigal_proteins	2740	GCA_004212765.1_ASM421276v1_genomic_prodigal_proteins	1162	585	55.68	13.02	50.34
GCA_003846445.1_ASM384644v1_genomic_prodigal_proteins	2740	GCA_002685515.1_ASM268551v1_genomic_prodigal_proteins	1286	641	54.41	12.56	49.84
GCA_003846445.1_ASM384644v1_genomic_prodigal_proteins	2740	GCA_007828135.1_ASM782813v1_genomic_prodigal_proteins	2917	1269	56.06	12.98	46.31
GCA_003846445.1_ASM384644v1_genomic_prodigal_proteins	2740	GCA_011047875.1_ASM1104787v1_genomic_prodigal_proteins	2810	1175	57.62	12.03	42.88
GCA_003846445.1_ASM384644v1_genomic_prodigal_proteins	2740	GCA_009840445.1_ASM984044v1_genomic_prodigal_proteins	2167	991	55.62	12.67	45.73
GCA_003846445.1_ASM384644v1_genomic_prodigal_proteins	2740	GCA_003210995.1_ASM321099v1_genomic_prodigal_proteins	2385	829	55.69	13.31	34.76
GCA_003846445.1_ASM384644v1_genomic_prodigal_proteins	2740	GCA_902616995.1_AG-919-L20_genomic_prodigal_proteins	654	223	55.54	13.80	34.10
GCA_003846445.1_ASM384644v1_genomic_prodigal_proteins	2740	GCA_009845825.1_ASM984582v1_genomic_prodigal_proteins	2168	856	55.98	12.58	39.48
GCA_003846445.1_ASM384644v1_genomic_prodigal_proteins	2740	GCA_000515235.1_ASM51523v1_genomic_prodigal_proteins	2873	1169	55.78	13.03	42.66
GCA_003846445.1_ASM384644v1_genomic_prodigal_proteins	2740	GCA_003523965.1_ASM352396v1_genomic_prodigal_proteins	1735	657	56.92	12.67	37.87
GCA_003846445.1_ASM384644v1_genomic_prodigal_proteins	2740	GCA_002684175.1_ASM268417v1_genomic_prodigal_proteins	1819	697	54.15	12.37	38.32
GCA_003846445.1_ASM384644v1_genomic_prodigal_proteins	2740	GCA_011523295.1_ASM1152329v1_genomic_prodigal_proteins	2851	917	53.91	12.46	33.47
GCA_003846445.1_ASM384644v1_genomic_prodigal_proteins	2740	GCA_003211015.1_ASM321101v1_genomic_prodigal_proteins	2128	844	54.68	12.92	39.66
GCA_003846445.1_ASM384644v1_genomic_prodigal_proteins	2740	GCA_002006815.1_ASM200681v1_genomic_prodigal_proteins	1973	1058	56.32	12.96	53.62
GCA_000014585.1_ASM1458v1_genomic_prodigal_proteins	2879	GCA_000317085.1_ASM31708v1_genomic_prodigal_proteins	3673	992	51.90	12.48	34.46
GCA_000014585.1_ASM1458v1_genomic_prodigal_proteins	2879	GCA_013133755.1_ASM1313375v1_genomic_prodigal_proteins	2700	1952	73.80	12.97	72.30
GCA_000014585.1_ASM1458v1_genomic_prodigal_proteins	2879	GCA_003210475.1_ASM321047v1_genomic_prodigal_proteins	1514	960	72.77	13.34	63.41
GCA_000014585.1_ASM1458v1_genomic_prodigal_proteins	2879	GCA_003208815.1_ASM320881v1_genomic_prodigal_proteins	1352	734	69.11	14.18	54.29
GCA_000014585.1_ASM1458v1_genomic_prodigal_proteins	2879	GCA_000012505.1_ASM1250v1_genomic_prodigal_proteins	2461	1832	70.15	14.01	74.44
GCA_000014585.1_ASM1458v1_genomic_prodigal_proteins	2879	GCA_000153825.1_ASM15382v1_genomic_prodigal_proteins	2811	1938	73.13	13.40	68.94
GCA_000014585.1_ASM1458v1_genomic_prodigal_proteins	2879	GCA_002760475.1_ASM276047v1_genomic_prodigal_proteins	2647	914	52.92	12.02	34.53
GCA_000014585.1_ASM1458v1_genomic_prodigal_proteins	2879	GCA_003210565.1_ASM321056v1_genomic_prodigal_proteins	836	534	89.89	10.02	63.88
GCA_000014585.1_ASM1458v1_genomic_prodigal_proteins	2879	GCA_902618505.1_AG-892-K03_genomic_prodigal_proteins	959	405	70.90	14.85	42.23
GCA_000014585.1_ASM1458v1_genomic_prodigal_proteins	2879	GCA_005577135.1_ASM557713v1_genomic_prodigal_proteins	3356	1088	53.22	12.93	37.79
GCA_000014585.1_ASM1458v1_genomic_prodigal_proteins	2879	GCA_003846445.1_ASM384644v1_genomic_prodigal_proteins	2740	1165	55.56	13.18	42.52
GCA_000014585.1_ASM1458v1_genomic_prodigal_proteins	2879	GCA_000505665.1_ASM50566v1_genomic_prodigal_proteins	2466	1015	53.57	12.52	41.16
GCA_000014585.1_ASM1458v1_genomic_prodigal_proteins	2879	GCA_902616255.1_AG-919-I18_genomic_prodigal_proteins	1046	608	68.60	14.03	58.13
GCA_000014585.1_ASM1458v1_genomic_prodigal_proteins	2879	GCA_001182765.1_WH8103.1_genomic_prodigal_proteins	2676	1793	70.88	13.66	67.00
GCA_000014585.1_ASM1458v1_genomic_prodigal_proteins	2879	GCA_002760375.1_ASM276037v1_genomic_prodigal_proteins	2702	922	52.81	12.04	34.12
GCA_000014585.1_ASM1458v1_genomic_prodigal_proteins	2879	GCA_902592305.1_AG-914-O22_genomic_prodigal_proteins	179	99	69.52	14.80	55.31
GCA_000014585.1_ASM1458v1_genomic_prodigal_proteins	2879	GCA_001632165.1_ASM163216v1_genomic_prodigal_proteins	2830	1952	73.68	12.89	68.98
GCA_000014585.1_ASM1458v1_genomic_prodigal_proteins	2879	GCA_004332405.1_ASM433240v1_genomic_prodigal_proteins	2437	1863	73.98	13.17	76.45
GCA_000014585.1_ASM1458v1_genomic_prodigal_proteins	2879	GCA_900473975.1_N26_genomic_prodigal_proteins	2454	1753	70.90	13.78	71.43
GCA_000014585.1_ASM1458v1_genomic_prodigal_proteins	2879	GCA_902612475.1_AG-918-G20_genomic_prodigal_proteins	502	227	68.23	14.36	45.22
GCA_000014585.1_ASM1458v1_genomic_prodigal_proteins	2879	GCA_000775285.1_ASM77528v1_genomic_prodigal_proteins	4812	953	53.94	12.86	33.10
GCA_000014585.1_ASM1458v1_genomic_prodigal_proteins	2879	GCA_002698505.1_ASM269850v1_genomic_prodigal_proteins	2471	1753	72.68	13.02	70.94
GCA_000014585.1_ASM1458v1_genomic_prodigal_proteins	2879	GCA_002252665.1_ASM225266v1_genomic_prodigal_proteins	2771	1661	66.67	14.04	59.94
GCA_000014585.1_ASM1458v1_genomic_prodigal_proteins	2879	GCA_003555505.1_ASM355550v1_genomic_prodigal_proteins	3351	745	53.99	13.10	25.88
GCA_000014585.1_ASM1458v1_genomic_prodigal_proteins	2879	GCA_900474015.1_UW106_genomic_prodigal_proteins	2762	1865	70.01	14.11	67.52
GCA_000014585.1_ASM1458v1_genomic_prodigal_proteins	2879	GCA_000715475.1_ASM71547v1_genomic_prodigal_proteins	3299	1068	53.29	12.91	37.10
GCA_000014585.1_ASM1458v1_genomic_prodigal_proteins	2879	GCA_001628295.1_ASM162829v1_genomic_prodigal_proteins	2145	1611	71.04	13.56	75.10
GCA_000014585.1_ASM1458v1_genomic_prodigal_proteins	2879	GCA_003208775.1_ASM320877v1_genomic_prodigal_proteins	1808	1353	90.26	9.00	74.83
GCA_000014585.1_ASM1458v1_genomic_prodigal_proteins	2879	GCA_003210975.1_ASM321097v1_genomic_prodigal_proteins	627	414	70.27	14.37	66.03
GCA_000014585.1_ASM1458v1_genomic_prodigal_proteins	2879	GCA_003208915.1_ASM320891v1_genomic_prodigal_proteins	1208	643	69.31	13.90	53.23
GCA_000014585.1_ASM1458v1_genomic_prodigal_proteins	2879	GCA_009837735.1_ASM983773v1_genomic_prodigal_proteins	2041	954	60.72	12.92	46.74
GCA_000014585.1_ASM1458v1_genomic_prodigal_proteins	2879	GCA_902548805.1_AG-901-N20_genomic_prodigal_proteins	158	67	69.25	15.26	42.41
GCA_000014585.1_ASM1458v1_genomic_prodigal_proteins	2879	GCA_003211235.1_ASM321123v1_genomic_prodigal_proteins	1698	948	69.72	13.62	55.83
GCA_000014585.1_ASM1458v1_genomic_prodigal_proteins	2879	GCA_004209775.1_ASM420977v1_genomic_prodigal_proteins	2798	1876	73.71	13.35	67.05
GCA_000014585.1_ASM1458v1_genomic_prodigal_proteins	2879	GCA_003283215.1_ASM328321v1_genomic_prodigal_proteins	239	67	71.25	17.51	28.03
GCA_000014585.1_ASM1458v1_genomic_prodigal_proteins	2879	GCA_003209555.1_ASM320955v1_genomic_prodigal_proteins	908	444	64.96	15.06	48.90
GCA_000014585.1_ASM1458v1_genomic_prodigal_proteins	2879	GCA_000153805.1_ASM15380v1_genomic_prodigal_proteins	2517	1832	70.04	14.02	72.79
GCA_000014585.1_ASM1458v1_genomic_prodigal_proteins	2879	GCA_003283205.1_ASM328320v1_genomic_prodigal_proteins	274	97	71.06	15.64	35.40
GCA_000014585.1_ASM1458v1_genomic_prodigal_proteins	2879	GCA_900473925.1_N5_genomic_prodigal_proteins	2417	1747	70.87	13.65	72.28
GCA_000014585.1_ASM1458v1_genomic_prodigal_proteins	2879	GCA_902592665.1_AG-447-E14_genomic_prodigal_proteins	1111	558	68.88	14.60	50.23
GCA_000014585.1_ASM1458v1_genomic_prodigal_proteins	2879	GCA_011523155.1_ASM1152315v1_genomic_prodigal_proteins	2101	1306	70.83	12.61	62.16
GCA_000014585.1_ASM1458v1_genomic_prodigal_proteins	2879	GCA_003211275.1_ASM321127v1_genomic_prodigal_proteins	2168	1387	72.42	13.43	63.98
GCA_000014585.1_ASM1458v1_genomic_prodigal_proteins	2879	GCA_003957805.1_ASM395780v1_genomic_prodigal_proteins	2887	1203	55.56	13.21	41.79
GCA_000014585.1_ASM1458v1_genomic_prodigal_proteins	2879	GCA_012270465.1_ASM1227046v1_genomic_prodigal_proteins	2311	1360	64.28	13.92	58.85
GCA_000014585.1_ASM1458v1_genomic_prodigal_proteins	2879	GCA_001693255.1_ASM169325v1_genomic_prodigal_proteins	3177	1083	53.38	12.90	37.62
GCA_000014585.1_ASM1458v1_genomic_prodigal_proteins	2879	GCA_003210385.1_ASM321038v1_genomic_prodigal_proteins	286	241	91.19	7.69	84.27
GCA_000014585.1_ASM1458v1_genomic_prodigal_proteins	2879	GCA_002170705.1_ASM217070v1_genomic_prodigal_proteins	1392	955	70.50	13.48	68.61
GCA_000014585.1_ASM1458v1_genomic_prodigal_proteins	2879	GCA_002356215.1_ASM235621v1_genomic_prodigal_proteins	2953	1072	53.34	12.97	37.24
GCA_000014585.1_ASM1458v1_genomic_prodigal_proteins	2879	GCA_003210935.1_ASM321093v1_genomic_prodigal_proteins	1868	1300	73.66	13.10	69.59
GCA_000014585.1_ASM1458v1_genomic_prodigal_proteins	2879	GCA_003210535.1_ASM321053v1_genomic_prodigal_proteins	1257	704	69.37	13.69	56.01
GCA_000014585.1_ASM1458v1_genomic_prodigal_proteins	2879	GCA_002724845.1_ASM272484v1_genomic_prodigal_proteins	1589	1218	70.45	13.25	76.65
GCA_000014585.1_ASM1458v1_genomic_prodigal_proteins	2879	GCA_000153285.1_ASM15328v1_genomic_prodigal_proteins	2746	1963	73.89	13.03	71.49
GCA_000014585.1_ASM1458v1_genomic_prodigal_proteins	2879	GCA_003211035.1_ASM321103v1_genomic_prodigal_proteins	530	328	68.20	13.78	61.89
GCA_000014585.1_ASM1458v1_genomic_prodigal_proteins	2879	GCA_001521855.1_ASM152185v1_genomic_prodigal_proteins	3144	1088	53.21	12.95	37.79
GCA_000014585.1_ASM1458v1_genomic_prodigal_proteins	2879	GCA_009835965.1_ASM983596v1_genomic_prodigal_proteins	2105	1193	60.72	12.86	56.67
GCA_000014585.1_ASM1458v1_genomic_prodigal_proteins	2879	GCA_012269695.1_ASM1226969v1_genomic_prodigal_proteins	2043	1156	64.57	13.76	56.58
GCA_000014585.1_ASM1458v1_genomic_prodigal_proteins	2879	GCA_000737535.1_ASM73753v1_genomic_prodigal_proteins	3013	1838	69.94	13.94	63.84
GCA_000014585.1_ASM1458v1_genomic_prodigal_proteins	2879	GCA_000586015.1_SynSpo.0_genomic_prodigal_proteins	1907	935	61.48	13.37	49.03
GCA_000014585.1_ASM1458v1_genomic_prodigal_proteins	2879	GCA_002760345.1_ASM276034v1_genomic_prodigal_proteins	2731	936	52.81	12.02	34.27
GCA_000014585.1_ASM1458v1_genomic_prodigal_proteins	2879	GCA_000013225.1_ASM1322v1_genomic_prodigal_proteins	2844	932	52.71	12.18	32.77
GCA_000014585.1_ASM1458v1_genomic_prodigal_proteins	2879	GCA_000332275.1_ASM33227v1_genomic_prodigal_proteins	4564	1048	51.84	12.41	36.40
GCA_000014585.1_ASM1458v1_genomic_prodigal_proteins	2879	GCA_002252675.1_ASM225267v1_genomic_prodigal_proteins	3295	1649	66.05	13.94	57.28
GCA_000014585.1_ASM1458v1_genomic_prodigal_proteins	2879	GCA_000737575.1_ASM73757v1_genomic_prodigal_proteins	2662	1833	70.65	13.81	68.86
GCA_000014585.1_ASM1458v1_genomic_prodigal_proteins	2879	GCA_902596755.1_AG-916-D19_genomic_prodigal_proteins	1152	639	69.97	13.78	55.47
GCA_000014585.1_ASM1458v1_genomic_prodigal_proteins	2879	GCA_003211455.1_ASM321145v1_genomic_prodigal_proteins	1186	659	68.60	14.42	55.56
GCA_000014585.1_ASM1458v1_genomic_prodigal_proteins	2879	GCA_003208755.1_ASM320875v1_genomic_prodigal_proteins	690	427	70.19	14.02	61.88
GCA_000014585.1_ASM1458v1_genomic_prodigal_proteins	2879	GCA_007571215.1_ASM757121v1_genomic_prodigal_proteins	1879	1165	60.32	12.91	62.00
GCA_000014585.1_ASM1458v1_genomic_prodigal_proteins	2879	GCA_001007635.1_ASM100763v1_genomic_prodigal_proteins	2333	1080	60.73	12.80	46.29
GCA_000014585.1_ASM1458v1_genomic_prodigal_proteins	2879	GCA_000179255.1_ASM17925v1_genomic_prodigal_proteins	2729	1694	66.35	13.90	62.07
GCA_000014585.1_ASM1458v1_genomic_prodigal_proteins	2879	GCA_003208975.1_ASM320897v1_genomic_prodigal_proteins	1804	954	69.53	13.81	52.88
GCA_000014585.1_ASM1458v1_genomic_prodigal_proteins	2879	GCA_012103655.1_ASM1210365v1_genomic_prodigal_proteins	2723	2165	89.91	9.80	79.51
GCA_000014585.1_ASM1458v1_genomic_prodigal_proteins	2879	GCA_902582045.1_AG-912-B07_genomic_prodigal_proteins	196	79	67.00	15.99	40.31
GCA_000014585.1_ASM1458v1_genomic_prodigal_proteins	2879	GCA_000153045.1_ASM15304v1_genomic_prodigal_proteins	3242	1673	66.17	13.78	58.11
GCA_000014585.1_ASM1458v1_genomic_prodigal_proteins	2879	GCA_902549675.1_AG-903-B09_genomic_prodigal_proteins	836	434	71.11	14.10	51.91
GCA_000014585.1_ASM1458v1_genomic_prodigal_proteins	2879	GCA_002018045.1_ASM201804v1_genomic_prodigal_proteins	1559	923	61.45	12.82	59.20
GCA_000014585.1_ASM1458v1_genomic_prodigal_proteins	2879	GCA_004213055.1_ASM421305v1_genomic_prodigal_proteins	2241	1674	73.30	13.00	74.70
GCA_000014585.1_ASM1458v1_genomic_prodigal_proteins	2879	GCA_007571085.1_ASM757108v1_genomic_prodigal_proteins	1784	1138	60.36	12.96	63.79
GCA_000014585.1_ASM1458v1_genomic_prodigal_proteins	2879	GCA_009839805.1_ASM983980v1_genomic_prodigal_proteins	1848	787	58.94	12.47	42.59
GCA_000014585.1_ASM1458v1_genomic_prodigal_proteins	2879	GCA_003210375.1_ASM321037v1_genomic_prodigal_proteins	2155	1349	69.48	14.07	62.60
GCA_000014585.1_ASM1458v1_genomic_prodigal_proteins	2879	GCA_004332415.1_ASM433241v1_genomic_prodigal_proteins	2408	1859	74.02	13.01	77.20
GCA_000014585.1_ASM1458v1_genomic_prodigal_proteins	2879	GCA_009836025.1_ASM983602v1_genomic_prodigal_proteins	2290	1179	60.73	12.92	51.48
GCA_000014585.1_ASM1458v1_genomic_prodigal_proteins	2879	GCA_009843455.1_ASM984345v1_genomic_prodigal_proteins	2423	1156	60.52	12.85	47.71
GCA_000014585.1_ASM1458v1_genomic_prodigal_proteins	2879	GCA_009843485.1_ASM984348v1_genomic_prodigal_proteins	2158	1196	60.72	12.93	55.42
GCA_000014585.1_ASM1458v1_genomic_prodigal_proteins	2879	GCA_003283135.1_ASM328313v1_genomic_prodigal_proteins	459	218	78.85	13.48	47.49
GCA_000014585.1_ASM1458v1_genomic_prodigal_proteins	2879	GCA_902635485.1_AG-447-G23_genomic_prodigal_proteins	327	134	65.49	16.06	40.98
GCA_000014585.1_ASM1458v1_genomic_prodigal_proteins	2879	GCA_002760415.1_ASM276041v1_genomic_prodigal_proteins	2670	925	52.75	12.07	34.64
GCA_000014585.1_ASM1458v1_genomic_prodigal_proteins	2879	GCA_002754935.1_ASM275493v1_genomic_prodigal_proteins	2664	991	53.39	12.57	37.20
GCA_000014585.1_ASM1458v1_genomic_prodigal_proteins	2879	GCA_002171685.2_ASM217168v2_genomic_prodigal_proteins	811	722	91.77	6.53	89.03
GCA_000014585.1_ASM1458v1_genomic_prodigal_proteins	2879	GCA_000737595.1_ASM73759v1_genomic_prodigal_proteins	2774	1899	70.15	13.92	68.46
GCA_000014585.1_ASM1458v1_genomic_prodigal_proteins	2879	GCA_003331785.1_ASM333178v1_genomic_prodigal_proteins	2125	1919	91.63	7.27	90.31
GCA_000014585.1_ASM1458v1_genomic_prodigal_proteins	2879	GCA_009842265.1_ASM984226v1_genomic_prodigal_proteins	2398	1172	60.65	12.83	48.87
GCA_000014585.1_ASM1458v1_genomic_prodigal_proteins	2879	GCA_902579345.1_AG-911-L15_genomic_prodigal_proteins	248	102	67.74	16.00	41.13
GCA_000014585.1_ASM1458v1_genomic_prodigal_proteins	2879	GCA_000011345.1_ASM1134v1_genomic_prodigal_proteins	2520	1044	53.50	12.55	41.43
GCA_000014585.1_ASM1458v1_genomic_prodigal_proteins	2879	GCA_003210705.1_ASM321070v1_genomic_prodigal_proteins	2244	1473	72.92	13.40	65.64
GCA_000014585.1_ASM1458v1_genomic_prodigal_proteins	2879	GCA_000019485.1_ASM1948v1_genomic_prodigal_proteins	3233	1088	53.23	12.97	37.79
GCA_000014585.1_ASM1458v1_genomic_prodigal_proteins	2879	GCA_003283055.1_ASM328305v1_genomic_prodigal_proteins	482	108	63.86	15.80	22.41
GCA_000014585.1_ASM1458v1_genomic_prodigal_proteins	2879	GCA_000010065.1_ASM1006v1_genomic_prodigal_proteins	2691	1193	55.47	13.24	44.33
GCA_000014585.1_ASM1458v1_genomic_prodigal_proteins	2879	GCA_000316685.1_ASM31668v1_genomic_prodigal_proteins	3706	1069	53.05	12.61	37.13
GCA_000014585.1_ASM1458v1_genomic_prodigal_proteins	2879	GCA_000063525.1_ASM6352v1_genomic_prodigal_proteins	2540	1694	65.27	14.51	66.69
GCA_000014585.1_ASM1458v1_genomic_prodigal_proteins	2879	GCA_003283165.1_ASM328316v1_genomic_prodigal_proteins	217	72	70.35	12.73	33.18
GCA_000014585.1_ASM1458v1_genomic_prodigal_proteins	2879	GCA_902540675.1_AG-359-E22_genomic_prodigal_proteins	584	284	70.52	15.22	48.63
GCA_000014585.1_ASM1458v1_genomic_prodigal_proteins	2879	GCA_011055065.1_ASM1105506v1_genomic_prodigal_proteins	2792	893	52.64	12.26	31.98
GCA_000014585.1_ASM1458v1_genomic_prodigal_proteins	2879	GCA_000013205.1_ASM1320v1_genomic_prodigal_proteins	2750	936	52.85	12.03	34.04
GCA_000014585.1_ASM1458v1_genomic_prodigal_proteins	2879	GCA_003539795.1_ASM353979v1_genomic_prodigal_proteins	2284	1380	69.36	13.30	60.42
GCA_000014585.1_ASM1458v1_genomic_prodigal_proteins	2879	GCA_002171995.1_ASM217199v1_genomic_prodigal_proteins	1978	1085	72.62	12.99	54.85
GCA_000014585.1_ASM1458v1_genomic_prodigal_proteins	2879	GCA_011523835.1_ASM1152383v1_genomic_prodigal_proteins	2468	1670	73.40	13.22	67.67
GCA_000014585.1_ASM1458v1_genomic_prodigal_proteins	2879	GCA_002172175.1_ASM217217v1_genomic_prodigal_proteins	1846	1063	63.69	13.88	57.58
GCA_000014585.1_ASM1458v1_genomic_prodigal_proteins	2879	GCA_003208835.1_ASM320883v1_genomic_prodigal_proteins	2208	1340	70.28	14.06	60.69
GCA_000014585.1_ASM1458v1_genomic_prodigal_proteins	2879	GCA_902589915.1_AG-914-F20_genomic_prodigal_proteins	373	141	71.19	14.60	37.80
GCA_000014585.1_ASM1458v1_genomic_prodigal_proteins	2879	GCA_000485815.1_ASM48581v1_genomic_prodigal_proteins	3083	1053	53.29	12.90	36.58
GCA_000014585.1_ASM1458v1_genomic_prodigal_proteins	2879	GCA_008807075.1_ASM880707v1_genomic_prodigal_proteins	2925	1654	65.71	13.76	57.45
GCA_000014585.1_ASM1458v1_genomic_prodigal_proteins	2879	GCA_000179235.2_ASM17923v2_genomic_prodigal_proteins	3071	1713	67.05	13.84	59.50
GCA_000014585.1_ASM1458v1_genomic_prodigal_proteins	2879	GCA_003210795.1_ASM321079v1_genomic_prodigal_proteins	2239	1336	69.64	13.82	59.67
GCA_000014585.1_ASM1458v1_genomic_prodigal_proteins	2879	GCA_002706715.1_ASM270671v1_genomic_prodigal_proteins	1148	884	70.64	13.48	77.00
GCA_000014585.1_ASM1458v1_genomic_prodigal_proteins	2879	GCA_003331245.1_ASM333124v1_genomic_prodigal_proteins	2021	1504	70.37	13.38	74.42
GCA_000014585.1_ASM1458v1_genomic_prodigal_proteins	2879	GCA_009843385.1_ASM984338v1_genomic_prodigal_proteins	2085	975	60.88	12.96	46.76
GCA_000014585.1_ASM1458v1_genomic_prodigal_proteins	2879	GCA_003211205.1_ASM321120v1_genomic_prodigal_proteins	2288	1509	73.49	12.95	65.95
GCA_000014585.1_ASM1458v1_genomic_prodigal_proteins	2879	GCA_000063505.1_ASM6350v1_genomic_prodigal_proteins	2558	1930	74.11	13.22	75.45
GCA_000014585.1_ASM1458v1_genomic_prodigal_proteins	2879	GCA_900474245.1_UW179B_genomic_prodigal_proteins	2743	2175	89.78	9.79	79.29
GCA_000014585.1_ASM1458v1_genomic_prodigal_proteins	2879	GCA_003210345.1_ASM321034v1_genomic_prodigal_proteins	1256	773	69.18	13.70	61.54
GCA_000014585.1_ASM1458v1_genomic_prodigal_proteins	2879	GCA_003210315.1_ASM321031v1_genomic_prodigal_proteins	1815	1389	91.51	8.85	76.53
GCA_000014585.1_ASM1458v1_genomic_prodigal_proteins	2879	GCA_009836155.1_ASM983615v1_genomic_prodigal_proteins	1947	1112	60.91	12.74	57.11
GCA_000014585.1_ASM1458v1_genomic_prodigal_proteins	2879	GCA_003990665.2_ASM399066v2_genomic_prodigal_proteins	2499	1047	53.48	12.56	41.90
GCA_000014585.1_ASM1458v1_genomic_prodigal_proteins	2879	GCA_003209135.1_ASM320913v1_genomic_prodigal_proteins	1719	986	68.76	13.96	57.36
GCA_000014585.1_ASM1458v1_genomic_prodigal_proteins	2879	GCA_009845105.1_ASM984510v1_genomic_prodigal_proteins	1941	931	60.29	12.88	47.96
GCA_000014585.1_ASM1458v1_genomic_prodigal_proteins	2879	GCA_002690325.1_ASM269032v1_genomic_prodigal_proteins	2554	1678	69.36	13.77	65.70
GCA_000014585.1_ASM1458v1_genomic_prodigal_proteins	2879	GCA_000161795.2_ASM16179v2_genomic_prodigal_proteins	2407	1755	70.79	13.69	72.91
GCA_000014585.1_ASM1458v1_genomic_prodigal_proteins	2879	GCA_004211895.1_ASM421189v1_genomic_prodigal_proteins	954	708	70.96	13.20	74.21
GCA_000014585.1_ASM1458v1_genomic_prodigal_proteins	2879	GCA_003210735.1_ASM321073v1_genomic_prodigal_proteins	2337	1363	69.17	13.79	58.32
GCA_000014585.1_ASM1458v1_genomic_prodigal_proteins	2879	GCA_003209035.1_ASM320903v1_genomic_prodigal_proteins	1803	1000	69.04	14.03	55.46
GCA_000014585.1_ASM1458v1_genomic_prodigal_proteins	2879	GCA_003712085.1_ASM371208v1_genomic_prodigal_proteins	2745	1785	70.71	13.68	65.03
GCA_000014585.1_ASM1458v1_genomic_prodigal_proteins	2879	GCA_003212155.1_ASM321215v1_genomic_prodigal_proteins	262	119	62.95	16.39	45.42
GCA_000014585.1_ASM1458v1_genomic_prodigal_proteins	2879	GCA_001040845.1_ASM104084v1_genomic_prodigal_proteins	2917	2404	93.05	6.79	83.50
GCA_000014585.1_ASM1458v1_genomic_prodigal_proteins	2879	GCA_002018015.1_ASM201801v1_genomic_prodigal_proteins	1578	897	61.55	12.97	56.84
GCA_000014585.1_ASM1458v1_genomic_prodigal_proteins	2879	GCA_003211255.1_ASM321125v1_genomic_prodigal_proteins	1850	1022	69.16	13.64	55.24
GCA_000014585.1_ASM1458v1_genomic_prodigal_proteins	2879	GCA_002721235.1_ASM272123v1_genomic_prodigal_proteins	3119	1085	53.24	12.89	37.69
GCA_000014585.1_ASM1458v1_genomic_prodigal_proteins	2879	GCA_009839305.1_ASM983930v1_genomic_prodigal_proteins	1816	885	61.08	13.24	48.73
GCA_000014585.1_ASM1458v1_genomic_prodigal_proteins	2879	GCA_011365345.1_ASM1136534v1_genomic_prodigal_proteins	2655	1856	70.21	14.06	69.91
GCA_000014585.1_ASM1458v1_genomic_prodigal_proteins	2879	GCA_001039265.1_ASM103926v1_genomic_prodigal_proteins	2832	1119	68.08	13.69	39.51
GCA_000014585.1_ASM1458v1_genomic_prodigal_proteins	2879	GCA_001628325.1_ASM162832v1_genomic_prodigal_proteins	2129	1588	70.84	13.55	74.59
GCA_000014585.1_ASM1458v1_genomic_prodigal_proteins	2879	GCA_003209215.1_ASM320921v1_genomic_prodigal_proteins	1679	900	70.27	13.95	53.60
GCA_000014585.1_ASM1458v1_genomic_prodigal_proteins	2879	GCA_002737305.1_ASM273730v1_genomic_prodigal_proteins	1951	1236	67.00	13.87	63.35
GCA_000014585.1_ASM1458v1_genomic_prodigal_proteins	2879	GCA_003210515.1_ASM321051v1_genomic_prodigal_proteins	1673	1059	69.38	13.95	63.30
GCA_000014585.1_ASM1458v1_genomic_prodigal_proteins	2879	GCA_011525445.1_ASM1152544v1_genomic_prodigal_proteins	3208	1712	81.66	11.60	59.47
GCA_000014585.1_ASM1458v1_genomic_prodigal_proteins	2879	GCA_902599435.1_AG-916-N22_genomic_prodigal_proteins	793	438	71.69	14.10	55.23
GCA_000014585.1_ASM1458v1_genomic_prodigal_proteins	2879	GCA_003149585.1_ASM314958v1_genomic_prodigal_proteins	2600	1723	66.48	14.08	66.27
GCA_000014585.1_ASM1458v1_genomic_prodigal_proteins	2879	GCA_902560665.1_AG-905-O11_genomic_prodigal_proteins	401	189	69.86	14.81	47.13
GCA_000014585.1_ASM1458v1_genomic_prodigal_proteins	2879	GCA_003331795.1_ASM333179v1_genomic_prodigal_proteins	1948	1344	65.17	14.50	68.99
GCA_000014585.1_ASM1458v1_genomic_prodigal_proteins	2879	GCA_002017955.1_ASM201795v1_genomic_prodigal_proteins	512	252	61.42	12.83	49.22
GCA_000014585.1_ASM1458v1_genomic_prodigal_proteins	2879	GCA_902584485.1_AG-912-O23_genomic_prodigal_proteins	535	252	69.25	15.02	47.10
GCA_000014585.1_ASM1458v1_genomic_prodigal_proteins	2879	GCA_902527915.1_AG-896-G19_genomic_prodigal_proteins	1003	566	70.40	13.71	56.43
GCA_000014585.1_ASM1458v1_genomic_prodigal_proteins	2879	GCA_902635365.1_AG-447-D19_genomic_prodigal_proteins	1690	915	69.93	14.34	54.14
GCA_000014585.1_ASM1458v1_genomic_prodigal_proteins	2879	GCA_900474085.1_UW86_genomic_prodigal_proteins	2403	1760	70.74	13.74	73.24
GCA_000014585.1_ASM1458v1_genomic_prodigal_proteins	2879	GCA_001885215.1_ASM188521v1_genomic_prodigal_proteins	2897	1630	65.68	13.65	56.62
GCA_000014585.1_ASM1458v1_genomic_prodigal_proteins	2879	GCA_902575935.1_AG-426-B22_genomic_prodigal_proteins	254	160	73.92	14.16	62.99
GCA_000014585.1_ASM1458v1_genomic_prodigal_proteins	2879	GCA_900474295.1_UW140_genomic_prodigal_proteins	2925	1961	72.77	13.23	68.11
GCA_000014585.1_ASM1458v1_genomic_prodigal_proteins	2879	GCA_003211565.1_ASM321156v1_genomic_prodigal_proteins	1489	819	69.73	14.05	55.00
GCA_000014585.1_ASM1458v1_genomic_prodigal_proteins	2879	GCA_003526105.1_ASM352610v1_genomic_prodigal_proteins	1581	934	71.54	13.53	59.08
GCA_000014585.1_ASM1458v1_genomic_prodigal_proteins	2879	GCA_002172935.1_ASM217293v1_genomic_prodigal_proteins	1996	1482	73.27	12.95	74.25
GCA_000014585.1_ASM1458v1_genomic_prodigal_proteins	2879	GCA_003210335.1_ASM321033v1_genomic_prodigal_proteins	942	427	69.95	14.26	45.33
GCA_000014585.1_ASM1458v1_genomic_prodigal_proteins	2879	GCA_009846115.1_ASM984611v1_genomic_prodigal_proteins	2048	1052	60.63	12.92	51.37
GCA_000014585.1_ASM1458v1_genomic_prodigal_proteins	2879	GCA_001693295.1_ASM169329v1_genomic_prodigal_proteins	3183	1085	53.20	12.97	37.69
GCA_000014585.1_ASM1458v1_genomic_prodigal_proteins	2879	GCA_900473965.1_UW179A_genomic_prodigal_proteins	3383	2038	73.14	13.13	70.79
GCA_000014585.1_ASM1458v1_genomic_prodigal_proteins	2879	GCA_003213755.1_ASM321375v1_genomic_prodigal_proteins	1050	607	64.55	15.01	57.81
GCA_000014585.1_ASM1458v1_genomic_prodigal_proteins	2879	GCA_003209155.1_ASM320915v1_genomic_prodigal_proteins	2305	1540	72.95	13.18	66.81
GCA_000014585.1_ASM1458v1_genomic_prodigal_proteins	2879	GCA_003211515.1_ASM321151v1_genomic_prodigal_proteins	2451	1218	68.95	14.08	49.69
GCA_000014585.1_ASM1458v1_genomic_prodigal_proteins	2879	GCA_002693285.1_ASM269328v1_genomic_prodigal_proteins	2440	1693	73.25	12.85	69.39
GCA_000014585.1_ASM1458v1_genomic_prodigal_proteins	2879	GCA_003210555.1_ASM321055v1_genomic_prodigal_proteins	1847	1309	91.03	9.52	70.87
GCA_000014585.1_ASM1458v1_genomic_prodigal_proteins	2879	GCA_000155595.1_ASM15559v1_genomic_prodigal_proteins	5270	1149	52.67	12.84	39.91
GCA_000014585.1_ASM1458v1_genomic_prodigal_proteins	2879	GCA_001007665.1_ASM100766v1_genomic_prodigal_proteins	2356	1204	60.51	12.83	51.10
GCA_000014585.1_ASM1458v1_genomic_prodigal_proteins	2879	GCA_009919765.1_ASM991976v1_genomic_prodigal_proteins	2524	1123	65.03	14.20	44.49
GCA_000014585.1_ASM1458v1_genomic_prodigal_proteins	2879	GCA_003331225.1_ASM333122v1_genomic_prodigal_proteins	2113	1459	65.01	14.11	69.05
GCA_000014585.1_ASM1458v1_genomic_prodigal_proteins	2879	GCA_900177825.1_IMG-taxon_2708742468_annotated_assembly_genomic_prodigal_proteins	3317	1072	53.29	12.98	37.24
GCA_000014585.1_ASM1458v1_genomic_prodigal_proteins	2879	GCA_000195975.1_ASM19597v1_genomic_prodigal_proteins	2719	1777	70.98	13.61	65.35
GCA_000014585.1_ASM1458v1_genomic_prodigal_proteins	2879	GCA_902618885.1_AG-920-D15_genomic_prodigal_proteins	1178	681	71.32	14.51	57.81
GCA_000014585.1_ASM1458v1_genomic_prodigal_proteins	2879	GCA_003209165.1_ASM320916v1_genomic_prodigal_proteins	2711	1515	70.32	13.75	55.88
GCA_000014585.1_ASM1458v1_genomic_prodigal_proteins	2879	GCA_001007625.1_ASM100762v1_genomic_prodigal_proteins	2478	1055	60.93	12.92	42.57
GCA_000014585.1_ASM1458v1_genomic_prodigal_proteins	2879	GCA_008386235.1_ASM838623v1_genomic_prodigal_proteins	2571	1037	53.33	12.67	40.33
GCA_000014585.1_ASM1458v1_genomic_prodigal_proteins	2879	GCA_001631935.1_ASM163193v1_genomic_prodigal_proteins	3526	2033	73.38	13.05	70.61
GCA_000014585.1_ASM1458v1_genomic_prodigal_proteins	2879	GCA_002151525.1_ASM215152v1_genomic_prodigal_proteins	1628	1119	63.80	14.15	68.73
GCA_000014585.1_ASM1458v1_genomic_prodigal_proteins	2879	GCA_000153065.1_ASM15306v1_genomic_prodigal_proteins	2704	1835	73.83	13.17	67.86
GCA_000014585.1_ASM1458v1_genomic_prodigal_proteins	2879	GCA_009837265.1_ASM983726v1_genomic_prodigal_proteins	2126	1126	60.66	12.93	52.96
GCA_000014585.1_ASM1458v1_genomic_prodigal_proteins	2879	GCA_902533725.1_AG-898-C20_genomic_prodigal_proteins	421	155	68.62	14.73	36.82
GCA_000014585.1_ASM1458v1_genomic_prodigal_proteins	2879	GCA_002171075.2_ASM217107v2_genomic_prodigal_proteins	1919	1229	63.39	13.77	64.04
GCA_000014585.1_ASM1458v1_genomic_prodigal_proteins	2879	GCA_002760395.1_ASM276039v1_genomic_prodigal_proteins	2661	911	52.87	12.02	34.24
GCA_000014585.1_ASM1458v1_genomic_prodigal_proteins	2879	GCA_003209005.1_ASM320900v1_genomic_prodigal_proteins	2548	1665	73.37	12.96	65.35
GCA_000014585.1_ASM1458v1_genomic_prodigal_proteins	2879	GCA_002017915.1_ASM201791v1_genomic_prodigal_proteins	623	329	62.89	13.67	52.81
GCA_000014585.1_ASM1458v1_genomic_prodigal_proteins	2879	GCA_900047545.1_m9_genomic_prodigal_proteins	1575	922	60.58	12.86	58.54
GCA_000014585.1_ASM1458v1_genomic_prodigal_proteins	2879	GCA_001632105.1_ASM163210v1_genomic_prodigal_proteins	3521	2047	73.29	13.09	71.10
GCA_000014585.1_ASM1458v1_genomic_prodigal_proteins	2879	GCA_004212765.1_ASM421276v1_genomic_prodigal_proteins	1162	841	70.48	13.61	72.38
GCA_000014585.1_ASM1458v1_genomic_prodigal_proteins	2879	GCA_002685515.1_ASM268551v1_genomic_prodigal_proteins	1286	1000	73.13	12.53	77.76
GCA_000014585.1_ASM1458v1_genomic_prodigal_proteins	2879	GCA_007828135.1_ASM782813v1_genomic_prodigal_proteins	2917	1633	65.70	13.70	56.72
GCA_000014585.1_ASM1458v1_genomic_prodigal_proteins	2879	GCA_011047875.1_ASM1104787v1_genomic_prodigal_proteins	2810	923	52.65	12.21	32.85
GCA_000014585.1_ASM1458v1_genomic_prodigal_proteins	2879	GCA_009840445.1_ASM984044v1_genomic_prodigal_proteins	2167	1223	60.69	12.91	56.44
GCA_000014585.1_ASM1458v1_genomic_prodigal_proteins	2879	GCA_003210995.1_ASM321099v1_genomic_prodigal_proteins	2385	1489	73.08	13.29	62.43
GCA_000014585.1_ASM1458v1_genomic_prodigal_proteins	2879	GCA_902616995.1_AG-919-L20_genomic_prodigal_proteins	654	347	70.54	13.54	53.06
GCA_000014585.1_ASM1458v1_genomic_prodigal_proteins	2879	GCA_009845825.1_ASM984582v1_genomic_prodigal_proteins	2168	1027	60.95	12.80	47.37
GCA_000014585.1_ASM1458v1_genomic_prodigal_proteins	2879	GCA_000515235.1_ASM51523v1_genomic_prodigal_proteins	2873	1846	69.95	13.91	64.25
GCA_000014585.1_ASM1458v1_genomic_prodigal_proteins	2879	GCA_003523965.1_ASM352396v1_genomic_prodigal_proteins	1735	776	62.00	12.91	44.73
GCA_000014585.1_ASM1458v1_genomic_prodigal_proteins	2879	GCA_002684175.1_ASM268417v1_genomic_prodigal_proteins	1819	1099	68.29	13.18	60.42
GCA_000014585.1_ASM1458v1_genomic_prodigal_proteins	2879	GCA_011523295.1_ASM1152329v1_genomic_prodigal_proteins	2851	1408	68.49	13.83	49.39
GCA_000014585.1_ASM1458v1_genomic_prodigal_proteins	2879	GCA_003211015.1_ASM321101v1_genomic_prodigal_proteins	2128	1455	73.19	13.13	68.37
GCA_000014585.1_ASM1458v1_genomic_prodigal_proteins	2879	GCA_002006815.1_ASM200681v1_genomic_prodigal_proteins	1973	1385	64.23	14.05	70.20
GCA_001182765.1_WH8103.1_genomic_prodigal_proteins	2676	GCA_002760375.1_ASM276037v1_genomic_prodigal_proteins	2702	916	52.89	11.96	34.23
GCA_001182765.1_WH8103.1_genomic_prodigal_proteins	2676	GCA_902592305.1_AG-914-O22_genomic_prodigal_proteins	179	126	94.96	10.21	70.39
GCA_001182765.1_WH8103.1_genomic_prodigal_proteins	2676	GCA_001632165.1_ASM163216v1_genomic_prodigal_proteins	2830	1791	71.10	13.69	66.93
GCA_001182765.1_WH8103.1_genomic_prodigal_proteins	2676	GCA_004332405.1_ASM433240v1_genomic_prodigal_proteins	2437	1777	72.37	13.66	72.92
GCA_001182765.1_WH8103.1_genomic_prodigal_proteins	2676	GCA_900473975.1_N26_genomic_prodigal_proteins	2454	1899	78.83	12.85	77.38
GCA_001182765.1_WH8103.1_genomic_prodigal_proteins	2676	GCA_902612475.1_AG-918-G20_genomic_prodigal_proteins	502	332	96.17	7.92	66.14
GCA_001182765.1_WH8103.1_genomic_prodigal_proteins	2676	GCA_000775285.1_ASM77528v1_genomic_prodigal_proteins	4812	974	54.06	12.81	36.40
GCA_001182765.1_WH8103.1_genomic_prodigal_proteins	2676	GCA_002698505.1_ASM269850v1_genomic_prodigal_proteins	2471	1662	71.27	13.50	67.26
GCA_001182765.1_WH8103.1_genomic_prodigal_proteins	2676	GCA_002252665.1_ASM225266v1_genomic_prodigal_proteins	2771	1630	67.65	13.79	60.91
GCA_001182765.1_WH8103.1_genomic_prodigal_proteins	2676	GCA_003555505.1_ASM355550v1_genomic_prodigal_proteins	3351	758	54.11	13.03	28.33
GCA_001182765.1_WH8103.1_genomic_prodigal_proteins	2676	GCA_900474015.1_UW106_genomic_prodigal_proteins	2762	1989	78.06	13.24	74.33
GCA_001182765.1_WH8103.1_genomic_prodigal_proteins	2676	GCA_000715475.1_ASM71547v1_genomic_prodigal_proteins	3299	1069	53.47	12.91	39.95
GCA_001182765.1_WH8103.1_genomic_prodigal_proteins	2676	GCA_001628295.1_ASM162829v1_genomic_prodigal_proteins	2145	1756	78.91	12.85	81.86
GCA_001182765.1_WH8103.1_genomic_prodigal_proteins	2676	GCA_003208775.1_ASM320877v1_genomic_prodigal_proteins	1808	1115	70.12	13.96	61.67
GCA_001182765.1_WH8103.1_genomic_prodigal_proteins	2676	GCA_003210975.1_ASM321097v1_genomic_prodigal_proteins	627	430	77.04	13.56	68.58
GCA_001182765.1_WH8103.1_genomic_prodigal_proteins	2676	GCA_003208915.1_ASM320891v1_genomic_prodigal_proteins	1208	726	78.17	12.84	60.10
GCA_001182765.1_WH8103.1_genomic_prodigal_proteins	2676	GCA_009837735.1_ASM983773v1_genomic_prodigal_proteins	2041	947	61.60	12.70	46.40
GCA_001182765.1_WH8103.1_genomic_prodigal_proteins	2676	GCA_902548805.1_AG-901-N20_genomic_prodigal_proteins	158	97	89.45	15.36	61.39
GCA_001182765.1_WH8103.1_genomic_prodigal_proteins	2676	GCA_003211235.1_ASM321123v1_genomic_prodigal_proteins	1698	1046	78.63	12.20	61.60
GCA_001182765.1_WH8103.1_genomic_prodigal_proteins	2676	GCA_004209775.1_ASM420977v1_genomic_prodigal_proteins	2798	1801	72.43	13.35	67.30
GCA_001182765.1_WH8103.1_genomic_prodigal_proteins	2676	GCA_003283215.1_ASM328321v1_genomic_prodigal_proteins	239	51	72.47	15.94	21.34
GCA_001182765.1_WH8103.1_genomic_prodigal_proteins	2676	GCA_003209555.1_ASM320955v1_genomic_prodigal_proteins	908	427	66.41	15.34	47.03
GCA_001182765.1_WH8103.1_genomic_prodigal_proteins	2676	GCA_000153805.1_ASM15380v1_genomic_prodigal_proteins	2517	1898	76.26	13.09	75.41
GCA_001182765.1_WH8103.1_genomic_prodigal_proteins	2676	GCA_003283205.1_ASM328320v1_genomic_prodigal_proteins	274	83	68.83	15.24	30.29
GCA_001182765.1_WH8103.1_genomic_prodigal_proteins	2676	GCA_900473925.1_N5_genomic_prodigal_proteins	2417	1883	78.64	12.98	77.91
GCA_001182765.1_WH8103.1_genomic_prodigal_proteins	2676	GCA_902592665.1_AG-447-E14_genomic_prodigal_proteins	1111	574	74.44	14.16	51.67
GCA_001182765.1_WH8103.1_genomic_prodigal_proteins	2676	GCA_011523155.1_ASM1152315v1_genomic_prodigal_proteins	2101	1285	69.96	13.24	61.16
GCA_001182765.1_WH8103.1_genomic_prodigal_proteins	2676	GCA_003211275.1_ASM321127v1_genomic_prodigal_proteins	2168	1233	70.18	13.93	56.87
GCA_001182765.1_WH8103.1_genomic_prodigal_proteins	2676	GCA_003957805.1_ASM395780v1_genomic_prodigal_proteins	2887	1222	55.92	13.17	45.67
GCA_001182765.1_WH8103.1_genomic_prodigal_proteins	2676	GCA_012270465.1_ASM1227046v1_genomic_prodigal_proteins	2311	1338	65.39	13.78	57.90
GCA_001182765.1_WH8103.1_genomic_prodigal_proteins	2676	GCA_001693255.1_ASM169325v1_genomic_prodigal_proteins	3177	1095	53.37	12.92	40.92
GCA_001182765.1_WH8103.1_genomic_prodigal_proteins	2676	GCA_003210385.1_ASM321038v1_genomic_prodigal_proteins	286	210	71.06	13.91	73.43
GCA_001182765.1_WH8103.1_genomic_prodigal_proteins	2676	GCA_002170705.1_ASM217070v1_genomic_prodigal_proteins	1392	1054	78.17	12.54	75.72
GCA_001182765.1_WH8103.1_genomic_prodigal_proteins	2676	GCA_002356215.1_ASM235621v1_genomic_prodigal_proteins	2953	1063	53.54	13.04	39.72
GCA_001182765.1_WH8103.1_genomic_prodigal_proteins	2676	GCA_003210935.1_ASM321093v1_genomic_prodigal_proteins	1868	1170	71.47	13.66	62.63
GCA_001182765.1_WH8103.1_genomic_prodigal_proteins	2676	GCA_003210535.1_ASM321053v1_genomic_prodigal_proteins	1257	743	74.81	12.92	59.11
GCA_001182765.1_WH8103.1_genomic_prodigal_proteins	2676	GCA_002724845.1_ASM272484v1_genomic_prodigal_proteins	1589	1310	78.37	12.44	82.44
GCA_001182765.1_WH8103.1_genomic_prodigal_proteins	2676	GCA_000153285.1_ASM15328v1_genomic_prodigal_proteins	2746	1852	71.96	13.92	69.21
GCA_001182765.1_WH8103.1_genomic_prodigal_proteins	2676	GCA_003211035.1_ASM321103v1_genomic_prodigal_proteins	530	353	77.38	12.68	66.60
GCA_001182765.1_WH8103.1_genomic_prodigal_proteins	2676	GCA_001521855.1_ASM152185v1_genomic_prodigal_proteins	3144	1091	53.47	12.90	40.77
GCA_001182765.1_WH8103.1_genomic_prodigal_proteins	2676	GCA_009835965.1_ASM983596v1_genomic_prodigal_proteins	2105	1188	61.39	12.69	56.44
GCA_001182765.1_WH8103.1_genomic_prodigal_proteins	2676	GCA_012269695.1_ASM1226969v1_genomic_prodigal_proteins	2043	1144	65.93	13.86	56.00
GCA_001182765.1_WH8103.1_genomic_prodigal_proteins	2676	GCA_000737535.1_ASM73753v1_genomic_prodigal_proteins	3013	1973	76.22	13.25	73.73
GCA_001182765.1_WH8103.1_genomic_prodigal_proteins	2676	GCA_000586015.1_SynSpo.0_genomic_prodigal_proteins	1907	945	62.08	13.04	49.55
GCA_001182765.1_WH8103.1_genomic_prodigal_proteins	2676	GCA_002760345.1_ASM276034v1_genomic_prodigal_proteins	2731	927	52.94	11.91	34.64
GCA_001182765.1_WH8103.1_genomic_prodigal_proteins	2676	GCA_000013225.1_ASM1322v1_genomic_prodigal_proteins	2844	929	52.99	11.99	34.72
GCA_001182765.1_WH8103.1_genomic_prodigal_proteins	2676	GCA_000332275.1_ASM33227v1_genomic_prodigal_proteins	4564	1047	52.36	12.14	39.13
GCA_001182765.1_WH8103.1_genomic_prodigal_proteins	2676	GCA_002252675.1_ASM225267v1_genomic_prodigal_proteins	3295	1635	66.81	13.76	61.10
GCA_001182765.1_WH8103.1_genomic_prodigal_proteins	2676	GCA_000737575.1_ASM73757v1_genomic_prodigal_proteins	2662	2041	78.55	12.81	76.67
GCA_001182765.1_WH8103.1_genomic_prodigal_proteins	2676	GCA_902596755.1_AG-916-D19_genomic_prodigal_proteins	1152	881	96.49	6.55	76.48
GCA_001182765.1_WH8103.1_genomic_prodigal_proteins	2676	GCA_003211455.1_ASM321145v1_genomic_prodigal_proteins	1186	717	77.01	13.67	60.46
GCA_001182765.1_WH8103.1_genomic_prodigal_proteins	2676	GCA_003208755.1_ASM320875v1_genomic_prodigal_proteins	690	458	75.85	12.99	66.38
GCA_001182765.1_WH8103.1_genomic_prodigal_proteins	2676	GCA_007571215.1_ASM757121v1_genomic_prodigal_proteins	1879	1161	60.97	12.86	61.79
GCA_001182765.1_WH8103.1_genomic_prodigal_proteins	2676	GCA_001007635.1_ASM100763v1_genomic_prodigal_proteins	2333	1083	61.27	12.56	46.42
GCA_001182765.1_WH8103.1_genomic_prodigal_proteins	2676	GCA_000179255.1_ASM17925v1_genomic_prodigal_proteins	2729	1666	67.38	13.73	62.26
GCA_001182765.1_WH8103.1_genomic_prodigal_proteins	2676	GCA_003208975.1_ASM320897v1_genomic_prodigal_proteins	1804	1074	77.84	12.66	59.53
GCA_001182765.1_WH8103.1_genomic_prodigal_proteins	2676	GCA_012103655.1_ASM1210365v1_genomic_prodigal_proteins	2723	1804	70.97	13.46	67.41
GCA_001182765.1_WH8103.1_genomic_prodigal_proteins	2676	GCA_902582045.1_AG-912-B07_genomic_prodigal_proteins	196	106	91.76	13.06	54.08
GCA_001182765.1_WH8103.1_genomic_prodigal_proteins	2676	GCA_000153045.1_ASM15304v1_genomic_prodigal_proteins	3242	1679	67.08	13.71	62.74
GCA_001182765.1_WH8103.1_genomic_prodigal_proteins	2676	GCA_902549675.1_AG-903-B09_genomic_prodigal_proteins	836	558	89.61	11.26	66.75
GCA_001182765.1_WH8103.1_genomic_prodigal_proteins	2676	GCA_002018045.1_ASM201804v1_genomic_prodigal_proteins	1559	929	62.04	12.58	59.59
GCA_001182765.1_WH8103.1_genomic_prodigal_proteins	2676	GCA_004213055.1_ASM421305v1_genomic_prodigal_proteins	2241	1579	71.77	13.60	70.46
GCA_001182765.1_WH8103.1_genomic_prodigal_proteins	2676	GCA_007571085.1_ASM757108v1_genomic_prodigal_proteins	1784	1139	61.07	12.87	63.85
GCA_001182765.1_WH8103.1_genomic_prodigal_proteins	2676	GCA_009839805.1_ASM983980v1_genomic_prodigal_proteins	1848	778	59.66	12.08	42.10
GCA_001182765.1_WH8103.1_genomic_prodigal_proteins	2676	GCA_003210375.1_ASM321037v1_genomic_prodigal_proteins	2155	1401	75.65	13.08	65.01
GCA_001182765.1_WH8103.1_genomic_prodigal_proteins	2676	GCA_004332415.1_ASM433241v1_genomic_prodigal_proteins	2408	1782	72.40	13.45	74.00
GCA_001182765.1_WH8103.1_genomic_prodigal_proteins	2676	GCA_009836025.1_ASM983602v1_genomic_prodigal_proteins	2290	1172	61.44	12.64	51.18
GCA_001182765.1_WH8103.1_genomic_prodigal_proteins	2676	GCA_009843455.1_ASM984345v1_genomic_prodigal_proteins	2423	1154	61.29	12.51	47.63
GCA_001182765.1_WH8103.1_genomic_prodigal_proteins	2676	GCA_009843485.1_ASM984348v1_genomic_prodigal_proteins	2158	1191	61.41	12.78	55.19
GCA_001182765.1_WH8103.1_genomic_prodigal_proteins	2676	GCA_003283135.1_ASM328313v1_genomic_prodigal_proteins	459	145	67.39	14.95	31.59
GCA_001182765.1_WH8103.1_genomic_prodigal_proteins	2676	GCA_902635485.1_AG-447-G23_genomic_prodigal_proteins	327	150	75.02	15.07	45.87
GCA_001182765.1_WH8103.1_genomic_prodigal_proteins	2676	GCA_002760415.1_ASM276041v1_genomic_prodigal_proteins	2670	917	52.87	11.95	34.34
GCA_001182765.1_WH8103.1_genomic_prodigal_proteins	2676	GCA_002754935.1_ASM275493v1_genomic_prodigal_proteins	2664	1001	53.43	12.56	37.58
GCA_001182765.1_WH8103.1_genomic_prodigal_proteins	2676	GCA_002171685.2_ASM217168v2_genomic_prodigal_proteins	811	648	71.93	12.74	79.90
GCA_001182765.1_WH8103.1_genomic_prodigal_proteins	2676	GCA_000737595.1_ASM73759v1_genomic_prodigal_proteins	2774	1957	78.16	13.08	73.13
GCA_001182765.1_WH8103.1_genomic_prodigal_proteins	2676	GCA_003331785.1_ASM333178v1_genomic_prodigal_proteins	2125	1629	71.17	13.26	76.66
GCA_001182765.1_WH8103.1_genomic_prodigal_proteins	2676	GCA_009842265.1_ASM984226v1_genomic_prodigal_proteins	2398	1176	61.33	12.57	49.04
GCA_001182765.1_WH8103.1_genomic_prodigal_proteins	2676	GCA_902579345.1_AG-911-L15_genomic_prodigal_proteins	248	143	93.45	12.34	57.66
GCA_001182765.1_WH8103.1_genomic_prodigal_proteins	2676	GCA_000011345.1_ASM1134v1_genomic_prodigal_proteins	2520	1036	53.73	12.52	41.11
GCA_001182765.1_WH8103.1_genomic_prodigal_proteins	2676	GCA_003210705.1_ASM321070v1_genomic_prodigal_proteins	2244	1331	70.51	13.90	59.31
GCA_001182765.1_WH8103.1_genomic_prodigal_proteins	2676	GCA_000019485.1_ASM1948v1_genomic_prodigal_proteins	3233	1098	53.36	12.97	41.03
GCA_001182765.1_WH8103.1_genomic_prodigal_proteins	2676	GCA_003283055.1_ASM328305v1_genomic_prodigal_proteins	482	88	69.99	15.35	18.26
GCA_001182765.1_WH8103.1_genomic_prodigal_proteins	2676	GCA_000010065.1_ASM1006v1_genomic_prodigal_proteins	2691	1207	55.89	13.19	45.10
GCA_001182765.1_WH8103.1_genomic_prodigal_proteins	2676	GCA_000316685.1_ASM31668v1_genomic_prodigal_proteins	3706	1071	53.30	12.59	40.02
GCA_001182765.1_WH8103.1_genomic_prodigal_proteins	2676	GCA_000063525.1_ASM6352v1_genomic_prodigal_proteins	2540	1664	66.50	14.18	65.51
GCA_001182765.1_WH8103.1_genomic_prodigal_proteins	2676	GCA_003283165.1_ASM328316v1_genomic_prodigal_proteins	217	86	73.15	15.86	39.63
GCA_001182765.1_WH8103.1_genomic_prodigal_proteins	2676	GCA_902540675.1_AG-359-E22_genomic_prodigal_proteins	584	374	93.55	10.89	64.04
GCA_001182765.1_WH8103.1_genomic_prodigal_proteins	2676	GCA_011055065.1_ASM1105506v1_genomic_prodigal_proteins	2792	893	52.88	12.07	33.37
GCA_001182765.1_WH8103.1_genomic_prodigal_proteins	2676	GCA_000013205.1_ASM1320v1_genomic_prodigal_proteins	2750	927	52.97	11.92	34.64
GCA_001182765.1_WH8103.1_genomic_prodigal_proteins	2676	GCA_003539795.1_ASM353979v1_genomic_prodigal_proteins	2284	1541	77.50	12.76	67.47
GCA_001182765.1_WH8103.1_genomic_prodigal_proteins	2676	GCA_002171995.1_ASM217199v1_genomic_prodigal_proteins	1978	1035	70.85	13.57	52.33
GCA_001182765.1_WH8103.1_genomic_prodigal_proteins	2676	GCA_011523835.1_ASM1152383v1_genomic_prodigal_proteins	2468	1556	72.03	13.42	63.05
GCA_001182765.1_WH8103.1_genomic_prodigal_proteins	2676	GCA_002172175.1_ASM217217v1_genomic_prodigal_proteins	1846	1074	65.24	13.82	58.18
GCA_001182765.1_WH8103.1_genomic_prodigal_proteins	2676	GCA_003208835.1_ASM320883v1_genomic_prodigal_proteins	2208	1412	76.17	13.11	63.95
GCA_001182765.1_WH8103.1_genomic_prodigal_proteins	2676	GCA_902589915.1_AG-914-F20_genomic_prodigal_proteins	373	201	92.45	13.11	53.89
GCA_001182765.1_WH8103.1_genomic_prodigal_proteins	2676	GCA_000485815.1_ASM48581v1_genomic_prodigal_proteins	3083	1045	53.42	12.99	39.05
GCA_001182765.1_WH8103.1_genomic_prodigal_proteins	2676	GCA_008807075.1_ASM880707v1_genomic_prodigal_proteins	2925	1651	66.54	13.55	61.70
GCA_001182765.1_WH8103.1_genomic_prodigal_proteins	2676	GCA_000179235.2_ASM17923v2_genomic_prodigal_proteins	3071	1678	67.99	13.62	62.71
GCA_001182765.1_WH8103.1_genomic_prodigal_proteins	2676	GCA_003210795.1_ASM321079v1_genomic_prodigal_proteins	2239	1473	78.51	12.32	65.79
GCA_001182765.1_WH8103.1_genomic_prodigal_proteins	2676	GCA_002706715.1_ASM270671v1_genomic_prodigal_proteins	1148	937	78.97	12.26	81.62
GCA_001182765.1_WH8103.1_genomic_prodigal_proteins	2676	GCA_003331245.1_ASM333124v1_genomic_prodigal_proteins	2021	1658	78.03	12.54	82.04
GCA_001182765.1_WH8103.1_genomic_prodigal_proteins	2676	GCA_009843385.1_ASM984338v1_genomic_prodigal_proteins	2085	977	61.69	12.59	46.86
GCA_001182765.1_WH8103.1_genomic_prodigal_proteins	2676	GCA_003211205.1_ASM321120v1_genomic_prodigal_proteins	2288	1423	70.92	13.78	62.19
GCA_001182765.1_WH8103.1_genomic_prodigal_proteins	2676	GCA_000063505.1_ASM6350v1_genomic_prodigal_proteins	2558	1830	71.95	14.06	71.54
GCA_001182765.1_WH8103.1_genomic_prodigal_proteins	2676	GCA_900474245.1_UW179B_genomic_prodigal_proteins	2743	1815	70.96	13.63	67.83
GCA_001182765.1_WH8103.1_genomic_prodigal_proteins	2676	GCA_003210345.1_ASM321034v1_genomic_prodigal_proteins	1256	801	75.08	13.32	63.77
GCA_001182765.1_WH8103.1_genomic_prodigal_proteins	2676	GCA_003210315.1_ASM321031v1_genomic_prodigal_proteins	1815	1106	69.73	13.79	60.94
GCA_001182765.1_WH8103.1_genomic_prodigal_proteins	2676	GCA_009836155.1_ASM983615v1_genomic_prodigal_proteins	1947	1118	61.52	12.53	57.42
GCA_001182765.1_WH8103.1_genomic_prodigal_proteins	2676	GCA_003990665.2_ASM399066v2_genomic_prodigal_proteins	2499	1037	53.75	12.52	41.50
GCA_001182765.1_WH8103.1_genomic_prodigal_proteins	2676	GCA_003209135.1_ASM320913v1_genomic_prodigal_proteins	1719	1061	74.75	13.84	61.72
GCA_001182765.1_WH8103.1_genomic_prodigal_proteins	2676	GCA_009845105.1_ASM984510v1_genomic_prodigal_proteins	1941	933	61.06	12.68	48.07
GCA_001182765.1_WH8103.1_genomic_prodigal_proteins	2676	GCA_002690325.1_ASM269032v1_genomic_prodigal_proteins	2554	1783	75.04	13.29	69.81
GCA_001182765.1_WH8103.1_genomic_prodigal_proteins	2676	GCA_000161795.2_ASM16179v2_genomic_prodigal_proteins	2407	1892	78.72	12.79	78.60
GCA_001182765.1_WH8103.1_genomic_prodigal_proteins	2676	GCA_004211895.1_ASM421189v1_genomic_prodigal_proteins	954	772	78.85	12.48	80.92
GCA_001182765.1_WH8103.1_genomic_prodigal_proteins	2676	GCA_003210735.1_ASM321073v1_genomic_prodigal_proteins	2337	1497	78.10	12.27	64.06
GCA_001182765.1_WH8103.1_genomic_prodigal_proteins	2676	GCA_003209035.1_ASM320903v1_genomic_prodigal_proteins	1803	1128	77.52	13.07	62.56
GCA_001182765.1_WH8103.1_genomic_prodigal_proteins	2676	GCA_003712085.1_ASM371208v1_genomic_prodigal_proteins	2745	2372	98.00	5.36	88.64
GCA_001182765.1_WH8103.1_genomic_prodigal_proteins	2676	GCA_003212155.1_ASM321215v1_genomic_prodigal_proteins	262	112	65.55	16.68	42.75
GCA_001182765.1_WH8103.1_genomic_prodigal_proteins	2676	GCA_001040845.1_ASM104084v1_genomic_prodigal_proteins	2917	1807	70.85	13.62	67.53
GCA_001182765.1_WH8103.1_genomic_prodigal_proteins	2676	GCA_002018015.1_ASM201801v1_genomic_prodigal_proteins	1578	896	62.13	12.69	56.78
GCA_001182765.1_WH8103.1_genomic_prodigal_proteins	2676	GCA_003211255.1_ASM321125v1_genomic_prodigal_proteins	1850	1159	77.28	13.03	62.65
GCA_001182765.1_WH8103.1_genomic_prodigal_proteins	2676	GCA_002721235.1_ASM272123v1_genomic_prodigal_proteins	3119	1100	53.36	12.91	41.11
GCA_001182765.1_WH8103.1_genomic_prodigal_proteins	2676	GCA_009839305.1_ASM983930v1_genomic_prodigal_proteins	1816	889	61.78	13.15	48.95
GCA_001182765.1_WH8103.1_genomic_prodigal_proteins	2676	GCA_011365345.1_ASM1136534v1_genomic_prodigal_proteins	2655	1995	78.25	13.23	75.14
GCA_001182765.1_WH8103.1_genomic_prodigal_proteins	2676	GCA_001039265.1_ASM103926v1_genomic_prodigal_proteins	2832	1127	68.52	13.85	42.12
GCA_001182765.1_WH8103.1_genomic_prodigal_proteins	2676	GCA_001628325.1_ASM162832v1_genomic_prodigal_proteins	2129	1728	78.90	12.72	81.16
GCA_001182765.1_WH8103.1_genomic_prodigal_proteins	2676	GCA_003209215.1_ASM320921v1_genomic_prodigal_proteins	1679	1020	77.89	13.09	60.75
GCA_001182765.1_WH8103.1_genomic_prodigal_proteins	2676	GCA_002737305.1_ASM273730v1_genomic_prodigal_proteins	1951	1225	67.55	13.64	62.79
GCA_001182765.1_WH8103.1_genomic_prodigal_proteins	2676	GCA_003210515.1_ASM321051v1_genomic_prodigal_proteins	1673	1110	75.46	13.34	66.35
GCA_001182765.1_WH8103.1_genomic_prodigal_proteins	2676	GCA_011525445.1_ASM1152544v1_genomic_prodigal_proteins	3208	1496	70.10	13.61	55.90
GCA_001182765.1_WH8103.1_genomic_prodigal_proteins	2676	GCA_902599435.1_AG-916-N22_genomic_prodigal_proteins	793	562	89.98	10.40	70.87
GCA_001182765.1_WH8103.1_genomic_prodigal_proteins	2676	GCA_003149585.1_ASM314958v1_genomic_prodigal_proteins	2600	1683	67.47	13.84	64.73
GCA_001182765.1_WH8103.1_genomic_prodigal_proteins	2676	GCA_902560665.1_AG-905-O11_genomic_prodigal_proteins	401	259	94.08	8.98	64.59
GCA_001182765.1_WH8103.1_genomic_prodigal_proteins	2676	GCA_003331795.1_ASM333179v1_genomic_prodigal_proteins	1948	1334	66.32	14.33	68.48
GCA_001182765.1_WH8103.1_genomic_prodigal_proteins	2676	GCA_002017955.1_ASM201795v1_genomic_prodigal_proteins	512	263	62.01	12.33	51.37
GCA_001182765.1_WH8103.1_genomic_prodigal_proteins	2676	GCA_902584485.1_AG-912-O23_genomic_prodigal_proteins	535	358	95.16	9.41	66.92
GCA_001182765.1_WH8103.1_genomic_prodigal_proteins	2676	GCA_902527915.1_AG-896-G19_genomic_prodigal_proteins	1003	804	95.68	7.21	80.16
GCA_001182765.1_WH8103.1_genomic_prodigal_proteins	2676	GCA_902635365.1_AG-447-D19_genomic_prodigal_proteins	1690	979	75.97	13.50	57.93
GCA_001182765.1_WH8103.1_genomic_prodigal_proteins	2676	GCA_900474085.1_UW86_genomic_prodigal_proteins	2403	1928	78.64	13.09	80.23
GCA_001182765.1_WH8103.1_genomic_prodigal_proteins	2676	GCA_001885215.1_ASM188521v1_genomic_prodigal_proteins	2897	1599	66.31	13.39	59.75
GCA_001182765.1_WH8103.1_genomic_prodigal_proteins	2676	GCA_902575935.1_AG-426-B22_genomic_prodigal_proteins	254	175	80.41	13.11	68.90
GCA_001182765.1_WH8103.1_genomic_prodigal_proteins	2676	GCA_900474295.1_UW140_genomic_prodigal_proteins	2925	1836	71.63	13.65	68.61
GCA_001182765.1_WH8103.1_genomic_prodigal_proteins	2676	GCA_003211565.1_ASM321156v1_genomic_prodigal_proteins	1489	933	77.92	13.20	62.66
GCA_001182765.1_WH8103.1_genomic_prodigal_proteins	2676	GCA_003526105.1_ASM352610v1_genomic_prodigal_proteins	1581	1009	79.54	12.70	63.82
GCA_001182765.1_WH8103.1_genomic_prodigal_proteins	2676	GCA_002172935.1_ASM217293v1_genomic_prodigal_proteins	1996	1408	70.73	13.82	70.54
GCA_001182765.1_WH8103.1_genomic_prodigal_proteins	2676	GCA_003210335.1_ASM321033v1_genomic_prodigal_proteins	942	366	67.58	14.59	38.85
GCA_001182765.1_WH8103.1_genomic_prodigal_proteins	2676	GCA_009846115.1_ASM984611v1_genomic_prodigal_proteins	2048	1050	61.23	12.82	51.27
GCA_001182765.1_WH8103.1_genomic_prodigal_proteins	2676	GCA_001693295.1_ASM169329v1_genomic_prodigal_proteins	3183	1092	53.39	12.94	40.81
GCA_001182765.1_WH8103.1_genomic_prodigal_proteins	2676	GCA_900473965.1_UW179A_genomic_prodigal_proteins	3383	1839	70.84	13.85	68.72
GCA_001182765.1_WH8103.1_genomic_prodigal_proteins	2676	GCA_003213755.1_ASM321375v1_genomic_prodigal_proteins	1050	589	66.64	14.42	56.10
GCA_001182765.1_WH8103.1_genomic_prodigal_proteins	2676	GCA_003209155.1_ASM320915v1_genomic_prodigal_proteins	2305	1364	70.89	13.61	59.18
GCA_001182765.1_WH8103.1_genomic_prodigal_proteins	2676	GCA_003211515.1_ASM321151v1_genomic_prodigal_proteins	2451	1295	74.70	13.82	52.84
GCA_001182765.1_WH8103.1_genomic_prodigal_proteins	2676	GCA_002693285.1_ASM269328v1_genomic_prodigal_proteins	2440	1583	71.12	13.79	64.88
GCA_001182765.1_WH8103.1_genomic_prodigal_proteins	2676	GCA_003210555.1_ASM321055v1_genomic_prodigal_proteins	1847	1043	69.78	13.48	56.47
GCA_001182765.1_WH8103.1_genomic_prodigal_proteins	2676	GCA_000155595.1_ASM15559v1_genomic_prodigal_proteins	5270	1127	53.23	12.72	42.12
GCA_001182765.1_WH8103.1_genomic_prodigal_proteins	2676	GCA_001007665.1_ASM100766v1_genomic_prodigal_proteins	2356	1200	61.09	12.56	50.93
GCA_001182765.1_WH8103.1_genomic_prodigal_proteins	2676	GCA_009919765.1_ASM991976v1_genomic_prodigal_proteins	2524	1128	66.28	14.17	44.69
GCA_001182765.1_WH8103.1_genomic_prodigal_proteins	2676	GCA_003331225.1_ASM333122v1_genomic_prodigal_proteins	2113	1450	66.20	13.95	68.62
GCA_001182765.1_WH8103.1_genomic_prodigal_proteins	2676	GCA_900177825.1_IMG-taxon_2708742468_annotated_assembly_genomic_prodigal_proteins	3317	1083	53.40	12.98	40.47
GCA_001182765.1_WH8103.1_genomic_prodigal_proteins	2676	GCA_000195975.1_ASM19597v1_genomic_prodigal_proteins	2719	2458	98.93	3.79	91.85
GCA_001182765.1_WH8103.1_genomic_prodigal_proteins	2676	GCA_902618885.1_AG-920-D15_genomic_prodigal_proteins	1178	966	96.90	5.47	82.00
GCA_001182765.1_WH8103.1_genomic_prodigal_proteins	2676	GCA_003209165.1_ASM320916v1_genomic_prodigal_proteins	2711	1687	78.02	12.98	63.04
GCA_001182765.1_WH8103.1_genomic_prodigal_proteins	2676	GCA_001007625.1_ASM100762v1_genomic_prodigal_proteins	2478	1053	61.54	12.64	42.49
GCA_001182765.1_WH8103.1_genomic_prodigal_proteins	2676	GCA_008386235.1_ASM838623v1_genomic_prodigal_proteins	2571	1045	53.52	12.60	40.65
GCA_001182765.1_WH8103.1_genomic_prodigal_proteins	2676	GCA_001631935.1_ASM163193v1_genomic_prodigal_proteins	3526	1820	71.00	13.79	68.01
GCA_001182765.1_WH8103.1_genomic_prodigal_proteins	2676	GCA_002151525.1_ASM215152v1_genomic_prodigal_proteins	1628	1110	64.33	13.97	68.18
GCA_001182765.1_WH8103.1_genomic_prodigal_proteins	2676	GCA_000153065.1_ASM15306v1_genomic_prodigal_proteins	2704	1766	72.56	13.23	65.99
GCA_001182765.1_WH8103.1_genomic_prodigal_proteins	2676	GCA_009837265.1_ASM983726v1_genomic_prodigal_proteins	2126	1119	61.33	12.76	52.63
GCA_001182765.1_WH8103.1_genomic_prodigal_proteins	2676	GCA_902533725.1_AG-898-C20_genomic_prodigal_proteins	421	208	76.00	15.30	49.41
GCA_001182765.1_WH8103.1_genomic_prodigal_proteins	2676	GCA_002171075.2_ASM217107v2_genomic_prodigal_proteins	1919	1252	64.48	13.66	65.24
GCA_001182765.1_WH8103.1_genomic_prodigal_proteins	2676	GCA_002760395.1_ASM276039v1_genomic_prodigal_proteins	2661	907	52.90	11.97	34.08
GCA_001182765.1_WH8103.1_genomic_prodigal_proteins	2676	GCA_003209005.1_ASM320900v1_genomic_prodigal_proteins	2548	1508	70.73	13.74	59.18
GCA_001182765.1_WH8103.1_genomic_prodigal_proteins	2676	GCA_002017915.1_ASM201791v1_genomic_prodigal_proteins	623	323	64.02	13.43	51.85
GCA_001182765.1_WH8103.1_genomic_prodigal_proteins	2676	GCA_900047545.1_m9_genomic_prodigal_proteins	1575	925	61.19	12.78	58.73
GCA_001182765.1_WH8103.1_genomic_prodigal_proteins	2676	GCA_001632105.1_ASM163210v1_genomic_prodigal_proteins	3521	1833	70.86	13.88	68.50
GCA_001182765.1_WH8103.1_genomic_prodigal_proteins	2676	GCA_004212765.1_ASM421276v1_genomic_prodigal_proteins	1162	990	90.30	8.24	85.20
GCA_001182765.1_WH8103.1_genomic_prodigal_proteins	2676	GCA_002685515.1_ASM268551v1_genomic_prodigal_proteins	1286	920	70.14	13.36	71.54
GCA_001182765.1_WH8103.1_genomic_prodigal_proteins	2676	GCA_007828135.1_ASM782813v1_genomic_prodigal_proteins	2917	1600	66.36	13.42	59.79
GCA_001182765.1_WH8103.1_genomic_prodigal_proteins	2676	GCA_011047875.1_ASM1104787v1_genomic_prodigal_proteins	2810	922	52.98	12.04	34.45
GCA_001182765.1_WH8103.1_genomic_prodigal_proteins	2676	GCA_009840445.1_ASM984044v1_genomic_prodigal_proteins	2167	1216	61.39	12.71	56.11
GCA_001182765.1_WH8103.1_genomic_prodigal_proteins	2676	GCA_003210995.1_ASM321099v1_genomic_prodigal_proteins	2385	1340	70.81	14.13	56.18
GCA_001182765.1_WH8103.1_genomic_prodigal_proteins	2676	GCA_902616995.1_AG-919-L20_genomic_prodigal_proteins	654	485	94.98	8.26	74.16
GCA_001182765.1_WH8103.1_genomic_prodigal_proteins	2676	GCA_009845825.1_ASM984582v1_genomic_prodigal_proteins	2168	1027	61.65	12.49	47.37
GCA_001182765.1_WH8103.1_genomic_prodigal_proteins	2676	GCA_000515235.1_ASM51523v1_genomic_prodigal_proteins	2873	1996	76.04	13.29	74.59
GCA_001182765.1_WH8103.1_genomic_prodigal_proteins	2676	GCA_003523965.1_ASM352396v1_genomic_prodigal_proteins	1735	786	62.39	12.99	45.30
GCA_001182765.1_WH8103.1_genomic_prodigal_proteins	2676	GCA_002684175.1_ASM268417v1_genomic_prodigal_proteins	1819	1147	74.64	12.59	63.06
GCA_001182765.1_WH8103.1_genomic_prodigal_proteins	2676	GCA_011523295.1_ASM1152329v1_genomic_prodigal_proteins	2851	1491	74.73	13.30	55.72
GCA_001182765.1_WH8103.1_genomic_prodigal_proteins	2676	GCA_003211015.1_ASM321101v1_genomic_prodigal_proteins	2128	1314	71.07	13.67	61.75
GCA_001182765.1_WH8103.1_genomic_prodigal_proteins	2676	GCA_002006815.1_ASM200681v1_genomic_prodigal_proteins	1973	1388	64.31	13.98	70.35
GCA_000317085.1_ASM31708v1_genomic_prodigal_proteins	3673	GCA_013133755.1_ASM1313375v1_genomic_prodigal_proteins	2700	946	51.80	12.32	35.04
GCA_000317085.1_ASM31708v1_genomic_prodigal_proteins	3673	GCA_003210475.1_ASM321047v1_genomic_prodigal_proteins	1514	488	51.15	11.73	32.23
GCA_000317085.1_ASM31708v1_genomic_prodigal_proteins	3673	GCA_003208815.1_ASM320881v1_genomic_prodigal_proteins	1352	378	51.31	12.03	27.96
GCA_000317085.1_ASM31708v1_genomic_prodigal_proteins	3673	GCA_000012505.1_ASM1250v1_genomic_prodigal_proteins	2461	969	51.81	12.29	39.37
GCA_000317085.1_ASM31708v1_genomic_prodigal_proteins	3673	GCA_000153825.1_ASM15382v1_genomic_prodigal_proteins	2811	977	52.13	12.49	34.76
GCA_000317085.1_ASM31708v1_genomic_prodigal_proteins	3673	GCA_002760475.1_ASM276047v1_genomic_prodigal_proteins	2647	1227	56.46	12.42	46.35
GCA_000317085.1_ASM31708v1_genomic_prodigal_proteins	3673	GCA_003210565.1_ASM321056v1_genomic_prodigal_proteins	836	249	52.03	12.92	29.78
GCA_000317085.1_ASM31708v1_genomic_prodigal_proteins	3673	GCA_902618505.1_AG-892-K03_genomic_prodigal_proteins	959	224	53.41	13.41	23.36
GCA_000317085.1_ASM31708v1_genomic_prodigal_proteins	3673	GCA_005577135.1_ASM557713v1_genomic_prodigal_proteins	3356	1426	58.08	12.39	42.49
GCA_000317085.1_ASM31708v1_genomic_prodigal_proteins	3673	GCA_003846445.1_ASM384644v1_genomic_prodigal_proteins	2740	1309	57.25	12.62	47.77
GCA_000317085.1_ASM31708v1_genomic_prodigal_proteins	3673	GCA_000505665.1_ASM50566v1_genomic_prodigal_proteins	2466	1339	58.28	12.73	54.30
GCA_000317085.1_ASM31708v1_genomic_prodigal_proteins	3673	GCA_902616255.1_AG-919-I18_genomic_prodigal_proteins	1046	319	52.18	12.27	30.50
GCA_000317085.1_ASM31708v1_genomic_prodigal_proteins	3673	GCA_001182765.1_WH8103.1_genomic_prodigal_proteins	2676	974	52.07	12.33	36.40
GCA_000317085.1_ASM31708v1_genomic_prodigal_proteins	3673	GCA_002760375.1_ASM276037v1_genomic_prodigal_proteins	2702	1234	56.42	12.47	45.67
GCA_000317085.1_ASM31708v1_genomic_prodigal_proteins	3673	GCA_902592305.1_AG-914-O22_genomic_prodigal_proteins	179	55	53.98	13.19	30.73
GCA_000317085.1_ASM31708v1_genomic_prodigal_proteins	3673	GCA_001632165.1_ASM163216v1_genomic_prodigal_proteins	2830	959	51.85	12.33	33.89
GCA_000317085.1_ASM31708v1_genomic_prodigal_proteins	3673	GCA_004332405.1_ASM433240v1_genomic_prodigal_proteins	2437	985	52.01	12.46	40.42
GCA_000317085.1_ASM31708v1_genomic_prodigal_proteins	3673	GCA_900473975.1_N26_genomic_prodigal_proteins	2454	955	52.19	12.31	38.92
GCA_000317085.1_ASM31708v1_genomic_prodigal_proteins	3673	GCA_902612475.1_AG-918-G20_genomic_prodigal_proteins	502	112	51.05	12.20	22.31
GCA_000317085.1_ASM31708v1_genomic_prodigal_proteins	3673	GCA_000775285.1_ASM77528v1_genomic_prodigal_proteins	4812	1493	59.43	12.87	40.65
GCA_000317085.1_ASM31708v1_genomic_prodigal_proteins	3673	GCA_002698505.1_ASM269850v1_genomic_prodigal_proteins	2471	880	51.82	12.36	35.61
GCA_000317085.1_ASM31708v1_genomic_prodigal_proteins	3673	GCA_002252665.1_ASM225266v1_genomic_prodigal_proteins	2771	1030	52.24	12.41	37.17
GCA_000317085.1_ASM31708v1_genomic_prodigal_proteins	3673	GCA_003555505.1_ASM355550v1_genomic_prodigal_proteins	3351	1016	58.69	13.04	30.32
GCA_000317085.1_ASM31708v1_genomic_prodigal_proteins	3673	GCA_900474015.1_UW106_genomic_prodigal_proteins	2762	956	52.15	12.36	34.61
GCA_000317085.1_ASM31708v1_genomic_prodigal_proteins	3673	GCA_000715475.1_ASM71547v1_genomic_prodigal_proteins	3299	1411	58.00	12.45	42.77
GCA_000317085.1_ASM31708v1_genomic_prodigal_proteins	3673	GCA_001628295.1_ASM162829v1_genomic_prodigal_proteins	2145	885	52.16	11.97	41.26
GCA_000317085.1_ASM31708v1_genomic_prodigal_proteins	3673	GCA_003208775.1_ASM320877v1_genomic_prodigal_proteins	1808	560	51.94	12.79	30.97
GCA_000317085.1_ASM31708v1_genomic_prodigal_proteins	3673	GCA_003210975.1_ASM321097v1_genomic_prodigal_proteins	627	234	51.43	12.45	37.32
GCA_000317085.1_ASM31708v1_genomic_prodigal_proteins	3673	GCA_003208915.1_ASM320891v1_genomic_prodigal_proteins	1208	335	51.09	11.86	27.73
GCA_000317085.1_ASM31708v1_genomic_prodigal_proteins	3673	GCA_009837735.1_ASM983773v1_genomic_prodigal_proteins	2041	698	51.84	11.95	34.20
GCA_000317085.1_ASM31708v1_genomic_prodigal_proteins	3673	GCA_902548805.1_AG-901-N20_genomic_prodigal_proteins	158	36	51.96	14.58	22.78
GCA_000317085.1_ASM31708v1_genomic_prodigal_proteins	3673	GCA_003211235.1_ASM321123v1_genomic_prodigal_proteins	1698	527	51.55	12.12	31.04
GCA_000317085.1_ASM31708v1_genomic_prodigal_proteins	3673	GCA_004209775.1_ASM420977v1_genomic_prodigal_proteins	2798	1014	51.94	12.38	36.24
GCA_000317085.1_ASM31708v1_genomic_prodigal_proteins	3673	GCA_003283215.1_ASM328321v1_genomic_prodigal_proteins	239	29	53.36	11.48	12.13
GCA_000317085.1_ASM31708v1_genomic_prodigal_proteins	3673	GCA_003209555.1_ASM320955v1_genomic_prodigal_proteins	908	232	51.65	13.32	25.55
GCA_000317085.1_ASM31708v1_genomic_prodigal_proteins	3673	GCA_000153805.1_ASM15380v1_genomic_prodigal_proteins	2517	957	51.94	12.28	38.02
GCA_000317085.1_ASM31708v1_genomic_prodigal_proteins	3673	GCA_003283205.1_ASM328320v1_genomic_prodigal_proteins	274	34	52.64	12.73	12.41
GCA_000317085.1_ASM31708v1_genomic_prodigal_proteins	3673	GCA_900473925.1_N5_genomic_prodigal_proteins	2417	951	52.14	12.33	39.35
GCA_000317085.1_ASM31708v1_genomic_prodigal_proteins	3673	GCA_902592665.1_AG-447-E14_genomic_prodigal_proteins	1111	259	50.77	12.20	23.31
GCA_000317085.1_ASM31708v1_genomic_prodigal_proteins	3673	GCA_011523155.1_ASM1152315v1_genomic_prodigal_proteins	2101	650	50.21	11.08	30.94
GCA_000317085.1_ASM31708v1_genomic_prodigal_proteins	3673	GCA_003211275.1_ASM321127v1_genomic_prodigal_proteins	2168	623	51.67	12.22	28.74
GCA_000317085.1_ASM31708v1_genomic_prodigal_proteins	3673	GCA_003957805.1_ASM395780v1_genomic_prodigal_proteins	2887	1373	57.04	12.55	47.56
GCA_000317085.1_ASM31708v1_genomic_prodigal_proteins	3673	GCA_012270465.1_ASM1227046v1_genomic_prodigal_proteins	2311	801	50.96	11.83	34.66
GCA_000317085.1_ASM31708v1_genomic_prodigal_proteins	3673	GCA_001693255.1_ASM169325v1_genomic_prodigal_proteins	3177	1437	57.79	12.48	45.23
GCA_000317085.1_ASM31708v1_genomic_prodigal_proteins	3673	GCA_003210385.1_ASM321038v1_genomic_prodigal_proteins	286	121	51.49	13.42	42.31
GCA_000317085.1_ASM31708v1_genomic_prodigal_proteins	3673	GCA_002170705.1_ASM217070v1_genomic_prodigal_proteins	1392	528	51.68	11.52	37.93
GCA_000317085.1_ASM31708v1_genomic_prodigal_proteins	3673	GCA_002356215.1_ASM235621v1_genomic_prodigal_proteins	2953	1430	57.88	12.45	48.43
GCA_000317085.1_ASM31708v1_genomic_prodigal_proteins	3673	GCA_003210935.1_ASM321093v1_genomic_prodigal_proteins	1868	650	52.14	12.26	34.80
GCA_000317085.1_ASM31708v1_genomic_prodigal_proteins	3673	GCA_003210535.1_ASM321053v1_genomic_prodigal_proteins	1257	371	50.71	12.19	29.51
GCA_000317085.1_ASM31708v1_genomic_prodigal_proteins	3673	GCA_002724845.1_ASM272484v1_genomic_prodigal_proteins	1589	697	52.04	11.83	43.86
GCA_000317085.1_ASM31708v1_genomic_prodigal_proteins	3673	GCA_000153285.1_ASM15328v1_genomic_prodigal_proteins	2746	984	51.90	12.45	35.83
GCA_000317085.1_ASM31708v1_genomic_prodigal_proteins	3673	GCA_003211035.1_ASM321103v1_genomic_prodigal_proteins	530	169	51.06	11.68	31.89
GCA_000317085.1_ASM31708v1_genomic_prodigal_proteins	3673	GCA_001521855.1_ASM152185v1_genomic_prodigal_proteins	3144	1433	57.92	12.46	45.58
GCA_000317085.1_ASM31708v1_genomic_prodigal_proteins	3673	GCA_009835965.1_ASM983596v1_genomic_prodigal_proteins	2105	860	51.90	11.79	40.86
GCA_000317085.1_ASM31708v1_genomic_prodigal_proteins	3673	GCA_012269695.1_ASM1226969v1_genomic_prodigal_proteins	2043	690	51.52	12.01	33.77
GCA_000317085.1_ASM31708v1_genomic_prodigal_proteins	3673	GCA_000737535.1_ASM73753v1_genomic_prodigal_proteins	3013	978	51.77	12.38	32.46
GCA_000317085.1_ASM31708v1_genomic_prodigal_proteins	3673	GCA_000586015.1_SynSpo.0_genomic_prodigal_proteins	1907	692	52.46	12.38	36.29
GCA_000317085.1_ASM31708v1_genomic_prodigal_proteins	3673	GCA_002760345.1_ASM276034v1_genomic_prodigal_proteins	2731	1239	56.49	12.35	45.37
GCA_000317085.1_ASM31708v1_genomic_prodigal_proteins	3673	GCA_000013225.1_ASM1322v1_genomic_prodigal_proteins	2844	1280	56.42	12.46	45.01
GCA_000317085.1_ASM31708v1_genomic_prodigal_proteins	3673	GCA_000332275.1_ASM33227v1_genomic_prodigal_proteins	4564	1369	56.34	12.28	37.27
GCA_000317085.1_ASM31708v1_genomic_prodigal_proteins	3673	GCA_002252675.1_ASM225267v1_genomic_prodigal_proteins	3295	1082	52.50	12.32	32.84
GCA_000317085.1_ASM31708v1_genomic_prodigal_proteins	3673	GCA_000737575.1_ASM73757v1_genomic_prodigal_proteins	2662	971	52.08	12.29	36.48
GCA_000317085.1_ASM31708v1_genomic_prodigal_proteins	3673	GCA_902596755.1_AG-916-D19_genomic_prodigal_proteins	1152	351	51.98	12.55	30.47
GCA_000317085.1_ASM31708v1_genomic_prodigal_proteins	3673	GCA_003211455.1_ASM321145v1_genomic_prodigal_proteins	1186	337	51.23	12.22	28.41
GCA_000317085.1_ASM31708v1_genomic_prodigal_proteins	3673	GCA_003208755.1_ASM320875v1_genomic_prodigal_proteins	690	208	51.51	12.64	30.14
GCA_000317085.1_ASM31708v1_genomic_prodigal_proteins	3673	GCA_007571215.1_ASM757121v1_genomic_prodigal_proteins	1879	847	51.90	11.65	45.08
GCA_000317085.1_ASM31708v1_genomic_prodigal_proteins	3673	GCA_001007635.1_ASM100763v1_genomic_prodigal_proteins	2333	810	51.67	11.85	34.72
GCA_000317085.1_ASM31708v1_genomic_prodigal_proteins	3673	GCA_000179255.1_ASM17925v1_genomic_prodigal_proteins	2729	999	52.10	12.45	36.61
GCA_000317085.1_ASM31708v1_genomic_prodigal_proteins	3673	GCA_003208975.1_ASM320897v1_genomic_prodigal_proteins	1804	509	51.16	11.94	28.22
GCA_000317085.1_ASM31708v1_genomic_prodigal_proteins	3673	GCA_012103655.1_ASM1210365v1_genomic_prodigal_proteins	2723	978	51.81	12.29	35.92
GCA_000317085.1_ASM31708v1_genomic_prodigal_proteins	3673	GCA_902582045.1_AG-912-B07_genomic_prodigal_proteins	196	27	51.35	13.03	13.78
GCA_000317085.1_ASM31708v1_genomic_prodigal_proteins	3673	GCA_000153045.1_ASM15304v1_genomic_prodigal_proteins	3242	1085	52.19	12.37	33.47
GCA_000317085.1_ASM31708v1_genomic_prodigal_proteins	3673	GCA_902549675.1_AG-903-B09_genomic_prodigal_proteins	836	237	53.64	13.02	28.35
GCA_000317085.1_ASM31708v1_genomic_prodigal_proteins	3673	GCA_002018045.1_ASM201804v1_genomic_prodigal_proteins	1559	700	52.18	11.90	44.90
GCA_000317085.1_ASM31708v1_genomic_prodigal_proteins	3673	GCA_004213055.1_ASM421305v1_genomic_prodigal_proteins	2241	864	52.02	12.24	38.55
GCA_000317085.1_ASM31708v1_genomic_prodigal_proteins	3673	GCA_007571085.1_ASM757108v1_genomic_prodigal_proteins	1784	826	51.96	11.76	46.30
GCA_000317085.1_ASM31708v1_genomic_prodigal_proteins	3673	GCA_009839805.1_ASM983980v1_genomic_prodigal_proteins	1848	562	50.29	11.41	30.41
GCA_000317085.1_ASM31708v1_genomic_prodigal_proteins	3673	GCA_003210375.1_ASM321037v1_genomic_prodigal_proteins	2155	721	51.41	12.24	33.46
GCA_000317085.1_ASM31708v1_genomic_prodigal_proteins	3673	GCA_004332415.1_ASM433241v1_genomic_prodigal_proteins	2408	994	51.92	12.41	41.28
GCA_000317085.1_ASM31708v1_genomic_prodigal_proteins	3673	GCA_009836025.1_ASM983602v1_genomic_prodigal_proteins	2290	875	51.85	11.86	38.21
GCA_000317085.1_ASM31708v1_genomic_prodigal_proteins	3673	GCA_009843455.1_ASM984345v1_genomic_prodigal_proteins	2423	848	51.74	11.71	35.00
GCA_000317085.1_ASM31708v1_genomic_prodigal_proteins	3673	GCA_009843485.1_ASM984348v1_genomic_prodigal_proteins	2158	864	51.89	11.85	40.04
GCA_000317085.1_ASM31708v1_genomic_prodigal_proteins	3673	GCA_003283135.1_ASM328313v1_genomic_prodigal_proteins	459	88	51.19	12.88	19.17
GCA_000317085.1_ASM31708v1_genomic_prodigal_proteins	3673	GCA_902635485.1_AG-447-G23_genomic_prodigal_proteins	327	58	52.98	14.50	17.74
GCA_000317085.1_ASM31708v1_genomic_prodigal_proteins	3673	GCA_002760415.1_ASM276041v1_genomic_prodigal_proteins	2670	1236	56.41	12.46	46.29
GCA_000317085.1_ASM31708v1_genomic_prodigal_proteins	3673	GCA_002754935.1_ASM275493v1_genomic_prodigal_proteins	2664	1293	58.32	12.69	48.54
GCA_000317085.1_ASM31708v1_genomic_prodigal_proteins	3673	GCA_002171685.2_ASM217168v2_genomic_prodigal_proteins	811	392	52.14	11.76	48.34
GCA_000317085.1_ASM31708v1_genomic_prodigal_proteins	3673	GCA_000737595.1_ASM73759v1_genomic_prodigal_proteins	2774	988	51.93	12.29	35.62
GCA_000317085.1_ASM31708v1_genomic_prodigal_proteins	3673	GCA_003331785.1_ASM333178v1_genomic_prodigal_proteins	2125	900	51.92	12.09	42.35
GCA_000317085.1_ASM31708v1_genomic_prodigal_proteins	3673	GCA_009842265.1_ASM984226v1_genomic_prodigal_proteins	2398	855	51.88	11.85	35.65
GCA_000317085.1_ASM31708v1_genomic_prodigal_proteins	3673	GCA_902579345.1_AG-911-L15_genomic_prodigal_proteins	248	46	52.72	15.61	18.55
GCA_000317085.1_ASM31708v1_genomic_prodigal_proteins	3673	GCA_000011345.1_ASM1134v1_genomic_prodigal_proteins	2520	1346	58.25	12.88	53.41
GCA_000317085.1_ASM31708v1_genomic_prodigal_proteins	3673	GCA_003210705.1_ASM321070v1_genomic_prodigal_proteins	2244	688	51.20	12.26	30.66
GCA_000317085.1_ASM31708v1_genomic_prodigal_proteins	3673	GCA_000019485.1_ASM1948v1_genomic_prodigal_proteins	3233	1441	57.95	12.34	44.57
GCA_000317085.1_ASM31708v1_genomic_prodigal_proteins	3673	GCA_003283055.1_ASM328305v1_genomic_prodigal_proteins	482	36	49.29	13.53	7.47
GCA_000317085.1_ASM31708v1_genomic_prodigal_proteins	3673	GCA_000010065.1_ASM1006v1_genomic_prodigal_proteins	2691	1341	57.22	12.41	49.83
GCA_000317085.1_ASM31708v1_genomic_prodigal_proteins	3673	GCA_000316685.1_ASM31668v1_genomic_prodigal_proteins	3706	1572	58.12	12.82	42.80
GCA_000317085.1_ASM31708v1_genomic_prodigal_proteins	3673	GCA_000063525.1_ASM6352v1_genomic_prodigal_proteins	2540	1019	52.12	12.39	40.12
GCA_000317085.1_ASM31708v1_genomic_prodigal_proteins	3673	GCA_003283165.1_ASM328316v1_genomic_prodigal_proteins	217	49	52.90	11.20	22.58
GCA_000317085.1_ASM31708v1_genomic_prodigal_proteins	3673	GCA_902540675.1_AG-359-E22_genomic_prodigal_proteins	584	151	52.05	13.02	25.86
GCA_000317085.1_ASM31708v1_genomic_prodigal_proteins	3673	GCA_011055065.1_ASM1105506v1_genomic_prodigal_proteins	2792	1231	56.38	12.57	44.09
GCA_000317085.1_ASM31708v1_genomic_prodigal_proteins	3673	GCA_000013205.1_ASM1320v1_genomic_prodigal_proteins	2750	1244	56.50	12.36	45.24
GCA_000317085.1_ASM31708v1_genomic_prodigal_proteins	3673	GCA_003539795.1_ASM353979v1_genomic_prodigal_proteins	2284	707	50.77	11.34	30.95
GCA_000317085.1_ASM31708v1_genomic_prodigal_proteins	3673	GCA_002171995.1_ASM217199v1_genomic_prodigal_proteins	1978	570	51.41	12.29	28.82
GCA_000317085.1_ASM31708v1_genomic_prodigal_proteins	3673	GCA_011523835.1_ASM1152383v1_genomic_prodigal_proteins	2468	836	51.47	11.93	33.87
GCA_000317085.1_ASM31708v1_genomic_prodigal_proteins	3673	GCA_002172175.1_ASM217217v1_genomic_prodigal_proteins	1846	643	50.98	11.77	34.83
GCA_000317085.1_ASM31708v1_genomic_prodigal_proteins	3673	GCA_003208835.1_ASM320883v1_genomic_prodigal_proteins	2208	727	51.61	12.13	32.93
GCA_000317085.1_ASM31708v1_genomic_prodigal_proteins	3673	GCA_902589915.1_AG-914-F20_genomic_prodigal_proteins	373	79	52.61	13.64	21.18
GCA_000317085.1_ASM31708v1_genomic_prodigal_proteins	3673	GCA_000485815.1_ASM48581v1_genomic_prodigal_proteins	3083	1405	57.88	12.47	45.57
GCA_000317085.1_ASM31708v1_genomic_prodigal_proteins	3673	GCA_008807075.1_ASM880707v1_genomic_prodigal_proteins	2925	972	51.75	12.41	33.23
GCA_000317085.1_ASM31708v1_genomic_prodigal_proteins	3673	GCA_000179235.2_ASM17923v2_genomic_prodigal_proteins	3071	1055	52.40	12.33	34.35
GCA_000317085.1_ASM31708v1_genomic_prodigal_proteins	3673	GCA_003210795.1_ASM321079v1_genomic_prodigal_proteins	2239	694	51.30	11.91	31.00
GCA_000317085.1_ASM31708v1_genomic_prodigal_proteins	3673	GCA_002706715.1_ASM270671v1_genomic_prodigal_proteins	1148	529	51.83	12.33	46.08
GCA_000317085.1_ASM31708v1_genomic_prodigal_proteins	3673	GCA_003331245.1_ASM333124v1_genomic_prodigal_proteins	2021	802	51.76	11.73	39.68
GCA_000317085.1_ASM31708v1_genomic_prodigal_proteins	3673	GCA_009843385.1_ASM984338v1_genomic_prodigal_proteins	2085	724	52.07	11.93	34.72
GCA_000317085.1_ASM31708v1_genomic_prodigal_proteins	3673	GCA_003211205.1_ASM321120v1_genomic_prodigal_proteins	2288	744	51.59	12.21	32.52
GCA_000317085.1_ASM31708v1_genomic_prodigal_proteins	3673	GCA_000063505.1_ASM6350v1_genomic_prodigal_proteins	2558	985	51.93	12.37	38.51
GCA_000317085.1_ASM31708v1_genomic_prodigal_proteins	3673	GCA_900474245.1_UW179B_genomic_prodigal_proteins	2743	992	51.86	12.34	36.16
GCA_000317085.1_ASM31708v1_genomic_prodigal_proteins	3673	GCA_003210345.1_ASM321034v1_genomic_prodigal_proteins	1256	380	50.39	12.37	30.25
GCA_000317085.1_ASM31708v1_genomic_prodigal_proteins	3673	GCA_003210315.1_ASM321031v1_genomic_prodigal_proteins	1815	584	51.87	12.43	32.18
GCA_000317085.1_ASM31708v1_genomic_prodigal_proteins	3673	GCA_009836155.1_ASM983615v1_genomic_prodigal_proteins	1947	830	51.80	11.79	42.63
GCA_000317085.1_ASM31708v1_genomic_prodigal_proteins	3673	GCA_003990665.2_ASM399066v2_genomic_prodigal_proteins	2499	1350	58.29	12.85	54.02
GCA_000317085.1_ASM31708v1_genomic_prodigal_proteins	3673	GCA_003209135.1_ASM320913v1_genomic_prodigal_proteins	1719	511	50.83	11.59	29.73
GCA_000317085.1_ASM31708v1_genomic_prodigal_proteins	3673	GCA_009845105.1_ASM984510v1_genomic_prodigal_proteins	1941	687	51.30	12.04	35.39
GCA_000317085.1_ASM31708v1_genomic_prodigal_proteins	3673	GCA_002690325.1_ASM269032v1_genomic_prodigal_proteins	2554	882	50.99	12.05	34.53
GCA_000317085.1_ASM31708v1_genomic_prodigal_proteins	3673	GCA_000161795.2_ASM16179v2_genomic_prodigal_proteins	2407	940	52.34	12.27	39.05
GCA_000317085.1_ASM31708v1_genomic_prodigal_proteins	3673	GCA_004211895.1_ASM421189v1_genomic_prodigal_proteins	954	424	51.69	12.09	44.44
GCA_000317085.1_ASM31708v1_genomic_prodigal_proteins	3673	GCA_003210735.1_ASM321073v1_genomic_prodigal_proteins	2337	696	51.09	12.20	29.78
GCA_000317085.1_ASM31708v1_genomic_prodigal_proteins	3673	GCA_003209035.1_ASM320903v1_genomic_prodigal_proteins	1803	530	51.33	12.37	29.40
GCA_000317085.1_ASM31708v1_genomic_prodigal_proteins	3673	GCA_003712085.1_ASM371208v1_genomic_prodigal_proteins	2745	975	52.05	12.28	35.52
GCA_000317085.1_ASM31708v1_genomic_prodigal_proteins	3673	GCA_003212155.1_ASM321215v1_genomic_prodigal_proteins	262	45	55.33	13.15	17.18
GCA_000317085.1_ASM31708v1_genomic_prodigal_proteins	3673	GCA_001040845.1_ASM104084v1_genomic_prodigal_proteins	2917	985	51.78	12.31	33.77
GCA_000317085.1_ASM31708v1_genomic_prodigal_proteins	3673	GCA_002018015.1_ASM201801v1_genomic_prodigal_proteins	1578	674	52.28	12.05	42.71
GCA_000317085.1_ASM31708v1_genomic_prodigal_proteins	3673	GCA_003211255.1_ASM321125v1_genomic_prodigal_proteins	1850	540	50.49	11.68	29.19
GCA_000317085.1_ASM31708v1_genomic_prodigal_proteins	3673	GCA_002721235.1_ASM272123v1_genomic_prodigal_proteins	3119	1434	57.87	12.43	45.98
GCA_000317085.1_ASM31708v1_genomic_prodigal_proteins	3673	GCA_009839305.1_ASM983930v1_genomic_prodigal_proteins	1816	636	52.67	12.13	35.02
GCA_000317085.1_ASM31708v1_genomic_prodigal_proteins	3673	GCA_011365345.1_ASM1136534v1_genomic_prodigal_proteins	2655	965	52.19	12.31	36.35
GCA_000317085.1_ASM31708v1_genomic_prodigal_proteins	3673	GCA_001039265.1_ASM103926v1_genomic_prodigal_proteins	2832	744	53.53	12.59	26.27
GCA_000317085.1_ASM31708v1_genomic_prodigal_proteins	3673	GCA_001628325.1_ASM162832v1_genomic_prodigal_proteins	2129	875	51.91	11.98	41.10
GCA_000317085.1_ASM31708v1_genomic_prodigal_proteins	3673	GCA_003209215.1_ASM320921v1_genomic_prodigal_proteins	1679	503	51.79	12.50	29.96
GCA_000317085.1_ASM31708v1_genomic_prodigal_proteins	3673	GCA_002737305.1_ASM273730v1_genomic_prodigal_proteins	1951	821	53.05	12.10	42.08
GCA_000317085.1_ASM31708v1_genomic_prodigal_proteins	3673	GCA_003210515.1_ASM321051v1_genomic_prodigal_proteins	1673	557	51.42	12.33	33.29
GCA_000317085.1_ASM31708v1_genomic_prodigal_proteins	3673	GCA_011525445.1_ASM1152544v1_genomic_prodigal_proteins	3208	785	51.31	11.92	24.47
GCA_000317085.1_ASM31708v1_genomic_prodigal_proteins	3673	GCA_902599435.1_AG-916-N22_genomic_prodigal_proteins	793	245	53.90	11.74	30.90
GCA_000317085.1_ASM31708v1_genomic_prodigal_proteins	3673	GCA_003149585.1_ASM314958v1_genomic_prodigal_proteins	2600	1026	52.09	12.45	39.46
GCA_000317085.1_ASM31708v1_genomic_prodigal_proteins	3673	GCA_902560665.1_AG-905-O11_genomic_prodigal_proteins	401	87	52.93	14.24	21.70
GCA_000317085.1_ASM31708v1_genomic_prodigal_proteins	3673	GCA_003331795.1_ASM333179v1_genomic_prodigal_proteins	1948	820	52.12	12.39	42.09
GCA_000317085.1_ASM31708v1_genomic_prodigal_proteins	3673	GCA_002017955.1_ASM201795v1_genomic_prodigal_proteins	512	200	50.97	12.00	39.06
GCA_000317085.1_ASM31708v1_genomic_prodigal_proteins	3673	GCA_902584485.1_AG-912-O23_genomic_prodigal_proteins	535	129	51.10	12.54	24.11
GCA_000317085.1_ASM31708v1_genomic_prodigal_proteins	3673	GCA_902527915.1_AG-896-G19_genomic_prodigal_proteins	1003	307	51.90	12.56	30.61
GCA_000317085.1_ASM31708v1_genomic_prodigal_proteins	3673	GCA_902635365.1_AG-447-D19_genomic_prodigal_proteins	1690	461	52.15	12.44	27.28
GCA_000317085.1_ASM31708v1_genomic_prodigal_proteins	3673	GCA_900474085.1_UW86_genomic_prodigal_proteins	2403	957	52.16	12.32	39.83
GCA_000317085.1_ASM31708v1_genomic_prodigal_proteins	3673	GCA_001885215.1_ASM188521v1_genomic_prodigal_proteins	2897	1046	52.05	12.30	36.11
GCA_000317085.1_ASM31708v1_genomic_prodigal_proteins	3673	GCA_902575935.1_AG-426-B22_genomic_prodigal_proteins	254	87	56.64	14.01	34.25
GCA_000317085.1_ASM31708v1_genomic_prodigal_proteins	3673	GCA_900474295.1_UW140_genomic_prodigal_proteins	2925	966	52.06	12.40	33.03
GCA_000317085.1_ASM31708v1_genomic_prodigal_proteins	3673	GCA_003211565.1_ASM321156v1_genomic_prodigal_proteins	1489	425	51.89	12.43	28.54
GCA_000317085.1_ASM31708v1_genomic_prodigal_proteins	3673	GCA_003526105.1_ASM352610v1_genomic_prodigal_proteins	1581	526	52.57	11.78	33.27
GCA_000317085.1_ASM31708v1_genomic_prodigal_proteins	3673	GCA_002172935.1_ASM217293v1_genomic_prodigal_proteins	1996	766	51.39	11.94	38.38
GCA_000317085.1_ASM31708v1_genomic_prodigal_proteins	3673	GCA_003210335.1_ASM321033v1_genomic_prodigal_proteins	942	188	51.01	12.86	19.96
GCA_000317085.1_ASM31708v1_genomic_prodigal_proteins	3673	GCA_009846115.1_ASM984611v1_genomic_prodigal_proteins	2048	753	51.82	11.82	36.77
GCA_000317085.1_ASM31708v1_genomic_prodigal_proteins	3673	GCA_001693295.1_ASM169329v1_genomic_prodigal_proteins	3183	1438	57.85	12.45	45.18
GCA_000317085.1_ASM31708v1_genomic_prodigal_proteins	3673	GCA_900473965.1_UW179A_genomic_prodigal_proteins	3383	965	51.82	12.33	28.52
GCA_000317085.1_ASM31708v1_genomic_prodigal_proteins	3673	GCA_003213755.1_ASM321375v1_genomic_prodigal_proteins	1050	351	51.57	12.65	33.43
GCA_000317085.1_ASM31708v1_genomic_prodigal_proteins	3673	GCA_003209155.1_ASM320915v1_genomic_prodigal_proteins	2305	736	51.95	12.19	31.93
GCA_000317085.1_ASM31708v1_genomic_prodigal_proteins	3673	GCA_003211515.1_ASM321151v1_genomic_prodigal_proteins	2451	628	51.59	12.19	25.62
GCA_000317085.1_ASM31708v1_genomic_prodigal_proteins	3673	GCA_002693285.1_ASM269328v1_genomic_prodigal_proteins	2440	840	51.82	12.04	34.43
GCA_000317085.1_ASM31708v1_genomic_prodigal_proteins	3673	GCA_003210555.1_ASM321055v1_genomic_prodigal_proteins	1847	537	51.74	12.18	29.07
GCA_000317085.1_ASM31708v1_genomic_prodigal_proteins	3673	GCA_000155595.1_ASM15559v1_genomic_prodigal_proteins	5270	1483	56.70	12.48	40.38
GCA_000317085.1_ASM31708v1_genomic_prodigal_proteins	3673	GCA_001007665.1_ASM100766v1_genomic_prodigal_proteins	2356	877	51.82	11.63	37.22
GCA_000317085.1_ASM31708v1_genomic_prodigal_proteins	3673	GCA_009919765.1_ASM991976v1_genomic_prodigal_proteins	2524	696	52.03	12.20	27.58
GCA_000317085.1_ASM31708v1_genomic_prodigal_proteins	3673	GCA_003331225.1_ASM333122v1_genomic_prodigal_proteins	2113	879	52.20	12.23	41.60
GCA_000317085.1_ASM31708v1_genomic_prodigal_proteins	3673	GCA_900177825.1_IMG-taxon_2708742468_annotated_assembly_genomic_prodigal_proteins	3317	1420	58.07	12.30	42.81
GCA_000317085.1_ASM31708v1_genomic_prodigal_proteins	3673	GCA_000195975.1_ASM19597v1_genomic_prodigal_proteins	2719	969	52.16	12.29	35.64
GCA_000317085.1_ASM31708v1_genomic_prodigal_proteins	3673	GCA_902618885.1_AG-920-D15_genomic_prodigal_proteins	1178	364	52.30	12.70	30.90
GCA_000317085.1_ASM31708v1_genomic_prodigal_proteins	3673	GCA_003209165.1_ASM320916v1_genomic_prodigal_proteins	2711	826	51.83	12.39	30.47
GCA_000317085.1_ASM31708v1_genomic_prodigal_proteins	3673	GCA_001007625.1_ASM100762v1_genomic_prodigal_proteins	2478	764	52.35	11.78	30.83
GCA_000317085.1_ASM31708v1_genomic_prodigal_proteins	3673	GCA_008386235.1_ASM838623v1_genomic_prodigal_proteins	2571	1388	58.13	12.80	53.99
GCA_000317085.1_ASM31708v1_genomic_prodigal_proteins	3673	GCA_001631935.1_ASM163193v1_genomic_prodigal_proteins	3526	972	51.74	12.36	27.57
GCA_000317085.1_ASM31708v1_genomic_prodigal_proteins	3673	GCA_002151525.1_ASM215152v1_genomic_prodigal_proteins	1628	755	52.08	12.25	46.38
GCA_000317085.1_ASM31708v1_genomic_prodigal_proteins	3673	GCA_000153065.1_ASM15306v1_genomic_prodigal_proteins	2704	997	52.07	12.37	36.87
GCA_000317085.1_ASM31708v1_genomic_prodigal_proteins	3673	GCA_009837265.1_ASM983726v1_genomic_prodigal_proteins	2126	807	51.92	11.87	37.96
GCA_000317085.1_ASM31708v1_genomic_prodigal_proteins	3673	GCA_902533725.1_AG-898-C20_genomic_prodigal_proteins	421	77	53.04	13.96	18.29
GCA_000317085.1_ASM31708v1_genomic_prodigal_proteins	3673	GCA_002171075.2_ASM217107v2_genomic_prodigal_proteins	1919	710	51.03	11.65	37.00
GCA_000317085.1_ASM31708v1_genomic_prodigal_proteins	3673	GCA_002760395.1_ASM276039v1_genomic_prodigal_proteins	2661	1222	56.46	12.44	45.92
GCA_000317085.1_ASM31708v1_genomic_prodigal_proteins	3673	GCA_003209005.1_ASM320900v1_genomic_prodigal_proteins	2548	784	51.61	12.10	30.77
GCA_000317085.1_ASM31708v1_genomic_prodigal_proteins	3673	GCA_002017915.1_ASM201791v1_genomic_prodigal_proteins	623	262	53.29	12.46	42.05
GCA_000317085.1_ASM31708v1_genomic_prodigal_proteins	3673	GCA_900047545.1_m9_genomic_prodigal_proteins	1575	672	51.42	11.91	42.67
GCA_000317085.1_ASM31708v1_genomic_prodigal_proteins	3673	GCA_001632105.1_ASM163210v1_genomic_prodigal_proteins	3521	972	51.73	12.33	27.61
GCA_000317085.1_ASM31708v1_genomic_prodigal_proteins	3673	GCA_004212765.1_ASM421276v1_genomic_prodigal_proteins	1162	475	52.05	11.86	40.88
GCA_000317085.1_ASM31708v1_genomic_prodigal_proteins	3673	GCA_002685515.1_ASM268551v1_genomic_prodigal_proteins	1286	509	50.91	11.72	39.58
GCA_000317085.1_ASM31708v1_genomic_prodigal_proteins	3673	GCA_007828135.1_ASM782813v1_genomic_prodigal_proteins	2917	1045	52.10	12.33	35.82
GCA_000317085.1_ASM31708v1_genomic_prodigal_proteins	3673	GCA_011047875.1_ASM1104787v1_genomic_prodigal_proteins	2810	1259	56.42	12.56	44.80
GCA_000317085.1_ASM31708v1_genomic_prodigal_proteins	3673	GCA_009840445.1_ASM984044v1_genomic_prodigal_proteins	2167	879	51.91	11.79	40.56
GCA_000317085.1_ASM31708v1_genomic_prodigal_proteins	3673	GCA_003210995.1_ASM321099v1_genomic_prodigal_proteins	2385	692	52.06	12.46	29.01
GCA_000317085.1_ASM31708v1_genomic_prodigal_proteins	3673	GCA_902616995.1_AG-919-L20_genomic_prodigal_proteins	654	171	51.25	13.32	26.15
GCA_000317085.1_ASM31708v1_genomic_prodigal_proteins	3673	GCA_009845825.1_ASM984582v1_genomic_prodigal_proteins	2168	769	51.95	11.70	35.47
GCA_000317085.1_ASM31708v1_genomic_prodigal_proteins	3673	GCA_000515235.1_ASM51523v1_genomic_prodigal_proteins	2873	965	52.07	12.18	33.59
GCA_000317085.1_ASM31708v1_genomic_prodigal_proteins	3673	GCA_003523965.1_ASM352396v1_genomic_prodigal_proteins	1735	598	52.72	11.99	34.47
GCA_000317085.1_ASM31708v1_genomic_prodigal_proteins	3673	GCA_002684175.1_ASM268417v1_genomic_prodigal_proteins	1819	564	50.95	11.42	31.01
GCA_000317085.1_ASM31708v1_genomic_prodigal_proteins	3673	GCA_011523295.1_ASM1152329v1_genomic_prodigal_proteins	2851	741	50.19	11.50	25.99
GCA_000317085.1_ASM31708v1_genomic_prodigal_proteins	3673	GCA_003211015.1_ASM321101v1_genomic_prodigal_proteins	2128	699	51.32	12.04	32.85
GCA_000317085.1_ASM31708v1_genomic_prodigal_proteins	3673	GCA_002006815.1_ASM200681v1_genomic_prodigal_proteins	1973	940	51.93	12.32	47.64
GCA_002760375.1_ASM276037v1_genomic_prodigal_proteins	2702	GCA_902592305.1_AG-914-O22_genomic_prodigal_proteins	179	50	53.56	12.34	27.93
GCA_002760375.1_ASM276037v1_genomic_prodigal_proteins	2702	GCA_001632165.1_ASM163216v1_genomic_prodigal_proteins	2830	910	52.75	11.96	33.68
GCA_002760375.1_ASM276037v1_genomic_prodigal_proteins	2702	GCA_004332405.1_ASM433240v1_genomic_prodigal_proteins	2437	921	53.24	12.10	37.79
GCA_002760375.1_ASM276037v1_genomic_prodigal_proteins	2702	GCA_900473975.1_N26_genomic_prodigal_proteins	2454	910	53.13	11.86	37.08
GCA_002760375.1_ASM276037v1_genomic_prodigal_proteins	2702	GCA_902612475.1_AG-918-G20_genomic_prodigal_proteins	502	108	50.32	11.16	21.51
GCA_002760375.1_ASM276037v1_genomic_prodigal_proteins	2702	GCA_000775285.1_ASM77528v1_genomic_prodigal_proteins	4812	1144	58.82	12.37	42.34
GCA_002760375.1_ASM276037v1_genomic_prodigal_proteins	2702	GCA_002698505.1_ASM269850v1_genomic_prodigal_proteins	2471	840	52.69	11.85	33.99
GCA_002760375.1_ASM276037v1_genomic_prodigal_proteins	2702	GCA_002252665.1_ASM225266v1_genomic_prodigal_proteins	2771	961	53.82	11.85	35.57
GCA_002760375.1_ASM276037v1_genomic_prodigal_proteins	2702	GCA_003555505.1_ASM355550v1_genomic_prodigal_proteins	3351	941	58.85	13.26	34.83
GCA_002760375.1_ASM276037v1_genomic_prodigal_proteins	2702	GCA_900474015.1_UW106_genomic_prodigal_proteins	2762	909	53.10	11.92	33.64
GCA_002760375.1_ASM276037v1_genomic_prodigal_proteins	2702	GCA_000715475.1_ASM71547v1_genomic_prodigal_proteins	3299	1227	56.51	12.36	45.41
GCA_002760375.1_ASM276037v1_genomic_prodigal_proteins	2702	GCA_001628295.1_ASM162829v1_genomic_prodigal_proteins	2145	837	53.08	11.60	39.02
GCA_002760375.1_ASM276037v1_genomic_prodigal_proteins	2702	GCA_003208775.1_ASM320877v1_genomic_prodigal_proteins	1808	549	52.79	12.46	30.37
GCA_002760375.1_ASM276037v1_genomic_prodigal_proteins	2702	GCA_003210975.1_ASM321097v1_genomic_prodigal_proteins	627	230	53.30	12.22	36.68
GCA_002760375.1_ASM276037v1_genomic_prodigal_proteins	2702	GCA_003208915.1_ASM320891v1_genomic_prodigal_proteins	1208	325	52.39	11.63	26.90
GCA_002760375.1_ASM276037v1_genomic_prodigal_proteins	2702	GCA_009837735.1_ASM983773v1_genomic_prodigal_proteins	2041	677	53.27	11.75	33.17
GCA_002760375.1_ASM276037v1_genomic_prodigal_proteins	2702	GCA_902548805.1_AG-901-N20_genomic_prodigal_proteins	158	35	54.81	12.77	22.15
GCA_002760375.1_ASM276037v1_genomic_prodigal_proteins	2702	GCA_003211235.1_ASM321123v1_genomic_prodigal_proteins	1698	491	52.49	12.04	28.92
GCA_002760375.1_ASM276037v1_genomic_prodigal_proteins	2702	GCA_004209775.1_ASM420977v1_genomic_prodigal_proteins	2798	950	53.38	12.11	35.16
GCA_002760375.1_ASM276037v1_genomic_prodigal_proteins	2702	GCA_003283215.1_ASM328321v1_genomic_prodigal_proteins	239	29	54.55	12.13	12.13
GCA_002760375.1_ASM276037v1_genomic_prodigal_proteins	2702	GCA_003209555.1_ASM320955v1_genomic_prodigal_proteins	908	219	52.42	12.46	24.12
GCA_002760375.1_ASM276037v1_genomic_prodigal_proteins	2702	GCA_000153805.1_ASM15380v1_genomic_prodigal_proteins	2517	898	52.77	12.00	35.68
GCA_002760375.1_ASM276037v1_genomic_prodigal_proteins	2702	GCA_003283205.1_ASM328320v1_genomic_prodigal_proteins	274	35	56.67	13.95	12.77
GCA_002760375.1_ASM276037v1_genomic_prodigal_proteins	2702	GCA_900473925.1_N5_genomic_prodigal_proteins	2417	899	53.24	11.85	37.19
GCA_002760375.1_ASM276037v1_genomic_prodigal_proteins	2702	GCA_902592665.1_AG-447-E14_genomic_prodigal_proteins	1111	231	52.51	12.07	20.79
GCA_002760375.1_ASM276037v1_genomic_prodigal_proteins	2702	GCA_011523155.1_ASM1152315v1_genomic_prodigal_proteins	2101	612	51.26	11.00	29.13
GCA_002760375.1_ASM276037v1_genomic_prodigal_proteins	2702	GCA_003211275.1_ASM321127v1_genomic_prodigal_proteins	2168	587	52.17	11.74	27.08
GCA_002760375.1_ASM276037v1_genomic_prodigal_proteins	2702	GCA_003957805.1_ASM395780v1_genomic_prodigal_proteins	2887	1217	57.47	12.11	45.04
GCA_002760375.1_ASM276037v1_genomic_prodigal_proteins	2702	GCA_012270465.1_ASM1227046v1_genomic_prodigal_proteins	2311	743	52.20	11.43	32.15
GCA_002760375.1_ASM276037v1_genomic_prodigal_proteins	2702	GCA_001693255.1_ASM169325v1_genomic_prodigal_proteins	3177	1247	56.44	12.36	46.15
GCA_002760375.1_ASM276037v1_genomic_prodigal_proteins	2702	GCA_003210385.1_ASM321038v1_genomic_prodigal_proteins	286	104	53.23	13.33	36.36
GCA_002760375.1_ASM276037v1_genomic_prodigal_proteins	2702	GCA_002170705.1_ASM217070v1_genomic_prodigal_proteins	1392	502	52.68	11.26	36.06
GCA_002760375.1_ASM276037v1_genomic_prodigal_proteins	2702	GCA_002356215.1_ASM235621v1_genomic_prodigal_proteins	2953	1228	56.58	12.32	45.45
GCA_002760375.1_ASM276037v1_genomic_prodigal_proteins	2702	GCA_003210935.1_ASM321093v1_genomic_prodigal_proteins	1868	606	53.13	11.94	32.44
GCA_002760375.1_ASM276037v1_genomic_prodigal_proteins	2702	GCA_003210535.1_ASM321053v1_genomic_prodigal_proteins	1257	354	51.50	12.11	28.16
GCA_002760375.1_ASM276037v1_genomic_prodigal_proteins	2702	GCA_002724845.1_ASM272484v1_genomic_prodigal_proteins	1589	669	52.58	11.64	42.10
GCA_002760375.1_ASM276037v1_genomic_prodigal_proteins	2702	GCA_000153285.1_ASM15328v1_genomic_prodigal_proteins	2746	928	52.91	12.21	34.34
GCA_002760375.1_ASM276037v1_genomic_prodigal_proteins	2702	GCA_003211035.1_ASM321103v1_genomic_prodigal_proteins	530	160	51.82	11.35	30.19
GCA_002760375.1_ASM276037v1_genomic_prodigal_proteins	2702	GCA_001521855.1_ASM152185v1_genomic_prodigal_proteins	3144	1246	56.55	12.32	46.11
GCA_002760375.1_ASM276037v1_genomic_prodigal_proteins	2702	GCA_009835965.1_ASM983596v1_genomic_prodigal_proteins	2105	823	53.29	11.67	39.10
GCA_002760375.1_ASM276037v1_genomic_prodigal_proteins	2702	GCA_012269695.1_ASM1226969v1_genomic_prodigal_proteins	2043	638	52.51	11.49	31.23
GCA_002760375.1_ASM276037v1_genomic_prodigal_proteins	2702	GCA_000737535.1_ASM73753v1_genomic_prodigal_proteins	3013	917	53.04	11.98	33.94
GCA_002760375.1_ASM276037v1_genomic_prodigal_proteins	2702	GCA_000586015.1_SynSpo.0_genomic_prodigal_proteins	1907	666	53.54	11.95	34.92
GCA_002760375.1_ASM276037v1_genomic_prodigal_proteins	2702	GCA_002760345.1_ASM276034v1_genomic_prodigal_proteins	2731	2410	98.60	3.98	89.19
GCA_002760375.1_ASM276037v1_genomic_prodigal_proteins	2702	GCA_000013225.1_ASM1322v1_genomic_prodigal_proteins	2844	2258	87.69	8.27	83.57
GCA_002760375.1_ASM276037v1_genomic_prodigal_proteins	2702	GCA_000332275.1_ASM33227v1_genomic_prodigal_proteins	4564	1468	60.58	12.52	54.33
GCA_002760375.1_ASM276037v1_genomic_prodigal_proteins	2702	GCA_002252675.1_ASM225267v1_genomic_prodigal_proteins	3295	989	53.53	12.08	36.60
GCA_002760375.1_ASM276037v1_genomic_prodigal_proteins	2702	GCA_000737575.1_ASM73757v1_genomic_prodigal_proteins	2662	914	53.37	11.94	34.34
GCA_002760375.1_ASM276037v1_genomic_prodigal_proteins	2702	GCA_902596755.1_AG-916-D19_genomic_prodigal_proteins	1152	330	52.95	11.73	28.65
GCA_002760375.1_ASM276037v1_genomic_prodigal_proteins	2702	GCA_003211455.1_ASM321145v1_genomic_prodigal_proteins	1186	301	52.50	12.09	25.38
GCA_002760375.1_ASM276037v1_genomic_prodigal_proteins	2702	GCA_003208755.1_ASM320875v1_genomic_prodigal_proteins	690	187	53.51	12.07	27.10
GCA_002760375.1_ASM276037v1_genomic_prodigal_proteins	2702	GCA_007571215.1_ASM757121v1_genomic_prodigal_proteins	1879	811	53.08	11.67	43.16
GCA_002760375.1_ASM276037v1_genomic_prodigal_proteins	2702	GCA_001007635.1_ASM100763v1_genomic_prodigal_proteins	2333	773	53.03	11.64	33.13
GCA_002760375.1_ASM276037v1_genomic_prodigal_proteins	2702	GCA_000179255.1_ASM17925v1_genomic_prodigal_proteins	2729	945	53.47	11.80	34.97
GCA_002760375.1_ASM276037v1_genomic_prodigal_proteins	2702	GCA_003208975.1_ASM320897v1_genomic_prodigal_proteins	1804	475	52.32	11.71	26.33
GCA_002760375.1_ASM276037v1_genomic_prodigal_proteins	2702	GCA_012103655.1_ASM1210365v1_genomic_prodigal_proteins	2723	918	52.56	11.98	33.97
GCA_002760375.1_ASM276037v1_genomic_prodigal_proteins	2702	GCA_902582045.1_AG-912-B07_genomic_prodigal_proteins	196	25	51.35	12.83	12.76
GCA_002760375.1_ASM276037v1_genomic_prodigal_proteins	2702	GCA_000153045.1_ASM15304v1_genomic_prodigal_proteins	3242	992	53.55	11.98	36.71
GCA_002760375.1_ASM276037v1_genomic_prodigal_proteins	2702	GCA_902549675.1_AG-903-B09_genomic_prodigal_proteins	836	223	53.78	12.80	26.67
GCA_002760375.1_ASM276037v1_genomic_prodigal_proteins	2702	GCA_002018045.1_ASM201804v1_genomic_prodigal_proteins	1559	662	53.84	11.56	42.46
GCA_002760375.1_ASM276037v1_genomic_prodigal_proteins	2702	GCA_004213055.1_ASM421305v1_genomic_prodigal_proteins	2241	828	52.83	11.71	36.95
GCA_002760375.1_ASM276037v1_genomic_prodigal_proteins	2702	GCA_007571085.1_ASM757108v1_genomic_prodigal_proteins	1784	791	53.11	11.70	44.34
GCA_002760375.1_ASM276037v1_genomic_prodigal_proteins	2702	GCA_009839805.1_ASM983980v1_genomic_prodigal_proteins	1848	537	51.89	11.13	29.06
GCA_002760375.1_ASM276037v1_genomic_prodigal_proteins	2702	GCA_003210375.1_ASM321037v1_genomic_prodigal_proteins	2155	660	52.35	11.99	30.63
GCA_002760375.1_ASM276037v1_genomic_prodigal_proteins	2702	GCA_004332415.1_ASM433241v1_genomic_prodigal_proteins	2408	930	53.15	11.96	38.62
GCA_002760375.1_ASM276037v1_genomic_prodigal_proteins	2702	GCA_009836025.1_ASM983602v1_genomic_prodigal_proteins	2290	832	53.12	11.60	36.33
GCA_002760375.1_ASM276037v1_genomic_prodigal_proteins	2702	GCA_009843455.1_ASM984345v1_genomic_prodigal_proteins	2423	822	52.96	11.45	33.92
GCA_002760375.1_ASM276037v1_genomic_prodigal_proteins	2702	GCA_009843485.1_ASM984348v1_genomic_prodigal_proteins	2158	824	53.29	11.60	38.18
GCA_002760375.1_ASM276037v1_genomic_prodigal_proteins	2702	GCA_003283135.1_ASM328313v1_genomic_prodigal_proteins	459	76	52.64	12.91	16.56
GCA_002760375.1_ASM276037v1_genomic_prodigal_proteins	2702	GCA_902635485.1_AG-447-G23_genomic_prodigal_proteins	327	56	51.96	13.79	17.13
GCA_002760375.1_ASM276037v1_genomic_prodigal_proteins	2702	GCA_002760415.1_ASM276041v1_genomic_prodigal_proteins	2670	2484	99.36	2.29	93.03
GCA_002760375.1_ASM276037v1_genomic_prodigal_proteins	2702	GCA_002754935.1_ASM275493v1_genomic_prodigal_proteins	2664	1207	58.32	12.56	45.31
GCA_002760375.1_ASM276037v1_genomic_prodigal_proteins	2702	GCA_002171685.2_ASM217168v2_genomic_prodigal_proteins	811	371	53.37	11.52	45.75
GCA_002760375.1_ASM276037v1_genomic_prodigal_proteins	2702	GCA_000737595.1_ASM73759v1_genomic_prodigal_proteins	2774	920	53.18	11.93	34.05
GCA_002760375.1_ASM276037v1_genomic_prodigal_proteins	2702	GCA_003331785.1_ASM333178v1_genomic_prodigal_proteins	2125	844	52.83	11.74	39.72
GCA_002760375.1_ASM276037v1_genomic_prodigal_proteins	2702	GCA_009842265.1_ASM984226v1_genomic_prodigal_proteins	2398	819	53.24	11.55	34.15
GCA_002760375.1_ASM276037v1_genomic_prodigal_proteins	2702	GCA_902579345.1_AG-911-L15_genomic_prodigal_proteins	248	39	53.74	15.07	15.73
GCA_002760375.1_ASM276037v1_genomic_prodigal_proteins	2702	GCA_000011345.1_ASM1134v1_genomic_prodigal_proteins	2520	1263	58.45	12.74	50.12
GCA_002760375.1_ASM276037v1_genomic_prodigal_proteins	2702	GCA_003210705.1_ASM321070v1_genomic_prodigal_proteins	2244	634	52.69	11.85	28.25
GCA_002760375.1_ASM276037v1_genomic_prodigal_proteins	2702	GCA_000019485.1_ASM1948v1_genomic_prodigal_proteins	3233	1253	56.41	12.39	46.37
GCA_002760375.1_ASM276037v1_genomic_prodigal_proteins	2702	GCA_003283055.1_ASM328305v1_genomic_prodigal_proteins	482	32	50.05	13.56	6.64
GCA_002760375.1_ASM276037v1_genomic_prodigal_proteins	2702	GCA_000010065.1_ASM1006v1_genomic_prodigal_proteins	2691	1197	57.53	12.06	44.48
GCA_002760375.1_ASM276037v1_genomic_prodigal_proteins	2702	GCA_000316685.1_ASM31668v1_genomic_prodigal_proteins	3706	1268	57.55	12.33	46.93
GCA_002760375.1_ASM276037v1_genomic_prodigal_proteins	2702	GCA_000063525.1_ASM6352v1_genomic_prodigal_proteins	2540	939	53.63	11.97	36.97
GCA_002760375.1_ASM276037v1_genomic_prodigal_proteins	2702	GCA_003283165.1_ASM328316v1_genomic_prodigal_proteins	217	34	51.87	11.59	15.67
GCA_002760375.1_ASM276037v1_genomic_prodigal_proteins	2702	GCA_902540675.1_AG-359-E22_genomic_prodigal_proteins	584	151	53.06	12.77	25.86
GCA_002760375.1_ASM276037v1_genomic_prodigal_proteins	2702	GCA_011055065.1_ASM1105506v1_genomic_prodigal_proteins	2792	2130	86.83	8.18	78.83
GCA_002760375.1_ASM276037v1_genomic_prodigal_proteins	2702	GCA_000013205.1_ASM1320v1_genomic_prodigal_proteins	2750	2421	98.61	3.90	89.60
GCA_002760375.1_ASM276037v1_genomic_prodigal_proteins	2702	GCA_003539795.1_ASM353979v1_genomic_prodigal_proteins	2284	659	51.90	11.04	28.85
GCA_002760375.1_ASM276037v1_genomic_prodigal_proteins	2702	GCA_002171995.1_ASM217199v1_genomic_prodigal_proteins	1978	538	51.81	11.82	27.20
GCA_002760375.1_ASM276037v1_genomic_prodigal_proteins	2702	GCA_011523835.1_ASM1152383v1_genomic_prodigal_proteins	2468	783	52.51	11.79	31.73
GCA_002760375.1_ASM276037v1_genomic_prodigal_proteins	2702	GCA_002172175.1_ASM217217v1_genomic_prodigal_proteins	1846	597	51.96	11.58	32.34
GCA_002760375.1_ASM276037v1_genomic_prodigal_proteins	2702	GCA_003208835.1_ASM320883v1_genomic_prodigal_proteins	2208	676	52.65	11.84	30.62
GCA_002760375.1_ASM276037v1_genomic_prodigal_proteins	2702	GCA_902589915.1_AG-914-F20_genomic_prodigal_proteins	373	72	53.90	12.98	19.30
GCA_002760375.1_ASM276037v1_genomic_prodigal_proteins	2702	GCA_000485815.1_ASM48581v1_genomic_prodigal_proteins	3083	1205	56.65	12.24	44.60
GCA_002760375.1_ASM276037v1_genomic_prodigal_proteins	2702	GCA_008807075.1_ASM880707v1_genomic_prodigal_proteins	2925	926	53.37	12.08	34.27
GCA_002760375.1_ASM276037v1_genomic_prodigal_proteins	2702	GCA_000179235.2_ASM17923v2_genomic_prodigal_proteins	3071	1000	53.52	12.01	37.01
GCA_002760375.1_ASM276037v1_genomic_prodigal_proteins	2702	GCA_003210795.1_ASM321079v1_genomic_prodigal_proteins	2239	671	52.34	11.53	29.97
GCA_002760375.1_ASM276037v1_genomic_prodigal_proteins	2702	GCA_002706715.1_ASM270671v1_genomic_prodigal_proteins	1148	492	53.26	11.92	42.86
GCA_002760375.1_ASM276037v1_genomic_prodigal_proteins	2702	GCA_003331245.1_ASM333124v1_genomic_prodigal_proteins	2021	744	52.97	11.39	36.81
GCA_002760375.1_ASM276037v1_genomic_prodigal_proteins	2702	GCA_009843385.1_ASM984338v1_genomic_prodigal_proteins	2085	689	53.59	11.56	33.05
GCA_002760375.1_ASM276037v1_genomic_prodigal_proteins	2702	GCA_003211205.1_ASM321120v1_genomic_prodigal_proteins	2288	700	52.58	11.90	30.59
GCA_002760375.1_ASM276037v1_genomic_prodigal_proteins	2702	GCA_000063505.1_ASM6350v1_genomic_prodigal_proteins	2558	932	52.86	12.18	36.43
GCA_002760375.1_ASM276037v1_genomic_prodigal_proteins	2702	GCA_900474245.1_UW179B_genomic_prodigal_proteins	2743	926	52.62	11.96	34.27
GCA_002760375.1_ASM276037v1_genomic_prodigal_proteins	2702	GCA_003210345.1_ASM321034v1_genomic_prodigal_proteins	1256	352	52.11	12.15	28.03
GCA_002760375.1_ASM276037v1_genomic_prodigal_proteins	2702	GCA_003210315.1_ASM321031v1_genomic_prodigal_proteins	1815	546	52.84	12.06	30.08
GCA_002760375.1_ASM276037v1_genomic_prodigal_proteins	2702	GCA_009836155.1_ASM983615v1_genomic_prodigal_proteins	1947	788	53.31	11.47	40.47
GCA_002760375.1_ASM276037v1_genomic_prodigal_proteins	2702	GCA_003990665.2_ASM399066v2_genomic_prodigal_proteins	2499	1268	58.45	12.70	50.74
GCA_002760375.1_ASM276037v1_genomic_prodigal_proteins	2702	GCA_003209135.1_ASM320913v1_genomic_prodigal_proteins	1719	478	51.91	11.28	27.81
GCA_002760375.1_ASM276037v1_genomic_prodigal_proteins	2702	GCA_009845105.1_ASM984510v1_genomic_prodigal_proteins	1941	654	52.94	11.56	33.69
GCA_002760375.1_ASM276037v1_genomic_prodigal_proteins	2702	GCA_002690325.1_ASM269032v1_genomic_prodigal_proteins	2554	812	51.87	11.51	31.79
GCA_002760375.1_ASM276037v1_genomic_prodigal_proteins	2702	GCA_000161795.2_ASM16179v2_genomic_prodigal_proteins	2407	902	53.24	11.96	37.47
GCA_002760375.1_ASM276037v1_genomic_prodigal_proteins	2702	GCA_004211895.1_ASM421189v1_genomic_prodigal_proteins	954	391	52.68	12.03	40.99
GCA_002760375.1_ASM276037v1_genomic_prodigal_proteins	2702	GCA_003210735.1_ASM321073v1_genomic_prodigal_proteins	2337	649	52.25	11.83	27.77
GCA_002760375.1_ASM276037v1_genomic_prodigal_proteins	2702	GCA_003209035.1_ASM320903v1_genomic_prodigal_proteins	1803	488	52.58	11.98	27.07
GCA_002760375.1_ASM276037v1_genomic_prodigal_proteins	2702	GCA_003712085.1_ASM371208v1_genomic_prodigal_proteins	2745	918	52.85	11.86	33.97
GCA_002760375.1_ASM276037v1_genomic_prodigal_proteins	2702	GCA_003212155.1_ASM321215v1_genomic_prodigal_proteins	262	50	52.24	14.15	19.08
GCA_002760375.1_ASM276037v1_genomic_prodigal_proteins	2702	GCA_001040845.1_ASM104084v1_genomic_prodigal_proteins	2917	922	52.79	11.94	34.12
GCA_002760375.1_ASM276037v1_genomic_prodigal_proteins	2702	GCA_002018015.1_ASM201801v1_genomic_prodigal_proteins	1578	660	53.68	11.76	41.83
GCA_002760375.1_ASM276037v1_genomic_prodigal_proteins	2702	GCA_003211255.1_ASM321125v1_genomic_prodigal_proteins	1850	494	51.89	11.56	26.70
GCA_002760375.1_ASM276037v1_genomic_prodigal_proteins	2702	GCA_002721235.1_ASM272123v1_genomic_prodigal_proteins	3119	1241	56.48	12.34	45.93
GCA_002760375.1_ASM276037v1_genomic_prodigal_proteins	2702	GCA_009839305.1_ASM983930v1_genomic_prodigal_proteins	1816	606	54.26	11.94	33.37
GCA_002760375.1_ASM276037v1_genomic_prodigal_proteins	2702	GCA_011365345.1_ASM1136534v1_genomic_prodigal_proteins	2655	913	53.09	11.92	34.39
GCA_002760375.1_ASM276037v1_genomic_prodigal_proteins	2702	GCA_001039265.1_ASM103926v1_genomic_prodigal_proteins	2832	694	55.37	12.28	25.68
GCA_002760375.1_ASM276037v1_genomic_prodigal_proteins	2702	GCA_001628325.1_ASM162832v1_genomic_prodigal_proteins	2129	820	52.95	11.54	38.52
GCA_002760375.1_ASM276037v1_genomic_prodigal_proteins	2702	GCA_003209215.1_ASM320921v1_genomic_prodigal_proteins	1679	467	53.24	12.21	27.81
GCA_002760375.1_ASM276037v1_genomic_prodigal_proteins	2702	GCA_002737305.1_ASM273730v1_genomic_prodigal_proteins	1951	757	54.33	11.72	38.80
GCA_002760375.1_ASM276037v1_genomic_prodigal_proteins	2702	GCA_003210515.1_ASM321051v1_genomic_prodigal_proteins	1673	514	52.41	12.18	30.72
GCA_002760375.1_ASM276037v1_genomic_prodigal_proteins	2702	GCA_011525445.1_ASM1152544v1_genomic_prodigal_proteins	3208	741	51.68	11.74	27.42
GCA_002760375.1_ASM276037v1_genomic_prodigal_proteins	2702	GCA_902599435.1_AG-916-N22_genomic_prodigal_proteins	793	240	54.54	12.10	30.26
GCA_002760375.1_ASM276037v1_genomic_prodigal_proteins	2702	GCA_003149585.1_ASM314958v1_genomic_prodigal_proteins	2600	968	53.65	11.79	37.23
GCA_002760375.1_ASM276037v1_genomic_prodigal_proteins	2702	GCA_902560665.1_AG-905-O11_genomic_prodigal_proteins	401	82	54.32	14.33	20.45
GCA_002760375.1_ASM276037v1_genomic_prodigal_proteins	2702	GCA_003331795.1_ASM333179v1_genomic_prodigal_proteins	1948	767	53.19	12.07	39.37
GCA_002760375.1_ASM276037v1_genomic_prodigal_proteins	2702	GCA_002017955.1_ASM201795v1_genomic_prodigal_proteins	512	186	52.23	11.68	36.33
GCA_002760375.1_ASM276037v1_genomic_prodigal_proteins	2702	GCA_902584485.1_AG-912-O23_genomic_prodigal_proteins	535	122	51.84	12.60	22.80
GCA_002760375.1_ASM276037v1_genomic_prodigal_proteins	2702	GCA_902527915.1_AG-896-G19_genomic_prodigal_proteins	1003	266	53.27	12.48	26.52
GCA_002760375.1_ASM276037v1_genomic_prodigal_proteins	2702	GCA_902635365.1_AG-447-D19_genomic_prodigal_proteins	1690	437	53.28	11.98	25.86
GCA_002760375.1_ASM276037v1_genomic_prodigal_proteins	2702	GCA_900474085.1_UW86_genomic_prodigal_proteins	2403	904	53.22	11.90	37.62
GCA_002760375.1_ASM276037v1_genomic_prodigal_proteins	2702	GCA_001885215.1_ASM188521v1_genomic_prodigal_proteins	2897	971	53.60	11.84	35.94
GCA_002760375.1_ASM276037v1_genomic_prodigal_proteins	2702	GCA_902575935.1_AG-426-B22_genomic_prodigal_proteins	254	87	58.92	13.53	34.25
GCA_002760375.1_ASM276037v1_genomic_prodigal_proteins	2702	GCA_900474295.1_UW140_genomic_prodigal_proteins	2925	922	52.87	11.91	34.12
GCA_002760375.1_ASM276037v1_genomic_prodigal_proteins	2702	GCA_003211565.1_ASM321156v1_genomic_prodigal_proteins	1489	409	52.81	12.52	27.47
GCA_002760375.1_ASM276037v1_genomic_prodigal_proteins	2702	GCA_003526105.1_ASM352610v1_genomic_prodigal_proteins	1581	502	53.21	11.62	31.75
GCA_002760375.1_ASM276037v1_genomic_prodigal_proteins	2702	GCA_002172935.1_ASM217293v1_genomic_prodigal_proteins	1996	693	52.52	11.69	34.72
GCA_002760375.1_ASM276037v1_genomic_prodigal_proteins	2702	GCA_003210335.1_ASM321033v1_genomic_prodigal_proteins	942	171	51.95	12.51	18.15
GCA_002760375.1_ASM276037v1_genomic_prodigal_proteins	2702	GCA_009846115.1_ASM984611v1_genomic_prodigal_proteins	2048	709	53.34	11.45	34.62
GCA_002760375.1_ASM276037v1_genomic_prodigal_proteins	2702	GCA_001693295.1_ASM169329v1_genomic_prodigal_proteins	3183	1235	56.55	12.40	45.71
GCA_002760375.1_ASM276037v1_genomic_prodigal_proteins	2702	GCA_900473965.1_UW179A_genomic_prodigal_proteins	3383	903	52.96	12.05	33.42
GCA_002760375.1_ASM276037v1_genomic_prodigal_proteins	2702	GCA_003213755.1_ASM321375v1_genomic_prodigal_proteins	1050	319	53.42	12.53	30.38
GCA_002760375.1_ASM276037v1_genomic_prodigal_proteins	2702	GCA_003209155.1_ASM320915v1_genomic_prodigal_proteins	2305	678	52.74	11.67	29.41
GCA_002760375.1_ASM276037v1_genomic_prodigal_proteins	2702	GCA_003211515.1_ASM321151v1_genomic_prodigal_proteins	2451	609	52.25	11.99	24.85
GCA_002760375.1_ASM276037v1_genomic_prodigal_proteins	2702	GCA_002693285.1_ASM269328v1_genomic_prodigal_proteins	2440	789	52.62	11.74	32.34
GCA_002760375.1_ASM276037v1_genomic_prodigal_proteins	2702	GCA_003210555.1_ASM321055v1_genomic_prodigal_proteins	1847	507	52.71	11.66	27.45
GCA_002760375.1_ASM276037v1_genomic_prodigal_proteins	2702	GCA_000155595.1_ASM15559v1_genomic_prodigal_proteins	5270	1301	55.97	12.09	48.15
GCA_002760375.1_ASM276037v1_genomic_prodigal_proteins	2702	GCA_001007665.1_ASM100766v1_genomic_prodigal_proteins	2356	845	53.00	11.46	35.87
GCA_002760375.1_ASM276037v1_genomic_prodigal_proteins	2702	GCA_009919765.1_ASM991976v1_genomic_prodigal_proteins	2524	625	53.04	11.71	24.76
GCA_002760375.1_ASM276037v1_genomic_prodigal_proteins	2702	GCA_003331225.1_ASM333122v1_genomic_prodigal_proteins	2113	819	53.47	11.76	38.76
GCA_002760375.1_ASM276037v1_genomic_prodigal_proteins	2702	GCA_900177825.1_IMG-taxon_2708742468_annotated_assembly_genomic_prodigal_proteins	3317	1237	56.46	12.38	45.78
GCA_002760375.1_ASM276037v1_genomic_prodigal_proteins	2702	GCA_000195975.1_ASM19597v1_genomic_prodigal_proteins	2719	913	53.02	11.94	33.79
GCA_002760375.1_ASM276037v1_genomic_prodigal_proteins	2702	GCA_902618885.1_AG-920-D15_genomic_prodigal_proteins	1178	334	53.67	12.47	28.35
GCA_002760375.1_ASM276037v1_genomic_prodigal_proteins	2702	GCA_003209165.1_ASM320916v1_genomic_prodigal_proteins	2711	779	53.07	12.01	28.83
GCA_002760375.1_ASM276037v1_genomic_prodigal_proteins	2702	GCA_001007625.1_ASM100762v1_genomic_prodigal_proteins	2478	749	53.25	11.66	30.23
GCA_002760375.1_ASM276037v1_genomic_prodigal_proteins	2702	GCA_008386235.1_ASM838623v1_genomic_prodigal_proteins	2571	1285	58.38	12.72	49.98
GCA_002760375.1_ASM276037v1_genomic_prodigal_proteins	2702	GCA_001631935.1_ASM163193v1_genomic_prodigal_proteins	3526	899	52.90	11.95	33.27
GCA_002760375.1_ASM276037v1_genomic_prodigal_proteins	2702	GCA_002151525.1_ASM215152v1_genomic_prodigal_proteins	1628	681	53.18	11.84	41.83
GCA_002760375.1_ASM276037v1_genomic_prodigal_proteins	2702	GCA_000153065.1_ASM15306v1_genomic_prodigal_proteins	2704	937	53.54	12.03	34.68
GCA_002760375.1_ASM276037v1_genomic_prodigal_proteins	2702	GCA_009837265.1_ASM983726v1_genomic_prodigal_proteins	2126	767	53.40	11.66	36.08
GCA_002760375.1_ASM276037v1_genomic_prodigal_proteins	2702	GCA_902533725.1_AG-898-C20_genomic_prodigal_proteins	421	86	53.45	13.80	20.43
GCA_002760375.1_ASM276037v1_genomic_prodigal_proteins	2702	GCA_002171075.2_ASM217107v2_genomic_prodigal_proteins	1919	669	52.22	11.38	34.86
GCA_002760375.1_ASM276037v1_genomic_prodigal_proteins	2702	GCA_002760395.1_ASM276039v1_genomic_prodigal_proteins	2661	2512	99.91	0.49	94.40
GCA_002760375.1_ASM276037v1_genomic_prodigal_proteins	2702	GCA_003209005.1_ASM320900v1_genomic_prodigal_proteins	2548	755	52.24	11.84	29.63
GCA_002760375.1_ASM276037v1_genomic_prodigal_proteins	2702	GCA_002017915.1_ASM201791v1_genomic_prodigal_proteins	623	245	55.36	12.06	39.33
GCA_002760375.1_ASM276037v1_genomic_prodigal_proteins	2702	GCA_900047545.1_m9_genomic_prodigal_proteins	1575	650	52.98	11.79	41.27
GCA_002760375.1_ASM276037v1_genomic_prodigal_proteins	2702	GCA_001632105.1_ASM163210v1_genomic_prodigal_proteins	3521	902	52.77	11.90	33.38
GCA_002760375.1_ASM276037v1_genomic_prodigal_proteins	2702	GCA_004212765.1_ASM421276v1_genomic_prodigal_proteins	1162	439	53.40	12.02	37.78
GCA_002760375.1_ASM276037v1_genomic_prodigal_proteins	2702	GCA_002685515.1_ASM268551v1_genomic_prodigal_proteins	1286	479	52.02	11.51	37.25
GCA_002760375.1_ASM276037v1_genomic_prodigal_proteins	2702	GCA_007828135.1_ASM782813v1_genomic_prodigal_proteins	2917	973	53.67	11.93	36.01
GCA_002760375.1_ASM276037v1_genomic_prodigal_proteins	2702	GCA_011047875.1_ASM1104787v1_genomic_prodigal_proteins	2810	2174	86.93	8.25	80.46
GCA_002760375.1_ASM276037v1_genomic_prodigal_proteins	2702	GCA_009840445.1_ASM984044v1_genomic_prodigal_proteins	2167	845	53.33	11.68	38.99
GCA_002760375.1_ASM276037v1_genomic_prodigal_proteins	2702	GCA_003210995.1_ASM321099v1_genomic_prodigal_proteins	2385	637	53.09	12.01	26.71
GCA_002760375.1_ASM276037v1_genomic_prodigal_proteins	2702	GCA_902616995.1_AG-919-L20_genomic_prodigal_proteins	654	170	53.41	13.18	25.99
GCA_002760375.1_ASM276037v1_genomic_prodigal_proteins	2702	GCA_009845825.1_ASM984582v1_genomic_prodigal_proteins	2168	730	53.38	11.47	33.67
GCA_002760375.1_ASM276037v1_genomic_prodigal_proteins	2702	GCA_000515235.1_ASM51523v1_genomic_prodigal_proteins	2873	918	52.98	11.97	33.97
GCA_002760375.1_ASM276037v1_genomic_prodigal_proteins	2702	GCA_003523965.1_ASM352396v1_genomic_prodigal_proteins	1735	562	53.98	11.37	32.39
GCA_002760375.1_ASM276037v1_genomic_prodigal_proteins	2702	GCA_002684175.1_ASM268417v1_genomic_prodigal_proteins	1819	532	51.94	11.13	29.25
GCA_002760375.1_ASM276037v1_genomic_prodigal_proteins	2702	GCA_011523295.1_ASM1152329v1_genomic_prodigal_proteins	2851	693	51.25	11.27	25.65
GCA_002760375.1_ASM276037v1_genomic_prodigal_proteins	2702	GCA_003211015.1_ASM321101v1_genomic_prodigal_proteins	2128	665	52.25	11.75	31.25
GCA_002760375.1_ASM276037v1_genomic_prodigal_proteins	2702	GCA_002006815.1_ASM200681v1_genomic_prodigal_proteins	1973	861	53.00	11.93	43.64
GCA_001628295.1_ASM162829v1_genomic_prodigal_proteins	2145	GCA_003208775.1_ASM320877v1_genomic_prodigal_proteins	1808	982	70.34	13.56	54.31
GCA_001628295.1_ASM162829v1_genomic_prodigal_proteins	2145	GCA_003210975.1_ASM321097v1_genomic_prodigal_proteins	627	362	77.59	13.75	57.74
GCA_001628295.1_ASM162829v1_genomic_prodigal_proteins	2145	GCA_003208915.1_ASM320891v1_genomic_prodigal_proteins	1208	600	77.06	13.27	49.67
GCA_001628295.1_ASM162829v1_genomic_prodigal_proteins	2145	GCA_009837735.1_ASM983773v1_genomic_prodigal_proteins	2041	877	61.35	12.71	42.97
GCA_001628295.1_ASM162829v1_genomic_prodigal_proteins	2145	GCA_902548805.1_AG-901-N20_genomic_prodigal_proteins	158	65	77.33	15.78	41.14
GCA_001628295.1_ASM162829v1_genomic_prodigal_proteins	2145	GCA_003211235.1_ASM321123v1_genomic_prodigal_proteins	1698	922	77.40	13.26	54.30
GCA_001628295.1_ASM162829v1_genomic_prodigal_proteins	2145	GCA_004209775.1_ASM420977v1_genomic_prodigal_proteins	2798	1593	72.58	13.19	74.27
GCA_001628295.1_ASM162829v1_genomic_prodigal_proteins	2145	GCA_003283215.1_ASM328321v1_genomic_prodigal_proteins	239	31	72.32	16.28	12.97
GCA_001628295.1_ASM162829v1_genomic_prodigal_proteins	2145	GCA_003209555.1_ASM320955v1_genomic_prodigal_proteins	908	363	67.03	14.66	39.98
GCA_001628295.1_ASM162829v1_genomic_prodigal_proteins	2145	GCA_000153805.1_ASM15380v1_genomic_prodigal_proteins	2517	1717	77.81	12.41	80.05
GCA_001628295.1_ASM162829v1_genomic_prodigal_proteins	2145	GCA_003283205.1_ASM328320v1_genomic_prodigal_proteins	274	56	68.85	14.24	20.44
GCA_001628295.1_ASM162829v1_genomic_prodigal_proteins	2145	GCA_900473925.1_N5_genomic_prodigal_proteins	2417	1898	98.11	3.68	88.48
GCA_001628295.1_ASM162829v1_genomic_prodigal_proteins	2145	GCA_902592665.1_AG-447-E14_genomic_prodigal_proteins	1111	493	75.68	13.20	44.37
GCA_001628295.1_ASM162829v1_genomic_prodigal_proteins	2145	GCA_011523155.1_ASM1152315v1_genomic_prodigal_proteins	2101	1166	70.39	13.21	55.50
GCA_001628295.1_ASM162829v1_genomic_prodigal_proteins	2145	GCA_003211275.1_ASM321127v1_genomic_prodigal_proteins	2168	1098	70.56	14.02	51.19
GCA_001628295.1_ASM162829v1_genomic_prodigal_proteins	2145	GCA_003957805.1_ASM395780v1_genomic_prodigal_proteins	2887	1093	55.91	12.83	50.96
GCA_001628295.1_ASM162829v1_genomic_prodigal_proteins	2145	GCA_012270465.1_ASM1227046v1_genomic_prodigal_proteins	2311	1237	65.67	13.95	57.67
GCA_001628295.1_ASM162829v1_genomic_prodigal_proteins	2145	GCA_001693255.1_ASM169325v1_genomic_prodigal_proteins	3177	976	53.67	12.58	45.50
GCA_001628295.1_ASM162829v1_genomic_prodigal_proteins	2145	GCA_003210385.1_ASM321038v1_genomic_prodigal_proteins	286	184	70.00	13.92	64.34
GCA_001628295.1_ASM162829v1_genomic_prodigal_proteins	2145	GCA_002170705.1_ASM217070v1_genomic_prodigal_proteins	1392	917	77.86	12.10	65.88
GCA_001628295.1_ASM162829v1_genomic_prodigal_proteins	2145	GCA_002356215.1_ASM235621v1_genomic_prodigal_proteins	2953	965	53.67	12.50	44.99
GCA_001628295.1_ASM162829v1_genomic_prodigal_proteins	2145	GCA_003210935.1_ASM321093v1_genomic_prodigal_proteins	1868	1059	71.38	13.63	56.69
GCA_001628295.1_ASM162829v1_genomic_prodigal_proteins	2145	GCA_003210535.1_ASM321053v1_genomic_prodigal_proteins	1257	693	76.34	12.93	55.13
GCA_001628295.1_ASM162829v1_genomic_prodigal_proteins	2145	GCA_002724845.1_ASM272484v1_genomic_prodigal_proteins	1589	1386	97.13	4.80	87.22
GCA_001628295.1_ASM162829v1_genomic_prodigal_proteins	2145	GCA_000153285.1_ASM15328v1_genomic_prodigal_proteins	2746	1651	71.83	13.65	76.97
GCA_001628295.1_ASM162829v1_genomic_prodigal_proteins	2145	GCA_003211035.1_ASM321103v1_genomic_prodigal_proteins	530	317	76.43	13.15	59.81
GCA_001628295.1_ASM162829v1_genomic_prodigal_proteins	2145	GCA_001521855.1_ASM152185v1_genomic_prodigal_proteins	3144	965	53.83	12.48	44.99
GCA_001628295.1_ASM162829v1_genomic_prodigal_proteins	2145	GCA_009835965.1_ASM983596v1_genomic_prodigal_proteins	2105	1093	61.45	12.66	51.92
GCA_001628295.1_ASM162829v1_genomic_prodigal_proteins	2145	GCA_012269695.1_ASM1226969v1_genomic_prodigal_proteins	2043	1066	65.82	13.94	52.18
GCA_001628295.1_ASM162829v1_genomic_prodigal_proteins	2145	GCA_000737535.1_ASM73753v1_genomic_prodigal_proteins	3013	1702	76.35	12.83	79.35
GCA_001628295.1_ASM162829v1_genomic_prodigal_proteins	2145	GCA_000586015.1_SynSpo.0_genomic_prodigal_proteins	1907	854	62.25	13.07	44.78
GCA_001628295.1_ASM162829v1_genomic_prodigal_proteins	2145	GCA_002760345.1_ASM276034v1_genomic_prodigal_proteins	2731	847	53.01	11.58	39.49
GCA_001628295.1_ASM162829v1_genomic_prodigal_proteins	2145	GCA_000013225.1_ASM1322v1_genomic_prodigal_proteins	2844	852	53.06	11.61	39.72
GCA_001628295.1_ASM162829v1_genomic_prodigal_proteins	2145	GCA_000332275.1_ASM33227v1_genomic_prodigal_proteins	4564	933	52.29	11.89	43.50
GCA_001628295.1_ASM162829v1_genomic_prodigal_proteins	2145	GCA_002252675.1_ASM225267v1_genomic_prodigal_proteins	3295	1446	67.13	13.44	67.41
GCA_001628295.1_ASM162829v1_genomic_prodigal_proteins	2145	GCA_000737575.1_ASM73757v1_genomic_prodigal_proteins	2662	1756	78.07	12.53	81.86
GCA_001628295.1_ASM162829v1_genomic_prodigal_proteins	2145	GCA_902596755.1_AG-916-D19_genomic_prodigal_proteins	1152	622	77.72	13.50	53.99
GCA_001628295.1_ASM162829v1_genomic_prodigal_proteins	2145	GCA_003211455.1_ASM321145v1_genomic_prodigal_proteins	1186	690	93.57	9.13	58.18
GCA_001628295.1_ASM162829v1_genomic_prodigal_proteins	2145	GCA_003208755.1_ASM320875v1_genomic_prodigal_proteins	690	419	76.89	13.43	60.72
GCA_001628295.1_ASM162829v1_genomic_prodigal_proteins	2145	GCA_007571215.1_ASM757121v1_genomic_prodigal_proteins	1879	1078	61.05	12.81	57.37
GCA_001628295.1_ASM162829v1_genomic_prodigal_proteins	2145	GCA_001007635.1_ASM100763v1_genomic_prodigal_proteins	2333	1004	61.65	12.56	46.81
GCA_001628295.1_ASM162829v1_genomic_prodigal_proteins	2145	GCA_000179255.1_ASM17925v1_genomic_prodigal_proteins	2729	1527	67.74	13.80	71.19
GCA_001628295.1_ASM162829v1_genomic_prodigal_proteins	2145	GCA_003208975.1_ASM320897v1_genomic_prodigal_proteins	1804	950	76.79	13.62	52.66
GCA_001628295.1_ASM162829v1_genomic_prodigal_proteins	2145	GCA_012103655.1_ASM1210365v1_genomic_prodigal_proteins	2723	1613	71.31	13.31	75.20
GCA_001628295.1_ASM162829v1_genomic_prodigal_proteins	2145	GCA_902582045.1_AG-912-B07_genomic_prodigal_proteins	196	69	75.73	15.67	35.20
GCA_001628295.1_ASM162829v1_genomic_prodigal_proteins	2145	GCA_000153045.1_ASM15304v1_genomic_prodigal_proteins	3242	1487	67.35	13.44	69.32
GCA_001628295.1_ASM162829v1_genomic_prodigal_proteins	2145	GCA_902549675.1_AG-903-B09_genomic_prodigal_proteins	836	414	78.43	14.18	49.52
GCA_001628295.1_ASM162829v1_genomic_prodigal_proteins	2145	GCA_002018045.1_ASM201804v1_genomic_prodigal_proteins	1559	845	62.50	12.45	54.20
GCA_001628295.1_ASM162829v1_genomic_prodigal_proteins	2145	GCA_004213055.1_ASM421305v1_genomic_prodigal_proteins	2241	1428	72.17	13.48	66.57
GCA_001628295.1_ASM162829v1_genomic_prodigal_proteins	2145	GCA_007571085.1_ASM757108v1_genomic_prodigal_proteins	1784	1054	61.04	12.85	59.08
GCA_001628295.1_ASM162829v1_genomic_prodigal_proteins	2145	GCA_009839805.1_ASM983980v1_genomic_prodigal_proteins	1848	724	59.70	12.24	39.18
GCA_001628295.1_ASM162829v1_genomic_prodigal_proteins	2145	GCA_003210375.1_ASM321037v1_genomic_prodigal_proteins	2155	1269	77.13	12.35	59.16
GCA_001628295.1_ASM162829v1_genomic_prodigal_proteins	2145	GCA_004332415.1_ASM433241v1_genomic_prodigal_proteins	2408	1602	72.54	13.33	74.69
GCA_001628295.1_ASM162829v1_genomic_prodigal_proteins	2145	GCA_009836025.1_ASM983602v1_genomic_prodigal_proteins	2290	1079	61.51	12.57	50.30
GCA_001628295.1_ASM162829v1_genomic_prodigal_proteins	2145	GCA_009843455.1_ASM984345v1_genomic_prodigal_proteins	2423	1057	61.44	12.51	49.28
GCA_001628295.1_ASM162829v1_genomic_prodigal_proteins	2145	GCA_009843485.1_ASM984348v1_genomic_prodigal_proteins	2158	1088	61.51	12.76	50.72
GCA_001628295.1_ASM162829v1_genomic_prodigal_proteins	2145	GCA_003283135.1_ASM328313v1_genomic_prodigal_proteins	459	125	68.51	14.46	27.23
GCA_001628295.1_ASM162829v1_genomic_prodigal_proteins	2145	GCA_902635485.1_AG-447-G23_genomic_prodigal_proteins	327	139	94.89	11.38	42.51
GCA_001628295.1_ASM162829v1_genomic_prodigal_proteins	2145	GCA_002760415.1_ASM276041v1_genomic_prodigal_proteins	2670	836	52.99	11.60	38.97
GCA_001628295.1_ASM162829v1_genomic_prodigal_proteins	2145	GCA_002754935.1_ASM275493v1_genomic_prodigal_proteins	2664	878	54.01	12.14	40.93
GCA_001628295.1_ASM162829v1_genomic_prodigal_proteins	2145	GCA_002171685.2_ASM217168v2_genomic_prodigal_proteins	811	605	71.95	12.99	74.60
GCA_001628295.1_ASM162829v1_genomic_prodigal_proteins	2145	GCA_000737595.1_ASM73759v1_genomic_prodigal_proteins	2774	1851	91.85	8.17	86.29
GCA_001628295.1_ASM162829v1_genomic_prodigal_proteins	2145	GCA_003331785.1_ASM333178v1_genomic_prodigal_proteins	2125	1522	71.15	13.38	71.62
GCA_001628295.1_ASM162829v1_genomic_prodigal_proteins	2145	GCA_009842265.1_ASM984226v1_genomic_prodigal_proteins	2398	1080	61.23	12.61	50.35
GCA_001628295.1_ASM162829v1_genomic_prodigal_proteins	2145	GCA_902579345.1_AG-911-L15_genomic_prodigal_proteins	248	94	73.12	14.78	37.90
GCA_001628295.1_ASM162829v1_genomic_prodigal_proteins	2145	GCA_000011345.1_ASM1134v1_genomic_prodigal_proteins	2520	927	54.11	12.09	43.22
GCA_001628295.1_ASM162829v1_genomic_prodigal_proteins	2145	GCA_003210705.1_ASM321070v1_genomic_prodigal_proteins	2244	1186	70.73	13.79	55.29
GCA_001628295.1_ASM162829v1_genomic_prodigal_proteins	2145	GCA_000019485.1_ASM1948v1_genomic_prodigal_proteins	3233	964	53.87	12.52	44.94
GCA_001628295.1_ASM162829v1_genomic_prodigal_proteins	2145	GCA_003283055.1_ASM328305v1_genomic_prodigal_proteins	482	62	75.45	14.91	12.86
GCA_001628295.1_ASM162829v1_genomic_prodigal_proteins	2145	GCA_000010065.1_ASM1006v1_genomic_prodigal_proteins	2691	1084	55.79	12.88	50.54
GCA_001628295.1_ASM162829v1_genomic_prodigal_proteins	2145	GCA_000316685.1_ASM31668v1_genomic_prodigal_proteins	3706	959	53.45	12.39	44.71
GCA_001628295.1_ASM162829v1_genomic_prodigal_proteins	2145	GCA_000063525.1_ASM6352v1_genomic_prodigal_proteins	2540	1498	66.57	14.13	69.84
GCA_001628295.1_ASM162829v1_genomic_prodigal_proteins	2145	GCA_003283165.1_ASM328316v1_genomic_prodigal_proteins	217	71	75.20	14.26	32.72
GCA_001628295.1_ASM162829v1_genomic_prodigal_proteins	2145	GCA_902540675.1_AG-359-E22_genomic_prodigal_proteins	584	268	78.77	13.81	45.89
GCA_001628295.1_ASM162829v1_genomic_prodigal_proteins	2145	GCA_011055065.1_ASM1105506v1_genomic_prodigal_proteins	2792	815	53.03	11.62	38.00
GCA_001628295.1_ASM162829v1_genomic_prodigal_proteins	2145	GCA_000013205.1_ASM1320v1_genomic_prodigal_proteins	2750	846	53.08	11.58	39.44
GCA_001628295.1_ASM162829v1_genomic_prodigal_proteins	2145	GCA_003539795.1_ASM353979v1_genomic_prodigal_proteins	2284	1373	76.42	12.64	64.01
GCA_001628295.1_ASM162829v1_genomic_prodigal_proteins	2145	GCA_002171995.1_ASM217199v1_genomic_prodigal_proteins	1978	955	70.92	13.81	48.28
GCA_001628295.1_ASM162829v1_genomic_prodigal_proteins	2145	GCA_011523835.1_ASM1152383v1_genomic_prodigal_proteins	2468	1425	72.25	14.12	66.43
GCA_001628295.1_ASM162829v1_genomic_prodigal_proteins	2145	GCA_002172175.1_ASM217217v1_genomic_prodigal_proteins	1846	984	65.25	13.84	53.30
GCA_001628295.1_ASM162829v1_genomic_prodigal_proteins	2145	GCA_003208835.1_ASM320883v1_genomic_prodigal_proteins	2208	1223	77.95	12.33	57.02
GCA_001628295.1_ASM162829v1_genomic_prodigal_proteins	2145	GCA_902589915.1_AG-914-F20_genomic_prodigal_proteins	373	130	80.89	12.68	34.85
GCA_001628295.1_ASM162829v1_genomic_prodigal_proteins	2145	GCA_000485815.1_ASM48581v1_genomic_prodigal_proteins	3083	950	53.70	12.52	44.29
GCA_001628295.1_ASM162829v1_genomic_prodigal_proteins	2145	GCA_008807075.1_ASM880707v1_genomic_prodigal_proteins	2925	1455	66.86	13.16	67.83
GCA_001628295.1_ASM162829v1_genomic_prodigal_proteins	2145	GCA_000179235.2_ASM17923v2_genomic_prodigal_proteins	3071	1507	68.10	13.50	70.26
GCA_001628295.1_ASM162829v1_genomic_prodigal_proteins	2145	GCA_003210795.1_ASM321079v1_genomic_prodigal_proteins	2239	1289	77.23	13.18	60.09
GCA_001628295.1_ASM162829v1_genomic_prodigal_proteins	2145	GCA_002706715.1_ASM270671v1_genomic_prodigal_proteins	1148	828	77.49	13.14	72.13
GCA_001628295.1_ASM162829v1_genomic_prodigal_proteins	2145	GCA_003331245.1_ASM333124v1_genomic_prodigal_proteins	2021	1472	77.31	12.50	72.84
GCA_001628295.1_ASM162829v1_genomic_prodigal_proteins	2145	GCA_009843385.1_ASM984338v1_genomic_prodigal_proteins	2085	909	61.68	12.69	43.60
GCA_001628295.1_ASM162829v1_genomic_prodigal_proteins	2145	GCA_003211205.1_ASM321120v1_genomic_prodigal_proteins	2288	1281	70.92	13.79	59.72
GCA_001628295.1_ASM162829v1_genomic_prodigal_proteins	2145	GCA_000063505.1_ASM6350v1_genomic_prodigal_proteins	2558	1624	72.18	13.73	75.71
GCA_001628295.1_ASM162829v1_genomic_prodigal_proteins	2145	GCA_900474245.1_UW179B_genomic_prodigal_proteins	2743	1621	71.36	13.29	75.57
GCA_001628295.1_ASM162829v1_genomic_prodigal_proteins	2145	GCA_003210345.1_ASM321034v1_genomic_prodigal_proteins	1256	708	76.19	12.72	56.37
GCA_001628295.1_ASM162829v1_genomic_prodigal_proteins	2145	GCA_003210315.1_ASM321031v1_genomic_prodigal_proteins	1815	981	70.07	13.57	54.05
GCA_001628295.1_ASM162829v1_genomic_prodigal_proteins	2145	GCA_009836155.1_ASM983615v1_genomic_prodigal_proteins	1947	1030	61.50	12.61	52.90
GCA_001628295.1_ASM162829v1_genomic_prodigal_proteins	2145	GCA_003990665.2_ASM399066v2_genomic_prodigal_proteins	2499	928	54.09	12.12	43.26
GCA_001628295.1_ASM162829v1_genomic_prodigal_proteins	2145	GCA_003209135.1_ASM320913v1_genomic_prodigal_proteins	1719	920	75.42	13.27	53.52
GCA_001628295.1_ASM162829v1_genomic_prodigal_proteins	2145	GCA_009845105.1_ASM984510v1_genomic_prodigal_proteins	1941	858	61.11	12.67	44.20
GCA_001628295.1_ASM162829v1_genomic_prodigal_proteins	2145	GCA_002690325.1_ASM269032v1_genomic_prodigal_proteins	2554	1599	75.43	13.30	74.55
GCA_001628295.1_ASM162829v1_genomic_prodigal_proteins	2145	GCA_000161795.2_ASM16179v2_genomic_prodigal_proteins	2407	1865	96.13	5.02	86.95
GCA_001628295.1_ASM162829v1_genomic_prodigal_proteins	2145	GCA_004211895.1_ASM421189v1_genomic_prodigal_proteins	954	772	95.40	4.71	80.92
GCA_001628295.1_ASM162829v1_genomic_prodigal_proteins	2145	GCA_003210735.1_ASM321073v1_genomic_prodigal_proteins	2337	1296	76.93	13.16	60.42
GCA_001628295.1_ASM162829v1_genomic_prodigal_proteins	2145	GCA_003209035.1_ASM320903v1_genomic_prodigal_proteins	1803	953	77.15	13.03	52.86
GCA_001628295.1_ASM162829v1_genomic_prodigal_proteins	2145	GCA_003712085.1_ASM371208v1_genomic_prodigal_proteins	2745	1742	79.07	12.78	81.21
GCA_001628295.1_ASM162829v1_genomic_prodigal_proteins	2145	GCA_003212155.1_ASM321215v1_genomic_prodigal_proteins	262	84	63.12	17.03	32.06
GCA_001628295.1_ASM162829v1_genomic_prodigal_proteins	2145	GCA_001040845.1_ASM104084v1_genomic_prodigal_proteins	2917	1617	71.01	13.41	75.38
GCA_001628295.1_ASM162829v1_genomic_prodigal_proteins	2145	GCA_002018015.1_ASM201801v1_genomic_prodigal_proteins	1578	822	62.26	12.60	52.09
GCA_001628295.1_ASM162829v1_genomic_prodigal_proteins	2145	GCA_003211255.1_ASM321125v1_genomic_prodigal_proteins	1850	967	76.87	13.42	52.27
GCA_001628295.1_ASM162829v1_genomic_prodigal_proteins	2145	GCA_002721235.1_ASM272123v1_genomic_prodigal_proteins	3119	964	53.87	12.51	44.94
GCA_001628295.1_ASM162829v1_genomic_prodigal_proteins	2145	GCA_009839305.1_ASM983930v1_genomic_prodigal_proteins	1816	819	61.83	13.21	45.10
GCA_001628295.1_ASM162829v1_genomic_prodigal_proteins	2145	GCA_011365345.1_ASM1136534v1_genomic_prodigal_proteins	2655	1895	90.64	7.78	88.34
GCA_001628295.1_ASM162829v1_genomic_prodigal_proteins	2145	GCA_001039265.1_ASM103926v1_genomic_prodigal_proteins	2832	1028	68.58	13.67	47.93
GCA_001628295.1_ASM162829v1_genomic_prodigal_proteins	2145	GCA_001628325.1_ASM162832v1_genomic_prodigal_proteins	2129	1865	99.37	1.99	87.60
GCA_001628295.1_ASM162829v1_genomic_prodigal_proteins	2145	GCA_003209215.1_ASM320921v1_genomic_prodigal_proteins	1679	962	95.33	6.50	57.30
GCA_001628295.1_ASM162829v1_genomic_prodigal_proteins	2145	GCA_002737305.1_ASM273730v1_genomic_prodigal_proteins	1951	1131	67.42	13.61	57.97
GCA_001628295.1_ASM162829v1_genomic_prodigal_proteins	2145	GCA_003210515.1_ASM321051v1_genomic_prodigal_proteins	1673	1042	76.87	12.97	62.28
GCA_001628295.1_ASM162829v1_genomic_prodigal_proteins	2145	GCA_011525445.1_ASM1152544v1_genomic_prodigal_proteins	3208	1340	70.84	13.39	62.47
GCA_001628295.1_ASM162829v1_genomic_prodigal_proteins	2145	GCA_902599435.1_AG-916-N22_genomic_prodigal_proteins	793	453	79.84	13.58	57.12
GCA_001628295.1_ASM162829v1_genomic_prodigal_proteins	2145	GCA_003149585.1_ASM314958v1_genomic_prodigal_proteins	2600	1530	67.72	13.85	71.33
GCA_001628295.1_ASM162829v1_genomic_prodigal_proteins	2145	GCA_902560665.1_AG-905-O11_genomic_prodigal_proteins	401	174	78.92	14.02	43.39
GCA_001628295.1_ASM162829v1_genomic_prodigal_proteins	2145	GCA_003331795.1_ASM333179v1_genomic_prodigal_proteins	1948	1234	66.47	14.27	63.35
GCA_001628295.1_ASM162829v1_genomic_prodigal_proteins	2145	GCA_002017955.1_ASM201795v1_genomic_prodigal_proteins	512	241	61.95	12.27	47.07
GCA_001628295.1_ASM162829v1_genomic_prodigal_proteins	2145	GCA_902584485.1_AG-912-O23_genomic_prodigal_proteins	535	230	78.10	14.35	42.99
GCA_001628295.1_ASM162829v1_genomic_prodigal_proteins	2145	GCA_902527915.1_AG-896-G19_genomic_prodigal_proteins	1003	574	78.07	13.93	57.23
GCA_001628295.1_ASM162829v1_genomic_prodigal_proteins	2145	GCA_902635365.1_AG-447-D19_genomic_prodigal_proteins	1690	856	77.77	13.22	50.65
GCA_001628295.1_ASM162829v1_genomic_prodigal_proteins	2145	GCA_900474085.1_UW86_genomic_prodigal_proteins	2403	1919	98.25	3.18	89.46
GCA_001628295.1_ASM162829v1_genomic_prodigal_proteins	2145	GCA_001885215.1_ASM188521v1_genomic_prodigal_proteins	2897	1450	66.47	13.22	67.60
GCA_001628295.1_ASM162829v1_genomic_prodigal_proteins	2145	GCA_902575935.1_AG-426-B22_genomic_prodigal_proteins	254	171	97.71	6.24	67.32
GCA_001628295.1_ASM162829v1_genomic_prodigal_proteins	2145	GCA_900474295.1_UW140_genomic_prodigal_proteins	2925	1635	71.93	13.49	76.22
GCA_001628295.1_ASM162829v1_genomic_prodigal_proteins	2145	GCA_003211565.1_ASM321156v1_genomic_prodigal_proteins	1489	911	95.19	6.79	61.18
GCA_001628295.1_ASM162829v1_genomic_prodigal_proteins	2145	GCA_003526105.1_ASM352610v1_genomic_prodigal_proteins	1581	1099	98.75	5.26	69.51
GCA_001628295.1_ASM162829v1_genomic_prodigal_proteins	2145	GCA_002172935.1_ASM217293v1_genomic_prodigal_proteins	1996	1275	70.98	13.54	63.88
GCA_001628295.1_ASM162829v1_genomic_prodigal_proteins	2145	GCA_003210335.1_ASM321033v1_genomic_prodigal_proteins	942	320	68.28	14.28	33.97
GCA_001628295.1_ASM162829v1_genomic_prodigal_proteins	2145	GCA_009846115.1_ASM984611v1_genomic_prodigal_proteins	2048	964	61.38	12.80	47.07
GCA_001628295.1_ASM162829v1_genomic_prodigal_proteins	2145	GCA_001693295.1_ASM169329v1_genomic_prodigal_proteins	3183	964	53.84	12.51	44.94
GCA_001628295.1_ASM162829v1_genomic_prodigal_proteins	2145	GCA_900473965.1_UW179A_genomic_prodigal_proteins	3383	1646	71.17	13.71	76.74
GCA_001628295.1_ASM162829v1_genomic_prodigal_proteins	2145	GCA_003213755.1_ASM321375v1_genomic_prodigal_proteins	1050	513	66.35	14.21	48.86
GCA_001628295.1_ASM162829v1_genomic_prodigal_proteins	2145	GCA_003209155.1_ASM320915v1_genomic_prodigal_proteins	2305	1254	71.16	13.56	58.46
GCA_001628295.1_ASM162829v1_genomic_prodigal_proteins	2145	GCA_003211515.1_ASM321151v1_genomic_prodigal_proteins	2451	1125	75.12	13.54	52.45
GCA_001628295.1_ASM162829v1_genomic_prodigal_proteins	2145	GCA_002693285.1_ASM269328v1_genomic_prodigal_proteins	2440	1453	71.48	13.64	67.74
GCA_001628295.1_ASM162829v1_genomic_prodigal_proteins	2145	GCA_003210555.1_ASM321055v1_genomic_prodigal_proteins	1847	944	70.18	13.26	51.11
GCA_001628295.1_ASM162829v1_genomic_prodigal_proteins	2145	GCA_000155595.1_ASM15559v1_genomic_prodigal_proteins	5270	1020	53.00	12.46	47.55
GCA_001628295.1_ASM162829v1_genomic_prodigal_proteins	2145	GCA_001007665.1_ASM100766v1_genomic_prodigal_proteins	2356	1098	61.12	12.73	51.19
GCA_001628295.1_ASM162829v1_genomic_prodigal_proteins	2145	GCA_009919765.1_ASM991976v1_genomic_prodigal_proteins	2524	1069	66.68	14.59	49.84
GCA_001628295.1_ASM162829v1_genomic_prodigal_proteins	2145	GCA_003331225.1_ASM333122v1_genomic_prodigal_proteins	2113	1332	66.39	13.91	63.04
GCA_001628295.1_ASM162829v1_genomic_prodigal_proteins	2145	GCA_900177825.1_IMG-taxon_2708742468_annotated_assembly_genomic_prodigal_proteins	3317	956	53.83	12.53	44.57
GCA_001628295.1_ASM162829v1_genomic_prodigal_proteins	2145	GCA_000195975.1_ASM19597v1_genomic_prodigal_proteins	2719	1752	78.95	12.86	81.68
GCA_001628295.1_ASM162829v1_genomic_prodigal_proteins	2145	GCA_902618885.1_AG-920-D15_genomic_prodigal_proteins	1178	705	78.85	13.38	59.85
GCA_001628295.1_ASM162829v1_genomic_prodigal_proteins	2145	GCA_003209165.1_ASM320916v1_genomic_prodigal_proteins	2711	1573	91.69	7.46	73.33
GCA_001628295.1_ASM162829v1_genomic_prodigal_proteins	2145	GCA_001007625.1_ASM100762v1_genomic_prodigal_proteins	2478	964	61.66	12.83	44.94
GCA_001628295.1_ASM162829v1_genomic_prodigal_proteins	2145	GCA_008386235.1_ASM838623v1_genomic_prodigal_proteins	2571	924	54.08	12.11	43.08
GCA_001628295.1_ASM162829v1_genomic_prodigal_proteins	2145	GCA_001631935.1_ASM163193v1_genomic_prodigal_proteins	3526	1632	71.27	13.75	76.08
GCA_001628295.1_ASM162829v1_genomic_prodigal_proteins	2145	GCA_002151525.1_ASM215152v1_genomic_prodigal_proteins	1628	1000	64.22	13.73	61.43
GCA_001628295.1_ASM162829v1_genomic_prodigal_proteins	2145	GCA_000153065.1_ASM15306v1_genomic_prodigal_proteins	2704	1563	72.53	13.13	72.87
GCA_001628295.1_ASM162829v1_genomic_prodigal_proteins	2145	GCA_009837265.1_ASM983726v1_genomic_prodigal_proteins	2126	1023	61.49	12.71	48.12
GCA_001628295.1_ASM162829v1_genomic_prodigal_proteins	2145	GCA_902533725.1_AG-898-C20_genomic_prodigal_proteins	421	175	94.60	7.39	41.57
GCA_001628295.1_ASM162829v1_genomic_prodigal_proteins	2145	GCA_002171075.2_ASM217107v2_genomic_prodigal_proteins	1919	1108	64.72	13.55	57.74
GCA_001628295.1_ASM162829v1_genomic_prodigal_proteins	2145	GCA_002760395.1_ASM276039v1_genomic_prodigal_proteins	2661	827	53.05	11.59	38.55
GCA_001628295.1_ASM162829v1_genomic_prodigal_proteins	2145	GCA_003209005.1_ASM320900v1_genomic_prodigal_proteins	2548	1364	70.90	13.71	63.59
GCA_001628295.1_ASM162829v1_genomic_prodigal_proteins	2145	GCA_002017915.1_ASM201791v1_genomic_prodigal_proteins	623	296	63.42	13.24	47.51
GCA_001628295.1_ASM162829v1_genomic_prodigal_proteins	2145	GCA_900047545.1_m9_genomic_prodigal_proteins	1575	850	61.42	12.63	53.97
GCA_001628295.1_ASM162829v1_genomic_prodigal_proteins	2145	GCA_001632105.1_ASM163210v1_genomic_prodigal_proteins	3521	1643	71.26	13.76	76.60
GCA_001628295.1_ASM162829v1_genomic_prodigal_proteins	2145	GCA_004212765.1_ASM421276v1_genomic_prodigal_proteins	1162	839	78.05	13.12	72.20
GCA_001628295.1_ASM162829v1_genomic_prodigal_proteins	2145	GCA_002685515.1_ASM268551v1_genomic_prodigal_proteins	1286	844	70.07	13.68	65.63
GCA_001628295.1_ASM162829v1_genomic_prodigal_proteins	2145	GCA_007828135.1_ASM782813v1_genomic_prodigal_proteins	2917	1449	66.45	13.19	67.55
GCA_001628295.1_ASM162829v1_genomic_prodigal_proteins	2145	GCA_011047875.1_ASM1104787v1_genomic_prodigal_proteins	2810	841	53.13	11.60	39.21
GCA_001628295.1_ASM162829v1_genomic_prodigal_proteins	2145	GCA_009840445.1_ASM984044v1_genomic_prodigal_proteins	2167	1119	61.46	12.69	52.17
GCA_001628295.1_ASM162829v1_genomic_prodigal_proteins	2145	GCA_003210995.1_ASM321099v1_genomic_prodigal_proteins	2385	1189	71.22	13.99	55.43
GCA_001628295.1_ASM162829v1_genomic_prodigal_proteins	2145	GCA_902616995.1_AG-919-L20_genomic_prodigal_proteins	654	350	78.35	13.23	53.52
GCA_001628295.1_ASM162829v1_genomic_prodigal_proteins	2145	GCA_009845825.1_ASM984582v1_genomic_prodigal_proteins	2168	951	61.59	12.58	44.34
GCA_001628295.1_ASM162829v1_genomic_prodigal_proteins	2145	GCA_000515235.1_ASM51523v1_genomic_prodigal_proteins	2873	1709	76.37	12.85	79.67
GCA_001628295.1_ASM162829v1_genomic_prodigal_proteins	2145	GCA_003523965.1_ASM352396v1_genomic_prodigal_proteins	1735	720	62.67	12.79	41.50
GCA_001628295.1_ASM162829v1_genomic_prodigal_proteins	2145	GCA_002684175.1_ASM268417v1_genomic_prodigal_proteins	1819	1071	76.01	11.98	58.88
GCA_001628295.1_ASM162829v1_genomic_prodigal_proteins	2145	GCA_011523295.1_ASM1152329v1_genomic_prodigal_proteins	2851	1393	77.30	13.15	64.94
GCA_001628295.1_ASM162829v1_genomic_prodigal_proteins	2145	GCA_003211015.1_ASM321101v1_genomic_prodigal_proteins	2128	1185	71.46	13.58	55.69
GCA_001628295.1_ASM162829v1_genomic_prodigal_proteins	2145	GCA_002006815.1_ASM200681v1_genomic_prodigal_proteins	1973	1244	64.68	13.63	63.05
GCA_004332405.1_ASM433240v1_genomic_prodigal_proteins	2437	GCA_900473975.1_N26_genomic_prodigal_proteins	2454	1710	72.50	13.56	70.17
GCA_004332405.1_ASM433240v1_genomic_prodigal_proteins	2437	GCA_902612475.1_AG-918-G20_genomic_prodigal_proteins	502	224	69.95	14.42	44.62
GCA_004332405.1_ASM433240v1_genomic_prodigal_proteins	2437	GCA_000775285.1_ASM77528v1_genomic_prodigal_proteins	4812	967	53.94	12.97	39.68
GCA_004332405.1_ASM433240v1_genomic_prodigal_proteins	2437	GCA_002698505.1_ASM269850v1_genomic_prodigal_proteins	2471	1719	75.56	12.85	70.54
GCA_004332405.1_ASM433240v1_genomic_prodigal_proteins	2437	GCA_002252665.1_ASM225266v1_genomic_prodigal_proteins	2771	1694	68.39	14.02	69.51
GCA_004332405.1_ASM433240v1_genomic_prodigal_proteins	2437	GCA_003555505.1_ASM355550v1_genomic_prodigal_proteins	3351	755	54.66	12.93	30.98
GCA_004332405.1_ASM433240v1_genomic_prodigal_proteins	2437	GCA_900474015.1_UW106_genomic_prodigal_proteins	2762	1787	71.65	13.81	73.33
GCA_004332405.1_ASM433240v1_genomic_prodigal_proteins	2437	GCA_000715475.1_ASM71547v1_genomic_prodigal_proteins	3299	1064	53.64	12.77	43.66
GCA_004332405.1_ASM433240v1_genomic_prodigal_proteins	2437	GCA_001628295.1_ASM162829v1_genomic_prodigal_proteins	2145	1591	72.59	13.41	74.17
GCA_004332405.1_ASM433240v1_genomic_prodigal_proteins	2437	GCA_003208775.1_ASM320877v1_genomic_prodigal_proteins	1808	1122	73.44	13.37	62.06
GCA_004332405.1_ASM433240v1_genomic_prodigal_proteins	2437	GCA_003210975.1_ASM321097v1_genomic_prodigal_proteins	627	391	70.96	14.62	62.36
GCA_004332405.1_ASM433240v1_genomic_prodigal_proteins	2437	GCA_003208915.1_ASM320891v1_genomic_prodigal_proteins	1208	594	70.74	13.91	49.17
GCA_004332405.1_ASM433240v1_genomic_prodigal_proteins	2437	GCA_009837735.1_ASM983773v1_genomic_prodigal_proteins	2041	944	61.64	12.92	46.25
GCA_004332405.1_ASM433240v1_genomic_prodigal_proteins	2437	GCA_902548805.1_AG-901-N20_genomic_prodigal_proteins	158	71	70.54	14.76	44.94
GCA_004332405.1_ASM433240v1_genomic_prodigal_proteins	2437	GCA_003211235.1_ASM321123v1_genomic_prodigal_proteins	1698	906	70.93	13.68	53.36
GCA_004332405.1_ASM433240v1_genomic_prodigal_proteins	2437	GCA_004209775.1_ASM420977v1_genomic_prodigal_proteins	2798	2071	81.98	11.82	84.98
GCA_004332405.1_ASM433240v1_genomic_prodigal_proteins	2437	GCA_003283215.1_ASM328321v1_genomic_prodigal_proteins	239	54	74.07	17.20	22.59
GCA_004332405.1_ASM433240v1_genomic_prodigal_proteins	2437	GCA_003209555.1_ASM320955v1_genomic_prodigal_proteins	908	406	66.02	15.02	44.71
GCA_004332405.1_ASM433240v1_genomic_prodigal_proteins	2437	GCA_000153805.1_ASM15380v1_genomic_prodigal_proteins	2517	1720	70.98	13.72	70.58
GCA_004332405.1_ASM433240v1_genomic_prodigal_proteins	2437	GCA_003283205.1_ASM328320v1_genomic_prodigal_proteins	274	83	71.61	16.34	30.29
GCA_004332405.1_ASM433240v1_genomic_prodigal_proteins	2437	GCA_900473925.1_N5_genomic_prodigal_proteins	2417	1706	72.35	13.55	70.58
GCA_004332405.1_ASM433240v1_genomic_prodigal_proteins	2437	GCA_902592665.1_AG-447-E14_genomic_prodigal_proteins	1111	499	69.16	14.82	44.91
GCA_004332405.1_ASM433240v1_genomic_prodigal_proteins	2437	GCA_011523155.1_ASM1152315v1_genomic_prodigal_proteins	2101	1282	74.19	12.70	61.02
GCA_004332405.1_ASM433240v1_genomic_prodigal_proteins	2437	GCA_003211275.1_ASM321127v1_genomic_prodigal_proteins	2168	1256	73.46	13.45	57.93
GCA_004332405.1_ASM433240v1_genomic_prodigal_proteins	2437	GCA_003957805.1_ASM395780v1_genomic_prodigal_proteins	2887	1220	56.03	13.13	50.06
GCA_004332405.1_ASM433240v1_genomic_prodigal_proteins	2437	GCA_012270465.1_ASM1227046v1_genomic_prodigal_proteins	2311	1343	65.47	13.69	58.11
GCA_004332405.1_ASM433240v1_genomic_prodigal_proteins	2437	GCA_001693255.1_ASM169325v1_genomic_prodigal_proteins	3177	1082	53.65	12.80	44.40
GCA_004332405.1_ASM433240v1_genomic_prodigal_proteins	2437	GCA_003210385.1_ASM321038v1_genomic_prodigal_proteins	286	218	73.61	13.08	76.22
GCA_004332405.1_ASM433240v1_genomic_prodigal_proteins	2437	GCA_002170705.1_ASM217070v1_genomic_prodigal_proteins	1392	966	71.95	13.54	69.40
GCA_004332405.1_ASM433240v1_genomic_prodigal_proteins	2437	GCA_002356215.1_ASM235621v1_genomic_prodigal_proteins	2953	1080	53.63	12.89	44.32
GCA_004332405.1_ASM433240v1_genomic_prodigal_proteins	2437	GCA_003210935.1_ASM321093v1_genomic_prodigal_proteins	1868	1197	74.37	13.30	64.08
GCA_004332405.1_ASM433240v1_genomic_prodigal_proteins	2437	GCA_003210535.1_ASM321053v1_genomic_prodigal_proteins	1257	650	69.98	13.65	51.71
GCA_004332405.1_ASM433240v1_genomic_prodigal_proteins	2437	GCA_002724845.1_ASM272484v1_genomic_prodigal_proteins	1589	1230	71.71	13.21	77.41
GCA_004332405.1_ASM433240v1_genomic_prodigal_proteins	2437	GCA_000153285.1_ASM15328v1_genomic_prodigal_proteins	2746	1928	75.14	13.36	79.11
GCA_004332405.1_ASM433240v1_genomic_prodigal_proteins	2437	GCA_003211035.1_ASM321103v1_genomic_prodigal_proteins	530	324	69.47	13.61	61.13
GCA_004332405.1_ASM433240v1_genomic_prodigal_proteins	2437	GCA_001521855.1_ASM152185v1_genomic_prodigal_proteins	3144	1083	53.61	12.84	44.44
GCA_004332405.1_ASM433240v1_genomic_prodigal_proteins	2437	GCA_009835965.1_ASM983596v1_genomic_prodigal_proteins	2105	1167	61.77	12.84	55.44
GCA_004332405.1_ASM433240v1_genomic_prodigal_proteins	2437	GCA_012269695.1_ASM1226969v1_genomic_prodigal_proteins	2043	1145	65.85	13.69	56.05
GCA_004332405.1_ASM433240v1_genomic_prodigal_proteins	2437	GCA_000737535.1_ASM73753v1_genomic_prodigal_proteins	3013	1784	71.44	13.76	73.20
GCA_004332405.1_ASM433240v1_genomic_prodigal_proteins	2437	GCA_000586015.1_SynSpo.0_genomic_prodigal_proteins	1907	922	62.24	13.30	48.35
GCA_004332405.1_ASM433240v1_genomic_prodigal_proteins	2437	GCA_002760345.1_ASM276034v1_genomic_prodigal_proteins	2731	933	53.24	12.00	38.28
GCA_004332405.1_ASM433240v1_genomic_prodigal_proteins	2437	GCA_000013225.1_ASM1322v1_genomic_prodigal_proteins	2844	935	53.17	12.11	38.37
GCA_004332405.1_ASM433240v1_genomic_prodigal_proteins	2437	GCA_000332275.1_ASM33227v1_genomic_prodigal_proteins	4564	1048	51.93	12.32	43.00
GCA_004332405.1_ASM433240v1_genomic_prodigal_proteins	2437	GCA_002252675.1_ASM225267v1_genomic_prodigal_proteins	3295	1651	67.76	13.82	67.75
GCA_004332405.1_ASM433240v1_genomic_prodigal_proteins	2437	GCA_000737575.1_ASM73757v1_genomic_prodigal_proteins	2662	1797	72.32	13.68	73.74
GCA_004332405.1_ASM433240v1_genomic_prodigal_proteins	2437	GCA_902596755.1_AG-916-D19_genomic_prodigal_proteins	1152	644	71.03	14.12	55.90
GCA_004332405.1_ASM433240v1_genomic_prodigal_proteins	2437	GCA_003211455.1_ASM321145v1_genomic_prodigal_proteins	1186	612	70.78	14.01	51.60
GCA_004332405.1_ASM433240v1_genomic_prodigal_proteins	2437	GCA_003208755.1_ASM320875v1_genomic_prodigal_proteins	690	405	70.67	14.20	58.70
GCA_004332405.1_ASM433240v1_genomic_prodigal_proteins	2437	GCA_007571215.1_ASM757121v1_genomic_prodigal_proteins	1879	1159	61.26	12.97	61.68
GCA_004332405.1_ASM433240v1_genomic_prodigal_proteins	2437	GCA_001007635.1_ASM100763v1_genomic_prodigal_proteins	2333	1079	61.70	12.81	46.25
GCA_004332405.1_ASM433240v1_genomic_prodigal_proteins	2437	GCA_000179255.1_ASM17925v1_genomic_prodigal_proteins	2729	1732	68.05	14.13	71.07
GCA_004332405.1_ASM433240v1_genomic_prodigal_proteins	2437	GCA_003208975.1_ASM320897v1_genomic_prodigal_proteins	1804	907	71.10	13.67	50.28
GCA_004332405.1_ASM433240v1_genomic_prodigal_proteins	2437	GCA_012103655.1_ASM1210365v1_genomic_prodigal_proteins	2723	1856	74.03	13.24	76.16
GCA_004332405.1_ASM433240v1_genomic_prodigal_proteins	2437	GCA_902582045.1_AG-912-B07_genomic_prodigal_proteins	196	65	67.61	15.67	33.16
GCA_004332405.1_ASM433240v1_genomic_prodigal_proteins	2437	GCA_000153045.1_ASM15304v1_genomic_prodigal_proteins	3242	1675	67.77	13.71	68.73
GCA_004332405.1_ASM433240v1_genomic_prodigal_proteins	2437	GCA_902549675.1_AG-903-B09_genomic_prodigal_proteins	836	427	71.76	14.47	51.08
GCA_004332405.1_ASM433240v1_genomic_prodigal_proteins	2437	GCA_002018045.1_ASM201804v1_genomic_prodigal_proteins	1559	919	62.42	12.83	58.95
GCA_004332405.1_ASM433240v1_genomic_prodigal_proteins	2437	GCA_004213055.1_ASM421305v1_genomic_prodigal_proteins	2241	1663	76.31	12.84	74.21
GCA_004332405.1_ASM433240v1_genomic_prodigal_proteins	2437	GCA_007571085.1_ASM757108v1_genomic_prodigal_proteins	1784	1138	61.19	13.03	63.79
GCA_004332405.1_ASM433240v1_genomic_prodigal_proteins	2437	GCA_009839805.1_ASM983980v1_genomic_prodigal_proteins	1848	782	59.86	12.35	42.32
GCA_004332405.1_ASM433240v1_genomic_prodigal_proteins	2437	GCA_003210375.1_ASM321037v1_genomic_prodigal_proteins	2155	1253	70.63	13.50	58.14
GCA_004332405.1_ASM433240v1_genomic_prodigal_proteins	2437	GCA_004332415.1_ASM433241v1_genomic_prodigal_proteins	2408	2189	97.38	5.20	90.91
GCA_004332405.1_ASM433240v1_genomic_prodigal_proteins	2437	GCA_009836025.1_ASM983602v1_genomic_prodigal_proteins	2290	1172	61.63	12.83	51.18
GCA_004332405.1_ASM433240v1_genomic_prodigal_proteins	2437	GCA_009843455.1_ASM984345v1_genomic_prodigal_proteins	2423	1150	61.39	12.78	47.46
GCA_004332405.1_ASM433240v1_genomic_prodigal_proteins	2437	GCA_009843485.1_ASM984348v1_genomic_prodigal_proteins	2158	1174	61.64	12.91	54.40
GCA_004332405.1_ASM433240v1_genomic_prodigal_proteins	2437	GCA_003283135.1_ASM328313v1_genomic_prodigal_proteins	459	131	70.45	15.30	28.54
GCA_004332405.1_ASM433240v1_genomic_prodigal_proteins	2437	GCA_902635485.1_AG-447-G23_genomic_prodigal_proteins	327	114	68.69	15.55	34.86
GCA_004332405.1_ASM433240v1_genomic_prodigal_proteins	2437	GCA_002760415.1_ASM276041v1_genomic_prodigal_proteins	2670	922	53.18	12.05	37.83
GCA_004332405.1_ASM433240v1_genomic_prodigal_proteins	2437	GCA_002754935.1_ASM275493v1_genomic_prodigal_proteins	2664	978	54.12	12.52	40.13
GCA_004332405.1_ASM433240v1_genomic_prodigal_proteins	2437	GCA_002171685.2_ASM217168v2_genomic_prodigal_proteins	811	664	75.21	12.13	81.87
GCA_004332405.1_ASM433240v1_genomic_prodigal_proteins	2437	GCA_000737595.1_ASM73759v1_genomic_prodigal_proteins	2774	1799	71.69	13.79	73.82
GCA_004332405.1_ASM433240v1_genomic_prodigal_proteins	2437	GCA_003331785.1_ASM333178v1_genomic_prodigal_proteins	2125	1661	74.34	12.72	78.16
GCA_004332405.1_ASM433240v1_genomic_prodigal_proteins	2437	GCA_009842265.1_ASM984226v1_genomic_prodigal_proteins	2398	1167	61.52	12.79	48.67
GCA_004332405.1_ASM433240v1_genomic_prodigal_proteins	2437	GCA_902579345.1_AG-911-L15_genomic_prodigal_proteins	248	92	66.29	16.27	37.10
GCA_004332405.1_ASM433240v1_genomic_prodigal_proteins	2437	GCA_000011345.1_ASM1134v1_genomic_prodigal_proteins	2520	1035	54.02	12.62	42.47
GCA_004332405.1_ASM433240v1_genomic_prodigal_proteins	2437	GCA_003210705.1_ASM321070v1_genomic_prodigal_proteins	2244	1370	73.57	13.44	61.05
GCA_004332405.1_ASM433240v1_genomic_prodigal_proteins	2437	GCA_000019485.1_ASM1948v1_genomic_prodigal_proteins	3233	1084	53.55	12.90	44.48
GCA_004332405.1_ASM433240v1_genomic_prodigal_proteins	2437	GCA_003283055.1_ASM328305v1_genomic_prodigal_proteins	482	81	64.61	16.60	16.80
GCA_004332405.1_ASM433240v1_genomic_prodigal_proteins	2437	GCA_000010065.1_ASM1006v1_genomic_prodigal_proteins	2691	1211	55.95	13.13	49.69
GCA_004332405.1_ASM433240v1_genomic_prodigal_proteins	2437	GCA_000316685.1_ASM31668v1_genomic_prodigal_proteins	3706	1070	53.48	12.72	43.91
GCA_004332405.1_ASM433240v1_genomic_prodigal_proteins	2437	GCA_000063525.1_ASM6352v1_genomic_prodigal_proteins	2540	1675	66.40	14.30	68.73
GCA_004332405.1_ASM433240v1_genomic_prodigal_proteins	2437	GCA_003283165.1_ASM328316v1_genomic_prodigal_proteins	217	74	70.99	13.00	34.10
GCA_004332405.1_ASM433240v1_genomic_prodigal_proteins	2437	GCA_902540675.1_AG-359-E22_genomic_prodigal_proteins	584	274	72.08	15.74	46.92
GCA_004332405.1_ASM433240v1_genomic_prodigal_proteins	2437	GCA_011055065.1_ASM1105506v1_genomic_prodigal_proteins	2792	889	53.08	12.22	36.48
GCA_004332405.1_ASM433240v1_genomic_prodigal_proteins	2437	GCA_000013205.1_ASM1320v1_genomic_prodigal_proteins	2750	936	53.23	12.02	38.41
GCA_004332405.1_ASM433240v1_genomic_prodigal_proteins	2437	GCA_003539795.1_ASM353979v1_genomic_prodigal_proteins	2284	1368	70.99	13.34	59.89
GCA_004332405.1_ASM433240v1_genomic_prodigal_proteins	2437	GCA_002171995.1_ASM217199v1_genomic_prodigal_proteins	1978	1086	75.29	13.22	54.90
GCA_004332405.1_ASM433240v1_genomic_prodigal_proteins	2437	GCA_011523835.1_ASM1152383v1_genomic_prodigal_proteins	2468	1634	74.30	13.56	67.05
GCA_004332405.1_ASM433240v1_genomic_prodigal_proteins	2437	GCA_002172175.1_ASM217217v1_genomic_prodigal_proteins	1846	1061	64.78	13.85	57.48
GCA_004332405.1_ASM433240v1_genomic_prodigal_proteins	2437	GCA_003208835.1_ASM320883v1_genomic_prodigal_proteins	2208	1253	71.10	13.80	56.75
GCA_004332405.1_ASM433240v1_genomic_prodigal_proteins	2437	GCA_902589915.1_AG-914-F20_genomic_prodigal_proteins	373	137	73.04	15.58	36.73
GCA_004332405.1_ASM433240v1_genomic_prodigal_proteins	2437	GCA_000485815.1_ASM48581v1_genomic_prodigal_proteins	3083	1059	53.67	12.83	43.46
GCA_004332405.1_ASM433240v1_genomic_prodigal_proteins	2437	GCA_008807075.1_ASM880707v1_genomic_prodigal_proteins	2925	1654	67.15	13.88	67.87
GCA_004332405.1_ASM433240v1_genomic_prodigal_proteins	2437	GCA_000179235.2_ASM17923v2_genomic_prodigal_proteins	3071	1783	68.73	14.13	73.16
GCA_004332405.1_ASM433240v1_genomic_prodigal_proteins	2437	GCA_003210795.1_ASM321079v1_genomic_prodigal_proteins	2239	1275	71.12	13.72	56.95
GCA_004332405.1_ASM433240v1_genomic_prodigal_proteins	2437	GCA_002706715.1_ASM270671v1_genomic_prodigal_proteins	1148	882	71.56	13.58	76.83
GCA_004332405.1_ASM433240v1_genomic_prodigal_proteins	2437	GCA_003331245.1_ASM333124v1_genomic_prodigal_proteins	2021	1489	71.88	13.45	73.68
GCA_004332405.1_ASM433240v1_genomic_prodigal_proteins	2437	GCA_009843385.1_ASM984338v1_genomic_prodigal_proteins	2085	968	61.95	12.83	46.43
GCA_004332405.1_ASM433240v1_genomic_prodigal_proteins	2437	GCA_003211205.1_ASM321120v1_genomic_prodigal_proteins	2288	1428	73.93	13.19	62.41
GCA_004332405.1_ASM433240v1_genomic_prodigal_proteins	2437	GCA_000063505.1_ASM6350v1_genomic_prodigal_proteins	2558	1936	75.27	13.56	79.44
GCA_004332405.1_ASM433240v1_genomic_prodigal_proteins	2437	GCA_900474245.1_UW179B_genomic_prodigal_proteins	2743	1858	74.25	13.23	76.24
GCA_004332405.1_ASM433240v1_genomic_prodigal_proteins	2437	GCA_003210345.1_ASM321034v1_genomic_prodigal_proteins	1256	720	69.84	13.68	57.32
GCA_004332405.1_ASM433240v1_genomic_prodigal_proteins	2437	GCA_003210315.1_ASM321031v1_genomic_prodigal_proteins	1815	1121	73.00	13.30	61.76
GCA_004332405.1_ASM433240v1_genomic_prodigal_proteins	2437	GCA_009836155.1_ASM983615v1_genomic_prodigal_proteins	1947	1113	61.82	12.72	57.16
GCA_004332405.1_ASM433240v1_genomic_prodigal_proteins	2437	GCA_003990665.2_ASM399066v2_genomic_prodigal_proteins	2499	1041	53.99	12.62	42.72
GCA_004332405.1_ASM433240v1_genomic_prodigal_proteins	2437	GCA_003209135.1_ASM320913v1_genomic_prodigal_proteins	1719	960	70.05	13.95	55.85
GCA_004332405.1_ASM433240v1_genomic_prodigal_proteins	2437	GCA_009845105.1_ASM984510v1_genomic_prodigal_proteins	1941	930	61.21	12.94	47.91
GCA_004332405.1_ASM433240v1_genomic_prodigal_proteins	2437	GCA_002690325.1_ASM269032v1_genomic_prodigal_proteins	2554	1616	70.46	13.66	66.31
GCA_004332405.1_ASM433240v1_genomic_prodigal_proteins	2437	GCA_000161795.2_ASM16179v2_genomic_prodigal_proteins	2407	1699	72.41	13.48	70.59
GCA_004332405.1_ASM433240v1_genomic_prodigal_proteins	2437	GCA_004211895.1_ASM421189v1_genomic_prodigal_proteins	954	700	72.43	13.47	73.38
GCA_004332405.1_ASM433240v1_genomic_prodigal_proteins	2437	GCA_003210735.1_ASM321073v1_genomic_prodigal_proteins	2337	1291	70.58	13.57	55.24
GCA_004332405.1_ASM433240v1_genomic_prodigal_proteins	2437	GCA_003209035.1_ASM320903v1_genomic_prodigal_proteins	1803	957	70.56	14.01	53.08
GCA_004332405.1_ASM433240v1_genomic_prodigal_proteins	2437	GCA_003712085.1_ASM371208v1_genomic_prodigal_proteins	2745	1777	72.17	13.64	72.92
GCA_004332405.1_ASM433240v1_genomic_prodigal_proteins	2437	GCA_003212155.1_ASM321215v1_genomic_prodigal_proteins	262	109	62.72	16.68	41.60
GCA_004332405.1_ASM433240v1_genomic_prodigal_proteins	2437	GCA_001040845.1_ASM104084v1_genomic_prodigal_proteins	2917	1848	74.04	13.03	75.83
GCA_004332405.1_ASM433240v1_genomic_prodigal_proteins	2437	GCA_002018015.1_ASM201801v1_genomic_prodigal_proteins	1578	898	62.36	12.96	56.91
GCA_004332405.1_ASM433240v1_genomic_prodigal_proteins	2437	GCA_003211255.1_ASM321125v1_genomic_prodigal_proteins	1850	977	70.33	13.83	52.81
GCA_004332405.1_ASM433240v1_genomic_prodigal_proteins	2437	GCA_002721235.1_ASM272123v1_genomic_prodigal_proteins	3119	1083	53.60	12.81	44.44
GCA_004332405.1_ASM433240v1_genomic_prodigal_proteins	2437	GCA_009839305.1_ASM983930v1_genomic_prodigal_proteins	1816	875	62.13	13.24	48.18
GCA_004332405.1_ASM433240v1_genomic_prodigal_proteins	2437	GCA_011365345.1_ASM1136534v1_genomic_prodigal_proteins	2655	1770	71.84	13.79	72.63
GCA_004332405.1_ASM433240v1_genomic_prodigal_proteins	2437	GCA_001039265.1_ASM103926v1_genomic_prodigal_proteins	2832	1149	69.70	13.95	47.15
GCA_004332405.1_ASM433240v1_genomic_prodigal_proteins	2437	GCA_001628325.1_ASM162832v1_genomic_prodigal_proteins	2129	1565	72.53	13.35	73.51
GCA_004332405.1_ASM433240v1_genomic_prodigal_proteins	2437	GCA_003209215.1_ASM320921v1_genomic_prodigal_proteins	1679	880	71.98	13.54	52.41
GCA_004332405.1_ASM433240v1_genomic_prodigal_proteins	2437	GCA_002737305.1_ASM273730v1_genomic_prodigal_proteins	1951	1256	68.17	13.78	64.38
GCA_004332405.1_ASM433240v1_genomic_prodigal_proteins	2437	GCA_003210515.1_ASM321051v1_genomic_prodigal_proteins	1673	989	70.35	13.71	59.12
GCA_004332405.1_ASM433240v1_genomic_prodigal_proteins	2437	GCA_011525445.1_ASM1152544v1_genomic_prodigal_proteins	3208	1520	72.35	13.17	62.37
GCA_004332405.1_ASM433240v1_genomic_prodigal_proteins	2437	GCA_902599435.1_AG-916-N22_genomic_prodigal_proteins	793	425	73.20	14.19	53.59
GCA_004332405.1_ASM433240v1_genomic_prodigal_proteins	2437	GCA_003149585.1_ASM314958v1_genomic_prodigal_proteins	2600	1777	68.53	14.45	72.92
GCA_004332405.1_ASM433240v1_genomic_prodigal_proteins	2437	GCA_902560665.1_AG-905-O11_genomic_prodigal_proteins	401	178	71.59	14.83	44.39
GCA_004332405.1_ASM433240v1_genomic_prodigal_proteins	2437	GCA_003331795.1_ASM333179v1_genomic_prodigal_proteins	1948	1334	66.31	14.30	68.48
GCA_004332405.1_ASM433240v1_genomic_prodigal_proteins	2437	GCA_002017955.1_ASM201795v1_genomic_prodigal_proteins	512	255	61.85	12.93	49.80
GCA_004332405.1_ASM433240v1_genomic_prodigal_proteins	2437	GCA_902584485.1_AG-912-O23_genomic_prodigal_proteins	535	252	70.80	15.28	47.10
GCA_004332405.1_ASM433240v1_genomic_prodigal_proteins	2437	GCA_902527915.1_AG-896-G19_genomic_prodigal_proteins	1003	561	72.39	13.67	55.93
GCA_004332405.1_ASM433240v1_genomic_prodigal_proteins	2437	GCA_902635365.1_AG-447-D19_genomic_prodigal_proteins	1690	836	71.35	13.69	49.47
GCA_004332405.1_ASM433240v1_genomic_prodigal_proteins	2437	GCA_900474085.1_UW86_genomic_prodigal_proteins	2403	1726	72.44	13.53	71.83
GCA_004332405.1_ASM433240v1_genomic_prodigal_proteins	2437	GCA_001885215.1_ASM188521v1_genomic_prodigal_proteins	2897	1642	67.16	13.46	67.38
GCA_004332405.1_ASM433240v1_genomic_prodigal_proteins	2437	GCA_902575935.1_AG-426-B22_genomic_prodigal_proteins	254	148	75.54	13.71	58.27
GCA_004332405.1_ASM433240v1_genomic_prodigal_proteins	2437	GCA_900474295.1_UW140_genomic_prodigal_proteins	2925	1925	75.71	13.10	78.99
GCA_004332405.1_ASM433240v1_genomic_prodigal_proteins	2437	GCA_003211565.1_ASM321156v1_genomic_prodigal_proteins	1489	777	71.42	13.82	52.18
GCA_004332405.1_ASM433240v1_genomic_prodigal_proteins	2437	GCA_003526105.1_ASM352610v1_genomic_prodigal_proteins	1581	926	73.01	13.32	58.57
GCA_004332405.1_ASM433240v1_genomic_prodigal_proteins	2437	GCA_002172935.1_ASM217293v1_genomic_prodigal_proteins	1996	1520	74.01	13.44	76.15
GCA_004332405.1_ASM433240v1_genomic_prodigal_proteins	2437	GCA_003210335.1_ASM321033v1_genomic_prodigal_proteins	942	379	69.72	14.75	40.23
GCA_004332405.1_ASM433240v1_genomic_prodigal_proteins	2437	GCA_009846115.1_ASM984611v1_genomic_prodigal_proteins	2048	1039	61.48	12.92	50.73
GCA_004332405.1_ASM433240v1_genomic_prodigal_proteins	2437	GCA_001693295.1_ASM169329v1_genomic_prodigal_proteins	3183	1080	53.60	12.84	44.32
GCA_004332405.1_ASM433240v1_genomic_prodigal_proteins	2437	GCA_900473965.1_UW179A_genomic_prodigal_proteins	3383	1865	73.91	13.35	76.53
GCA_004332405.1_ASM433240v1_genomic_prodigal_proteins	2437	GCA_003213755.1_ASM321375v1_genomic_prodigal_proteins	1050	581	65.69	14.36	55.33
GCA_004332405.1_ASM433240v1_genomic_prodigal_proteins	2437	GCA_003209155.1_ASM320915v1_genomic_prodigal_proteins	2305	1416	73.85	13.21	61.43
GCA_004332405.1_ASM433240v1_genomic_prodigal_proteins	2437	GCA_003211515.1_ASM321151v1_genomic_prodigal_proteins	2451	1146	70.42	13.90	47.03
GCA_004332405.1_ASM433240v1_genomic_prodigal_proteins	2437	GCA_002693285.1_ASM269328v1_genomic_prodigal_proteins	2440	1646	73.88	13.34	67.54
GCA_004332405.1_ASM433240v1_genomic_prodigal_proteins	2437	GCA_003210555.1_ASM321055v1_genomic_prodigal_proteins	1847	1050	73.26	13.20	56.85
GCA_004332405.1_ASM433240v1_genomic_prodigal_proteins	2437	GCA_000155595.1_ASM15559v1_genomic_prodigal_proteins	5270	1129	52.91	12.92	46.33
GCA_004332405.1_ASM433240v1_genomic_prodigal_proteins	2437	GCA_001007665.1_ASM100766v1_genomic_prodigal_proteins	2356	1202	61.30	12.86	51.02
GCA_004332405.1_ASM433240v1_genomic_prodigal_proteins	2437	GCA_009919765.1_ASM991976v1_genomic_prodigal_proteins	2524	1136	66.30	14.18	46.61
GCA_004332405.1_ASM433240v1_genomic_prodigal_proteins	2437	GCA_003331225.1_ASM333122v1_genomic_prodigal_proteins	2113	1457	66.41	14.00	68.95
GCA_004332405.1_ASM433240v1_genomic_prodigal_proteins	2437	GCA_900177825.1_IMG-taxon_2708742468_annotated_assembly_genomic_prodigal_proteins	3317	1073	53.54	12.93	44.03
GCA_004332405.1_ASM433240v1_genomic_prodigal_proteins	2437	GCA_000195975.1_ASM19597v1_genomic_prodigal_proteins	2719	1759	72.48	13.54	72.18
GCA_004332405.1_ASM433240v1_genomic_prodigal_proteins	2437	GCA_902618885.1_AG-920-D15_genomic_prodigal_proteins	1178	671	72.71	14.78	56.96
GCA_004332405.1_ASM433240v1_genomic_prodigal_proteins	2437	GCA_003209165.1_ASM320916v1_genomic_prodigal_proteins	2711	1476	71.85	13.60	60.57
GCA_004332405.1_ASM433240v1_genomic_prodigal_proteins	2437	GCA_001007625.1_ASM100762v1_genomic_prodigal_proteins	2478	1040	61.79	12.96	42.68
GCA_004332405.1_ASM433240v1_genomic_prodigal_proteins	2437	GCA_008386235.1_ASM838623v1_genomic_prodigal_proteins	2571	1036	54.00	12.63	42.51
GCA_004332405.1_ASM433240v1_genomic_prodigal_proteins	2437	GCA_001631935.1_ASM163193v1_genomic_prodigal_proteins	3526	1870	73.98	13.31	76.73
GCA_004332405.1_ASM433240v1_genomic_prodigal_proteins	2437	GCA_002151525.1_ASM215152v1_genomic_prodigal_proteins	1628	1151	64.46	14.22	70.70
GCA_004332405.1_ASM433240v1_genomic_prodigal_proteins	2437	GCA_000153065.1_ASM15306v1_genomic_prodigal_proteins	2704	1978	81.84	11.56	81.17
GCA_004332405.1_ASM433240v1_genomic_prodigal_proteins	2437	GCA_009837265.1_ASM983726v1_genomic_prodigal_proteins	2126	1101	61.58	12.82	51.79
GCA_004332405.1_ASM433240v1_genomic_prodigal_proteins	2437	GCA_902533725.1_AG-898-C20_genomic_prodigal_proteins	421	151	70.46	14.69	35.87
GCA_004332405.1_ASM433240v1_genomic_prodigal_proteins	2437	GCA_002171075.2_ASM217107v2_genomic_prodigal_proteins	1919	1248	64.52	13.77	65.03
GCA_004332405.1_ASM433240v1_genomic_prodigal_proteins	2437	GCA_002760395.1_ASM276039v1_genomic_prodigal_proteins	2661	912	53.20	12.07	37.42
GCA_004332405.1_ASM433240v1_genomic_prodigal_proteins	2437	GCA_003209005.1_ASM320900v1_genomic_prodigal_proteins	2548	1576	74.05	12.96	64.67
GCA_004332405.1_ASM433240v1_genomic_prodigal_proteins	2437	GCA_002017915.1_ASM201791v1_genomic_prodigal_proteins	623	323	64.10	13.74	51.85
GCA_004332405.1_ASM433240v1_genomic_prodigal_proteins	2437	GCA_900047545.1_m9_genomic_prodigal_proteins	1575	908	61.66	12.78	57.65
GCA_004332405.1_ASM433240v1_genomic_prodigal_proteins	2437	GCA_001632105.1_ASM163210v1_genomic_prodigal_proteins	3521	1881	73.94	13.30	77.19
GCA_004332405.1_ASM433240v1_genomic_prodigal_proteins	2437	GCA_004212765.1_ASM421276v1_genomic_prodigal_proteins	1162	849	72.27	13.38	73.06
GCA_004332405.1_ASM433240v1_genomic_prodigal_proteins	2437	GCA_002685515.1_ASM268551v1_genomic_prodigal_proteins	1286	957	73.81	12.55	74.42
GCA_004332405.1_ASM433240v1_genomic_prodigal_proteins	2437	GCA_007828135.1_ASM782813v1_genomic_prodigal_proteins	2917	1643	67.21	13.48	67.42
GCA_004332405.1_ASM433240v1_genomic_prodigal_proteins	2437	GCA_011047875.1_ASM1104787v1_genomic_prodigal_proteins	2810	915	53.14	12.24	37.55
GCA_004332405.1_ASM433240v1_genomic_prodigal_proteins	2437	GCA_009840445.1_ASM984044v1_genomic_prodigal_proteins	2167	1200	61.73	12.87	55.38
GCA_004332405.1_ASM433240v1_genomic_prodigal_proteins	2437	GCA_003210995.1_ASM321099v1_genomic_prodigal_proteins	2385	1395	73.52	13.79	58.49
GCA_004332405.1_ASM433240v1_genomic_prodigal_proteins	2437	GCA_902616995.1_AG-919-L20_genomic_prodigal_proteins	654	355	71.65	13.78	54.28
GCA_004332405.1_ASM433240v1_genomic_prodigal_proteins	2437	GCA_009845825.1_ASM984582v1_genomic_prodigal_proteins	2168	1021	61.92	12.72	47.09
GCA_004332405.1_ASM433240v1_genomic_prodigal_proteins	2437	GCA_000515235.1_ASM51523v1_genomic_prodigal_proteins	2873	1786	71.23	13.79	73.29
GCA_004332405.1_ASM433240v1_genomic_prodigal_proteins	2437	GCA_003523965.1_ASM352396v1_genomic_prodigal_proteins	1735	766	62.84	13.14	44.15
GCA_004332405.1_ASM433240v1_genomic_prodigal_proteins	2437	GCA_002684175.1_ASM268417v1_genomic_prodigal_proteins	1819	1067	69.14	13.08	58.66
GCA_004332405.1_ASM433240v1_genomic_prodigal_proteins	2437	GCA_011523295.1_ASM1152329v1_genomic_prodigal_proteins	2851	1380	70.61	13.57	56.63
GCA_004332405.1_ASM433240v1_genomic_prodigal_proteins	2437	GCA_003211015.1_ASM321101v1_genomic_prodigal_proteins	2128	1353	74.15	13.10	63.58
GCA_004332405.1_ASM433240v1_genomic_prodigal_proteins	2437	GCA_002006815.1_ASM200681v1_genomic_prodigal_proteins	1973	1434	64.93	14.06	72.68
GCA_000153825.1_ASM15382v1_genomic_prodigal_proteins	2811	GCA_002760475.1_ASM276047v1_genomic_prodigal_proteins	2647	928	53.02	12.18	35.06
GCA_000153825.1_ASM15382v1_genomic_prodigal_proteins	2811	GCA_003210565.1_ASM321056v1_genomic_prodigal_proteins	836	494	72.92	14.29	59.09
GCA_000153825.1_ASM15382v1_genomic_prodigal_proteins	2811	GCA_902618505.1_AG-892-K03_genomic_prodigal_proteins	959	412	72.52	15.26	42.96
GCA_000153825.1_ASM15382v1_genomic_prodigal_proteins	2811	GCA_005577135.1_ASM557713v1_genomic_prodigal_proteins	3356	1107	53.58	12.94	39.38
GCA_000153825.1_ASM15382v1_genomic_prodigal_proteins	2811	GCA_003846445.1_ASM384644v1_genomic_prodigal_proteins	2740	1196	55.80	13.18	43.65
GCA_000153825.1_ASM15382v1_genomic_prodigal_proteins	2811	GCA_000505665.1_ASM50566v1_genomic_prodigal_proteins	2466	1007	54.15	12.57	40.84
GCA_000153825.1_ASM15382v1_genomic_prodigal_proteins	2811	GCA_902616255.1_AG-919-I18_genomic_prodigal_proteins	1046	612	70.10	14.33	58.51
GCA_000153825.1_ASM15382v1_genomic_prodigal_proteins	2811	GCA_001182765.1_WH8103.1_genomic_prodigal_proteins	2676	1843	72.30	13.72	68.87
GCA_000153825.1_ASM15382v1_genomic_prodigal_proteins	2811	GCA_002760375.1_ASM276037v1_genomic_prodigal_proteins	2702	934	52.92	12.23	34.57
GCA_000153825.1_ASM15382v1_genomic_prodigal_proteins	2811	GCA_902592305.1_AG-914-O22_genomic_prodigal_proteins	179	103	72.68	15.10	57.54
GCA_000153825.1_ASM15382v1_genomic_prodigal_proteins	2811	GCA_001632165.1_ASM163216v1_genomic_prodigal_proteins	2830	1930	73.18	13.49	68.66
GCA_000153825.1_ASM15382v1_genomic_prodigal_proteins	2811	GCA_004332405.1_ASM433240v1_genomic_prodigal_proteins	2437	1942	76.48	13.20	79.69
GCA_000153825.1_ASM15382v1_genomic_prodigal_proteins	2811	GCA_900473975.1_N26_genomic_prodigal_proteins	2454	1798	72.73	13.87	73.27
GCA_000153825.1_ASM15382v1_genomic_prodigal_proteins	2811	GCA_902612475.1_AG-918-G20_genomic_prodigal_proteins	502	229	70.69	14.30	45.62
GCA_000153825.1_ASM15382v1_genomic_prodigal_proteins	2811	GCA_000775285.1_ASM77528v1_genomic_prodigal_proteins	4812	971	54.01	12.97	34.54
GCA_000153825.1_ASM15382v1_genomic_prodigal_proteins	2811	GCA_002698505.1_ASM269850v1_genomic_prodigal_proteins	2471	1939	80.33	11.70	78.47
GCA_000153825.1_ASM15382v1_genomic_prodigal_proteins	2811	GCA_002252665.1_ASM225266v1_genomic_prodigal_proteins	2771	1686	67.87	13.91	60.84
GCA_000153825.1_ASM15382v1_genomic_prodigal_proteins	2811	GCA_003555505.1_ASM355550v1_genomic_prodigal_proteins	3351	755	54.55	13.12	26.86
GCA_000153825.1_ASM15382v1_genomic_prodigal_proteins	2811	GCA_900474015.1_UW106_genomic_prodigal_proteins	2762	1906	71.63	14.17	69.01
GCA_000153825.1_ASM15382v1_genomic_prodigal_proteins	2811	GCA_000715475.1_ASM71547v1_genomic_prodigal_proteins	3299	1085	53.64	12.92	38.60
GCA_000153825.1_ASM15382v1_genomic_prodigal_proteins	2811	GCA_001628295.1_ASM162829v1_genomic_prodigal_proteins	2145	1654	72.74	13.73	77.11
GCA_000153825.1_ASM15382v1_genomic_prodigal_proteins	2811	GCA_003208775.1_ASM320877v1_genomic_prodigal_proteins	1808	1201	72.66	13.61	66.43
GCA_000153825.1_ASM15382v1_genomic_prodigal_proteins	2811	GCA_003210975.1_ASM321097v1_genomic_prodigal_proteins	627	426	71.35	14.28	67.94
GCA_000153825.1_ASM15382v1_genomic_prodigal_proteins	2811	GCA_003208915.1_ASM320891v1_genomic_prodigal_proteins	1208	646	70.86	13.83	53.48
GCA_000153825.1_ASM15382v1_genomic_prodigal_proteins	2811	GCA_009837735.1_ASM983773v1_genomic_prodigal_proteins	2041	948	61.59	12.88	46.45
GCA_000153825.1_ASM15382v1_genomic_prodigal_proteins	2811	GCA_902548805.1_AG-901-N20_genomic_prodigal_proteins	158	70	71.37	16.28	44.30
GCA_000153825.1_ASM15382v1_genomic_prodigal_proteins	2811	GCA_003211235.1_ASM321123v1_genomic_prodigal_proteins	1698	957	71.06	13.81	56.36
GCA_000153825.1_ASM15382v1_genomic_prodigal_proteins	2811	GCA_004209775.1_ASM420977v1_genomic_prodigal_proteins	2798	1966	75.83	13.19	70.26
GCA_000153825.1_ASM15382v1_genomic_prodigal_proteins	2811	GCA_003283215.1_ASM328321v1_genomic_prodigal_proteins	239	72	71.03	15.99	30.13
GCA_000153825.1_ASM15382v1_genomic_prodigal_proteins	2811	GCA_003209555.1_ASM320955v1_genomic_prodigal_proteins	908	435	66.70	15.01	47.91
GCA_000153825.1_ASM15382v1_genomic_prodigal_proteins	2811	GCA_000153805.1_ASM15380v1_genomic_prodigal_proteins	2517	1838	71.04	13.73	73.02
GCA_000153825.1_ASM15382v1_genomic_prodigal_proteins	2811	GCA_003283205.1_ASM328320v1_genomic_prodigal_proteins	274	93	70.07	16.07	33.94
GCA_000153825.1_ASM15382v1_genomic_prodigal_proteins	2811	GCA_900473925.1_N5_genomic_prodigal_proteins	2417	1783	72.57	13.84	73.77
GCA_000153825.1_ASM15382v1_genomic_prodigal_proteins	2811	GCA_902592665.1_AG-447-E14_genomic_prodigal_proteins	1111	549	69.13	14.84	49.41
GCA_000153825.1_ASM15382v1_genomic_prodigal_proteins	2811	GCA_011523155.1_ASM1152315v1_genomic_prodigal_proteins	2101	1410	79.15	11.89	67.11
GCA_000153825.1_ASM15382v1_genomic_prodigal_proteins	2811	GCA_003211275.1_ASM321127v1_genomic_prodigal_proteins	2168	1344	72.14	13.78	61.99
GCA_000153825.1_ASM15382v1_genomic_prodigal_proteins	2811	GCA_003957805.1_ASM395780v1_genomic_prodigal_proteins	2887	1230	55.92	13.23	43.76
GCA_000153825.1_ASM15382v1_genomic_prodigal_proteins	2811	GCA_012270465.1_ASM1227046v1_genomic_prodigal_proteins	2311	1379	65.63	13.84	59.67
GCA_000153825.1_ASM15382v1_genomic_prodigal_proteins	2811	GCA_001693255.1_ASM169325v1_genomic_prodigal_proteins	3177	1107	53.57	12.97	39.38
GCA_000153825.1_ASM15382v1_genomic_prodigal_proteins	2811	GCA_003210385.1_ASM321038v1_genomic_prodigal_proteins	286	218	74.30	12.91	76.22
GCA_000153825.1_ASM15382v1_genomic_prodigal_proteins	2811	GCA_002170705.1_ASM217070v1_genomic_prodigal_proteins	1392	988	71.71	13.49	70.98
GCA_000153825.1_ASM15382v1_genomic_prodigal_proteins	2811	GCA_002356215.1_ASM235621v1_genomic_prodigal_proteins	2953	1087	53.58	13.02	38.67
GCA_000153825.1_ASM15382v1_genomic_prodigal_proteins	2811	GCA_003210935.1_ASM321093v1_genomic_prodigal_proteins	1868	1281	73.62	13.51	68.58
GCA_000153825.1_ASM15382v1_genomic_prodigal_proteins	2811	GCA_003210535.1_ASM321053v1_genomic_prodigal_proteins	1257	715	69.76	13.53	56.88
GCA_000153825.1_ASM15382v1_genomic_prodigal_proteins	2811	GCA_002724845.1_ASM272484v1_genomic_prodigal_proteins	1589	1249	71.89	13.39	78.60
GCA_000153825.1_ASM15382v1_genomic_prodigal_proteins	2811	GCA_000153285.1_ASM15328v1_genomic_prodigal_proteins	2746	1970	73.84	13.41	71.74
GCA_000153825.1_ASM15382v1_genomic_prodigal_proteins	2811	GCA_003211035.1_ASM321103v1_genomic_prodigal_proteins	530	329	69.43	14.05	62.08
GCA_000153825.1_ASM15382v1_genomic_prodigal_proteins	2811	GCA_001521855.1_ASM152185v1_genomic_prodigal_proteins	3144	1109	53.56	12.98	39.45
GCA_000153825.1_ASM15382v1_genomic_prodigal_proteins	2811	GCA_009835965.1_ASM983596v1_genomic_prodigal_proteins	2105	1170	61.74	12.79	55.58
GCA_000153825.1_ASM15382v1_genomic_prodigal_proteins	2811	GCA_012269695.1_ASM1226969v1_genomic_prodigal_proteins	2043	1176	66.06	13.71	57.56
GCA_000153825.1_ASM15382v1_genomic_prodigal_proteins	2811	GCA_000737535.1_ASM73753v1_genomic_prodigal_proteins	3013	1884	70.95	14.00	67.02
GCA_000153825.1_ASM15382v1_genomic_prodigal_proteins	2811	GCA_000586015.1_SynSpo.0_genomic_prodigal_proteins	1907	932	62.23	13.37	48.87
GCA_000153825.1_ASM15382v1_genomic_prodigal_proteins	2811	GCA_002760345.1_ASM276034v1_genomic_prodigal_proteins	2731	944	53.01	12.16	34.57
GCA_000153825.1_ASM15382v1_genomic_prodigal_proteins	2811	GCA_000013225.1_ASM1322v1_genomic_prodigal_proteins	2844	961	52.75	12.33	34.19
GCA_000153825.1_ASM15382v1_genomic_prodigal_proteins	2811	GCA_000332275.1_ASM33227v1_genomic_prodigal_proteins	4564	1057	52.18	12.35	37.60
GCA_000153825.1_ASM15382v1_genomic_prodigal_proteins	2811	GCA_002252675.1_ASM225267v1_genomic_prodigal_proteins	3295	1659	67.05	13.96	59.02
GCA_000153825.1_ASM15382v1_genomic_prodigal_proteins	2811	GCA_000737575.1_ASM73757v1_genomic_prodigal_proteins	2662	1897	71.92	13.74	71.26
GCA_000153825.1_ASM15382v1_genomic_prodigal_proteins	2811	GCA_902596755.1_AG-916-D19_genomic_prodigal_proteins	1152	673	71.48	14.22	58.42
GCA_000153825.1_ASM15382v1_genomic_prodigal_proteins	2811	GCA_003211455.1_ASM321145v1_genomic_prodigal_proteins	1186	659	71.17	14.36	55.56
GCA_000153825.1_ASM15382v1_genomic_prodigal_proteins	2811	GCA_003208755.1_ASM320875v1_genomic_prodigal_proteins	690	434	71.27	13.66	62.90
GCA_000153825.1_ASM15382v1_genomic_prodigal_proteins	2811	GCA_007571215.1_ASM757121v1_genomic_prodigal_proteins	1879	1171	61.00	12.94	62.32
GCA_000153825.1_ASM15382v1_genomic_prodigal_proteins	2811	GCA_001007635.1_ASM100763v1_genomic_prodigal_proteins	2333	1078	61.66	12.73	46.21
GCA_000153825.1_ASM15382v1_genomic_prodigal_proteins	2811	GCA_000179255.1_ASM17925v1_genomic_prodigal_proteins	2729	1736	67.80	14.19	63.61
GCA_000153825.1_ASM15382v1_genomic_prodigal_proteins	2811	GCA_003208975.1_ASM320897v1_genomic_prodigal_proteins	1804	970	71.09	13.91	53.77
GCA_000153825.1_ASM15382v1_genomic_prodigal_proteins	2811	GCA_012103655.1_ASM1210365v1_genomic_prodigal_proteins	2723	1960	73.28	13.18	71.98
GCA_000153825.1_ASM15382v1_genomic_prodigal_proteins	2811	GCA_902582045.1_AG-912-B07_genomic_prodigal_proteins	196	81	68.68	17.53	41.33
GCA_000153825.1_ASM15382v1_genomic_prodigal_proteins	2811	GCA_000153045.1_ASM15304v1_genomic_prodigal_proteins	3242	1714	67.04	13.71	60.97
GCA_000153825.1_ASM15382v1_genomic_prodigal_proteins	2811	GCA_902549675.1_AG-903-B09_genomic_prodigal_proteins	836	460	73.09	14.29	55.02
GCA_000153825.1_ASM15382v1_genomic_prodigal_proteins	2811	GCA_002018045.1_ASM201804v1_genomic_prodigal_proteins	1559	916	62.45	12.73	58.76
GCA_000153825.1_ASM15382v1_genomic_prodigal_proteins	2811	GCA_004213055.1_ASM421305v1_genomic_prodigal_proteins	2241	1833	81.41	11.23	81.79
GCA_000153825.1_ASM15382v1_genomic_prodigal_proteins	2811	GCA_007571085.1_ASM757108v1_genomic_prodigal_proteins	1784	1148	60.93	12.97	64.35
GCA_000153825.1_ASM15382v1_genomic_prodigal_proteins	2811	GCA_009839805.1_ASM983980v1_genomic_prodigal_proteins	1848	782	59.78	12.46	42.32
GCA_000153825.1_ASM15382v1_genomic_prodigal_proteins	2811	GCA_003210375.1_ASM321037v1_genomic_prodigal_proteins	2155	1332	70.58	13.81	61.81
GCA_000153825.1_ASM15382v1_genomic_prodigal_proteins	2811	GCA_004332415.1_ASM433241v1_genomic_prodigal_proteins	2408	1929	76.53	13.08	80.11
GCA_000153825.1_ASM15382v1_genomic_prodigal_proteins	2811	GCA_009836025.1_ASM983602v1_genomic_prodigal_proteins	2290	1175	61.60	12.86	51.31
GCA_000153825.1_ASM15382v1_genomic_prodigal_proteins	2811	GCA_009843455.1_ASM984345v1_genomic_prodigal_proteins	2423	1152	61.41	12.72	47.54
GCA_000153825.1_ASM15382v1_genomic_prodigal_proteins	2811	GCA_009843485.1_ASM984348v1_genomic_prodigal_proteins	2158	1175	61.74	12.87	54.45
GCA_000153825.1_ASM15382v1_genomic_prodigal_proteins	2811	GCA_003283135.1_ASM328313v1_genomic_prodigal_proteins	459	152	69.92	15.03	33.12
GCA_000153825.1_ASM15382v1_genomic_prodigal_proteins	2811	GCA_902635485.1_AG-447-G23_genomic_prodigal_proteins	327	144	69.25	17.39	44.04
GCA_000153825.1_ASM15382v1_genomic_prodigal_proteins	2811	GCA_002760415.1_ASM276041v1_genomic_prodigal_proteins	2670	935	52.95	12.19	35.02
GCA_000153825.1_ASM15382v1_genomic_prodigal_proteins	2811	GCA_002754935.1_ASM275493v1_genomic_prodigal_proteins	2664	983	54.03	12.55	36.90
GCA_000153825.1_ASM15382v1_genomic_prodigal_proteins	2811	GCA_002171685.2_ASM217168v2_genomic_prodigal_proteins	811	676	74.18	12.61	83.35
GCA_000153825.1_ASM15382v1_genomic_prodigal_proteins	2811	GCA_000737595.1_ASM73759v1_genomic_prodigal_proteins	2774	1907	71.89	14.12	68.75
GCA_000153825.1_ASM15382v1_genomic_prodigal_proteins	2811	GCA_003331785.1_ASM333178v1_genomic_prodigal_proteins	2125	1711	73.68	12.95	80.52
GCA_000153825.1_ASM15382v1_genomic_prodigal_proteins	2811	GCA_009842265.1_ASM984226v1_genomic_prodigal_proteins	2398	1167	61.51	12.83	48.67
GCA_000153825.1_ASM15382v1_genomic_prodigal_proteins	2811	GCA_902579345.1_AG-911-L15_genomic_prodigal_proteins	248	112	68.11	17.62	45.16
GCA_000153825.1_ASM15382v1_genomic_prodigal_proteins	2811	GCA_000011345.1_ASM1134v1_genomic_prodigal_proteins	2520	1019	54.20	12.62	40.44
GCA_000153825.1_ASM15382v1_genomic_prodigal_proteins	2811	GCA_003210705.1_ASM321070v1_genomic_prodigal_proteins	2244	1457	72.80	13.71	64.93
GCA_000153825.1_ASM15382v1_genomic_prodigal_proteins	2811	GCA_000019485.1_ASM1948v1_genomic_prodigal_proteins	3233	1103	53.59	13.00	39.24
GCA_000153825.1_ASM15382v1_genomic_prodigal_proteins	2811	GCA_003283055.1_ASM328305v1_genomic_prodigal_proteins	482	96	64.61	15.67	19.92
GCA_000153825.1_ASM15382v1_genomic_prodigal_proteins	2811	GCA_000010065.1_ASM1006v1_genomic_prodigal_proteins	2691	1217	55.82	13.27	45.22
GCA_000153825.1_ASM15382v1_genomic_prodigal_proteins	2811	GCA_000316685.1_ASM31668v1_genomic_prodigal_proteins	3706	1075	53.44	12.64	38.24
GCA_000153825.1_ASM15382v1_genomic_prodigal_proteins	2811	GCA_000063525.1_ASM6352v1_genomic_prodigal_proteins	2540	1719	66.44	14.40	67.68
GCA_000153825.1_ASM15382v1_genomic_prodigal_proteins	2811	GCA_003283165.1_ASM328316v1_genomic_prodigal_proteins	217	78	69.52	15.08	35.94
GCA_000153825.1_ASM15382v1_genomic_prodigal_proteins	2811	GCA_902540675.1_AG-359-E22_genomic_prodigal_proteins	584	304	71.34	15.43	52.05
GCA_000153825.1_ASM15382v1_genomic_prodigal_proteins	2811	GCA_011055065.1_ASM1105506v1_genomic_prodigal_proteins	2792	915	52.81	12.32	32.77
GCA_000153825.1_ASM15382v1_genomic_prodigal_proteins	2811	GCA_000013205.1_ASM1320v1_genomic_prodigal_proteins	2750	946	53.01	12.17	34.40
GCA_000153825.1_ASM15382v1_genomic_prodigal_proteins	2811	GCA_003539795.1_ASM353979v1_genomic_prodigal_proteins	2284	1420	70.62	13.19	62.17
GCA_000153825.1_ASM15382v1_genomic_prodigal_proteins	2811	GCA_002171995.1_ASM217199v1_genomic_prodigal_proteins	1978	1176	80.46	11.85	59.45
GCA_000153825.1_ASM15382v1_genomic_prodigal_proteins	2811	GCA_011523835.1_ASM1152383v1_genomic_prodigal_proteins	2468	1655	73.21	13.67	67.06
GCA_000153825.1_ASM15382v1_genomic_prodigal_proteins	2811	GCA_002172175.1_ASM217217v1_genomic_prodigal_proteins	1846	1087	64.77	13.96	58.88
GCA_000153825.1_ASM15382v1_genomic_prodigal_proteins	2811	GCA_003208835.1_ASM320883v1_genomic_prodigal_proteins	2208	1311	71.19	13.78	59.38
GCA_000153825.1_ASM15382v1_genomic_prodigal_proteins	2811	GCA_902589915.1_AG-914-F20_genomic_prodigal_proteins	373	143	73.28	15.03	38.34
GCA_000153825.1_ASM15382v1_genomic_prodigal_proteins	2811	GCA_000485815.1_ASM48581v1_genomic_prodigal_proteins	3083	1061	53.61	12.95	37.74
GCA_000153825.1_ASM15382v1_genomic_prodigal_proteins	2811	GCA_008807075.1_ASM880707v1_genomic_prodigal_proteins	2925	1674	66.65	13.58	59.55
GCA_000153825.1_ASM15382v1_genomic_prodigal_proteins	2811	GCA_000179235.2_ASM17923v2_genomic_prodigal_proteins	3071	1778	68.12	13.84	63.25
GCA_000153825.1_ASM15382v1_genomic_prodigal_proteins	2811	GCA_003210795.1_ASM321079v1_genomic_prodigal_proteins	2239	1360	71.03	13.96	60.74
GCA_000153825.1_ASM15382v1_genomic_prodigal_proteins	2811	GCA_002706715.1_ASM270671v1_genomic_prodigal_proteins	1148	886	71.69	13.79	77.18
GCA_000153825.1_ASM15382v1_genomic_prodigal_proteins	2811	GCA_003331245.1_ASM333124v1_genomic_prodigal_proteins	2021	1556	71.56	13.33	76.99
GCA_000153825.1_ASM15382v1_genomic_prodigal_proteins	2811	GCA_009843385.1_ASM984338v1_genomic_prodigal_proteins	2085	970	61.79	12.87	46.52
GCA_000153825.1_ASM15382v1_genomic_prodigal_proteins	2811	GCA_003211205.1_ASM321120v1_genomic_prodigal_proteins	2288	1491	73.20	13.36	65.17
GCA_000153825.1_ASM15382v1_genomic_prodigal_proteins	2811	GCA_000063505.1_ASM6350v1_genomic_prodigal_proteins	2558	1953	73.63	13.86	76.35
GCA_000153825.1_ASM15382v1_genomic_prodigal_proteins	2811	GCA_900474245.1_UW179B_genomic_prodigal_proteins	2743	1938	73.17	13.34	70.65
GCA_000153825.1_ASM15382v1_genomic_prodigal_proteins	2811	GCA_003210345.1_ASM321034v1_genomic_prodigal_proteins	1256	767	69.98	13.82	61.07
GCA_000153825.1_ASM15382v1_genomic_prodigal_proteins	2811	GCA_003210315.1_ASM321031v1_genomic_prodigal_proteins	1815	1187	72.22	13.64	65.40
GCA_000153825.1_ASM15382v1_genomic_prodigal_proteins	2811	GCA_009836155.1_ASM983615v1_genomic_prodigal_proteins	1947	1114	61.67	12.80	57.22
GCA_000153825.1_ASM15382v1_genomic_prodigal_proteins	2811	GCA_003990665.2_ASM399066v2_genomic_prodigal_proteins	2499	1023	54.20	12.61	40.94
GCA_000153825.1_ASM15382v1_genomic_prodigal_proteins	2811	GCA_003209135.1_ASM320913v1_genomic_prodigal_proteins	1719	983	69.93	13.94	57.18
GCA_000153825.1_ASM15382v1_genomic_prodigal_proteins	2811	GCA_009845105.1_ASM984510v1_genomic_prodigal_proteins	1941	922	61.17	12.87	47.50
GCA_000153825.1_ASM15382v1_genomic_prodigal_proteins	2811	GCA_002690325.1_ASM269032v1_genomic_prodigal_proteins	2554	1702	70.70	13.74	66.64
GCA_000153825.1_ASM15382v1_genomic_prodigal_proteins	2811	GCA_000161795.2_ASM16179v2_genomic_prodigal_proteins	2407	1792	72.57	13.91	74.45
GCA_000153825.1_ASM15382v1_genomic_prodigal_proteins	2811	GCA_004211895.1_ASM421189v1_genomic_prodigal_proteins	954	715	72.53	13.28	74.95
GCA_000153825.1_ASM15382v1_genomic_prodigal_proteins	2811	GCA_003210735.1_ASM321073v1_genomic_prodigal_proteins	2337	1381	70.55	13.87	59.09
GCA_000153825.1_ASM15382v1_genomic_prodigal_proteins	2811	GCA_003209035.1_ASM320903v1_genomic_prodigal_proteins	1803	1029	70.44	14.42	57.07
GCA_000153825.1_ASM15382v1_genomic_prodigal_proteins	2811	GCA_003712085.1_ASM371208v1_genomic_prodigal_proteins	2745	1847	72.13	13.76	67.29
GCA_000153825.1_ASM15382v1_genomic_prodigal_proteins	2811	GCA_003212155.1_ASM321215v1_genomic_prodigal_proteins	262	112	64.04	16.77	42.75
GCA_000153825.1_ASM15382v1_genomic_prodigal_proteins	2811	GCA_001040845.1_ASM104084v1_genomic_prodigal_proteins	2917	1963	73.18	13.36	69.83
GCA_000153825.1_ASM15382v1_genomic_prodigal_proteins	2811	GCA_002018015.1_ASM201801v1_genomic_prodigal_proteins	1578	899	62.38	12.91	56.97
GCA_000153825.1_ASM15382v1_genomic_prodigal_proteins	2811	GCA_003211255.1_ASM321125v1_genomic_prodigal_proteins	1850	1046	70.35	13.95	56.54
GCA_000153825.1_ASM15382v1_genomic_prodigal_proteins	2811	GCA_002721235.1_ASM272123v1_genomic_prodigal_proteins	3119	1104	53.61	12.97	39.27
GCA_000153825.1_ASM15382v1_genomic_prodigal_proteins	2811	GCA_009839305.1_ASM983930v1_genomic_prodigal_proteins	1816	871	62.20	13.19	47.96
GCA_000153825.1_ASM15382v1_genomic_prodigal_proteins	2811	GCA_011365345.1_ASM1136534v1_genomic_prodigal_proteins	2655	1898	71.92	14.18	71.49
GCA_000153825.1_ASM15382v1_genomic_prodigal_proteins	2811	GCA_001039265.1_ASM103926v1_genomic_prodigal_proteins	2832	1162	68.64	13.99	41.34
GCA_000153825.1_ASM15382v1_genomic_prodigal_proteins	2811	GCA_001628325.1_ASM162832v1_genomic_prodigal_proteins	2129	1630	72.63	13.74	76.56
GCA_000153825.1_ASM15382v1_genomic_prodigal_proteins	2811	GCA_003209215.1_ASM320921v1_genomic_prodigal_proteins	1679	935	72.14	14.12	55.69
GCA_000153825.1_ASM15382v1_genomic_prodigal_proteins	2811	GCA_002737305.1_ASM273730v1_genomic_prodigal_proteins	1951	1252	67.86	13.66	64.17
GCA_000153825.1_ASM15382v1_genomic_prodigal_proteins	2811	GCA_003210515.1_ASM321051v1_genomic_prodigal_proteins	1673	1061	70.24	13.67	63.42
GCA_000153825.1_ASM15382v1_genomic_prodigal_proteins	2811	GCA_011525445.1_ASM1152544v1_genomic_prodigal_proteins	3208	1593	71.70	13.52	56.67
GCA_000153825.1_ASM15382v1_genomic_prodigal_proteins	2811	GCA_902599435.1_AG-916-N22_genomic_prodigal_proteins	793	453	72.95	14.32	57.12
GCA_000153825.1_ASM15382v1_genomic_prodigal_proteins	2811	GCA_003149585.1_ASM314958v1_genomic_prodigal_proteins	2600	1773	67.85	14.11	68.19
GCA_000153825.1_ASM15382v1_genomic_prodigal_proteins	2811	GCA_902560665.1_AG-905-O11_genomic_prodigal_proteins	401	192	73.34	15.01	47.88
GCA_000153825.1_ASM15382v1_genomic_prodigal_proteins	2811	GCA_003331795.1_ASM333179v1_genomic_prodigal_proteins	1948	1352	66.27	14.49	69.40
GCA_000153825.1_ASM15382v1_genomic_prodigal_proteins	2811	GCA_002017955.1_ASM201795v1_genomic_prodigal_proteins	512	253	61.52	13.03	49.41
GCA_000153825.1_ASM15382v1_genomic_prodigal_proteins	2811	GCA_902584485.1_AG-912-O23_genomic_prodigal_proteins	535	266	72.00	14.62	49.72
GCA_000153825.1_ASM15382v1_genomic_prodigal_proteins	2811	GCA_902527915.1_AG-896-G19_genomic_prodigal_proteins	1003	595	71.93	13.94	59.32
GCA_000153825.1_ASM15382v1_genomic_prodigal_proteins	2811	GCA_902635365.1_AG-447-D19_genomic_prodigal_proteins	1690	927	70.88	14.34	54.85
GCA_000153825.1_ASM15382v1_genomic_prodigal_proteins	2811	GCA_900474085.1_UW86_genomic_prodigal_proteins	2403	1804	72.63	13.90	75.07
GCA_000153825.1_ASM15382v1_genomic_prodigal_proteins	2811	GCA_001885215.1_ASM188521v1_genomic_prodigal_proteins	2897	1677	66.19	13.62	59.66
GCA_000153825.1_ASM15382v1_genomic_prodigal_proteins	2811	GCA_902575935.1_AG-426-B22_genomic_prodigal_proteins	254	166	75.72	14.49	65.35
GCA_000153825.1_ASM15382v1_genomic_prodigal_proteins	2811	GCA_900474295.1_UW140_genomic_prodigal_proteins	2925	2192	80.26	12.09	77.98
GCA_000153825.1_ASM15382v1_genomic_prodigal_proteins	2811	GCA_003211565.1_ASM321156v1_genomic_prodigal_proteins	1489	843	71.68	14.10	56.62
GCA_000153825.1_ASM15382v1_genomic_prodigal_proteins	2811	GCA_003526105.1_ASM352610v1_genomic_prodigal_proteins	1581	950	73.13	13.56	60.09
GCA_000153825.1_ASM15382v1_genomic_prodigal_proteins	2811	GCA_002172935.1_ASM217293v1_genomic_prodigal_proteins	1996	1490	72.77	13.41	74.65
GCA_000153825.1_ASM15382v1_genomic_prodigal_proteins	2811	GCA_003210335.1_ASM321033v1_genomic_prodigal_proteins	942	420	70.33	14.30	44.59
GCA_000153825.1_ASM15382v1_genomic_prodigal_proteins	2811	GCA_009846115.1_ASM984611v1_genomic_prodigal_proteins	2048	1040	61.56	12.92	50.78
GCA_000153825.1_ASM15382v1_genomic_prodigal_proteins	2811	GCA_001693295.1_ASM169329v1_genomic_prodigal_proteins	3183	1104	53.52	12.99	39.27
GCA_000153825.1_ASM15382v1_genomic_prodigal_proteins	2811	GCA_900473965.1_UW179A_genomic_prodigal_proteins	3383	2019	72.84	13.70	71.82
GCA_000153825.1_ASM15382v1_genomic_prodigal_proteins	2811	GCA_003213755.1_ASM321375v1_genomic_prodigal_proteins	1050	618	65.59	15.01	58.86
GCA_000153825.1_ASM15382v1_genomic_prodigal_proteins	2811	GCA_003209155.1_ASM320915v1_genomic_prodigal_proteins	2305	1496	72.91	13.42	64.90
GCA_000153825.1_ASM15382v1_genomic_prodigal_proteins	2811	GCA_003211515.1_ASM321151v1_genomic_prodigal_proteins	2451	1244	70.10	14.03	50.75
GCA_000153825.1_ASM15382v1_genomic_prodigal_proteins	2811	GCA_002693285.1_ASM269328v1_genomic_prodigal_proteins	2440	1728	73.12	13.69	70.82
GCA_000153825.1_ASM15382v1_genomic_prodigal_proteins	2811	GCA_003210555.1_ASM321055v1_genomic_prodigal_proteins	1847	1154	72.13	13.49	62.48
GCA_000153825.1_ASM15382v1_genomic_prodigal_proteins	2811	GCA_000155595.1_ASM15559v1_genomic_prodigal_proteins	5270	1147	52.92	13.02	40.80
GCA_000153825.1_ASM15382v1_genomic_prodigal_proteins	2811	GCA_001007665.1_ASM100766v1_genomic_prodigal_proteins	2356	1205	61.33	12.68	51.15
GCA_000153825.1_ASM15382v1_genomic_prodigal_proteins	2811	GCA_009919765.1_ASM991976v1_genomic_prodigal_proteins	2524	1138	66.51	14.02	45.09
GCA_000153825.1_ASM15382v1_genomic_prodigal_proteins	2811	GCA_003331225.1_ASM333122v1_genomic_prodigal_proteins	2113	1481	65.85	14.14	70.09
GCA_000153825.1_ASM15382v1_genomic_prodigal_proteins	2811	GCA_900177825.1_IMG-taxon_2708742468_annotated_assembly_genomic_prodigal_proteins	3317	1089	53.64	13.00	38.74
GCA_000153825.1_ASM15382v1_genomic_prodigal_proteins	2811	GCA_000195975.1_ASM19597v1_genomic_prodigal_proteins	2719	1847	72.32	13.74	67.93
GCA_000153825.1_ASM15382v1_genomic_prodigal_proteins	2811	GCA_902618885.1_AG-920-D15_genomic_prodigal_proteins	1178	687	72.75	14.47	58.32
GCA_000153825.1_ASM15382v1_genomic_prodigal_proteins	2811	GCA_003209165.1_ASM320916v1_genomic_prodigal_proteins	2711	1564	71.86	13.92	57.69
GCA_000153825.1_ASM15382v1_genomic_prodigal_proteins	2811	GCA_001007625.1_ASM100762v1_genomic_prodigal_proteins	2478	1046	61.68	12.92	42.21
GCA_000153825.1_ASM15382v1_genomic_prodigal_proteins	2811	GCA_008386235.1_ASM838623v1_genomic_prodigal_proteins	2571	1030	53.89	12.74	40.06
GCA_000153825.1_ASM15382v1_genomic_prodigal_proteins	2811	GCA_001631935.1_ASM163193v1_genomic_prodigal_proteins	3526	2006	72.98	13.76	71.36
GCA_000153825.1_ASM15382v1_genomic_prodigal_proteins	2811	GCA_002151525.1_ASM215152v1_genomic_prodigal_proteins	1628	1132	64.24	14.14	69.53
GCA_000153825.1_ASM15382v1_genomic_prodigal_proteins	2811	GCA_000153065.1_ASM15306v1_genomic_prodigal_proteins	2704	1932	75.82	13.09	71.45
GCA_000153825.1_ASM15382v1_genomic_prodigal_proteins	2811	GCA_009837265.1_ASM983726v1_genomic_prodigal_proteins	2126	1099	61.65	12.83	51.69
GCA_000153825.1_ASM15382v1_genomic_prodigal_proteins	2811	GCA_902533725.1_AG-898-C20_genomic_prodigal_proteins	421	168	71.34	14.32	39.90
GCA_000153825.1_ASM15382v1_genomic_prodigal_proteins	2811	GCA_002171075.2_ASM217107v2_genomic_prodigal_proteins	1919	1272	64.03	13.79	66.28
GCA_000153825.1_ASM15382v1_genomic_prodigal_proteins	2811	GCA_002760395.1_ASM276039v1_genomic_prodigal_proteins	2661	924	52.95	12.22	34.72
GCA_000153825.1_ASM15382v1_genomic_prodigal_proteins	2811	GCA_003209005.1_ASM320900v1_genomic_prodigal_proteins	2548	1655	73.05	13.36	64.95
GCA_000153825.1_ASM15382v1_genomic_prodigal_proteins	2811	GCA_002017915.1_ASM201791v1_genomic_prodigal_proteins	623	324	64.07	13.52	52.01
GCA_000153825.1_ASM15382v1_genomic_prodigal_proteins	2811	GCA_900047545.1_m9_genomic_prodigal_proteins	1575	907	61.59	12.73	57.59
GCA_000153825.1_ASM15382v1_genomic_prodigal_proteins	2811	GCA_001632105.1_ASM163210v1_genomic_prodigal_proteins	3521	2020	72.91	13.81	71.86
GCA_000153825.1_ASM15382v1_genomic_prodigal_proteins	2811	GCA_004212765.1_ASM421276v1_genomic_prodigal_proteins	1162	869	71.82	13.64	74.78
GCA_000153825.1_ASM15382v1_genomic_prodigal_proteins	2811	GCA_002685515.1_ASM268551v1_genomic_prodigal_proteins	1286	964	72.89	12.86	74.96
GCA_000153825.1_ASM15382v1_genomic_prodigal_proteins	2811	GCA_007828135.1_ASM782813v1_genomic_prodigal_proteins	2917	1681	66.26	13.68	59.80
GCA_000153825.1_ASM15382v1_genomic_prodigal_proteins	2811	GCA_011047875.1_ASM1104787v1_genomic_prodigal_proteins	2810	939	52.90	12.32	33.42
GCA_000153825.1_ASM15382v1_genomic_prodigal_proteins	2811	GCA_009840445.1_ASM984044v1_genomic_prodigal_proteins	2167	1203	61.66	12.88	55.51
GCA_000153825.1_ASM15382v1_genomic_prodigal_proteins	2811	GCA_003210995.1_ASM321099v1_genomic_prodigal_proteins	2385	1482	72.86	13.93	62.14
GCA_000153825.1_ASM15382v1_genomic_prodigal_proteins	2811	GCA_902616995.1_AG-919-L20_genomic_prodigal_proteins	654	364	72.24	13.89	55.66
GCA_000153825.1_ASM15382v1_genomic_prodigal_proteins	2811	GCA_009845825.1_ASM984582v1_genomic_prodigal_proteins	2168	1027	61.83	12.81	47.37
GCA_000153825.1_ASM15382v1_genomic_prodigal_proteins	2811	GCA_000515235.1_ASM51523v1_genomic_prodigal_proteins	2873	1865	70.75	13.95	66.35
GCA_000153825.1_ASM15382v1_genomic_prodigal_proteins	2811	GCA_003523965.1_ASM352396v1_genomic_prodigal_proteins	1735	778	62.63	13.18	44.84
GCA_000153825.1_ASM15382v1_genomic_prodigal_proteins	2811	GCA_002684175.1_ASM268417v1_genomic_prodigal_proteins	1819	1116	69.17	13.12	61.35
GCA_000153825.1_ASM15382v1_genomic_prodigal_proteins	2811	GCA_011523295.1_ASM1152329v1_genomic_prodigal_proteins	2851	1464	70.80	14.32	52.08
GCA_000153825.1_ASM15382v1_genomic_prodigal_proteins	2811	GCA_003211015.1_ASM321101v1_genomic_prodigal_proteins	2128	1454	73.13	13.41	68.33
GCA_000153825.1_ASM15382v1_genomic_prodigal_proteins	2811	GCA_002006815.1_ASM200681v1_genomic_prodigal_proteins	1973	1405	64.78	13.95	71.21
GCA_000505665.1_ASM50566v1_genomic_prodigal_proteins	2466	GCA_902616255.1_AG-919-I18_genomic_prodigal_proteins	1046	321	53.26	12.95	30.69
GCA_000505665.1_ASM50566v1_genomic_prodigal_proteins	2466	GCA_001182765.1_WH8103.1_genomic_prodigal_proteins	2676	1017	53.75	12.40	41.24
GCA_000505665.1_ASM50566v1_genomic_prodigal_proteins	2466	GCA_002760375.1_ASM276037v1_genomic_prodigal_proteins	2702	1239	58.48	12.59	50.24
GCA_000505665.1_ASM50566v1_genomic_prodigal_proteins	2466	GCA_902592305.1_AG-914-O22_genomic_prodigal_proteins	179	60	54.99	13.08	33.52
GCA_000505665.1_ASM50566v1_genomic_prodigal_proteins	2466	GCA_001632165.1_ASM163216v1_genomic_prodigal_proteins	2830	1005	53.33	12.53	40.75
GCA_000505665.1_ASM50566v1_genomic_prodigal_proteins	2466	GCA_004332405.1_ASM433240v1_genomic_prodigal_proteins	2437	1015	54.06	12.54	41.65
GCA_000505665.1_ASM50566v1_genomic_prodigal_proteins	2466	GCA_900473975.1_N26_genomic_prodigal_proteins	2454	992	53.97	12.37	40.42
GCA_000505665.1_ASM50566v1_genomic_prodigal_proteins	2466	GCA_902612475.1_AG-918-G20_genomic_prodigal_proteins	502	119	52.76	11.59	23.71
GCA_000505665.1_ASM50566v1_genomic_prodigal_proteins	2466	GCA_000775285.1_ASM77528v1_genomic_prodigal_proteins	4812	1320	62.20	13.20	53.53
GCA_000505665.1_ASM50566v1_genomic_prodigal_proteins	2466	GCA_002698505.1_ASM269850v1_genomic_prodigal_proteins	2471	915	53.55	12.37	37.10
GCA_000505665.1_ASM50566v1_genomic_prodigal_proteins	2466	GCA_002252665.1_ASM225266v1_genomic_prodigal_proteins	2771	1059	54.57	12.36	42.94
GCA_000505665.1_ASM50566v1_genomic_prodigal_proteins	2466	GCA_003555505.1_ASM355550v1_genomic_prodigal_proteins	3351	1642	91.23	7.80	66.59
GCA_000505665.1_ASM50566v1_genomic_prodigal_proteins	2466	GCA_900474015.1_UW106_genomic_prodigal_proteins	2762	998	53.81	12.37	40.47
GCA_000505665.1_ASM50566v1_genomic_prodigal_proteins	2466	GCA_000715475.1_ASM71547v1_genomic_prodigal_proteins	3299	1366	59.33	13.02	55.39
GCA_000505665.1_ASM50566v1_genomic_prodigal_proteins	2466	GCA_001628295.1_ASM162829v1_genomic_prodigal_proteins	2145	918	54.00	12.18	42.80
GCA_000505665.1_ASM50566v1_genomic_prodigal_proteins	2466	GCA_003208775.1_ASM320877v1_genomic_prodigal_proteins	1808	592	53.66	12.77	32.74
GCA_000505665.1_ASM50566v1_genomic_prodigal_proteins	2466	GCA_003210975.1_ASM321097v1_genomic_prodigal_proteins	627	239	53.81	12.98	38.12
GCA_000505665.1_ASM50566v1_genomic_prodigal_proteins	2466	GCA_003208915.1_ASM320891v1_genomic_prodigal_proteins	1208	340	53.17	12.34	28.15
GCA_000505665.1_ASM50566v1_genomic_prodigal_proteins	2466	GCA_009837735.1_ASM983773v1_genomic_prodigal_proteins	2041	722	54.60	12.14	35.37
GCA_000505665.1_ASM50566v1_genomic_prodigal_proteins	2466	GCA_902548805.1_AG-901-N20_genomic_prodigal_proteins	158	40	55.63	13.57	25.32
GCA_000505665.1_ASM50566v1_genomic_prodigal_proteins	2466	GCA_003211235.1_ASM321123v1_genomic_prodigal_proteins	1698	545	53.44	12.45	32.10
GCA_000505665.1_ASM50566v1_genomic_prodigal_proteins	2466	GCA_004209775.1_ASM420977v1_genomic_prodigal_proteins	2798	1061	53.89	12.52	43.03
GCA_000505665.1_ASM50566v1_genomic_prodigal_proteins	2466	GCA_003283215.1_ASM328321v1_genomic_prodigal_proteins	239	34	54.06	12.58	14.23
GCA_000505665.1_ASM50566v1_genomic_prodigal_proteins	2466	GCA_003209555.1_ASM320955v1_genomic_prodigal_proteins	908	235	53.69	12.65	25.88
GCA_000505665.1_ASM50566v1_genomic_prodigal_proteins	2466	GCA_000153805.1_ASM15380v1_genomic_prodigal_proteins	2517	985	53.67	12.49	39.94
GCA_000505665.1_ASM50566v1_genomic_prodigal_proteins	2466	GCA_003283205.1_ASM328320v1_genomic_prodigal_proteins	274	40	56.45	14.07	14.60
GCA_000505665.1_ASM50566v1_genomic_prodigal_proteins	2466	GCA_900473925.1_N5_genomic_prodigal_proteins	2417	975	54.16	12.30	40.34
GCA_000505665.1_ASM50566v1_genomic_prodigal_proteins	2466	GCA_902592665.1_AG-447-E14_genomic_prodigal_proteins	1111	269	52.77	12.63	24.21
GCA_000505665.1_ASM50566v1_genomic_prodigal_proteins	2466	GCA_011523155.1_ASM1152315v1_genomic_prodigal_proteins	2101	687	52.31	11.34	32.70
GCA_000505665.1_ASM50566v1_genomic_prodigal_proteins	2466	GCA_003211275.1_ASM321127v1_genomic_prodigal_proteins	2168	653	53.08	12.55	30.12
GCA_000505665.1_ASM50566v1_genomic_prodigal_proteins	2466	GCA_003957805.1_ASM395780v1_genomic_prodigal_proteins	2887	1362	60.12	12.84	55.23
GCA_000505665.1_ASM50566v1_genomic_prodigal_proteins	2466	GCA_012270465.1_ASM1227046v1_genomic_prodigal_proteins	2311	805	53.18	11.77	34.83
GCA_000505665.1_ASM50566v1_genomic_prodigal_proteins	2466	GCA_001693255.1_ASM169325v1_genomic_prodigal_proteins	3177	1385	59.37	12.92	56.16
GCA_000505665.1_ASM50566v1_genomic_prodigal_proteins	2466	GCA_003210385.1_ASM321038v1_genomic_prodigal_proteins	286	118	53.75	13.05	41.26
GCA_000505665.1_ASM50566v1_genomic_prodigal_proteins	2466	GCA_002170705.1_ASM217070v1_genomic_prodigal_proteins	1392	554	53.39	11.82	39.80
GCA_000505665.1_ASM50566v1_genomic_prodigal_proteins	2466	GCA_002356215.1_ASM235621v1_genomic_prodigal_proteins	2953	1373	59.25	12.97	55.68
GCA_000505665.1_ASM50566v1_genomic_prodigal_proteins	2466	GCA_003210935.1_ASM321093v1_genomic_prodigal_proteins	1868	667	53.50	12.55	35.71
GCA_000505665.1_ASM50566v1_genomic_prodigal_proteins	2466	GCA_003210535.1_ASM321053v1_genomic_prodigal_proteins	1257	375	53.08	12.26	29.83
GCA_000505665.1_ASM50566v1_genomic_prodigal_proteins	2466	GCA_002724845.1_ASM272484v1_genomic_prodigal_proteins	1589	717	53.77	11.91	45.12
GCA_000505665.1_ASM50566v1_genomic_prodigal_proteins	2466	GCA_000153285.1_ASM15328v1_genomic_prodigal_proteins	2746	1017	53.65	12.56	41.24
GCA_000505665.1_ASM50566v1_genomic_prodigal_proteins	2466	GCA_003211035.1_ASM321103v1_genomic_prodigal_proteins	530	172	52.47	12.23	32.45
GCA_000505665.1_ASM50566v1_genomic_prodigal_proteins	2466	GCA_001521855.1_ASM152185v1_genomic_prodigal_proteins	3144	1390	59.39	12.90	56.37
GCA_000505665.1_ASM50566v1_genomic_prodigal_proteins	2466	GCA_009835965.1_ASM983596v1_genomic_prodigal_proteins	2105	898	54.27	12.08	42.66
GCA_000505665.1_ASM50566v1_genomic_prodigal_proteins	2466	GCA_012269695.1_ASM1226969v1_genomic_prodigal_proteins	2043	705	53.61	11.78	34.51
GCA_000505665.1_ASM50566v1_genomic_prodigal_proteins	2466	GCA_000737535.1_ASM73753v1_genomic_prodigal_proteins	3013	999	53.77	12.60	40.51
GCA_000505665.1_ASM50566v1_genomic_prodigal_proteins	2466	GCA_000586015.1_SynSpo.0_genomic_prodigal_proteins	1907	704	55.03	12.48	36.92
GCA_000505665.1_ASM50566v1_genomic_prodigal_proteins	2466	GCA_002760345.1_ASM276034v1_genomic_prodigal_proteins	2731	1252	58.51	12.59	50.77
GCA_000505665.1_ASM50566v1_genomic_prodigal_proteins	2466	GCA_000013225.1_ASM1322v1_genomic_prodigal_proteins	2844	1269	58.18	12.82	51.46
GCA_000505665.1_ASM50566v1_genomic_prodigal_proteins	2466	GCA_000332275.1_ASM33227v1_genomic_prodigal_proteins	4564	1279	57.12	12.44	51.87
GCA_000505665.1_ASM50566v1_genomic_prodigal_proteins	2466	GCA_002252675.1_ASM225267v1_genomic_prodigal_proteins	3295	1091	54.37	12.52	44.24
GCA_000505665.1_ASM50566v1_genomic_prodigal_proteins	2466	GCA_000737575.1_ASM73757v1_genomic_prodigal_proteins	2662	1000	53.86	12.61	40.55
GCA_000505665.1_ASM50566v1_genomic_prodigal_proteins	2466	GCA_902596755.1_AG-916-D19_genomic_prodigal_proteins	1152	382	53.10	12.66	33.16
GCA_000505665.1_ASM50566v1_genomic_prodigal_proteins	2466	GCA_003211455.1_ASM321145v1_genomic_prodigal_proteins	1186	328	53.29	12.50	27.66
GCA_000505665.1_ASM50566v1_genomic_prodigal_proteins	2466	GCA_003208755.1_ASM320875v1_genomic_prodigal_proteins	690	229	53.32	12.86	33.19
GCA_000505665.1_ASM50566v1_genomic_prodigal_proteins	2466	GCA_007571215.1_ASM757121v1_genomic_prodigal_proteins	1879	872	54.01	12.05	46.41
GCA_000505665.1_ASM50566v1_genomic_prodigal_proteins	2466	GCA_001007635.1_ASM100763v1_genomic_prodigal_proteins	2333	833	54.22	11.95	35.71
GCA_000505665.1_ASM50566v1_genomic_prodigal_proteins	2466	GCA_000179255.1_ASM17925v1_genomic_prodigal_proteins	2729	1037	54.10	12.52	42.05
GCA_000505665.1_ASM50566v1_genomic_prodigal_proteins	2466	GCA_003208975.1_ASM320897v1_genomic_prodigal_proteins	1804	521	53.27	12.03	28.88
GCA_000505665.1_ASM50566v1_genomic_prodigal_proteins	2466	GCA_012103655.1_ASM1210365v1_genomic_prodigal_proteins	2723	1006	53.37	12.42	40.79
GCA_000505665.1_ASM50566v1_genomic_prodigal_proteins	2466	GCA_902582045.1_AG-912-B07_genomic_prodigal_proteins	196	35	53.13	11.52	17.86
GCA_000505665.1_ASM50566v1_genomic_prodigal_proteins	2466	GCA_000153045.1_ASM15304v1_genomic_prodigal_proteins	3242	1086	54.31	12.42	44.04
GCA_000505665.1_ASM50566v1_genomic_prodigal_proteins	2466	GCA_902549675.1_AG-903-B09_genomic_prodigal_proteins	836	251	54.55	13.45	30.02
GCA_000505665.1_ASM50566v1_genomic_prodigal_proteins	2466	GCA_002018045.1_ASM201804v1_genomic_prodigal_proteins	1559	708	54.76	12.09	45.41
GCA_000505665.1_ASM50566v1_genomic_prodigal_proteins	2466	GCA_004213055.1_ASM421305v1_genomic_prodigal_proteins	2241	889	53.77	12.23	39.67
GCA_000505665.1_ASM50566v1_genomic_prodigal_proteins	2466	GCA_007571085.1_ASM757108v1_genomic_prodigal_proteins	1784	851	54.12	12.13	47.70
GCA_000505665.1_ASM50566v1_genomic_prodigal_proteins	2466	GCA_009839805.1_ASM983980v1_genomic_prodigal_proteins	1848	582	52.57	11.44	31.49
GCA_000505665.1_ASM50566v1_genomic_prodigal_proteins	2466	GCA_003210375.1_ASM321037v1_genomic_prodigal_proteins	2155	728	53.57	12.30	33.78
GCA_000505665.1_ASM50566v1_genomic_prodigal_proteins	2466	GCA_004332415.1_ASM433241v1_genomic_prodigal_proteins	2408	1016	54.02	12.40	42.19
GCA_000505665.1_ASM50566v1_genomic_prodigal_proteins	2466	GCA_009836025.1_ASM983602v1_genomic_prodigal_proteins	2290	891	54.24	12.07	38.91
GCA_000505665.1_ASM50566v1_genomic_prodigal_proteins	2466	GCA_009843455.1_ASM984345v1_genomic_prodigal_proteins	2423	867	54.13	11.91	35.78
GCA_000505665.1_ASM50566v1_genomic_prodigal_proteins	2466	GCA_009843485.1_ASM984348v1_genomic_prodigal_proteins	2158	898	54.23	12.12	41.61
GCA_000505665.1_ASM50566v1_genomic_prodigal_proteins	2466	GCA_003283135.1_ASM328313v1_genomic_prodigal_proteins	459	86	52.02	13.51	18.74
GCA_000505665.1_ASM50566v1_genomic_prodigal_proteins	2466	GCA_902635485.1_AG-447-G23_genomic_prodigal_proteins	327	60	54.66	14.71	18.35
GCA_000505665.1_ASM50566v1_genomic_prodigal_proteins	2466	GCA_002760415.1_ASM276041v1_genomic_prodigal_proteins	2670	1237	58.43	12.62	50.16
GCA_000505665.1_ASM50566v1_genomic_prodigal_proteins	2466	GCA_002754935.1_ASM275493v1_genomic_prodigal_proteins	2664	1955	80.59	10.32	79.28
GCA_000505665.1_ASM50566v1_genomic_prodigal_proteins	2466	GCA_002171685.2_ASM217168v2_genomic_prodigal_proteins	811	392	54.11	11.74	48.34
GCA_000505665.1_ASM50566v1_genomic_prodigal_proteins	2466	GCA_000737595.1_ASM73759v1_genomic_prodigal_proteins	2774	1011	53.81	12.49	41.00
GCA_000505665.1_ASM50566v1_genomic_prodigal_proteins	2466	GCA_003331785.1_ASM333178v1_genomic_prodigal_proteins	2125	921	53.61	12.20	43.34
GCA_000505665.1_ASM50566v1_genomic_prodigal_proteins	2466	GCA_009842265.1_ASM984226v1_genomic_prodigal_proteins	2398	879	54.29	12.02	36.66
GCA_000505665.1_ASM50566v1_genomic_prodigal_proteins	2466	GCA_902579345.1_AG-911-L15_genomic_prodigal_proteins	248	39	54.46	15.00	15.73
GCA_000505665.1_ASM50566v1_genomic_prodigal_proteins	2466	GCA_000011345.1_ASM1134v1_genomic_prodigal_proteins	2520	2125	94.03	5.35	86.17
GCA_000505665.1_ASM50566v1_genomic_prodigal_proteins	2466	GCA_003210705.1_ASM321070v1_genomic_prodigal_proteins	2244	708	53.21	12.40	31.55
GCA_000505665.1_ASM50566v1_genomic_prodigal_proteins	2466	GCA_000019485.1_ASM1948v1_genomic_prodigal_proteins	3233	1396	59.27	12.96	56.61
GCA_000505665.1_ASM50566v1_genomic_prodigal_proteins	2466	GCA_003283055.1_ASM328305v1_genomic_prodigal_proteins	482	35	51.39	14.60	7.26
GCA_000505665.1_ASM50566v1_genomic_prodigal_proteins	2466	GCA_000010065.1_ASM1006v1_genomic_prodigal_proteins	2691	1344	60.12	12.77	54.50
GCA_000505665.1_ASM50566v1_genomic_prodigal_proteins	2466	GCA_000316685.1_ASM31668v1_genomic_prodigal_proteins	3706	1838	65.81	13.58	74.53
GCA_000505665.1_ASM50566v1_genomic_prodigal_proteins	2466	GCA_000063525.1_ASM6352v1_genomic_prodigal_proteins	2540	1038	54.43	12.42	42.09
GCA_000505665.1_ASM50566v1_genomic_prodigal_proteins	2466	GCA_003283165.1_ASM328316v1_genomic_prodigal_proteins	217	55	51.71	11.94	25.35
GCA_000505665.1_ASM50566v1_genomic_prodigal_proteins	2466	GCA_902540675.1_AG-359-E22_genomic_prodigal_proteins	584	155	54.34	13.23	26.54
GCA_000505665.1_ASM50566v1_genomic_prodigal_proteins	2466	GCA_011055065.1_ASM1105506v1_genomic_prodigal_proteins	2792	1221	58.11	12.81	49.51
GCA_000505665.1_ASM50566v1_genomic_prodigal_proteins	2466	GCA_000013205.1_ASM1320v1_genomic_prodigal_proteins	2750	1257	58.48	12.64	50.97
GCA_000505665.1_ASM50566v1_genomic_prodigal_proteins	2466	GCA_003539795.1_ASM353979v1_genomic_prodigal_proteins	2284	741	52.28	11.65	32.44
GCA_000505665.1_ASM50566v1_genomic_prodigal_proteins	2466	GCA_002171995.1_ASM217199v1_genomic_prodigal_proteins	1978	570	53.58	12.41	28.82
GCA_000505665.1_ASM50566v1_genomic_prodigal_proteins	2466	GCA_011523835.1_ASM1152383v1_genomic_prodigal_proteins	2468	856	53.35	12.19	34.71
GCA_000505665.1_ASM50566v1_genomic_prodigal_proteins	2466	GCA_002172175.1_ASM217217v1_genomic_prodigal_proteins	1846	643	53.67	11.61	34.83
GCA_000505665.1_ASM50566v1_genomic_prodigal_proteins	2466	GCA_003208835.1_ASM320883v1_genomic_prodigal_proteins	2208	741	53.63	12.27	33.56
GCA_000505665.1_ASM50566v1_genomic_prodigal_proteins	2466	GCA_902589915.1_AG-914-F20_genomic_prodigal_proteins	373	83	54.08	13.19	22.25
GCA_000505665.1_ASM50566v1_genomic_prodigal_proteins	2466	GCA_000485815.1_ASM48581v1_genomic_prodigal_proteins	3083	1343	59.25	13.02	54.46
GCA_000505665.1_ASM50566v1_genomic_prodigal_proteins	2466	GCA_008807075.1_ASM880707v1_genomic_prodigal_proteins	2925	1023	54.05	12.46	41.48
GCA_000505665.1_ASM50566v1_genomic_prodigal_proteins	2466	GCA_000179235.2_ASM17923v2_genomic_prodigal_proteins	3071	1098	54.36	12.44	44.53
GCA_000505665.1_ASM50566v1_genomic_prodigal_proteins	2466	GCA_003210795.1_ASM321079v1_genomic_prodigal_proteins	2239	738	53.04	12.05	32.96
GCA_000505665.1_ASM50566v1_genomic_prodigal_proteins	2466	GCA_002706715.1_ASM270671v1_genomic_prodigal_proteins	1148	550	53.76	12.48	47.91
GCA_000505665.1_ASM50566v1_genomic_prodigal_proteins	2466	GCA_003331245.1_ASM333124v1_genomic_prodigal_proteins	2021	820	53.57	11.97	40.57
GCA_000505665.1_ASM50566v1_genomic_prodigal_proteins	2466	GCA_009843385.1_ASM984338v1_genomic_prodigal_proteins	2085	731	54.64	12.04	35.06
GCA_000505665.1_ASM50566v1_genomic_prodigal_proteins	2466	GCA_003211205.1_ASM321120v1_genomic_prodigal_proteins	2288	769	53.43	12.40	33.61
GCA_000505665.1_ASM50566v1_genomic_prodigal_proteins	2466	GCA_000063505.1_ASM6350v1_genomic_prodigal_proteins	2558	1006	53.55	12.56	40.79
GCA_000505665.1_ASM50566v1_genomic_prodigal_proteins	2466	GCA_900474245.1_UW179B_genomic_prodigal_proteins	2743	1013	53.50	12.41	41.08
GCA_000505665.1_ASM50566v1_genomic_prodigal_proteins	2466	GCA_003210345.1_ASM321034v1_genomic_prodigal_proteins	1256	402	52.58	12.19	32.01
GCA_000505665.1_ASM50566v1_genomic_prodigal_proteins	2466	GCA_003210315.1_ASM321031v1_genomic_prodigal_proteins	1815	598	53.35	12.50	32.95
GCA_000505665.1_ASM50566v1_genomic_prodigal_proteins	2466	GCA_009836155.1_ASM983615v1_genomic_prodigal_proteins	1947	850	54.22	11.96	43.66
GCA_000505665.1_ASM50566v1_genomic_prodigal_proteins	2466	GCA_003990665.2_ASM399066v2_genomic_prodigal_proteins	2499	2131	94.08	5.24	86.42
GCA_000505665.1_ASM50566v1_genomic_prodigal_proteins	2466	GCA_003209135.1_ASM320913v1_genomic_prodigal_proteins	1719	535	52.17	12.02	31.12
GCA_000505665.1_ASM50566v1_genomic_prodigal_proteins	2466	GCA_009845105.1_ASM984510v1_genomic_prodigal_proteins	1941	712	53.86	11.97	36.68
GCA_000505665.1_ASM50566v1_genomic_prodigal_proteins	2466	GCA_002690325.1_ASM269032v1_genomic_prodigal_proteins	2554	908	52.65	12.18	36.82
GCA_000505665.1_ASM50566v1_genomic_prodigal_proteins	2466	GCA_000161795.2_ASM16179v2_genomic_prodigal_proteins	2407	976	54.13	12.43	40.55
GCA_000505665.1_ASM50566v1_genomic_prodigal_proteins	2466	GCA_004211895.1_ASM421189v1_genomic_prodigal_proteins	954	424	53.76	12.29	44.44
GCA_000505665.1_ASM50566v1_genomic_prodigal_proteins	2466	GCA_003210735.1_ASM321073v1_genomic_prodigal_proteins	2337	723	52.94	12.31	30.94
GCA_000505665.1_ASM50566v1_genomic_prodigal_proteins	2466	GCA_003209035.1_ASM320903v1_genomic_prodigal_proteins	1803	524	53.41	12.74	29.06
GCA_000505665.1_ASM50566v1_genomic_prodigal_proteins	2466	GCA_003712085.1_ASM371208v1_genomic_prodigal_proteins	2745	1019	53.65	12.30	41.32
GCA_000505665.1_ASM50566v1_genomic_prodigal_proteins	2466	GCA_003212155.1_ASM321215v1_genomic_prodigal_proteins	262	57	54.74	14.52	21.76
GCA_000505665.1_ASM50566v1_genomic_prodigal_proteins	2466	GCA_001040845.1_ASM104084v1_genomic_prodigal_proteins	2917	1011	53.47	12.39	41.00
GCA_000505665.1_ASM50566v1_genomic_prodigal_proteins	2466	GCA_002018015.1_ASM201801v1_genomic_prodigal_proteins	1578	690	54.81	12.11	43.73
GCA_000505665.1_ASM50566v1_genomic_prodigal_proteins	2466	GCA_003211255.1_ASM321125v1_genomic_prodigal_proteins	1850	548	52.51	12.06	29.62
GCA_000505665.1_ASM50566v1_genomic_prodigal_proteins	2466	GCA_002721235.1_ASM272123v1_genomic_prodigal_proteins	3119	1386	59.37	12.90	56.20
GCA_000505665.1_ASM50566v1_genomic_prodigal_proteins	2466	GCA_009839305.1_ASM983930v1_genomic_prodigal_proteins	1816	678	54.91	12.51	37.33
GCA_000505665.1_ASM50566v1_genomic_prodigal_proteins	2466	GCA_011365345.1_ASM1136534v1_genomic_prodigal_proteins	2655	998	53.78	12.46	40.47
GCA_000505665.1_ASM50566v1_genomic_prodigal_proteins	2466	GCA_001039265.1_ASM103926v1_genomic_prodigal_proteins	2832	789	56.02	12.82	32.00
GCA_000505665.1_ASM50566v1_genomic_prodigal_proteins	2466	GCA_001628325.1_ASM162832v1_genomic_prodigal_proteins	2129	893	53.75	12.17	41.94
GCA_000505665.1_ASM50566v1_genomic_prodigal_proteins	2466	GCA_003209215.1_ASM320921v1_genomic_prodigal_proteins	1679	496	54.23	12.45	29.54
GCA_000505665.1_ASM50566v1_genomic_prodigal_proteins	2466	GCA_002737305.1_ASM273730v1_genomic_prodigal_proteins	1951	827	54.96	12.14	42.39
GCA_000505665.1_ASM50566v1_genomic_prodigal_proteins	2466	GCA_003210515.1_ASM321051v1_genomic_prodigal_proteins	1673	557	53.33	12.44	33.29
GCA_000505665.1_ASM50566v1_genomic_prodigal_proteins	2466	GCA_011525445.1_ASM1152544v1_genomic_prodigal_proteins	3208	822	52.76	12.07	33.33
GCA_000505665.1_ASM50566v1_genomic_prodigal_proteins	2466	GCA_902599435.1_AG-916-N22_genomic_prodigal_proteins	793	254	55.99	12.41	32.03
GCA_000505665.1_ASM50566v1_genomic_prodigal_proteins	2466	GCA_003149585.1_ASM314958v1_genomic_prodigal_proteins	2600	1067	54.21	12.50	43.27
GCA_000505665.1_ASM50566v1_genomic_prodigal_proteins	2466	GCA_902560665.1_AG-905-O11_genomic_prodigal_proteins	401	96	53.88	14.61	23.94
GCA_000505665.1_ASM50566v1_genomic_prodigal_proteins	2466	GCA_003331795.1_ASM333179v1_genomic_prodigal_proteins	1948	828	54.41	12.27	42.51
GCA_000505665.1_ASM50566v1_genomic_prodigal_proteins	2466	GCA_002017955.1_ASM201795v1_genomic_prodigal_proteins	512	200	54.02	12.71	39.06
GCA_000505665.1_ASM50566v1_genomic_prodigal_proteins	2466	GCA_902584485.1_AG-912-O23_genomic_prodigal_proteins	535	136	52.99	13.38	25.42
GCA_000505665.1_ASM50566v1_genomic_prodigal_proteins	2466	GCA_902527915.1_AG-896-G19_genomic_prodigal_proteins	1003	312	53.27	13.00	31.11
GCA_000505665.1_ASM50566v1_genomic_prodigal_proteins	2466	GCA_902635365.1_AG-447-D19_genomic_prodigal_proteins	1690	476	53.92	12.64	28.17
GCA_000505665.1_ASM50566v1_genomic_prodigal_proteins	2466	GCA_900474085.1_UW86_genomic_prodigal_proteins	2403	980	54.11	12.33	40.78
GCA_000505665.1_ASM50566v1_genomic_prodigal_proteins	2466	GCA_001885215.1_ASM188521v1_genomic_prodigal_proteins	2897	1058	54.10	12.31	42.90
GCA_000505665.1_ASM50566v1_genomic_prodigal_proteins	2466	GCA_902575935.1_AG-426-B22_genomic_prodigal_proteins	254	91	58.35	13.91	35.83
GCA_000505665.1_ASM50566v1_genomic_prodigal_proteins	2466	GCA_900474295.1_UW140_genomic_prodigal_proteins	2925	1002	53.84	12.40	40.63
GCA_000505665.1_ASM50566v1_genomic_prodigal_proteins	2466	GCA_003211565.1_ASM321156v1_genomic_prodigal_proteins	1489	436	53.68	12.25	29.28
GCA_000505665.1_ASM50566v1_genomic_prodigal_proteins	2466	GCA_003526105.1_ASM352610v1_genomic_prodigal_proteins	1581	548	54.33	11.84	34.66
GCA_000505665.1_ASM50566v1_genomic_prodigal_proteins	2466	GCA_002172935.1_ASM217293v1_genomic_prodigal_proteins	1996	772	53.28	12.14	38.68
GCA_000505665.1_ASM50566v1_genomic_prodigal_proteins	2466	GCA_003210335.1_ASM321033v1_genomic_prodigal_proteins	942	192	52.07	12.81	20.38
GCA_000505665.1_ASM50566v1_genomic_prodigal_proteins	2466	GCA_009846115.1_ASM984611v1_genomic_prodigal_proteins	2048	782	54.18	12.02	38.18
GCA_000505665.1_ASM50566v1_genomic_prodigal_proteins	2466	GCA_001693295.1_ASM169329v1_genomic_prodigal_proteins	3183	1393	59.26	12.99	56.49
GCA_000505665.1_ASM50566v1_genomic_prodigal_proteins	2466	GCA_900473965.1_UW179A_genomic_prodigal_proteins	3383	1006	53.49	12.43	40.79
GCA_000505665.1_ASM50566v1_genomic_prodigal_proteins	2466	GCA_003213755.1_ASM321375v1_genomic_prodigal_proteins	1050	359	53.71	12.76	34.19
GCA_000505665.1_ASM50566v1_genomic_prodigal_proteins	2466	GCA_003209155.1_ASM320915v1_genomic_prodigal_proteins	2305	744	53.45	12.32	32.28
GCA_000505665.1_ASM50566v1_genomic_prodigal_proteins	2466	GCA_003211515.1_ASM321151v1_genomic_prodigal_proteins	2451	649	53.31	12.47	26.48
GCA_000505665.1_ASM50566v1_genomic_prodigal_proteins	2466	GCA_002693285.1_ASM269328v1_genomic_prodigal_proteins	2440	855	53.59	12.26	35.04
GCA_000505665.1_ASM50566v1_genomic_prodigal_proteins	2466	GCA_003210555.1_ASM321055v1_genomic_prodigal_proteins	1847	557	52.93	12.23	30.16
GCA_000505665.1_ASM50566v1_genomic_prodigal_proteins	2466	GCA_000155595.1_ASM15559v1_genomic_prodigal_proteins	5270	1380	58.37	12.79	55.96
GCA_000505665.1_ASM50566v1_genomic_prodigal_proteins	2466	GCA_001007665.1_ASM100766v1_genomic_prodigal_proteins	2356	906	54.07	12.05	38.46
GCA_000505665.1_ASM50566v1_genomic_prodigal_proteins	2466	GCA_009919765.1_ASM991976v1_genomic_prodigal_proteins	2524	697	54.29	12.21	28.26
GCA_000505665.1_ASM50566v1_genomic_prodigal_proteins	2466	GCA_003331225.1_ASM333122v1_genomic_prodigal_proteins	2113	889	54.33	12.40	42.07
GCA_000505665.1_ASM50566v1_genomic_prodigal_proteins	2466	GCA_900177825.1_IMG-taxon_2708742468_annotated_assembly_genomic_prodigal_proteins	3317	1378	59.34	12.95	55.88
GCA_000505665.1_ASM50566v1_genomic_prodigal_proteins	2466	GCA_000195975.1_ASM19597v1_genomic_prodigal_proteins	2719	1001	53.84	12.38	40.59
GCA_000505665.1_ASM50566v1_genomic_prodigal_proteins	2466	GCA_902618885.1_AG-920-D15_genomic_prodigal_proteins	1178	383	53.82	13.06	32.51
GCA_000505665.1_ASM50566v1_genomic_prodigal_proteins	2466	GCA_003209165.1_ASM320916v1_genomic_prodigal_proteins	2711	850	53.84	12.45	34.47
GCA_000505665.1_ASM50566v1_genomic_prodigal_proteins	2466	GCA_001007625.1_ASM100762v1_genomic_prodigal_proteins	2478	795	54.70	12.19	32.24
GCA_000505665.1_ASM50566v1_genomic_prodigal_proteins	2466	GCA_008386235.1_ASM838623v1_genomic_prodigal_proteins	2571	2140	91.50	7.46	86.78
GCA_000505665.1_ASM50566v1_genomic_prodigal_proteins	2466	GCA_001631935.1_ASM163193v1_genomic_prodigal_proteins	3526	1004	53.60	12.46	40.71
GCA_000505665.1_ASM50566v1_genomic_prodigal_proteins	2466	GCA_002151525.1_ASM215152v1_genomic_prodigal_proteins	1628	746	54.25	12.35	45.82
GCA_000505665.1_ASM50566v1_genomic_prodigal_proteins	2466	GCA_000153065.1_ASM15306v1_genomic_prodigal_proteins	2704	1056	53.86	12.56	42.82
GCA_000505665.1_ASM50566v1_genomic_prodigal_proteins	2466	GCA_009837265.1_ASM983726v1_genomic_prodigal_proteins	2126	843	54.26	12.07	39.65
GCA_000505665.1_ASM50566v1_genomic_prodigal_proteins	2466	GCA_902533725.1_AG-898-C20_genomic_prodigal_proteins	421	78	54.45	13.64	18.53
GCA_000505665.1_ASM50566v1_genomic_prodigal_proteins	2466	GCA_002171075.2_ASM217107v2_genomic_prodigal_proteins	1919	735	53.08	11.98	38.30
GCA_000505665.1_ASM50566v1_genomic_prodigal_proteins	2466	GCA_002760395.1_ASM276039v1_genomic_prodigal_proteins	2661	1225	58.47	12.59	49.68
GCA_000505665.1_ASM50566v1_genomic_prodigal_proteins	2466	GCA_003209005.1_ASM320900v1_genomic_prodigal_proteins	2548	819	53.14	12.49	33.21
GCA_000505665.1_ASM50566v1_genomic_prodigal_proteins	2466	GCA_002017915.1_ASM201791v1_genomic_prodigal_proteins	623	265	55.94	12.67	42.54
GCA_000505665.1_ASM50566v1_genomic_prodigal_proteins	2466	GCA_900047545.1_m9_genomic_prodigal_proteins	1575	684	54.37	12.06	43.43
GCA_000505665.1_ASM50566v1_genomic_prodigal_proteins	2466	GCA_001632105.1_ASM163210v1_genomic_prodigal_proteins	3521	1003	53.45	12.38	40.67
GCA_000505665.1_ASM50566v1_genomic_prodigal_proteins	2466	GCA_004212765.1_ASM421276v1_genomic_prodigal_proteins	1162	505	53.48	12.20	43.46
GCA_000505665.1_ASM50566v1_genomic_prodigal_proteins	2466	GCA_002685515.1_ASM268551v1_genomic_prodigal_proteins	1286	542	52.41	11.93	42.15
GCA_000505665.1_ASM50566v1_genomic_prodigal_proteins	2466	GCA_007828135.1_ASM782813v1_genomic_prodigal_proteins	2917	1061	54.16	12.39	43.03
GCA_000505665.1_ASM50566v1_genomic_prodigal_proteins	2466	GCA_011047875.1_ASM1104787v1_genomic_prodigal_proteins	2810	1248	58.33	12.74	50.61
GCA_000505665.1_ASM50566v1_genomic_prodigal_proteins	2466	GCA_009840445.1_ASM984044v1_genomic_prodigal_proteins	2167	917	54.23	12.09	42.32
GCA_000505665.1_ASM50566v1_genomic_prodigal_proteins	2466	GCA_003210995.1_ASM321099v1_genomic_prodigal_proteins	2385	711	53.73	12.68	29.81
GCA_000505665.1_ASM50566v1_genomic_prodigal_proteins	2466	GCA_902616995.1_AG-919-L20_genomic_prodigal_proteins	654	192	53.00	13.08	29.36
GCA_000505665.1_ASM50566v1_genomic_prodigal_proteins	2466	GCA_009845825.1_ASM984582v1_genomic_prodigal_proteins	2168	769	54.47	11.88	35.47
GCA_000505665.1_ASM50566v1_genomic_prodigal_proteins	2466	GCA_000515235.1_ASM51523v1_genomic_prodigal_proteins	2873	1018	53.55	12.55	41.28
GCA_000505665.1_ASM50566v1_genomic_prodigal_proteins	2466	GCA_003523965.1_ASM352396v1_genomic_prodigal_proteins	1735	592	55.68	12.03	34.12
GCA_000505665.1_ASM50566v1_genomic_prodigal_proteins	2466	GCA_002684175.1_ASM268417v1_genomic_prodigal_proteins	1819	582	52.26	11.86	32.00
GCA_000505665.1_ASM50566v1_genomic_prodigal_proteins	2466	GCA_011523295.1_ASM1152329v1_genomic_prodigal_proteins	2851	757	52.06	11.73	30.70
GCA_000505665.1_ASM50566v1_genomic_prodigal_proteins	2466	GCA_003211015.1_ASM321101v1_genomic_prodigal_proteins	2128	719	53.11	12.27	33.79
GCA_000505665.1_ASM50566v1_genomic_prodigal_proteins	2466	GCA_002006815.1_ASM200681v1_genomic_prodigal_proteins	1973	947	54.11	12.36	48.00
GCA_000775285.1_ASM77528v1_genomic_prodigal_proteins	4812	GCA_002698505.1_ASM269850v1_genomic_prodigal_proteins	2471	873	53.72	13.00	35.33
GCA_000775285.1_ASM77528v1_genomic_prodigal_proteins	4812	GCA_002252665.1_ASM225266v1_genomic_prodigal_proteins	2771	1002	54.74	12.81	36.16
GCA_000775285.1_ASM77528v1_genomic_prodigal_proteins	4812	GCA_003555505.1_ASM355550v1_genomic_prodigal_proteins	3351	1080	62.99	13.22	32.23
GCA_000775285.1_ASM77528v1_genomic_prodigal_proteins	4812	GCA_900474015.1_UW106_genomic_prodigal_proteins	2762	940	54.18	12.78	34.03
GCA_000775285.1_ASM77528v1_genomic_prodigal_proteins	4812	GCA_000715475.1_ASM71547v1_genomic_prodigal_proteins	3299	1422	61.55	12.49	43.10
GCA_000775285.1_ASM77528v1_genomic_prodigal_proteins	4812	GCA_001628295.1_ASM162829v1_genomic_prodigal_proteins	2145	866	54.16	12.58	40.37
GCA_000775285.1_ASM77528v1_genomic_prodigal_proteins	4812	GCA_003208775.1_ASM320877v1_genomic_prodigal_proteins	1808	570	53.90	13.32	31.53
GCA_000775285.1_ASM77528v1_genomic_prodigal_proteins	4812	GCA_003210975.1_ASM321097v1_genomic_prodigal_proteins	627	228	53.94	13.16	36.36
GCA_000775285.1_ASM77528v1_genomic_prodigal_proteins	4812	GCA_003208915.1_ASM320891v1_genomic_prodigal_proteins	1208	320	54.28	12.11	26.49
GCA_000775285.1_ASM77528v1_genomic_prodigal_proteins	4812	GCA_009837735.1_ASM983773v1_genomic_prodigal_proteins	2041	686	53.99	12.52	33.61
GCA_000775285.1_ASM77528v1_genomic_prodigal_proteins	4812	GCA_902548805.1_AG-901-N20_genomic_prodigal_proteins	158	38	53.77	15.45	24.05
GCA_000775285.1_ASM77528v1_genomic_prodigal_proteins	4812	GCA_003211235.1_ASM321123v1_genomic_prodigal_proteins	1698	515	53.56	12.72	30.33
GCA_000775285.1_ASM77528v1_genomic_prodigal_proteins	4812	GCA_004209775.1_ASM420977v1_genomic_prodigal_proteins	2798	1018	53.96	12.92	36.38
GCA_000775285.1_ASM77528v1_genomic_prodigal_proteins	4812	GCA_003283215.1_ASM328321v1_genomic_prodigal_proteins	239	28	56.81	12.48	11.72
GCA_000775285.1_ASM77528v1_genomic_prodigal_proteins	4812	GCA_003209555.1_ASM320955v1_genomic_prodigal_proteins	908	228	54.63	13.76	25.11
GCA_000775285.1_ASM77528v1_genomic_prodigal_proteins	4812	GCA_000153805.1_ASM15380v1_genomic_prodigal_proteins	2517	939	53.40	12.85	37.31
GCA_000775285.1_ASM77528v1_genomic_prodigal_proteins	4812	GCA_003283205.1_ASM328320v1_genomic_prodigal_proteins	274	33	58.27	14.44	12.04
GCA_000775285.1_ASM77528v1_genomic_prodigal_proteins	4812	GCA_900473925.1_N5_genomic_prodigal_proteins	2417	909	54.34	12.78	37.61
GCA_000775285.1_ASM77528v1_genomic_prodigal_proteins	4812	GCA_902592665.1_AG-447-E14_genomic_prodigal_proteins	1111	258	52.05	12.82	23.22
GCA_000775285.1_ASM77528v1_genomic_prodigal_proteins	4812	GCA_011523155.1_ASM1152315v1_genomic_prodigal_proteins	2101	649	52.11	11.83	30.89
GCA_000775285.1_ASM77528v1_genomic_prodigal_proteins	4812	GCA_003211275.1_ASM321127v1_genomic_prodigal_proteins	2168	631	53.17	12.90	29.11
GCA_000775285.1_ASM77528v1_genomic_prodigal_proteins	4812	GCA_003957805.1_ASM395780v1_genomic_prodigal_proteins	2887	1329	61.52	13.29	46.03
GCA_000775285.1_ASM77528v1_genomic_prodigal_proteins	4812	GCA_012270465.1_ASM1227046v1_genomic_prodigal_proteins	2311	790	53.55	12.34	34.18
GCA_000775285.1_ASM77528v1_genomic_prodigal_proteins	4812	GCA_001693255.1_ASM169325v1_genomic_prodigal_proteins	3177	1440	61.37	12.62	45.33
GCA_000775285.1_ASM77528v1_genomic_prodigal_proteins	4812	GCA_003210385.1_ASM321038v1_genomic_prodigal_proteins	286	120	52.97	13.73	41.96
GCA_000775285.1_ASM77528v1_genomic_prodigal_proteins	4812	GCA_002170705.1_ASM217070v1_genomic_prodigal_proteins	1392	532	53.95	12.24	38.22
GCA_000775285.1_ASM77528v1_genomic_prodigal_proteins	4812	GCA_002356215.1_ASM235621v1_genomic_prodigal_proteins	2953	1403	61.43	12.76	47.51
GCA_000775285.1_ASM77528v1_genomic_prodigal_proteins	4812	GCA_003210935.1_ASM321093v1_genomic_prodigal_proteins	1868	626	54.00	12.96	33.51
GCA_000775285.1_ASM77528v1_genomic_prodigal_proteins	4812	GCA_003210535.1_ASM321053v1_genomic_prodigal_proteins	1257	369	52.84	12.59	29.36
GCA_000775285.1_ASM77528v1_genomic_prodigal_proteins	4812	GCA_002724845.1_ASM272484v1_genomic_prodigal_proteins	1589	678	53.89	12.51	42.67
GCA_000775285.1_ASM77528v1_genomic_prodigal_proteins	4812	GCA_000153285.1_ASM15328v1_genomic_prodigal_proteins	2746	979	53.58	13.12	35.65
GCA_000775285.1_ASM77528v1_genomic_prodigal_proteins	4812	GCA_003211035.1_ASM321103v1_genomic_prodigal_proteins	530	172	53.01	12.49	32.45
GCA_000775285.1_ASM77528v1_genomic_prodigal_proteins	4812	GCA_001521855.1_ASM152185v1_genomic_prodigal_proteins	3144	1443	61.54	12.55	45.90
GCA_000775285.1_ASM77528v1_genomic_prodigal_proteins	4812	GCA_009835965.1_ASM983596v1_genomic_prodigal_proteins	2105	824	54.42	12.42	39.14
GCA_000775285.1_ASM77528v1_genomic_prodigal_proteins	4812	GCA_012269695.1_ASM1226969v1_genomic_prodigal_proteins	2043	679	53.77	12.39	33.24
GCA_000775285.1_ASM77528v1_genomic_prodigal_proteins	4812	GCA_000737535.1_ASM73753v1_genomic_prodigal_proteins	3013	971	53.72	12.95	32.23
GCA_000775285.1_ASM77528v1_genomic_prodigal_proteins	4812	GCA_000586015.1_SynSpo.0_genomic_prodigal_proteins	1907	662	55.03	12.80	34.71
GCA_000775285.1_ASM77528v1_genomic_prodigal_proteins	4812	GCA_002760345.1_ASM276034v1_genomic_prodigal_proteins	2731	1154	58.97	12.25	42.26
GCA_000775285.1_ASM77528v1_genomic_prodigal_proteins	4812	GCA_000013225.1_ASM1322v1_genomic_prodigal_proteins	2844	1180	59.02	12.41	41.49
GCA_000775285.1_ASM77528v1_genomic_prodigal_proteins	4812	GCA_000332275.1_ASM33227v1_genomic_prodigal_proteins	4564	1361	57.97	12.57	29.82
GCA_000775285.1_ASM77528v1_genomic_prodigal_proteins	4812	GCA_002252675.1_ASM225267v1_genomic_prodigal_proteins	3295	1104	54.41	12.89	33.51
GCA_000775285.1_ASM77528v1_genomic_prodigal_proteins	4812	GCA_000737575.1_ASM73757v1_genomic_prodigal_proteins	2662	966	53.83	12.97	36.29
GCA_000775285.1_ASM77528v1_genomic_prodigal_proteins	4812	GCA_902596755.1_AG-916-D19_genomic_prodigal_proteins	1152	352	53.42	12.73	30.56
GCA_000775285.1_ASM77528v1_genomic_prodigal_proteins	4812	GCA_003211455.1_ASM321145v1_genomic_prodigal_proteins	1186	332	53.03	13.22	27.99
GCA_000775285.1_ASM77528v1_genomic_prodigal_proteins	4812	GCA_003208755.1_ASM320875v1_genomic_prodigal_proteins	690	209	54.13	12.98	30.29
GCA_000775285.1_ASM77528v1_genomic_prodigal_proteins	4812	GCA_007571215.1_ASM757121v1_genomic_prodigal_proteins	1879	820	53.93	12.68	43.64
GCA_000775285.1_ASM77528v1_genomic_prodigal_proteins	4812	GCA_001007635.1_ASM100763v1_genomic_prodigal_proteins	2333	762	54.29	12.49	32.66
GCA_000775285.1_ASM77528v1_genomic_prodigal_proteins	4812	GCA_000179255.1_ASM17925v1_genomic_prodigal_proteins	2729	988	54.56	12.81	36.20
GCA_000775285.1_ASM77528v1_genomic_prodigal_proteins	4812	GCA_003208975.1_ASM320897v1_genomic_prodigal_proteins	1804	504	53.25	12.22	27.94
GCA_000775285.1_ASM77528v1_genomic_prodigal_proteins	4812	GCA_012103655.1_ASM1210365v1_genomic_prodigal_proteins	2723	952	53.60	12.78	34.96
GCA_000775285.1_ASM77528v1_genomic_prodigal_proteins	4812	GCA_902582045.1_AG-912-B07_genomic_prodigal_proteins	196	32	52.69	12.13	16.33
GCA_000775285.1_ASM77528v1_genomic_prodigal_proteins	4812	GCA_000153045.1_ASM15304v1_genomic_prodigal_proteins	3242	1084	54.28	12.73	33.44
GCA_000775285.1_ASM77528v1_genomic_prodigal_proteins	4812	GCA_902549675.1_AG-903-B09_genomic_prodigal_proteins	836	245	54.60	14.00	29.31
GCA_000775285.1_ASM77528v1_genomic_prodigal_proteins	4812	GCA_002018045.1_ASM201804v1_genomic_prodigal_proteins	1559	658	54.54	12.64	42.21
GCA_000775285.1_ASM77528v1_genomic_prodigal_proteins	4812	GCA_004213055.1_ASM421305v1_genomic_prodigal_proteins	2241	856	54.04	12.86	38.20
GCA_000775285.1_ASM77528v1_genomic_prodigal_proteins	4812	GCA_007571085.1_ASM757108v1_genomic_prodigal_proteins	1784	807	53.86	12.70	45.24
GCA_000775285.1_ASM77528v1_genomic_prodigal_proteins	4812	GCA_009839805.1_ASM983980v1_genomic_prodigal_proteins	1848	562	52.28	11.98	30.41
GCA_000775285.1_ASM77528v1_genomic_prodigal_proteins	4812	GCA_003210375.1_ASM321037v1_genomic_prodigal_proteins	2155	694	53.33	12.46	32.20
GCA_000775285.1_ASM77528v1_genomic_prodigal_proteins	4812	GCA_004332415.1_ASM433241v1_genomic_prodigal_proteins	2408	976	53.93	12.87	40.53
GCA_000775285.1_ASM77528v1_genomic_prodigal_proteins	4812	GCA_009836025.1_ASM983602v1_genomic_prodigal_proteins	2290	833	54.11	12.47	36.38
GCA_000775285.1_ASM77528v1_genomic_prodigal_proteins	4812	GCA_009843455.1_ASM984345v1_genomic_prodigal_proteins	2423	811	53.96	12.30	33.47
GCA_000775285.1_ASM77528v1_genomic_prodigal_proteins	4812	GCA_009843485.1_ASM984348v1_genomic_prodigal_proteins	2158	827	54.42	12.39	38.32
GCA_000775285.1_ASM77528v1_genomic_prodigal_proteins	4812	GCA_003283135.1_ASM328313v1_genomic_prodigal_proteins	459	87	51.21	13.48	18.95
GCA_000775285.1_ASM77528v1_genomic_prodigal_proteins	4812	GCA_902635485.1_AG-447-G23_genomic_prodigal_proteins	327	66	51.66	15.42	20.18
GCA_000775285.1_ASM77528v1_genomic_prodigal_proteins	4812	GCA_002760415.1_ASM276041v1_genomic_prodigal_proteins	2670	1140	58.90	12.35	42.70
GCA_000775285.1_ASM77528v1_genomic_prodigal_proteins	4812	GCA_002754935.1_ASM275493v1_genomic_prodigal_proteins	2664	1307	62.33	13.31	49.06
GCA_000775285.1_ASM77528v1_genomic_prodigal_proteins	4812	GCA_002171685.2_ASM217168v2_genomic_prodigal_proteins	811	367	54.54	12.18	45.25
GCA_000775285.1_ASM77528v1_genomic_prodigal_proteins	4812	GCA_000737595.1_ASM73759v1_genomic_prodigal_proteins	2774	970	53.82	12.90	34.97
GCA_000775285.1_ASM77528v1_genomic_prodigal_proteins	4812	GCA_003331785.1_ASM333178v1_genomic_prodigal_proteins	2125	849	53.90	12.63	39.95
GCA_000775285.1_ASM77528v1_genomic_prodigal_proteins	4812	GCA_009842265.1_ASM984226v1_genomic_prodigal_proteins	2398	826	54.11	12.35	34.45
GCA_000775285.1_ASM77528v1_genomic_prodigal_proteins	4812	GCA_902579345.1_AG-911-L15_genomic_prodigal_proteins	248	39	54.14	16.25	15.73
GCA_000775285.1_ASM77528v1_genomic_prodigal_proteins	4812	GCA_000011345.1_ASM1134v1_genomic_prodigal_proteins	2520	1326	62.52	13.10	52.62
GCA_000775285.1_ASM77528v1_genomic_prodigal_proteins	4812	GCA_003210705.1_ASM321070v1_genomic_prodigal_proteins	2244	669	53.21	12.87	29.81
GCA_000775285.1_ASM77528v1_genomic_prodigal_proteins	4812	GCA_000019485.1_ASM1948v1_genomic_prodigal_proteins	3233	1451	61.37	12.55	44.88
GCA_000775285.1_ASM77528v1_genomic_prodigal_proteins	4812	GCA_003283055.1_ASM328305v1_genomic_prodigal_proteins	482	38	53.00	16.22	7.88
GCA_000775285.1_ASM77528v1_genomic_prodigal_proteins	4812	GCA_000010065.1_ASM1006v1_genomic_prodigal_proteins	2691	1311	61.62	13.21	48.72
GCA_000775285.1_ASM77528v1_genomic_prodigal_proteins	4812	GCA_000316685.1_ASM31668v1_genomic_prodigal_proteins	3706	1562	62.06	13.12	42.15
GCA_000775285.1_ASM77528v1_genomic_prodigal_proteins	4812	GCA_000063525.1_ASM6352v1_genomic_prodigal_proteins	2540	997	54.51	12.99	39.25
GCA_000775285.1_ASM77528v1_genomic_prodigal_proteins	4812	GCA_003283165.1_ASM328316v1_genomic_prodigal_proteins	217	47	53.99	12.99	21.66
GCA_000775285.1_ASM77528v1_genomic_prodigal_proteins	4812	GCA_902540675.1_AG-359-E22_genomic_prodigal_proteins	584	161	54.31	13.02	27.57
GCA_000775285.1_ASM77528v1_genomic_prodigal_proteins	4812	GCA_011055065.1_ASM1105506v1_genomic_prodigal_proteins	2792	1166	58.82	12.42	41.76
GCA_000775285.1_ASM77528v1_genomic_prodigal_proteins	4812	GCA_000013205.1_ASM1320v1_genomic_prodigal_proteins	2750	1161	58.97	12.29	42.22
GCA_000775285.1_ASM77528v1_genomic_prodigal_proteins	4812	GCA_003539795.1_ASM353979v1_genomic_prodigal_proteins	2284	729	52.09	12.01	31.92
GCA_000775285.1_ASM77528v1_genomic_prodigal_proteins	4812	GCA_002171995.1_ASM217199v1_genomic_prodigal_proteins	1978	563	52.97	12.81	28.46
GCA_000775285.1_ASM77528v1_genomic_prodigal_proteins	4812	GCA_011523835.1_ASM1152383v1_genomic_prodigal_proteins	2468	817	53.49	12.51	33.10
GCA_000775285.1_ASM77528v1_genomic_prodigal_proteins	4812	GCA_002172175.1_ASM217217v1_genomic_prodigal_proteins	1846	618	53.43	12.43	33.48
GCA_000775285.1_ASM77528v1_genomic_prodigal_proteins	4812	GCA_003208835.1_ASM320883v1_genomic_prodigal_proteins	2208	705	53.39	12.73	31.93
GCA_000775285.1_ASM77528v1_genomic_prodigal_proteins	4812	GCA_902589915.1_AG-914-F20_genomic_prodigal_proteins	373	82	53.23	14.38	21.98
GCA_000775285.1_ASM77528v1_genomic_prodigal_proteins	4812	GCA_000485815.1_ASM48581v1_genomic_prodigal_proteins	3083	1375	61.52	12.71	44.60
GCA_000775285.1_ASM77528v1_genomic_prodigal_proteins	4812	GCA_008807075.1_ASM880707v1_genomic_prodigal_proteins	2925	1004	53.82	12.94	34.32
GCA_000775285.1_ASM77528v1_genomic_prodigal_proteins	4812	GCA_000179235.2_ASM17923v2_genomic_prodigal_proteins	3071	1039	54.46	12.79	33.83
GCA_000775285.1_ASM77528v1_genomic_prodigal_proteins	4812	GCA_003210795.1_ASM321079v1_genomic_prodigal_proteins	2239	697	53.41	12.40	31.13
GCA_000775285.1_ASM77528v1_genomic_prodigal_proteins	4812	GCA_002706715.1_ASM270671v1_genomic_prodigal_proteins	1148	510	53.90	13.22	44.43
GCA_000775285.1_ASM77528v1_genomic_prodigal_proteins	4812	GCA_003331245.1_ASM333124v1_genomic_prodigal_proteins	2021	800	53.41	12.53	39.58
GCA_000775285.1_ASM77528v1_genomic_prodigal_proteins	4812	GCA_009843385.1_ASM984338v1_genomic_prodigal_proteins	2085	719	54.18	12.47	34.48
GCA_000775285.1_ASM77528v1_genomic_prodigal_proteins	4812	GCA_003211205.1_ASM321120v1_genomic_prodigal_proteins	2288	726	53.53	12.93	31.73
GCA_000775285.1_ASM77528v1_genomic_prodigal_proteins	4812	GCA_000063505.1_ASM6350v1_genomic_prodigal_proteins	2558	972	53.63	13.08	38.00
GCA_000775285.1_ASM77528v1_genomic_prodigal_proteins	4812	GCA_900474245.1_UW179B_genomic_prodigal_proteins	2743	958	53.74	12.83	34.93
GCA_000775285.1_ASM77528v1_genomic_prodigal_proteins	4812	GCA_003210345.1_ASM321034v1_genomic_prodigal_proteins	1256	373	52.43	12.65	29.70
GCA_000775285.1_ASM77528v1_genomic_prodigal_proteins	4812	GCA_003210315.1_ASM321031v1_genomic_prodigal_proteins	1815	569	52.99	13.23	31.35
GCA_000775285.1_ASM77528v1_genomic_prodigal_proteins	4812	GCA_009836155.1_ASM983615v1_genomic_prodigal_proteins	1947	795	53.89	12.40	40.83
GCA_000775285.1_ASM77528v1_genomic_prodigal_proteins	4812	GCA_003990665.2_ASM399066v2_genomic_prodigal_proteins	2499	1328	62.59	13.06	53.14
GCA_000775285.1_ASM77528v1_genomic_prodigal_proteins	4812	GCA_003209135.1_ASM320913v1_genomic_prodigal_proteins	1719	513	52.46	12.32	29.84
GCA_000775285.1_ASM77528v1_genomic_prodigal_proteins	4812	GCA_009845105.1_ASM984510v1_genomic_prodigal_proteins	1941	668	53.97	12.46	34.42
GCA_000775285.1_ASM77528v1_genomic_prodigal_proteins	4812	GCA_002690325.1_ASM269032v1_genomic_prodigal_proteins	2554	860	52.51	12.47	33.67
GCA_000775285.1_ASM77528v1_genomic_prodigal_proteins	4812	GCA_000161795.2_ASM16179v2_genomic_prodigal_proteins	2407	923	54.06	12.95	38.35
GCA_000775285.1_ASM77528v1_genomic_prodigal_proteins	4812	GCA_004211895.1_ASM421189v1_genomic_prodigal_proteins	954	395	53.70	12.67	41.40
GCA_000775285.1_ASM77528v1_genomic_prodigal_proteins	4812	GCA_003210735.1_ASM321073v1_genomic_prodigal_proteins	2337	676	53.08	12.80	28.93
GCA_000775285.1_ASM77528v1_genomic_prodigal_proteins	4812	GCA_003209035.1_ASM320903v1_genomic_prodigal_proteins	1803	509	53.00	12.86	28.23
GCA_000775285.1_ASM77528v1_genomic_prodigal_proteins	4812	GCA_003712085.1_ASM371208v1_genomic_prodigal_proteins	2745	970	53.90	12.67	35.34
GCA_000775285.1_ASM77528v1_genomic_prodigal_proteins	4812	GCA_003212155.1_ASM321215v1_genomic_prodigal_proteins	262	59	55.16	15.34	22.52
GCA_000775285.1_ASM77528v1_genomic_prodigal_proteins	4812	GCA_001040845.1_ASM104084v1_genomic_prodigal_proteins	2917	966	53.55	12.67	33.12
GCA_000775285.1_ASM77528v1_genomic_prodigal_proteins	4812	GCA_002018015.1_ASM201801v1_genomic_prodigal_proteins	1578	632	54.67	12.76	40.05
GCA_000775285.1_ASM77528v1_genomic_prodigal_proteins	4812	GCA_003211255.1_ASM321125v1_genomic_prodigal_proteins	1850	508	52.28	12.52	27.46
GCA_000775285.1_ASM77528v1_genomic_prodigal_proteins	4812	GCA_002721235.1_ASM272123v1_genomic_prodigal_proteins	3119	1445	61.41	12.53	46.33
GCA_000775285.1_ASM77528v1_genomic_prodigal_proteins	4812	GCA_009839305.1_ASM983930v1_genomic_prodigal_proteins	1816	626	55.31	12.66	34.47
GCA_000775285.1_ASM77528v1_genomic_prodigal_proteins	4812	GCA_011365345.1_ASM1136534v1_genomic_prodigal_proteins	2655	959	54.04	12.80	36.12
GCA_000775285.1_ASM77528v1_genomic_prodigal_proteins	4812	GCA_001039265.1_ASM103926v1_genomic_prodigal_proteins	2832	757	56.18	13.12	26.73
GCA_000775285.1_ASM77528v1_genomic_prodigal_proteins	4812	GCA_001628325.1_ASM162832v1_genomic_prodigal_proteins	2129	844	54.01	12.44	39.64
GCA_000775285.1_ASM77528v1_genomic_prodigal_proteins	4812	GCA_003209215.1_ASM320921v1_genomic_prodigal_proteins	1679	479	54.56	13.17	28.53
GCA_000775285.1_ASM77528v1_genomic_prodigal_proteins	4812	GCA_002737305.1_ASM273730v1_genomic_prodigal_proteins	1951	792	55.49	12.93	40.59
GCA_000775285.1_ASM77528v1_genomic_prodigal_proteins	4812	GCA_003210515.1_ASM321051v1_genomic_prodigal_proteins	1673	542	52.89	12.80	32.40
GCA_000775285.1_ASM77528v1_genomic_prodigal_proteins	4812	GCA_011525445.1_ASM1152544v1_genomic_prodigal_proteins	3208	793	52.85	12.68	24.72
GCA_000775285.1_ASM77528v1_genomic_prodigal_proteins	4812	GCA_902599435.1_AG-916-N22_genomic_prodigal_proteins	793	247	55.21	12.82	31.15
GCA_000775285.1_ASM77528v1_genomic_prodigal_proteins	4812	GCA_003149585.1_ASM314958v1_genomic_prodigal_proteins	2600	1006	54.62	12.78	38.69
GCA_000775285.1_ASM77528v1_genomic_prodigal_proteins	4812	GCA_902560665.1_AG-905-O11_genomic_prodigal_proteins	401	93	56.33	14.81	23.19
GCA_000775285.1_ASM77528v1_genomic_prodigal_proteins	4812	GCA_003331795.1_ASM333179v1_genomic_prodigal_proteins	1948	783	54.41	12.87	40.20
GCA_000775285.1_ASM77528v1_genomic_prodigal_proteins	4812	GCA_002017955.1_ASM201795v1_genomic_prodigal_proteins	512	201	53.86	12.97	39.26
GCA_000775285.1_ASM77528v1_genomic_prodigal_proteins	4812	GCA_902584485.1_AG-912-O23_genomic_prodigal_proteins	535	134	52.54	13.89	25.05
GCA_000775285.1_ASM77528v1_genomic_prodigal_proteins	4812	GCA_902527915.1_AG-896-G19_genomic_prodigal_proteins	1003	306	53.30	13.24	30.51
GCA_000775285.1_ASM77528v1_genomic_prodigal_proteins	4812	GCA_902635365.1_AG-447-D19_genomic_prodigal_proteins	1690	469	53.37	12.70	27.75
GCA_000775285.1_ASM77528v1_genomic_prodigal_proteins	4812	GCA_900474085.1_UW86_genomic_prodigal_proteins	2403	930	54.15	12.81	38.70
GCA_000775285.1_ASM77528v1_genomic_prodigal_proteins	4812	GCA_001885215.1_ASM188521v1_genomic_prodigal_proteins	2897	1037	54.39	12.69	35.80
GCA_000775285.1_ASM77528v1_genomic_prodigal_proteins	4812	GCA_902575935.1_AG-426-B22_genomic_prodigal_proteins	254	94	57.50	14.91	37.01
GCA_000775285.1_ASM77528v1_genomic_prodigal_proteins	4812	GCA_900474295.1_UW140_genomic_prodigal_proteins	2925	962	53.92	13.03	32.89
GCA_000775285.1_ASM77528v1_genomic_prodigal_proteins	4812	GCA_003211565.1_ASM321156v1_genomic_prodigal_proteins	1489	406	53.52	13.00	27.27
GCA_000775285.1_ASM77528v1_genomic_prodigal_proteins	4812	GCA_003526105.1_ASM352610v1_genomic_prodigal_proteins	1581	517	54.60	12.43	32.70
GCA_000775285.1_ASM77528v1_genomic_prodigal_proteins	4812	GCA_002172935.1_ASM217293v1_genomic_prodigal_proteins	1996	745	53.24	12.70	37.32
GCA_000775285.1_ASM77528v1_genomic_prodigal_proteins	4812	GCA_003210335.1_ASM321033v1_genomic_prodigal_proteins	942	185	53.48	13.41	19.64
GCA_000775285.1_ASM77528v1_genomic_prodigal_proteins	4812	GCA_009846115.1_ASM984611v1_genomic_prodigal_proteins	2048	723	54.45	12.33	35.30
GCA_000775285.1_ASM77528v1_genomic_prodigal_proteins	4812	GCA_001693295.1_ASM169329v1_genomic_prodigal_proteins	3183	1453	61.33	12.61	45.65
GCA_000775285.1_ASM77528v1_genomic_prodigal_proteins	4812	GCA_900473965.1_UW179A_genomic_prodigal_proteins	3383	956	53.59	12.90	28.26
GCA_000775285.1_ASM77528v1_genomic_prodigal_proteins	4812	GCA_003213755.1_ASM321375v1_genomic_prodigal_proteins	1050	346	54.71	13.34	32.95
GCA_000775285.1_ASM77528v1_genomic_prodigal_proteins	4812	GCA_003209155.1_ASM320915v1_genomic_prodigal_proteins	2305	708	53.21	12.82	30.72
GCA_000775285.1_ASM77528v1_genomic_prodigal_proteins	4812	GCA_003211515.1_ASM321151v1_genomic_prodigal_proteins	2451	599	53.57	12.76	24.44
GCA_000775285.1_ASM77528v1_genomic_prodigal_proteins	4812	GCA_002693285.1_ASM269328v1_genomic_prodigal_proteins	2440	822	53.42	12.65	33.69
GCA_000775285.1_ASM77528v1_genomic_prodigal_proteins	4812	GCA_003210555.1_ASM321055v1_genomic_prodigal_proteins	1847	531	53.78	12.56	28.75
GCA_000775285.1_ASM77528v1_genomic_prodigal_proteins	4812	GCA_000155595.1_ASM15559v1_genomic_prodigal_proteins	5270	1497	60.52	12.89	31.11
GCA_000775285.1_ASM77528v1_genomic_prodigal_proteins	4812	GCA_001007665.1_ASM100766v1_genomic_prodigal_proteins	2356	828	54.15	12.27	35.14
GCA_000775285.1_ASM77528v1_genomic_prodigal_proteins	4812	GCA_009919765.1_ASM991976v1_genomic_prodigal_proteins	2524	672	54.43	12.82	26.62
GCA_000775285.1_ASM77528v1_genomic_prodigal_proteins	4812	GCA_003331225.1_ASM333122v1_genomic_prodigal_proteins	2113	856	54.54	12.81	40.51
GCA_000775285.1_ASM77528v1_genomic_prodigal_proteins	4812	GCA_900177825.1_IMG-taxon_2708742468_annotated_assembly_genomic_prodigal_proteins	3317	1441	61.37	12.63	43.44
GCA_000775285.1_ASM77528v1_genomic_prodigal_proteins	4812	GCA_000195975.1_ASM19597v1_genomic_prodigal_proteins	2719	971	53.95	12.78	35.71
GCA_000775285.1_ASM77528v1_genomic_prodigal_proteins	4812	GCA_902618885.1_AG-920-D15_genomic_prodigal_proteins	1178	365	54.38	13.38	30.98
GCA_000775285.1_ASM77528v1_genomic_prodigal_proteins	4812	GCA_003209165.1_ASM320916v1_genomic_prodigal_proteins	2711	808	53.98	12.97	29.80
GCA_000775285.1_ASM77528v1_genomic_prodigal_proteins	4812	GCA_001007625.1_ASM100762v1_genomic_prodigal_proteins	2478	745	54.49	12.63	30.06
GCA_000775285.1_ASM77528v1_genomic_prodigal_proteins	4812	GCA_008386235.1_ASM838623v1_genomic_prodigal_proteins	2571	1355	62.44	13.17	52.70
GCA_000775285.1_ASM77528v1_genomic_prodigal_proteins	4812	GCA_001631935.1_ASM163193v1_genomic_prodigal_proteins	3526	944	53.82	12.86	26.77
GCA_000775285.1_ASM77528v1_genomic_prodigal_proteins	4812	GCA_002151525.1_ASM215152v1_genomic_prodigal_proteins	1628	714	54.45	12.88	43.86
GCA_000775285.1_ASM77528v1_genomic_prodigal_proteins	4812	GCA_000153065.1_ASM15306v1_genomic_prodigal_proteins	2704	977	54.12	12.95	36.13
GCA_000775285.1_ASM77528v1_genomic_prodigal_proteins	4812	GCA_009837265.1_ASM983726v1_genomic_prodigal_proteins	2126	771	54.39	12.36	36.27
GCA_000775285.1_ASM77528v1_genomic_prodigal_proteins	4812	GCA_902533725.1_AG-898-C20_genomic_prodigal_proteins	421	71	55.58	14.20	16.86
GCA_000775285.1_ASM77528v1_genomic_prodigal_proteins	4812	GCA_002171075.2_ASM217107v2_genomic_prodigal_proteins	1919	724	53.38	12.39	37.73
GCA_000775285.1_ASM77528v1_genomic_prodigal_proteins	4812	GCA_002760395.1_ASM276039v1_genomic_prodigal_proteins	2661	1134	58.93	12.33	42.62
GCA_000775285.1_ASM77528v1_genomic_prodigal_proteins	4812	GCA_003209005.1_ASM320900v1_genomic_prodigal_proteins	2548	773	53.16	12.72	30.34
GCA_000775285.1_ASM77528v1_genomic_prodigal_proteins	4812	GCA_002017915.1_ASM201791v1_genomic_prodigal_proteins	623	255	55.97	13.34	40.93
GCA_000775285.1_ASM77528v1_genomic_prodigal_proteins	4812	GCA_900047545.1_m9_genomic_prodigal_proteins	1575	638	54.33	12.34	40.51
GCA_000775285.1_ASM77528v1_genomic_prodigal_proteins	4812	GCA_001632105.1_ASM163210v1_genomic_prodigal_proteins	3521	949	53.57	12.81	26.95
GCA_000775285.1_ASM77528v1_genomic_prodigal_proteins	4812	GCA_004212765.1_ASM421276v1_genomic_prodigal_proteins	1162	486	53.18	12.69	41.82
GCA_000775285.1_ASM77528v1_genomic_prodigal_proteins	4812	GCA_002685515.1_ASM268551v1_genomic_prodigal_proteins	1286	498	52.39	12.41	38.72
GCA_000775285.1_ASM77528v1_genomic_prodigal_proteins	4812	GCA_007828135.1_ASM782813v1_genomic_prodigal_proteins	2917	1039	54.46	12.76	35.62
GCA_000775285.1_ASM77528v1_genomic_prodigal_proteins	4812	GCA_011047875.1_ASM1104787v1_genomic_prodigal_proteins	2810	1195	58.95	12.41	42.53
GCA_000775285.1_ASM77528v1_genomic_prodigal_proteins	4812	GCA_009840445.1_ASM984044v1_genomic_prodigal_proteins	2167	840	54.30	12.42	38.76
GCA_000775285.1_ASM77528v1_genomic_prodigal_proteins	4812	GCA_003210995.1_ASM321099v1_genomic_prodigal_proteins	2385	674	54.12	13.18	28.26
GCA_000775285.1_ASM77528v1_genomic_prodigal_proteins	4812	GCA_902616995.1_AG-919-L20_genomic_prodigal_proteins	654	194	53.58	12.95	29.66
GCA_000775285.1_ASM77528v1_genomic_prodigal_proteins	4812	GCA_009845825.1_ASM984582v1_genomic_prodigal_proteins	2168	746	54.24	12.21	34.41
GCA_000775285.1_ASM77528v1_genomic_prodigal_proteins	4812	GCA_000515235.1_ASM51523v1_genomic_prodigal_proteins	2873	960	53.68	12.93	33.41
GCA_000775285.1_ASM77528v1_genomic_prodigal_proteins	4812	GCA_003523965.1_ASM352396v1_genomic_prodigal_proteins	1735	564	55.29	12.40	32.51
GCA_000775285.1_ASM77528v1_genomic_prodigal_proteins	4812	GCA_002684175.1_ASM268417v1_genomic_prodigal_proteins	1819	564	52.46	12.08	31.01
GCA_000775285.1_ASM77528v1_genomic_prodigal_proteins	4812	GCA_011523295.1_ASM1152329v1_genomic_prodigal_proteins	2851	738	51.93	12.25	25.89
GCA_000775285.1_ASM77528v1_genomic_prodigal_proteins	4812	GCA_003211015.1_ASM321101v1_genomic_prodigal_proteins	2128	699	53.11	12.73	32.85
GCA_000775285.1_ASM77528v1_genomic_prodigal_proteins	4812	GCA_002006815.1_ASM200681v1_genomic_prodigal_proteins	1973	901	54.31	12.80	45.67
GCA_003555505.1_ASM355550v1_genomic_prodigal_proteins	3351	GCA_900474015.1_UW106_genomic_prodigal_proteins	2762	730	54.31	12.81	26.43
GCA_003555505.1_ASM355550v1_genomic_prodigal_proteins	3351	GCA_000715475.1_ASM71547v1_genomic_prodigal_proteins	3299	1063	59.66	13.39	32.22
GCA_003555505.1_ASM355550v1_genomic_prodigal_proteins	3351	GCA_001628295.1_ASM162829v1_genomic_prodigal_proteins	2145	688	54.61	12.37	32.07
GCA_003555505.1_ASM355550v1_genomic_prodigal_proteins	3351	GCA_003208775.1_ASM320877v1_genomic_prodigal_proteins	1808	430	54.67	13.40	23.78
GCA_003555505.1_ASM355550v1_genomic_prodigal_proteins	3351	GCA_003210975.1_ASM321097v1_genomic_prodigal_proteins	627	178	54.47	13.84	28.39
GCA_003555505.1_ASM355550v1_genomic_prodigal_proteins	3351	GCA_003208915.1_ASM320891v1_genomic_prodigal_proteins	1208	264	52.72	12.61	21.85
GCA_003555505.1_ASM355550v1_genomic_prodigal_proteins	3351	GCA_009837735.1_ASM983773v1_genomic_prodigal_proteins	2041	563	54.96	12.80	27.58
GCA_003555505.1_ASM355550v1_genomic_prodigal_proteins	3351	GCA_902548805.1_AG-901-N20_genomic_prodigal_proteins	158	23	52.59	11.79	14.56
GCA_003555505.1_ASM355550v1_genomic_prodigal_proteins	3351	GCA_003211235.1_ASM321123v1_genomic_prodigal_proteins	1698	414	53.14	12.74	24.38
GCA_003555505.1_ASM355550v1_genomic_prodigal_proteins	3351	GCA_004209775.1_ASM420977v1_genomic_prodigal_proteins	2798	787	54.40	12.87	28.13
GCA_003555505.1_ASM355550v1_genomic_prodigal_proteins	3351	GCA_003283215.1_ASM328321v1_genomic_prodigal_proteins	239	26	57.18	11.47	10.88
GCA_003555505.1_ASM355550v1_genomic_prodigal_proteins	3351	GCA_003209555.1_ASM320955v1_genomic_prodigal_proteins	908	175	53.63	13.20	19.27
GCA_003555505.1_ASM355550v1_genomic_prodigal_proteins	3351	GCA_000153805.1_ASM15380v1_genomic_prodigal_proteins	2517	737	54.14	12.85	29.28
GCA_003555505.1_ASM355550v1_genomic_prodigal_proteins	3351	GCA_003283205.1_ASM328320v1_genomic_prodigal_proteins	274	34	55.41	12.73	12.41
GCA_003555505.1_ASM355550v1_genomic_prodigal_proteins	3351	GCA_900473925.1_N5_genomic_prodigal_proteins	2417	722	54.73	12.71	29.87
GCA_003555505.1_ASM355550v1_genomic_prodigal_proteins	3351	GCA_902592665.1_AG-447-E14_genomic_prodigal_proteins	1111	213	52.96	12.99	19.17
GCA_003555505.1_ASM355550v1_genomic_prodigal_proteins	3351	GCA_011523155.1_ASM1152315v1_genomic_prodigal_proteins	2101	536	52.72	11.82	25.51
GCA_003555505.1_ASM355550v1_genomic_prodigal_proteins	3351	GCA_003211275.1_ASM321127v1_genomic_prodigal_proteins	2168	484	53.53	13.02	22.32
GCA_003555505.1_ASM355550v1_genomic_prodigal_proteins	3351	GCA_003957805.1_ASM395780v1_genomic_prodigal_proteins	2887	1021	60.61	13.23	35.37
GCA_003555505.1_ASM355550v1_genomic_prodigal_proteins	3351	GCA_012270465.1_ASM1227046v1_genomic_prodigal_proteins	2311	620	54.12	12.18	26.83
GCA_003555505.1_ASM355550v1_genomic_prodigal_proteins	3351	GCA_001693255.1_ASM169325v1_genomic_prodigal_proteins	3177	1058	59.76	13.19	33.30
GCA_003555505.1_ASM355550v1_genomic_prodigal_proteins	3351	GCA_003210385.1_ASM321038v1_genomic_prodigal_proteins	286	87	53.76	12.80	30.42
GCA_003555505.1_ASM355550v1_genomic_prodigal_proteins	3351	GCA_002170705.1_ASM217070v1_genomic_prodigal_proteins	1392	421	54.30	12.12	30.24
GCA_003555505.1_ASM355550v1_genomic_prodigal_proteins	3351	GCA_002356215.1_ASM235621v1_genomic_prodigal_proteins	2953	1060	59.53	13.38	35.90
GCA_003555505.1_ASM355550v1_genomic_prodigal_proteins	3351	GCA_003210935.1_ASM321093v1_genomic_prodigal_proteins	1868	500	53.82	12.92	26.77
GCA_003555505.1_ASM355550v1_genomic_prodigal_proteins	3351	GCA_003210535.1_ASM321053v1_genomic_prodigal_proteins	1257	286	52.85	12.50	22.75
GCA_003555505.1_ASM355550v1_genomic_prodigal_proteins	3351	GCA_002724845.1_ASM272484v1_genomic_prodigal_proteins	1589	558	54.27	12.32	35.12
GCA_003555505.1_ASM355550v1_genomic_prodigal_proteins	3351	GCA_000153285.1_ASM15328v1_genomic_prodigal_proteins	2746	758	54.10	12.99	27.60
GCA_003555505.1_ASM355550v1_genomic_prodigal_proteins	3351	GCA_003211035.1_ASM321103v1_genomic_prodigal_proteins	530	133	51.81	11.97	25.09
GCA_003555505.1_ASM355550v1_genomic_prodigal_proteins	3351	GCA_001521855.1_ASM152185v1_genomic_prodigal_proteins	3144	1063	59.75	13.20	33.81
GCA_003555505.1_ASM355550v1_genomic_prodigal_proteins	3351	GCA_009835965.1_ASM983596v1_genomic_prodigal_proteins	2105	672	54.86	12.60	31.92
GCA_003555505.1_ASM355550v1_genomic_prodigal_proteins	3351	GCA_012269695.1_ASM1226969v1_genomic_prodigal_proteins	2043	544	54.46	12.04	26.63
GCA_003555505.1_ASM355550v1_genomic_prodigal_proteins	3351	GCA_000737535.1_ASM73753v1_genomic_prodigal_proteins	3013	738	54.44	12.82	24.49
GCA_003555505.1_ASM355550v1_genomic_prodigal_proteins	3351	GCA_000586015.1_SynSpo.0_genomic_prodigal_proteins	1907	543	55.55	12.85	28.47
GCA_003555505.1_ASM355550v1_genomic_prodigal_proteins	3351	GCA_002760345.1_ASM276034v1_genomic_prodigal_proteins	2731	945	58.91	13.09	34.60
GCA_003555505.1_ASM355550v1_genomic_prodigal_proteins	3351	GCA_000013225.1_ASM1322v1_genomic_prodigal_proteins	2844	959	58.72	13.30	33.72
GCA_003555505.1_ASM355550v1_genomic_prodigal_proteins	3351	GCA_000332275.1_ASM33227v1_genomic_prodigal_proteins	4564	957	57.77	12.85	28.56
GCA_003555505.1_ASM355550v1_genomic_prodigal_proteins	3351	GCA_002252675.1_ASM225267v1_genomic_prodigal_proteins	3295	810	54.85	12.87	24.58
GCA_003555505.1_ASM355550v1_genomic_prodigal_proteins	3351	GCA_000737575.1_ASM73757v1_genomic_prodigal_proteins	2662	745	54.44	12.85	27.99
GCA_003555505.1_ASM355550v1_genomic_prodigal_proteins	3351	GCA_902596755.1_AG-916-D19_genomic_prodigal_proteins	1152	283	53.01	12.83	24.57
GCA_003555505.1_ASM355550v1_genomic_prodigal_proteins	3351	GCA_003211455.1_ASM321145v1_genomic_prodigal_proteins	1186	252	52.46	12.92	21.25
GCA_003555505.1_ASM355550v1_genomic_prodigal_proteins	3351	GCA_003208755.1_ASM320875v1_genomic_prodigal_proteins	690	180	52.41	13.13	26.09
GCA_003555505.1_ASM355550v1_genomic_prodigal_proteins	3351	GCA_007571215.1_ASM757121v1_genomic_prodigal_proteins	1879	637	54.79	12.34	33.90
GCA_003555505.1_ASM355550v1_genomic_prodigal_proteins	3351	GCA_001007635.1_ASM100763v1_genomic_prodigal_proteins	2333	624	54.42	12.61	26.75
GCA_003555505.1_ASM355550v1_genomic_prodigal_proteins	3351	GCA_000179255.1_ASM17925v1_genomic_prodigal_proteins	2729	786	54.40	12.87	28.80
GCA_003555505.1_ASM355550v1_genomic_prodigal_proteins	3351	GCA_003208975.1_ASM320897v1_genomic_prodigal_proteins	1804	396	53.54	12.36	21.95
GCA_003555505.1_ASM355550v1_genomic_prodigal_proteins	3351	GCA_012103655.1_ASM1210365v1_genomic_prodigal_proteins	2723	731	54.17	12.79	26.85
GCA_003555505.1_ASM355550v1_genomic_prodigal_proteins	3351	GCA_902582045.1_AG-912-B07_genomic_prodigal_proteins	196	23	51.73	11.56	11.73
GCA_003555505.1_ASM355550v1_genomic_prodigal_proteins	3351	GCA_000153045.1_ASM15304v1_genomic_prodigal_proteins	3242	818	54.62	12.89	25.23
GCA_003555505.1_ASM355550v1_genomic_prodigal_proteins	3351	GCA_902549675.1_AG-903-B09_genomic_prodigal_proteins	836	190	55.71	13.72	22.73
GCA_003555505.1_ASM355550v1_genomic_prodigal_proteins	3351	GCA_002018045.1_ASM201804v1_genomic_prodigal_proteins	1559	537	55.29	12.62	34.45
GCA_003555505.1_ASM355550v1_genomic_prodigal_proteins	3351	GCA_004213055.1_ASM421305v1_genomic_prodigal_proteins	2241	675	54.27	12.65	30.12
GCA_003555505.1_ASM355550v1_genomic_prodigal_proteins	3351	GCA_007571085.1_ASM757108v1_genomic_prodigal_proteins	1784	628	54.89	12.25	35.20
GCA_003555505.1_ASM355550v1_genomic_prodigal_proteins	3351	GCA_009839805.1_ASM983980v1_genomic_prodigal_proteins	1848	451	53.26	12.08	24.40
GCA_003555505.1_ASM355550v1_genomic_prodigal_proteins	3351	GCA_003210375.1_ASM321037v1_genomic_prodigal_proteins	2155	563	53.93	12.64	26.13
GCA_003555505.1_ASM355550v1_genomic_prodigal_proteins	3351	GCA_004332415.1_ASM433241v1_genomic_prodigal_proteins	2408	754	54.51	12.85	31.31
GCA_003555505.1_ASM355550v1_genomic_prodigal_proteins	3351	GCA_009836025.1_ASM983602v1_genomic_prodigal_proteins	2290	664	54.69	12.55	29.00
GCA_003555505.1_ASM355550v1_genomic_prodigal_proteins	3351	GCA_009843455.1_ASM984345v1_genomic_prodigal_proteins	2423	645	54.44	12.42	26.62
GCA_003555505.1_ASM355550v1_genomic_prodigal_proteins	3351	GCA_009843485.1_ASM984348v1_genomic_prodigal_proteins	2158	670	54.89	12.60	31.05
GCA_003555505.1_ASM355550v1_genomic_prodigal_proteins	3351	GCA_003283135.1_ASM328313v1_genomic_prodigal_proteins	459	62	52.33	13.97	13.51
GCA_003555505.1_ASM355550v1_genomic_prodigal_proteins	3351	GCA_902635485.1_AG-447-G23_genomic_prodigal_proteins	327	49	54.78	14.91	14.98
GCA_003555505.1_ASM355550v1_genomic_prodigal_proteins	3351	GCA_002760415.1_ASM276041v1_genomic_prodigal_proteins	2670	940	58.67	13.20	35.21
GCA_003555505.1_ASM355550v1_genomic_prodigal_proteins	3351	GCA_002754935.1_ASM275493v1_genomic_prodigal_proteins	2664	1563	81.24	10.99	58.67
GCA_003555505.1_ASM355550v1_genomic_prodigal_proteins	3351	GCA_002171685.2_ASM217168v2_genomic_prodigal_proteins	811	307	54.85	12.43	37.85
GCA_003555505.1_ASM355550v1_genomic_prodigal_proteins	3351	GCA_000737595.1_ASM73759v1_genomic_prodigal_proteins	2774	744	54.39	12.83	26.82
GCA_003555505.1_ASM355550v1_genomic_prodigal_proteins	3351	GCA_003331785.1_ASM333178v1_genomic_prodigal_proteins	2125	691	54.25	12.67	32.52
GCA_003555505.1_ASM355550v1_genomic_prodigal_proteins	3351	GCA_009842265.1_ASM984226v1_genomic_prodigal_proteins	2398	655	54.82	12.57	27.31
GCA_003555505.1_ASM355550v1_genomic_prodigal_proteins	3351	GCA_902579345.1_AG-911-L15_genomic_prodigal_proteins	248	30	56.09	15.97	12.10
GCA_003555505.1_ASM355550v1_genomic_prodigal_proteins	3351	GCA_000011345.1_ASM1134v1_genomic_prodigal_proteins	2520	1647	90.86	8.52	65.36
GCA_003555505.1_ASM355550v1_genomic_prodigal_proteins	3351	GCA_003210705.1_ASM321070v1_genomic_prodigal_proteins	2244	538	53.79	12.90	23.98
GCA_003555505.1_ASM355550v1_genomic_prodigal_proteins	3351	GCA_000019485.1_ASM1948v1_genomic_prodigal_proteins	3233	1079	59.48	13.37	33.37
GCA_003555505.1_ASM355550v1_genomic_prodigal_proteins	3351	GCA_003283055.1_ASM328305v1_genomic_prodigal_proteins	482	26	49.69	15.76	5.39
GCA_003555505.1_ASM355550v1_genomic_prodigal_proteins	3351	GCA_000010065.1_ASM1006v1_genomic_prodigal_proteins	2691	1013	60.37	13.34	37.64
GCA_003555505.1_ASM355550v1_genomic_prodigal_proteins	3351	GCA_000316685.1_ASM31668v1_genomic_prodigal_proteins	3706	1417	66.39	13.97	42.29
GCA_003555505.1_ASM355550v1_genomic_prodigal_proteins	3351	GCA_000063525.1_ASM6352v1_genomic_prodigal_proteins	2540	763	55.27	12.70	30.04
GCA_003555505.1_ASM355550v1_genomic_prodigal_proteins	3351	GCA_003283165.1_ASM328316v1_genomic_prodigal_proteins	217	35	51.23	12.02	16.13
GCA_003555505.1_ASM355550v1_genomic_prodigal_proteins	3351	GCA_902540675.1_AG-359-E22_genomic_prodigal_proteins	584	128	54.15	13.59	21.92
GCA_003555505.1_ASM355550v1_genomic_prodigal_proteins	3351	GCA_011055065.1_ASM1105506v1_genomic_prodigal_proteins	2792	932	58.59	13.32	33.38
GCA_003555505.1_ASM355550v1_genomic_prodigal_proteins	3351	GCA_000013205.1_ASM1320v1_genomic_prodigal_proteins	2750	946	58.87	13.11	34.40
GCA_003555505.1_ASM355550v1_genomic_prodigal_proteins	3351	GCA_003539795.1_ASM353979v1_genomic_prodigal_proteins	2284	594	53.28	12.08	26.01
GCA_003555505.1_ASM355550v1_genomic_prodigal_proteins	3351	GCA_002171995.1_ASM217199v1_genomic_prodigal_proteins	1978	428	53.90	12.57	21.64
GCA_003555505.1_ASM355550v1_genomic_prodigal_proteins	3351	GCA_011523835.1_ASM1152383v1_genomic_prodigal_proteins	2468	650	53.80	12.41	26.34
GCA_003555505.1_ASM355550v1_genomic_prodigal_proteins	3351	GCA_002172175.1_ASM217217v1_genomic_prodigal_proteins	1846	472	54.05	12.27	25.57
GCA_003555505.1_ASM355550v1_genomic_prodigal_proteins	3351	GCA_003208835.1_ASM320883v1_genomic_prodigal_proteins	2208	545	54.48	12.48	24.68
GCA_003555505.1_ASM355550v1_genomic_prodigal_proteins	3351	GCA_902589915.1_AG-914-F20_genomic_prodigal_proteins	373	57	53.63	13.60	15.28
GCA_003555505.1_ASM355550v1_genomic_prodigal_proteins	3351	GCA_000485815.1_ASM48581v1_genomic_prodigal_proteins	3083	1038	59.71	13.32	33.67
GCA_003555505.1_ASM355550v1_genomic_prodigal_proteins	3351	GCA_008807075.1_ASM880707v1_genomic_prodigal_proteins	2925	763	54.74	12.80	26.09
GCA_003555505.1_ASM355550v1_genomic_prodigal_proteins	3351	GCA_000179235.2_ASM17923v2_genomic_prodigal_proteins	3071	816	54.91	12.70	26.57
GCA_003555505.1_ASM355550v1_genomic_prodigal_proteins	3351	GCA_003210795.1_ASM321079v1_genomic_prodigal_proteins	2239	555	53.51	12.63	24.79
GCA_003555505.1_ASM355550v1_genomic_prodigal_proteins	3351	GCA_002706715.1_ASM270671v1_genomic_prodigal_proteins	1148	415	54.43	13.13	36.15
GCA_003555505.1_ASM355550v1_genomic_prodigal_proteins	3351	GCA_003331245.1_ASM333124v1_genomic_prodigal_proteins	2021	623	53.85	12.39	30.83
GCA_003555505.1_ASM355550v1_genomic_prodigal_proteins	3351	GCA_009843385.1_ASM984338v1_genomic_prodigal_proteins	2085	562	54.94	12.64	26.95
GCA_003555505.1_ASM355550v1_genomic_prodigal_proteins	3351	GCA_003211205.1_ASM321120v1_genomic_prodigal_proteins	2288	578	53.27	12.89	25.26
GCA_003555505.1_ASM355550v1_genomic_prodigal_proteins	3351	GCA_000063505.1_ASM6350v1_genomic_prodigal_proteins	2558	730	54.38	12.95	28.54
GCA_003555505.1_ASM355550v1_genomic_prodigal_proteins	3351	GCA_900474245.1_UW179B_genomic_prodigal_proteins	2743	741	54.17	12.84	27.01
GCA_003555505.1_ASM355550v1_genomic_prodigal_proteins	3351	GCA_003210345.1_ASM321034v1_genomic_prodigal_proteins	1256	306	53.01	12.74	24.36
GCA_003555505.1_ASM355550v1_genomic_prodigal_proteins	3351	GCA_003210315.1_ASM321031v1_genomic_prodigal_proteins	1815	443	53.89	12.98	24.41
GCA_003555505.1_ASM355550v1_genomic_prodigal_proteins	3351	GCA_009836155.1_ASM983615v1_genomic_prodigal_proteins	1947	635	54.56	12.40	32.61
GCA_003555505.1_ASM355550v1_genomic_prodigal_proteins	3351	GCA_003990665.2_ASM399066v2_genomic_prodigal_proteins	2499	1645	90.99	8.18	65.83
GCA_003555505.1_ASM355550v1_genomic_prodigal_proteins	3351	GCA_003209135.1_ASM320913v1_genomic_prodigal_proteins	1719	398	52.13	12.34	23.15
GCA_003555505.1_ASM355550v1_genomic_prodigal_proteins	3351	GCA_009845105.1_ASM984510v1_genomic_prodigal_proteins	1941	556	54.53	12.61	28.65
GCA_003555505.1_ASM355550v1_genomic_prodigal_proteins	3351	GCA_002690325.1_ASM269032v1_genomic_prodigal_proteins	2554	672	53.33	12.65	26.31
GCA_003555505.1_ASM355550v1_genomic_prodigal_proteins	3351	GCA_000161795.2_ASM16179v2_genomic_prodigal_proteins	2407	725	54.63	12.79	30.12
GCA_003555505.1_ASM355550v1_genomic_prodigal_proteins	3351	GCA_004211895.1_ASM421189v1_genomic_prodigal_proteins	954	326	54.54	12.89	34.17
GCA_003555505.1_ASM355550v1_genomic_prodigal_proteins	3351	GCA_003210735.1_ASM321073v1_genomic_prodigal_proteins	2337	533	53.14	12.76	22.81
GCA_003555505.1_ASM355550v1_genomic_prodigal_proteins	3351	GCA_003209035.1_ASM320903v1_genomic_prodigal_proteins	1803	393	53.44	13.24	21.80
GCA_003555505.1_ASM355550v1_genomic_prodigal_proteins	3351	GCA_003712085.1_ASM371208v1_genomic_prodigal_proteins	2745	759	53.93	12.86	27.65
GCA_003555505.1_ASM355550v1_genomic_prodigal_proteins	3351	GCA_003212155.1_ASM321215v1_genomic_prodigal_proteins	262	45	53.47	14.81	17.18
GCA_003555505.1_ASM355550v1_genomic_prodigal_proteins	3351	GCA_001040845.1_ASM104084v1_genomic_prodigal_proteins	2917	745	53.85	12.81	25.54
GCA_003555505.1_ASM355550v1_genomic_prodigal_proteins	3351	GCA_002018015.1_ASM201801v1_genomic_prodigal_proteins	1578	511	55.64	12.73	32.38
GCA_003555505.1_ASM355550v1_genomic_prodigal_proteins	3351	GCA_003211255.1_ASM321125v1_genomic_prodigal_proteins	1850	421	53.09	12.72	22.76
GCA_003555505.1_ASM355550v1_genomic_prodigal_proteins	3351	GCA_002721235.1_ASM272123v1_genomic_prodigal_proteins	3119	1070	59.70	13.24	34.31
GCA_003555505.1_ASM355550v1_genomic_prodigal_proteins	3351	GCA_009839305.1_ASM983930v1_genomic_prodigal_proteins	1816	523	55.70	13.10	28.80
GCA_003555505.1_ASM355550v1_genomic_prodigal_proteins	3351	GCA_011365345.1_ASM1136534v1_genomic_prodigal_proteins	2655	737	54.36	12.84	27.76
GCA_003555505.1_ASM355550v1_genomic_prodigal_proteins	3351	GCA_001039265.1_ASM103926v1_genomic_prodigal_proteins	2832	621	56.05	13.22	21.93
GCA_003555505.1_ASM355550v1_genomic_prodigal_proteins	3351	GCA_001628325.1_ASM162832v1_genomic_prodigal_proteins	2129	678	54.23	12.41	31.85
GCA_003555505.1_ASM355550v1_genomic_prodigal_proteins	3351	GCA_003209215.1_ASM320921v1_genomic_prodigal_proteins	1679	411	54.18	12.75	24.48
GCA_003555505.1_ASM355550v1_genomic_prodigal_proteins	3351	GCA_002737305.1_ASM273730v1_genomic_prodigal_proteins	1951	623	55.46	12.73	31.93
GCA_003555505.1_ASM355550v1_genomic_prodigal_proteins	3351	GCA_003210515.1_ASM321051v1_genomic_prodigal_proteins	1673	424	53.32	12.72	25.34
GCA_003555505.1_ASM355550v1_genomic_prodigal_proteins	3351	GCA_011525445.1_ASM1152544v1_genomic_prodigal_proteins	3208	627	53.23	12.63	19.54
GCA_003555505.1_ASM355550v1_genomic_prodigal_proteins	3351	GCA_902599435.1_AG-916-N22_genomic_prodigal_proteins	793	203	56.15	13.20	25.60
GCA_003555505.1_ASM355550v1_genomic_prodigal_proteins	3351	GCA_003149585.1_ASM314958v1_genomic_prodigal_proteins	2600	806	54.36	12.92	31.00
GCA_003555505.1_ASM355550v1_genomic_prodigal_proteins	3351	GCA_902560665.1_AG-905-O11_genomic_prodigal_proteins	401	72	54.73	15.58	17.96
GCA_003555505.1_ASM355550v1_genomic_prodigal_proteins	3351	GCA_003331795.1_ASM333179v1_genomic_prodigal_proteins	1948	610	55.40	12.61	31.31
GCA_003555505.1_ASM355550v1_genomic_prodigal_proteins	3351	GCA_002017955.1_ASM201795v1_genomic_prodigal_proteins	512	150	55.53	13.09	29.30
GCA_003555505.1_ASM355550v1_genomic_prodigal_proteins	3351	GCA_902584485.1_AG-912-O23_genomic_prodigal_proteins	535	104	52.05	13.32	19.44
GCA_003555505.1_ASM355550v1_genomic_prodigal_proteins	3351	GCA_902527915.1_AG-896-G19_genomic_prodigal_proteins	1003	231	53.71	13.31	23.03
GCA_003555505.1_ASM355550v1_genomic_prodigal_proteins	3351	GCA_902635365.1_AG-447-D19_genomic_prodigal_proteins	1690	363	54.39	12.92	21.48
GCA_003555505.1_ASM355550v1_genomic_prodigal_proteins	3351	GCA_900474085.1_UW86_genomic_prodigal_proteins	2403	727	54.62	12.75	30.25
GCA_003555505.1_ASM355550v1_genomic_prodigal_proteins	3351	GCA_001885215.1_ASM188521v1_genomic_prodigal_proteins	2897	802	54.59	12.63	27.68
GCA_003555505.1_ASM355550v1_genomic_prodigal_proteins	3351	GCA_902575935.1_AG-426-B22_genomic_prodigal_proteins	254	77	58.45	14.74	30.31
GCA_003555505.1_ASM355550v1_genomic_prodigal_proteins	3351	GCA_900474295.1_UW140_genomic_prodigal_proteins	2925	743	54.17	12.87	25.40
GCA_003555505.1_ASM355550v1_genomic_prodigal_proteins	3351	GCA_003211565.1_ASM321156v1_genomic_prodigal_proteins	1489	347	53.94	13.11	23.30
GCA_003555505.1_ASM355550v1_genomic_prodigal_proteins	3351	GCA_003526105.1_ASM352610v1_genomic_prodigal_proteins	1581	447	54.56	12.17	28.27
GCA_003555505.1_ASM355550v1_genomic_prodigal_proteins	3351	GCA_002172935.1_ASM217293v1_genomic_prodigal_proteins	1996	580	53.95	12.67	29.06
GCA_003555505.1_ASM355550v1_genomic_prodigal_proteins	3351	GCA_003210335.1_ASM321033v1_genomic_prodigal_proteins	942	152	52.19	12.88	16.14
GCA_003555505.1_ASM355550v1_genomic_prodigal_proteins	3351	GCA_009846115.1_ASM984611v1_genomic_prodigal_proteins	2048	595	54.93	12.62	29.05
GCA_003555505.1_ASM355550v1_genomic_prodigal_proteins	3351	GCA_001693295.1_ASM169329v1_genomic_prodigal_proteins	3183	1066	59.54	13.35	33.49
GCA_003555505.1_ASM355550v1_genomic_prodigal_proteins	3351	GCA_900473965.1_UW179A_genomic_prodigal_proteins	3383	744	53.87	12.87	22.20
GCA_003555505.1_ASM355550v1_genomic_prodigal_proteins	3351	GCA_003213755.1_ASM321375v1_genomic_prodigal_proteins	1050	279	54.24	13.55	26.57
GCA_003555505.1_ASM355550v1_genomic_prodigal_proteins	3351	GCA_003209155.1_ASM320915v1_genomic_prodigal_proteins	2305	555	54.10	12.86	24.08
GCA_003555505.1_ASM355550v1_genomic_prodigal_proteins	3351	GCA_003211515.1_ASM321151v1_genomic_prodigal_proteins	2451	475	54.07	12.77	19.38
GCA_003555505.1_ASM355550v1_genomic_prodigal_proteins	3351	GCA_002693285.1_ASM269328v1_genomic_prodigal_proteins	2440	645	54.27	12.48	26.43
GCA_003555505.1_ASM355550v1_genomic_prodigal_proteins	3351	GCA_003210555.1_ASM321055v1_genomic_prodigal_proteins	1847	427	53.12	12.98	23.12
GCA_003555505.1_ASM355550v1_genomic_prodigal_proteins	3351	GCA_000155595.1_ASM15559v1_genomic_prodigal_proteins	5270	1032	58.79	13.40	30.80
GCA_003555505.1_ASM355550v1_genomic_prodigal_proteins	3351	GCA_001007665.1_ASM100766v1_genomic_prodigal_proteins	2356	663	54.56	12.51	28.14
GCA_003555505.1_ASM355550v1_genomic_prodigal_proteins	3351	GCA_009919765.1_ASM991976v1_genomic_prodigal_proteins	2524	561	55.19	12.79	22.23
GCA_003555505.1_ASM355550v1_genomic_prodigal_proteins	3351	GCA_003331225.1_ASM333122v1_genomic_prodigal_proteins	2113	657	55.27	12.66	31.09
GCA_003555505.1_ASM355550v1_genomic_prodigal_proteins	3351	GCA_900177825.1_IMG-taxon_2708742468_annotated_assembly_genomic_prodigal_proteins	3317	1066	59.52	13.42	32.14
GCA_003555505.1_ASM355550v1_genomic_prodigal_proteins	3351	GCA_000195975.1_ASM19597v1_genomic_prodigal_proteins	2719	755	53.93	12.96	27.77
GCA_003555505.1_ASM355550v1_genomic_prodigal_proteins	3351	GCA_902618885.1_AG-920-D15_genomic_prodigal_proteins	1178	297	54.18	13.43	25.21
GCA_003555505.1_ASM355550v1_genomic_prodigal_proteins	3351	GCA_003209165.1_ASM320916v1_genomic_prodigal_proteins	2711	641	54.33	12.84	23.64
GCA_003555505.1_ASM355550v1_genomic_prodigal_proteins	3351	GCA_001007625.1_ASM100762v1_genomic_prodigal_proteins	2478	630	54.96	12.62	25.42
GCA_003555505.1_ASM355550v1_genomic_prodigal_proteins	3351	GCA_008386235.1_ASM838623v1_genomic_prodigal_proteins	2571	1762	93.56	7.34	68.53
GCA_003555505.1_ASM355550v1_genomic_prodigal_proteins	3351	GCA_001631935.1_ASM163193v1_genomic_prodigal_proteins	3526	744	54.11	12.89	22.20
GCA_003555505.1_ASM355550v1_genomic_prodigal_proteins	3351	GCA_002151525.1_ASM215152v1_genomic_prodigal_proteins	1628	550	54.58	12.79	33.78
GCA_003555505.1_ASM355550v1_genomic_prodigal_proteins	3351	GCA_000153065.1_ASM15306v1_genomic_prodigal_proteins	2704	789	54.38	12.87	29.18
GCA_003555505.1_ASM355550v1_genomic_prodigal_proteins	3351	GCA_009837265.1_ASM983726v1_genomic_prodigal_proteins	2126	623	54.89	12.68	29.30
GCA_003555505.1_ASM355550v1_genomic_prodigal_proteins	3351	GCA_902533725.1_AG-898-C20_genomic_prodigal_proteins	421	65	53.91	13.77	15.44
GCA_003555505.1_ASM355550v1_genomic_prodigal_proteins	3351	GCA_002171075.2_ASM217107v2_genomic_prodigal_proteins	1919	536	54.25	12.39	27.93
GCA_003555505.1_ASM355550v1_genomic_prodigal_proteins	3351	GCA_002760395.1_ASM276039v1_genomic_prodigal_proteins	2661	928	58.75	13.20	34.87
GCA_003555505.1_ASM355550v1_genomic_prodigal_proteins	3351	GCA_003209005.1_ASM320900v1_genomic_prodigal_proteins	2548	615	53.42	12.66	24.14
GCA_003555505.1_ASM355550v1_genomic_prodigal_proteins	3351	GCA_002017915.1_ASM201791v1_genomic_prodigal_proteins	623	207	56.76	13.22	33.23
GCA_003555505.1_ASM355550v1_genomic_prodigal_proteins	3351	GCA_900047545.1_m9_genomic_prodigal_proteins	1575	522	54.86	12.62	33.14
GCA_003555505.1_ASM355550v1_genomic_prodigal_proteins	3351	GCA_001632105.1_ASM163210v1_genomic_prodigal_proteins	3521	752	53.83	12.92	22.44
GCA_003555505.1_ASM355550v1_genomic_prodigal_proteins	3351	GCA_004212765.1_ASM421276v1_genomic_prodigal_proteins	1162	388	54.05	12.77	33.39
GCA_003555505.1_ASM355550v1_genomic_prodigal_proteins	3351	GCA_002685515.1_ASM268551v1_genomic_prodigal_proteins	1286	411	52.98	12.21	31.96
GCA_003555505.1_ASM355550v1_genomic_prodigal_proteins	3351	GCA_007828135.1_ASM782813v1_genomic_prodigal_proteins	2917	802	54.58	12.64	27.49
GCA_003555505.1_ASM355550v1_genomic_prodigal_proteins	3351	GCA_011047875.1_ASM1104787v1_genomic_prodigal_proteins	2810	952	58.70	13.34	33.88
GCA_003555505.1_ASM355550v1_genomic_prodigal_proteins	3351	GCA_009840445.1_ASM984044v1_genomic_prodigal_proteins	2167	682	54.70	12.61	31.47
GCA_003555505.1_ASM355550v1_genomic_prodigal_proteins	3351	GCA_003210995.1_ASM321099v1_genomic_prodigal_proteins	2385	531	54.44	13.04	22.26
GCA_003555505.1_ASM355550v1_genomic_prodigal_proteins	3351	GCA_902616995.1_AG-919-L20_genomic_prodigal_proteins	654	141	54.58	13.41	21.56
GCA_003555505.1_ASM355550v1_genomic_prodigal_proteins	3351	GCA_009845825.1_ASM984582v1_genomic_prodigal_proteins	2168	583	54.68	12.42	26.89
GCA_003555505.1_ASM355550v1_genomic_prodigal_proteins	3351	GCA_000515235.1_ASM51523v1_genomic_prodigal_proteins	2873	756	53.86	12.88	26.31
GCA_003555505.1_ASM355550v1_genomic_prodigal_proteins	3351	GCA_003523965.1_ASM352396v1_genomic_prodigal_proteins	1735	459	56.23	12.28	26.46
GCA_003555505.1_ASM355550v1_genomic_prodigal_proteins	3351	GCA_002684175.1_ASM268417v1_genomic_prodigal_proteins	1819	436	53.00	12.18	23.97
GCA_003555505.1_ASM355550v1_genomic_prodigal_proteins	3351	GCA_011523295.1_ASM1152329v1_genomic_prodigal_proteins	2851	577	52.37	12.37	20.24
GCA_003555505.1_ASM355550v1_genomic_prodigal_proteins	3351	GCA_003211015.1_ASM321101v1_genomic_prodigal_proteins	2128	534	53.28	12.43	25.09
GCA_003555505.1_ASM355550v1_genomic_prodigal_proteins	3351	GCA_002006815.1_ASM200681v1_genomic_prodigal_proteins	1973	691	54.91	12.67	35.02
GCA_000715475.1_ASM71547v1_genomic_prodigal_proteins	3299	GCA_001628295.1_ASM162829v1_genomic_prodigal_proteins	2145	954	53.96	12.59	44.48
GCA_000715475.1_ASM71547v1_genomic_prodigal_proteins	3299	GCA_003208775.1_ASM320877v1_genomic_prodigal_proteins	1808	618	53.23	12.93	34.18
GCA_000715475.1_ASM71547v1_genomic_prodigal_proteins	3299	GCA_003210975.1_ASM321097v1_genomic_prodigal_proteins	627	255	52.81	13.55	40.67
GCA_000715475.1_ASM71547v1_genomic_prodigal_proteins	3299	GCA_003208915.1_ASM320891v1_genomic_prodigal_proteins	1208	374	53.02	12.40	30.96
GCA_000715475.1_ASM71547v1_genomic_prodigal_proteins	3299	GCA_009837735.1_ASM983773v1_genomic_prodigal_proteins	2041	724	53.52	12.40	35.47
GCA_000715475.1_ASM71547v1_genomic_prodigal_proteins	3299	GCA_902548805.1_AG-901-N20_genomic_prodigal_proteins	158	43	53.12	14.03	27.22
GCA_000715475.1_ASM71547v1_genomic_prodigal_proteins	3299	GCA_003211235.1_ASM321123v1_genomic_prodigal_proteins	1698	580	53.09	12.64	34.16
GCA_000715475.1_ASM71547v1_genomic_prodigal_proteins	3299	GCA_004209775.1_ASM420977v1_genomic_prodigal_proteins	2798	1111	53.58	12.82	39.71
GCA_000715475.1_ASM71547v1_genomic_prodigal_proteins	3299	GCA_003283215.1_ASM328321v1_genomic_prodigal_proteins	239	33	54.55	14.12	13.81
GCA_000715475.1_ASM71547v1_genomic_prodigal_proteins	3299	GCA_003209555.1_ASM320955v1_genomic_prodigal_proteins	908	253	54.00	13.29	27.86
GCA_000715475.1_ASM71547v1_genomic_prodigal_proteins	3299	GCA_000153805.1_ASM15380v1_genomic_prodigal_proteins	2517	1046	53.28	12.66	41.56
GCA_000715475.1_ASM71547v1_genomic_prodigal_proteins	3299	GCA_003283205.1_ASM328320v1_genomic_prodigal_proteins	274	40	52.72	14.13	14.60
GCA_000715475.1_ASM71547v1_genomic_prodigal_proteins	3299	GCA_900473925.1_N5_genomic_prodigal_proteins	2417	1029	53.76	12.79	42.57
GCA_000715475.1_ASM71547v1_genomic_prodigal_proteins	3299	GCA_902592665.1_AG-447-E14_genomic_prodigal_proteins	1111	282	52.31	12.36	25.38
GCA_000715475.1_ASM71547v1_genomic_prodigal_proteins	3299	GCA_011523155.1_ASM1152315v1_genomic_prodigal_proteins	2101	726	51.30	11.64	34.55
GCA_000715475.1_ASM71547v1_genomic_prodigal_proteins	3299	GCA_003211275.1_ASM321127v1_genomic_prodigal_proteins	2168	688	53.29	12.83	31.73
GCA_000715475.1_ASM71547v1_genomic_prodigal_proteins	3299	GCA_003957805.1_ASM395780v1_genomic_prodigal_proteins	2887	1481	59.33	12.96	51.30
GCA_000715475.1_ASM71547v1_genomic_prodigal_proteins	3299	GCA_012270465.1_ASM1227046v1_genomic_prodigal_proteins	2311	868	52.71	12.36	37.56
GCA_000715475.1_ASM71547v1_genomic_prodigal_proteins	3299	GCA_001693255.1_ASM169325v1_genomic_prodigal_proteins	3177	2643	94.01	7.30	83.19
GCA_000715475.1_ASM71547v1_genomic_prodigal_proteins	3299	GCA_003210385.1_ASM321038v1_genomic_prodigal_proteins	286	125	51.85	12.93	43.71
GCA_000715475.1_ASM71547v1_genomic_prodigal_proteins	3299	GCA_002170705.1_ASM217070v1_genomic_prodigal_proteins	1392	567	53.13	12.28	40.73
GCA_000715475.1_ASM71547v1_genomic_prodigal_proteins	3299	GCA_002356215.1_ASM235621v1_genomic_prodigal_proteins	2953	2457	84.00	11.09	83.20
GCA_000715475.1_ASM71547v1_genomic_prodigal_proteins	3299	GCA_003210935.1_ASM321093v1_genomic_prodigal_proteins	1868	700	53.70	13.05	37.47
GCA_000715475.1_ASM71547v1_genomic_prodigal_proteins	3299	GCA_003210535.1_ASM321053v1_genomic_prodigal_proteins	1257	395	52.84	12.54	31.42
GCA_000715475.1_ASM71547v1_genomic_prodigal_proteins	3299	GCA_002724845.1_ASM272484v1_genomic_prodigal_proteins	1589	730	53.76	12.66	45.94
GCA_000715475.1_ASM71547v1_genomic_prodigal_proteins	3299	GCA_000153285.1_ASM15328v1_genomic_prodigal_proteins	2746	1091	53.19	12.94	39.73
GCA_000715475.1_ASM71547v1_genomic_prodigal_proteins	3299	GCA_003211035.1_ASM321103v1_genomic_prodigal_proteins	530	188	52.07	12.06	35.47
GCA_000715475.1_ASM71547v1_genomic_prodigal_proteins	3299	GCA_001521855.1_ASM152185v1_genomic_prodigal_proteins	3144	2740	97.91	5.29	87.15
GCA_000715475.1_ASM71547v1_genomic_prodigal_proteins	3299	GCA_009835965.1_ASM983596v1_genomic_prodigal_proteins	2105	919	53.38	12.32	43.66
GCA_000715475.1_ASM71547v1_genomic_prodigal_proteins	3299	GCA_012269695.1_ASM1226969v1_genomic_prodigal_proteins	2043	746	53.26	12.48	36.51
GCA_000715475.1_ASM71547v1_genomic_prodigal_proteins	3299	GCA_000737535.1_ASM73753v1_genomic_prodigal_proteins	3013	1064	53.42	12.79	35.31
GCA_000715475.1_ASM71547v1_genomic_prodigal_proteins	3299	GCA_000586015.1_SynSpo.0_genomic_prodigal_proteins	1907	732	54.04	13.03	38.38
GCA_000715475.1_ASM71547v1_genomic_prodigal_proteins	3299	GCA_002760345.1_ASM276034v1_genomic_prodigal_proteins	2731	1233	56.58	12.25	45.15
GCA_000715475.1_ASM71547v1_genomic_prodigal_proteins	3299	GCA_000013225.1_ASM1322v1_genomic_prodigal_proteins	2844	1268	56.50	12.27	44.59
GCA_000715475.1_ASM71547v1_genomic_prodigal_proteins	3299	GCA_000332275.1_ASM33227v1_genomic_prodigal_proteins	4564	1517	56.69	12.54	45.98
GCA_000715475.1_ASM71547v1_genomic_prodigal_proteins	3299	GCA_002252675.1_ASM225267v1_genomic_prodigal_proteins	3295	1171	53.88	12.73	35.54
GCA_000715475.1_ASM71547v1_genomic_prodigal_proteins	3299	GCA_000737575.1_ASM73757v1_genomic_prodigal_proteins	2662	1076	53.44	12.84	40.42
GCA_000715475.1_ASM71547v1_genomic_prodigal_proteins	3299	GCA_902596755.1_AG-916-D19_genomic_prodigal_proteins	1152	380	53.33	12.94	32.99
GCA_000715475.1_ASM71547v1_genomic_prodigal_proteins	3299	GCA_003211455.1_ASM321145v1_genomic_prodigal_proteins	1186	375	53.32	12.75	31.62
GCA_000715475.1_ASM71547v1_genomic_prodigal_proteins	3299	GCA_003208755.1_ASM320875v1_genomic_prodigal_proteins	690	228	53.26	13.31	33.04
GCA_000715475.1_ASM71547v1_genomic_prodigal_proteins	3299	GCA_007571215.1_ASM757121v1_genomic_prodigal_proteins	1879	891	53.33	12.30	47.42
GCA_000715475.1_ASM71547v1_genomic_prodigal_proteins	3299	GCA_001007635.1_ASM100763v1_genomic_prodigal_proteins	2333	841	53.52	12.40	36.05
GCA_000715475.1_ASM71547v1_genomic_prodigal_proteins	3299	GCA_000179255.1_ASM17925v1_genomic_prodigal_proteins	2729	1101	53.94	12.88	40.34
GCA_000715475.1_ASM71547v1_genomic_prodigal_proteins	3299	GCA_003208975.1_ASM320897v1_genomic_prodigal_proteins	1804	558	52.87	12.51	30.93
GCA_000715475.1_ASM71547v1_genomic_prodigal_proteins	3299	GCA_012103655.1_ASM1210365v1_genomic_prodigal_proteins	2723	1047	53.40	12.75	38.45
GCA_000715475.1_ASM71547v1_genomic_prodigal_proteins	3299	GCA_902582045.1_AG-912-B07_genomic_prodigal_proteins	196	33	49.78	13.22	16.84
GCA_000715475.1_ASM71547v1_genomic_prodigal_proteins	3299	GCA_000153045.1_ASM15304v1_genomic_prodigal_proteins	3242	1166	53.81	12.57	35.97
GCA_000715475.1_ASM71547v1_genomic_prodigal_proteins	3299	GCA_902549675.1_AG-903-B09_genomic_prodigal_proteins	836	253	55.13	13.45	30.26
GCA_000715475.1_ASM71547v1_genomic_prodigal_proteins	3299	GCA_002018045.1_ASM201804v1_genomic_prodigal_proteins	1559	720	54.25	12.34	46.18
GCA_000715475.1_ASM71547v1_genomic_prodigal_proteins	3299	GCA_004213055.1_ASM421305v1_genomic_prodigal_proteins	2241	933	53.69	12.76	41.63
GCA_000715475.1_ASM71547v1_genomic_prodigal_proteins	3299	GCA_007571085.1_ASM757108v1_genomic_prodigal_proteins	1784	881	53.22	12.37	49.38
GCA_000715475.1_ASM71547v1_genomic_prodigal_proteins	3299	GCA_009839805.1_ASM983980v1_genomic_prodigal_proteins	1848	587	51.65	11.59	31.76
GCA_000715475.1_ASM71547v1_genomic_prodigal_proteins	3299	GCA_003210375.1_ASM321037v1_genomic_prodigal_proteins	2155	771	52.86	12.79	35.78
GCA_000715475.1_ASM71547v1_genomic_prodigal_proteins	3299	GCA_004332415.1_ASM433241v1_genomic_prodigal_proteins	2408	1068	53.59	12.75	44.35
GCA_000715475.1_ASM71547v1_genomic_prodigal_proteins	3299	GCA_009836025.1_ASM983602v1_genomic_prodigal_proteins	2290	907	53.45	12.34	39.61
GCA_000715475.1_ASM71547v1_genomic_prodigal_proteins	3299	GCA_009843455.1_ASM984345v1_genomic_prodigal_proteins	2423	889	53.25	12.28	36.69
GCA_000715475.1_ASM71547v1_genomic_prodigal_proteins	3299	GCA_009843485.1_ASM984348v1_genomic_prodigal_proteins	2158	915	53.39	12.36	42.40
GCA_000715475.1_ASM71547v1_genomic_prodigal_proteins	3299	GCA_003283135.1_ASM328313v1_genomic_prodigal_proteins	459	93	52.40	14.16	20.26
GCA_000715475.1_ASM71547v1_genomic_prodigal_proteins	3299	GCA_902635485.1_AG-447-G23_genomic_prodigal_proteins	327	68	53.12	14.62	20.80
GCA_000715475.1_ASM71547v1_genomic_prodigal_proteins	3299	GCA_002760415.1_ASM276041v1_genomic_prodigal_proteins	2670	1225	56.46	12.34	45.88
GCA_000715475.1_ASM71547v1_genomic_prodigal_proteins	3299	GCA_002754935.1_ASM275493v1_genomic_prodigal_proteins	2664	1339	59.40	12.91	50.26
GCA_000715475.1_ASM71547v1_genomic_prodigal_proteins	3299	GCA_002171685.2_ASM217168v2_genomic_prodigal_proteins	811	415	53.98	12.23	51.17
GCA_000715475.1_ASM71547v1_genomic_prodigal_proteins	3299	GCA_000737595.1_ASM73759v1_genomic_prodigal_proteins	2774	1058	53.44	12.83	38.14
GCA_000715475.1_ASM71547v1_genomic_prodigal_proteins	3299	GCA_003331785.1_ASM333178v1_genomic_prodigal_proteins	2125	958	53.52	12.68	45.08
GCA_000715475.1_ASM71547v1_genomic_prodigal_proteins	3299	GCA_009842265.1_ASM984226v1_genomic_prodigal_proteins	2398	896	53.36	12.36	37.36
GCA_000715475.1_ASM71547v1_genomic_prodigal_proteins	3299	GCA_902579345.1_AG-911-L15_genomic_prodigal_proteins	248	45	52.06	15.06	18.15
GCA_000715475.1_ASM71547v1_genomic_prodigal_proteins	3299	GCA_000011345.1_ASM1134v1_genomic_prodigal_proteins	2520	1394	59.29	12.96	55.32
GCA_000715475.1_ASM71547v1_genomic_prodigal_proteins	3299	GCA_003210705.1_ASM321070v1_genomic_prodigal_proteins	2244	738	52.94	12.95	32.89
GCA_000715475.1_ASM71547v1_genomic_prodigal_proteins	3299	GCA_000019485.1_ASM1948v1_genomic_prodigal_proteins	3233	2768	97.41	6.34	85.62
GCA_000715475.1_ASM71547v1_genomic_prodigal_proteins	3299	GCA_003283055.1_ASM328305v1_genomic_prodigal_proteins	482	35	50.89	14.71	7.26
GCA_000715475.1_ASM71547v1_genomic_prodigal_proteins	3299	GCA_000010065.1_ASM1006v1_genomic_prodigal_proteins	2691	1457	59.39	12.85	54.14
GCA_000715475.1_ASM71547v1_genomic_prodigal_proteins	3299	GCA_000316685.1_ASM31668v1_genomic_prodigal_proteins	3706	1501	59.23	12.85	45.50
GCA_000715475.1_ASM71547v1_genomic_prodigal_proteins	3299	GCA_000063525.1_ASM6352v1_genomic_prodigal_proteins	2540	1109	53.77	12.95	43.66
GCA_000715475.1_ASM71547v1_genomic_prodigal_proteins	3299	GCA_003283165.1_ASM328316v1_genomic_prodigal_proteins	217	57	51.36	12.04	26.27
GCA_000715475.1_ASM71547v1_genomic_prodigal_proteins	3299	GCA_902540675.1_AG-359-E22_genomic_prodigal_proteins	584	162	52.99	13.96	27.74
GCA_000715475.1_ASM71547v1_genomic_prodigal_proteins	3299	GCA_011055065.1_ASM1105506v1_genomic_prodigal_proteins	2792	1220	56.47	12.33	43.70
GCA_000715475.1_ASM71547v1_genomic_prodigal_proteins	3299	GCA_000013205.1_ASM1320v1_genomic_prodigal_proteins	2750	1241	56.57	12.27	45.13
GCA_000715475.1_ASM71547v1_genomic_prodigal_proteins	3299	GCA_003539795.1_ASM353979v1_genomic_prodigal_proteins	2284	795	52.12	11.93	34.81
GCA_000715475.1_ASM71547v1_genomic_prodigal_proteins	3299	GCA_002171995.1_ASM217199v1_genomic_prodigal_proteins	1978	609	53.01	12.56	30.79
GCA_000715475.1_ASM71547v1_genomic_prodigal_proteins	3299	GCA_011523835.1_ASM1152383v1_genomic_prodigal_proteins	2468	908	52.94	12.45	36.79
GCA_000715475.1_ASM71547v1_genomic_prodigal_proteins	3299	GCA_002172175.1_ASM217217v1_genomic_prodigal_proteins	1846	689	52.65	12.16	37.32
GCA_000715475.1_ASM71547v1_genomic_prodigal_proteins	3299	GCA_003208835.1_ASM320883v1_genomic_prodigal_proteins	2208	786	53.06	12.72	35.60
GCA_000715475.1_ASM71547v1_genomic_prodigal_proteins	3299	GCA_902589915.1_AG-914-F20_genomic_prodigal_proteins	373	84	54.33	13.62	22.52
GCA_000715475.1_ASM71547v1_genomic_prodigal_proteins	3299	GCA_000485815.1_ASM48581v1_genomic_prodigal_proteins	3083	2433	83.90	11.27	78.92
GCA_000715475.1_ASM71547v1_genomic_prodigal_proteins	3299	GCA_008807075.1_ASM880707v1_genomic_prodigal_proteins	2925	1111	53.09	12.67	37.98
GCA_000715475.1_ASM71547v1_genomic_prodigal_proteins	3299	GCA_000179235.2_ASM17923v2_genomic_prodigal_proteins	3071	1153	53.97	12.72	37.54
GCA_000715475.1_ASM71547v1_genomic_prodigal_proteins	3299	GCA_003210795.1_ASM321079v1_genomic_prodigal_proteins	2239	777	52.63	12.54	34.70
GCA_000715475.1_ASM71547v1_genomic_prodigal_proteins	3299	GCA_002706715.1_ASM270671v1_genomic_prodigal_proteins	1148	566	53.47	12.73	49.30
GCA_000715475.1_ASM71547v1_genomic_prodigal_proteins	3299	GCA_003331245.1_ASM333124v1_genomic_prodigal_proteins	2021	888	53.20	12.43	43.94
GCA_000715475.1_ASM71547v1_genomic_prodigal_proteins	3299	GCA_009843385.1_ASM984338v1_genomic_prodigal_proteins	2085	761	53.76	12.50	36.50
GCA_000715475.1_ASM71547v1_genomic_prodigal_proteins	3299	GCA_003211205.1_ASM321120v1_genomic_prodigal_proteins	2288	809	53.15	12.87	35.36
GCA_000715475.1_ASM71547v1_genomic_prodigal_proteins	3299	GCA_000063505.1_ASM6350v1_genomic_prodigal_proteins	2558	1068	53.34	12.82	41.75
GCA_000715475.1_ASM71547v1_genomic_prodigal_proteins	3299	GCA_900474245.1_UW179B_genomic_prodigal_proteins	2743	1055	53.43	12.74	38.46
GCA_000715475.1_ASM71547v1_genomic_prodigal_proteins	3299	GCA_003210345.1_ASM321034v1_genomic_prodigal_proteins	1256	409	51.96	12.30	32.56
GCA_000715475.1_ASM71547v1_genomic_prodigal_proteins	3299	GCA_003210315.1_ASM321031v1_genomic_prodigal_proteins	1815	623	53.22	12.71	34.33
GCA_000715475.1_ASM71547v1_genomic_prodigal_proteins	3299	GCA_009836155.1_ASM983615v1_genomic_prodigal_proteins	1947	867	53.42	12.27	44.53
GCA_000715475.1_ASM71547v1_genomic_prodigal_proteins	3299	GCA_003990665.2_ASM399066v2_genomic_prodigal_proteins	2499	1397	59.30	13.00	55.90
GCA_000715475.1_ASM71547v1_genomic_prodigal_proteins	3299	GCA_003209135.1_ASM320913v1_genomic_prodigal_proteins	1719	558	52.11	12.39	32.46
GCA_000715475.1_ASM71547v1_genomic_prodigal_proteins	3299	GCA_009845105.1_ASM984510v1_genomic_prodigal_proteins	1941	724	53.05	12.41	37.30
GCA_000715475.1_ASM71547v1_genomic_prodigal_proteins	3299	GCA_002690325.1_ASM269032v1_genomic_prodigal_proteins	2554	964	52.49	12.55	37.74
GCA_000715475.1_ASM71547v1_genomic_prodigal_proteins	3299	GCA_000161795.2_ASM16179v2_genomic_prodigal_proteins	2407	1021	53.81	12.79	42.42
GCA_000715475.1_ASM71547v1_genomic_prodigal_proteins	3299	GCA_004211895.1_ASM421189v1_genomic_prodigal_proteins	954	434	53.44	13.22	45.49
GCA_000715475.1_ASM71547v1_genomic_prodigal_proteins	3299	GCA_003210735.1_ASM321073v1_genomic_prodigal_proteins	2337	763	52.57	12.67	32.65
GCA_000715475.1_ASM71547v1_genomic_prodigal_proteins	3299	GCA_003209035.1_ASM320903v1_genomic_prodigal_proteins	1803	573	52.63	12.90	31.78
GCA_000715475.1_ASM71547v1_genomic_prodigal_proteins	3299	GCA_003712085.1_ASM371208v1_genomic_prodigal_proteins	2745	1073	53.48	12.82	39.09
GCA_000715475.1_ASM71547v1_genomic_prodigal_proteins	3299	GCA_003212155.1_ASM321215v1_genomic_prodigal_proteins	262	57	54.64	15.16	21.76
GCA_000715475.1_ASM71547v1_genomic_prodigal_proteins	3299	GCA_001040845.1_ASM104084v1_genomic_prodigal_proteins	2917	1063	53.24	12.80	36.44
GCA_000715475.1_ASM71547v1_genomic_prodigal_proteins	3299	GCA_002018015.1_ASM201801v1_genomic_prodigal_proteins	1578	699	54.27	12.48	44.30
GCA_000715475.1_ASM71547v1_genomic_prodigal_proteins	3299	GCA_003211255.1_ASM321125v1_genomic_prodigal_proteins	1850	590	52.18	12.74	31.89
GCA_000715475.1_ASM71547v1_genomic_prodigal_proteins	3299	GCA_002721235.1_ASM272123v1_genomic_prodigal_proteins	3119	2724	98.07	4.91	87.34
GCA_000715475.1_ASM71547v1_genomic_prodigal_proteins	3299	GCA_009839305.1_ASM983930v1_genomic_prodigal_proteins	1816	671	54.25	12.46	36.95
GCA_000715475.1_ASM71547v1_genomic_prodigal_proteins	3299	GCA_011365345.1_ASM1136534v1_genomic_prodigal_proteins	2655	1047	53.74	12.78	39.44
GCA_000715475.1_ASM71547v1_genomic_prodigal_proteins	3299	GCA_001039265.1_ASM103926v1_genomic_prodigal_proteins	2832	799	55.44	12.87	28.21
GCA_000715475.1_ASM71547v1_genomic_prodigal_proteins	3299	GCA_001628325.1_ASM162832v1_genomic_prodigal_proteins	2129	945	53.65	12.53	44.39
GCA_000715475.1_ASM71547v1_genomic_prodigal_proteins	3299	GCA_003209215.1_ASM320921v1_genomic_prodigal_proteins	1679	541	53.85	13.00	32.22
GCA_000715475.1_ASM71547v1_genomic_prodigal_proteins	3299	GCA_002737305.1_ASM273730v1_genomic_prodigal_proteins	1951	849	54.82	12.79	43.52
GCA_000715475.1_ASM71547v1_genomic_prodigal_proteins	3299	GCA_003210515.1_ASM321051v1_genomic_prodigal_proteins	1673	599	52.57	12.73	35.80
GCA_000715475.1_ASM71547v1_genomic_prodigal_proteins	3299	GCA_011525445.1_ASM1152544v1_genomic_prodigal_proteins	3208	856	52.61	12.43	26.68
GCA_000715475.1_ASM71547v1_genomic_prodigal_proteins	3299	GCA_902599435.1_AG-916-N22_genomic_prodigal_proteins	793	269	55.04	12.80	33.92
GCA_000715475.1_ASM71547v1_genomic_prodigal_proteins	3299	GCA_003149585.1_ASM314958v1_genomic_prodigal_proteins	2600	1112	54.07	12.70	42.77
GCA_000715475.1_ASM71547v1_genomic_prodigal_proteins	3299	GCA_902560665.1_AG-905-O11_genomic_prodigal_proteins	401	96	54.78	13.71	23.94
GCA_000715475.1_ASM71547v1_genomic_prodigal_proteins	3299	GCA_003331795.1_ASM333179v1_genomic_prodigal_proteins	1948	885	53.61	12.99	45.43
GCA_000715475.1_ASM71547v1_genomic_prodigal_proteins	3299	GCA_002017955.1_ASM201795v1_genomic_prodigal_proteins	512	199	53.62	12.58	38.87
GCA_000715475.1_ASM71547v1_genomic_prodigal_proteins	3299	GCA_902584485.1_AG-912-O23_genomic_prodigal_proteins	535	143	52.89	12.83	26.73
GCA_000715475.1_ASM71547v1_genomic_prodigal_proteins	3299	GCA_902527915.1_AG-896-G19_genomic_prodigal_proteins	1003	330	53.35	13.12	32.90
GCA_000715475.1_ASM71547v1_genomic_prodigal_proteins	3299	GCA_902635365.1_AG-447-D19_genomic_prodigal_proteins	1690	498	54.10	12.74	29.47
GCA_000715475.1_ASM71547v1_genomic_prodigal_proteins	3299	GCA_900474085.1_UW86_genomic_prodigal_proteins	2403	1034	53.78	12.81	43.03
GCA_000715475.1_ASM71547v1_genomic_prodigal_proteins	3299	GCA_001885215.1_ASM188521v1_genomic_prodigal_proteins	2897	1161	53.60	12.57	40.08
GCA_000715475.1_ASM71547v1_genomic_prodigal_proteins	3299	GCA_902575935.1_AG-426-B22_genomic_prodigal_proteins	254	97	57.99	13.70	38.19
GCA_000715475.1_ASM71547v1_genomic_prodigal_proteins	3299	GCA_900474295.1_UW140_genomic_prodigal_proteins	2925	1064	53.41	12.89	36.38
GCA_000715475.1_ASM71547v1_genomic_prodigal_proteins	3299	GCA_003211565.1_ASM321156v1_genomic_prodigal_proteins	1489	477	53.25	13.09	32.03
GCA_000715475.1_ASM71547v1_genomic_prodigal_proteins	3299	GCA_003526105.1_ASM352610v1_genomic_prodigal_proteins	1581	566	54.24	12.60	35.80
GCA_000715475.1_ASM71547v1_genomic_prodigal_proteins	3299	GCA_002172935.1_ASM217293v1_genomic_prodigal_proteins	1996	822	52.70	12.61	41.18
GCA_000715475.1_ASM71547v1_genomic_prodigal_proteins	3299	GCA_003210335.1_ASM321033v1_genomic_prodigal_proteins	942	191	52.63	13.68	20.28
GCA_000715475.1_ASM71547v1_genomic_prodigal_proteins	3299	GCA_009846115.1_ASM984611v1_genomic_prodigal_proteins	2048	805	53.13	12.32	39.31
GCA_000715475.1_ASM71547v1_genomic_prodigal_proteins	3299	GCA_001693295.1_ASM169329v1_genomic_prodigal_proteins	3183	2744	97.73	5.77	86.21
GCA_000715475.1_ASM71547v1_genomic_prodigal_proteins	3299	GCA_900473965.1_UW179A_genomic_prodigal_proteins	3383	1051	53.40	12.92	31.86
GCA_000715475.1_ASM71547v1_genomic_prodigal_proteins	3299	GCA_003213755.1_ASM321375v1_genomic_prodigal_proteins	1050	374	53.82	13.29	35.62
GCA_000715475.1_ASM71547v1_genomic_prodigal_proteins	3299	GCA_003209155.1_ASM320915v1_genomic_prodigal_proteins	2305	786	53.30	12.83	34.10
GCA_000715475.1_ASM71547v1_genomic_prodigal_proteins	3299	GCA_003211515.1_ASM321151v1_genomic_prodigal_proteins	2451	699	52.49	12.72	28.52
GCA_000715475.1_ASM71547v1_genomic_prodigal_proteins	3299	GCA_002693285.1_ASM269328v1_genomic_prodigal_proteins	2440	916	52.94	12.82	37.54
GCA_000715475.1_ASM71547v1_genomic_prodigal_proteins	3299	GCA_003210555.1_ASM321055v1_genomic_prodigal_proteins	1847	580	53.21	12.68	31.40
GCA_000715475.1_ASM71547v1_genomic_prodigal_proteins	3299	GCA_000155595.1_ASM15559v1_genomic_prodigal_proteins	5270	1691	59.01	12.95	51.26
GCA_000715475.1_ASM71547v1_genomic_prodigal_proteins	3299	GCA_001007665.1_ASM100766v1_genomic_prodigal_proteins	2356	919	53.36	12.28	39.01
GCA_000715475.1_ASM71547v1_genomic_prodigal_proteins	3299	GCA_009919765.1_ASM991976v1_genomic_prodigal_proteins	2524	753	53.56	13.02	29.83
GCA_000715475.1_ASM71547v1_genomic_prodigal_proteins	3299	GCA_003331225.1_ASM333122v1_genomic_prodigal_proteins	2113	950	53.80	12.79	44.96
GCA_000715475.1_ASM71547v1_genomic_prodigal_proteins	3299	GCA_900177825.1_IMG-taxon_2708742468_annotated_assembly_genomic_prodigal_proteins	3317	2736	97.41	6.35	82.93
GCA_000715475.1_ASM71547v1_genomic_prodigal_proteins	3299	GCA_000195975.1_ASM19597v1_genomic_prodigal_proteins	2719	1066	53.46	12.85	39.21
GCA_000715475.1_ASM71547v1_genomic_prodigal_proteins	3299	GCA_902618885.1_AG-920-D15_genomic_prodigal_proteins	1178	402	54.01	13.14	34.13
GCA_000715475.1_ASM71547v1_genomic_prodigal_proteins	3299	GCA_003209165.1_ASM320916v1_genomic_prodigal_proteins	2711	905	53.56	12.77	33.38
GCA_000715475.1_ASM71547v1_genomic_prodigal_proteins	3299	GCA_001007625.1_ASM100762v1_genomic_prodigal_proteins	2478	805	54.19	12.37	32.49
GCA_000715475.1_ASM71547v1_genomic_prodigal_proteins	3299	GCA_008386235.1_ASM838623v1_genomic_prodigal_proteins	2571	1417	59.23	13.01	55.11
GCA_000715475.1_ASM71547v1_genomic_prodigal_proteins	3299	GCA_001631935.1_ASM163193v1_genomic_prodigal_proteins	3526	1037	53.42	12.83	31.43
GCA_000715475.1_ASM71547v1_genomic_prodigal_proteins	3299	GCA_002151525.1_ASM215152v1_genomic_prodigal_proteins	1628	768	53.90	12.71	47.17
GCA_000715475.1_ASM71547v1_genomic_prodigal_proteins	3299	GCA_000153065.1_ASM15306v1_genomic_prodigal_proteins	2704	1073	53.69	12.79	39.68
GCA_000715475.1_ASM71547v1_genomic_prodigal_proteins	3299	GCA_009837265.1_ASM983726v1_genomic_prodigal_proteins	2126	846	53.55	12.41	39.79
GCA_000715475.1_ASM71547v1_genomic_prodigal_proteins	3299	GCA_902533725.1_AG-898-C20_genomic_prodigal_proteins	421	95	54.97	14.89	22.57
GCA_000715475.1_ASM71547v1_genomic_prodigal_proteins	3299	GCA_002171075.2_ASM217107v2_genomic_prodigal_proteins	1919	804	52.66	12.54	41.90
GCA_000715475.1_ASM71547v1_genomic_prodigal_proteins	3299	GCA_002760395.1_ASM276039v1_genomic_prodigal_proteins	2661	1213	56.48	12.30	45.58
GCA_000715475.1_ASM71547v1_genomic_prodigal_proteins	3299	GCA_003209005.1_ASM320900v1_genomic_prodigal_proteins	2548	859	52.91	12.64	33.71
GCA_000715475.1_ASM71547v1_genomic_prodigal_proteins	3299	GCA_002017915.1_ASM201791v1_genomic_prodigal_proteins	623	269	54.96	13.45	43.18
GCA_000715475.1_ASM71547v1_genomic_prodigal_proteins	3299	GCA_900047545.1_m9_genomic_prodigal_proteins	1575	701	53.24	12.44	44.51
GCA_000715475.1_ASM71547v1_genomic_prodigal_proteins	3299	GCA_001632105.1_ASM163210v1_genomic_prodigal_proteins	3521	1040	53.41	12.84	31.52
GCA_000715475.1_ASM71547v1_genomic_prodigal_proteins	3299	GCA_004212765.1_ASM421276v1_genomic_prodigal_proteins	1162	538	53.29	12.71	46.30
GCA_000715475.1_ASM71547v1_genomic_prodigal_proteins	3299	GCA_002685515.1_ASM268551v1_genomic_prodigal_proteins	1286	553	52.18	12.51	43.00
GCA_000715475.1_ASM71547v1_genomic_prodigal_proteins	3299	GCA_007828135.1_ASM782813v1_genomic_prodigal_proteins	2917	1164	53.55	12.58	39.90
GCA_000715475.1_ASM71547v1_genomic_prodigal_proteins	3299	GCA_011047875.1_ASM1104787v1_genomic_prodigal_proteins	2810	1244	56.63	12.27	44.27
GCA_000715475.1_ASM71547v1_genomic_prodigal_proteins	3299	GCA_009840445.1_ASM984044v1_genomic_prodigal_proteins	2167	935	53.36	12.33	43.15
GCA_000715475.1_ASM71547v1_genomic_prodigal_proteins	3299	GCA_003210995.1_ASM321099v1_genomic_prodigal_proteins	2385	736	53.78	13.10	30.86
GCA_000715475.1_ASM71547v1_genomic_prodigal_proteins	3299	GCA_902616995.1_AG-919-L20_genomic_prodigal_proteins	654	205	52.71	12.78	31.35
GCA_000715475.1_ASM71547v1_genomic_prodigal_proteins	3299	GCA_009845825.1_ASM984582v1_genomic_prodigal_proteins	2168	804	53.63	12.34	37.08
GCA_000715475.1_ASM71547v1_genomic_prodigal_proteins	3299	GCA_000515235.1_ASM51523v1_genomic_prodigal_proteins	2873	1053	53.41	12.81	36.65
GCA_000715475.1_ASM71547v1_genomic_prodigal_proteins	3299	GCA_003523965.1_ASM352396v1_genomic_prodigal_proteins	1735	611	54.74	12.30	35.22
GCA_000715475.1_ASM71547v1_genomic_prodigal_proteins	3299	GCA_002684175.1_ASM268417v1_genomic_prodigal_proteins	1819	620	52.02	12.17	34.08
GCA_000715475.1_ASM71547v1_genomic_prodigal_proteins	3299	GCA_011523295.1_ASM1152329v1_genomic_prodigal_proteins	2851	807	51.58	12.27	28.31
GCA_000715475.1_ASM71547v1_genomic_prodigal_proteins	3299	GCA_003211015.1_ASM321101v1_genomic_prodigal_proteins	2128	757	52.71	12.61	35.57
GCA_000715475.1_ASM71547v1_genomic_prodigal_proteins	3299	GCA_002006815.1_ASM200681v1_genomic_prodigal_proteins	1973	969	53.73	12.80	49.11
GCA_002698505.1_ASM269850v1_genomic_prodigal_proteins	2471	GCA_002252665.1_ASM225266v1_genomic_prodigal_proteins	2771	1521	67.00	13.62	61.55
GCA_002698505.1_ASM269850v1_genomic_prodigal_proteins	2471	GCA_003555505.1_ASM355550v1_genomic_prodigal_proteins	3351	685	54.02	12.62	27.72
GCA_002698505.1_ASM269850v1_genomic_prodigal_proteins	2471	GCA_900474015.1_UW106_genomic_prodigal_proteins	2762	1729	70.84	13.78	69.97
GCA_002698505.1_ASM269850v1_genomic_prodigal_proteins	2471	GCA_000715475.1_ASM71547v1_genomic_prodigal_proteins	3299	959	53.51	12.75	38.81
GCA_002698505.1_ASM269850v1_genomic_prodigal_proteins	2471	GCA_001628295.1_ASM162829v1_genomic_prodigal_proteins	2145	1529	71.54	13.49	71.28
GCA_002698505.1_ASM269850v1_genomic_prodigal_proteins	2471	GCA_003208775.1_ASM320877v1_genomic_prodigal_proteins	1808	1099	72.16	13.39	60.79
GCA_002698505.1_ASM269850v1_genomic_prodigal_proteins	2471	GCA_003210975.1_ASM321097v1_genomic_prodigal_proteins	627	383	70.05	14.19	61.08
GCA_002698505.1_ASM269850v1_genomic_prodigal_proteins	2471	GCA_003208915.1_ASM320891v1_genomic_prodigal_proteins	1208	576	69.32	13.88	47.68
GCA_002698505.1_ASM269850v1_genomic_prodigal_proteins	2471	GCA_009837735.1_ASM983773v1_genomic_prodigal_proteins	2041	891	61.01	12.55	43.66
GCA_002698505.1_ASM269850v1_genomic_prodigal_proteins	2471	GCA_902548805.1_AG-901-N20_genomic_prodigal_proteins	158	64	69.30	14.68	40.51
GCA_002698505.1_ASM269850v1_genomic_prodigal_proteins	2471	GCA_003211235.1_ASM321123v1_genomic_prodigal_proteins	1698	862	70.29	13.48	50.77
GCA_002698505.1_ASM269850v1_genomic_prodigal_proteins	2471	GCA_004209775.1_ASM420977v1_genomic_prodigal_proteins	2798	1735	75.48	12.50	70.21
GCA_002698505.1_ASM269850v1_genomic_prodigal_proteins	2471	GCA_003283215.1_ASM328321v1_genomic_prodigal_proteins	239	34	67.61	18.87	14.23
GCA_002698505.1_ASM269850v1_genomic_prodigal_proteins	2471	GCA_003209555.1_ASM320955v1_genomic_prodigal_proteins	908	385	65.33	14.50	42.40
GCA_002698505.1_ASM269850v1_genomic_prodigal_proteins	2471	GCA_000153805.1_ASM15380v1_genomic_prodigal_proteins	2517	1690	70.22	13.58	68.39
GCA_002698505.1_ASM269850v1_genomic_prodigal_proteins	2471	GCA_003283205.1_ASM328320v1_genomic_prodigal_proteins	274	64	68.10	15.66	23.36
GCA_002698505.1_ASM269850v1_genomic_prodigal_proteins	2471	GCA_900473925.1_N5_genomic_prodigal_proteins	2417	1622	71.40	13.58	67.11
GCA_002698505.1_ASM269850v1_genomic_prodigal_proteins	2471	GCA_902592665.1_AG-447-E14_genomic_prodigal_proteins	1111	488	68.99	14.04	43.92
GCA_002698505.1_ASM269850v1_genomic_prodigal_proteins	2471	GCA_011523155.1_ASM1152315v1_genomic_prodigal_proteins	2101	1295	77.00	12.05	61.64
GCA_002698505.1_ASM269850v1_genomic_prodigal_proteins	2471	GCA_003211275.1_ASM321127v1_genomic_prodigal_proteins	2168	1219	71.61	13.59	56.23
GCA_002698505.1_ASM269850v1_genomic_prodigal_proteins	2471	GCA_003957805.1_ASM395780v1_genomic_prodigal_proteins	2887	1122	55.24	12.97	45.41
GCA_002698505.1_ASM269850v1_genomic_prodigal_proteins	2471	GCA_012270465.1_ASM1227046v1_genomic_prodigal_proteins	2311	1289	64.63	13.65	55.78
GCA_002698505.1_ASM269850v1_genomic_prodigal_proteins	2471	GCA_001693255.1_ASM169325v1_genomic_prodigal_proteins	3177	975	53.46	12.69	39.46
GCA_002698505.1_ASM269850v1_genomic_prodigal_proteins	2471	GCA_003210385.1_ASM321038v1_genomic_prodigal_proteins	286	208	73.04	12.61	72.73
GCA_002698505.1_ASM269850v1_genomic_prodigal_proteins	2471	GCA_002170705.1_ASM217070v1_genomic_prodigal_proteins	1392	908	70.95	13.32	65.23
GCA_002698505.1_ASM269850v1_genomic_prodigal_proteins	2471	GCA_002356215.1_ASM235621v1_genomic_prodigal_proteins	2953	986	53.17	12.77	39.90
GCA_002698505.1_ASM269850v1_genomic_prodigal_proteins	2471	GCA_003210935.1_ASM321093v1_genomic_prodigal_proteins	1868	1171	72.55	13.40	62.69
GCA_002698505.1_ASM269850v1_genomic_prodigal_proteins	2471	GCA_003210535.1_ASM321053v1_genomic_prodigal_proteins	1257	658	68.77	13.62	52.35
GCA_002698505.1_ASM269850v1_genomic_prodigal_proteins	2471	GCA_002724845.1_ASM272484v1_genomic_prodigal_proteins	1589	1172	70.93	13.10	73.76
GCA_002698505.1_ASM269850v1_genomic_prodigal_proteins	2471	GCA_000153285.1_ASM15328v1_genomic_prodigal_proteins	2746	1759	72.68	13.10	71.19
GCA_002698505.1_ASM269850v1_genomic_prodigal_proteins	2471	GCA_003211035.1_ASM321103v1_genomic_prodigal_proteins	530	312	68.75	13.48	58.87
GCA_002698505.1_ASM269850v1_genomic_prodigal_proteins	2471	GCA_001521855.1_ASM152185v1_genomic_prodigal_proteins	3144	977	53.41	12.68	39.54
GCA_002698505.1_ASM269850v1_genomic_prodigal_proteins	2471	GCA_009835965.1_ASM983596v1_genomic_prodigal_proteins	2105	1104	60.92	12.65	52.45
GCA_002698505.1_ASM269850v1_genomic_prodigal_proteins	2471	GCA_012269695.1_ASM1226969v1_genomic_prodigal_proteins	2043	1096	64.89	13.77	53.65
GCA_002698505.1_ASM269850v1_genomic_prodigal_proteins	2471	GCA_000737535.1_ASM73753v1_genomic_prodigal_proteins	3013	1698	70.45	13.53	68.72
GCA_002698505.1_ASM269850v1_genomic_prodigal_proteins	2471	GCA_000586015.1_SynSpo.0_genomic_prodigal_proteins	1907	860	61.56	13.04	45.10
GCA_002698505.1_ASM269850v1_genomic_prodigal_proteins	2471	GCA_002760345.1_ASM276034v1_genomic_prodigal_proteins	2731	859	52.63	11.76	34.76
GCA_002698505.1_ASM269850v1_genomic_prodigal_proteins	2471	GCA_000013225.1_ASM1322v1_genomic_prodigal_proteins	2844	864	52.50	11.79	34.97
GCA_002698505.1_ASM269850v1_genomic_prodigal_proteins	2471	GCA_000332275.1_ASM33227v1_genomic_prodigal_proteins	4564	954	51.82	12.05	38.61
GCA_002698505.1_ASM269850v1_genomic_prodigal_proteins	2471	GCA_002252675.1_ASM225267v1_genomic_prodigal_proteins	3295	1498	66.53	13.56	60.62
GCA_002698505.1_ASM269850v1_genomic_prodigal_proteins	2471	GCA_000737575.1_ASM73757v1_genomic_prodigal_proteins	2662	1710	71.22	13.46	69.20
GCA_002698505.1_ASM269850v1_genomic_prodigal_proteins	2471	GCA_902596755.1_AG-916-D19_genomic_prodigal_proteins	1152	601	70.30	14.02	52.17
GCA_002698505.1_ASM269850v1_genomic_prodigal_proteins	2471	GCA_003211455.1_ASM321145v1_genomic_prodigal_proteins	1186	594	70.04	14.13	50.08
GCA_002698505.1_ASM269850v1_genomic_prodigal_proteins	2471	GCA_003208755.1_ASM320875v1_genomic_prodigal_proteins	690	412	70.50	13.49	59.71
GCA_002698505.1_ASM269850v1_genomic_prodigal_proteins	2471	GCA_007571215.1_ASM757121v1_genomic_prodigal_proteins	1879	1092	60.55	12.85	58.12
GCA_002698505.1_ASM269850v1_genomic_prodigal_proteins	2471	GCA_001007635.1_ASM100763v1_genomic_prodigal_proteins	2333	1014	60.93	12.55	43.46
GCA_002698505.1_ASM269850v1_genomic_prodigal_proteins	2471	GCA_000179255.1_ASM17925v1_genomic_prodigal_proteins	2729	1588	66.66	13.89	64.27
GCA_002698505.1_ASM269850v1_genomic_prodigal_proteins	2471	GCA_003208975.1_ASM320897v1_genomic_prodigal_proteins	1804	898	70.08	13.61	49.78
GCA_002698505.1_ASM269850v1_genomic_prodigal_proteins	2471	GCA_012103655.1_ASM1210365v1_genomic_prodigal_proteins	2723	1772	72.62	13.06	71.71
GCA_002698505.1_ASM269850v1_genomic_prodigal_proteins	2471	GCA_902582045.1_AG-912-B07_genomic_prodigal_proteins	196	76	68.65	14.66	38.78
GCA_002698505.1_ASM269850v1_genomic_prodigal_proteins	2471	GCA_000153045.1_ASM15304v1_genomic_prodigal_proteins	3242	1563	66.36	13.48	63.25
GCA_002698505.1_ASM269850v1_genomic_prodigal_proteins	2471	GCA_902549675.1_AG-903-B09_genomic_prodigal_proteins	836	419	71.70	13.81	50.12
GCA_002698505.1_ASM269850v1_genomic_prodigal_proteins	2471	GCA_002018045.1_ASM201804v1_genomic_prodigal_proteins	1559	856	61.65	12.68	54.91
GCA_002698505.1_ASM269850v1_genomic_prodigal_proteins	2471	GCA_004213055.1_ASM421305v1_genomic_prodigal_proteins	2241	1950	98.63	3.02	87.01
GCA_002698505.1_ASM269850v1_genomic_prodigal_proteins	2471	GCA_007571085.1_ASM757108v1_genomic_prodigal_proteins	1784	1059	60.48	12.82	59.36
GCA_002698505.1_ASM269850v1_genomic_prodigal_proteins	2471	GCA_009839805.1_ASM983980v1_genomic_prodigal_proteins	1848	713	59.42	12.11	38.58
GCA_002698505.1_ASM269850v1_genomic_prodigal_proteins	2471	GCA_003210375.1_ASM321037v1_genomic_prodigal_proteins	2155	1234	69.94	13.61	57.26
GCA_002698505.1_ASM269850v1_genomic_prodigal_proteins	2471	GCA_004332415.1_ASM433241v1_genomic_prodigal_proteins	2408	1743	75.54	12.64	72.38
GCA_002698505.1_ASM269850v1_genomic_prodigal_proteins	2471	GCA_009836025.1_ASM983602v1_genomic_prodigal_proteins	2290	1086	61.11	12.58	47.42
GCA_002698505.1_ASM269850v1_genomic_prodigal_proteins	2471	GCA_009843455.1_ASM984345v1_genomic_prodigal_proteins	2423	1060	60.95	12.50	43.75
GCA_002698505.1_ASM269850v1_genomic_prodigal_proteins	2471	GCA_009843485.1_ASM984348v1_genomic_prodigal_proteins	2158	1103	60.94	12.71	51.11
GCA_002698505.1_ASM269850v1_genomic_prodigal_proteins	2471	GCA_003283135.1_ASM328313v1_genomic_prodigal_proteins	459	137	70.59	13.89	29.85
GCA_002698505.1_ASM269850v1_genomic_prodigal_proteins	2471	GCA_902635485.1_AG-447-G23_genomic_prodigal_proteins	327	116	66.80	16.69	35.47
GCA_002698505.1_ASM269850v1_genomic_prodigal_proteins	2471	GCA_002760415.1_ASM276041v1_genomic_prodigal_proteins	2670	849	52.56	11.78	34.36
GCA_002698505.1_ASM269850v1_genomic_prodigal_proteins	2471	GCA_002754935.1_ASM275493v1_genomic_prodigal_proteins	2664	907	53.43	12.43	36.71
GCA_002698505.1_ASM269850v1_genomic_prodigal_proteins	2471	GCA_002171685.2_ASM217168v2_genomic_prodigal_proteins	811	630	73.59	12.24	77.68
GCA_002698505.1_ASM269850v1_genomic_prodigal_proteins	2471	GCA_000737595.1_ASM73759v1_genomic_prodigal_proteins	2774	1708	70.91	13.77	69.12
GCA_002698505.1_ASM269850v1_genomic_prodigal_proteins	2471	GCA_003331785.1_ASM333178v1_genomic_prodigal_proteins	2125	1599	72.90	12.91	75.25
GCA_002698505.1_ASM269850v1_genomic_prodigal_proteins	2471	GCA_009842265.1_ASM984226v1_genomic_prodigal_proteins	2398	1085	60.86	12.59	45.25
GCA_002698505.1_ASM269850v1_genomic_prodigal_proteins	2471	GCA_902579345.1_AG-911-L15_genomic_prodigal_proteins	248	99	67.87	15.64	39.92
GCA_002698505.1_ASM269850v1_genomic_prodigal_proteins	2471	GCA_000011345.1_ASM1134v1_genomic_prodigal_proteins	2520	943	53.44	12.39	38.16
GCA_002698505.1_ASM269850v1_genomic_prodigal_proteins	2471	GCA_003210705.1_ASM321070v1_genomic_prodigal_proteins	2244	1307	72.13	13.39	58.24
GCA_002698505.1_ASM269850v1_genomic_prodigal_proteins	2471	GCA_000019485.1_ASM1948v1_genomic_prodigal_proteins	3233	977	53.40	12.74	39.54
GCA_002698505.1_ASM269850v1_genomic_prodigal_proteins	2471	GCA_003283055.1_ASM328305v1_genomic_prodigal_proteins	482	76	63.00	16.63	15.77
GCA_002698505.1_ASM269850v1_genomic_prodigal_proteins	2471	GCA_000010065.1_ASM1006v1_genomic_prodigal_proteins	2691	1117	55.12	13.04	45.20
GCA_002698505.1_ASM269850v1_genomic_prodigal_proteins	2471	GCA_000316685.1_ASM31668v1_genomic_prodigal_proteins	3706	974	52.98	12.46	39.42
GCA_002698505.1_ASM269850v1_genomic_prodigal_proteins	2471	GCA_000063525.1_ASM6352v1_genomic_prodigal_proteins	2540	1553	65.64	14.00	62.85
GCA_002698505.1_ASM269850v1_genomic_prodigal_proteins	2471	GCA_003283165.1_ASM328316v1_genomic_prodigal_proteins	217	65	65.84	16.95	29.95
GCA_002698505.1_ASM269850v1_genomic_prodigal_proteins	2471	GCA_902540675.1_AG-359-E22_genomic_prodigal_proteins	584	269	71.15	14.76	46.06
GCA_002698505.1_ASM269850v1_genomic_prodigal_proteins	2471	GCA_011055065.1_ASM1105506v1_genomic_prodigal_proteins	2792	825	52.52	11.87	33.39
GCA_002698505.1_ASM269850v1_genomic_prodigal_proteins	2471	GCA_000013205.1_ASM1320v1_genomic_prodigal_proteins	2750	859	52.63	11.77	34.76
GCA_002698505.1_ASM269850v1_genomic_prodigal_proteins	2471	GCA_003539795.1_ASM353979v1_genomic_prodigal_proteins	2284	1316	70.00	13.19	57.62
GCA_002698505.1_ASM269850v1_genomic_prodigal_proteins	2471	GCA_002171995.1_ASM217199v1_genomic_prodigal_proteins	1978	1206	98.15	4.80	60.97
GCA_002698505.1_ASM269850v1_genomic_prodigal_proteins	2471	GCA_011523835.1_ASM1152383v1_genomic_prodigal_proteins	2468	1527	72.20	13.41	61.87
GCA_002698505.1_ASM269850v1_genomic_prodigal_proteins	2471	GCA_002172175.1_ASM217217v1_genomic_prodigal_proteins	1846	1018	63.78	13.85	55.15
GCA_002698505.1_ASM269850v1_genomic_prodigal_proteins	2471	GCA_003208835.1_ASM320883v1_genomic_prodigal_proteins	2208	1236	70.43	13.69	55.98
GCA_002698505.1_ASM269850v1_genomic_prodigal_proteins	2471	GCA_902589915.1_AG-914-F20_genomic_prodigal_proteins	373	127	71.39	14.71	34.05
GCA_002698505.1_ASM269850v1_genomic_prodigal_proteins	2471	GCA_000485815.1_ASM48581v1_genomic_prodigal_proteins	3083	959	53.15	12.63	38.81
GCA_002698505.1_ASM269850v1_genomic_prodigal_proteins	2471	GCA_008807075.1_ASM880707v1_genomic_prodigal_proteins	2925	1521	65.93	13.43	61.55
GCA_002698505.1_ASM269850v1_genomic_prodigal_proteins	2471	GCA_000179235.2_ASM17923v2_genomic_prodigal_proteins	3071	1586	67.22	13.57	64.18
GCA_002698505.1_ASM269850v1_genomic_prodigal_proteins	2471	GCA_003210795.1_ASM321079v1_genomic_prodigal_proteins	2239	1254	69.87	13.75	56.01
GCA_002698505.1_ASM269850v1_genomic_prodigal_proteins	2471	GCA_002706715.1_ASM270671v1_genomic_prodigal_proteins	1148	828	70.57	13.48	72.13
GCA_002698505.1_ASM269850v1_genomic_prodigal_proteins	2471	GCA_003331245.1_ASM333124v1_genomic_prodigal_proteins	2021	1405	70.86	13.32	69.52
GCA_002698505.1_ASM269850v1_genomic_prodigal_proteins	2471	GCA_009843385.1_ASM984338v1_genomic_prodigal_proteins	2085	910	61.07	12.69	43.65
GCA_002698505.1_ASM269850v1_genomic_prodigal_proteins	2471	GCA_003211205.1_ASM321120v1_genomic_prodigal_proteins	2288	1356	72.16	13.31	59.27
GCA_002698505.1_ASM269850v1_genomic_prodigal_proteins	2471	GCA_000063505.1_ASM6350v1_genomic_prodigal_proteins	2558	1735	72.83	13.43	70.21
GCA_002698505.1_ASM269850v1_genomic_prodigal_proteins	2471	GCA_900474245.1_UW179B_genomic_prodigal_proteins	2743	1750	72.69	13.02	70.82
GCA_002698505.1_ASM269850v1_genomic_prodigal_proteins	2471	GCA_003210345.1_ASM321034v1_genomic_prodigal_proteins	1256	701	68.63	13.75	55.81
GCA_002698505.1_ASM269850v1_genomic_prodigal_proteins	2471	GCA_003210315.1_ASM321031v1_genomic_prodigal_proteins	1815	1101	71.76	13.23	60.66
GCA_002698505.1_ASM269850v1_genomic_prodigal_proteins	2471	GCA_009836155.1_ASM983615v1_genomic_prodigal_proteins	1947	1035	61.14	12.52	53.16
GCA_002698505.1_ASM269850v1_genomic_prodigal_proteins	2471	GCA_003990665.2_ASM399066v2_genomic_prodigal_proteins	2499	943	53.50	12.34	38.16
GCA_002698505.1_ASM269850v1_genomic_prodigal_proteins	2471	GCA_003209135.1_ASM320913v1_genomic_prodigal_proteins	1719	914	69.73	13.36	53.17
GCA_002698505.1_ASM269850v1_genomic_prodigal_proteins	2471	GCA_009845105.1_ASM984510v1_genomic_prodigal_proteins	1941	867	60.61	12.68	44.67
GCA_002698505.1_ASM269850v1_genomic_prodigal_proteins	2471	GCA_002690325.1_ASM269032v1_genomic_prodigal_proteins	2554	1576	69.82	13.53	63.78
GCA_002698505.1_ASM269850v1_genomic_prodigal_proteins	2471	GCA_000161795.2_ASM16179v2_genomic_prodigal_proteins	2407	1637	71.35	13.47	68.01
GCA_002698505.1_ASM269850v1_genomic_prodigal_proteins	2471	GCA_004211895.1_ASM421189v1_genomic_prodigal_proteins	954	684	71.60	13.21	71.70
GCA_002698505.1_ASM269850v1_genomic_prodigal_proteins	2471	GCA_003210735.1_ASM321073v1_genomic_prodigal_proteins	2337	1261	69.58	13.70	53.96
GCA_002698505.1_ASM269850v1_genomic_prodigal_proteins	2471	GCA_003209035.1_ASM320903v1_genomic_prodigal_proteins	1803	932	69.95	13.84	51.69
GCA_002698505.1_ASM269850v1_genomic_prodigal_proteins	2471	GCA_003712085.1_ASM371208v1_genomic_prodigal_proteins	2745	1681	71.23	13.42	68.03
GCA_002698505.1_ASM269850v1_genomic_prodigal_proteins	2471	GCA_003212155.1_ASM321215v1_genomic_prodigal_proteins	262	93	63.35	16.22	35.50
GCA_002698505.1_ASM269850v1_genomic_prodigal_proteins	2471	GCA_001040845.1_ASM104084v1_genomic_prodigal_proteins	2917	1786	72.68	13.04	72.28
GCA_002698505.1_ASM269850v1_genomic_prodigal_proteins	2471	GCA_002018015.1_ASM201801v1_genomic_prodigal_proteins	1578	826	61.85	12.65	52.34
GCA_002698505.1_ASM269850v1_genomic_prodigal_proteins	2471	GCA_003211255.1_ASM321125v1_genomic_prodigal_proteins	1850	935	69.35	13.58	50.54
GCA_002698505.1_ASM269850v1_genomic_prodigal_proteins	2471	GCA_002721235.1_ASM272123v1_genomic_prodigal_proteins	3119	978	53.37	12.68	39.58
GCA_002698505.1_ASM269850v1_genomic_prodigal_proteins	2471	GCA_009839305.1_ASM983930v1_genomic_prodigal_proteins	1816	825	61.42	12.97	45.43
GCA_002698505.1_ASM269850v1_genomic_prodigal_proteins	2471	GCA_011365345.1_ASM1136534v1_genomic_prodigal_proteins	2655	1722	70.84	13.82	69.69
GCA_002698505.1_ASM269850v1_genomic_prodigal_proteins	2471	GCA_001039265.1_ASM103926v1_genomic_prodigal_proteins	2832	1048	68.16	13.61	42.41
GCA_002698505.1_ASM269850v1_genomic_prodigal_proteins	2471	GCA_001628325.1_ASM162832v1_genomic_prodigal_proteins	2129	1514	71.46	13.49	71.11
GCA_002698505.1_ASM269850v1_genomic_prodigal_proteins	2471	GCA_003209215.1_ASM320921v1_genomic_prodigal_proteins	1679	863	70.91	13.63	51.40
GCA_002698505.1_ASM269850v1_genomic_prodigal_proteins	2471	GCA_002737305.1_ASM273730v1_genomic_prodigal_proteins	1951	1163	66.90	13.70	59.61
GCA_002698505.1_ASM269850v1_genomic_prodigal_proteins	2471	GCA_003210515.1_ASM321051v1_genomic_prodigal_proteins	1673	965	69.53	13.62	57.68
GCA_002698505.1_ASM269850v1_genomic_prodigal_proteins	2471	GCA_011525445.1_ASM1152544v1_genomic_prodigal_proteins	3208	1460	71.23	13.19	59.09
GCA_002698505.1_ASM269850v1_genomic_prodigal_proteins	2471	GCA_902599435.1_AG-916-N22_genomic_prodigal_proteins	793	417	71.30	14.26	52.59
GCA_002698505.1_ASM269850v1_genomic_prodigal_proteins	2471	GCA_003149585.1_ASM314958v1_genomic_prodigal_proteins	2600	1607	66.66	13.92	65.03
GCA_002698505.1_ASM269850v1_genomic_prodigal_proteins	2471	GCA_902560665.1_AG-905-O11_genomic_prodigal_proteins	401	177	71.60	14.50	44.14
GCA_002698505.1_ASM269850v1_genomic_prodigal_proteins	2471	GCA_003331795.1_ASM333179v1_genomic_prodigal_proteins	1948	1249	65.42	14.28	64.12
GCA_002698505.1_ASM269850v1_genomic_prodigal_proteins	2471	GCA_002017955.1_ASM201795v1_genomic_prodigal_proteins	512	239	61.43	12.83	46.68
GCA_002698505.1_ASM269850v1_genomic_prodigal_proteins	2471	GCA_902584485.1_AG-912-O23_genomic_prodigal_proteins	535	224	69.79	14.69	41.87
GCA_002698505.1_ASM269850v1_genomic_prodigal_proteins	2471	GCA_902527915.1_AG-896-G19_genomic_prodigal_proteins	1003	527	71.14	13.80	52.54
GCA_002698505.1_ASM269850v1_genomic_prodigal_proteins	2471	GCA_902635365.1_AG-447-D19_genomic_prodigal_proteins	1690	839	71.05	13.64	49.64
GCA_002698505.1_ASM269850v1_genomic_prodigal_proteins	2471	GCA_900474085.1_UW86_genomic_prodigal_proteins	2403	1650	71.28	13.62	68.66
GCA_002698505.1_ASM269850v1_genomic_prodigal_proteins	2471	GCA_001885215.1_ASM188521v1_genomic_prodigal_proteins	2897	1516	65.63	13.36	61.35
GCA_002698505.1_ASM269850v1_genomic_prodigal_proteins	2471	GCA_902575935.1_AG-426-B22_genomic_prodigal_proteins	254	152	73.90	13.85	59.84
GCA_002698505.1_ASM269850v1_genomic_prodigal_proteins	2471	GCA_900474295.1_UW140_genomic_prodigal_proteins	2925	2136	95.29	5.85	86.44
GCA_002698505.1_ASM269850v1_genomic_prodigal_proteins	2471	GCA_003211565.1_ASM321156v1_genomic_prodigal_proteins	1489	746	70.15	13.68	50.10
GCA_002698505.1_ASM269850v1_genomic_prodigal_proteins	2471	GCA_003526105.1_ASM352610v1_genomic_prodigal_proteins	1581	907	71.85	13.54	57.37
GCA_002698505.1_ASM269850v1_genomic_prodigal_proteins	2471	GCA_002172935.1_ASM217293v1_genomic_prodigal_proteins	1996	1359	72.01	13.13	68.09
GCA_002698505.1_ASM269850v1_genomic_prodigal_proteins	2471	GCA_003210335.1_ASM321033v1_genomic_prodigal_proteins	942	369	69.04	14.72	39.17
GCA_002698505.1_ASM269850v1_genomic_prodigal_proteins	2471	GCA_009846115.1_ASM984611v1_genomic_prodigal_proteins	2048	976	60.96	12.68	47.66
GCA_002698505.1_ASM269850v1_genomic_prodigal_proteins	2471	GCA_001693295.1_ASM169329v1_genomic_prodigal_proteins	3183	976	53.39	12.70	39.50
GCA_002698505.1_ASM269850v1_genomic_prodigal_proteins	2471	GCA_900473965.1_UW179A_genomic_prodigal_proteins	3383	1805	72.47	13.24	73.05
GCA_002698505.1_ASM269850v1_genomic_prodigal_proteins	2471	GCA_003213755.1_ASM321375v1_genomic_prodigal_proteins	1050	525	64.80	14.67	50.00
GCA_002698505.1_ASM269850v1_genomic_prodigal_proteins	2471	GCA_003209155.1_ASM320915v1_genomic_prodigal_proteins	2305	1378	72.21	13.44	59.78
GCA_002698505.1_ASM269850v1_genomic_prodigal_proteins	2471	GCA_003211515.1_ASM321151v1_genomic_prodigal_proteins	2451	1149	69.52	14.04	46.88
GCA_002698505.1_ASM269850v1_genomic_prodigal_proteins	2471	GCA_002693285.1_ASM269328v1_genomic_prodigal_proteins	2440	1564	72.31	13.25	64.10
GCA_002698505.1_ASM269850v1_genomic_prodigal_proteins	2471	GCA_003210555.1_ASM321055v1_genomic_prodigal_proteins	1847	1023	71.75	12.91	55.39
GCA_002698505.1_ASM269850v1_genomic_prodigal_proteins	2471	GCA_000155595.1_ASM15559v1_genomic_prodigal_proteins	5270	1032	52.46	12.70	41.76
GCA_002698505.1_ASM269850v1_genomic_prodigal_proteins	2471	GCA_001007665.1_ASM100766v1_genomic_prodigal_proteins	2356	1127	60.66	12.63	47.84
GCA_002698505.1_ASM269850v1_genomic_prodigal_proteins	2471	GCA_009919765.1_ASM991976v1_genomic_prodigal_proteins	2524	1038	65.61	13.86	42.01
GCA_002698505.1_ASM269850v1_genomic_prodigal_proteins	2471	GCA_003331225.1_ASM333122v1_genomic_prodigal_proteins	2113	1365	65.35	13.90	64.60
GCA_002698505.1_ASM269850v1_genomic_prodigal_proteins	2471	GCA_900177825.1_IMG-taxon_2708742468_annotated_assembly_genomic_prodigal_proteins	3317	970	53.39	12.76	39.26
GCA_002698505.1_ASM269850v1_genomic_prodigal_proteins	2471	GCA_000195975.1_ASM19597v1_genomic_prodigal_proteins	2719	1678	71.32	13.37	67.91
GCA_002698505.1_ASM269850v1_genomic_prodigal_proteins	2471	GCA_902618885.1_AG-920-D15_genomic_prodigal_proteins	1178	651	71.52	14.07	55.26
GCA_002698505.1_ASM269850v1_genomic_prodigal_proteins	2471	GCA_003209165.1_ASM320916v1_genomic_prodigal_proteins	2711	1434	70.81	13.72	58.03
GCA_002698505.1_ASM269850v1_genomic_prodigal_proteins	2471	GCA_001007625.1_ASM100762v1_genomic_prodigal_proteins	2478	986	60.92	12.80	39.90
GCA_002698505.1_ASM269850v1_genomic_prodigal_proteins	2471	GCA_008386235.1_ASM838623v1_genomic_prodigal_proteins	2571	951	53.33	12.36	38.49
GCA_002698505.1_ASM269850v1_genomic_prodigal_proteins	2471	GCA_001631935.1_ASM163193v1_genomic_prodigal_proteins	3526	1803	72.36	13.35	72.97
GCA_002698505.1_ASM269850v1_genomic_prodigal_proteins	2471	GCA_002151525.1_ASM215152v1_genomic_prodigal_proteins	1628	1039	63.39	13.96	63.82
GCA_002698505.1_ASM269850v1_genomic_prodigal_proteins	2471	GCA_000153065.1_ASM15306v1_genomic_prodigal_proteins	2704	1719	75.38	12.60	69.57
GCA_002698505.1_ASM269850v1_genomic_prodigal_proteins	2471	GCA_009837265.1_ASM983726v1_genomic_prodigal_proteins	2126	1039	60.88	12.67	48.87
GCA_002698505.1_ASM269850v1_genomic_prodigal_proteins	2471	GCA_902533725.1_AG-898-C20_genomic_prodigal_proteins	421	149	68.15	14.06	35.39
GCA_002698505.1_ASM269850v1_genomic_prodigal_proteins	2471	GCA_002171075.2_ASM217107v2_genomic_prodigal_proteins	1919	1144	63.78	13.43	59.61
GCA_002698505.1_ASM269850v1_genomic_prodigal_proteins	2471	GCA_002760395.1_ASM276039v1_genomic_prodigal_proteins	2661	839	52.57	11.81	33.95
GCA_002698505.1_ASM269850v1_genomic_prodigal_proteins	2471	GCA_003209005.1_ASM320900v1_genomic_prodigal_proteins	2548	1488	72.29	13.19	60.22
GCA_002698505.1_ASM269850v1_genomic_prodigal_proteins	2471	GCA_002017915.1_ASM201791v1_genomic_prodigal_proteins	623	312	62.62	13.72	50.08
GCA_002698505.1_ASM269850v1_genomic_prodigal_proteins	2471	GCA_900047545.1_m9_genomic_prodigal_proteins	1575	851	60.82	12.62	54.03
GCA_002698505.1_ASM269850v1_genomic_prodigal_proteins	2471	GCA_001632105.1_ASM163210v1_genomic_prodigal_proteins	3521	1814	72.32	13.41	73.41
GCA_002698505.1_ASM269850v1_genomic_prodigal_proteins	2471	GCA_004212765.1_ASM421276v1_genomic_prodigal_proteins	1162	815	70.92	13.52	70.14
GCA_002698505.1_ASM269850v1_genomic_prodigal_proteins	2471	GCA_002685515.1_ASM268551v1_genomic_prodigal_proteins	1286	908	71.85	12.78	70.61
GCA_002698505.1_ASM269850v1_genomic_prodigal_proteins	2471	GCA_007828135.1_ASM782813v1_genomic_prodigal_proteins	2917	1519	65.60	13.42	61.47
GCA_002698505.1_ASM269850v1_genomic_prodigal_proteins	2471	GCA_011047875.1_ASM1104787v1_genomic_prodigal_proteins	2810	852	52.61	11.85	34.48
GCA_002698505.1_ASM269850v1_genomic_prodigal_proteins	2471	GCA_009840445.1_ASM984044v1_genomic_prodigal_proteins	2167	1131	60.89	12.67	52.19
GCA_002698505.1_ASM269850v1_genomic_prodigal_proteins	2471	GCA_003210995.1_ASM321099v1_genomic_prodigal_proteins	2385	1350	72.11	13.75	56.60
GCA_002698505.1_ASM269850v1_genomic_prodigal_proteins	2471	GCA_902616995.1_AG-919-L20_genomic_prodigal_proteins	654	333	70.33	14.23	50.92
GCA_002698505.1_ASM269850v1_genomic_prodigal_proteins	2471	GCA_009845825.1_ASM984582v1_genomic_prodigal_proteins	2168	953	61.25	12.47	43.96
GCA_002698505.1_ASM269850v1_genomic_prodigal_proteins	2471	GCA_000515235.1_ASM51523v1_genomic_prodigal_proteins	2873	1693	70.50	13.45	68.51
GCA_002698505.1_ASM269850v1_genomic_prodigal_proteins	2471	GCA_003523965.1_ASM352396v1_genomic_prodigal_proteins	1735	735	61.73	12.85	42.36
GCA_002698505.1_ASM269850v1_genomic_prodigal_proteins	2471	GCA_002684175.1_ASM268417v1_genomic_prodigal_proteins	1819	1034	68.47	12.92	56.84
GCA_002698505.1_ASM269850v1_genomic_prodigal_proteins	2471	GCA_011523295.1_ASM1152329v1_genomic_prodigal_proteins	2851	1341	69.78	13.74	54.27
GCA_002698505.1_ASM269850v1_genomic_prodigal_proteins	2471	GCA_003211015.1_ASM321101v1_genomic_prodigal_proteins	2128	1308	72.41	13.09	61.47
GCA_002698505.1_ASM269850v1_genomic_prodigal_proteins	2471	GCA_002006815.1_ASM200681v1_genomic_prodigal_proteins	1973	1294	64.19	13.69	65.59
GCA_005577135.1_ASM557713v1_genomic_prodigal_proteins	3356	GCA_003846445.1_ASM384644v1_genomic_prodigal_proteins	2740	1435	59.69	12.91	52.37
GCA_005577135.1_ASM557713v1_genomic_prodigal_proteins	3356	GCA_000505665.1_ASM50566v1_genomic_prodigal_proteins	2466	1386	59.37	12.97	56.20
GCA_005577135.1_ASM557713v1_genomic_prodigal_proteins	3356	GCA_902616255.1_AG-919-I18_genomic_prodigal_proteins	1046	360	52.50	13.15	34.42
GCA_005577135.1_ASM557713v1_genomic_prodigal_proteins	3356	GCA_001182765.1_WH8103.1_genomic_prodigal_proteins	2676	1091	53.47	12.93	40.77
GCA_005577135.1_ASM557713v1_genomic_prodigal_proteins	3356	GCA_002760375.1_ASM276037v1_genomic_prodigal_proteins	2702	1241	56.53	12.33	45.93
GCA_005577135.1_ASM557713v1_genomic_prodigal_proteins	3356	GCA_902592305.1_AG-914-O22_genomic_prodigal_proteins	179	60	54.49	13.11	33.52
GCA_005577135.1_ASM557713v1_genomic_prodigal_proteins	3356	GCA_001632165.1_ASM163216v1_genomic_prodigal_proteins	2830	1065	53.39	12.84	37.63
GCA_005577135.1_ASM557713v1_genomic_prodigal_proteins	3356	GCA_004332405.1_ASM433240v1_genomic_prodigal_proteins	2437	1080	53.62	12.90	44.32
GCA_005577135.1_ASM557713v1_genomic_prodigal_proteins	3356	GCA_900473975.1_N26_genomic_prodigal_proteins	2454	1059	53.67	12.84	43.15
GCA_005577135.1_ASM557713v1_genomic_prodigal_proteins	3356	GCA_902612475.1_AG-918-G20_genomic_prodigal_proteins	502	128	51.43	12.05	25.50
GCA_005577135.1_ASM557713v1_genomic_prodigal_proteins	3356	GCA_000775285.1_ASM77528v1_genomic_prodigal_proteins	4812	1468	61.43	12.48	43.74
GCA_005577135.1_ASM557713v1_genomic_prodigal_proteins	3356	GCA_002698505.1_ASM269850v1_genomic_prodigal_proteins	2471	976	53.34	12.81	39.50
GCA_005577135.1_ASM557713v1_genomic_prodigal_proteins	3356	GCA_002252665.1_ASM225266v1_genomic_prodigal_proteins	2771	1135	54.17	12.78	40.96
GCA_005577135.1_ASM557713v1_genomic_prodigal_proteins	3356	GCA_003555505.1_ASM355550v1_genomic_prodigal_proteins	3351	1063	59.69	13.34	31.72
GCA_005577135.1_ASM557713v1_genomic_prodigal_proteins	3356	GCA_900474015.1_UW106_genomic_prodigal_proteins	2762	1067	53.55	12.89	38.63
GCA_005577135.1_ASM557713v1_genomic_prodigal_proteins	3356	GCA_000715475.1_ASM71547v1_genomic_prodigal_proteins	3299	2831	98.09	5.00	85.81
GCA_005577135.1_ASM557713v1_genomic_prodigal_proteins	3356	GCA_001628295.1_ASM162829v1_genomic_prodigal_proteins	2145	966	53.81	12.53	45.03
GCA_005577135.1_ASM557713v1_genomic_prodigal_proteins	3356	GCA_003208775.1_ASM320877v1_genomic_prodigal_proteins	1808	635	53.30	13.10	35.12
GCA_005577135.1_ASM557713v1_genomic_prodigal_proteins	3356	GCA_003210975.1_ASM321097v1_genomic_prodigal_proteins	627	259	52.91	13.65	41.31
GCA_005577135.1_ASM557713v1_genomic_prodigal_proteins	3356	GCA_003208915.1_ASM320891v1_genomic_prodigal_proteins	1208	382	53.00	12.66	31.62
GCA_005577135.1_ASM557713v1_genomic_prodigal_proteins	3356	GCA_009837735.1_ASM983773v1_genomic_prodigal_proteins	2041	730	53.78	12.42	35.77
GCA_005577135.1_ASM557713v1_genomic_prodigal_proteins	3356	GCA_902548805.1_AG-901-N20_genomic_prodigal_proteins	158	43	53.45	13.67	27.22
GCA_005577135.1_ASM557713v1_genomic_prodigal_proteins	3356	GCA_003211235.1_ASM321123v1_genomic_prodigal_proteins	1698	584	53.15	12.81	34.39
GCA_005577135.1_ASM557713v1_genomic_prodigal_proteins	3356	GCA_004209775.1_ASM420977v1_genomic_prodigal_proteins	2798	1130	53.61	12.88	40.39
GCA_005577135.1_ASM557713v1_genomic_prodigal_proteins	3356	GCA_003283215.1_ASM328321v1_genomic_prodigal_proteins	239	32	55.34	13.69	13.39
GCA_005577135.1_ASM557713v1_genomic_prodigal_proteins	3356	GCA_003209555.1_ASM320955v1_genomic_prodigal_proteins	908	264	53.76	13.48	29.07
GCA_005577135.1_ASM557713v1_genomic_prodigal_proteins	3356	GCA_000153805.1_ASM15380v1_genomic_prodigal_proteins	2517	1060	53.35	12.71	42.11
GCA_005577135.1_ASM557713v1_genomic_prodigal_proteins	3356	GCA_003283205.1_ASM328320v1_genomic_prodigal_proteins	274	43	54.88	15.63	15.69
GCA_005577135.1_ASM557713v1_genomic_prodigal_proteins	3356	GCA_900473925.1_N5_genomic_prodigal_proteins	2417	1047	53.75	12.76	43.32
GCA_005577135.1_ASM557713v1_genomic_prodigal_proteins	3356	GCA_902592665.1_AG-447-E14_genomic_prodigal_proteins	1111	293	52.18	12.73	26.37
GCA_005577135.1_ASM557713v1_genomic_prodigal_proteins	3356	GCA_011523155.1_ASM1152315v1_genomic_prodigal_proteins	2101	734	51.23	11.62	34.94
GCA_005577135.1_ASM557713v1_genomic_prodigal_proteins	3356	GCA_003211275.1_ASM321127v1_genomic_prodigal_proteins	2168	702	53.22	12.71	32.38
GCA_005577135.1_ASM557713v1_genomic_prodigal_proteins	3356	GCA_003957805.1_ASM395780v1_genomic_prodigal_proteins	2887	1508	59.31	13.00	52.23
GCA_005577135.1_ASM557713v1_genomic_prodigal_proteins	3356	GCA_012270465.1_ASM1227046v1_genomic_prodigal_proteins	2311	883	52.58	12.48	38.21
GCA_005577135.1_ASM557713v1_genomic_prodigal_proteins	3356	GCA_001693255.1_ASM169325v1_genomic_prodigal_proteins	3177	2675	94.08	7.33	84.20
GCA_005577135.1_ASM557713v1_genomic_prodigal_proteins	3356	GCA_003210385.1_ASM321038v1_genomic_prodigal_proteins	286	132	52.48	13.91	46.15
GCA_005577135.1_ASM557713v1_genomic_prodigal_proteins	3356	GCA_002170705.1_ASM217070v1_genomic_prodigal_proteins	1392	577	52.81	12.20	41.45
GCA_005577135.1_ASM557713v1_genomic_prodigal_proteins	3356	GCA_002356215.1_ASM235621v1_genomic_prodigal_proteins	2953	2472	83.91	11.11	83.71
GCA_005577135.1_ASM557713v1_genomic_prodigal_proteins	3356	GCA_003210935.1_ASM321093v1_genomic_prodigal_proteins	1868	710	53.76	13.00	38.01
GCA_005577135.1_ASM557713v1_genomic_prodigal_proteins	3356	GCA_003210535.1_ASM321053v1_genomic_prodigal_proteins	1257	403	52.61	12.57	32.06
GCA_005577135.1_ASM557713v1_genomic_prodigal_proteins	3356	GCA_002724845.1_ASM272484v1_genomic_prodigal_proteins	1589	746	53.53	12.73	46.95
GCA_005577135.1_ASM557713v1_genomic_prodigal_proteins	3356	GCA_000153285.1_ASM15328v1_genomic_prodigal_proteins	2746	1110	53.27	13.01	40.42
GCA_005577135.1_ASM557713v1_genomic_prodigal_proteins	3356	GCA_003211035.1_ASM321103v1_genomic_prodigal_proteins	530	193	51.76	12.08	36.42
GCA_005577135.1_ASM557713v1_genomic_prodigal_proteins	3356	GCA_001521855.1_ASM152185v1_genomic_prodigal_proteins	3144	2807	98.00	4.93	89.28
GCA_005577135.1_ASM557713v1_genomic_prodigal_proteins	3356	GCA_009835965.1_ASM983596v1_genomic_prodigal_proteins	2105	943	53.18	12.47	44.80
GCA_005577135.1_ASM557713v1_genomic_prodigal_proteins	3356	GCA_012269695.1_ASM1226969v1_genomic_prodigal_proteins	2043	753	53.23	12.59	36.86
GCA_005577135.1_ASM557713v1_genomic_prodigal_proteins	3356	GCA_000737535.1_ASM73753v1_genomic_prodigal_proteins	3013	1082	53.41	12.91	35.91
GCA_005577135.1_ASM557713v1_genomic_prodigal_proteins	3356	GCA_000586015.1_SynSpo.0_genomic_prodigal_proteins	1907	733	54.23	12.93	38.44
GCA_005577135.1_ASM557713v1_genomic_prodigal_proteins	3356	GCA_002760345.1_ASM276034v1_genomic_prodigal_proteins	2731	1251	56.62	12.29	45.81
GCA_005577135.1_ASM557713v1_genomic_prodigal_proteins	3356	GCA_000013225.1_ASM1322v1_genomic_prodigal_proteins	2844	1280	56.66	12.25	45.01
GCA_005577135.1_ASM557713v1_genomic_prodigal_proteins	3356	GCA_000332275.1_ASM33227v1_genomic_prodigal_proteins	4564	1543	56.71	12.56	45.98
GCA_005577135.1_ASM557713v1_genomic_prodigal_proteins	3356	GCA_002252675.1_ASM225267v1_genomic_prodigal_proteins	3295	1186	53.80	12.85	35.99
GCA_005577135.1_ASM557713v1_genomic_prodigal_proteins	3356	GCA_000737575.1_ASM73757v1_genomic_prodigal_proteins	2662	1099	53.37	12.95	41.28
GCA_005577135.1_ASM557713v1_genomic_prodigal_proteins	3356	GCA_902596755.1_AG-916-D19_genomic_prodigal_proteins	1152	387	53.42	13.00	33.59
GCA_005577135.1_ASM557713v1_genomic_prodigal_proteins	3356	GCA_003211455.1_ASM321145v1_genomic_prodigal_proteins	1186	383	53.18	12.82	32.29
GCA_005577135.1_ASM557713v1_genomic_prodigal_proteins	3356	GCA_003208755.1_ASM320875v1_genomic_prodigal_proteins	690	235	53.36	13.63	34.06
GCA_005577135.1_ASM557713v1_genomic_prodigal_proteins	3356	GCA_007571215.1_ASM757121v1_genomic_prodigal_proteins	1879	899	53.35	12.24	47.84
GCA_005577135.1_ASM557713v1_genomic_prodigal_proteins	3356	GCA_001007635.1_ASM100763v1_genomic_prodigal_proteins	2333	845	53.57	12.31	36.22
GCA_005577135.1_ASM557713v1_genomic_prodigal_proteins	3356	GCA_000179255.1_ASM17925v1_genomic_prodigal_proteins	2729	1111	53.88	12.87	40.71
GCA_005577135.1_ASM557713v1_genomic_prodigal_proteins	3356	GCA_003208975.1_ASM320897v1_genomic_prodigal_proteins	1804	565	52.97	12.62	31.32
GCA_005577135.1_ASM557713v1_genomic_prodigal_proteins	3356	GCA_012103655.1_ASM1210365v1_genomic_prodigal_proteins	2723	1066	53.33	12.74	39.15
GCA_005577135.1_ASM557713v1_genomic_prodigal_proteins	3356	GCA_902582045.1_AG-912-B07_genomic_prodigal_proteins	196	34	49.30	12.91	17.35
GCA_005577135.1_ASM557713v1_genomic_prodigal_proteins	3356	GCA_000153045.1_ASM15304v1_genomic_prodigal_proteins	3242	1196	53.85	12.57	36.89
GCA_005577135.1_ASM557713v1_genomic_prodigal_proteins	3356	GCA_902549675.1_AG-903-B09_genomic_prodigal_proteins	836	265	55.33	13.83	31.70
GCA_005577135.1_ASM557713v1_genomic_prodigal_proteins	3356	GCA_002018045.1_ASM201804v1_genomic_prodigal_proteins	1559	722	54.43	12.26	46.31
GCA_005577135.1_ASM557713v1_genomic_prodigal_proteins	3356	GCA_004213055.1_ASM421305v1_genomic_prodigal_proteins	2241	960	53.46	12.76	42.84
GCA_005577135.1_ASM557713v1_genomic_prodigal_proteins	3356	GCA_007571085.1_ASM757108v1_genomic_prodigal_proteins	1784	892	53.19	12.35	50.00
GCA_005577135.1_ASM557713v1_genomic_prodigal_proteins	3356	GCA_009839805.1_ASM983980v1_genomic_prodigal_proteins	1848	590	51.69	11.62	31.93
GCA_005577135.1_ASM557713v1_genomic_prodigal_proteins	3356	GCA_003210375.1_ASM321037v1_genomic_prodigal_proteins	2155	785	52.87	12.72	36.43
GCA_005577135.1_ASM557713v1_genomic_prodigal_proteins	3356	GCA_004332415.1_ASM433241v1_genomic_prodigal_proteins	2408	1087	53.49	12.76	45.14
GCA_005577135.1_ASM557713v1_genomic_prodigal_proteins	3356	GCA_009836025.1_ASM983602v1_genomic_prodigal_proteins	2290	915	53.57	12.33	39.96
GCA_005577135.1_ASM557713v1_genomic_prodigal_proteins	3356	GCA_009843455.1_ASM984345v1_genomic_prodigal_proteins	2423	896	53.37	12.18	36.98
GCA_005577135.1_ASM557713v1_genomic_prodigal_proteins	3356	GCA_009843485.1_ASM984348v1_genomic_prodigal_proteins	2158	939	53.19	12.49	43.51
GCA_005577135.1_ASM557713v1_genomic_prodigal_proteins	3356	GCA_003283135.1_ASM328313v1_genomic_prodigal_proteins	459	94	52.19	14.14	20.48
GCA_005577135.1_ASM557713v1_genomic_prodigal_proteins	3356	GCA_902635485.1_AG-447-G23_genomic_prodigal_proteins	327	70	53.21	14.45	21.41
GCA_005577135.1_ASM557713v1_genomic_prodigal_proteins	3356	GCA_002760415.1_ASM276041v1_genomic_prodigal_proteins	2670	1242	56.49	12.37	46.52
GCA_005577135.1_ASM557713v1_genomic_prodigal_proteins	3356	GCA_002754935.1_ASM275493v1_genomic_prodigal_proteins	2664	1369	59.32	12.98	51.39
GCA_005577135.1_ASM557713v1_genomic_prodigal_proteins	3356	GCA_002171685.2_ASM217168v2_genomic_prodigal_proteins	811	420	53.89	12.14	51.79
GCA_005577135.1_ASM557713v1_genomic_prodigal_proteins	3356	GCA_000737595.1_ASM73759v1_genomic_prodigal_proteins	2774	1087	53.37	12.97	39.19
GCA_005577135.1_ASM557713v1_genomic_prodigal_proteins	3356	GCA_003331785.1_ASM333178v1_genomic_prodigal_proteins	2125	974	53.41	12.61	45.84
GCA_005577135.1_ASM557713v1_genomic_prodigal_proteins	3356	GCA_009842265.1_ASM984226v1_genomic_prodigal_proteins	2398	901	53.54	12.34	37.57
GCA_005577135.1_ASM557713v1_genomic_prodigal_proteins	3356	GCA_902579345.1_AG-911-L15_genomic_prodigal_proteins	248	48	52.65	15.54	19.35
GCA_005577135.1_ASM557713v1_genomic_prodigal_proteins	3356	GCA_000011345.1_ASM1134v1_genomic_prodigal_proteins	2520	1425	59.27	12.99	56.55
GCA_005577135.1_ASM557713v1_genomic_prodigal_proteins	3356	GCA_003210705.1_ASM321070v1_genomic_prodigal_proteins	2244	759	52.82	12.96	33.82
GCA_005577135.1_ASM557713v1_genomic_prodigal_proteins	3356	GCA_000019485.1_ASM1948v1_genomic_prodigal_proteins	3233	2786	97.39	6.58	86.17
GCA_005577135.1_ASM557713v1_genomic_prodigal_proteins	3356	GCA_003283055.1_ASM328305v1_genomic_prodigal_proteins	482	35	50.40	15.09	7.26
GCA_005577135.1_ASM557713v1_genomic_prodigal_proteins	3356	GCA_000010065.1_ASM1006v1_genomic_prodigal_proteins	2691	1482	59.40	12.88	55.07
GCA_005577135.1_ASM557713v1_genomic_prodigal_proteins	3356	GCA_000316685.1_ASM31668v1_genomic_prodigal_proteins	3706	1538	59.30	12.77	45.83
GCA_005577135.1_ASM557713v1_genomic_prodigal_proteins	3356	GCA_000063525.1_ASM6352v1_genomic_prodigal_proteins	2540	1131	53.72	13.08	44.53
GCA_005577135.1_ASM557713v1_genomic_prodigal_proteins	3356	GCA_003283165.1_ASM328316v1_genomic_prodigal_proteins	217	57	51.30	12.12	26.27
GCA_005577135.1_ASM557713v1_genomic_prodigal_proteins	3356	GCA_902540675.1_AG-359-E22_genomic_prodigal_proteins	584	166	52.62	14.10	28.42
GCA_005577135.1_ASM557713v1_genomic_prodigal_proteins	3356	GCA_011055065.1_ASM1105506v1_genomic_prodigal_proteins	2792	1239	56.47	12.37	44.38
GCA_005577135.1_ASM557713v1_genomic_prodigal_proteins	3356	GCA_000013205.1_ASM1320v1_genomic_prodigal_proteins	2750	1258	56.59	12.32	45.75
GCA_005577135.1_ASM557713v1_genomic_prodigal_proteins	3356	GCA_003539795.1_ASM353979v1_genomic_prodigal_proteins	2284	807	51.93	11.93	35.33
GCA_005577135.1_ASM557713v1_genomic_prodigal_proteins	3356	GCA_002171995.1_ASM217199v1_genomic_prodigal_proteins	1978	626	52.87	12.57	31.65
GCA_005577135.1_ASM557713v1_genomic_prodigal_proteins	3356	GCA_011523835.1_ASM1152383v1_genomic_prodigal_proteins	2468	920	52.88	12.44	37.28
GCA_005577135.1_ASM557713v1_genomic_prodigal_proteins	3356	GCA_002172175.1_ASM217217v1_genomic_prodigal_proteins	1846	706	52.61	12.10	38.24
GCA_005577135.1_ASM557713v1_genomic_prodigal_proteins	3356	GCA_003208835.1_ASM320883v1_genomic_prodigal_proteins	2208	798	53.03	12.61	36.14
GCA_005577135.1_ASM557713v1_genomic_prodigal_proteins	3356	GCA_902589915.1_AG-914-F20_genomic_prodigal_proteins	373	87	54.19	13.57	23.32
GCA_005577135.1_ASM557713v1_genomic_prodigal_proteins	3356	GCA_000485815.1_ASM48581v1_genomic_prodigal_proteins	3083	2432	83.90	11.17	78.88
GCA_005577135.1_ASM557713v1_genomic_prodigal_proteins	3356	GCA_008807075.1_ASM880707v1_genomic_prodigal_proteins	2925	1127	53.18	12.75	38.53
GCA_005577135.1_ASM557713v1_genomic_prodigal_proteins	3356	GCA_000179235.2_ASM17923v2_genomic_prodigal_proteins	3071	1180	53.96	12.80	38.42
GCA_005577135.1_ASM557713v1_genomic_prodigal_proteins	3356	GCA_003210795.1_ASM321079v1_genomic_prodigal_proteins	2239	794	52.41	12.54	35.46
GCA_005577135.1_ASM557713v1_genomic_prodigal_proteins	3356	GCA_002706715.1_ASM270671v1_genomic_prodigal_proteins	1148	579	53.39	12.87	50.44
GCA_005577135.1_ASM557713v1_genomic_prodigal_proteins	3356	GCA_003331245.1_ASM333124v1_genomic_prodigal_proteins	2021	904	52.90	12.30	44.73
GCA_005577135.1_ASM557713v1_genomic_prodigal_proteins	3356	GCA_009843385.1_ASM984338v1_genomic_prodigal_proteins	2085	767	53.85	12.41	36.79
GCA_005577135.1_ASM557713v1_genomic_prodigal_proteins	3356	GCA_003211205.1_ASM321120v1_genomic_prodigal_proteins	2288	829	53.25	12.94	36.23
GCA_005577135.1_ASM557713v1_genomic_prodigal_proteins	3356	GCA_000063505.1_ASM6350v1_genomic_prodigal_proteins	2558	1080	53.53	12.87	42.22
GCA_005577135.1_ASM557713v1_genomic_prodigal_proteins	3356	GCA_900474245.1_UW179B_genomic_prodigal_proteins	2743	1083	53.30	12.86	39.48
GCA_005577135.1_ASM557713v1_genomic_prodigal_proteins	3356	GCA_003210345.1_ASM321034v1_genomic_prodigal_proteins	1256	421	52.07	12.64	33.52
GCA_005577135.1_ASM557713v1_genomic_prodigal_proteins	3356	GCA_003210315.1_ASM321031v1_genomic_prodigal_proteins	1815	637	53.14	12.82	35.10
GCA_005577135.1_ASM557713v1_genomic_prodigal_proteins	3356	GCA_009836155.1_ASM983615v1_genomic_prodigal_proteins	1947	875	53.52	12.20	44.94
GCA_005577135.1_ASM557713v1_genomic_prodigal_proteins	3356	GCA_003990665.2_ASM399066v2_genomic_prodigal_proteins	2499	1427	59.30	13.00	57.10
GCA_005577135.1_ASM557713v1_genomic_prodigal_proteins	3356	GCA_003209135.1_ASM320913v1_genomic_prodigal_proteins	1719	568	51.94	12.35	33.04
GCA_005577135.1_ASM557713v1_genomic_prodigal_proteins	3356	GCA_009845105.1_ASM984510v1_genomic_prodigal_proteins	1941	724	53.23	12.34	37.30
GCA_005577135.1_ASM557713v1_genomic_prodigal_proteins	3356	GCA_002690325.1_ASM269032v1_genomic_prodigal_proteins	2554	978	52.29	12.56	38.29
GCA_005577135.1_ASM557713v1_genomic_prodigal_proteins	3356	GCA_000161795.2_ASM16179v2_genomic_prodigal_proteins	2407	1043	53.81	12.86	43.33
GCA_005577135.1_ASM557713v1_genomic_prodigal_proteins	3356	GCA_004211895.1_ASM421189v1_genomic_prodigal_proteins	954	447	53.13	12.95	46.86
GCA_005577135.1_ASM557713v1_genomic_prodigal_proteins	3356	GCA_003210735.1_ASM321073v1_genomic_prodigal_proteins	2337	779	52.31	12.68	33.33
GCA_005577135.1_ASM557713v1_genomic_prodigal_proteins	3356	GCA_003209035.1_ASM320903v1_genomic_prodigal_proteins	1803	582	52.58	13.05	32.28
GCA_005577135.1_ASM557713v1_genomic_prodigal_proteins	3356	GCA_003712085.1_ASM371208v1_genomic_prodigal_proteins	2745	1093	53.41	12.82	39.82
GCA_005577135.1_ASM557713v1_genomic_prodigal_proteins	3356	GCA_003212155.1_ASM321215v1_genomic_prodigal_proteins	262	59	54.08	15.19	22.52
GCA_005577135.1_ASM557713v1_genomic_prodigal_proteins	3356	GCA_001040845.1_ASM104084v1_genomic_prodigal_proteins	2917	1083	53.30	12.82	37.13
GCA_005577135.1_ASM557713v1_genomic_prodigal_proteins	3356	GCA_002018015.1_ASM201801v1_genomic_prodigal_proteins	1578	700	54.51	12.48	44.36
GCA_005577135.1_ASM557713v1_genomic_prodigal_proteins	3356	GCA_003211255.1_ASM321125v1_genomic_prodigal_proteins	1850	603	51.81	12.59	32.59
GCA_005577135.1_ASM557713v1_genomic_prodigal_proteins	3356	GCA_002721235.1_ASM272123v1_genomic_prodigal_proteins	3119	2751	98.15	5.10	88.20
GCA_005577135.1_ASM557713v1_genomic_prodigal_proteins	3356	GCA_009839305.1_ASM983930v1_genomic_prodigal_proteins	1816	684	54.39	12.57	37.67
GCA_005577135.1_ASM557713v1_genomic_prodigal_proteins	3356	GCA_011365345.1_ASM1136534v1_genomic_prodigal_proteins	2655	1071	53.72	12.89	40.34
GCA_005577135.1_ASM557713v1_genomic_prodigal_proteins	3356	GCA_001039265.1_ASM103926v1_genomic_prodigal_proteins	2832	808	55.43	12.89	28.53
GCA_005577135.1_ASM557713v1_genomic_prodigal_proteins	3356	GCA_001628325.1_ASM162832v1_genomic_prodigal_proteins	2129	961	53.48	12.50	45.14
GCA_005577135.1_ASM557713v1_genomic_prodigal_proteins	3356	GCA_003209215.1_ASM320921v1_genomic_prodigal_proteins	1679	556	53.90	13.20	33.11
GCA_005577135.1_ASM557713v1_genomic_prodigal_proteins	3356	GCA_002737305.1_ASM273730v1_genomic_prodigal_proteins	1951	860	54.66	12.71	44.08
GCA_005577135.1_ASM557713v1_genomic_prodigal_proteins	3356	GCA_003210515.1_ASM321051v1_genomic_prodigal_proteins	1673	607	52.59	12.71	36.28
GCA_005577135.1_ASM557713v1_genomic_prodigal_proteins	3356	GCA_011525445.1_ASM1152544v1_genomic_prodigal_proteins	3208	877	52.45	12.35	27.34
GCA_005577135.1_ASM557713v1_genomic_prodigal_proteins	3356	GCA_902599435.1_AG-916-N22_genomic_prodigal_proteins	793	274	55.25	13.09	34.55
GCA_005577135.1_ASM557713v1_genomic_prodigal_proteins	3356	GCA_003149585.1_ASM314958v1_genomic_prodigal_proteins	2600	1140	54.04	12.77	43.85
GCA_005577135.1_ASM557713v1_genomic_prodigal_proteins	3356	GCA_902560665.1_AG-905-O11_genomic_prodigal_proteins	401	99	55.87	14.06	24.69
GCA_005577135.1_ASM557713v1_genomic_prodigal_proteins	3356	GCA_003331795.1_ASM333179v1_genomic_prodigal_proteins	1948	899	53.58	13.04	46.15
GCA_005577135.1_ASM557713v1_genomic_prodigal_proteins	3356	GCA_002017955.1_ASM201795v1_genomic_prodigal_proteins	512	201	53.55	12.61	39.26
GCA_005577135.1_ASM557713v1_genomic_prodigal_proteins	3356	GCA_902584485.1_AG-912-O23_genomic_prodigal_proteins	535	148	53.01	13.34	27.66
GCA_005577135.1_ASM557713v1_genomic_prodigal_proteins	3356	GCA_902527915.1_AG-896-G19_genomic_prodigal_proteins	1003	340	53.42	13.35	33.90
GCA_005577135.1_ASM557713v1_genomic_prodigal_proteins	3356	GCA_902635365.1_AG-447-D19_genomic_prodigal_proteins	1690	508	53.84	12.78	30.06
GCA_005577135.1_ASM557713v1_genomic_prodigal_proteins	3356	GCA_900474085.1_UW86_genomic_prodigal_proteins	2403	1051	53.74	12.80	43.74
GCA_005577135.1_ASM557713v1_genomic_prodigal_proteins	3356	GCA_001885215.1_ASM188521v1_genomic_prodigal_proteins	2897	1178	53.59	12.58	40.66
GCA_005577135.1_ASM557713v1_genomic_prodigal_proteins	3356	GCA_902575935.1_AG-426-B22_genomic_prodigal_proteins	254	101	58.73	14.74	39.76
GCA_005577135.1_ASM557713v1_genomic_prodigal_proteins	3356	GCA_900474295.1_UW140_genomic_prodigal_proteins	2925	1092	53.39	12.94	37.33
GCA_005577135.1_ASM557713v1_genomic_prodigal_proteins	3356	GCA_003211565.1_ASM321156v1_genomic_prodigal_proteins	1489	487	53.22	13.17	32.71
GCA_005577135.1_ASM557713v1_genomic_prodigal_proteins	3356	GCA_003526105.1_ASM352610v1_genomic_prodigal_proteins	1581	570	54.10	12.60	36.05
GCA_005577135.1_ASM557713v1_genomic_prodigal_proteins	3356	GCA_002172935.1_ASM217293v1_genomic_prodigal_proteins	1996	834	52.74	12.50	41.78
GCA_005577135.1_ASM557713v1_genomic_prodigal_proteins	3356	GCA_003210335.1_ASM321033v1_genomic_prodigal_proteins	942	201	52.63	13.72	21.34
GCA_005577135.1_ASM557713v1_genomic_prodigal_proteins	3356	GCA_009846115.1_ASM984611v1_genomic_prodigal_proteins	2048	824	52.96	12.48	40.23
GCA_005577135.1_ASM557713v1_genomic_prodigal_proteins	3356	GCA_001693295.1_ASM169329v1_genomic_prodigal_proteins	3183	2749	97.71	5.81	86.37
GCA_005577135.1_ASM557713v1_genomic_prodigal_proteins	3356	GCA_900473965.1_UW179A_genomic_prodigal_proteins	3383	1074	53.38	12.99	32.00
GCA_005577135.1_ASM557713v1_genomic_prodigal_proteins	3356	GCA_003213755.1_ASM321375v1_genomic_prodigal_proteins	1050	387	53.35	13.40	36.86
GCA_005577135.1_ASM557713v1_genomic_prodigal_proteins	3356	GCA_003209155.1_ASM320915v1_genomic_prodigal_proteins	2305	801	53.25	12.69	34.75
GCA_005577135.1_ASM557713v1_genomic_prodigal_proteins	3356	GCA_003211515.1_ASM321151v1_genomic_prodigal_proteins	2451	711	52.43	12.88	29.01
GCA_005577135.1_ASM557713v1_genomic_prodigal_proteins	3356	GCA_002693285.1_ASM269328v1_genomic_prodigal_proteins	2440	929	52.87	12.76	38.07
GCA_005577135.1_ASM557713v1_genomic_prodigal_proteins	3356	GCA_003210555.1_ASM321055v1_genomic_prodigal_proteins	1847	586	53.06	12.65	31.73
GCA_005577135.1_ASM557713v1_genomic_prodigal_proteins	3356	GCA_000155595.1_ASM15559v1_genomic_prodigal_proteins	5270	1725	59.07	12.98	51.40
GCA_005577135.1_ASM557713v1_genomic_prodigal_proteins	3356	GCA_001007665.1_ASM100766v1_genomic_prodigal_proteins	2356	933	53.25	12.27	39.60
GCA_005577135.1_ASM557713v1_genomic_prodigal_proteins	3356	GCA_009919765.1_ASM991976v1_genomic_prodigal_proteins	2524	764	53.42	12.97	30.27
GCA_005577135.1_ASM557713v1_genomic_prodigal_proteins	3356	GCA_003331225.1_ASM333122v1_genomic_prodigal_proteins	2113	968	53.66	12.76	45.81
GCA_005577135.1_ASM557713v1_genomic_prodigal_proteins	3356	GCA_900177825.1_IMG-taxon_2708742468_annotated_assembly_genomic_prodigal_proteins	3317	2753	97.39	6.58	83.00
GCA_005577135.1_ASM557713v1_genomic_prodigal_proteins	3356	GCA_000195975.1_ASM19597v1_genomic_prodigal_proteins	2719	1089	53.48	12.91	40.05
GCA_005577135.1_ASM557713v1_genomic_prodigal_proteins	3356	GCA_902618885.1_AG-920-D15_genomic_prodigal_proteins	1178	418	54.01	13.30	35.48
GCA_005577135.1_ASM557713v1_genomic_prodigal_proteins	3356	GCA_003209165.1_ASM320916v1_genomic_prodigal_proteins	2711	922	53.63	12.89	34.01
GCA_005577135.1_ASM557713v1_genomic_prodigal_proteins	3356	GCA_001007625.1_ASM100762v1_genomic_prodigal_proteins	2478	813	54.23	12.31	32.81
GCA_005577135.1_ASM557713v1_genomic_prodigal_proteins	3356	GCA_008386235.1_ASM838623v1_genomic_prodigal_proteins	2571	1446	59.28	12.97	56.24
GCA_005577135.1_ASM557713v1_genomic_prodigal_proteins	3356	GCA_001631935.1_ASM163193v1_genomic_prodigal_proteins	3526	1061	53.43	12.88	31.62
GCA_005577135.1_ASM557713v1_genomic_prodigal_proteins	3356	GCA_002151525.1_ASM215152v1_genomic_prodigal_proteins	1628	785	53.78	12.78	48.22
GCA_005577135.1_ASM557713v1_genomic_prodigal_proteins	3356	GCA_000153065.1_ASM15306v1_genomic_prodigal_proteins	2704	1097	53.65	12.89	40.57
GCA_005577135.1_ASM557713v1_genomic_prodigal_proteins	3356	GCA_009837265.1_ASM983726v1_genomic_prodigal_proteins	2126	872	53.34	12.53	41.02
GCA_005577135.1_ASM557713v1_genomic_prodigal_proteins	3356	GCA_902533725.1_AG-898-C20_genomic_prodigal_proteins	421	96	55.39	15.13	22.80
GCA_005577135.1_ASM557713v1_genomic_prodigal_proteins	3356	GCA_002171075.2_ASM217107v2_genomic_prodigal_proteins	1919	819	52.36	12.55	42.68
GCA_005577135.1_ASM557713v1_genomic_prodigal_proteins	3356	GCA_002760395.1_ASM276039v1_genomic_prodigal_proteins	2661	1229	56.56	12.31	46.19
GCA_005577135.1_ASM557713v1_genomic_prodigal_proteins	3356	GCA_003209005.1_ASM320900v1_genomic_prodigal_proteins	2548	886	52.98	12.68	34.77
GCA_005577135.1_ASM557713v1_genomic_prodigal_proteins	3356	GCA_002017915.1_ASM201791v1_genomic_prodigal_proteins	623	272	55.08	13.32	43.66
GCA_005577135.1_ASM557713v1_genomic_prodigal_proteins	3356	GCA_900047545.1_m9_genomic_prodigal_proteins	1575	706	53.27	12.41	44.83
GCA_005577135.1_ASM557713v1_genomic_prodigal_proteins	3356	GCA_001632105.1_ASM163210v1_genomic_prodigal_proteins	3521	1062	53.33	12.83	31.64
GCA_005577135.1_ASM557713v1_genomic_prodigal_proteins	3356	GCA_004212765.1_ASM421276v1_genomic_prodigal_proteins	1162	542	53.05	12.69	46.64
GCA_005577135.1_ASM557713v1_genomic_prodigal_proteins	3356	GCA_002685515.1_ASM268551v1_genomic_prodigal_proteins	1286	567	52.07	12.50	44.09
GCA_005577135.1_ASM557713v1_genomic_prodigal_proteins	3356	GCA_007828135.1_ASM782813v1_genomic_prodigal_proteins	2917	1184	53.64	12.69	40.59
GCA_005577135.1_ASM557713v1_genomic_prodigal_proteins	3356	GCA_011047875.1_ASM1104787v1_genomic_prodigal_proteins	2810	1258	56.67	12.31	44.77
GCA_005577135.1_ASM557713v1_genomic_prodigal_proteins	3356	GCA_009840445.1_ASM984044v1_genomic_prodigal_proteins	2167	959	53.28	12.35	44.25
GCA_005577135.1_ASM557713v1_genomic_prodigal_proteins	3356	GCA_003210995.1_ASM321099v1_genomic_prodigal_proteins	2385	756	53.78	13.16	31.70
GCA_005577135.1_ASM557713v1_genomic_prodigal_proteins	3356	GCA_902616995.1_AG-919-L20_genomic_prodigal_proteins	654	210	52.89	13.48	32.11
GCA_005577135.1_ASM557713v1_genomic_prodigal_proteins	3356	GCA_009845825.1_ASM984582v1_genomic_prodigal_proteins	2168	807	53.74	12.26	37.22
GCA_005577135.1_ASM557713v1_genomic_prodigal_proteins	3356	GCA_000515235.1_ASM51523v1_genomic_prodigal_proteins	2873	1079	53.40	12.89	37.56
GCA_005577135.1_ASM557713v1_genomic_prodigal_proteins	3356	GCA_003523965.1_ASM352396v1_genomic_prodigal_proteins	1735	617	54.72	12.30	35.56
GCA_005577135.1_ASM557713v1_genomic_prodigal_proteins	3356	GCA_002684175.1_ASM268417v1_genomic_prodigal_proteins	1819	630	51.87	12.14	34.63
GCA_005577135.1_ASM557713v1_genomic_prodigal_proteins	3356	GCA_011523295.1_ASM1152329v1_genomic_prodigal_proteins	2851	821	51.42	12.24	28.80
GCA_005577135.1_ASM557713v1_genomic_prodigal_proteins	3356	GCA_003211015.1_ASM321101v1_genomic_prodigal_proteins	2128	777	52.79	12.76	36.51
GCA_005577135.1_ASM557713v1_genomic_prodigal_proteins	3356	GCA_002006815.1_ASM200681v1_genomic_prodigal_proteins	1973	982	53.73	12.84	49.77
GCA_002252665.1_ASM225266v1_genomic_prodigal_proteins	2771	GCA_003555505.1_ASM355550v1_genomic_prodigal_proteins	3351	793	55.00	12.78	28.62
GCA_002252665.1_ASM225266v1_genomic_prodigal_proteins	2771	GCA_900474015.1_UW106_genomic_prodigal_proteins	2762	1631	67.12	13.75	59.05
GCA_002252665.1_ASM225266v1_genomic_prodigal_proteins	2771	GCA_000715475.1_ASM71547v1_genomic_prodigal_proteins	3299	1108	54.20	12.73	39.99
GCA_002252665.1_ASM225266v1_genomic_prodigal_proteins	2771	GCA_001628295.1_ASM162829v1_genomic_prodigal_proteins	2145	1469	67.69	13.63	68.48
GCA_002252665.1_ASM225266v1_genomic_prodigal_proteins	2771	GCA_003208775.1_ASM320877v1_genomic_prodigal_proteins	1808	990	66.48	14.04	54.76
GCA_002252665.1_ASM225266v1_genomic_prodigal_proteins	2771	GCA_003210975.1_ASM321097v1_genomic_prodigal_proteins	627	364	66.68	14.39	58.05
GCA_002252665.1_ASM225266v1_genomic_prodigal_proteins	2771	GCA_003208915.1_ASM320891v1_genomic_prodigal_proteins	1208	559	66.34	13.82	46.27
GCA_002252665.1_ASM225266v1_genomic_prodigal_proteins	2771	GCA_009837735.1_ASM983773v1_genomic_prodigal_proteins	2041	971	62.37	12.21	47.57
GCA_002252665.1_ASM225266v1_genomic_prodigal_proteins	2771	GCA_902548805.1_AG-901-N20_genomic_prodigal_proteins	158	63	66.98	16.51	39.87
GCA_002252665.1_ASM225266v1_genomic_prodigal_proteins	2771	GCA_003211235.1_ASM321123v1_genomic_prodigal_proteins	1698	843	66.18	13.87	49.65
GCA_002252665.1_ASM225266v1_genomic_prodigal_proteins	2771	GCA_004209775.1_ASM420977v1_genomic_prodigal_proteins	2798	1760	68.59	13.69	63.51
GCA_002252665.1_ASM225266v1_genomic_prodigal_proteins	2771	GCA_003283215.1_ASM328321v1_genomic_prodigal_proteins	239	45	69.86	15.73	18.83
GCA_002252665.1_ASM225266v1_genomic_prodigal_proteins	2771	GCA_003209555.1_ASM320955v1_genomic_prodigal_proteins	908	384	67.18	14.30	42.29
GCA_002252665.1_ASM225266v1_genomic_prodigal_proteins	2771	GCA_000153805.1_ASM15380v1_genomic_prodigal_proteins	2517	1587	66.56	13.71	63.05
GCA_002252665.1_ASM225266v1_genomic_prodigal_proteins	2771	GCA_003283205.1_ASM328320v1_genomic_prodigal_proteins	274	65	67.76	14.36	23.72
GCA_002252665.1_ASM225266v1_genomic_prodigal_proteins	2771	GCA_900473925.1_N5_genomic_prodigal_proteins	2417	1578	67.67	13.55	65.29
GCA_002252665.1_ASM225266v1_genomic_prodigal_proteins	2771	GCA_902592665.1_AG-447-E14_genomic_prodigal_proteins	1111	448	65.28	14.67	40.32
GCA_002252665.1_ASM225266v1_genomic_prodigal_proteins	2771	GCA_011523155.1_ASM1152315v1_genomic_prodigal_proteins	2101	1138	65.86	13.03	54.16
GCA_002252665.1_ASM225266v1_genomic_prodigal_proteins	2771	GCA_003211275.1_ASM321127v1_genomic_prodigal_proteins	2168	1106	66.27	13.80	51.01
GCA_002252665.1_ASM225266v1_genomic_prodigal_proteins	2771	GCA_003957805.1_ASM395780v1_genomic_prodigal_proteins	2887	1279	56.46	13.12	46.16
GCA_002252665.1_ASM225266v1_genomic_prodigal_proteins	2771	GCA_012270465.1_ASM1227046v1_genomic_prodigal_proteins	2311	1323	66.67	13.09	57.25
GCA_002252665.1_ASM225266v1_genomic_prodigal_proteins	2771	GCA_001693255.1_ASM169325v1_genomic_prodigal_proteins	3177	1133	54.07	12.80	40.89
GCA_002252665.1_ASM225266v1_genomic_prodigal_proteins	2771	GCA_003210385.1_ASM321038v1_genomic_prodigal_proteins	286	192	66.20	13.86	67.13
GCA_002252665.1_ASM225266v1_genomic_prodigal_proteins	2771	GCA_002170705.1_ASM217070v1_genomic_prodigal_proteins	1392	881	67.51	13.11	63.29
GCA_002252665.1_ASM225266v1_genomic_prodigal_proteins	2771	GCA_002356215.1_ASM235621v1_genomic_prodigal_proteins	2953	1115	54.01	12.82	40.24
GCA_002252665.1_ASM225266v1_genomic_prodigal_proteins	2771	GCA_003210935.1_ASM321093v1_genomic_prodigal_proteins	1868	1062	66.86	13.95	56.85
GCA_002252665.1_ASM225266v1_genomic_prodigal_proteins	2771	GCA_003210535.1_ASM321053v1_genomic_prodigal_proteins	1257	594	65.64	13.56	47.26
GCA_002252665.1_ASM225266v1_genomic_prodigal_proteins	2771	GCA_002724845.1_ASM272484v1_genomic_prodigal_proteins	1589	1123	67.03	13.39	70.67
GCA_002252665.1_ASM225266v1_genomic_prodigal_proteins	2771	GCA_000153285.1_ASM15328v1_genomic_prodigal_proteins	2746	1670	67.31	13.81	60.82
GCA_002252665.1_ASM225266v1_genomic_prodigal_proteins	2771	GCA_003211035.1_ASM321103v1_genomic_prodigal_proteins	530	286	64.18	14.34	53.96
GCA_002252665.1_ASM225266v1_genomic_prodigal_proteins	2771	GCA_001521855.1_ASM152185v1_genomic_prodigal_proteins	3144	1116	54.18	12.74	40.27
GCA_002252665.1_ASM225266v1_genomic_prodigal_proteins	2771	GCA_009835965.1_ASM983596v1_genomic_prodigal_proteins	2105	1195	62.36	12.29	56.77
GCA_002252665.1_ASM225266v1_genomic_prodigal_proteins	2771	GCA_012269695.1_ASM1226969v1_genomic_prodigal_proteins	2043	1126	67.04	12.97	55.12
GCA_002252665.1_ASM225266v1_genomic_prodigal_proteins	2771	GCA_000737535.1_ASM73753v1_genomic_prodigal_proteins	3013	1614	66.94	13.72	58.25
GCA_002252665.1_ASM225266v1_genomic_prodigal_proteins	2771	GCA_000586015.1_SynSpo.0_genomic_prodigal_proteins	1907	953	62.84	12.75	49.97
GCA_002252665.1_ASM225266v1_genomic_prodigal_proteins	2771	GCA_002760345.1_ASM276034v1_genomic_prodigal_proteins	2731	972	53.73	11.76	35.59
GCA_002252665.1_ASM225266v1_genomic_prodigal_proteins	2771	GCA_000013225.1_ASM1322v1_genomic_prodigal_proteins	2844	984	53.40	12.00	35.51
GCA_002252665.1_ASM225266v1_genomic_prodigal_proteins	2771	GCA_000332275.1_ASM33227v1_genomic_prodigal_proteins	4564	1077	52.49	11.98	38.87
GCA_002252665.1_ASM225266v1_genomic_prodigal_proteins	2771	GCA_002252675.1_ASM225267v1_genomic_prodigal_proteins	3295	1844	73.35	12.58	66.55
GCA_002252665.1_ASM225266v1_genomic_prodigal_proteins	2771	GCA_000737575.1_ASM73757v1_genomic_prodigal_proteins	2662	1654	67.52	13.78	62.13
GCA_002252665.1_ASM225266v1_genomic_prodigal_proteins	2771	GCA_902596755.1_AG-916-D19_genomic_prodigal_proteins	1152	576	66.95	14.06	50.00
GCA_002252665.1_ASM225266v1_genomic_prodigal_proteins	2771	GCA_003211455.1_ASM321145v1_genomic_prodigal_proteins	1186	557	66.06	13.82	46.96
GCA_002252665.1_ASM225266v1_genomic_prodigal_proteins	2771	GCA_003208755.1_ASM320875v1_genomic_prodigal_proteins	690	365	66.37	13.91	52.90
GCA_002252665.1_ASM225266v1_genomic_prodigal_proteins	2771	GCA_007571215.1_ASM757121v1_genomic_prodigal_proteins	1879	1176	61.83	12.58	62.59
GCA_002252665.1_ASM225266v1_genomic_prodigal_proteins	2771	GCA_001007635.1_ASM100763v1_genomic_prodigal_proteins	2333	1099	62.22	12.37	47.11
GCA_002252665.1_ASM225266v1_genomic_prodigal_proteins	2771	GCA_000179255.1_ASM17925v1_genomic_prodigal_proteins	2729	1772	72.12	13.60	64.93
GCA_002252665.1_ASM225266v1_genomic_prodigal_proteins	2771	GCA_003208975.1_ASM320897v1_genomic_prodigal_proteins	1804	832	66.55	13.67	46.12
GCA_002252665.1_ASM225266v1_genomic_prodigal_proteins	2771	GCA_012103655.1_ASM1210365v1_genomic_prodigal_proteins	2723	1642	66.89	13.81	60.30
GCA_002252665.1_ASM225266v1_genomic_prodigal_proteins	2771	GCA_902582045.1_AG-912-B07_genomic_prodigal_proteins	196	57	65.81	14.94	29.08
GCA_002252665.1_ASM225266v1_genomic_prodigal_proteins	2771	GCA_000153045.1_ASM15304v1_genomic_prodigal_proteins	3242	1823	72.00	12.68	65.79
GCA_002252665.1_ASM225266v1_genomic_prodigal_proteins	2771	GCA_902549675.1_AG-903-B09_genomic_prodigal_proteins	836	392	68.29	13.80	46.89
GCA_002252665.1_ASM225266v1_genomic_prodigal_proteins	2771	GCA_002018045.1_ASM201804v1_genomic_prodigal_proteins	1559	934	62.94	12.38	59.91
GCA_002252665.1_ASM225266v1_genomic_prodigal_proteins	2771	GCA_004213055.1_ASM421305v1_genomic_prodigal_proteins	2241	1440	67.76	13.64	64.26
GCA_002252665.1_ASM225266v1_genomic_prodigal_proteins	2771	GCA_007571085.1_ASM757108v1_genomic_prodigal_proteins	1784	1156	61.80	12.61	64.80
GCA_002252665.1_ASM225266v1_genomic_prodigal_proteins	2771	GCA_009839805.1_ASM983980v1_genomic_prodigal_proteins	1848	803	60.57	11.78	43.45
GCA_002252665.1_ASM225266v1_genomic_prodigal_proteins	2771	GCA_003210375.1_ASM321037v1_genomic_prodigal_proteins	2155	1163	66.29	13.59	53.97
GCA_002252665.1_ASM225266v1_genomic_prodigal_proteins	2771	GCA_004332415.1_ASM433241v1_genomic_prodigal_proteins	2408	1686	68.60	13.74	70.02
GCA_002252665.1_ASM225266v1_genomic_prodigal_proteins	2771	GCA_009836025.1_ASM983602v1_genomic_prodigal_proteins	2290	1194	62.34	12.29	52.14
GCA_002252665.1_ASM225266v1_genomic_prodigal_proteins	2771	GCA_009843455.1_ASM984345v1_genomic_prodigal_proteins	2423	1173	62.27	12.15	48.41
GCA_002252665.1_ASM225266v1_genomic_prodigal_proteins	2771	GCA_009843485.1_ASM984348v1_genomic_prodigal_proteins	2158	1201	62.31	12.40	55.65
GCA_002252665.1_ASM225266v1_genomic_prodigal_proteins	2771	GCA_003283135.1_ASM328313v1_genomic_prodigal_proteins	459	139	62.63	16.06	30.28
GCA_002252665.1_ASM225266v1_genomic_prodigal_proteins	2771	GCA_902635485.1_AG-447-G23_genomic_prodigal_proteins	327	113	64.24	15.55	34.56
GCA_002252665.1_ASM225266v1_genomic_prodigal_proteins	2771	GCA_002760415.1_ASM276041v1_genomic_prodigal_proteins	2670	959	53.70	11.77	35.92
GCA_002252665.1_ASM225266v1_genomic_prodigal_proteins	2771	GCA_002754935.1_ASM275493v1_genomic_prodigal_proteins	2664	1033	54.34	12.42	38.78
GCA_002252665.1_ASM225266v1_genomic_prodigal_proteins	2771	GCA_002171685.2_ASM217168v2_genomic_prodigal_proteins	811	610	67.53	13.57	75.22
GCA_002252665.1_ASM225266v1_genomic_prodigal_proteins	2771	GCA_000737595.1_ASM73759v1_genomic_prodigal_proteins	2774	1627	67.36	13.64	58.72
GCA_002252665.1_ASM225266v1_genomic_prodigal_proteins	2771	GCA_003331785.1_ASM333178v1_genomic_prodigal_proteins	2125	1494	67.00	13.71	70.31
GCA_002252665.1_ASM225266v1_genomic_prodigal_proteins	2771	GCA_009842265.1_ASM984226v1_genomic_prodigal_proteins	2398	1191	62.24	12.21	49.67
GCA_002252665.1_ASM225266v1_genomic_prodigal_proteins	2771	GCA_902579345.1_AG-911-L15_genomic_prodigal_proteins	248	74	65.65	16.17	29.84
GCA_002252665.1_ASM225266v1_genomic_prodigal_proteins	2771	GCA_000011345.1_ASM1134v1_genomic_prodigal_proteins	2520	1076	54.55	12.36	42.70
GCA_002252665.1_ASM225266v1_genomic_prodigal_proteins	2771	GCA_003210705.1_ASM321070v1_genomic_prodigal_proteins	2244	1210	66.34	13.75	53.92
GCA_002252665.1_ASM225266v1_genomic_prodigal_proteins	2771	GCA_000019485.1_ASM1948v1_genomic_prodigal_proteins	3233	1133	53.98	12.84	40.89
GCA_002252665.1_ASM225266v1_genomic_prodigal_proteins	2771	GCA_003283055.1_ASM328305v1_genomic_prodigal_proteins	482	67	62.22	15.08	13.90
GCA_002252665.1_ASM225266v1_genomic_prodigal_proteins	2771	GCA_000010065.1_ASM1006v1_genomic_prodigal_proteins	2691	1260	56.48	13.04	46.82
GCA_002252665.1_ASM225266v1_genomic_prodigal_proteins	2771	GCA_000316685.1_ASM31668v1_genomic_prodigal_proteins	3706	1110	53.83	12.70	40.06
GCA_002252665.1_ASM225266v1_genomic_prodigal_proteins	2771	GCA_000063525.1_ASM6352v1_genomic_prodigal_proteins	2540	1642	67.50	13.65	64.65
GCA_002252665.1_ASM225266v1_genomic_prodigal_proteins	2771	GCA_003283165.1_ASM328316v1_genomic_prodigal_proteins	217	63	67.58	14.02	29.03
GCA_002252665.1_ASM225266v1_genomic_prodigal_proteins	2771	GCA_902540675.1_AG-359-E22_genomic_prodigal_proteins	584	256	67.83	15.03	43.84
GCA_002252665.1_ASM225266v1_genomic_prodigal_proteins	2771	GCA_011055065.1_ASM1105506v1_genomic_prodigal_proteins	2792	937	53.43	12.09	33.81
GCA_002252665.1_ASM225266v1_genomic_prodigal_proteins	2771	GCA_000013205.1_ASM1320v1_genomic_prodigal_proteins	2750	974	53.73	11.77	35.42
GCA_002252665.1_ASM225266v1_genomic_prodigal_proteins	2771	GCA_003539795.1_ASM353979v1_genomic_prodigal_proteins	2284	1242	66.05	13.42	54.38
GCA_002252665.1_ASM225266v1_genomic_prodigal_proteins	2771	GCA_002171995.1_ASM217199v1_genomic_prodigal_proteins	1978	947	66.69	13.73	47.88
GCA_002252665.1_ASM225266v1_genomic_prodigal_proteins	2771	GCA_011523835.1_ASM1152383v1_genomic_prodigal_proteins	2468	1407	66.94	13.71	57.01
GCA_002252665.1_ASM225266v1_genomic_prodigal_proteins	2771	GCA_002172175.1_ASM217217v1_genomic_prodigal_proteins	1846	1044	65.67	13.23	56.55
GCA_002252665.1_ASM225266v1_genomic_prodigal_proteins	2771	GCA_003208835.1_ASM320883v1_genomic_prodigal_proteins	2208	1171	67.00	13.66	53.03
GCA_002252665.1_ASM225266v1_genomic_prodigal_proteins	2771	GCA_902589915.1_AG-914-F20_genomic_prodigal_proteins	373	125	69.14	14.58	33.51
GCA_002252665.1_ASM225266v1_genomic_prodigal_proteins	2771	GCA_000485815.1_ASM48581v1_genomic_prodigal_proteins	3083	1098	54.13	12.87	39.62
GCA_002252665.1_ASM225266v1_genomic_prodigal_proteins	2771	GCA_008807075.1_ASM880707v1_genomic_prodigal_proteins	2925	1665	67.49	13.09	60.09
GCA_002252665.1_ASM225266v1_genomic_prodigal_proteins	2771	GCA_000179235.2_ASM17923v2_genomic_prodigal_proteins	3071	1887	73.50	13.53	68.10
GCA_002252665.1_ASM225266v1_genomic_prodigal_proteins	2771	GCA_003210795.1_ASM321079v1_genomic_prodigal_proteins	2239	1184	66.42	13.72	52.88
GCA_002252665.1_ASM225266v1_genomic_prodigal_proteins	2771	GCA_002706715.1_ASM270671v1_genomic_prodigal_proteins	1148	797	67.33	13.66	69.43
GCA_002252665.1_ASM225266v1_genomic_prodigal_proteins	2771	GCA_003331245.1_ASM333124v1_genomic_prodigal_proteins	2021	1347	67.08	13.41	66.65
GCA_002252665.1_ASM225266v1_genomic_prodigal_proteins	2771	GCA_009843385.1_ASM984338v1_genomic_prodigal_proteins	2085	996	62.66	12.26	47.77
GCA_002252665.1_ASM225266v1_genomic_prodigal_proteins	2771	GCA_003211205.1_ASM321120v1_genomic_prodigal_proteins	2288	1262	66.66	13.83	55.16
GCA_002252665.1_ASM225266v1_genomic_prodigal_proteins	2771	GCA_000063505.1_ASM6350v1_genomic_prodigal_proteins	2558	1652	67.46	13.98	64.58
GCA_002252665.1_ASM225266v1_genomic_prodigal_proteins	2771	GCA_900474245.1_UW179B_genomic_prodigal_proteins	2743	1647	66.94	13.81	60.04
GCA_002252665.1_ASM225266v1_genomic_prodigal_proteins	2771	GCA_003210345.1_ASM321034v1_genomic_prodigal_proteins	1256	671	65.36	13.65	53.42
GCA_002252665.1_ASM225266v1_genomic_prodigal_proteins	2771	GCA_003210315.1_ASM321031v1_genomic_prodigal_proteins	1815	971	65.45	14.23	53.50
GCA_002252665.1_ASM225266v1_genomic_prodigal_proteins	2771	GCA_009836155.1_ASM983615v1_genomic_prodigal_proteins	1947	1135	62.44	12.20	58.29
GCA_002252665.1_ASM225266v1_genomic_prodigal_proteins	2771	GCA_003990665.2_ASM399066v2_genomic_prodigal_proteins	2499	1080	54.55	12.33	43.22
GCA_002252665.1_ASM225266v1_genomic_prodigal_proteins	2771	GCA_003209135.1_ASM320913v1_genomic_prodigal_proteins	1719	862	65.84	13.81	50.15
GCA_002252665.1_ASM225266v1_genomic_prodigal_proteins	2771	GCA_009845105.1_ASM984510v1_genomic_prodigal_proteins	1941	948	62.10	12.27	48.84
GCA_002252665.1_ASM225266v1_genomic_prodigal_proteins	2771	GCA_002690325.1_ASM269032v1_genomic_prodigal_proteins	2554	1469	65.96	13.77	57.52
GCA_002252665.1_ASM225266v1_genomic_prodigal_proteins	2771	GCA_000161795.2_ASM16179v2_genomic_prodigal_proteins	2407	1568	67.56	13.67	65.14
GCA_002252665.1_ASM225266v1_genomic_prodigal_proteins	2771	GCA_004211895.1_ASM421189v1_genomic_prodigal_proteins	954	653	67.39	13.38	68.45
GCA_002252665.1_ASM225266v1_genomic_prodigal_proteins	2771	GCA_003210735.1_ASM321073v1_genomic_prodigal_proteins	2337	1185	66.07	13.61	50.71
GCA_002252665.1_ASM225266v1_genomic_prodigal_proteins	2771	GCA_003209035.1_ASM320903v1_genomic_prodigal_proteins	1803	843	66.45	13.80	46.76
GCA_002252665.1_ASM225266v1_genomic_prodigal_proteins	2771	GCA_003712085.1_ASM371208v1_genomic_prodigal_proteins	2745	1624	67.63	13.67	59.16
GCA_002252665.1_ASM225266v1_genomic_prodigal_proteins	2771	GCA_003212155.1_ASM321215v1_genomic_prodigal_proteins	262	103	63.90	15.75	39.31
GCA_002252665.1_ASM225266v1_genomic_prodigal_proteins	2771	GCA_001040845.1_ASM104084v1_genomic_prodigal_proteins	2917	1679	66.58	13.79	60.59
GCA_002252665.1_ASM225266v1_genomic_prodigal_proteins	2771	GCA_002018015.1_ASM201801v1_genomic_prodigal_proteins	1578	908	63.08	12.44	57.54
GCA_002252665.1_ASM225266v1_genomic_prodigal_proteins	2771	GCA_003211255.1_ASM321125v1_genomic_prodigal_proteins	1850	895	65.81	13.69	48.38
GCA_002252665.1_ASM225266v1_genomic_prodigal_proteins	2771	GCA_002721235.1_ASM272123v1_genomic_prodigal_proteins	3119	1121	54.18	12.78	40.45
GCA_002252665.1_ASM225266v1_genomic_prodigal_proteins	2771	GCA_009839305.1_ASM983930v1_genomic_prodigal_proteins	1816	898	62.62	12.70	49.45
GCA_002252665.1_ASM225266v1_genomic_prodigal_proteins	2771	GCA_011365345.1_ASM1136534v1_genomic_prodigal_proteins	2655	1627	67.20	13.83	61.28
GCA_002252665.1_ASM225266v1_genomic_prodigal_proteins	2771	GCA_001039265.1_ASM103926v1_genomic_prodigal_proteins	2832	1266	77.10	12.38	45.69
GCA_002252665.1_ASM225266v1_genomic_prodigal_proteins	2771	GCA_001628325.1_ASM162832v1_genomic_prodigal_proteins	2129	1445	67.64	13.58	67.87
GCA_002252665.1_ASM225266v1_genomic_prodigal_proteins	2771	GCA_003209215.1_ASM320921v1_genomic_prodigal_proteins	1679	810	67.26	13.87	48.24
GCA_002252665.1_ASM225266v1_genomic_prodigal_proteins	2771	GCA_002737305.1_ASM273730v1_genomic_prodigal_proteins	1951	1328	73.16	13.02	68.07
GCA_002252665.1_ASM225266v1_genomic_prodigal_proteins	2771	GCA_003210515.1_ASM321051v1_genomic_prodigal_proteins	1673	923	65.61	13.85	55.17
GCA_002252665.1_ASM225266v1_genomic_prodigal_proteins	2771	GCA_011525445.1_ASM1152544v1_genomic_prodigal_proteins	3208	1366	65.69	13.85	49.30
GCA_002252665.1_ASM225266v1_genomic_prodigal_proteins	2771	GCA_902599435.1_AG-916-N22_genomic_prodigal_proteins	793	371	69.34	13.81	46.78
GCA_002252665.1_ASM225266v1_genomic_prodigal_proteins	2771	GCA_003149585.1_ASM314958v1_genomic_prodigal_proteins	2600	1786	72.30	13.49	68.69
GCA_002252665.1_ASM225266v1_genomic_prodigal_proteins	2771	GCA_902560665.1_AG-905-O11_genomic_prodigal_proteins	401	169	68.35	14.49	42.14
GCA_002252665.1_ASM225266v1_genomic_prodigal_proteins	2771	GCA_003331795.1_ASM333179v1_genomic_prodigal_proteins	1948	1313	67.42	13.69	67.40
GCA_002252665.1_ASM225266v1_genomic_prodigal_proteins	2771	GCA_002017955.1_ASM201795v1_genomic_prodigal_proteins	512	264	62.45	12.48	51.56
GCA_002252665.1_ASM225266v1_genomic_prodigal_proteins	2771	GCA_902584485.1_AG-912-O23_genomic_prodigal_proteins	535	216	66.11	14.33	40.37
GCA_002252665.1_ASM225266v1_genomic_prodigal_proteins	2771	GCA_902527915.1_AG-896-G19_genomic_prodigal_proteins	1003	502	68.02	13.47	50.05
GCA_002252665.1_ASM225266v1_genomic_prodigal_proteins	2771	GCA_902635365.1_AG-447-D19_genomic_prodigal_proteins	1690	775	66.97	13.96	45.86
GCA_002252665.1_ASM225266v1_genomic_prodigal_proteins	2771	GCA_900474085.1_UW86_genomic_prodigal_proteins	2403	1595	67.61	13.61	66.38
GCA_002252665.1_ASM225266v1_genomic_prodigal_proteins	2771	GCA_001885215.1_ASM188521v1_genomic_prodigal_proteins	2897	1779	71.12	12.35	64.20
GCA_002252665.1_ASM225266v1_genomic_prodigal_proteins	2771	GCA_902575935.1_AG-426-B22_genomic_prodigal_proteins	254	140	70.99	14.90	55.12
GCA_002252665.1_ASM225266v1_genomic_prodigal_proteins	2771	GCA_900474295.1_UW140_genomic_prodigal_proteins	2925	1667	67.31	13.74	60.16
GCA_002252665.1_ASM225266v1_genomic_prodigal_proteins	2771	GCA_003211565.1_ASM321156v1_genomic_prodigal_proteins	1489	708	66.47	14.01	47.55
GCA_002252665.1_ASM225266v1_genomic_prodigal_proteins	2771	GCA_003526105.1_ASM352610v1_genomic_prodigal_proteins	1581	849	68.40	13.51	53.70
GCA_002252665.1_ASM225266v1_genomic_prodigal_proteins	2771	GCA_002172935.1_ASM217293v1_genomic_prodigal_proteins	1996	1276	66.67	13.58	63.93
GCA_002252665.1_ASM225266v1_genomic_prodigal_proteins	2771	GCA_003210335.1_ASM321033v1_genomic_prodigal_proteins	942	333	63.67	14.47	35.35
GCA_002252665.1_ASM225266v1_genomic_prodigal_proteins	2771	GCA_009846115.1_ASM984611v1_genomic_prodigal_proteins	2048	1056	62.09	12.39	51.56
GCA_002252665.1_ASM225266v1_genomic_prodigal_proteins	2771	GCA_001693295.1_ASM169329v1_genomic_prodigal_proteins	3183	1120	54.13	12.78	40.42
GCA_002252665.1_ASM225266v1_genomic_prodigal_proteins	2771	GCA_900473965.1_UW179A_genomic_prodigal_proteins	3383	1659	66.59	13.80	59.87
GCA_002252665.1_ASM225266v1_genomic_prodigal_proteins	2771	GCA_003213755.1_ASM321375v1_genomic_prodigal_proteins	1050	567	66.81	14.21	54.00
GCA_002252665.1_ASM225266v1_genomic_prodigal_proteins	2771	GCA_003209155.1_ASM320915v1_genomic_prodigal_proteins	2305	1233	66.55	13.70	53.49
GCA_002252665.1_ASM225266v1_genomic_prodigal_proteins	2771	GCA_003211515.1_ASM321151v1_genomic_prodigal_proteins	2451	1037	66.12	13.84	42.31
GCA_002252665.1_ASM225266v1_genomic_prodigal_proteins	2771	GCA_002693285.1_ASM269328v1_genomic_prodigal_proteins	2440	1437	66.77	13.62	58.89
GCA_002252665.1_ASM225266v1_genomic_prodigal_proteins	2771	GCA_003210555.1_ASM321055v1_genomic_prodigal_proteins	1847	922	66.09	13.71	49.92
GCA_002252665.1_ASM225266v1_genomic_prodigal_proteins	2771	GCA_000155595.1_ASM15559v1_genomic_prodigal_proteins	5270	1150	53.54	12.66	41.50
GCA_002252665.1_ASM225266v1_genomic_prodigal_proteins	2771	GCA_001007665.1_ASM100766v1_genomic_prodigal_proteins	2356	1214	62.07	12.36	51.53
GCA_002252665.1_ASM225266v1_genomic_prodigal_proteins	2771	GCA_009919765.1_ASM991976v1_genomic_prodigal_proteins	2524	1100	67.54	13.62	43.58
GCA_002252665.1_ASM225266v1_genomic_prodigal_proteins	2771	GCA_003331225.1_ASM333122v1_genomic_prodigal_proteins	2113	1421	67.45	13.39	67.25
GCA_002252665.1_ASM225266v1_genomic_prodigal_proteins	2771	GCA_900177825.1_IMG-taxon_2708742468_annotated_assembly_genomic_prodigal_proteins	3317	1117	54.06	12.83	40.31
GCA_002252665.1_ASM225266v1_genomic_prodigal_proteins	2771	GCA_000195975.1_ASM19597v1_genomic_prodigal_proteins	2719	1623	67.70	13.62	59.69
GCA_002252665.1_ASM225266v1_genomic_prodigal_proteins	2771	GCA_902618885.1_AG-920-D15_genomic_prodigal_proteins	1178	604	68.54	14.16	51.27
GCA_002252665.1_ASM225266v1_genomic_prodigal_proteins	2771	GCA_003209165.1_ASM320916v1_genomic_prodigal_proteins	2711	1368	67.35	13.57	50.46
GCA_002252665.1_ASM225266v1_genomic_prodigal_proteins	2771	GCA_001007625.1_ASM100762v1_genomic_prodigal_proteins	2478	1066	62.37	12.73	43.02
GCA_002252665.1_ASM225266v1_genomic_prodigal_proteins	2771	GCA_008386235.1_ASM838623v1_genomic_prodigal_proteins	2571	1083	54.43	12.44	42.12
GCA_002252665.1_ASM225266v1_genomic_prodigal_proteins	2771	GCA_001631935.1_ASM163193v1_genomic_prodigal_proteins	3526	1661	66.65	13.74	59.94
GCA_002252665.1_ASM225266v1_genomic_prodigal_proteins	2771	GCA_002151525.1_ASM215152v1_genomic_prodigal_proteins	1628	1187	66.73	14.02	72.91
GCA_002252665.1_ASM225266v1_genomic_prodigal_proteins	2771	GCA_000153065.1_ASM15306v1_genomic_prodigal_proteins	2704	1753	68.89	13.74	64.83
GCA_002252665.1_ASM225266v1_genomic_prodigal_proteins	2771	GCA_009837265.1_ASM983726v1_genomic_prodigal_proteins	2126	1127	62.29	12.35	53.01
GCA_002252665.1_ASM225266v1_genomic_prodigal_proteins	2771	GCA_902533725.1_AG-898-C20_genomic_prodigal_proteins	421	130	68.67	14.39	30.88
GCA_002252665.1_ASM225266v1_genomic_prodigal_proteins	2771	GCA_002171075.2_ASM217107v2_genomic_prodigal_proteins	1919	1218	65.53	13.13	63.47
GCA_002252665.1_ASM225266v1_genomic_prodigal_proteins	2771	GCA_002760395.1_ASM276039v1_genomic_prodigal_proteins	2661	949	53.74	11.76	35.66
GCA_002252665.1_ASM225266v1_genomic_prodigal_proteins	2771	GCA_003209005.1_ASM320900v1_genomic_prodigal_proteins	2548	1369	66.52	13.59	53.73
GCA_002252665.1_ASM225266v1_genomic_prodigal_proteins	2771	GCA_002017915.1_ASM201791v1_genomic_prodigal_proteins	623	328	64.60	13.12	52.65
GCA_002252665.1_ASM225266v1_genomic_prodigal_proteins	2771	GCA_900047545.1_m9_genomic_prodigal_proteins	1575	920	62.35	12.19	58.41
GCA_002252665.1_ASM225266v1_genomic_prodigal_proteins	2771	GCA_001632105.1_ASM163210v1_genomic_prodigal_proteins	3521	1680	66.44	13.84	60.63
GCA_002252665.1_ASM225266v1_genomic_prodigal_proteins	2771	GCA_004212765.1_ASM421276v1_genomic_prodigal_proteins	1162	787	67.53	13.53	67.73
GCA_002252665.1_ASM225266v1_genomic_prodigal_proteins	2771	GCA_002685515.1_ASM268551v1_genomic_prodigal_proteins	1286	856	66.30	13.22	66.56
GCA_002252665.1_ASM225266v1_genomic_prodigal_proteins	2771	GCA_007828135.1_ASM782813v1_genomic_prodigal_proteins	2917	1779	71.11	12.36	64.20
GCA_002252665.1_ASM225266v1_genomic_prodigal_proteins	2771	GCA_011047875.1_ASM1104787v1_genomic_prodigal_proteins	2810	969	53.42	12.07	34.97
GCA_002252665.1_ASM225266v1_genomic_prodigal_proteins	2771	GCA_009840445.1_ASM984044v1_genomic_prodigal_proteins	2167	1225	62.27	12.34	56.53
GCA_002252665.1_ASM225266v1_genomic_prodigal_proteins	2771	GCA_003210995.1_ASM321099v1_genomic_prodigal_proteins	2385	1198	66.71	13.85	50.23
GCA_002252665.1_ASM225266v1_genomic_prodigal_proteins	2771	GCA_902616995.1_AG-919-L20_genomic_prodigal_proteins	654	300	67.30	13.85	45.87
GCA_002252665.1_ASM225266v1_genomic_prodigal_proteins	2771	GCA_009845825.1_ASM984582v1_genomic_prodigal_proteins	2168	1040	62.59	12.09	47.97
GCA_002252665.1_ASM225266v1_genomic_prodigal_proteins	2771	GCA_000515235.1_ASM51523v1_genomic_prodigal_proteins	2873	1621	66.89	13.72	58.50
GCA_002252665.1_ASM225266v1_genomic_prodigal_proteins	2771	GCA_003523965.1_ASM352396v1_genomic_prodigal_proteins	1735	791	63.21	12.63	45.59
GCA_002252665.1_ASM225266v1_genomic_prodigal_proteins	2771	GCA_002684175.1_ASM268417v1_genomic_prodigal_proteins	1819	953	64.79	13.45	52.39
GCA_002252665.1_ASM225266v1_genomic_prodigal_proteins	2771	GCA_011523295.1_ASM1152329v1_genomic_prodigal_proteins	2851	1248	65.51	13.68	45.04
GCA_002252665.1_ASM225266v1_genomic_prodigal_proteins	2771	GCA_003211015.1_ASM321101v1_genomic_prodigal_proteins	2128	1187	66.70	13.45	55.78
GCA_002252665.1_ASM225266v1_genomic_prodigal_proteins	2771	GCA_002006815.1_ASM200681v1_genomic_prodigal_proteins	1973	1480	67.29	13.71	75.01
GCA_000012505.1_ASM1250v1_genomic_prodigal_proteins	2461	GCA_000153825.1_ASM15382v1_genomic_prodigal_proteins	2811	1826	71.23	13.61	74.20
GCA_000012505.1_ASM1250v1_genomic_prodigal_proteins	2461	GCA_002760475.1_ASM276047v1_genomic_prodigal_proteins	2647	891	52.90	11.95	36.20
GCA_000012505.1_ASM1250v1_genomic_prodigal_proteins	2461	GCA_003210565.1_ASM321056v1_genomic_prodigal_proteins	836	477	69.65	15.17	57.06
GCA_000012505.1_ASM1250v1_genomic_prodigal_proteins	2461	GCA_902618505.1_AG-892-K03_genomic_prodigal_proteins	959	447	75.67	14.14	46.61
GCA_000012505.1_ASM1250v1_genomic_prodigal_proteins	2461	GCA_005577135.1_ASM557713v1_genomic_prodigal_proteins	3356	1061	53.30	12.76	43.11
GCA_000012505.1_ASM1250v1_genomic_prodigal_proteins	2461	GCA_003846445.1_ASM384644v1_genomic_prodigal_proteins	2740	1143	55.72	12.97	46.44
GCA_000012505.1_ASM1250v1_genomic_prodigal_proteins	2461	GCA_000505665.1_ASM50566v1_genomic_prodigal_proteins	2466	991	53.72	12.53	40.27
GCA_000012505.1_ASM1250v1_genomic_prodigal_proteins	2461	GCA_902616255.1_AG-919-I18_genomic_prodigal_proteins	1046	626	73.86	13.63	59.85
GCA_000012505.1_ASM1250v1_genomic_prodigal_proteins	2461	GCA_001182765.1_WH8103.1_genomic_prodigal_proteins	2676	1914	76.43	13.03	77.77
GCA_000012505.1_ASM1250v1_genomic_prodigal_proteins	2461	GCA_002760375.1_ASM276037v1_genomic_prodigal_proteins	2702	896	52.84	11.96	36.41
GCA_000012505.1_ASM1250v1_genomic_prodigal_proteins	2461	GCA_902592305.1_AG-914-O22_genomic_prodigal_proteins	179	103	76.18	14.27	57.54
GCA_000012505.1_ASM1250v1_genomic_prodigal_proteins	2461	GCA_001632165.1_ASM163216v1_genomic_prodigal_proteins	2830	1810	70.15	13.79	73.55
GCA_000012505.1_ASM1250v1_genomic_prodigal_proteins	2461	GCA_004332405.1_ASM433240v1_genomic_prodigal_proteins	2437	1726	71.20	13.65	70.82
GCA_000012505.1_ASM1250v1_genomic_prodigal_proteins	2461	GCA_900473975.1_N26_genomic_prodigal_proteins	2454	1882	77.51	12.80	76.69
GCA_000012505.1_ASM1250v1_genomic_prodigal_proteins	2461	GCA_902612475.1_AG-918-G20_genomic_prodigal_proteins	502	255	74.05	14.18	50.80
GCA_000012505.1_ASM1250v1_genomic_prodigal_proteins	2461	GCA_000775285.1_ASM77528v1_genomic_prodigal_proteins	4812	942	53.61	12.85	38.28
GCA_000012505.1_ASM1250v1_genomic_prodigal_proteins	2461	GCA_002698505.1_ASM269850v1_genomic_prodigal_proteins	2471	1665	70.38	13.51	67.66
GCA_000012505.1_ASM1250v1_genomic_prodigal_proteins	2461	GCA_002252665.1_ASM225266v1_genomic_prodigal_proteins	2771	1588	66.86	13.69	64.53
GCA_000012505.1_ASM1250v1_genomic_prodigal_proteins	2461	GCA_003555505.1_ASM355550v1_genomic_prodigal_proteins	3351	741	54.23	13.01	30.11
GCA_000012505.1_ASM1250v1_genomic_prodigal_proteins	2461	GCA_900474015.1_UW106_genomic_prodigal_proteins	2762	1981	77.03	12.75	80.50
GCA_000012505.1_ASM1250v1_genomic_prodigal_proteins	2461	GCA_000715475.1_ASM71547v1_genomic_prodigal_proteins	3299	1042	53.34	12.71	42.34
GCA_000012505.1_ASM1250v1_genomic_prodigal_proteins	2461	GCA_001628295.1_ASM162829v1_genomic_prodigal_proteins	2145	1715	78.11	12.21	79.95
GCA_000012505.1_ASM1250v1_genomic_prodigal_proteins	2461	GCA_003208775.1_ASM320877v1_genomic_prodigal_proteins	1808	1130	70.09	14.00	62.50
GCA_000012505.1_ASM1250v1_genomic_prodigal_proteins	2461	GCA_003210975.1_ASM321097v1_genomic_prodigal_proteins	627	447	76.12	13.44	71.29
GCA_000012505.1_ASM1250v1_genomic_prodigal_proteins	2461	GCA_003208915.1_ASM320891v1_genomic_prodigal_proteins	1208	699	74.49	13.25	57.86
GCA_000012505.1_ASM1250v1_genomic_prodigal_proteins	2461	GCA_009837735.1_ASM983773v1_genomic_prodigal_proteins	2041	932	61.02	12.81	45.66
GCA_000012505.1_ASM1250v1_genomic_prodigal_proteins	2461	GCA_902548805.1_AG-901-N20_genomic_prodigal_proteins	158	77	72.24	17.07	48.73
GCA_000012505.1_ASM1250v1_genomic_prodigal_proteins	2461	GCA_003211235.1_ASM321123v1_genomic_prodigal_proteins	1698	995	75.12	13.28	58.60
GCA_000012505.1_ASM1250v1_genomic_prodigal_proteins	2461	GCA_004209775.1_ASM420977v1_genomic_prodigal_proteins	2798	1738	71.11	13.36	70.62
GCA_000012505.1_ASM1250v1_genomic_prodigal_proteins	2461	GCA_003283215.1_ASM328321v1_genomic_prodigal_proteins	239	51	71.48	15.43	21.34
GCA_000012505.1_ASM1250v1_genomic_prodigal_proteins	2461	GCA_003209555.1_ASM320955v1_genomic_prodigal_proteins	908	416	65.73	14.90	45.81
GCA_000012505.1_ASM1250v1_genomic_prodigal_proteins	2461	GCA_000153805.1_ASM15380v1_genomic_prodigal_proteins	2517	2152	92.87	7.54	87.44
GCA_000012505.1_ASM1250v1_genomic_prodigal_proteins	2461	GCA_003283205.1_ASM328320v1_genomic_prodigal_proteins	274	79	67.81	15.80	28.83
GCA_000012505.1_ASM1250v1_genomic_prodigal_proteins	2461	GCA_900473925.1_N5_genomic_prodigal_proteins	2417	1848	77.72	12.39	76.46
GCA_000012505.1_ASM1250v1_genomic_prodigal_proteins	2461	GCA_902592665.1_AG-447-E14_genomic_prodigal_proteins	1111	689	90.55	8.95	62.02
GCA_000012505.1_ASM1250v1_genomic_prodigal_proteins	2461	GCA_011523155.1_ASM1152315v1_genomic_prodigal_proteins	2101	1244	69.13	12.89	59.21
GCA_000012505.1_ASM1250v1_genomic_prodigal_proteins	2461	GCA_003211275.1_ASM321127v1_genomic_prodigal_proteins	2168	1243	69.22	13.97	57.33
GCA_000012505.1_ASM1250v1_genomic_prodigal_proteins	2461	GCA_003957805.1_ASM395780v1_genomic_prodigal_proteins	2887	1179	55.69	13.04	47.91
GCA_000012505.1_ASM1250v1_genomic_prodigal_proteins	2461	GCA_012270465.1_ASM1227046v1_genomic_prodigal_proteins	2311	1313	64.61	13.67	56.82
GCA_000012505.1_ASM1250v1_genomic_prodigal_proteins	2461	GCA_001693255.1_ASM169325v1_genomic_prodigal_proteins	3177	1065	53.25	12.79	43.28
GCA_000012505.1_ASM1250v1_genomic_prodigal_proteins	2461	GCA_003210385.1_ASM321038v1_genomic_prodigal_proteins	286	209	70.55	14.03	73.08
GCA_000012505.1_ASM1250v1_genomic_prodigal_proteins	2461	GCA_002170705.1_ASM217070v1_genomic_prodigal_proteins	1392	1011	75.32	12.80	72.63
GCA_000012505.1_ASM1250v1_genomic_prodigal_proteins	2461	GCA_002356215.1_ASM235621v1_genomic_prodigal_proteins	2953	1049	53.42	12.94	42.62
GCA_000012505.1_ASM1250v1_genomic_prodigal_proteins	2461	GCA_003210935.1_ASM321093v1_genomic_prodigal_proteins	1868	1195	70.46	13.91	63.97
GCA_000012505.1_ASM1250v1_genomic_prodigal_proteins	2461	GCA_003210535.1_ASM321053v1_genomic_prodigal_proteins	1257	827	89.43	8.62	65.79
GCA_000012505.1_ASM1250v1_genomic_prodigal_proteins	2461	GCA_002724845.1_ASM272484v1_genomic_prodigal_proteins	1589	1292	77.58	11.69	81.31
GCA_000012505.1_ASM1250v1_genomic_prodigal_proteins	2461	GCA_000153285.1_ASM15328v1_genomic_prodigal_proteins	2746	1830	70.21	13.93	74.36
GCA_000012505.1_ASM1250v1_genomic_prodigal_proteins	2461	GCA_003211035.1_ASM321103v1_genomic_prodigal_proteins	530	341	74.49	13.38	64.34
GCA_000012505.1_ASM1250v1_genomic_prodigal_proteins	2461	GCA_001521855.1_ASM152185v1_genomic_prodigal_proteins	3144	1062	53.34	12.75	43.15
GCA_000012505.1_ASM1250v1_genomic_prodigal_proteins	2461	GCA_009835965.1_ASM983596v1_genomic_prodigal_proteins	2105	1172	60.78	12.77	55.68
GCA_000012505.1_ASM1250v1_genomic_prodigal_proteins	2461	GCA_012269695.1_ASM1226969v1_genomic_prodigal_proteins	2043	1117	64.94	13.73	54.67
GCA_000012505.1_ASM1250v1_genomic_prodigal_proteins	2461	GCA_000737535.1_ASM73753v1_genomic_prodigal_proteins	3013	1930	74.29	13.27	78.42
GCA_000012505.1_ASM1250v1_genomic_prodigal_proteins	2461	GCA_000586015.1_SynSpo.0_genomic_prodigal_proteins	1907	907	61.67	13.24	47.56
GCA_000012505.1_ASM1250v1_genomic_prodigal_proteins	2461	GCA_002760345.1_ASM276034v1_genomic_prodigal_proteins	2731	907	52.89	11.90	36.85
GCA_000012505.1_ASM1250v1_genomic_prodigal_proteins	2461	GCA_000013225.1_ASM1322v1_genomic_prodigal_proteins	2844	919	52.67	12.10	37.34
GCA_000012505.1_ASM1250v1_genomic_prodigal_proteins	2461	GCA_000332275.1_ASM33227v1_genomic_prodigal_proteins	4564	1020	52.08	12.21	41.45
GCA_000012505.1_ASM1250v1_genomic_prodigal_proteins	2461	GCA_002252675.1_ASM225267v1_genomic_prodigal_proteins	3295	1557	66.29	13.71	63.27
GCA_000012505.1_ASM1250v1_genomic_prodigal_proteins	2461	GCA_000737575.1_ASM73757v1_genomic_prodigal_proteins	2662	1935	75.74	12.97	78.63
GCA_000012505.1_ASM1250v1_genomic_prodigal_proteins	2461	GCA_902596755.1_AG-916-D19_genomic_prodigal_proteins	1152	685	75.25	13.53	59.46
GCA_000012505.1_ASM1250v1_genomic_prodigal_proteins	2461	GCA_003211455.1_ASM321145v1_genomic_prodigal_proteins	1186	688	75.27	13.68	58.01
GCA_000012505.1_ASM1250v1_genomic_prodigal_proteins	2461	GCA_003208755.1_ASM320875v1_genomic_prodigal_proteins	690	523	92.35	7.13	75.80
GCA_000012505.1_ASM1250v1_genomic_prodigal_proteins	2461	GCA_007571215.1_ASM757121v1_genomic_prodigal_proteins	1879	1150	60.37	12.91	61.20
GCA_000012505.1_ASM1250v1_genomic_prodigal_proteins	2461	GCA_001007635.1_ASM100763v1_genomic_prodigal_proteins	2333	1069	60.83	12.71	45.82
GCA_000012505.1_ASM1250v1_genomic_prodigal_proteins	2461	GCA_000179255.1_ASM17925v1_genomic_prodigal_proteins	2729	1633	66.51	13.82	66.36
GCA_000012505.1_ASM1250v1_genomic_prodigal_proteins	2461	GCA_003208975.1_ASM320897v1_genomic_prodigal_proteins	1804	1027	74.52	13.40	56.93
GCA_000012505.1_ASM1250v1_genomic_prodigal_proteins	2461	GCA_012103655.1_ASM1210365v1_genomic_prodigal_proteins	2723	1821	70.26	13.76	73.99
GCA_000012505.1_ASM1250v1_genomic_prodigal_proteins	2461	GCA_902582045.1_AG-912-B07_genomic_prodigal_proteins	196	82	72.01	15.14	41.84
GCA_000012505.1_ASM1250v1_genomic_prodigal_proteins	2461	GCA_000153045.1_ASM15304v1_genomic_prodigal_proteins	3242	1630	67.30	14.66	66.23
GCA_000012505.1_ASM1250v1_genomic_prodigal_proteins	2461	GCA_902549675.1_AG-903-B09_genomic_prodigal_proteins	836	474	76.30	13.90	56.70
GCA_000012505.1_ASM1250v1_genomic_prodigal_proteins	2461	GCA_002018045.1_ASM201804v1_genomic_prodigal_proteins	1559	916	61.41	12.64	58.76
GCA_000012505.1_ASM1250v1_genomic_prodigal_proteins	2461	GCA_004213055.1_ASM421305v1_genomic_prodigal_proteins	2241	1572	70.88	13.54	70.15
GCA_000012505.1_ASM1250v1_genomic_prodigal_proteins	2461	GCA_007571085.1_ASM757108v1_genomic_prodigal_proteins	1784	1125	60.38	12.95	63.06
GCA_000012505.1_ASM1250v1_genomic_prodigal_proteins	2461	GCA_009839805.1_ASM983980v1_genomic_prodigal_proteins	1848	778	58.94	12.09	42.10
GCA_000012505.1_ASM1250v1_genomic_prodigal_proteins	2461	GCA_003210375.1_ASM321037v1_genomic_prodigal_proteins	2155	1558	89.88	8.28	72.30
GCA_000012505.1_ASM1250v1_genomic_prodigal_proteins	2461	GCA_004332415.1_ASM433241v1_genomic_prodigal_proteins	2408	1772	70.86	13.64	73.59
GCA_000012505.1_ASM1250v1_genomic_prodigal_proteins	2461	GCA_009836025.1_ASM983602v1_genomic_prodigal_proteins	2290	1160	60.86	12.67	50.66
GCA_000012505.1_ASM1250v1_genomic_prodigal_proteins	2461	GCA_009843455.1_ASM984345v1_genomic_prodigal_proteins	2423	1139	60.59	12.67	47.01
GCA_000012505.1_ASM1250v1_genomic_prodigal_proteins	2461	GCA_009843485.1_ASM984348v1_genomic_prodigal_proteins	2158	1168	60.78	12.83	54.12
GCA_000012505.1_ASM1250v1_genomic_prodigal_proteins	2461	GCA_003283135.1_ASM328313v1_genomic_prodigal_proteins	459	156	67.72	15.09	33.99
GCA_000012505.1_ASM1250v1_genomic_prodigal_proteins	2461	GCA_902635485.1_AG-447-G23_genomic_prodigal_proteins	327	153	72.37	14.58	46.79
GCA_000012505.1_ASM1250v1_genomic_prodigal_proteins	2461	GCA_002760415.1_ASM276041v1_genomic_prodigal_proteins	2670	897	52.82	11.94	36.45
GCA_000012505.1_ASM1250v1_genomic_prodigal_proteins	2461	GCA_002754935.1_ASM275493v1_genomic_prodigal_proteins	2664	975	53.43	12.63	39.62
GCA_000012505.1_ASM1250v1_genomic_prodigal_proteins	2461	GCA_002171685.2_ASM217168v2_genomic_prodigal_proteins	811	651	71.14	13.06	80.27
GCA_000012505.1_ASM1250v1_genomic_prodigal_proteins	2461	GCA_000737595.1_ASM73759v1_genomic_prodigal_proteins	2774	1942	77.06	12.57	78.91
GCA_000012505.1_ASM1250v1_genomic_prodigal_proteins	2461	GCA_003331785.1_ASM333178v1_genomic_prodigal_proteins	2125	1668	70.54	13.67	78.49
GCA_000012505.1_ASM1250v1_genomic_prodigal_proteins	2461	GCA_009842265.1_ASM984226v1_genomic_prodigal_proteins	2398	1152	60.84	12.67	48.04
GCA_000012505.1_ASM1250v1_genomic_prodigal_proteins	2461	GCA_902579345.1_AG-911-L15_genomic_prodigal_proteins	248	113	71.36	16.00	45.56
GCA_000012505.1_ASM1250v1_genomic_prodigal_proteins	2461	GCA_000011345.1_ASM1134v1_genomic_prodigal_proteins	2520	1017	53.65	12.56	41.32
GCA_000012505.1_ASM1250v1_genomic_prodigal_proteins	2461	GCA_003210705.1_ASM321070v1_genomic_prodigal_proteins	2244	1346	69.55	14.17	59.98
GCA_000012505.1_ASM1250v1_genomic_prodigal_proteins	2461	GCA_000019485.1_ASM1948v1_genomic_prodigal_proteins	3233	1058	53.32	12.82	42.99
GCA_000012505.1_ASM1250v1_genomic_prodigal_proteins	2461	GCA_003283055.1_ASM328305v1_genomic_prodigal_proteins	482	96	70.72	15.44	19.92
GCA_000012505.1_ASM1250v1_genomic_prodigal_proteins	2461	GCA_000010065.1_ASM1006v1_genomic_prodigal_proteins	2691	1168	55.67	13.01	47.46
GCA_000012505.1_ASM1250v1_genomic_prodigal_proteins	2461	GCA_000316685.1_ASM31668v1_genomic_prodigal_proteins	3706	1029	53.34	12.65	41.81
GCA_000012505.1_ASM1250v1_genomic_prodigal_proteins	2461	GCA_000063525.1_ASM6352v1_genomic_prodigal_proteins	2540	1622	65.80	14.15	65.91
GCA_000012505.1_ASM1250v1_genomic_prodigal_proteins	2461	GCA_003283165.1_ASM328316v1_genomic_prodigal_proteins	217	79	71.98	15.42	36.41
GCA_000012505.1_ASM1250v1_genomic_prodigal_proteins	2461	GCA_902540675.1_AG-359-E22_genomic_prodigal_proteins	584	320	75.33	14.18	54.79
GCA_000012505.1_ASM1250v1_genomic_prodigal_proteins	2461	GCA_011055065.1_ASM1105506v1_genomic_prodigal_proteins	2792	880	52.66	12.11	35.76
GCA_000012505.1_ASM1250v1_genomic_prodigal_proteins	2461	GCA_000013205.1_ASM1320v1_genomic_prodigal_proteins	2750	907	52.92	11.91	36.85
GCA_000012505.1_ASM1250v1_genomic_prodigal_proteins	2461	GCA_003539795.1_ASM353979v1_genomic_prodigal_proteins	2284	1463	74.72	12.62	64.05
GCA_000012505.1_ASM1250v1_genomic_prodigal_proteins	2461	GCA_002171995.1_ASM217199v1_genomic_prodigal_proteins	1978	1022	70.48	13.38	51.67
GCA_000012505.1_ASM1250v1_genomic_prodigal_proteins	2461	GCA_011523835.1_ASM1152383v1_genomic_prodigal_proteins	2468	1553	70.24	13.77	63.10
GCA_000012505.1_ASM1250v1_genomic_prodigal_proteins	2461	GCA_002172175.1_ASM217217v1_genomic_prodigal_proteins	1846	1038	64.14	13.77	56.23
GCA_000012505.1_ASM1250v1_genomic_prodigal_proteins	2461	GCA_003208835.1_ASM320883v1_genomic_prodigal_proteins	2208	1548	90.14	8.53	70.11
GCA_000012505.1_ASM1250v1_genomic_prodigal_proteins	2461	GCA_902589915.1_AG-914-F20_genomic_prodigal_proteins	373	160	75.78	15.04	42.90
GCA_000012505.1_ASM1250v1_genomic_prodigal_proteins	2461	GCA_000485815.1_ASM48581v1_genomic_prodigal_proteins	3083	1029	53.40	12.87	41.81
GCA_000012505.1_ASM1250v1_genomic_prodigal_proteins	2461	GCA_008807075.1_ASM880707v1_genomic_prodigal_proteins	2925	1601	65.85	13.52	65.05
GCA_000012505.1_ASM1250v1_genomic_prodigal_proteins	2461	GCA_000179235.2_ASM17923v2_genomic_prodigal_proteins	3071	1638	66.99	13.64	66.56
GCA_000012505.1_ASM1250v1_genomic_prodigal_proteins	2461	GCA_003210795.1_ASM321079v1_genomic_prodigal_proteins	2239	1451	74.81	13.24	64.81
GCA_000012505.1_ASM1250v1_genomic_prodigal_proteins	2461	GCA_002706715.1_ASM270671v1_genomic_prodigal_proteins	1148	912	75.92	12.66	79.44
GCA_000012505.1_ASM1250v1_genomic_prodigal_proteins	2461	GCA_003331245.1_ASM333124v1_genomic_prodigal_proteins	2021	1565	75.47	12.67	77.44
GCA_000012505.1_ASM1250v1_genomic_prodigal_proteins	2461	GCA_009843385.1_ASM984338v1_genomic_prodigal_proteins	2085	969	60.97	12.78	46.47
GCA_000012505.1_ASM1250v1_genomic_prodigal_proteins	2461	GCA_003211205.1_ASM321120v1_genomic_prodigal_proteins	2288	1437	70.04	13.86	62.81
GCA_000012505.1_ASM1250v1_genomic_prodigal_proteins	2461	GCA_000063505.1_ASM6350v1_genomic_prodigal_proteins	2558	1806	70.22	14.05	73.38
GCA_000012505.1_ASM1250v1_genomic_prodigal_proteins	2461	GCA_900474245.1_UW179B_genomic_prodigal_proteins	2743	1850	70.09	13.98	75.17
GCA_000012505.1_ASM1250v1_genomic_prodigal_proteins	2461	GCA_003210345.1_ASM321034v1_genomic_prodigal_proteins	1256	916	89.54	9.62	72.93
GCA_000012505.1_ASM1250v1_genomic_prodigal_proteins	2461	GCA_003210315.1_ASM321031v1_genomic_prodigal_proteins	1815	1130	69.50	14.00	62.26
GCA_000012505.1_ASM1250v1_genomic_prodigal_proteins	2461	GCA_009836155.1_ASM983615v1_genomic_prodigal_proteins	1947	1098	60.98	12.65	56.39
GCA_000012505.1_ASM1250v1_genomic_prodigal_proteins	2461	GCA_003990665.2_ASM399066v2_genomic_prodigal_proteins	2499	1018	53.66	12.56	41.37
GCA_000012505.1_ASM1250v1_genomic_prodigal_proteins	2461	GCA_003209135.1_ASM320913v1_genomic_prodigal_proteins	1719	1040	73.22	13.78	60.50
GCA_000012505.1_ASM1250v1_genomic_prodigal_proteins	2461	GCA_009845105.1_ASM984510v1_genomic_prodigal_proteins	1941	922	60.35	12.82	47.50
GCA_000012505.1_ASM1250v1_genomic_prodigal_proteins	2461	GCA_002690325.1_ASM269032v1_genomic_prodigal_proteins	2554	1807	73.93	13.35	73.43
GCA_000012505.1_ASM1250v1_genomic_prodigal_proteins	2461	GCA_000161795.2_ASM16179v2_genomic_prodigal_proteins	2407	1866	77.59	12.48	77.52
GCA_000012505.1_ASM1250v1_genomic_prodigal_proteins	2461	GCA_004211895.1_ASM421189v1_genomic_prodigal_proteins	954	763	78.12	12.09	79.98
GCA_000012505.1_ASM1250v1_genomic_prodigal_proteins	2461	GCA_003210735.1_ASM321073v1_genomic_prodigal_proteins	2337	1455	74.46	13.30	62.26
GCA_000012505.1_ASM1250v1_genomic_prodigal_proteins	2461	GCA_003209035.1_ASM320903v1_genomic_prodigal_proteins	1803	1077	74.52	13.30	59.73
GCA_000012505.1_ASM1250v1_genomic_prodigal_proteins	2461	GCA_003712085.1_ASM371208v1_genomic_prodigal_proteins	2745	1910	76.45	12.84	77.61
GCA_000012505.1_ASM1250v1_genomic_prodigal_proteins	2461	GCA_003212155.1_ASM321215v1_genomic_prodigal_proteins	262	110	64.64	16.80	41.98
GCA_000012505.1_ASM1250v1_genomic_prodigal_proteins	2461	GCA_001040845.1_ASM104084v1_genomic_prodigal_proteins	2917	1847	70.08	13.99	75.05
GCA_000012505.1_ASM1250v1_genomic_prodigal_proteins	2461	GCA_002018015.1_ASM201801v1_genomic_prodigal_proteins	1578	890	61.45	12.78	56.40
GCA_000012505.1_ASM1250v1_genomic_prodigal_proteins	2461	GCA_003211255.1_ASM321125v1_genomic_prodigal_proteins	1850	1080	74.54	13.12	58.38
GCA_000012505.1_ASM1250v1_genomic_prodigal_proteins	2461	GCA_002721235.1_ASM272123v1_genomic_prodigal_proteins	3119	1060	53.31	12.73	43.07
GCA_000012505.1_ASM1250v1_genomic_prodigal_proteins	2461	GCA_009839305.1_ASM983930v1_genomic_prodigal_proteins	1816	859	61.31	13.11	47.30
GCA_000012505.1_ASM1250v1_genomic_prodigal_proteins	2461	GCA_011365345.1_ASM1136534v1_genomic_prodigal_proteins	2655	2008	76.91	12.90	81.59
GCA_000012505.1_ASM1250v1_genomic_prodigal_proteins	2461	GCA_001039265.1_ASM103926v1_genomic_prodigal_proteins	2832	1092	67.95	13.74	44.37
GCA_000012505.1_ASM1250v1_genomic_prodigal_proteins	2461	GCA_001628325.1_ASM162832v1_genomic_prodigal_proteins	2129	1693	77.98	12.17	79.52
GCA_000012505.1_ASM1250v1_genomic_prodigal_proteins	2461	GCA_003209215.1_ASM320921v1_genomic_prodigal_proteins	1679	986	77.02	12.66	58.73
GCA_000012505.1_ASM1250v1_genomic_prodigal_proteins	2461	GCA_002737305.1_ASM273730v1_genomic_prodigal_proteins	1951	1211	66.60	13.79	62.07
GCA_000012505.1_ASM1250v1_genomic_prodigal_proteins	2461	GCA_003210515.1_ASM321051v1_genomic_prodigal_proteins	1673	1320	96.12	6.07	78.90
GCA_000012505.1_ASM1250v1_genomic_prodigal_proteins	2461	GCA_011525445.1_ASM1152544v1_genomic_prodigal_proteins	3208	1488	69.12	13.55	60.46
GCA_000012505.1_ASM1250v1_genomic_prodigal_proteins	2461	GCA_902599435.1_AG-916-N22_genomic_prodigal_proteins	793	489	76.37	13.65	61.66
GCA_000012505.1_ASM1250v1_genomic_prodigal_proteins	2461	GCA_003149585.1_ASM314958v1_genomic_prodigal_proteins	2600	1662	66.53	14.02	67.53
GCA_000012505.1_ASM1250v1_genomic_prodigal_proteins	2461	GCA_902560665.1_AG-905-O11_genomic_prodigal_proteins	401	216	75.40	13.92	53.87
GCA_000012505.1_ASM1250v1_genomic_prodigal_proteins	2461	GCA_003331795.1_ASM333179v1_genomic_prodigal_proteins	1948	1295	65.60	14.29	66.48
GCA_000012505.1_ASM1250v1_genomic_prodigal_proteins	2461	GCA_002017955.1_ASM201795v1_genomic_prodigal_proteins	512	257	60.95	12.69	50.20
GCA_000012505.1_ASM1250v1_genomic_prodigal_proteins	2461	GCA_902584485.1_AG-912-O23_genomic_prodigal_proteins	535	257	75.09	13.98	48.04
GCA_000012505.1_ASM1250v1_genomic_prodigal_proteins	2461	GCA_902527915.1_AG-896-G19_genomic_prodigal_proteins	1003	634	75.36	13.95	63.21
GCA_000012505.1_ASM1250v1_genomic_prodigal_proteins	2461	GCA_902635365.1_AG-447-D19_genomic_prodigal_proteins	1690	1105	91.60	8.15	65.38
GCA_000012505.1_ASM1250v1_genomic_prodigal_proteins	2461	GCA_900474085.1_UW86_genomic_prodigal_proteins	2403	1883	77.72	12.38	78.36
GCA_000012505.1_ASM1250v1_genomic_prodigal_proteins	2461	GCA_001885215.1_ASM188521v1_genomic_prodigal_proteins	2897	1579	65.66	13.42	64.16
GCA_000012505.1_ASM1250v1_genomic_prodigal_proteins	2461	GCA_902575935.1_AG-426-B22_genomic_prodigal_proteins	254	170	79.74	13.13	66.93
GCA_000012505.1_ASM1250v1_genomic_prodigal_proteins	2461	GCA_900474295.1_UW140_genomic_prodigal_proteins	2925	1840	70.53	13.61	74.77
GCA_000012505.1_ASM1250v1_genomic_prodigal_proteins	2461	GCA_003211565.1_ASM321156v1_genomic_prodigal_proteins	1489	894	76.19	13.03	60.04
GCA_000012505.1_ASM1250v1_genomic_prodigal_proteins	2461	GCA_003526105.1_ASM352610v1_genomic_prodigal_proteins	1581	989	78.70	12.21	62.56
GCA_000012505.1_ASM1250v1_genomic_prodigal_proteins	2461	GCA_002172935.1_ASM217293v1_genomic_prodigal_proteins	1996	1371	69.64	13.57	68.69
GCA_000012505.1_ASM1250v1_genomic_prodigal_proteins	2461	GCA_003210335.1_ASM321033v1_genomic_prodigal_proteins	942	385	67.31	14.32	40.87
GCA_000012505.1_ASM1250v1_genomic_prodigal_proteins	2461	GCA_009846115.1_ASM984611v1_genomic_prodigal_proteins	2048	1037	60.63	12.81	50.63
GCA_000012505.1_ASM1250v1_genomic_prodigal_proteins	2461	GCA_001693295.1_ASM169329v1_genomic_prodigal_proteins	3183	1060	53.30	12.74	43.07
GCA_000012505.1_ASM1250v1_genomic_prodigal_proteins	2461	GCA_900473965.1_UW179A_genomic_prodigal_proteins	3383	1834	70.11	13.81	74.52
GCA_000012505.1_ASM1250v1_genomic_prodigal_proteins	2461	GCA_003213755.1_ASM321375v1_genomic_prodigal_proteins	1050	570	65.64	14.23	54.29
GCA_000012505.1_ASM1250v1_genomic_prodigal_proteins	2461	GCA_003209155.1_ASM320915v1_genomic_prodigal_proteins	2305	1379	70.06	13.76	59.83
GCA_000012505.1_ASM1250v1_genomic_prodigal_proteins	2461	GCA_003211515.1_ASM321151v1_genomic_prodigal_proteins	2451	1293	73.53	13.55	52.75
GCA_000012505.1_ASM1250v1_genomic_prodigal_proteins	2461	GCA_002693285.1_ASM269328v1_genomic_prodigal_proteins	2440	1582	69.90	13.64	64.84
GCA_000012505.1_ASM1250v1_genomic_prodigal_proteins	2461	GCA_003210555.1_ASM321055v1_genomic_prodigal_proteins	1847	1041	69.56	13.66	56.36
GCA_000012505.1_ASM1250v1_genomic_prodigal_proteins	2461	GCA_000155595.1_ASM15559v1_genomic_prodigal_proteins	5270	1108	52.69	12.70	45.02
GCA_000012505.1_ASM1250v1_genomic_prodigal_proteins	2461	GCA_001007665.1_ASM100766v1_genomic_prodigal_proteins	2356	1192	60.40	12.80	50.59
GCA_000012505.1_ASM1250v1_genomic_prodigal_proteins	2461	GCA_009919765.1_ASM991976v1_genomic_prodigal_proteins	2524	1092	65.32	14.15	44.37
GCA_000012505.1_ASM1250v1_genomic_prodigal_proteins	2461	GCA_003331225.1_ASM333122v1_genomic_prodigal_proteins	2113	1405	65.20	14.06	66.49
GCA_000012505.1_ASM1250v1_genomic_prodigal_proteins	2461	GCA_900177825.1_IMG-taxon_2708742468_annotated_assembly_genomic_prodigal_proteins	3317	1043	53.37	12.83	42.38
GCA_000012505.1_ASM1250v1_genomic_prodigal_proteins	2461	GCA_000195975.1_ASM19597v1_genomic_prodigal_proteins	2719	1911	76.46	12.99	77.65
GCA_000012505.1_ASM1250v1_genomic_prodigal_proteins	2461	GCA_902618885.1_AG-920-D15_genomic_prodigal_proteins	1178	748	76.18	13.88	63.50
GCA_000012505.1_ASM1250v1_genomic_prodigal_proteins	2461	GCA_003209165.1_ASM320916v1_genomic_prodigal_proteins	2711	1655	76.88	12.63	67.25
GCA_000012505.1_ASM1250v1_genomic_prodigal_proteins	2461	GCA_001007625.1_ASM100762v1_genomic_prodigal_proteins	2478	1045	60.80	12.92	42.46
GCA_000012505.1_ASM1250v1_genomic_prodigal_proteins	2461	GCA_008386235.1_ASM838623v1_genomic_prodigal_proteins	2571	1021	53.45	12.63	41.49
GCA_000012505.1_ASM1250v1_genomic_prodigal_proteins	2461	GCA_001631935.1_ASM163193v1_genomic_prodigal_proteins	3526	1844	70.03	14.02	74.93
GCA_000012505.1_ASM1250v1_genomic_prodigal_proteins	2461	GCA_002151525.1_ASM215152v1_genomic_prodigal_proteins	1628	1073	63.94	13.90	65.91
GCA_000012505.1_ASM1250v1_genomic_prodigal_proteins	2461	GCA_000153065.1_ASM15306v1_genomic_prodigal_proteins	2704	1722	71.16	13.34	69.97
GCA_000012505.1_ASM1250v1_genomic_prodigal_proteins	2461	GCA_009837265.1_ASM983726v1_genomic_prodigal_proteins	2126	1095	60.77	12.77	51.51
GCA_000012505.1_ASM1250v1_genomic_prodigal_proteins	2461	GCA_902533725.1_AG-898-C20_genomic_prodigal_proteins	421	173	74.90	14.64	41.09
GCA_000012505.1_ASM1250v1_genomic_prodigal_proteins	2461	GCA_002171075.2_ASM217107v2_genomic_prodigal_proteins	1919	1207	63.33	13.79	62.90
GCA_000012505.1_ASM1250v1_genomic_prodigal_proteins	2461	GCA_002760395.1_ASM276039v1_genomic_prodigal_proteins	2661	887	52.85	11.96	36.04
GCA_000012505.1_ASM1250v1_genomic_prodigal_proteins	2461	GCA_003209005.1_ASM320900v1_genomic_prodigal_proteins	2548	1533	69.77	13.96	62.29
GCA_000012505.1_ASM1250v1_genomic_prodigal_proteins	2461	GCA_002017915.1_ASM201791v1_genomic_prodigal_proteins	623	325	63.03	13.28	52.17
GCA_000012505.1_ASM1250v1_genomic_prodigal_proteins	2461	GCA_900047545.1_m9_genomic_prodigal_proteins	1575	911	60.59	12.71	57.84
GCA_000012505.1_ASM1250v1_genomic_prodigal_proteins	2461	GCA_001632105.1_ASM163210v1_genomic_prodigal_proteins	3521	1850	70.00	14.01	75.17
GCA_000012505.1_ASM1250v1_genomic_prodigal_proteins	2461	GCA_004212765.1_ASM421276v1_genomic_prodigal_proteins	1162	895	76.52	12.68	77.02
GCA_000012505.1_ASM1250v1_genomic_prodigal_proteins	2461	GCA_002685515.1_ASM268551v1_genomic_prodigal_proteins	1286	930	69.11	13.55	72.32
GCA_000012505.1_ASM1250v1_genomic_prodigal_proteins	2461	GCA_007828135.1_ASM782813v1_genomic_prodigal_proteins	2917	1582	65.71	13.47	64.28
GCA_000012505.1_ASM1250v1_genomic_prodigal_proteins	2461	GCA_011047875.1_ASM1104787v1_genomic_prodigal_proteins	2810	906	52.72	12.08	36.81
GCA_000012505.1_ASM1250v1_genomic_prodigal_proteins	2461	GCA_009840445.1_ASM984044v1_genomic_prodigal_proteins	2167	1206	60.68	12.83	55.65
GCA_000012505.1_ASM1250v1_genomic_prodigal_proteins	2461	GCA_003210995.1_ASM321099v1_genomic_prodigal_proteins	2385	1359	69.84	14.18	56.98
GCA_000012505.1_ASM1250v1_genomic_prodigal_proteins	2461	GCA_902616995.1_AG-919-L20_genomic_prodigal_proteins	654	382	75.36	13.81	58.41
GCA_000012505.1_ASM1250v1_genomic_prodigal_proteins	2461	GCA_009845825.1_ASM984582v1_genomic_prodigal_proteins	2168	1018	61.05	12.68	46.96
GCA_000012505.1_ASM1250v1_genomic_prodigal_proteins	2461	GCA_000515235.1_ASM51523v1_genomic_prodigal_proteins	2873	1918	74.49	13.07	77.94
GCA_000012505.1_ASM1250v1_genomic_prodigal_proteins	2461	GCA_003523965.1_ASM352396v1_genomic_prodigal_proteins	1735	763	62.16	12.93	43.98
GCA_000012505.1_ASM1250v1_genomic_prodigal_proteins	2461	GCA_002684175.1_ASM268417v1_genomic_prodigal_proteins	1819	1160	74.12	12.13	63.77
GCA_000012505.1_ASM1250v1_genomic_prodigal_proteins	2461	GCA_011523295.1_ASM1152329v1_genomic_prodigal_proteins	2851	1489	73.50	13.01	60.50
GCA_000012505.1_ASM1250v1_genomic_prodigal_proteins	2461	GCA_003211015.1_ASM321101v1_genomic_prodigal_proteins	2128	1329	70.10	13.73	62.45
GCA_000012505.1_ASM1250v1_genomic_prodigal_proteins	2461	GCA_002006815.1_ASM200681v1_genomic_prodigal_proteins	1973	1339	64.20	13.77	67.87
GCA_003208775.1_ASM320877v1_genomic_prodigal_proteins	1808	GCA_003210975.1_ASM321097v1_genomic_prodigal_proteins	627	282	68.18	14.97	44.98
GCA_003208775.1_ASM320877v1_genomic_prodigal_proteins	1808	GCA_003208915.1_ASM320891v1_genomic_prodigal_proteins	1208	406	67.87	14.70	33.61
GCA_003208775.1_ASM320877v1_genomic_prodigal_proteins	1808	GCA_009837735.1_ASM983773v1_genomic_prodigal_proteins	2041	556	61.31	13.28	30.75
GCA_003208775.1_ASM320877v1_genomic_prodigal_proteins	1808	GCA_902548805.1_AG-901-N20_genomic_prodigal_proteins	158	55	67.94	16.95	34.81
GCA_003208775.1_ASM320877v1_genomic_prodigal_proteins	1808	GCA_003211235.1_ASM321123v1_genomic_prodigal_proteins	1698	552	68.87	13.96	32.51
GCA_003208775.1_ASM320877v1_genomic_prodigal_proteins	1808	GCA_004209775.1_ASM420977v1_genomic_prodigal_proteins	2798	1102	73.49	12.90	60.95
GCA_003208775.1_ASM320877v1_genomic_prodigal_proteins	1808	GCA_003283215.1_ASM328321v1_genomic_prodigal_proteins	239	39	70.40	17.78	16.32
GCA_003208775.1_ASM320877v1_genomic_prodigal_proteins	1808	GCA_003209555.1_ASM320955v1_genomic_prodigal_proteins	908	326	63.12	15.48	35.90
GCA_003208775.1_ASM320877v1_genomic_prodigal_proteins	1808	GCA_000153805.1_ASM15380v1_genomic_prodigal_proteins	2517	1140	69.78	13.97	63.05
GCA_003208775.1_ASM320877v1_genomic_prodigal_proteins	1808	GCA_003283205.1_ASM328320v1_genomic_prodigal_proteins	274	60	73.78	15.98	21.90
GCA_003208775.1_ASM320877v1_genomic_prodigal_proteins	1808	GCA_900473925.1_N5_genomic_prodigal_proteins	2417	1068	70.33	13.71	59.07
GCA_003208775.1_ASM320877v1_genomic_prodigal_proteins	1808	GCA_902592665.1_AG-447-E14_genomic_prodigal_proteins	1111	367	67.30	14.91	33.03
GCA_003208775.1_ASM320877v1_genomic_prodigal_proteins	1808	GCA_011523155.1_ASM1152315v1_genomic_prodigal_proteins	2101	791	70.21	12.98	43.75
GCA_003208775.1_ASM320877v1_genomic_prodigal_proteins	1808	GCA_003211275.1_ASM321127v1_genomic_prodigal_proteins	2168	852	71.56	13.72	47.12
GCA_003208775.1_ASM320877v1_genomic_prodigal_proteins	1808	GCA_003957805.1_ASM395780v1_genomic_prodigal_proteins	2887	686	55.53	13.12	37.94
GCA_003208775.1_ASM320877v1_genomic_prodigal_proteins	1808	GCA_012270465.1_ASM1227046v1_genomic_prodigal_proteins	2311	831	64.00	13.99	45.96
GCA_003208775.1_ASM320877v1_genomic_prodigal_proteins	1808	GCA_001693255.1_ASM169325v1_genomic_prodigal_proteins	3177	625	53.31	12.92	34.57
GCA_003208775.1_ASM320877v1_genomic_prodigal_proteins	1808	GCA_003210385.1_ASM321038v1_genomic_prodigal_proteins	286	176	91.69	9.49	61.54
GCA_003208775.1_ASM320877v1_genomic_prodigal_proteins	1808	GCA_002170705.1_ASM217070v1_genomic_prodigal_proteins	1392	659	69.38	13.57	47.34
GCA_003208775.1_ASM320877v1_genomic_prodigal_proteins	1808	GCA_002356215.1_ASM235621v1_genomic_prodigal_proteins	2953	627	53.15	13.02	34.68
GCA_003208775.1_ASM320877v1_genomic_prodigal_proteins	1808	GCA_003210935.1_ASM321093v1_genomic_prodigal_proteins	1868	722	73.01	13.40	39.93
GCA_003208775.1_ASM320877v1_genomic_prodigal_proteins	1808	GCA_003210535.1_ASM321053v1_genomic_prodigal_proteins	1257	468	68.92	13.90	37.23
GCA_003208775.1_ASM320877v1_genomic_prodigal_proteins	1808	GCA_002724845.1_ASM272484v1_genomic_prodigal_proteins	1589	717	70.01	13.30	45.12
GCA_003208775.1_ASM320877v1_genomic_prodigal_proteins	1808	GCA_000153285.1_ASM15328v1_genomic_prodigal_proteins	2746	1177	73.33	13.40	65.10
GCA_003208775.1_ASM320877v1_genomic_prodigal_proteins	1808	GCA_003211035.1_ASM321103v1_genomic_prodigal_proteins	530	185	65.96	13.17	34.91
GCA_003208775.1_ASM320877v1_genomic_prodigal_proteins	1808	GCA_001521855.1_ASM152185v1_genomic_prodigal_proteins	3144	630	53.22	12.96	34.85
GCA_003208775.1_ASM320877v1_genomic_prodigal_proteins	1808	GCA_009835965.1_ASM983596v1_genomic_prodigal_proteins	2105	685	60.87	13.31	37.89
GCA_003208775.1_ASM320877v1_genomic_prodigal_proteins	1808	GCA_012269695.1_ASM1226969v1_genomic_prodigal_proteins	2043	694	64.31	13.70	38.38
GCA_003208775.1_ASM320877v1_genomic_prodigal_proteins	1808	GCA_000737535.1_ASM73753v1_genomic_prodigal_proteins	3013	1131	69.00	14.09	62.56
GCA_003208775.1_ASM320877v1_genomic_prodigal_proteins	1808	GCA_000586015.1_SynSpo.0_genomic_prodigal_proteins	1907	539	61.66	13.71	29.81
GCA_003208775.1_ASM320877v1_genomic_prodigal_proteins	1808	GCA_002760345.1_ASM276034v1_genomic_prodigal_proteins	2731	553	52.78	12.28	30.59
GCA_003208775.1_ASM320877v1_genomic_prodigal_proteins	1808	GCA_000013225.1_ASM1322v1_genomic_prodigal_proteins	2844	551	52.63	12.49	30.48
GCA_003208775.1_ASM320877v1_genomic_prodigal_proteins	1808	GCA_000332275.1_ASM33227v1_genomic_prodigal_proteins	4564	615	51.59	12.67	34.02
GCA_003208775.1_ASM320877v1_genomic_prodigal_proteins	1808	GCA_002252675.1_ASM225267v1_genomic_prodigal_proteins	3295	966	65.99	13.94	53.43
GCA_003208775.1_ASM320877v1_genomic_prodigal_proteins	1808	GCA_000737575.1_ASM73757v1_genomic_prodigal_proteins	2662	1134	70.16	13.81	62.72
GCA_003208775.1_ASM320877v1_genomic_prodigal_proteins	1808	GCA_902596755.1_AG-916-D19_genomic_prodigal_proteins	1152	388	68.44	14.96	33.68
GCA_003208775.1_ASM320877v1_genomic_prodigal_proteins	1808	GCA_003211455.1_ASM321145v1_genomic_prodigal_proteins	1186	424	67.92	14.39	35.75
GCA_003208775.1_ASM320877v1_genomic_prodigal_proteins	1808	GCA_003208755.1_ASM320875v1_genomic_prodigal_proteins	690	325	69.36	14.91	47.10
GCA_003208775.1_ASM320877v1_genomic_prodigal_proteins	1808	GCA_007571215.1_ASM757121v1_genomic_prodigal_proteins	1879	678	60.33	13.35	37.50
GCA_003208775.1_ASM320877v1_genomic_prodigal_proteins	1808	GCA_001007635.1_ASM100763v1_genomic_prodigal_proteins	2333	622	60.98	13.36	34.40
GCA_003208775.1_ASM320877v1_genomic_prodigal_proteins	1808	GCA_000179255.1_ASM17925v1_genomic_prodigal_proteins	2729	1000	66.49	13.93	55.31
GCA_003208775.1_ASM320877v1_genomic_prodigal_proteins	1808	GCA_003208975.1_ASM320897v1_genomic_prodigal_proteins	1804	613	68.41	13.98	33.98
GCA_003208775.1_ASM320877v1_genomic_prodigal_proteins	1808	GCA_012103655.1_ASM1210365v1_genomic_prodigal_proteins	2723	1330	89.74	10.42	73.56
GCA_003208775.1_ASM320877v1_genomic_prodigal_proteins	1808	GCA_902582045.1_AG-912-B07_genomic_prodigal_proteins	196	64	68.21	16.04	32.65
GCA_003208775.1_ASM320877v1_genomic_prodigal_proteins	1808	GCA_000153045.1_ASM15304v1_genomic_prodigal_proteins	3242	1016	65.91	13.91	56.19
GCA_003208775.1_ASM320877v1_genomic_prodigal_proteins	1808	GCA_902549675.1_AG-903-B09_genomic_prodigal_proteins	836	284	70.15	15.15	33.97
GCA_003208775.1_ASM320877v1_genomic_prodigal_proteins	1808	GCA_002018045.1_ASM201804v1_genomic_prodigal_proteins	1559	532	61.67	13.43	34.12
GCA_003208775.1_ASM320877v1_genomic_prodigal_proteins	1808	GCA_004213055.1_ASM421305v1_genomic_prodigal_proteins	2241	1006	72.60	13.48	55.64
GCA_003208775.1_ASM320877v1_genomic_prodigal_proteins	1808	GCA_007571085.1_ASM757108v1_genomic_prodigal_proteins	1784	673	60.34	13.42	37.72
GCA_003208775.1_ASM320877v1_genomic_prodigal_proteins	1808	GCA_009839805.1_ASM983980v1_genomic_prodigal_proteins	1848	474	59.62	12.55	26.22
GCA_003208775.1_ASM320877v1_genomic_prodigal_proteins	1808	GCA_003210375.1_ASM321037v1_genomic_prodigal_proteins	2155	850	68.86	14.02	47.01
GCA_003208775.1_ASM320877v1_genomic_prodigal_proteins	1808	GCA_004332415.1_ASM433241v1_genomic_prodigal_proteins	2408	1118	73.44	13.24	61.84
GCA_003208775.1_ASM320877v1_genomic_prodigal_proteins	1808	GCA_009836025.1_ASM983602v1_genomic_prodigal_proteins	2290	686	61.20	13.22	37.94
GCA_003208775.1_ASM320877v1_genomic_prodigal_proteins	1808	GCA_009843455.1_ASM984345v1_genomic_prodigal_proteins	2423	670	60.99	13.08	37.06
GCA_003208775.1_ASM320877v1_genomic_prodigal_proteins	1808	GCA_009843485.1_ASM984348v1_genomic_prodigal_proteins	2158	682	60.84	13.36	37.72
GCA_003208775.1_ASM320877v1_genomic_prodigal_proteins	1808	GCA_003283135.1_ASM328313v1_genomic_prodigal_proteins	459	127	75.51	16.10	27.67
GCA_003208775.1_ASM320877v1_genomic_prodigal_proteins	1808	GCA_902635485.1_AG-447-G23_genomic_prodigal_proteins	327	89	62.00	16.67	27.22
GCA_003208775.1_ASM320877v1_genomic_prodigal_proteins	1808	GCA_002760415.1_ASM276041v1_genomic_prodigal_proteins	2670	546	52.68	12.30	30.20
GCA_003208775.1_ASM320877v1_genomic_prodigal_proteins	1808	GCA_002754935.1_ASM275493v1_genomic_prodigal_proteins	2664	586	53.22	12.92	32.41
GCA_003208775.1_ASM320877v1_genomic_prodigal_proteins	1808	GCA_002171685.2_ASM217168v2_genomic_prodigal_proteins	811	430	96.36	9.38	53.02
GCA_003208775.1_ASM320877v1_genomic_prodigal_proteins	1808	GCA_000737595.1_ASM73759v1_genomic_prodigal_proteins	2774	1117	69.57	13.97	61.78
GCA_003208775.1_ASM320877v1_genomic_prodigal_proteins	1808	GCA_003331785.1_ASM333178v1_genomic_prodigal_proteins	2125	1291	98.74	3.55	71.40
GCA_003208775.1_ASM320877v1_genomic_prodigal_proteins	1808	GCA_009842265.1_ASM984226v1_genomic_prodigal_proteins	2398	683	60.91	13.18	37.78
GCA_003208775.1_ASM320877v1_genomic_prodigal_proteins	1808	GCA_902579345.1_AG-911-L15_genomic_prodigal_proteins	248	83	67.72	16.10	33.47
GCA_003208775.1_ASM320877v1_genomic_prodigal_proteins	1808	GCA_000011345.1_ASM1134v1_genomic_prodigal_proteins	2520	598	53.65	12.71	33.08
GCA_003208775.1_ASM320877v1_genomic_prodigal_proteins	1808	GCA_003210705.1_ASM321070v1_genomic_prodigal_proteins	2244	977	72.23	13.38	54.04
GCA_003208775.1_ASM320877v1_genomic_prodigal_proteins	1808	GCA_000019485.1_ASM1948v1_genomic_prodigal_proteins	3233	628	53.26	12.96	34.73
GCA_003208775.1_ASM320877v1_genomic_prodigal_proteins	1808	GCA_003283055.1_ASM328305v1_genomic_prodigal_proteins	482	81	64.55	16.41	16.80
GCA_003208775.1_ASM320877v1_genomic_prodigal_proteins	1808	GCA_000010065.1_ASM1006v1_genomic_prodigal_proteins	2691	678	55.51	13.09	37.50
GCA_003208775.1_ASM320877v1_genomic_prodigal_proteins	1808	GCA_000316685.1_ASM31668v1_genomic_prodigal_proteins	3706	612	53.12	12.79	33.85
GCA_003208775.1_ASM320877v1_genomic_prodigal_proteins	1808	GCA_000063525.1_ASM6352v1_genomic_prodigal_proteins	2540	1015	65.19	14.39	56.14
GCA_003208775.1_ASM320877v1_genomic_prodigal_proteins	1808	GCA_003283165.1_ASM328316v1_genomic_prodigal_proteins	217	55	66.03	13.93	25.35
GCA_003208775.1_ASM320877v1_genomic_prodigal_proteins	1808	GCA_902540675.1_AG-359-E22_genomic_prodigal_proteins	584	192	67.36	16.07	32.88
GCA_003208775.1_ASM320877v1_genomic_prodigal_proteins	1808	GCA_011055065.1_ASM1105506v1_genomic_prodigal_proteins	2792	538	52.63	12.59	29.76
GCA_003208775.1_ASM320877v1_genomic_prodigal_proteins	1808	GCA_000013205.1_ASM1320v1_genomic_prodigal_proteins	2750	552	52.82	12.26	30.53
GCA_003208775.1_ASM320877v1_genomic_prodigal_proteins	1808	GCA_003539795.1_ASM353979v1_genomic_prodigal_proteins	2284	831	68.62	13.25	45.96
GCA_003208775.1_ASM320877v1_genomic_prodigal_proteins	1808	GCA_002171995.1_ASM217199v1_genomic_prodigal_proteins	1978	675	71.82	13.51	37.33
GCA_003208775.1_ASM320877v1_genomic_prodigal_proteins	1808	GCA_011523835.1_ASM1152383v1_genomic_prodigal_proteins	2468	1029	73.09	13.37	56.91
GCA_003208775.1_ASM320877v1_genomic_prodigal_proteins	1808	GCA_002172175.1_ASM217217v1_genomic_prodigal_proteins	1846	664	63.30	14.16	36.73
GCA_003208775.1_ASM320877v1_genomic_prodigal_proteins	1808	GCA_003208835.1_ASM320883v1_genomic_prodigal_proteins	2208	813	69.82	14.33	44.97
GCA_003208775.1_ASM320877v1_genomic_prodigal_proteins	1808	GCA_902589915.1_AG-914-F20_genomic_prodigal_proteins	373	105	70.01	16.12	28.15
GCA_003208775.1_ASM320877v1_genomic_prodigal_proteins	1808	GCA_000485815.1_ASM48581v1_genomic_prodigal_proteins	3083	613	53.14	12.96	33.90
GCA_003208775.1_ASM320877v1_genomic_prodigal_proteins	1808	GCA_008807075.1_ASM880707v1_genomic_prodigal_proteins	2925	973	65.50	13.85	53.82
GCA_003208775.1_ASM320877v1_genomic_prodigal_proteins	1808	GCA_000179235.2_ASM17923v2_genomic_prodigal_proteins	3071	1005	67.08	13.72	55.59
GCA_003208775.1_ASM320877v1_genomic_prodigal_proteins	1808	GCA_003210795.1_ASM321079v1_genomic_prodigal_proteins	2239	808	68.62	14.48	44.69
GCA_003208775.1_ASM320877v1_genomic_prodigal_proteins	1808	GCA_002706715.1_ASM270671v1_genomic_prodigal_proteins	1148	577	69.20	14.16	50.26
GCA_003208775.1_ASM320877v1_genomic_prodigal_proteins	1808	GCA_003331245.1_ASM333124v1_genomic_prodigal_proteins	2021	914	69.57	13.56	50.55
GCA_003208775.1_ASM320877v1_genomic_prodigal_proteins	1808	GCA_009843385.1_ASM984338v1_genomic_prodigal_proteins	2085	574	61.34	13.41	31.75
GCA_003208775.1_ASM320877v1_genomic_prodigal_proteins	1808	GCA_003211205.1_ASM321120v1_genomic_prodigal_proteins	2288	932	72.83	13.28	51.55
GCA_003208775.1_ASM320877v1_genomic_prodigal_proteins	1808	GCA_000063505.1_ASM6350v1_genomic_prodigal_proteins	2558	1169	73.23	13.57	64.66
GCA_003208775.1_ASM320877v1_genomic_prodigal_proteins	1808	GCA_900474245.1_UW179B_genomic_prodigal_proteins	2743	1335	90.12	9.23	73.84
GCA_003208775.1_ASM320877v1_genomic_prodigal_proteins	1808	GCA_003210345.1_ASM321034v1_genomic_prodigal_proteins	1256	490	68.10	14.36	39.01
GCA_003208775.1_ASM320877v1_genomic_prodigal_proteins	1808	GCA_003210315.1_ASM321031v1_genomic_prodigal_proteins	1815	877	89.94	10.71	48.51
GCA_003208775.1_ASM320877v1_genomic_prodigal_proteins	1808	GCA_009836155.1_ASM983615v1_genomic_prodigal_proteins	1947	649	61.35	13.07	35.90
GCA_003208775.1_ASM320877v1_genomic_prodigal_proteins	1808	GCA_003990665.2_ASM399066v2_genomic_prodigal_proteins	2499	602	53.57	12.72	33.30
GCA_003208775.1_ASM320877v1_genomic_prodigal_proteins	1808	GCA_003209135.1_ASM320913v1_genomic_prodigal_proteins	1719	635	68.28	14.04	36.94
GCA_003208775.1_ASM320877v1_genomic_prodigal_proteins	1808	GCA_009845105.1_ASM984510v1_genomic_prodigal_proteins	1941	559	60.52	13.47	30.92
GCA_003208775.1_ASM320877v1_genomic_prodigal_proteins	1808	GCA_002690325.1_ASM269032v1_genomic_prodigal_proteins	2554	1030	68.79	13.95	56.97
GCA_003208775.1_ASM320877v1_genomic_prodigal_proteins	1808	GCA_000161795.2_ASM16179v2_genomic_prodigal_proteins	2407	1073	70.34	13.65	59.35
GCA_003208775.1_ASM320877v1_genomic_prodigal_proteins	1808	GCA_004211895.1_ASM421189v1_genomic_prodigal_proteins	954	434	70.51	13.83	45.49
GCA_003208775.1_ASM320877v1_genomic_prodigal_proteins	1808	GCA_003210735.1_ASM321073v1_genomic_prodigal_proteins	2337	843	68.54	14.07	46.63
GCA_003208775.1_ASM320877v1_genomic_prodigal_proteins	1808	GCA_003209035.1_ASM320903v1_genomic_prodigal_proteins	1803	685	67.86	14.59	37.99
GCA_003208775.1_ASM320877v1_genomic_prodigal_proteins	1808	GCA_003712085.1_ASM371208v1_genomic_prodigal_proteins	2745	1110	70.06	13.87	61.39
GCA_003208775.1_ASM320877v1_genomic_prodigal_proteins	1808	GCA_003212155.1_ASM321215v1_genomic_prodigal_proteins	262	86	63.79	17.58	32.82
GCA_003208775.1_ASM320877v1_genomic_prodigal_proteins	1808	GCA_001040845.1_ASM104084v1_genomic_prodigal_proteins	2917	1353	89.71	9.39	74.83
GCA_003208775.1_ASM320877v1_genomic_prodigal_proteins	1808	GCA_002018015.1_ASM201801v1_genomic_prodigal_proteins	1578	514	61.45	13.48	32.57
GCA_003208775.1_ASM320877v1_genomic_prodigal_proteins	1808	GCA_003211255.1_ASM321125v1_genomic_prodigal_proteins	1850	639	68.03	14.28	35.34
GCA_003208775.1_ASM320877v1_genomic_prodigal_proteins	1808	GCA_002721235.1_ASM272123v1_genomic_prodigal_proteins	3119	632	53.14	12.96	34.96
GCA_003208775.1_ASM320877v1_genomic_prodigal_proteins	1808	GCA_009839305.1_ASM983930v1_genomic_prodigal_proteins	1816	524	61.20	13.71	28.98
GCA_003208775.1_ASM320877v1_genomic_prodigal_proteins	1808	GCA_011365345.1_ASM1136534v1_genomic_prodigal_proteins	2655	1162	69.40	14.10	64.27
GCA_003208775.1_ASM320877v1_genomic_prodigal_proteins	1808	GCA_001039265.1_ASM103926v1_genomic_prodigal_proteins	2832	668	67.37	14.16	36.95
GCA_003208775.1_ASM320877v1_genomic_prodigal_proteins	1808	GCA_001628325.1_ASM162832v1_genomic_prodigal_proteins	2129	966	70.27	13.53	53.43
GCA_003208775.1_ASM320877v1_genomic_prodigal_proteins	1808	GCA_003209215.1_ASM320921v1_genomic_prodigal_proteins	1679	589	68.71	14.17	35.08
GCA_003208775.1_ASM320877v1_genomic_prodigal_proteins	1808	GCA_002737305.1_ASM273730v1_genomic_prodigal_proteins	1951	723	67.02	13.94	39.99
GCA_003208775.1_ASM320877v1_genomic_prodigal_proteins	1808	GCA_003210515.1_ASM321051v1_genomic_prodigal_proteins	1673	701	69.01	13.88	41.90
GCA_003208775.1_ASM320877v1_genomic_prodigal_proteins	1808	GCA_011525445.1_ASM1152544v1_genomic_prodigal_proteins	3208	1030	80.85	12.23	56.97
GCA_003208775.1_ASM320877v1_genomic_prodigal_proteins	1808	GCA_902599435.1_AG-916-N22_genomic_prodigal_proteins	793	292	69.88	15.19	36.82
GCA_003208775.1_ASM320877v1_genomic_prodigal_proteins	1808	GCA_003149585.1_ASM314958v1_genomic_prodigal_proteins	2600	1006	66.53	13.95	55.64
GCA_003208775.1_ASM320877v1_genomic_prodigal_proteins	1808	GCA_902560665.1_AG-905-O11_genomic_prodigal_proteins	401	154	70.28	15.59	38.40
GCA_003208775.1_ASM320877v1_genomic_prodigal_proteins	1808	GCA_003331795.1_ASM333179v1_genomic_prodigal_proteins	1948	814	64.91	14.25	45.02
GCA_003208775.1_ASM320877v1_genomic_prodigal_proteins	1808	GCA_002017955.1_ASM201795v1_genomic_prodigal_proteins	512	171	61.62	12.61	33.40
GCA_003208775.1_ASM320877v1_genomic_prodigal_proteins	1808	GCA_902584485.1_AG-912-O23_genomic_prodigal_proteins	535	162	67.02	17.48	30.28
GCA_003208775.1_ASM320877v1_genomic_prodigal_proteins	1808	GCA_902527915.1_AG-896-G19_genomic_prodigal_proteins	1003	403	68.87	14.64	40.18
GCA_003208775.1_ASM320877v1_genomic_prodigal_proteins	1808	GCA_902635365.1_AG-447-D19_genomic_prodigal_proteins	1690	608	68.99	14.32	35.98
GCA_003208775.1_ASM320877v1_genomic_prodigal_proteins	1808	GCA_900474085.1_UW86_genomic_prodigal_proteins	2403	1091	70.10	13.86	60.34
GCA_003208775.1_ASM320877v1_genomic_prodigal_proteins	1808	GCA_001885215.1_ASM188521v1_genomic_prodigal_proteins	2897	963	65.74	13.37	53.26
GCA_003208775.1_ASM320877v1_genomic_prodigal_proteins	1808	GCA_902575935.1_AG-426-B22_genomic_prodigal_proteins	254	105	70.85	14.49	41.34
GCA_003208775.1_ASM320877v1_genomic_prodigal_proteins	1808	GCA_900474295.1_UW140_genomic_prodigal_proteins	2925	1203	72.14	13.67	66.54
GCA_003208775.1_ASM320877v1_genomic_prodigal_proteins	1808	GCA_003211565.1_ASM321156v1_genomic_prodigal_proteins	1489	527	69.01	14.09	35.39
GCA_003208775.1_ASM320877v1_genomic_prodigal_proteins	1808	GCA_003526105.1_ASM352610v1_genomic_prodigal_proteins	1581	564	70.68	13.82	35.67
GCA_003208775.1_ASM320877v1_genomic_prodigal_proteins	1808	GCA_002172935.1_ASM217293v1_genomic_prodigal_proteins	1996	917	72.77	12.99	50.72
GCA_003208775.1_ASM320877v1_genomic_prodigal_proteins	1808	GCA_003210335.1_ASM321033v1_genomic_prodigal_proteins	942	276	67.54	15.16	29.30
GCA_003208775.1_ASM320877v1_genomic_prodigal_proteins	1808	GCA_009846115.1_ASM984611v1_genomic_prodigal_proteins	2048	604	60.93	13.50	33.41
GCA_003208775.1_ASM320877v1_genomic_prodigal_proteins	1808	GCA_001693295.1_ASM169329v1_genomic_prodigal_proteins	3183	629	53.10	12.97	34.79
GCA_003208775.1_ASM320877v1_genomic_prodigal_proteins	1808	GCA_900473965.1_UW179A_genomic_prodigal_proteins	3383	1234	72.66	13.21	68.25
GCA_003208775.1_ASM320877v1_genomic_prodigal_proteins	1808	GCA_003213755.1_ASM321375v1_genomic_prodigal_proteins	1050	396	64.07	15.17	37.71
GCA_003208775.1_ASM320877v1_genomic_prodigal_proteins	1808	GCA_003209155.1_ASM320915v1_genomic_prodigal_proteins	2305	936	72.05	13.33	51.77
GCA_003208775.1_ASM320877v1_genomic_prodigal_proteins	1808	GCA_003211515.1_ASM321151v1_genomic_prodigal_proteins	2451	742	68.14	14.60	41.04
GCA_003208775.1_ASM320877v1_genomic_prodigal_proteins	1808	GCA_002693285.1_ASM269328v1_genomic_prodigal_proteins	2440	1060	72.26	13.01	58.63
GCA_003208775.1_ASM320877v1_genomic_prodigal_proteins	1808	GCA_003210555.1_ASM321055v1_genomic_prodigal_proteins	1847	823	89.63	11.24	45.52
GCA_003208775.1_ASM320877v1_genomic_prodigal_proteins	1808	GCA_000155595.1_ASM15559v1_genomic_prodigal_proteins	5270	658	52.41	12.92	36.39
GCA_003208775.1_ASM320877v1_genomic_prodigal_proteins	1808	GCA_001007665.1_ASM100766v1_genomic_prodigal_proteins	2356	699	60.80	13.21	38.66
GCA_003208775.1_ASM320877v1_genomic_prodigal_proteins	1808	GCA_009919765.1_ASM991976v1_genomic_prodigal_proteins	2524	670	64.85	14.00	37.06
GCA_003208775.1_ASM320877v1_genomic_prodigal_proteins	1808	GCA_003331225.1_ASM333122v1_genomic_prodigal_proteins	2113	889	64.66	14.15	49.17
GCA_003208775.1_ASM320877v1_genomic_prodigal_proteins	1808	GCA_900177825.1_IMG-taxon_2708742468_annotated_assembly_genomic_prodigal_proteins	3317	620	53.30	12.95	34.29
GCA_003208775.1_ASM320877v1_genomic_prodigal_proteins	1808	GCA_000195975.1_ASM19597v1_genomic_prodigal_proteins	2719	1099	70.28	13.71	60.79
GCA_003208775.1_ASM320877v1_genomic_prodigal_proteins	1808	GCA_902618885.1_AG-920-D15_genomic_prodigal_proteins	1178	466	69.85	14.74	39.56
GCA_003208775.1_ASM320877v1_genomic_prodigal_proteins	1808	GCA_003209165.1_ASM320916v1_genomic_prodigal_proteins	2711	960	68.81	13.97	53.10
GCA_003208775.1_ASM320877v1_genomic_prodigal_proteins	1808	GCA_001007625.1_ASM100762v1_genomic_prodigal_proteins	2478	622	60.83	13.54	34.40
GCA_003208775.1_ASM320877v1_genomic_prodigal_proteins	1808	GCA_008386235.1_ASM838623v1_genomic_prodigal_proteins	2571	606	53.16	12.79	33.52
GCA_003208775.1_ASM320877v1_genomic_prodigal_proteins	1808	GCA_001631935.1_ASM163193v1_genomic_prodigal_proteins	3526	1222	72.76	13.16	67.59
GCA_003208775.1_ASM320877v1_genomic_prodigal_proteins	1808	GCA_002151525.1_ASM215152v1_genomic_prodigal_proteins	1628	710	63.21	14.08	43.61
GCA_003208775.1_ASM320877v1_genomic_prodigal_proteins	1808	GCA_000153065.1_ASM15306v1_genomic_prodigal_proteins	2704	1079	73.44	13.10	59.68
GCA_003208775.1_ASM320877v1_genomic_prodigal_proteins	1808	GCA_009837265.1_ASM983726v1_genomic_prodigal_proteins	2126	645	60.93	13.34	35.67
GCA_003208775.1_ASM320877v1_genomic_prodigal_proteins	1808	GCA_902533725.1_AG-898-C20_genomic_prodigal_proteins	421	115	66.77	14.16	27.32
GCA_003208775.1_ASM320877v1_genomic_prodigal_proteins	1808	GCA_002171075.2_ASM217107v2_genomic_prodigal_proteins	1919	755	63.18	14.07	41.76
GCA_003208775.1_ASM320877v1_genomic_prodigal_proteins	1808	GCA_002760395.1_ASM276039v1_genomic_prodigal_proteins	2661	541	52.65	12.37	29.92
GCA_003208775.1_ASM320877v1_genomic_prodigal_proteins	1808	GCA_003209005.1_ASM320900v1_genomic_prodigal_proteins	2548	1042	72.65	13.07	57.63
GCA_003208775.1_ASM320877v1_genomic_prodigal_proteins	1808	GCA_002017915.1_ASM201791v1_genomic_prodigal_proteins	623	190	63.82	14.82	30.50
GCA_003208775.1_ASM320877v1_genomic_prodigal_proteins	1808	GCA_900047545.1_m9_genomic_prodigal_proteins	1575	525	60.84	12.98	33.33
GCA_003208775.1_ASM320877v1_genomic_prodigal_proteins	1808	GCA_001632105.1_ASM163210v1_genomic_prodigal_proteins	3521	1227	72.71	13.14	67.87
GCA_003208775.1_ASM320877v1_genomic_prodigal_proteins	1808	GCA_004212765.1_ASM421276v1_genomic_prodigal_proteins	1162	560	69.50	13.88	48.19
GCA_003208775.1_ASM320877v1_genomic_prodigal_proteins	1808	GCA_002685515.1_ASM268551v1_genomic_prodigal_proteins	1286	606	72.40	13.01	47.12
GCA_003208775.1_ASM320877v1_genomic_prodigal_proteins	1808	GCA_007828135.1_ASM782813v1_genomic_prodigal_proteins	2917	964	65.78	13.40	53.32
GCA_003208775.1_ASM320877v1_genomic_prodigal_proteins	1808	GCA_011047875.1_ASM1104787v1_genomic_prodigal_proteins	2810	549	52.54	12.53	30.37
GCA_003208775.1_ASM320877v1_genomic_prodigal_proteins	1808	GCA_009840445.1_ASM984044v1_genomic_prodigal_proteins	2167	705	60.84	13.32	38.99
GCA_003208775.1_ASM320877v1_genomic_prodigal_proteins	1808	GCA_003210995.1_ASM321099v1_genomic_prodigal_proteins	2385	953	71.94	13.67	52.71
GCA_003208775.1_ASM320877v1_genomic_prodigal_proteins	1808	GCA_902616995.1_AG-919-L20_genomic_prodigal_proteins	654	262	68.71	15.03	40.06
GCA_003208775.1_ASM320877v1_genomic_prodigal_proteins	1808	GCA_009845825.1_ASM984582v1_genomic_prodigal_proteins	2168	607	61.13	13.23	33.57
GCA_003208775.1_ASM320877v1_genomic_prodigal_proteins	1808	GCA_000515235.1_ASM51523v1_genomic_prodigal_proteins	2873	1126	69.25	13.93	62.28
GCA_003208775.1_ASM320877v1_genomic_prodigal_proteins	1808	GCA_003523965.1_ASM352396v1_genomic_prodigal_proteins	1735	462	62.17	13.57	26.63
GCA_003208775.1_ASM320877v1_genomic_prodigal_proteins	1808	GCA_002684175.1_ASM268417v1_genomic_prodigal_proteins	1819	680	67.52	13.24	37.61
GCA_003208775.1_ASM320877v1_genomic_prodigal_proteins	1808	GCA_011523295.1_ASM1152329v1_genomic_prodigal_proteins	2851	868	67.84	13.87	48.01
GCA_003208775.1_ASM320877v1_genomic_prodigal_proteins	1808	GCA_003211015.1_ASM321101v1_genomic_prodigal_proteins	2128	870	72.29	13.63	48.12
GCA_003208775.1_ASM320877v1_genomic_prodigal_proteins	1808	GCA_002006815.1_ASM200681v1_genomic_prodigal_proteins	1973	828	63.61	14.04	45.80
GCA_900474015.1_UW106_genomic_prodigal_proteins	2762	GCA_000715475.1_ASM71547v1_genomic_prodigal_proteins	3299	1045	53.54	12.81	37.83
GCA_900474015.1_UW106_genomic_prodigal_proteins	2762	GCA_001628295.1_ASM162829v1_genomic_prodigal_proteins	2145	1878	90.71	7.65	87.55
GCA_900474015.1_UW106_genomic_prodigal_proteins	2762	GCA_003208775.1_ASM320877v1_genomic_prodigal_proteins	1808	1162	69.25	14.22	64.27
GCA_900474015.1_UW106_genomic_prodigal_proteins	2762	GCA_003210975.1_ASM321097v1_genomic_prodigal_proteins	627	435	77.67	13.02	69.38
GCA_900474015.1_UW106_genomic_prodigal_proteins	2762	GCA_003208915.1_ASM320891v1_genomic_prodigal_proteins	1208	723	75.87	13.55	59.85
GCA_900474015.1_UW106_genomic_prodigal_proteins	2762	GCA_009837735.1_ASM983773v1_genomic_prodigal_proteins	2041	936	61.35	12.78	45.86
GCA_900474015.1_UW106_genomic_prodigal_proteins	2762	GCA_902548805.1_AG-901-N20_genomic_prodigal_proteins	158	76	75.47	15.45	48.10
GCA_900474015.1_UW106_genomic_prodigal_proteins	2762	GCA_003211235.1_ASM321123v1_genomic_prodigal_proteins	1698	1024	76.45	13.37	60.31
GCA_900474015.1_UW106_genomic_prodigal_proteins	2762	GCA_004209775.1_ASM420977v1_genomic_prodigal_proteins	2798	1796	71.65	13.60	65.03
GCA_900474015.1_UW106_genomic_prodigal_proteins	2762	GCA_003283215.1_ASM328321v1_genomic_prodigal_proteins	239	60	69.16	16.81	25.10
GCA_900474015.1_UW106_genomic_prodigal_proteins	2762	GCA_003209555.1_ASM320955v1_genomic_prodigal_proteins	908	426	66.14	14.96	46.92
GCA_900474015.1_UW106_genomic_prodigal_proteins	2762	GCA_000153805.1_ASM15380v1_genomic_prodigal_proteins	2517	1986	76.64	13.02	78.90
GCA_900474015.1_UW106_genomic_prodigal_proteins	2762	GCA_003283205.1_ASM328320v1_genomic_prodigal_proteins	274	86	67.42	16.29	31.39
GCA_900474015.1_UW106_genomic_prodigal_proteins	2762	GCA_900473925.1_N5_genomic_prodigal_proteins	2417	2027	89.98	8.39	83.86
GCA_900474015.1_UW106_genomic_prodigal_proteins	2762	GCA_902592665.1_AG-447-E14_genomic_prodigal_proteins	1111	613	73.89	14.48	55.18
GCA_900474015.1_UW106_genomic_prodigal_proteins	2762	GCA_011523155.1_ASM1152315v1_genomic_prodigal_proteins	2101	1293	69.65	13.29	61.54
GCA_900474015.1_UW106_genomic_prodigal_proteins	2762	GCA_003211275.1_ASM321127v1_genomic_prodigal_proteins	2168	1294	69.49	14.44	59.69
GCA_900474015.1_UW106_genomic_prodigal_proteins	2762	GCA_003957805.1_ASM395780v1_genomic_prodigal_proteins	2887	1208	55.63	13.09	43.74
GCA_900474015.1_UW106_genomic_prodigal_proteins	2762	GCA_012270465.1_ASM1227046v1_genomic_prodigal_proteins	2311	1354	65.07	13.99	58.59
GCA_900474015.1_UW106_genomic_prodigal_proteins	2762	GCA_001693255.1_ASM169325v1_genomic_prodigal_proteins	3177	1072	53.45	12.84	38.81
GCA_900474015.1_UW106_genomic_prodigal_proteins	2762	GCA_003210385.1_ASM321038v1_genomic_prodigal_proteins	286	213	69.59	13.75	74.48
GCA_900474015.1_UW106_genomic_prodigal_proteins	2762	GCA_002170705.1_ASM217070v1_genomic_prodigal_proteins	1392	1053	76.56	12.84	75.65
GCA_900474015.1_UW106_genomic_prodigal_proteins	2762	GCA_002356215.1_ASM235621v1_genomic_prodigal_proteins	2953	1047	53.59	12.79	37.91
GCA_900474015.1_UW106_genomic_prodigal_proteins	2762	GCA_003210935.1_ASM321093v1_genomic_prodigal_proteins	1868	1220	70.93	14.05	65.31
GCA_900474015.1_UW106_genomic_prodigal_proteins	2762	GCA_003210535.1_ASM321053v1_genomic_prodigal_proteins	1257	770	75.46	12.82	61.26
GCA_900474015.1_UW106_genomic_prodigal_proteins	2762	GCA_002724845.1_ASM272484v1_genomic_prodigal_proteins	1589	1387	89.50	7.57	87.29
GCA_900474015.1_UW106_genomic_prodigal_proteins	2762	GCA_000153285.1_ASM15328v1_genomic_prodigal_proteins	2746	1889	70.97	14.06	68.79
GCA_900474015.1_UW106_genomic_prodigal_proteins	2762	GCA_003211035.1_ASM321103v1_genomic_prodigal_proteins	530	347	75.66	13.13	65.47
GCA_900474015.1_UW106_genomic_prodigal_proteins	2762	GCA_001521855.1_ASM152185v1_genomic_prodigal_proteins	3144	1065	53.50	12.78	38.56
GCA_900474015.1_UW106_genomic_prodigal_proteins	2762	GCA_009835965.1_ASM983596v1_genomic_prodigal_proteins	2105	1177	61.11	12.83	55.91
GCA_900474015.1_UW106_genomic_prodigal_proteins	2762	GCA_012269695.1_ASM1226969v1_genomic_prodigal_proteins	2043	1162	65.52	14.09	56.88
GCA_900474015.1_UW106_genomic_prodigal_proteins	2762	GCA_000737535.1_ASM73753v1_genomic_prodigal_proteins	3013	1981	75.26	13.32	71.72
GCA_900474015.1_UW106_genomic_prodigal_proteins	2762	GCA_000586015.1_SynSpo.0_genomic_prodigal_proteins	1907	927	61.80	13.30	48.61
GCA_900474015.1_UW106_genomic_prodigal_proteins	2762	GCA_002760345.1_ASM276034v1_genomic_prodigal_proteins	2731	917	53.09	11.76	33.58
GCA_900474015.1_UW106_genomic_prodigal_proteins	2762	GCA_000013225.1_ASM1322v1_genomic_prodigal_proteins	2844	918	53.03	11.98	33.24
GCA_900474015.1_UW106_genomic_prodigal_proteins	2762	GCA_000332275.1_ASM33227v1_genomic_prodigal_proteins	4564	1029	52.09	12.10	37.26
GCA_900474015.1_UW106_genomic_prodigal_proteins	2762	GCA_002252675.1_ASM225267v1_genomic_prodigal_proteins	3295	1604	66.44	13.60	58.07
GCA_900474015.1_UW106_genomic_prodigal_proteins	2762	GCA_000737575.1_ASM73757v1_genomic_prodigal_proteins	2662	2011	76.84	12.98	75.54
GCA_900474015.1_UW106_genomic_prodigal_proteins	2762	GCA_902596755.1_AG-916-D19_genomic_prodigal_proteins	1152	716	76.95	13.81	62.15
GCA_900474015.1_UW106_genomic_prodigal_proteins	2762	GCA_003211455.1_ASM321145v1_genomic_prodigal_proteins	1186	818	87.80	10.48	68.97
GCA_900474015.1_UW106_genomic_prodigal_proteins	2762	GCA_003208755.1_ASM320875v1_genomic_prodigal_proteins	690	481	76.14	13.00	69.71
GCA_900474015.1_UW106_genomic_prodigal_proteins	2762	GCA_007571215.1_ASM757121v1_genomic_prodigal_proteins	1879	1162	60.76	12.98	61.84
GCA_900474015.1_UW106_genomic_prodigal_proteins	2762	GCA_001007635.1_ASM100763v1_genomic_prodigal_proteins	2333	1073	61.26	12.72	45.99
GCA_900474015.1_UW106_genomic_prodigal_proteins	2762	GCA_000179255.1_ASM17925v1_genomic_prodigal_proteins	2729	1672	66.75	14.07	61.27
GCA_900474015.1_UW106_genomic_prodigal_proteins	2762	GCA_003208975.1_ASM320897v1_genomic_prodigal_proteins	1804	1075	76.57	13.12	59.59
GCA_900474015.1_UW106_genomic_prodigal_proteins	2762	GCA_012103655.1_ASM1210365v1_genomic_prodigal_proteins	2723	1849	70.28	13.81	67.90
GCA_900474015.1_UW106_genomic_prodigal_proteins	2762	GCA_902582045.1_AG-912-B07_genomic_prodigal_proteins	196	84	77.28	15.32	42.86
GCA_900474015.1_UW106_genomic_prodigal_proteins	2762	GCA_000153045.1_ASM15304v1_genomic_prodigal_proteins	3242	1662	66.49	13.84	60.17
GCA_900474015.1_UW106_genomic_prodigal_proteins	2762	GCA_902549675.1_AG-903-B09_genomic_prodigal_proteins	836	496	77.82	14.16	59.33
GCA_900474015.1_UW106_genomic_prodigal_proteins	2762	GCA_002018045.1_ASM201804v1_genomic_prodigal_proteins	1559	908	62.05	12.67	58.24
GCA_900474015.1_UW106_genomic_prodigal_proteins	2762	GCA_004213055.1_ASM421305v1_genomic_prodigal_proteins	2241	1618	71.23	13.75	72.20
GCA_900474015.1_UW106_genomic_prodigal_proteins	2762	GCA_007571085.1_ASM757108v1_genomic_prodigal_proteins	1784	1138	60.73	13.06	63.79
GCA_900474015.1_UW106_genomic_prodigal_proteins	2762	GCA_009839805.1_ASM983980v1_genomic_prodigal_proteins	1848	778	59.52	12.35	42.10
GCA_900474015.1_UW106_genomic_prodigal_proteins	2762	GCA_003210375.1_ASM321037v1_genomic_prodigal_proteins	2155	1443	76.09	12.99	66.96
GCA_900474015.1_UW106_genomic_prodigal_proteins	2762	GCA_004332415.1_ASM433241v1_genomic_prodigal_proteins	2408	1818	71.49	13.79	75.50
GCA_900474015.1_UW106_genomic_prodigal_proteins	2762	GCA_009836025.1_ASM983602v1_genomic_prodigal_proteins	2290	1164	61.24	12.76	50.83
GCA_900474015.1_UW106_genomic_prodigal_proteins	2762	GCA_009843455.1_ASM984345v1_genomic_prodigal_proteins	2423	1141	61.03	12.71	47.09
GCA_900474015.1_UW106_genomic_prodigal_proteins	2762	GCA_009843485.1_ASM984348v1_genomic_prodigal_proteins	2158	1174	61.17	12.89	54.40
GCA_900474015.1_UW106_genomic_prodigal_proteins	2762	GCA_003283135.1_ASM328313v1_genomic_prodigal_proteins	459	153	66.94	15.20	33.33
GCA_900474015.1_UW106_genomic_prodigal_proteins	2762	GCA_902635485.1_AG-447-G23_genomic_prodigal_proteins	327	162	86.18	12.07	49.54
GCA_900474015.1_UW106_genomic_prodigal_proteins	2762	GCA_002760415.1_ASM276041v1_genomic_prodigal_proteins	2670	903	53.05	11.79	33.82
GCA_900474015.1_UW106_genomic_prodigal_proteins	2762	GCA_002754935.1_ASM275493v1_genomic_prodigal_proteins	2664	963	53.81	12.43	36.15
GCA_900474015.1_UW106_genomic_prodigal_proteins	2762	GCA_002171685.2_ASM217168v2_genomic_prodigal_proteins	811	662	71.23	13.23	81.63
GCA_900474015.1_UW106_genomic_prodigal_proteins	2762	GCA_000737595.1_ASM73759v1_genomic_prodigal_proteins	2774	2173	89.19	8.89	78.67
GCA_900474015.1_UW106_genomic_prodigal_proteins	2762	GCA_003331785.1_ASM333178v1_genomic_prodigal_proteins	2125	1680	70.42	13.82	79.06
GCA_900474015.1_UW106_genomic_prodigal_proteins	2762	GCA_009842265.1_ASM984226v1_genomic_prodigal_proteins	2398	1156	61.09	12.68	48.21
GCA_900474015.1_UW106_genomic_prodigal_proteins	2762	GCA_902579345.1_AG-911-L15_genomic_prodigal_proteins	248	109	74.93	14.84	43.95
GCA_900474015.1_UW106_genomic_prodigal_proteins	2762	GCA_000011345.1_ASM1134v1_genomic_prodigal_proteins	2520	1009	53.88	12.40	40.04
GCA_900474015.1_UW106_genomic_prodigal_proteins	2762	GCA_003210705.1_ASM321070v1_genomic_prodigal_proteins	2244	1396	70.02	14.33	62.21
GCA_900474015.1_UW106_genomic_prodigal_proteins	2762	GCA_000019485.1_ASM1948v1_genomic_prodigal_proteins	3233	1064	53.47	12.82	38.52
GCA_900474015.1_UW106_genomic_prodigal_proteins	2762	GCA_003283055.1_ASM328305v1_genomic_prodigal_proteins	482	91	71.98	15.32	18.88
GCA_900474015.1_UW106_genomic_prodigal_proteins	2762	GCA_000010065.1_ASM1006v1_genomic_prodigal_proteins	2691	1198	55.58	13.09	44.52
GCA_900474015.1_UW106_genomic_prodigal_proteins	2762	GCA_000316685.1_ASM31668v1_genomic_prodigal_proteins	3706	1048	53.23	12.59	37.94
GCA_900474015.1_UW106_genomic_prodigal_proteins	2762	GCA_000063525.1_ASM6352v1_genomic_prodigal_proteins	2540	1689	65.87	14.42	66.50
GCA_900474015.1_UW106_genomic_prodigal_proteins	2762	GCA_003283165.1_ASM328316v1_genomic_prodigal_proteins	217	75	75.23	13.49	34.56
GCA_900474015.1_UW106_genomic_prodigal_proteins	2762	GCA_902540675.1_AG-359-E22_genomic_prodigal_proteins	584	327	77.37	14.76	55.99
GCA_900474015.1_UW106_genomic_prodigal_proteins	2762	GCA_011055065.1_ASM1105506v1_genomic_prodigal_proteins	2792	871	53.07	11.93	31.54
GCA_900474015.1_UW106_genomic_prodigal_proteins	2762	GCA_000013205.1_ASM1320v1_genomic_prodigal_proteins	2750	917	53.08	11.80	33.35
GCA_900474015.1_UW106_genomic_prodigal_proteins	2762	GCA_003539795.1_ASM353979v1_genomic_prodigal_proteins	2284	1517	75.70	12.66	66.42
GCA_900474015.1_UW106_genomic_prodigal_proteins	2762	GCA_002171995.1_ASM217199v1_genomic_prodigal_proteins	1978	1062	70.07	13.99	53.69
GCA_900474015.1_UW106_genomic_prodigal_proteins	2762	GCA_011523835.1_ASM1152383v1_genomic_prodigal_proteins	2468	1611	71.33	14.12	65.28
GCA_900474015.1_UW106_genomic_prodigal_proteins	2762	GCA_002172175.1_ASM217217v1_genomic_prodigal_proteins	1846	1082	65.07	13.88	58.61
GCA_900474015.1_UW106_genomic_prodigal_proteins	2762	GCA_003208835.1_ASM320883v1_genomic_prodigal_proteins	2208	1426	76.72	13.04	64.58
GCA_900474015.1_UW106_genomic_prodigal_proteins	2762	GCA_902589915.1_AG-914-F20_genomic_prodigal_proteins	373	162	78.39	13.95	43.43
GCA_900474015.1_UW106_genomic_prodigal_proteins	2762	GCA_000485815.1_ASM48581v1_genomic_prodigal_proteins	3083	1025	53.57	12.78	37.11
GCA_900474015.1_UW106_genomic_prodigal_proteins	2762	GCA_008807075.1_ASM880707v1_genomic_prodigal_proteins	2925	1623	66.12	13.58	58.76
GCA_900474015.1_UW106_genomic_prodigal_proteins	2762	GCA_000179235.2_ASM17923v2_genomic_prodigal_proteins	3071	1698	67.15	13.89	61.48
GCA_900474015.1_UW106_genomic_prodigal_proteins	2762	GCA_003210795.1_ASM321079v1_genomic_prodigal_proteins	2239	1489	76.46	13.37	66.50
GCA_900474015.1_UW106_genomic_prodigal_proteins	2762	GCA_002706715.1_ASM270671v1_genomic_prodigal_proteins	1148	932	77.32	12.90	81.18
GCA_900474015.1_UW106_genomic_prodigal_proteins	2762	GCA_003331245.1_ASM333124v1_genomic_prodigal_proteins	2021	1640	76.56	12.75	81.15
GCA_900474015.1_UW106_genomic_prodigal_proteins	2762	GCA_009843385.1_ASM984338v1_genomic_prodigal_proteins	2085	973	61.45	12.82	46.67
GCA_900474015.1_UW106_genomic_prodigal_proteins	2762	GCA_003211205.1_ASM321120v1_genomic_prodigal_proteins	2288	1445	70.59	13.97	63.16
GCA_900474015.1_UW106_genomic_prodigal_proteins	2762	GCA_000063505.1_ASM6350v1_genomic_prodigal_proteins	2558	1845	71.11	14.12	72.13
GCA_900474015.1_UW106_genomic_prodigal_proteins	2762	GCA_900474245.1_UW179B_genomic_prodigal_proteins	2743	1864	70.08	14.03	67.95
GCA_900474015.1_UW106_genomic_prodigal_proteins	2762	GCA_003210345.1_ASM321034v1_genomic_prodigal_proteins	1256	829	75.81	12.89	66.00
GCA_900474015.1_UW106_genomic_prodigal_proteins	2762	GCA_003210315.1_ASM321031v1_genomic_prodigal_proteins	1815	1126	68.99	14.28	62.04
GCA_900474015.1_UW106_genomic_prodigal_proteins	2762	GCA_009836155.1_ASM983615v1_genomic_prodigal_proteins	1947	1106	61.29	12.75	56.81
GCA_900474015.1_UW106_genomic_prodigal_proteins	2762	GCA_003990665.2_ASM399066v2_genomic_prodigal_proteins	2499	1013	53.85	12.40	40.54
GCA_900474015.1_UW106_genomic_prodigal_proteins	2762	GCA_003209135.1_ASM320913v1_genomic_prodigal_proteins	1719	1083	74.40	13.72	63.00
GCA_900474015.1_UW106_genomic_prodigal_proteins	2762	GCA_009845105.1_ASM984510v1_genomic_prodigal_proteins	1941	916	60.94	12.73	47.19
GCA_900474015.1_UW106_genomic_prodigal_proteins	2762	GCA_002690325.1_ASM269032v1_genomic_prodigal_proteins	2554	1857	74.53	13.55	72.71
GCA_900474015.1_UW106_genomic_prodigal_proteins	2762	GCA_000161795.2_ASM16179v2_genomic_prodigal_proteins	2407	2035	89.63	8.25	84.55
GCA_900474015.1_UW106_genomic_prodigal_proteins	2762	GCA_004211895.1_ASM421189v1_genomic_prodigal_proteins	954	822	91.20	7.15	86.16
GCA_900474015.1_UW106_genomic_prodigal_proteins	2762	GCA_003210735.1_ASM321073v1_genomic_prodigal_proteins	2337	1539	75.92	13.54	65.85
GCA_900474015.1_UW106_genomic_prodigal_proteins	2762	GCA_003209035.1_ASM320903v1_genomic_prodigal_proteins	1803	1132	75.85	13.53	62.78
GCA_900474015.1_UW106_genomic_prodigal_proteins	2762	GCA_003712085.1_ASM371208v1_genomic_prodigal_proteins	2745	1989	78.26	13.10	72.46
GCA_900474015.1_UW106_genomic_prodigal_proteins	2762	GCA_003212155.1_ASM321215v1_genomic_prodigal_proteins	262	113	64.64	17.62	43.13
GCA_900474015.1_UW106_genomic_prodigal_proteins	2762	GCA_001040845.1_ASM104084v1_genomic_prodigal_proteins	2917	1879	70.03	14.02	68.03
GCA_900474015.1_UW106_genomic_prodigal_proteins	2762	GCA_002018015.1_ASM201801v1_genomic_prodigal_proteins	1578	889	62.05	12.78	56.34
GCA_900474015.1_UW106_genomic_prodigal_proteins	2762	GCA_003211255.1_ASM321125v1_genomic_prodigal_proteins	1850	1130	75.79	13.67	61.08
GCA_900474015.1_UW106_genomic_prodigal_proteins	2762	GCA_002721235.1_ASM272123v1_genomic_prodigal_proteins	3119	1067	53.44	12.81	38.63
GCA_900474015.1_UW106_genomic_prodigal_proteins	2762	GCA_009839305.1_ASM983930v1_genomic_prodigal_proteins	1816	874	61.63	13.26	48.13
GCA_900474015.1_UW106_genomic_prodigal_proteins	2762	GCA_011365345.1_ASM1136534v1_genomic_prodigal_proteins	2655	2289	95.72	6.20	86.21
GCA_900474015.1_UW106_genomic_prodigal_proteins	2762	GCA_001039265.1_ASM103926v1_genomic_prodigal_proteins	2832	1112	68.11	13.88	40.26
GCA_900474015.1_UW106_genomic_prodigal_proteins	2762	GCA_001628325.1_ASM162832v1_genomic_prodigal_proteins	2129	1851	90.71	7.46	86.94
GCA_900474015.1_UW106_genomic_prodigal_proteins	2762	GCA_003209215.1_ASM320921v1_genomic_prodigal_proteins	1679	1068	88.55	9.30	63.61
GCA_900474015.1_UW106_genomic_prodigal_proteins	2762	GCA_002737305.1_ASM273730v1_genomic_prodigal_proteins	1951	1219	67.14	13.78	62.48
GCA_900474015.1_UW106_genomic_prodigal_proteins	2762	GCA_003210515.1_ASM321051v1_genomic_prodigal_proteins	1673	1171	75.75	13.25	69.99
GCA_900474015.1_UW106_genomic_prodigal_proteins	2762	GCA_011525445.1_ASM1152544v1_genomic_prodigal_proteins	3208	1543	69.73	13.99	55.87
GCA_900474015.1_UW106_genomic_prodigal_proteins	2762	GCA_902599435.1_AG-916-N22_genomic_prodigal_proteins	793	496	79.24	13.20	62.55
GCA_900474015.1_UW106_genomic_prodigal_proteins	2762	GCA_003149585.1_ASM314958v1_genomic_prodigal_proteins	2600	1702	66.80	14.07	65.46
GCA_900474015.1_UW106_genomic_prodigal_proteins	2762	GCA_902560665.1_AG-905-O11_genomic_prodigal_proteins	401	224	77.90	13.74	55.86
GCA_900474015.1_UW106_genomic_prodigal_proteins	2762	GCA_003331795.1_ASM333179v1_genomic_prodigal_proteins	1948	1344	65.86	14.48	68.99
GCA_900474015.1_UW106_genomic_prodigal_proteins	2762	GCA_002017955.1_ASM201795v1_genomic_prodigal_proteins	512	254	61.65	12.50	49.61
GCA_900474015.1_UW106_genomic_prodigal_proteins	2762	GCA_902584485.1_AG-912-O23_genomic_prodigal_proteins	535	272	77.97	13.25	50.84
GCA_900474015.1_UW106_genomic_prodigal_proteins	2762	GCA_902527915.1_AG-896-G19_genomic_prodigal_proteins	1003	669	77.21	13.63	66.70
GCA_900474015.1_UW106_genomic_prodigal_proteins	2762	GCA_902635365.1_AG-447-D19_genomic_prodigal_proteins	1690	1017	76.00	13.82	60.18
GCA_900474015.1_UW106_genomic_prodigal_proteins	2762	GCA_900474085.1_UW86_genomic_prodigal_proteins	2403	2054	89.96	8.51	85.48
GCA_900474015.1_UW106_genomic_prodigal_proteins	2762	GCA_001885215.1_ASM188521v1_genomic_prodigal_proteins	2897	1610	65.74	13.43	58.29
GCA_900474015.1_UW106_genomic_prodigal_proteins	2762	GCA_902575935.1_AG-426-B22_genomic_prodigal_proteins	254	174	89.16	10.96	68.50
GCA_900474015.1_UW106_genomic_prodigal_proteins	2762	GCA_900474295.1_UW140_genomic_prodigal_proteins	2925	1899	70.89	13.95	68.75
GCA_900474015.1_UW106_genomic_prodigal_proteins	2762	GCA_003211565.1_ASM321156v1_genomic_prodigal_proteins	1489	982	88.52	9.42	65.95
GCA_900474015.1_UW106_genomic_prodigal_proteins	2762	GCA_003526105.1_ASM352610v1_genomic_prodigal_proteins	1581	1083	90.77	7.94	68.50
GCA_900474015.1_UW106_genomic_prodigal_proteins	2762	GCA_002172935.1_ASM217293v1_genomic_prodigal_proteins	1996	1409	70.14	13.83	70.59
GCA_900474015.1_UW106_genomic_prodigal_proteins	2762	GCA_003210335.1_ASM321033v1_genomic_prodigal_proteins	942	401	67.59	14.49	42.57
GCA_900474015.1_UW106_genomic_prodigal_proteins	2762	GCA_009846115.1_ASM984611v1_genomic_prodigal_proteins	2048	1045	60.95	12.90	51.03
GCA_900474015.1_UW106_genomic_prodigal_proteins	2762	GCA_001693295.1_ASM169329v1_genomic_prodigal_proteins	3183	1060	53.45	12.84	38.38
GCA_900474015.1_UW106_genomic_prodigal_proteins	2762	GCA_900473965.1_UW179A_genomic_prodigal_proteins	3383	1916	70.31	14.23	69.37
GCA_900474015.1_UW106_genomic_prodigal_proteins	2762	GCA_003213755.1_ASM321375v1_genomic_prodigal_proteins	1050	596	65.78	14.47	56.76
GCA_900474015.1_UW106_genomic_prodigal_proteins	2762	GCA_003209155.1_ASM320915v1_genomic_prodigal_proteins	2305	1447	70.56	14.03	62.78
GCA_900474015.1_UW106_genomic_prodigal_proteins	2762	GCA_003211515.1_ASM321151v1_genomic_prodigal_proteins	2451	1311	74.50	13.62	53.49
GCA_900474015.1_UW106_genomic_prodigal_proteins	2762	GCA_002693285.1_ASM269328v1_genomic_prodigal_proteins	2440	1642	71.03	13.86	67.30
GCA_900474015.1_UW106_genomic_prodigal_proteins	2762	GCA_003210555.1_ASM321055v1_genomic_prodigal_proteins	1847	1090	68.97	13.91	59.01
GCA_900474015.1_UW106_genomic_prodigal_proteins	2762	GCA_000155595.1_ASM15559v1_genomic_prodigal_proteins	5270	1114	52.96	12.71	40.33
GCA_900474015.1_UW106_genomic_prodigal_proteins	2762	GCA_001007665.1_ASM100766v1_genomic_prodigal_proteins	2356	1201	60.77	12.88	50.98
GCA_900474015.1_UW106_genomic_prodigal_proteins	2762	GCA_009919765.1_ASM991976v1_genomic_prodigal_proteins	2524	1133	66.29	14.50	44.89
GCA_900474015.1_UW106_genomic_prodigal_proteins	2762	GCA_003331225.1_ASM333122v1_genomic_prodigal_proteins	2113	1461	65.81	14.14	69.14
GCA_900474015.1_UW106_genomic_prodigal_proteins	2762	GCA_900177825.1_IMG-taxon_2708742468_annotated_assembly_genomic_prodigal_proteins	3317	1052	53.47	12.85	38.09
GCA_900474015.1_UW106_genomic_prodigal_proteins	2762	GCA_000195975.1_ASM19597v1_genomic_prodigal_proteins	2719	1985	78.15	13.14	73.00
GCA_900474015.1_UW106_genomic_prodigal_proteins	2762	GCA_902618885.1_AG-920-D15_genomic_prodigal_proteins	1178	783	78.04	13.79	66.47
GCA_900474015.1_UW106_genomic_prodigal_proteins	2762	GCA_003209165.1_ASM320916v1_genomic_prodigal_proteins	2711	1815	88.80	9.07	66.95
GCA_900474015.1_UW106_genomic_prodigal_proteins	2762	GCA_001007625.1_ASM100762v1_genomic_prodigal_proteins	2478	1047	61.30	12.96	42.25
GCA_900474015.1_UW106_genomic_prodigal_proteins	2762	GCA_008386235.1_ASM838623v1_genomic_prodigal_proteins	2571	1013	53.72	12.43	39.40
GCA_900474015.1_UW106_genomic_prodigal_proteins	2762	GCA_001631935.1_ASM163193v1_genomic_prodigal_proteins	3526	1912	70.31	14.31	69.23
GCA_900474015.1_UW106_genomic_prodigal_proteins	2762	GCA_002151525.1_ASM215152v1_genomic_prodigal_proteins	1628	1100	64.21	13.92	67.57
GCA_900474015.1_UW106_genomic_prodigal_proteins	2762	GCA_000153065.1_ASM15306v1_genomic_prodigal_proteins	2704	1777	71.58	13.61	65.72
GCA_900474015.1_UW106_genomic_prodigal_proteins	2762	GCA_009837265.1_ASM983726v1_genomic_prodigal_proteins	2126	1100	61.14	12.85	51.74
GCA_900474015.1_UW106_genomic_prodigal_proteins	2762	GCA_902533725.1_AG-898-C20_genomic_prodigal_proteins	421	222	86.08	11.21	52.73
GCA_900474015.1_UW106_genomic_prodigal_proteins	2762	GCA_002171075.2_ASM217107v2_genomic_prodigal_proteins	1919	1249	64.13	13.68	65.09
GCA_900474015.1_UW106_genomic_prodigal_proteins	2762	GCA_002760395.1_ASM276039v1_genomic_prodigal_proteins	2661	895	53.08	11.79	33.63
GCA_900474015.1_UW106_genomic_prodigal_proteins	2762	GCA_003209005.1_ASM320900v1_genomic_prodigal_proteins	2548	1586	70.24	14.14	62.24
GCA_900474015.1_UW106_genomic_prodigal_proteins	2762	GCA_002017915.1_ASM201791v1_genomic_prodigal_proteins	623	326	63.63	13.22	52.33
GCA_900474015.1_UW106_genomic_prodigal_proteins	2762	GCA_900047545.1_m9_genomic_prodigal_proteins	1575	925	60.97	12.75	58.73
GCA_900474015.1_UW106_genomic_prodigal_proteins	2762	GCA_001632105.1_ASM163210v1_genomic_prodigal_proteins	3521	1920	70.28	14.29	69.51
GCA_900474015.1_UW106_genomic_prodigal_proteins	2762	GCA_004212765.1_ASM421276v1_genomic_prodigal_proteins	1162	911	77.67	13.07	78.40
GCA_900474015.1_UW106_genomic_prodigal_proteins	2762	GCA_002685515.1_ASM268551v1_genomic_prodigal_proteins	1286	943	69.89	13.58	73.33
GCA_900474015.1_UW106_genomic_prodigal_proteins	2762	GCA_007828135.1_ASM782813v1_genomic_prodigal_proteins	2917	1611	65.76	13.44	58.33
GCA_900474015.1_UW106_genomic_prodigal_proteins	2762	GCA_011047875.1_ASM1104787v1_genomic_prodigal_proteins	2810	902	53.04	11.95	32.66
GCA_900474015.1_UW106_genomic_prodigal_proteins	2762	GCA_009840445.1_ASM984044v1_genomic_prodigal_proteins	2167	1211	61.00	12.95	55.88
GCA_900474015.1_UW106_genomic_prodigal_proteins	2762	GCA_003210995.1_ASM321099v1_genomic_prodigal_proteins	2385	1398	70.42	14.36	58.62
GCA_900474015.1_UW106_genomic_prodigal_proteins	2762	GCA_902616995.1_AG-919-L20_genomic_prodigal_proteins	654	403	78.21	12.85	61.62
GCA_900474015.1_UW106_genomic_prodigal_proteins	2762	GCA_009845825.1_ASM984582v1_genomic_prodigal_proteins	2168	1020	61.33	12.74	47.05
GCA_900474015.1_UW106_genomic_prodigal_proteins	2762	GCA_000515235.1_ASM51523v1_genomic_prodigal_proteins	2873	1979	75.36	13.29	71.65
GCA_900474015.1_UW106_genomic_prodigal_proteins	2762	GCA_003523965.1_ASM352396v1_genomic_prodigal_proteins	1735	775	62.32	13.02	44.67
GCA_900474015.1_UW106_genomic_prodigal_proteins	2762	GCA_002684175.1_ASM268417v1_genomic_prodigal_proteins	1819	1197	75.36	12.04	65.81
GCA_900474015.1_UW106_genomic_prodigal_proteins	2762	GCA_011523295.1_ASM1152329v1_genomic_prodigal_proteins	2851	1559	76.09	13.41	56.44
GCA_900474015.1_UW106_genomic_prodigal_proteins	2762	GCA_003211015.1_ASM321101v1_genomic_prodigal_proteins	2128	1370	70.47	14.02	64.38
GCA_900474015.1_UW106_genomic_prodigal_proteins	2762	GCA_002006815.1_ASM200681v1_genomic_prodigal_proteins	1973	1380	64.22	13.92	69.94
GCA_003210975.1_ASM321097v1_genomic_prodigal_proteins	627	GCA_003208915.1_ASM320891v1_genomic_prodigal_proteins	1208	223	72.80	14.87	35.57
GCA_003210975.1_ASM321097v1_genomic_prodigal_proteins	627	GCA_009837735.1_ASM983773v1_genomic_prodigal_proteins	2041	219	61.65	13.67	34.93
GCA_003210975.1_ASM321097v1_genomic_prodigal_proteins	627	GCA_902548805.1_AG-901-N20_genomic_prodigal_proteins	158	14	66.70	22.18	8.86
GCA_003210975.1_ASM321097v1_genomic_prodigal_proteins	627	GCA_003211235.1_ASM321123v1_genomic_prodigal_proteins	1698	223	75.10	15.78	35.57
GCA_003210975.1_ASM321097v1_genomic_prodigal_proteins	627	GCA_004209775.1_ASM420977v1_genomic_prodigal_proteins	2798	393	71.22	13.96	62.68
GCA_003210975.1_ASM321097v1_genomic_prodigal_proteins	627	GCA_003283215.1_ASM328321v1_genomic_prodigal_proteins	239	24	66.10	17.68	10.04
GCA_003210975.1_ASM321097v1_genomic_prodigal_proteins	627	GCA_003209555.1_ASM320955v1_genomic_prodigal_proteins	908	92	64.18	16.27	14.67
GCA_003210975.1_ASM321097v1_genomic_prodigal_proteins	627	GCA_000153805.1_ASM15380v1_genomic_prodigal_proteins	2517	441	75.67	13.77	70.33
GCA_003210975.1_ASM321097v1_genomic_prodigal_proteins	627	GCA_003283205.1_ASM328320v1_genomic_prodigal_proteins	274	35	62.62	17.86	12.77
GCA_003210975.1_ASM321097v1_genomic_prodigal_proteins	627	GCA_900473925.1_N5_genomic_prodigal_proteins	2417	409	77.09	13.88	65.23
GCA_003210975.1_ASM321097v1_genomic_prodigal_proteins	627	GCA_902592665.1_AG-447-E14_genomic_prodigal_proteins	1111	171	73.06	15.49	27.27
GCA_003210975.1_ASM321097v1_genomic_prodigal_proteins	627	GCA_011523155.1_ASM1152315v1_genomic_prodigal_proteins	2101	263	67.87	13.94	41.95
GCA_003210975.1_ASM321097v1_genomic_prodigal_proteins	627	GCA_003211275.1_ASM321127v1_genomic_prodigal_proteins	2168	259	67.57	14.66	41.31
GCA_003210975.1_ASM321097v1_genomic_prodigal_proteins	627	GCA_003957805.1_ASM395780v1_genomic_prodigal_proteins	2887	289	55.11	14.00	46.09
GCA_003210975.1_ASM321097v1_genomic_prodigal_proteins	627	GCA_012270465.1_ASM1227046v1_genomic_prodigal_proteins	2311	303	66.00	14.29	48.33
GCA_003210975.1_ASM321097v1_genomic_prodigal_proteins	627	GCA_001693255.1_ASM169325v1_genomic_prodigal_proteins	3177	256	52.71	13.60	40.83
GCA_003210975.1_ASM321097v1_genomic_prodigal_proteins	627	GCA_003210385.1_ASM321038v1_genomic_prodigal_proteins	286	18	64.43	18.47	6.29
GCA_003210975.1_ASM321097v1_genomic_prodigal_proteins	627	GCA_002170705.1_ASM217070v1_genomic_prodigal_proteins	1392	247	75.15	14.15	39.39
GCA_003210975.1_ASM321097v1_genomic_prodigal_proteins	627	GCA_002356215.1_ASM235621v1_genomic_prodigal_proteins	2953	254	52.83	13.44	40.51
GCA_003210975.1_ASM321097v1_genomic_prodigal_proteins	627	GCA_003210935.1_ASM321093v1_genomic_prodigal_proteins	1868	309	69.71	15.39	49.28
GCA_003210975.1_ASM321097v1_genomic_prodigal_proteins	627	GCA_003210535.1_ASM321053v1_genomic_prodigal_proteins	1257	146	73.36	14.11	23.29
GCA_003210975.1_ASM321097v1_genomic_prodigal_proteins	627	GCA_002724845.1_ASM272484v1_genomic_prodigal_proteins	1589	296	77.89	12.75	47.21
GCA_003210975.1_ASM321097v1_genomic_prodigal_proteins	627	GCA_000153285.1_ASM15328v1_genomic_prodigal_proteins	2746	413	70.21	14.42	65.87
GCA_003210975.1_ASM321097v1_genomic_prodigal_proteins	627	GCA_003211035.1_ASM321103v1_genomic_prodigal_proteins	530	99	75.28	14.84	18.68
GCA_003210975.1_ASM321097v1_genomic_prodigal_proteins	627	GCA_001521855.1_ASM152185v1_genomic_prodigal_proteins	3144	256	52.97	13.39	40.83
GCA_003210975.1_ASM321097v1_genomic_prodigal_proteins	627	GCA_009835965.1_ASM983596v1_genomic_prodigal_proteins	2105	291	60.86	14.07	46.41
GCA_003210975.1_ASM321097v1_genomic_prodigal_proteins	627	GCA_012269695.1_ASM1226969v1_genomic_prodigal_proteins	2043	245	65.69	14.55	39.07
GCA_003210975.1_ASM321097v1_genomic_prodigal_proteins	627	GCA_000737535.1_ASM73753v1_genomic_prodigal_proteins	3013	437	74.85	13.85	69.70
GCA_003210975.1_ASM321097v1_genomic_prodigal_proteins	627	GCA_000586015.1_SynSpo.0_genomic_prodigal_proteins	1907	229	61.61	14.63	36.52
GCA_003210975.1_ASM321097v1_genomic_prodigal_proteins	627	GCA_002760345.1_ASM276034v1_genomic_prodigal_proteins	2731	230	53.13	12.01	36.68
GCA_003210975.1_ASM321097v1_genomic_prodigal_proteins	627	GCA_000013225.1_ASM1322v1_genomic_prodigal_proteins	2844	236	52.53	12.41	37.64
GCA_003210975.1_ASM321097v1_genomic_prodigal_proteins	627	GCA_000332275.1_ASM33227v1_genomic_prodigal_proteins	4564	263	51.62	12.53	41.95
GCA_003210975.1_ASM321097v1_genomic_prodigal_proteins	627	GCA_002252675.1_ASM225267v1_genomic_prodigal_proteins	3295	340	66.80	13.99	54.23
GCA_003210975.1_ASM321097v1_genomic_prodigal_proteins	627	GCA_000737575.1_ASM73757v1_genomic_prodigal_proteins	2662	427	75.99	13.52	68.10
GCA_003210975.1_ASM321097v1_genomic_prodigal_proteins	627	GCA_902596755.1_AG-916-D19_genomic_prodigal_proteins	1152	157	73.73	15.44	25.04
GCA_003210975.1_ASM321097v1_genomic_prodigal_proteins	627	GCA_003211455.1_ASM321145v1_genomic_prodigal_proteins	1186	181	74.56	15.66	28.87
GCA_003210975.1_ASM321097v1_genomic_prodigal_proteins	627	GCA_003208755.1_ASM320875v1_genomic_prodigal_proteins	690	53	67.44	17.45	8.45
GCA_003210975.1_ASM321097v1_genomic_prodigal_proteins	627	GCA_007571215.1_ASM757121v1_genomic_prodigal_proteins	1879	287	60.65	13.74	45.77
GCA_003210975.1_ASM321097v1_genomic_prodigal_proteins	627	GCA_001007635.1_ASM100763v1_genomic_prodigal_proteins	2333	252	61.52	13.85	40.19
GCA_003210975.1_ASM321097v1_genomic_prodigal_proteins	627	GCA_000179255.1_ASM17925v1_genomic_prodigal_proteins	2729	368	66.92	13.99	58.69
GCA_003210975.1_ASM321097v1_genomic_prodigal_proteins	627	GCA_003208975.1_ASM320897v1_genomic_prodigal_proteins	1804	263	73.23	15.22	41.95
GCA_003210975.1_ASM321097v1_genomic_prodigal_proteins	627	GCA_012103655.1_ASM1210365v1_genomic_prodigal_proteins	2723	419	70.38	13.89	66.83
GCA_003210975.1_ASM321097v1_genomic_prodigal_proteins	627	GCA_902582045.1_AG-912-B07_genomic_prodigal_proteins	196	58	76.01	12.30	29.59
GCA_003210975.1_ASM321097v1_genomic_prodigal_proteins	627	GCA_000153045.1_ASM15304v1_genomic_prodigal_proteins	3242	370	66.72	14.23	59.01
GCA_003210975.1_ASM321097v1_genomic_prodigal_proteins	627	GCA_902549675.1_AG-903-B09_genomic_prodigal_proteins	836	128	74.33	15.42	20.41
GCA_003210975.1_ASM321097v1_genomic_prodigal_proteins	627	GCA_002018045.1_ASM201804v1_genomic_prodigal_proteins	1559	232	62.59	13.13	37.00
GCA_003210975.1_ASM321097v1_genomic_prodigal_proteins	627	GCA_004213055.1_ASM421305v1_genomic_prodigal_proteins	2241	353	70.77	14.64	56.30
GCA_003210975.1_ASM321097v1_genomic_prodigal_proteins	627	GCA_007571085.1_ASM757108v1_genomic_prodigal_proteins	1784	271	60.49	14.02	43.22
GCA_003210975.1_ASM321097v1_genomic_prodigal_proteins	627	GCA_009839805.1_ASM983980v1_genomic_prodigal_proteins	1848	189	59.42	12.62	30.14
GCA_003210975.1_ASM321097v1_genomic_prodigal_proteins	627	GCA_003210375.1_ASM321037v1_genomic_prodigal_proteins	2155	367	75.08	13.94	58.53
GCA_003210975.1_ASM321097v1_genomic_prodigal_proteins	627	GCA_004332415.1_ASM433241v1_genomic_prodigal_proteins	2408	402	70.72	14.59	64.11
GCA_003210975.1_ASM321097v1_genomic_prodigal_proteins	627	GCA_009836025.1_ASM983602v1_genomic_prodigal_proteins	2290	281	61.29	13.65	44.82
GCA_003210975.1_ASM321097v1_genomic_prodigal_proteins	627	GCA_009843455.1_ASM984345v1_genomic_prodigal_proteins	2423	273	61.11	13.63	43.54
GCA_003210975.1_ASM321097v1_genomic_prodigal_proteins	627	GCA_009843485.1_ASM984348v1_genomic_prodigal_proteins	2158	292	60.99	14.01	46.57
GCA_003210975.1_ASM321097v1_genomic_prodigal_proteins	627	GCA_003283135.1_ASM328313v1_genomic_prodigal_proteins	459	18	59.01	15.41	3.92
GCA_003210975.1_ASM321097v1_genomic_prodigal_proteins	627	GCA_902635485.1_AG-447-G23_genomic_prodigal_proteins	327	27	68.24	15.78	8.26
GCA_003210975.1_ASM321097v1_genomic_prodigal_proteins	627	GCA_002760415.1_ASM276041v1_genomic_prodigal_proteins	2670	229	53.15	12.03	36.52
GCA_003210975.1_ASM321097v1_genomic_prodigal_proteins	627	GCA_002754935.1_ASM275493v1_genomic_prodigal_proteins	2664	233	53.82	13.17	37.16
GCA_003210975.1_ASM321097v1_genomic_prodigal_proteins	627	GCA_002171685.2_ASM217168v2_genomic_prodigal_proteins	811	214	71.87	13.61	34.13
GCA_003210975.1_ASM321097v1_genomic_prodigal_proteins	627	GCA_000737595.1_ASM73759v1_genomic_prodigal_proteins	2774	429	77.04	13.77	68.42
GCA_003210975.1_ASM321097v1_genomic_prodigal_proteins	627	GCA_003331785.1_ASM333178v1_genomic_prodigal_proteins	2125	366	70.78	14.27	58.37
GCA_003210975.1_ASM321097v1_genomic_prodigal_proteins	627	GCA_009842265.1_ASM984226v1_genomic_prodigal_proteins	2398	271	61.17	13.71	43.22
GCA_003210975.1_ASM321097v1_genomic_prodigal_proteins	627	GCA_902579345.1_AG-911-L15_genomic_prodigal_proteins	248	105	74.29	13.79	42.34
GCA_003210975.1_ASM321097v1_genomic_prodigal_proteins	627	GCA_000011345.1_ASM1134v1_genomic_prodigal_proteins	2520	244	53.65	13.05	38.92
GCA_003210975.1_ASM321097v1_genomic_prodigal_proteins	627	GCA_003210705.1_ASM321070v1_genomic_prodigal_proteins	2244	285	69.52	15.37	45.45
GCA_003210975.1_ASM321097v1_genomic_prodigal_proteins	627	GCA_000019485.1_ASM1948v1_genomic_prodigal_proteins	3233	255	52.82	13.46	40.67
GCA_003210975.1_ASM321097v1_genomic_prodigal_proteins	627	GCA_003283055.1_ASM328305v1_genomic_prodigal_proteins	482	42	82.08	15.28	8.71
GCA_003210975.1_ASM321097v1_genomic_prodigal_proteins	627	GCA_000010065.1_ASM1006v1_genomic_prodigal_proteins	2691	285	55.05	13.92	45.45
GCA_003210975.1_ASM321097v1_genomic_prodigal_proteins	627	GCA_000316685.1_ASM31668v1_genomic_prodigal_proteins	3706	246	53.08	13.09	39.23
GCA_003210975.1_ASM321097v1_genomic_prodigal_proteins	627	GCA_000063525.1_ASM6352v1_genomic_prodigal_proteins	2540	381	65.90	14.52	60.77
GCA_003210975.1_ASM321097v1_genomic_prodigal_proteins	627	GCA_003283165.1_ASM328316v1_genomic_prodigal_proteins	217	14	64.85	18.94	6.45
GCA_003210975.1_ASM321097v1_genomic_prodigal_proteins	627	GCA_902540675.1_AG-359-E22_genomic_prodigal_proteins	584	155	78.62	13.73	26.54
GCA_003210975.1_ASM321097v1_genomic_prodigal_proteins	627	GCA_011055065.1_ASM1105506v1_genomic_prodigal_proteins	2792	216	52.64	12.18	34.45
GCA_003210975.1_ASM321097v1_genomic_prodigal_proteins	627	GCA_000013205.1_ASM1320v1_genomic_prodigal_proteins	2750	230	53.13	12.01	36.68
GCA_003210975.1_ASM321097v1_genomic_prodigal_proteins	627	GCA_003539795.1_ASM353979v1_genomic_prodigal_proteins	2284	289	75.42	13.44	46.09
GCA_003210975.1_ASM321097v1_genomic_prodigal_proteins	627	GCA_002171995.1_ASM217199v1_genomic_prodigal_proteins	1978	223	69.82	15.66	35.57
GCA_003210975.1_ASM321097v1_genomic_prodigal_proteins	627	GCA_011523835.1_ASM1152383v1_genomic_prodigal_proteins	2468	388	70.18	14.59	61.88
GCA_003210975.1_ASM321097v1_genomic_prodigal_proteins	627	GCA_002172175.1_ASM217217v1_genomic_prodigal_proteins	1846	235	64.71	14.07	37.48
GCA_003210975.1_ASM321097v1_genomic_prodigal_proteins	627	GCA_003208835.1_ASM320883v1_genomic_prodigal_proteins	2208	364	76.10	13.27	58.05
GCA_003210975.1_ASM321097v1_genomic_prodigal_proteins	627	GCA_902589915.1_AG-914-F20_genomic_prodigal_proteins	373	42	71.86	16.50	11.26
GCA_003210975.1_ASM321097v1_genomic_prodigal_proteins	627	GCA_000485815.1_ASM48581v1_genomic_prodigal_proteins	3083	249	52.68	13.54	39.71
GCA_003210975.1_ASM321097v1_genomic_prodigal_proteins	627	GCA_008807075.1_ASM880707v1_genomic_prodigal_proteins	2925	352	65.65	14.49	56.14
GCA_003210975.1_ASM321097v1_genomic_prodigal_proteins	627	GCA_000179235.2_ASM17923v2_genomic_prodigal_proteins	3071	361	66.98	13.79	57.58
GCA_003210975.1_ASM321097v1_genomic_prodigal_proteins	627	GCA_003210795.1_ASM321079v1_genomic_prodigal_proteins	2239	396	74.68	14.58	63.16
GCA_003210975.1_ASM321097v1_genomic_prodigal_proteins	627	GCA_002706715.1_ASM270671v1_genomic_prodigal_proteins	1148	329	75.33	13.54	52.47
GCA_003210975.1_ASM321097v1_genomic_prodigal_proteins	627	GCA_003331245.1_ASM333124v1_genomic_prodigal_proteins	2021	341	75.96	12.64	54.39
GCA_003210975.1_ASM321097v1_genomic_prodigal_proteins	627	GCA_009843385.1_ASM984338v1_genomic_prodigal_proteins	2085	233	61.89	13.65	37.16
GCA_003210975.1_ASM321097v1_genomic_prodigal_proteins	627	GCA_003211205.1_ASM321120v1_genomic_prodigal_proteins	2288	398	70.23	14.79	63.48
GCA_003210975.1_ASM321097v1_genomic_prodigal_proteins	627	GCA_000063505.1_ASM6350v1_genomic_prodigal_proteins	2558	417	70.21	15.17	66.51
GCA_003210975.1_ASM321097v1_genomic_prodigal_proteins	627	GCA_900474245.1_UW179B_genomic_prodigal_proteins	2743	416	70.03	14.12	66.35
GCA_003210975.1_ASM321097v1_genomic_prodigal_proteins	627	GCA_003210345.1_ASM321034v1_genomic_prodigal_proteins	1256	160	71.01	15.08	25.52
GCA_003210975.1_ASM321097v1_genomic_prodigal_proteins	627	GCA_003210315.1_ASM321031v1_genomic_prodigal_proteins	1815	186	66.53	14.92	29.67
GCA_003210975.1_ASM321097v1_genomic_prodigal_proteins	627	GCA_009836155.1_ASM983615v1_genomic_prodigal_proteins	1947	268	61.22	13.72	42.74
GCA_003210975.1_ASM321097v1_genomic_prodigal_proteins	627	GCA_003990665.2_ASM399066v2_genomic_prodigal_proteins	2499	244	53.64	13.08	38.92
GCA_003210975.1_ASM321097v1_genomic_prodigal_proteins	627	GCA_003209135.1_ASM320913v1_genomic_prodigal_proteins	1719	234	72.20	15.05	37.32
GCA_003210975.1_ASM321097v1_genomic_prodigal_proteins	627	GCA_009845105.1_ASM984510v1_genomic_prodigal_proteins	1941	231	60.95	13.75	36.84
GCA_003210975.1_ASM321097v1_genomic_prodigal_proteins	627	GCA_002690325.1_ASM269032v1_genomic_prodigal_proteins	2554	393	72.73	14.24	62.68
GCA_003210975.1_ASM321097v1_genomic_prodigal_proteins	627	GCA_000161795.2_ASM16179v2_genomic_prodigal_proteins	2407	412	77.60	13.54	65.71
GCA_003210975.1_ASM321097v1_genomic_prodigal_proteins	627	GCA_004211895.1_ASM421189v1_genomic_prodigal_proteins	954	171	77.13	14.53	27.27
GCA_003210975.1_ASM321097v1_genomic_prodigal_proteins	627	GCA_003210735.1_ASM321073v1_genomic_prodigal_proteins	2337	285	71.97	15.69	45.45
GCA_003210975.1_ASM321097v1_genomic_prodigal_proteins	627	GCA_003209035.1_ASM320903v1_genomic_prodigal_proteins	1803	341	74.31	14.90	54.39
GCA_003210975.1_ASM321097v1_genomic_prodigal_proteins	627	GCA_003712085.1_ASM371208v1_genomic_prodigal_proteins	2745	440	76.97	13.26	70.18
GCA_003210975.1_ASM321097v1_genomic_prodigal_proteins	627	GCA_003212155.1_ASM321215v1_genomic_prodigal_proteins	262	61	66.41	18.25	23.28
GCA_003210975.1_ASM321097v1_genomic_prodigal_proteins	627	GCA_001040845.1_ASM104084v1_genomic_prodigal_proteins	2917	417	70.26	14.30	66.51
GCA_003210975.1_ASM321097v1_genomic_prodigal_proteins	627	GCA_002018015.1_ASM201801v1_genomic_prodigal_proteins	1578	237	62.74	13.18	37.80
GCA_003210975.1_ASM321097v1_genomic_prodigal_proteins	627	GCA_003211255.1_ASM321125v1_genomic_prodigal_proteins	1850	283	73.01	14.84	45.14
GCA_003210975.1_ASM321097v1_genomic_prodigal_proteins	627	GCA_002721235.1_ASM272123v1_genomic_prodigal_proteins	3119	255	52.99	13.35	40.67
GCA_003210975.1_ASM321097v1_genomic_prodigal_proteins	627	GCA_009839305.1_ASM983930v1_genomic_prodigal_proteins	1816	226	61.84	14.68	36.04
GCA_003210975.1_ASM321097v1_genomic_prodigal_proteins	627	GCA_011365345.1_ASM1136534v1_genomic_prodigal_proteins	2655	441	77.51	13.09	70.33
GCA_003210975.1_ASM321097v1_genomic_prodigal_proteins	627	GCA_001039265.1_ASM103926v1_genomic_prodigal_proteins	2832	261	68.38	15.11	41.63
GCA_003210975.1_ASM321097v1_genomic_prodigal_proteins	627	GCA_001628325.1_ASM162832v1_genomic_prodigal_proteins	2129	362	77.51	13.43	57.74
GCA_003210975.1_ASM321097v1_genomic_prodigal_proteins	627	GCA_003209215.1_ASM320921v1_genomic_prodigal_proteins	1679	251	76.90	14.68	40.03
GCA_003210975.1_ASM321097v1_genomic_prodigal_proteins	627	GCA_002737305.1_ASM273730v1_genomic_prodigal_proteins	1951	283	65.14	15.15	45.14
GCA_003210975.1_ASM321097v1_genomic_prodigal_proteins	627	GCA_003210515.1_ASM321051v1_genomic_prodigal_proteins	1673	219	72.04	15.84	34.93
GCA_003210975.1_ASM321097v1_genomic_prodigal_proteins	627	GCA_011525445.1_ASM1152544v1_genomic_prodigal_proteins	3208	318	68.25	13.73	50.72
GCA_003210975.1_ASM321097v1_genomic_prodigal_proteins	627	GCA_902599435.1_AG-916-N22_genomic_prodigal_proteins	793	135	77.69	15.29	21.53
GCA_003210975.1_ASM321097v1_genomic_prodigal_proteins	627	GCA_003149585.1_ASM314958v1_genomic_prodigal_proteins	2600	363	66.70	14.37	57.89
GCA_003210975.1_ASM321097v1_genomic_prodigal_proteins	627	GCA_902560665.1_AG-905-O11_genomic_prodigal_proteins	401	70	72.82	16.70	17.46
GCA_003210975.1_ASM321097v1_genomic_prodigal_proteins	627	GCA_003331795.1_ASM333179v1_genomic_prodigal_proteins	1948	308	66.11	14.80	49.12
GCA_003210975.1_ASM321097v1_genomic_prodigal_proteins	627	GCA_002017955.1_ASM201795v1_genomic_prodigal_proteins	512	67	61.48	12.57	13.09
GCA_003210975.1_ASM321097v1_genomic_prodigal_proteins	627	GCA_902584485.1_AG-912-O23_genomic_prodigal_proteins	535	58	74.40	17.04	10.84
GCA_003210975.1_ASM321097v1_genomic_prodigal_proteins	627	GCA_902527915.1_AG-896-G19_genomic_prodigal_proteins	1003	139	74.78	14.93	22.17
GCA_003210975.1_ASM321097v1_genomic_prodigal_proteins	627	GCA_902635365.1_AG-447-D19_genomic_prodigal_proteins	1690	284	74.42	15.47	45.30
GCA_003210975.1_ASM321097v1_genomic_prodigal_proteins	627	GCA_900474085.1_UW86_genomic_prodigal_proteins	2403	417	77.27	13.66	66.51
GCA_003210975.1_ASM321097v1_genomic_prodigal_proteins	627	GCA_001885215.1_ASM188521v1_genomic_prodigal_proteins	2897	360	65.94	13.98	57.42
GCA_003210975.1_ASM321097v1_genomic_prodigal_proteins	627	GCA_902575935.1_AG-426-B22_genomic_prodigal_proteins	254	95	78.50	14.51	37.40
GCA_003210975.1_ASM321097v1_genomic_prodigal_proteins	627	GCA_900474295.1_UW140_genomic_prodigal_proteins	2925	430	70.91	14.47	68.58
GCA_003210975.1_ASM321097v1_genomic_prodigal_proteins	627	GCA_003211565.1_ASM321156v1_genomic_prodigal_proteins	1489	212	76.38	14.58	33.81
GCA_003210975.1_ASM321097v1_genomic_prodigal_proteins	627	GCA_003526105.1_ASM352610v1_genomic_prodigal_proteins	1581	231	78.73	13.88	36.84
GCA_003210975.1_ASM321097v1_genomic_prodigal_proteins	627	GCA_002172935.1_ASM217293v1_genomic_prodigal_proteins	1996	295	69.37	14.95	47.05
GCA_003210975.1_ASM321097v1_genomic_prodigal_proteins	627	GCA_003210335.1_ASM321033v1_genomic_prodigal_proteins	942	88	63.73	16.93	14.04
GCA_003210975.1_ASM321097v1_genomic_prodigal_proteins	627	GCA_009846115.1_ASM984611v1_genomic_prodigal_proteins	2048	266	61.09	14.17	42.42
GCA_003210975.1_ASM321097v1_genomic_prodigal_proteins	627	GCA_001693295.1_ASM169329v1_genomic_prodigal_proteins	3183	258	52.55	13.55	41.15
GCA_003210975.1_ASM321097v1_genomic_prodigal_proteins	627	GCA_900473965.1_UW179A_genomic_prodigal_proteins	3383	442	70.71	14.76	70.49
GCA_003210975.1_ASM321097v1_genomic_prodigal_proteins	627	GCA_003213755.1_ASM321375v1_genomic_prodigal_proteins	1050	134	64.44	16.15	21.37
GCA_003210975.1_ASM321097v1_genomic_prodigal_proteins	627	GCA_003209155.1_ASM320915v1_genomic_prodigal_proteins	2305	329	69.63	15.46	52.47
GCA_003210975.1_ASM321097v1_genomic_prodigal_proteins	627	GCA_003211515.1_ASM321151v1_genomic_prodigal_proteins	2451	309	71.88	14.10	49.28
GCA_003210975.1_ASM321097v1_genomic_prodigal_proteins	627	GCA_002693285.1_ASM269328v1_genomic_prodigal_proteins	2440	347	70.18	14.68	55.34
GCA_003210975.1_ASM321097v1_genomic_prodigal_proteins	627	GCA_003210555.1_ASM321055v1_genomic_prodigal_proteins	1847	236	67.61	14.93	37.64
GCA_003210975.1_ASM321097v1_genomic_prodigal_proteins	627	GCA_000155595.1_ASM15559v1_genomic_prodigal_proteins	5270	274	52.82	13.03	43.70
GCA_003210975.1_ASM321097v1_genomic_prodigal_proteins	627	GCA_001007665.1_ASM100766v1_genomic_prodigal_proteins	2356	285	60.93	13.79	45.45
GCA_003210975.1_ASM321097v1_genomic_prodigal_proteins	627	GCA_009919765.1_ASM991976v1_genomic_prodigal_proteins	2524	256	65.40	14.70	40.83
GCA_003210975.1_ASM321097v1_genomic_prodigal_proteins	627	GCA_003331225.1_ASM333122v1_genomic_prodigal_proteins	2113	319	66.54	14.86	50.88
GCA_003210975.1_ASM321097v1_genomic_prodigal_proteins	627	GCA_900177825.1_IMG-taxon_2708742468_annotated_assembly_genomic_prodigal_proteins	3317	251	52.76	13.57	40.03
GCA_003210975.1_ASM321097v1_genomic_prodigal_proteins	627	GCA_000195975.1_ASM19597v1_genomic_prodigal_proteins	2719	428	76.68	13.77	68.26
GCA_003210975.1_ASM321097v1_genomic_prodigal_proteins	627	GCA_902618885.1_AG-920-D15_genomic_prodigal_proteins	1178	183	76.88	16.08	29.19
GCA_003210975.1_ASM321097v1_genomic_prodigal_proteins	627	GCA_003209165.1_ASM320916v1_genomic_prodigal_proteins	2711	374	77.35	13.42	59.65
GCA_003210975.1_ASM321097v1_genomic_prodigal_proteins	627	GCA_001007625.1_ASM100762v1_genomic_prodigal_proteins	2478	251	61.67	13.44	40.03
GCA_003210975.1_ASM321097v1_genomic_prodigal_proteins	627	GCA_008386235.1_ASM838623v1_genomic_prodigal_proteins	2571	238	53.95	13.13	37.96
GCA_003210975.1_ASM321097v1_genomic_prodigal_proteins	627	GCA_001631935.1_ASM163193v1_genomic_prodigal_proteins	3526	442	70.79	14.73	70.49
GCA_003210975.1_ASM321097v1_genomic_prodigal_proteins	627	GCA_002151525.1_ASM215152v1_genomic_prodigal_proteins	1628	250	63.38	13.64	39.87
GCA_003210975.1_ASM321097v1_genomic_prodigal_proteins	627	GCA_000153065.1_ASM15306v1_genomic_prodigal_proteins	2704	396	70.96	13.95	63.16
GCA_003210975.1_ASM321097v1_genomic_prodigal_proteins	627	GCA_009837265.1_ASM983726v1_genomic_prodigal_proteins	2126	279	60.81	13.91	44.50
GCA_003210975.1_ASM321097v1_genomic_prodigal_proteins	627	GCA_902533725.1_AG-898-C20_genomic_prodigal_proteins	421	64	74.49	17.45	15.20
GCA_003210975.1_ASM321097v1_genomic_prodigal_proteins	627	GCA_002171075.2_ASM217107v2_genomic_prodigal_proteins	1919	290	64.52	14.91	46.25
GCA_003210975.1_ASM321097v1_genomic_prodigal_proteins	627	GCA_002760395.1_ASM276039v1_genomic_prodigal_proteins	2661	228	53.15	12.06	36.36
GCA_003210975.1_ASM321097v1_genomic_prodigal_proteins	627	GCA_003209005.1_ASM320900v1_genomic_prodigal_proteins	2548	345	69.37	15.13	55.02
GCA_003210975.1_ASM321097v1_genomic_prodigal_proteins	627	GCA_002017915.1_ASM201791v1_genomic_prodigal_proteins	623	95	65.26	14.11	15.25
GCA_003210975.1_ASM321097v1_genomic_prodigal_proteins	627	GCA_900047545.1_m9_genomic_prodigal_proteins	1575	213	61.50	13.39	33.97
GCA_003210975.1_ASM321097v1_genomic_prodigal_proteins	627	GCA_001632105.1_ASM163210v1_genomic_prodigal_proteins	3521	444	70.71	14.79	70.81
GCA_003210975.1_ASM321097v1_genomic_prodigal_proteins	627	GCA_004212765.1_ASM421276v1_genomic_prodigal_proteins	1162	194	75.60	15.06	30.94
GCA_003210975.1_ASM321097v1_genomic_prodigal_proteins	627	GCA_002685515.1_ASM268551v1_genomic_prodigal_proteins	1286	218	68.65	14.71	34.77
GCA_003210975.1_ASM321097v1_genomic_prodigal_proteins	627	GCA_007828135.1_ASM782813v1_genomic_prodigal_proteins	2917	361	65.92	13.96	57.58
GCA_003210975.1_ASM321097v1_genomic_prodigal_proteins	627	GCA_011047875.1_ASM1104787v1_genomic_prodigal_proteins	2810	227	52.94	12.16	36.20
GCA_003210975.1_ASM321097v1_genomic_prodigal_proteins	627	GCA_009840445.1_ASM984044v1_genomic_prodigal_proteins	2167	296	60.68	14.11	47.21
GCA_003210975.1_ASM321097v1_genomic_prodigal_proteins	627	GCA_003210995.1_ASM321099v1_genomic_prodigal_proteins	2385	374	70.51	15.21	59.65
GCA_003210975.1_ASM321097v1_genomic_prodigal_proteins	627	GCA_902616995.1_AG-919-L20_genomic_prodigal_proteins	654	95	73.58	15.87	15.15
GCA_003210975.1_ASM321097v1_genomic_prodigal_proteins	627	GCA_009845825.1_ASM984582v1_genomic_prodigal_proteins	2168	247	61.46	13.82	39.39
GCA_003210975.1_ASM321097v1_genomic_prodigal_proteins	627	GCA_000515235.1_ASM51523v1_genomic_prodigal_proteins	2873	443	75.03	13.74	70.65
GCA_003210975.1_ASM321097v1_genomic_prodigal_proteins	627	GCA_003523965.1_ASM352396v1_genomic_prodigal_proteins	1735	194	62.84	14.16	30.94
GCA_003210975.1_ASM321097v1_genomic_prodigal_proteins	627	GCA_002684175.1_ASM268417v1_genomic_prodigal_proteins	1819	301	94.76	7.99	48.01
GCA_003210975.1_ASM321097v1_genomic_prodigal_proteins	627	GCA_011523295.1_ASM1152329v1_genomic_prodigal_proteins	2851	341	72.18	13.68	54.39
GCA_003210975.1_ASM321097v1_genomic_prodigal_proteins	627	GCA_003211015.1_ASM321101v1_genomic_prodigal_proteins	2128	322	69.60	14.78	51.36
GCA_003210975.1_ASM321097v1_genomic_prodigal_proteins	627	GCA_002006815.1_ASM200681v1_genomic_prodigal_proteins	1973	309	64.14	14.26	49.28
GCA_003283205.1_ASM328320v1_genomic_prodigal_proteins	274	GCA_900473925.1_N5_genomic_prodigal_proteins	2417	80	69.88	14.73	29.20
GCA_003283205.1_ASM328320v1_genomic_prodigal_proteins	274	GCA_902592665.1_AG-447-E14_genomic_prodigal_proteins	1111	40	69.30	15.05	14.60
GCA_003283205.1_ASM328320v1_genomic_prodigal_proteins	274	GCA_011523155.1_ASM1152315v1_genomic_prodigal_proteins	2101	53	71.07	14.29	19.34
GCA_003283205.1_ASM328320v1_genomic_prodigal_proteins	274	GCA_003211275.1_ASM321127v1_genomic_prodigal_proteins	2168	106	86.88	17.90	38.69
GCA_003283205.1_ASM328320v1_genomic_prodigal_proteins	274	GCA_003957805.1_ASM395780v1_genomic_prodigal_proteins	2887	48	56.11	14.22	17.52
GCA_003283205.1_ASM328320v1_genomic_prodigal_proteins	274	GCA_012270465.1_ASM1227046v1_genomic_prodigal_proteins	2311	39	61.52	11.82	14.23
GCA_003283205.1_ASM328320v1_genomic_prodigal_proteins	274	GCA_001693255.1_ASM169325v1_genomic_prodigal_proteins	3177	41	54.24	14.69	14.96
GCA_003283205.1_ASM328320v1_genomic_prodigal_proteins	274	GCA_003210385.1_ASM321038v1_genomic_prodigal_proteins	286	1	99.30	0.00	0.36
GCA_003283205.1_ASM328320v1_genomic_prodigal_proteins	274	GCA_002170705.1_ASM217070v1_genomic_prodigal_proteins	1392	56	68.36	15.59	20.44
GCA_003283205.1_ASM328320v1_genomic_prodigal_proteins	274	GCA_002356215.1_ASM235621v1_genomic_prodigal_proteins	2953	43	53.55	14.99	15.69
GCA_003283205.1_ASM328320v1_genomic_prodigal_proteins	274	GCA_003210935.1_ASM321093v1_genomic_prodigal_proteins	1868	120	88.43	16.02	43.80
GCA_003283205.1_ASM328320v1_genomic_prodigal_proteins	274	GCA_003210535.1_ASM321053v1_genomic_prodigal_proteins	1257	29	63.00	14.95	10.58
GCA_003283205.1_ASM328320v1_genomic_prodigal_proteins	274	GCA_002724845.1_ASM272484v1_genomic_prodigal_proteins	1589	40	67.34	13.33	14.60
GCA_003283205.1_ASM328320v1_genomic_prodigal_proteins	274	GCA_000153285.1_ASM15328v1_genomic_prodigal_proteins	2746	93	73.54	15.54	33.94
GCA_003283205.1_ASM328320v1_genomic_prodigal_proteins	274	GCA_003211035.1_ASM321103v1_genomic_prodigal_proteins	530	5	64.22	7.54	1.82
GCA_003283205.1_ASM328320v1_genomic_prodigal_proteins	274	GCA_001521855.1_ASM152185v1_genomic_prodigal_proteins	3144	43	53.85	14.70	15.69
GCA_003283205.1_ASM328320v1_genomic_prodigal_proteins	274	GCA_009835965.1_ASM983596v1_genomic_prodigal_proteins	2105	41	61.09	14.53	14.96
GCA_003283205.1_ASM328320v1_genomic_prodigal_proteins	274	GCA_012269695.1_ASM1226969v1_genomic_prodigal_proteins	2043	33	60.24	14.55	12.04
GCA_003283205.1_ASM328320v1_genomic_prodigal_proteins	274	GCA_000737535.1_ASM73753v1_genomic_prodigal_proteins	3013	79	67.56	16.12	28.83
GCA_003283205.1_ASM328320v1_genomic_prodigal_proteins	274	GCA_000586015.1_SynSpo.0_genomic_prodigal_proteins	1907	31	63.00	15.12	11.31
GCA_003283205.1_ASM328320v1_genomic_prodigal_proteins	274	GCA_002760345.1_ASM276034v1_genomic_prodigal_proteins	2731	34	55.74	13.05	12.41
GCA_003283205.1_ASM328320v1_genomic_prodigal_proteins	274	GCA_000013225.1_ASM1322v1_genomic_prodigal_proteins	2844	37	54.26	14.12	13.50
GCA_003283205.1_ASM328320v1_genomic_prodigal_proteins	274	GCA_000332275.1_ASM33227v1_genomic_prodigal_proteins	4564	44	52.15	12.55	16.06
GCA_003283205.1_ASM328320v1_genomic_prodigal_proteins	274	GCA_002252675.1_ASM225267v1_genomic_prodigal_proteins	3295	62	66.35	15.28	22.63
GCA_003283205.1_ASM328320v1_genomic_prodigal_proteins	274	GCA_000737575.1_ASM73757v1_genomic_prodigal_proteins	2662	85	67.60	15.55	31.02
GCA_003283205.1_ASM328320v1_genomic_prodigal_proteins	274	GCA_902596755.1_AG-916-D19_genomic_prodigal_proteins	1152	25	71.28	13.61	9.12
GCA_003283205.1_ASM328320v1_genomic_prodigal_proteins	274	GCA_003211455.1_ASM321145v1_genomic_prodigal_proteins	1186	21	61.64	16.64	7.66
GCA_003283205.1_ASM328320v1_genomic_prodigal_proteins	274	GCA_003208755.1_ASM320875v1_genomic_prodigal_proteins	690	26	67.04	15.55	9.49
GCA_003283205.1_ASM328320v1_genomic_prodigal_proteins	274	GCA_007571215.1_ASM757121v1_genomic_prodigal_proteins	1879	41	61.08	14.87	14.96
GCA_003283205.1_ASM328320v1_genomic_prodigal_proteins	274	GCA_001007635.1_ASM100763v1_genomic_prodigal_proteins	2333	42	61.52	14.50	15.33
GCA_003283205.1_ASM328320v1_genomic_prodigal_proteins	274	GCA_000179255.1_ASM17925v1_genomic_prodigal_proteins	2729	63	66.54	14.33	22.99
GCA_003283205.1_ASM328320v1_genomic_prodigal_proteins	274	GCA_003208975.1_ASM320897v1_genomic_prodigal_proteins	1804	44	68.16	17.68	16.06
GCA_003283205.1_ASM328320v1_genomic_prodigal_proteins	274	GCA_012103655.1_ASM1210365v1_genomic_prodigal_proteins	2723	80	69.99	16.96	29.20
GCA_003283205.1_ASM328320v1_genomic_prodigal_proteins	274	GCA_902582045.1_AG-912-B07_genomic_prodigal_proteins	196	2	67.75	14.65	1.02
GCA_003283205.1_ASM328320v1_genomic_prodigal_proteins	274	GCA_000153045.1_ASM15304v1_genomic_prodigal_proteins	3242	62	66.53	15.41	22.63
GCA_003283205.1_ASM328320v1_genomic_prodigal_proteins	274	GCA_902549675.1_AG-903-B09_genomic_prodigal_proteins	836	33	69.84	17.56	12.04
GCA_003283205.1_ASM328320v1_genomic_prodigal_proteins	274	GCA_002018045.1_ASM201804v1_genomic_prodigal_proteins	1559	42	60.85	14.44	15.33
GCA_003283205.1_ASM328320v1_genomic_prodigal_proteins	274	GCA_004213055.1_ASM421305v1_genomic_prodigal_proteins	2241	65	70.81	16.55	23.72
GCA_003283205.1_ASM328320v1_genomic_prodigal_proteins	274	GCA_007571085.1_ASM757108v1_genomic_prodigal_proteins	1784	39	61.01	15.04	14.23
GCA_003283205.1_ASM328320v1_genomic_prodigal_proteins	274	GCA_009839805.1_ASM983980v1_genomic_prodigal_proteins	1848	34	59.49	14.00	12.41
GCA_003283205.1_ASM328320v1_genomic_prodigal_proteins	274	GCA_003210375.1_ASM321037v1_genomic_prodigal_proteins	2155	70	68.48	15.53	25.55
GCA_003283205.1_ASM328320v1_genomic_prodigal_proteins	274	GCA_004332415.1_ASM433241v1_genomic_prodigal_proteins	2408	68	74.30	13.44	24.82
GCA_003283205.1_ASM328320v1_genomic_prodigal_proteins	274	GCA_009836025.1_ASM983602v1_genomic_prodigal_proteins	2290	45	61.38	14.82	16.42
GCA_003283205.1_ASM328320v1_genomic_prodigal_proteins	274	GCA_009843455.1_ASM984345v1_genomic_prodigal_proteins	2423	45	61.26	14.81	16.42
GCA_003283205.1_ASM328320v1_genomic_prodigal_proteins	274	GCA_009843485.1_ASM984348v1_genomic_prodigal_proteins	2158	42	61.75	15.10	15.33
GCA_003283205.1_ASM328320v1_genomic_prodigal_proteins	274	GCA_003283135.1_ASM328313v1_genomic_prodigal_proteins	459	11	59.64	14.23	4.01
GCA_003283205.1_ASM328320v1_genomic_prodigal_proteins	274	GCA_902635485.1_AG-447-G23_genomic_prodigal_proteins	327	15	68.59	11.32	5.47
GCA_003283205.1_ASM328320v1_genomic_prodigal_proteins	274	GCA_002760415.1_ASM276041v1_genomic_prodigal_proteins	2670	34	55.76	12.99	12.41
GCA_003283205.1_ASM328320v1_genomic_prodigal_proteins	274	GCA_002754935.1_ASM275493v1_genomic_prodigal_proteins	2664	38	54.82	14.22	13.87
GCA_003283205.1_ASM328320v1_genomic_prodigal_proteins	274	GCA_002171685.2_ASM217168v2_genomic_prodigal_proteins	811	16	69.01	21.74	5.84
GCA_003283205.1_ASM328320v1_genomic_prodigal_proteins	274	GCA_000737595.1_ASM73759v1_genomic_prodigal_proteins	2774	81	67.11	16.05	29.56
GCA_003283205.1_ASM328320v1_genomic_prodigal_proteins	274	GCA_003331785.1_ASM333178v1_genomic_prodigal_proteins	2125	72	73.06	15.38	26.28
GCA_003283205.1_ASM328320v1_genomic_prodigal_proteins	274	GCA_009842265.1_ASM984226v1_genomic_prodigal_proteins	2398	46	60.66	15.01	16.79
GCA_003283205.1_ASM328320v1_genomic_prodigal_proteins	274	GCA_902579345.1_AG-911-L15_genomic_prodigal_proteins	248	4	54.02	18.86	1.61
GCA_003283205.1_ASM328320v1_genomic_prodigal_proteins	274	GCA_000011345.1_ASM1134v1_genomic_prodigal_proteins	2520	39	55.81	13.01	14.23
GCA_003283205.1_ASM328320v1_genomic_prodigal_proteins	274	GCA_003210705.1_ASM321070v1_genomic_prodigal_proteins	2244	111	89.83	15.74	40.51
GCA_003283205.1_ASM328320v1_genomic_prodigal_proteins	274	GCA_000019485.1_ASM1948v1_genomic_prodigal_proteins	3233	43	53.79	14.65	15.69
GCA_003283205.1_ASM328320v1_genomic_prodigal_proteins	274	GCA_003283055.1_ASM328305v1_genomic_prodigal_proteins	482	12	61.72	18.75	4.38
GCA_003283205.1_ASM328320v1_genomic_prodigal_proteins	274	GCA_000010065.1_ASM1006v1_genomic_prodigal_proteins	2691	48	56.38	13.93	17.52
GCA_003283205.1_ASM328320v1_genomic_prodigal_proteins	274	GCA_000316685.1_ASM31668v1_genomic_prodigal_proteins	3706	36	55.86	13.44	13.14
GCA_003283205.1_ASM328320v1_genomic_prodigal_proteins	274	GCA_000063525.1_ASM6352v1_genomic_prodigal_proteins	2540	69	63.70	15.12	25.18
GCA_003283205.1_ASM328320v1_genomic_prodigal_proteins	274	GCA_003283165.1_ASM328316v1_genomic_prodigal_proteins	217	3	49.33	5.03	1.38
GCA_003283205.1_ASM328320v1_genomic_prodigal_proteins	274	GCA_902540675.1_AG-359-E22_genomic_prodigal_proteins	584	15	70.61	17.40	5.47
GCA_003283205.1_ASM328320v1_genomic_prodigal_proteins	274	GCA_011055065.1_ASM1105506v1_genomic_prodigal_proteins	2792	36	55.09	13.46	13.14
GCA_003283205.1_ASM328320v1_genomic_prodigal_proteins	274	GCA_000013205.1_ASM1320v1_genomic_prodigal_proteins	2750	34	55.71	13.08	12.41
GCA_003283205.1_ASM328320v1_genomic_prodigal_proteins	274	GCA_003539795.1_ASM353979v1_genomic_prodigal_proteins	2284	46	65.13	15.40	16.79
GCA_003283205.1_ASM328320v1_genomic_prodigal_proteins	274	GCA_002171995.1_ASM217199v1_genomic_prodigal_proteins	1978	38	71.69	14.50	13.87
GCA_003283205.1_ASM328320v1_genomic_prodigal_proteins	274	GCA_011523835.1_ASM1152383v1_genomic_prodigal_proteins	2468	71	71.71	17.24	25.91
GCA_003283205.1_ASM328320v1_genomic_prodigal_proteins	274	GCA_002172175.1_ASM217217v1_genomic_prodigal_proteins	1846	15	55.29	13.48	5.47
GCA_003283205.1_ASM328320v1_genomic_prodigal_proteins	274	GCA_003208835.1_ASM320883v1_genomic_prodigal_proteins	2208	70	69.31	15.62	25.55
GCA_003283205.1_ASM328320v1_genomic_prodigal_proteins	274	GCA_902589915.1_AG-914-F20_genomic_prodigal_proteins	373	9	68.19	11.95	3.28
GCA_003283205.1_ASM328320v1_genomic_prodigal_proteins	274	GCA_000485815.1_ASM48581v1_genomic_prodigal_proteins	3083	40	53.28	13.95	14.60
GCA_003283205.1_ASM328320v1_genomic_prodigal_proteins	274	GCA_008807075.1_ASM880707v1_genomic_prodigal_proteins	2925	65	65.88	15.89	23.72
GCA_003283205.1_ASM328320v1_genomic_prodigal_proteins	274	GCA_000179235.2_ASM17923v2_genomic_prodigal_proteins	3071	62	67.40	15.75	22.63
GCA_003283205.1_ASM328320v1_genomic_prodigal_proteins	274	GCA_003210795.1_ASM321079v1_genomic_prodigal_proteins	2239	70	68.87	14.41	25.55
GCA_003283205.1_ASM328320v1_genomic_prodigal_proteins	274	GCA_002706715.1_ASM270671v1_genomic_prodigal_proteins	1148	31	71.55	17.25	11.31
GCA_003283205.1_ASM328320v1_genomic_prodigal_proteins	274	GCA_003331245.1_ASM333124v1_genomic_prodigal_proteins	2021	46	63.05	13.91	16.79
GCA_003283205.1_ASM328320v1_genomic_prodigal_proteins	274	GCA_009843385.1_ASM984338v1_genomic_prodigal_proteins	2085	39	59.85	15.69	14.23
GCA_003283205.1_ASM328320v1_genomic_prodigal_proteins	274	GCA_003211205.1_ASM321120v1_genomic_prodigal_proteins	2288	86	89.08	16.51	31.39
GCA_003283205.1_ASM328320v1_genomic_prodigal_proteins	274	GCA_000063505.1_ASM6350v1_genomic_prodigal_proteins	2558	84	74.60	15.76	30.66
GCA_003283205.1_ASM328320v1_genomic_prodigal_proteins	274	GCA_900474245.1_UW179B_genomic_prodigal_proteins	2743	90	69.88	16.62	32.85
GCA_003283205.1_ASM328320v1_genomic_prodigal_proteins	274	GCA_003210345.1_ASM321034v1_genomic_prodigal_proteins	1256	44	66.96	16.29	16.06
GCA_003283205.1_ASM328320v1_genomic_prodigal_proteins	274	GCA_003210315.1_ASM321031v1_genomic_prodigal_proteins	1815	60	66.69	16.37	21.90
GCA_003283205.1_ASM328320v1_genomic_prodigal_proteins	274	GCA_009836155.1_ASM983615v1_genomic_prodigal_proteins	1947	45	61.21	14.60	16.42
GCA_003283205.1_ASM328320v1_genomic_prodigal_proteins	274	GCA_003990665.2_ASM399066v2_genomic_prodigal_proteins	2499	39	55.84	13.02	14.23
GCA_003283205.1_ASM328320v1_genomic_prodigal_proteins	274	GCA_003209135.1_ASM320913v1_genomic_prodigal_proteins	1719	38	59.43	18.18	13.87
GCA_003283205.1_ASM328320v1_genomic_prodigal_proteins	274	GCA_009845105.1_ASM984510v1_genomic_prodigal_proteins	1941	40	60.12	15.36	14.60
GCA_003283205.1_ASM328320v1_genomic_prodigal_proteins	274	GCA_002690325.1_ASM269032v1_genomic_prodigal_proteins	2554	70	67.03	16.03	25.55
GCA_003283205.1_ASM328320v1_genomic_prodigal_proteins	274	GCA_000161795.2_ASM16179v2_genomic_prodigal_proteins	2407	78	70.02	15.19	28.47
GCA_003283205.1_ASM328320v1_genomic_prodigal_proteins	274	GCA_004211895.1_ASM421189v1_genomic_prodigal_proteins	954	16	61.15	14.26	5.84
GCA_003283205.1_ASM328320v1_genomic_prodigal_proteins	274	GCA_003210735.1_ASM321073v1_genomic_prodigal_proteins	2337	66	66.83	15.51	24.09
GCA_003283205.1_ASM328320v1_genomic_prodigal_proteins	274	GCA_003209035.1_ASM320903v1_genomic_prodigal_proteins	1803	38	61.29	15.86	13.87
GCA_003283205.1_ASM328320v1_genomic_prodigal_proteins	274	GCA_003712085.1_ASM371208v1_genomic_prodigal_proteins	2745	77	68.26	15.11	28.10
GCA_003283205.1_ASM328320v1_genomic_prodigal_proteins	274	GCA_003212155.1_ASM321215v1_genomic_prodigal_proteins	262	15	64.78	18.44	5.73
GCA_003283205.1_ASM328320v1_genomic_prodigal_proteins	274	GCA_001040845.1_ASM104084v1_genomic_prodigal_proteins	2917	96	72.03	14.71	35.04
GCA_003283205.1_ASM328320v1_genomic_prodigal_proteins	274	GCA_002018015.1_ASM201801v1_genomic_prodigal_proteins	1578	35	63.47	14.77	12.77
GCA_003283205.1_ASM328320v1_genomic_prodigal_proteins	274	GCA_003211255.1_ASM321125v1_genomic_prodigal_proteins	1850	51	64.76	17.32	18.61
GCA_003283205.1_ASM328320v1_genomic_prodigal_proteins	274	GCA_002721235.1_ASM272123v1_genomic_prodigal_proteins	3119	43	53.75	14.74	15.69
GCA_003283205.1_ASM328320v1_genomic_prodigal_proteins	274	GCA_009839305.1_ASM983930v1_genomic_prodigal_proteins	1816	33	62.46	15.45	12.04
GCA_003283205.1_ASM328320v1_genomic_prodigal_proteins	274	GCA_011365345.1_ASM1136534v1_genomic_prodigal_proteins	2655	80	68.36	15.66	29.20
GCA_003283205.1_ASM328320v1_genomic_prodigal_proteins	274	GCA_001039265.1_ASM103926v1_genomic_prodigal_proteins	2832	48	67.67	16.88	17.52
GCA_003283205.1_ASM328320v1_genomic_prodigal_proteins	274	GCA_001628325.1_ASM162832v1_genomic_prodigal_proteins	2129	50	67.51	14.14	18.25
GCA_003283205.1_ASM328320v1_genomic_prodigal_proteins	274	GCA_003209215.1_ASM320921v1_genomic_prodigal_proteins	1679	40	70.70	15.97	14.60
GCA_003283205.1_ASM328320v1_genomic_prodigal_proteins	274	GCA_002737305.1_ASM273730v1_genomic_prodigal_proteins	1951	47	68.44	14.15	17.15
GCA_003283205.1_ASM328320v1_genomic_prodigal_proteins	274	GCA_003210515.1_ASM321051v1_genomic_prodigal_proteins	1673	37	62.10	14.99	13.50
GCA_003283205.1_ASM328320v1_genomic_prodigal_proteins	274	GCA_011525445.1_ASM1152544v1_genomic_prodigal_proteins	3208	53	67.77	15.23	19.34
GCA_003283205.1_ASM328320v1_genomic_prodigal_proteins	274	GCA_902599435.1_AG-916-N22_genomic_prodigal_proteins	793	33	74.40	15.58	12.04
GCA_003283205.1_ASM328320v1_genomic_prodigal_proteins	274	GCA_003149585.1_ASM314958v1_genomic_prodigal_proteins	2600	62	68.27	14.66	22.63
GCA_003283205.1_ASM328320v1_genomic_prodigal_proteins	274	GCA_902560665.1_AG-905-O11_genomic_prodigal_proteins	401	8	68.78	22.87	2.92
GCA_003283205.1_ASM328320v1_genomic_prodigal_proteins	274	GCA_003331795.1_ASM333179v1_genomic_prodigal_proteins	1948	20	57.03	14.10	7.30
GCA_003283205.1_ASM328320v1_genomic_prodigal_proteins	274	GCA_002017955.1_ASM201795v1_genomic_prodigal_proteins	512	11	61.44	12.21	4.01
GCA_003283205.1_ASM328320v1_genomic_prodigal_proteins	274	GCA_902584485.1_AG-912-O23_genomic_prodigal_proteins	535	15	72.25	16.93	5.47
GCA_003283205.1_ASM328320v1_genomic_prodigal_proteins	274	GCA_902527915.1_AG-896-G19_genomic_prodigal_proteins	1003	31	66.26	17.44	11.31
GCA_003283205.1_ASM328320v1_genomic_prodigal_proteins	274	GCA_902635365.1_AG-447-D19_genomic_prodigal_proteins	1690	39	64.14	16.88	14.23
GCA_003283205.1_ASM328320v1_genomic_prodigal_proteins	274	GCA_900474085.1_UW86_genomic_prodigal_proteins	2403	72	69.15	14.93	26.28
GCA_003283205.1_ASM328320v1_genomic_prodigal_proteins	274	GCA_001885215.1_ASM188521v1_genomic_prodigal_proteins	2897	60	64.82	14.70	21.90
GCA_003283205.1_ASM328320v1_genomic_prodigal_proteins	274	GCA_902575935.1_AG-426-B22_genomic_prodigal_proteins	254	6	73.47	22.45	2.36
GCA_003283205.1_ASM328320v1_genomic_prodigal_proteins	274	GCA_900474295.1_UW140_genomic_prodigal_proteins	2925	97	70.24	15.12	35.40
GCA_003283205.1_ASM328320v1_genomic_prodigal_proteins	274	GCA_003211565.1_ASM321156v1_genomic_prodigal_proteins	1489	45	68.20	15.16	16.42
GCA_003283205.1_ASM328320v1_genomic_prodigal_proteins	274	GCA_003526105.1_ASM352610v1_genomic_prodigal_proteins	1581	35	63.94	15.44	12.77
GCA_003283205.1_ASM328320v1_genomic_prodigal_proteins	274	GCA_002172935.1_ASM217293v1_genomic_prodigal_proteins	1996	51	71.04	17.92	18.61
GCA_003283205.1_ASM328320v1_genomic_prodigal_proteins	274	GCA_003210335.1_ASM321033v1_genomic_prodigal_proteins	942	76	78.94	16.04	27.74
GCA_003283205.1_ASM328320v1_genomic_prodigal_proteins	274	GCA_009846115.1_ASM984611v1_genomic_prodigal_proteins	2048	38	60.46	15.96	13.87
GCA_003283205.1_ASM328320v1_genomic_prodigal_proteins	274	GCA_001693295.1_ASM169329v1_genomic_prodigal_proteins	3183	43	53.74	14.67	15.69
GCA_003283205.1_ASM328320v1_genomic_prodigal_proteins	274	GCA_900473965.1_UW179A_genomic_prodigal_proteins	3383	126	83.39	14.11	45.99
GCA_003283205.1_ASM328320v1_genomic_prodigal_proteins	274	GCA_003213755.1_ASM321375v1_genomic_prodigal_proteins	1050	25	62.17	17.81	9.12
GCA_003283205.1_ASM328320v1_genomic_prodigal_proteins	274	GCA_003209155.1_ASM320915v1_genomic_prodigal_proteins	2305	101	93.56	11.71	36.86
GCA_003283205.1_ASM328320v1_genomic_prodigal_proteins	274	GCA_003211515.1_ASM321151v1_genomic_prodigal_proteins	2451	53	64.65	15.86	19.34
GCA_003283205.1_ASM328320v1_genomic_prodigal_proteins	274	GCA_002693285.1_ASM269328v1_genomic_prodigal_proteins	2440	74	78.05	13.01	27.01
GCA_003283205.1_ASM328320v1_genomic_prodigal_proteins	274	GCA_003210555.1_ASM321055v1_genomic_prodigal_proteins	1847	66	69.61	16.58	24.09
GCA_003283205.1_ASM328320v1_genomic_prodigal_proteins	274	GCA_000155595.1_ASM15559v1_genomic_prodigal_proteins	5270	46	52.98	14.71	16.79
GCA_003283205.1_ASM328320v1_genomic_prodigal_proteins	274	GCA_001007665.1_ASM100766v1_genomic_prodigal_proteins	2356	46	61.11	14.80	16.79
GCA_003283205.1_ASM328320v1_genomic_prodigal_proteins	274	GCA_009919765.1_ASM991976v1_genomic_prodigal_proteins	2524	24	56.44	13.92	8.76
GCA_003283205.1_ASM328320v1_genomic_prodigal_proteins	274	GCA_003331225.1_ASM333122v1_genomic_prodigal_proteins	2113	39	64.03	12.76	14.23
GCA_003283205.1_ASM328320v1_genomic_prodigal_proteins	274	GCA_900177825.1_IMG-taxon_2708742468_annotated_assembly_genomic_prodigal_proteins	3317	42	54.03	14.74	15.33
GCA_003283205.1_ASM328320v1_genomic_prodigal_proteins	274	GCA_000195975.1_ASM19597v1_genomic_prodigal_proteins	2719	79	69.05	14.53	28.83
GCA_003283205.1_ASM328320v1_genomic_prodigal_proteins	274	GCA_902618885.1_AG-920-D15_genomic_prodigal_proteins	1178	38	66.91	15.67	13.87
GCA_003283205.1_ASM328320v1_genomic_prodigal_proteins	274	GCA_003209165.1_ASM320916v1_genomic_prodigal_proteins	2711	80	67.96	15.16	29.20
GCA_003283205.1_ASM328320v1_genomic_prodigal_proteins	274	GCA_001007625.1_ASM100762v1_genomic_prodigal_proteins	2478	39	61.52	15.03	14.23
GCA_003283205.1_ASM328320v1_genomic_prodigal_proteins	274	GCA_008386235.1_ASM838623v1_genomic_prodigal_proteins	2571	41	55.33	13.32	14.96
GCA_003283205.1_ASM328320v1_genomic_prodigal_proteins	274	GCA_001631935.1_ASM163193v1_genomic_prodigal_proteins	3526	123	83.64	14.53	44.89
GCA_003283205.1_ASM328320v1_genomic_prodigal_proteins	274	GCA_002151525.1_ASM215152v1_genomic_prodigal_proteins	1628	28	66.63	15.91	10.22
GCA_003283205.1_ASM328320v1_genomic_prodigal_proteins	274	GCA_000153065.1_ASM15306v1_genomic_prodigal_proteins	2704	83	72.54	14.89	30.29
GCA_003283205.1_ASM328320v1_genomic_prodigal_proteins	274	GCA_009837265.1_ASM983726v1_genomic_prodigal_proteins	2126	39	61.10	14.82	14.23
GCA_003283205.1_ASM328320v1_genomic_prodigal_proteins	274	GCA_902533725.1_AG-898-C20_genomic_prodigal_proteins	421	21	70.49	15.66	7.66
GCA_003283205.1_ASM328320v1_genomic_prodigal_proteins	274	GCA_002171075.2_ASM217107v2_genomic_prodigal_proteins	1919	53	63.43	14.13	19.34
GCA_003283205.1_ASM328320v1_genomic_prodigal_proteins	274	GCA_002760395.1_ASM276039v1_genomic_prodigal_proteins	2661	34	55.73	12.98	12.41
GCA_003283205.1_ASM328320v1_genomic_prodigal_proteins	274	GCA_003209005.1_ASM320900v1_genomic_prodigal_proteins	2548	130	86.92	16.86	47.45
GCA_003283205.1_ASM328320v1_genomic_prodigal_proteins	274	GCA_002017915.1_ASM201791v1_genomic_prodigal_proteins	623	27	61.36	14.81	9.85
GCA_003283205.1_ASM328320v1_genomic_prodigal_proteins	274	GCA_900047545.1_m9_genomic_prodigal_proteins	1575	31	64.80	14.54	11.31
GCA_003283205.1_ASM328320v1_genomic_prodigal_proteins	274	GCA_001632105.1_ASM163210v1_genomic_prodigal_proteins	3521	125	83.80	14.28	45.62
GCA_003283205.1_ASM328320v1_genomic_prodigal_proteins	274	GCA_004212765.1_ASM421276v1_genomic_prodigal_proteins	1162	30	68.71	17.09	10.95
GCA_003283205.1_ASM328320v1_genomic_prodigal_proteins	274	GCA_002685515.1_ASM268551v1_genomic_prodigal_proteins	1286	22	71.12	25.95	8.03
GCA_003283205.1_ASM328320v1_genomic_prodigal_proteins	274	GCA_007828135.1_ASM782813v1_genomic_prodigal_proteins	2917	61	65.34	15.13	22.26
GCA_003283205.1_ASM328320v1_genomic_prodigal_proteins	274	GCA_011047875.1_ASM1104787v1_genomic_prodigal_proteins	2810	35	54.99	13.72	12.77
GCA_003283205.1_ASM328320v1_genomic_prodigal_proteins	274	GCA_009840445.1_ASM984044v1_genomic_prodigal_proteins	2167	43	61.81	14.85	15.69
GCA_003283205.1_ASM328320v1_genomic_prodigal_proteins	274	GCA_003210995.1_ASM321099v1_genomic_prodigal_proteins	2385	108	87.68	17.82	39.42
GCA_003283205.1_ASM328320v1_genomic_prodigal_proteins	274	GCA_902616995.1_AG-919-L20_genomic_prodigal_proteins	654	19	70.77	17.18	6.93
GCA_003283205.1_ASM328320v1_genomic_prodigal_proteins	274	GCA_009845825.1_ASM984582v1_genomic_prodigal_proteins	2168	40	59.75	14.68	14.60
GCA_003283205.1_ASM328320v1_genomic_prodigal_proteins	274	GCA_000515235.1_ASM51523v1_genomic_prodigal_proteins	2873	81	66.59	16.58	29.56
GCA_003283205.1_ASM328320v1_genomic_prodigal_proteins	274	GCA_003523965.1_ASM352396v1_genomic_prodigal_proteins	1735	33	62.71	14.74	12.04
GCA_003283205.1_ASM328320v1_genomic_prodigal_proteins	274	GCA_002684175.1_ASM268417v1_genomic_prodigal_proteins	1819	28	64.61	16.40	10.22
GCA_003283205.1_ASM328320v1_genomic_prodigal_proteins	274	GCA_011523295.1_ASM1152329v1_genomic_prodigal_proteins	2851	57	65.57	15.06	20.80
GCA_003283205.1_ASM328320v1_genomic_prodigal_proteins	274	GCA_003211015.1_ASM321101v1_genomic_prodigal_proteins	2128	71	78.06	22.73	25.91
GCA_003283205.1_ASM328320v1_genomic_prodigal_proteins	274	GCA_002006815.1_ASM200681v1_genomic_prodigal_proteins	1973	35	63.37	16.23	12.77
GCA_003208915.1_ASM320891v1_genomic_prodigal_proteins	1208	GCA_009837735.1_ASM983773v1_genomic_prodigal_proteins	2041	324	60.76	12.52	26.82
GCA_003208915.1_ASM320891v1_genomic_prodigal_proteins	1208	GCA_902548805.1_AG-901-N20_genomic_prodigal_proteins	158	35	69.44	19.78	22.15
GCA_003208915.1_ASM320891v1_genomic_prodigal_proteins	1208	GCA_003211235.1_ASM321123v1_genomic_prodigal_proteins	1698	526	95.40	8.52	43.54
GCA_003208915.1_ASM320891v1_genomic_prodigal_proteins	1208	GCA_004209775.1_ASM420977v1_genomic_prodigal_proteins	2798	615	70.49	13.96	50.91
GCA_003208915.1_ASM320891v1_genomic_prodigal_proteins	1208	GCA_003283215.1_ASM328321v1_genomic_prodigal_proteins	239	44	72.14	16.80	18.41
GCA_003208915.1_ASM320891v1_genomic_prodigal_proteins	1208	GCA_003209555.1_ASM320955v1_genomic_prodigal_proteins	908	172	63.31	16.42	18.94
GCA_003208915.1_ASM320891v1_genomic_prodigal_proteins	1208	GCA_000153805.1_ASM15380v1_genomic_prodigal_proteins	2517	713	73.90	13.87	59.02
GCA_003208915.1_ASM320891v1_genomic_prodigal_proteins	1208	GCA_003283205.1_ASM328320v1_genomic_prodigal_proteins	274	49	64.73	16.18	17.88
GCA_003208915.1_ASM320891v1_genomic_prodigal_proteins	1208	GCA_900473925.1_N5_genomic_prodigal_proteins	2417	669	76.72	13.34	55.38
GCA_003208915.1_ASM320891v1_genomic_prodigal_proteins	1208	GCA_902592665.1_AG-447-E14_genomic_prodigal_proteins	1111	263	72.27	15.56	23.67
GCA_003208915.1_ASM320891v1_genomic_prodigal_proteins	1208	GCA_011523155.1_ASM1152315v1_genomic_prodigal_proteins	2101	460	68.78	13.71	38.08
GCA_003208915.1_ASM320891v1_genomic_prodigal_proteins	1208	GCA_003211275.1_ASM321127v1_genomic_prodigal_proteins	2168	484	68.56	14.39	40.07
GCA_003208915.1_ASM320891v1_genomic_prodigal_proteins	1208	GCA_003957805.1_ASM395780v1_genomic_prodigal_proteins	2887	424	55.44	12.92	35.10
GCA_003208915.1_ASM320891v1_genomic_prodigal_proteins	1208	GCA_012270465.1_ASM1227046v1_genomic_prodigal_proteins	2311	477	63.57	14.35	39.49
GCA_003208915.1_ASM320891v1_genomic_prodigal_proteins	1208	GCA_001693255.1_ASM169325v1_genomic_prodigal_proteins	3177	376	53.03	12.56	31.13
GCA_003208915.1_ASM320891v1_genomic_prodigal_proteins	1208	GCA_003210385.1_ASM321038v1_genomic_prodigal_proteins	286	92	67.41	13.69	32.17
GCA_003208915.1_ASM320891v1_genomic_prodigal_proteins	1208	GCA_002170705.1_ASM217070v1_genomic_prodigal_proteins	1392	403	74.84	13.10	33.36
GCA_003208915.1_ASM320891v1_genomic_prodigal_proteins	1208	GCA_002356215.1_ASM235621v1_genomic_prodigal_proteins	2953	371	53.45	12.50	30.71
GCA_003208915.1_ASM320891v1_genomic_prodigal_proteins	1208	GCA_003210935.1_ASM321093v1_genomic_prodigal_proteins	1868	493	69.33	14.38	40.81
GCA_003208915.1_ASM320891v1_genomic_prodigal_proteins	1208	GCA_003210535.1_ASM321053v1_genomic_prodigal_proteins	1257	262	72.78	13.50	21.69
GCA_003208915.1_ASM320891v1_genomic_prodigal_proteins	1208	GCA_002724845.1_ASM272484v1_genomic_prodigal_proteins	1589	438	75.76	12.86	36.26
GCA_003208915.1_ASM320891v1_genomic_prodigal_proteins	1208	GCA_000153285.1_ASM15328v1_genomic_prodigal_proteins	2746	641	70.26	13.94	53.06
GCA_003208915.1_ASM320891v1_genomic_prodigal_proteins	1208	GCA_003211035.1_ASM321103v1_genomic_prodigal_proteins	530	160	95.28	10.11	30.19
GCA_003208915.1_ASM320891v1_genomic_prodigal_proteins	1208	GCA_001521855.1_ASM152185v1_genomic_prodigal_proteins	3144	382	53.03	12.50	31.62
GCA_003208915.1_ASM320891v1_genomic_prodigal_proteins	1208	GCA_009835965.1_ASM983596v1_genomic_prodigal_proteins	2105	403	60.80	12.45	33.36
GCA_003208915.1_ASM320891v1_genomic_prodigal_proteins	1208	GCA_012269695.1_ASM1226969v1_genomic_prodigal_proteins	2043	402	64.44	14.69	33.28
GCA_003208915.1_ASM320891v1_genomic_prodigal_proteins	1208	GCA_000737535.1_ASM73753v1_genomic_prodigal_proteins	3013	711	74.22	13.37	58.86
GCA_003208915.1_ASM320891v1_genomic_prodigal_proteins	1208	GCA_000586015.1_SynSpo.0_genomic_prodigal_proteins	1907	308	61.56	12.70	25.50
GCA_003208915.1_ASM320891v1_genomic_prodigal_proteins	1208	GCA_002760345.1_ASM276034v1_genomic_prodigal_proteins	2731	330	52.41	11.60	27.32
GCA_003208915.1_ASM320891v1_genomic_prodigal_proteins	1208	GCA_000013225.1_ASM1322v1_genomic_prodigal_proteins	2844	327	52.34	11.71	27.07
GCA_003208915.1_ASM320891v1_genomic_prodigal_proteins	1208	GCA_000332275.1_ASM33227v1_genomic_prodigal_proteins	4564	382	51.88	11.80	31.62
GCA_003208915.1_ASM320891v1_genomic_prodigal_proteins	1208	GCA_002252675.1_ASM225267v1_genomic_prodigal_proteins	3295	566	65.50	14.12	46.85
GCA_003208915.1_ASM320891v1_genomic_prodigal_proteins	1208	GCA_000737575.1_ASM73757v1_genomic_prodigal_proteins	2662	724	75.42	13.25	59.93
GCA_003208915.1_ASM320891v1_genomic_prodigal_proteins	1208	GCA_902596755.1_AG-916-D19_genomic_prodigal_proteins	1152	287	76.85	14.00	24.91
GCA_003208915.1_ASM320891v1_genomic_prodigal_proteins	1208	GCA_003211455.1_ASM321145v1_genomic_prodigal_proteins	1186	245	74.83	16.10	20.66
GCA_003208915.1_ASM320891v1_genomic_prodigal_proteins	1208	GCA_003208755.1_ASM320875v1_genomic_prodigal_proteins	690	124	69.97	16.41	17.97
GCA_003208915.1_ASM320891v1_genomic_prodigal_proteins	1208	GCA_007571215.1_ASM757121v1_genomic_prodigal_proteins	1879	396	60.16	12.82	32.78
GCA_003208915.1_ASM320891v1_genomic_prodigal_proteins	1208	GCA_001007635.1_ASM100763v1_genomic_prodigal_proteins	2333	356	60.57	12.53	29.47
GCA_003208915.1_ASM320891v1_genomic_prodigal_proteins	1208	GCA_000179255.1_ASM17925v1_genomic_prodigal_proteins	2729	584	65.99	13.89	48.34
GCA_003208915.1_ASM320891v1_genomic_prodigal_proteins	1208	GCA_003208975.1_ASM320897v1_genomic_prodigal_proteins	1804	500	94.06	10.34	41.39
GCA_003208915.1_ASM320891v1_genomic_prodigal_proteins	1208	GCA_012103655.1_ASM1210365v1_genomic_prodigal_proteins	2723	629	69.36	13.58	52.07
GCA_003208915.1_ASM320891v1_genomic_prodigal_proteins	1208	GCA_902582045.1_AG-912-B07_genomic_prodigal_proteins	196	41	70.99	17.46	20.92
GCA_003208915.1_ASM320891v1_genomic_prodigal_proteins	1208	GCA_000153045.1_ASM15304v1_genomic_prodigal_proteins	3242	584	65.99	13.65	48.34
GCA_003208915.1_ASM320891v1_genomic_prodigal_proteins	1208	GCA_902549675.1_AG-903-B09_genomic_prodigal_proteins	836	191	77.36	14.58	22.85
GCA_003208915.1_ASM320891v1_genomic_prodigal_proteins	1208	GCA_002018045.1_ASM201804v1_genomic_prodigal_proteins	1559	289	61.63	12.23	23.92
GCA_003208915.1_ASM320891v1_genomic_prodigal_proteins	1208	GCA_004213055.1_ASM421305v1_genomic_prodigal_proteins	2241	566	69.88	13.88	46.85
GCA_003208915.1_ASM320891v1_genomic_prodigal_proteins	1208	GCA_007571085.1_ASM757108v1_genomic_prodigal_proteins	1784	386	60.33	12.78	31.95
GCA_003208915.1_ASM320891v1_genomic_prodigal_proteins	1208	GCA_009839805.1_ASM983980v1_genomic_prodigal_proteins	1848	279	59.74	11.99	23.10
GCA_003208915.1_ASM320891v1_genomic_prodigal_proteins	1208	GCA_003210375.1_ASM321037v1_genomic_prodigal_proteins	2155	592	73.91	13.25	49.01
GCA_003208915.1_ASM320891v1_genomic_prodigal_proteins	1208	GCA_004332415.1_ASM433241v1_genomic_prodigal_proteins	2408	611	70.71	13.68	50.58
GCA_003208915.1_ASM320891v1_genomic_prodigal_proteins	1208	GCA_009836025.1_ASM983602v1_genomic_prodigal_proteins	2290	397	61.15	12.13	32.86
GCA_003208915.1_ASM320891v1_genomic_prodigal_proteins	1208	GCA_009843455.1_ASM984345v1_genomic_prodigal_proteins	2423	391	60.79	12.07	32.37
GCA_003208915.1_ASM320891v1_genomic_prodigal_proteins	1208	GCA_009843485.1_ASM984348v1_genomic_prodigal_proteins	2158	401	60.82	12.48	33.20
GCA_003208915.1_ASM320891v1_genomic_prodigal_proteins	1208	GCA_003283135.1_ASM328313v1_genomic_prodigal_proteins	459	68	66.90	15.96	14.81
GCA_003208915.1_ASM320891v1_genomic_prodigal_proteins	1208	GCA_902635485.1_AG-447-G23_genomic_prodigal_proteins	327	56	71.45	13.82	17.13
GCA_003208915.1_ASM320891v1_genomic_prodigal_proteins	1208	GCA_002760415.1_ASM276041v1_genomic_prodigal_proteins	2670	325	52.40	11.54	26.90
GCA_003208915.1_ASM320891v1_genomic_prodigal_proteins	1208	GCA_002754935.1_ASM275493v1_genomic_prodigal_proteins	2664	330	52.24	12.10	27.32
GCA_003208915.1_ASM320891v1_genomic_prodigal_proteins	1208	GCA_002171685.2_ASM217168v2_genomic_prodigal_proteins	811	242	70.29	12.51	29.84
GCA_003208915.1_ASM320891v1_genomic_prodigal_proteins	1208	GCA_000737595.1_ASM73759v1_genomic_prodigal_proteins	2774	703	75.80	13.69	58.20
GCA_003208915.1_ASM320891v1_genomic_prodigal_proteins	1208	GCA_003331785.1_ASM333178v1_genomic_prodigal_proteins	2125	566	69.12	13.70	46.85
GCA_003208915.1_ASM320891v1_genomic_prodigal_proteins	1208	GCA_009842265.1_ASM984226v1_genomic_prodigal_proteins	2398	393	60.58	12.26	32.53
GCA_003208915.1_ASM320891v1_genomic_prodigal_proteins	1208	GCA_902579345.1_AG-911-L15_genomic_prodigal_proteins	248	66	70.52	15.47	26.61
GCA_003208915.1_ASM320891v1_genomic_prodigal_proteins	1208	GCA_000011345.1_ASM1134v1_genomic_prodigal_proteins	2520	343	53.07	12.19	28.39
GCA_003208915.1_ASM320891v1_genomic_prodigal_proteins	1208	GCA_003210705.1_ASM321070v1_genomic_prodigal_proteins	2244	544	68.97	14.07	45.03
GCA_003208915.1_ASM320891v1_genomic_prodigal_proteins	1208	GCA_000019485.1_ASM1948v1_genomic_prodigal_proteins	3233	382	53.06	12.56	31.62
GCA_003208915.1_ASM320891v1_genomic_prodigal_proteins	1208	GCA_003283055.1_ASM328305v1_genomic_prodigal_proteins	482	54	70.42	16.32	11.20
GCA_003208915.1_ASM320891v1_genomic_prodigal_proteins	1208	GCA_000010065.1_ASM1006v1_genomic_prodigal_proteins	2691	411	55.66	12.87	34.02
GCA_003208915.1_ASM320891v1_genomic_prodigal_proteins	1208	GCA_000316685.1_ASM31668v1_genomic_prodigal_proteins	3706	381	52.53	12.35	31.54
GCA_003208915.1_ASM320891v1_genomic_prodigal_proteins	1208	GCA_000063525.1_ASM6352v1_genomic_prodigal_proteins	2540	581	64.60	14.92	48.10
GCA_003208915.1_ASM320891v1_genomic_prodigal_proteins	1208	GCA_003283165.1_ASM328316v1_genomic_prodigal_proteins	217	40	81.34	23.34	18.43
GCA_003208915.1_ASM320891v1_genomic_prodigal_proteins	1208	GCA_902540675.1_AG-359-E22_genomic_prodigal_proteins	584	143	74.88	15.89	24.49
GCA_003208915.1_ASM320891v1_genomic_prodigal_proteins	1208	GCA_011055065.1_ASM1105506v1_genomic_prodigal_proteins	2792	310	52.15	11.81	25.66
GCA_003208915.1_ASM320891v1_genomic_prodigal_proteins	1208	GCA_000013205.1_ASM1320v1_genomic_prodigal_proteins	2750	330	52.40	11.62	27.32
GCA_003208915.1_ASM320891v1_genomic_prodigal_proteins	1208	GCA_003539795.1_ASM353979v1_genomic_prodigal_proteins	2284	528	74.43	12.64	43.71
GCA_003208915.1_ASM320891v1_genomic_prodigal_proteins	1208	GCA_002171995.1_ASM217199v1_genomic_prodigal_proteins	1978	346	67.76	14.48	28.64
GCA_003208915.1_ASM320891v1_genomic_prodigal_proteins	1208	GCA_011523835.1_ASM1152383v1_genomic_prodigal_proteins	2468	556	69.47	14.25	46.03
GCA_003208915.1_ASM320891v1_genomic_prodigal_proteins	1208	GCA_002172175.1_ASM217217v1_genomic_prodigal_proteins	1846	354	64.01	14.09	29.30
GCA_003208915.1_ASM320891v1_genomic_prodigal_proteins	1208	GCA_003208835.1_ASM320883v1_genomic_prodigal_proteins	2208	554	73.89	13.87	45.86
GCA_003208915.1_ASM320891v1_genomic_prodigal_proteins	1208	GCA_902589915.1_AG-914-F20_genomic_prodigal_proteins	373	102	77.27	13.81	27.35
GCA_003208915.1_ASM320891v1_genomic_prodigal_proteins	1208	GCA_000485815.1_ASM48581v1_genomic_prodigal_proteins	3083	363	53.30	12.43	30.05
GCA_003208915.1_ASM320891v1_genomic_prodigal_proteins	1208	GCA_008807075.1_ASM880707v1_genomic_prodigal_proteins	2925	560	65.28	13.52	46.36
GCA_003208915.1_ASM320891v1_genomic_prodigal_proteins	1208	GCA_000179235.2_ASM17923v2_genomic_prodigal_proteins	3071	590	66.00	14.01	48.84
GCA_003208915.1_ASM320891v1_genomic_prodigal_proteins	1208	GCA_003210795.1_ASM321079v1_genomic_prodigal_proteins	2239	715	95.54	8.75	59.19
GCA_003208915.1_ASM320891v1_genomic_prodigal_proteins	1208	GCA_002706715.1_ASM270671v1_genomic_prodigal_proteins	1148	390	94.68	9.88	33.97
GCA_003208915.1_ASM320891v1_genomic_prodigal_proteins	1208	GCA_003331245.1_ASM333124v1_genomic_prodigal_proteins	2021	565	75.04	12.91	46.77
GCA_003208915.1_ASM320891v1_genomic_prodigal_proteins	1208	GCA_009843385.1_ASM984338v1_genomic_prodigal_proteins	2085	344	61.40	12.40	28.48
GCA_003208915.1_ASM320891v1_genomic_prodigal_proteins	1208	GCA_003211205.1_ASM321120v1_genomic_prodigal_proteins	2288	527	69.38	14.25	43.63
GCA_003208915.1_ASM320891v1_genomic_prodigal_proteins	1208	GCA_000063505.1_ASM6350v1_genomic_prodigal_proteins	2558	634	70.14	14.22	52.48
GCA_003208915.1_ASM320891v1_genomic_prodigal_proteins	1208	GCA_900474245.1_UW179B_genomic_prodigal_proteins	2743	640	69.25	13.77	52.98
GCA_003208915.1_ASM320891v1_genomic_prodigal_proteins	1208	GCA_003210345.1_ASM321034v1_genomic_prodigal_proteins	1256	328	73.50	14.31	27.15
GCA_003208915.1_ASM320891v1_genomic_prodigal_proteins	1208	GCA_003210315.1_ASM321031v1_genomic_prodigal_proteins	1815	407	67.09	14.44	33.69
GCA_003208915.1_ASM320891v1_genomic_prodigal_proteins	1208	GCA_009836155.1_ASM983615v1_genomic_prodigal_proteins	1947	389	60.84	12.10	32.20
GCA_003208915.1_ASM320891v1_genomic_prodigal_proteins	1208	GCA_003990665.2_ASM399066v2_genomic_prodigal_proteins	2499	341	53.20	12.11	28.23
GCA_003208915.1_ASM320891v1_genomic_prodigal_proteins	1208	GCA_003209135.1_ASM320913v1_genomic_prodigal_proteins	1719	410	72.19	14.19	33.94
GCA_003208915.1_ASM320891v1_genomic_prodigal_proteins	1208	GCA_009845105.1_ASM984510v1_genomic_prodigal_proteins	1941	342	60.70	12.38	28.31
GCA_003208915.1_ASM320891v1_genomic_prodigal_proteins	1208	GCA_002690325.1_ASM269032v1_genomic_prodigal_proteins	2554	668	73.46	13.61	55.30
GCA_003208915.1_ASM320891v1_genomic_prodigal_proteins	1208	GCA_000161795.2_ASM16179v2_genomic_prodigal_proteins	2407	665	76.92	13.06	55.05
GCA_003208915.1_ASM320891v1_genomic_prodigal_proteins	1208	GCA_004211895.1_ASM421189v1_genomic_prodigal_proteins	954	301	75.33	13.23	31.55
GCA_003208915.1_ASM320891v1_genomic_prodigal_proteins	1208	GCA_003210735.1_ASM321073v1_genomic_prodigal_proteins	2337	731	95.40	9.02	60.51
GCA_003208915.1_ASM320891v1_genomic_prodigal_proteins	1208	GCA_003209035.1_ASM320903v1_genomic_prodigal_proteins	1803	555	93.97	10.93	45.94
GCA_003208915.1_ASM320891v1_genomic_prodigal_proteins	1208	GCA_003712085.1_ASM371208v1_genomic_prodigal_proteins	2745	740	78.07	12.55	61.26
GCA_003208915.1_ASM320891v1_genomic_prodigal_proteins	1208	GCA_003212155.1_ASM321215v1_genomic_prodigal_proteins	262	61	67.28	18.53	23.28
GCA_003208915.1_ASM320891v1_genomic_prodigal_proteins	1208	GCA_001040845.1_ASM104084v1_genomic_prodigal_proteins	2917	640	69.39	13.89	52.98
GCA_003208915.1_ASM320891v1_genomic_prodigal_proteins	1208	GCA_002018015.1_ASM201801v1_genomic_prodigal_proteins	1578	304	61.47	12.47	25.17
GCA_003208915.1_ASM320891v1_genomic_prodigal_proteins	1208	GCA_003211255.1_ASM321125v1_genomic_prodigal_proteins	1850	560	94.22	12.56	46.36
GCA_003208915.1_ASM320891v1_genomic_prodigal_proteins	1208	GCA_002721235.1_ASM272123v1_genomic_prodigal_proteins	3119	383	53.13	12.54	31.71
GCA_003208915.1_ASM320891v1_genomic_prodigal_proteins	1208	GCA_009839305.1_ASM983930v1_genomic_prodigal_proteins	1816	322	60.62	12.89	26.66
GCA_003208915.1_ASM320891v1_genomic_prodigal_proteins	1208	GCA_011365345.1_ASM1136534v1_genomic_prodigal_proteins	2655	733	75.96	13.68	60.68
GCA_003208915.1_ASM320891v1_genomic_prodigal_proteins	1208	GCA_001039265.1_ASM103926v1_genomic_prodigal_proteins	2832	384	67.06	14.20	31.79
GCA_003208915.1_ASM320891v1_genomic_prodigal_proteins	1208	GCA_001628325.1_ASM162832v1_genomic_prodigal_proteins	2129	589	76.41	13.22	48.76
GCA_003208915.1_ASM320891v1_genomic_prodigal_proteins	1208	GCA_003209215.1_ASM320921v1_genomic_prodigal_proteins	1679	417	75.52	14.27	34.52
GCA_003208915.1_ASM320891v1_genomic_prodigal_proteins	1208	GCA_002737305.1_ASM273730v1_genomic_prodigal_proteins	1951	426	65.58	13.73	35.26
GCA_003208915.1_ASM320891v1_genomic_prodigal_proteins	1208	GCA_003210515.1_ASM321051v1_genomic_prodigal_proteins	1673	433	72.51	14.16	35.84
GCA_003208915.1_ASM320891v1_genomic_prodigal_proteins	1208	GCA_011525445.1_ASM1152544v1_genomic_prodigal_proteins	3208	548	68.11	14.04	45.36
GCA_003208915.1_ASM320891v1_genomic_prodigal_proteins	1208	GCA_902599435.1_AG-916-N22_genomic_prodigal_proteins	793	188	75.89	14.26	23.71
GCA_003208915.1_ASM320891v1_genomic_prodigal_proteins	1208	GCA_003149585.1_ASM314958v1_genomic_prodigal_proteins	2600	575	66.15	13.85	47.60
GCA_003208915.1_ASM320891v1_genomic_prodigal_proteins	1208	GCA_902560665.1_AG-905-O11_genomic_prodigal_proteins	401	104	77.68	13.93	25.94
GCA_003208915.1_ASM320891v1_genomic_prodigal_proteins	1208	GCA_003331795.1_ASM333179v1_genomic_prodigal_proteins	1948	431	63.98	14.86	35.68
GCA_003208915.1_ASM320891v1_genomic_prodigal_proteins	1208	GCA_002017955.1_ASM201795v1_genomic_prodigal_proteins	512	85	60.01	12.40	16.60
GCA_003208915.1_ASM320891v1_genomic_prodigal_proteins	1208	GCA_902584485.1_AG-912-O23_genomic_prodigal_proteins	535	116	76.17	16.27	21.68
GCA_003208915.1_ASM320891v1_genomic_prodigal_proteins	1208	GCA_902527915.1_AG-896-G19_genomic_prodigal_proteins	1003	272	76.34	13.92	27.12
GCA_003208915.1_ASM320891v1_genomic_prodigal_proteins	1208	GCA_902635365.1_AG-447-D19_genomic_prodigal_proteins	1690	375	73.08	15.00	31.04
GCA_003208915.1_ASM320891v1_genomic_prodigal_proteins	1208	GCA_900474085.1_UW86_genomic_prodigal_proteins	2403	679	76.43	13.68	56.21
GCA_003208915.1_ASM320891v1_genomic_prodigal_proteins	1208	GCA_001885215.1_ASM188521v1_genomic_prodigal_proteins	2897	555	65.03	13.46	45.94
GCA_003208915.1_ASM320891v1_genomic_prodigal_proteins	1208	GCA_902575935.1_AG-426-B22_genomic_prodigal_proteins	254	54	74.86	16.67	21.26
GCA_003208915.1_ASM320891v1_genomic_prodigal_proteins	1208	GCA_900474295.1_UW140_genomic_prodigal_proteins	2925	655	69.78	13.94	54.22
GCA_003208915.1_ASM320891v1_genomic_prodigal_proteins	1208	GCA_003211565.1_ASM321156v1_genomic_prodigal_proteins	1489	342	75.89	13.87	28.31
GCA_003208915.1_ASM320891v1_genomic_prodigal_proteins	1208	GCA_003526105.1_ASM352610v1_genomic_prodigal_proteins	1581	338	76.05	13.57	27.98
GCA_003208915.1_ASM320891v1_genomic_prodigal_proteins	1208	GCA_002172935.1_ASM217293v1_genomic_prodigal_proteins	1996	477	68.55	13.92	39.49
GCA_003208915.1_ASM320891v1_genomic_prodigal_proteins	1208	GCA_003210335.1_ASM321033v1_genomic_prodigal_proteins	942	174	67.84	14.93	18.47
GCA_003208915.1_ASM320891v1_genomic_prodigal_proteins	1208	GCA_009846115.1_ASM984611v1_genomic_prodigal_proteins	2048	372	60.82	12.60	30.79
GCA_003208915.1_ASM320891v1_genomic_prodigal_proteins	1208	GCA_001693295.1_ASM169329v1_genomic_prodigal_proteins	3183	380	53.05	12.55	31.46
GCA_003208915.1_ASM320891v1_genomic_prodigal_proteins	1208	GCA_900473965.1_UW179A_genomic_prodigal_proteins	3383	699	69.39	14.27	57.86
GCA_003208915.1_ASM320891v1_genomic_prodigal_proteins	1208	GCA_003213755.1_ASM321375v1_genomic_prodigal_proteins	1050	179	64.14	16.47	17.05
GCA_003208915.1_ASM320891v1_genomic_prodigal_proteins	1208	GCA_003209155.1_ASM320915v1_genomic_prodigal_proteins	2305	522	68.96	13.52	43.21
GCA_003208915.1_ASM320891v1_genomic_prodigal_proteins	1208	GCA_003211515.1_ASM321151v1_genomic_prodigal_proteins	2451	502	71.74	14.32	41.56
GCA_003208915.1_ASM320891v1_genomic_prodigal_proteins	1208	GCA_002693285.1_ASM269328v1_genomic_prodigal_proteins	2440	555	69.46	13.90	45.94
GCA_003208915.1_ASM320891v1_genomic_prodigal_proteins	1208	GCA_003210555.1_ASM321055v1_genomic_prodigal_proteins	1847	381	68.53	14.06	31.54
GCA_003208915.1_ASM320891v1_genomic_prodigal_proteins	1208	GCA_000155595.1_ASM15559v1_genomic_prodigal_proteins	5270	397	52.31	12.67	32.86
GCA_003208915.1_ASM320891v1_genomic_prodigal_proteins	1208	GCA_001007665.1_ASM100766v1_genomic_prodigal_proteins	2356	408	60.39	12.57	33.77
GCA_003208915.1_ASM320891v1_genomic_prodigal_proteins	1208	GCA_009919765.1_ASM991976v1_genomic_prodigal_proteins	2524	389	63.77	15.00	32.20
GCA_003208915.1_ASM320891v1_genomic_prodigal_proteins	1208	GCA_003331225.1_ASM333122v1_genomic_prodigal_proteins	2113	478	65.13	14.08	39.57
GCA_003208915.1_ASM320891v1_genomic_prodigal_proteins	1208	GCA_900177825.1_IMG-taxon_2708742468_annotated_assembly_genomic_prodigal_proteins	3317	380	53.14	12.52	31.46
GCA_003208915.1_ASM320891v1_genomic_prodigal_proteins	1208	GCA_000195975.1_ASM19597v1_genomic_prodigal_proteins	2719	734	78.10	12.81	60.76
GCA_003208915.1_ASM320891v1_genomic_prodigal_proteins	1208	GCA_902618885.1_AG-920-D15_genomic_prodigal_proteins	1178	280	77.54	14.48	23.77
GCA_003208915.1_ASM320891v1_genomic_prodigal_proteins	1208	GCA_003209165.1_ASM320916v1_genomic_prodigal_proteins	2711	629	75.44	14.09	52.07
GCA_003208915.1_ASM320891v1_genomic_prodigal_proteins	1208	GCA_001007625.1_ASM100762v1_genomic_prodigal_proteins	2478	368	61.02	12.46	30.46
GCA_003208915.1_ASM320891v1_genomic_prodigal_proteins	1208	GCA_008386235.1_ASM838623v1_genomic_prodigal_proteins	2571	346	52.92	12.27	28.64
GCA_003208915.1_ASM320891v1_genomic_prodigal_proteins	1208	GCA_001631935.1_ASM163193v1_genomic_prodigal_proteins	3526	685	69.07	14.15	56.71
GCA_003208915.1_ASM320891v1_genomic_prodigal_proteins	1208	GCA_002151525.1_ASM215152v1_genomic_prodigal_proteins	1628	384	63.83	14.44	31.79
GCA_003208915.1_ASM320891v1_genomic_prodigal_proteins	1208	GCA_000153065.1_ASM15306v1_genomic_prodigal_proteins	2704	607	70.44	13.53	50.25
GCA_003208915.1_ASM320891v1_genomic_prodigal_proteins	1208	GCA_009837265.1_ASM983726v1_genomic_prodigal_proteins	2126	381	60.97	12.42	31.54
GCA_003208915.1_ASM320891v1_genomic_prodigal_proteins	1208	GCA_902533725.1_AG-898-C20_genomic_prodigal_proteins	421	108	74.84	15.62	25.65
GCA_003208915.1_ASM320891v1_genomic_prodigal_proteins	1208	GCA_002171075.2_ASM217107v2_genomic_prodigal_proteins	1919	436	63.59	14.29	36.09
GCA_003208915.1_ASM320891v1_genomic_prodigal_proteins	1208	GCA_002760395.1_ASM276039v1_genomic_prodigal_proteins	2661	323	52.35	11.53	26.74
GCA_003208915.1_ASM320891v1_genomic_prodigal_proteins	1208	GCA_003209005.1_ASM320900v1_genomic_prodigal_proteins	2548	594	68.94	14.34	49.17
GCA_003208915.1_ASM320891v1_genomic_prodigal_proteins	1208	GCA_002017915.1_ASM201791v1_genomic_prodigal_proteins	623	100	62.40	13.98	16.05
GCA_003208915.1_ASM320891v1_genomic_prodigal_proteins	1208	GCA_900047545.1_m9_genomic_prodigal_proteins	1575	350	60.55	12.74	28.97
GCA_003208915.1_ASM320891v1_genomic_prodigal_proteins	1208	GCA_001632105.1_ASM163210v1_genomic_prodigal_proteins	3521	686	68.93	14.21	56.79
GCA_003208915.1_ASM320891v1_genomic_prodigal_proteins	1208	GCA_004212765.1_ASM421276v1_genomic_prodigal_proteins	1162	341	77.91	12.85	29.35
GCA_003208915.1_ASM320891v1_genomic_prodigal_proteins	1208	GCA_002685515.1_ASM268551v1_genomic_prodigal_proteins	1286	346	68.28	13.67	28.64
GCA_003208915.1_ASM320891v1_genomic_prodigal_proteins	1208	GCA_007828135.1_ASM782813v1_genomic_prodigal_proteins	2917	556	65.09	13.51	46.03
GCA_003208915.1_ASM320891v1_genomic_prodigal_proteins	1208	GCA_011047875.1_ASM1104787v1_genomic_prodigal_proteins	2810	320	52.22	11.68	26.49
GCA_003208915.1_ASM320891v1_genomic_prodigal_proteins	1208	GCA_009840445.1_ASM984044v1_genomic_prodigal_proteins	2167	409	60.84	12.42	33.86
GCA_003208915.1_ASM320891v1_genomic_prodigal_proteins	1208	GCA_003210995.1_ASM321099v1_genomic_prodigal_proteins	2385	551	69.39	14.01	45.61
GCA_003208915.1_ASM320891v1_genomic_prodigal_proteins	1208	GCA_902616995.1_AG-919-L20_genomic_prodigal_proteins	654	200	77.71	13.19	30.58
GCA_003208915.1_ASM320891v1_genomic_prodigal_proteins	1208	GCA_009845825.1_ASM984582v1_genomic_prodigal_proteins	2168	356	60.61	12.35	29.47
GCA_003208915.1_ASM320891v1_genomic_prodigal_proteins	1208	GCA_000515235.1_ASM51523v1_genomic_prodigal_proteins	2873	728	73.89	13.59	60.26
GCA_003208915.1_ASM320891v1_genomic_prodigal_proteins	1208	GCA_003523965.1_ASM352396v1_genomic_prodigal_proteins	1735	269	62.55	12.18	22.27
GCA_003208915.1_ASM320891v1_genomic_prodigal_proteins	1208	GCA_002684175.1_ASM268417v1_genomic_prodigal_proteins	1819	366	72.63	13.35	30.30
GCA_003208915.1_ASM320891v1_genomic_prodigal_proteins	1208	GCA_011523295.1_ASM1152329v1_genomic_prodigal_proteins	2851	552	72.90	14.05	45.70
GCA_003208915.1_ASM320891v1_genomic_prodigal_proteins	1208	GCA_003211015.1_ASM321101v1_genomic_prodigal_proteins	2128	558	69.51	13.62	46.19
GCA_003208915.1_ASM320891v1_genomic_prodigal_proteins	1208	GCA_002006815.1_ASM200681v1_genomic_prodigal_proteins	1973	475	63.10	13.99	39.32
GCA_009837735.1_ASM983773v1_genomic_prodigal_proteins	2041	GCA_902548805.1_AG-901-N20_genomic_prodigal_proteins	158	35	63.85	14.29	22.15
GCA_009837735.1_ASM983773v1_genomic_prodigal_proteins	2041	GCA_003211235.1_ASM321123v1_genomic_prodigal_proteins	1698	505	60.98	13.01	29.74
GCA_009837735.1_ASM983773v1_genomic_prodigal_proteins	2041	GCA_004209775.1_ASM420977v1_genomic_prodigal_proteins	2798	961	61.84	12.82	47.08
GCA_009837735.1_ASM983773v1_genomic_prodigal_proteins	2041	GCA_003283215.1_ASM328321v1_genomic_prodigal_proteins	239	25	63.93	15.73	10.46
GCA_009837735.1_ASM983773v1_genomic_prodigal_proteins	2041	GCA_003209555.1_ASM320955v1_genomic_prodigal_proteins	908	222	61.78	13.17	24.45
GCA_009837735.1_ASM983773v1_genomic_prodigal_proteins	2041	GCA_000153805.1_ASM15380v1_genomic_prodigal_proteins	2517	935	60.98	12.90	45.81
GCA_009837735.1_ASM983773v1_genomic_prodigal_proteins	2041	GCA_003283205.1_ASM328320v1_genomic_prodigal_proteins	274	40	61.39	15.98	14.60
GCA_009837735.1_ASM983773v1_genomic_prodigal_proteins	2041	GCA_900473925.1_N5_genomic_prodigal_proteins	2417	929	61.44	12.69	45.52
GCA_009837735.1_ASM983773v1_genomic_prodigal_proteins	2041	GCA_902592665.1_AG-447-E14_genomic_prodigal_proteins	1111	264	59.40	13.72	23.76
GCA_009837735.1_ASM983773v1_genomic_prodigal_proteins	2041	GCA_011523155.1_ASM1152315v1_genomic_prodigal_proteins	2101	644	59.12	12.24	31.55
GCA_009837735.1_ASM983773v1_genomic_prodigal_proteins	2041	GCA_003211275.1_ASM321127v1_genomic_prodigal_proteins	2168	602	60.26	12.86	29.50
GCA_009837735.1_ASM983773v1_genomic_prodigal_proteins	2041	GCA_003957805.1_ASM395780v1_genomic_prodigal_proteins	2887	816	55.71	12.55	39.98
GCA_009837735.1_ASM983773v1_genomic_prodigal_proteins	2041	GCA_012270465.1_ASM1227046v1_genomic_prodigal_proteins	2311	793	61.25	12.29	38.85
GCA_009837735.1_ASM983773v1_genomic_prodigal_proteins	2041	GCA_001693255.1_ASM169325v1_genomic_prodigal_proteins	3177	735	53.58	12.42	36.01
GCA_009837735.1_ASM983773v1_genomic_prodigal_proteins	2041	GCA_003210385.1_ASM321038v1_genomic_prodigal_proteins	286	119	59.27	12.74	41.61
GCA_009837735.1_ASM983773v1_genomic_prodigal_proteins	2041	GCA_002170705.1_ASM217070v1_genomic_prodigal_proteins	1392	523	61.13	12.55	37.57
GCA_009837735.1_ASM983773v1_genomic_prodigal_proteins	2041	GCA_002356215.1_ASM235621v1_genomic_prodigal_proteins	2953	725	53.65	12.40	35.52
GCA_009837735.1_ASM983773v1_genomic_prodigal_proteins	2041	GCA_003210935.1_ASM321093v1_genomic_prodigal_proteins	1868	630	60.34	13.25	33.73
GCA_009837735.1_ASM983773v1_genomic_prodigal_proteins	2041	GCA_003210535.1_ASM321053v1_genomic_prodigal_proteins	1257	361	59.04	12.95	28.72
GCA_009837735.1_ASM983773v1_genomic_prodigal_proteins	2041	GCA_002724845.1_ASM272484v1_genomic_prodigal_proteins	1589	672	60.71	12.77	42.29
GCA_009837735.1_ASM983773v1_genomic_prodigal_proteins	2041	GCA_000153285.1_ASM15328v1_genomic_prodigal_proteins	2746	955	61.12	12.94	46.79
GCA_009837735.1_ASM983773v1_genomic_prodigal_proteins	2041	GCA_003211035.1_ASM321103v1_genomic_prodigal_proteins	530	170	59.88	12.50	32.08
GCA_009837735.1_ASM983773v1_genomic_prodigal_proteins	2041	GCA_001521855.1_ASM152185v1_genomic_prodigal_proteins	3144	729	53.88	12.26	35.72
GCA_009837735.1_ASM983773v1_genomic_prodigal_proteins	2041	GCA_009835965.1_ASM983596v1_genomic_prodigal_proteins	2105	1204	87.22	8.27	58.99
GCA_009837735.1_ASM983773v1_genomic_prodigal_proteins	2041	GCA_012269695.1_ASM1226969v1_genomic_prodigal_proteins	2043	694	61.59	12.00	34.00
GCA_009837735.1_ASM983773v1_genomic_prodigal_proteins	2041	GCA_000737535.1_ASM73753v1_genomic_prodigal_proteins	3013	935	61.48	12.65	45.81
GCA_009837735.1_ASM983773v1_genomic_prodigal_proteins	2041	GCA_000586015.1_SynSpo.0_genomic_prodigal_proteins	1907	975	90.26	6.86	51.13
GCA_009837735.1_ASM983773v1_genomic_prodigal_proteins	2041	GCA_002760345.1_ASM276034v1_genomic_prodigal_proteins	2731	680	53.20	11.64	33.32
GCA_009837735.1_ASM983773v1_genomic_prodigal_proteins	2041	GCA_000013225.1_ASM1322v1_genomic_prodigal_proteins	2844	678	53.01	11.71	33.22
GCA_009837735.1_ASM983773v1_genomic_prodigal_proteins	2041	GCA_000332275.1_ASM33227v1_genomic_prodigal_proteins	4564	723	52.35	11.88	35.42
GCA_009837735.1_ASM983773v1_genomic_prodigal_proteins	2041	GCA_002252675.1_ASM225267v1_genomic_prodigal_proteins	3295	952	62.39	12.38	46.64
GCA_009837735.1_ASM983773v1_genomic_prodigal_proteins	2041	GCA_000737575.1_ASM73757v1_genomic_prodigal_proteins	2662	946	61.80	12.70	46.35
GCA_009837735.1_ASM983773v1_genomic_prodigal_proteins	2041	GCA_902596755.1_AG-916-D19_genomic_prodigal_proteins	1152	348	60.38	13.27	30.21
GCA_009837735.1_ASM983773v1_genomic_prodigal_proteins	2041	GCA_003211455.1_ASM321145v1_genomic_prodigal_proteins	1186	340	59.57	13.05	28.67
GCA_009837735.1_ASM983773v1_genomic_prodigal_proteins	2041	GCA_003208755.1_ASM320875v1_genomic_prodigal_proteins	690	210	61.01	13.35	30.43
GCA_009837735.1_ASM983773v1_genomic_prodigal_proteins	2041	GCA_007571215.1_ASM757121v1_genomic_prodigal_proteins	1879	1119	79.20	9.94	59.55
GCA_009837735.1_ASM983773v1_genomic_prodigal_proteins	2041	GCA_001007635.1_ASM100763v1_genomic_prodigal_proteins	2333	1103	86.54	8.57	54.04
GCA_009837735.1_ASM983773v1_genomic_prodigal_proteins	2041	GCA_000179255.1_ASM17925v1_genomic_prodigal_proteins	2729	953	61.85	12.35	46.69
GCA_009837735.1_ASM983773v1_genomic_prodigal_proteins	2041	GCA_003208975.1_ASM320897v1_genomic_prodigal_proteins	1804	504	60.45	12.75	27.94
GCA_009837735.1_ASM983773v1_genomic_prodigal_proteins	2041	GCA_012103655.1_ASM1210365v1_genomic_prodigal_proteins	2723	934	60.91	12.62	45.76
GCA_009837735.1_ASM983773v1_genomic_prodigal_proteins	2041	GCA_902582045.1_AG-912-B07_genomic_prodigal_proteins	196	35	58.55	13.73	17.86
GCA_009837735.1_ASM983773v1_genomic_prodigal_proteins	2041	GCA_000153045.1_ASM15304v1_genomic_prodigal_proteins	3242	966	62.22	12.48	47.33
GCA_009837735.1_ASM983773v1_genomic_prodigal_proteins	2041	GCA_902549675.1_AG-903-B09_genomic_prodigal_proteins	836	243	60.60	13.09	29.07
GCA_009837735.1_ASM983773v1_genomic_prodigal_proteins	2041	GCA_002018045.1_ASM201804v1_genomic_prodigal_proteins	1559	910	86.89	8.51	58.37
GCA_009837735.1_ASM983773v1_genomic_prodigal_proteins	2041	GCA_004213055.1_ASM421305v1_genomic_prodigal_proteins	2241	855	61.30	12.80	41.89
GCA_009837735.1_ASM983773v1_genomic_prodigal_proteins	2041	GCA_007571085.1_ASM757108v1_genomic_prodigal_proteins	1784	1096	79.24	9.91	61.43
GCA_009837735.1_ASM983773v1_genomic_prodigal_proteins	2041	GCA_009839805.1_ASM983980v1_genomic_prodigal_proteins	1848	993	97.37	5.95	53.73
GCA_009837735.1_ASM983773v1_genomic_prodigal_proteins	2041	GCA_003210375.1_ASM321037v1_genomic_prodigal_proteins	2155	706	60.10	12.73	34.59
GCA_009837735.1_ASM983773v1_genomic_prodigal_proteins	2041	GCA_004332415.1_ASM433241v1_genomic_prodigal_proteins	2408	937	61.68	12.65	45.91
GCA_009837735.1_ASM983773v1_genomic_prodigal_proteins	2041	GCA_009836025.1_ASM983602v1_genomic_prodigal_proteins	2290	1345	97.51	5.21	65.90
GCA_009837735.1_ASM983773v1_genomic_prodigal_proteins	2041	GCA_009843455.1_ASM984345v1_genomic_prodigal_proteins	2423	1360	97.68	5.34	66.63
GCA_009837735.1_ASM983773v1_genomic_prodigal_proteins	2041	GCA_009843485.1_ASM984348v1_genomic_prodigal_proteins	2158	1219	87.02	8.35	59.73
GCA_009837735.1_ASM983773v1_genomic_prodigal_proteins	2041	GCA_003283135.1_ASM328313v1_genomic_prodigal_proteins	459	72	59.45	12.43	15.69
GCA_009837735.1_ASM983773v1_genomic_prodigal_proteins	2041	GCA_902635485.1_AG-447-G23_genomic_prodigal_proteins	327	54	61.42	14.24	16.51
GCA_009837735.1_ASM983773v1_genomic_prodigal_proteins	2041	GCA_002760415.1_ASM276041v1_genomic_prodigal_proteins	2670	674	53.22	11.68	33.02
GCA_009837735.1_ASM983773v1_genomic_prodigal_proteins	2041	GCA_002754935.1_ASM275493v1_genomic_prodigal_proteins	2664	718	54.10	12.32	35.18
GCA_009837735.1_ASM983773v1_genomic_prodigal_proteins	2041	GCA_002171685.2_ASM217168v2_genomic_prodigal_proteins	811	386	60.87	12.10	47.60
GCA_009837735.1_ASM983773v1_genomic_prodigal_proteins	2041	GCA_000737595.1_ASM73759v1_genomic_prodigal_proteins	2774	948	61.20	12.73	46.45
GCA_009837735.1_ASM983773v1_genomic_prodigal_proteins	2041	GCA_003331785.1_ASM333178v1_genomic_prodigal_proteins	2125	873	61.11	12.53	42.77
GCA_009837735.1_ASM983773v1_genomic_prodigal_proteins	2041	GCA_009842265.1_ASM984226v1_genomic_prodigal_proteins	2398	1661	99.88	1.42	81.38
GCA_009837735.1_ASM983773v1_genomic_prodigal_proteins	2041	GCA_902579345.1_AG-911-L15_genomic_prodigal_proteins	248	49	58.33	14.70	19.76
GCA_009837735.1_ASM983773v1_genomic_prodigal_proteins	2041	GCA_000011345.1_ASM1134v1_genomic_prodigal_proteins	2520	735	54.46	12.23	36.01
GCA_009837735.1_ASM983773v1_genomic_prodigal_proteins	2041	GCA_003210705.1_ASM321070v1_genomic_prodigal_proteins	2244	663	60.76	13.01	32.48
GCA_009837735.1_ASM983773v1_genomic_prodigal_proteins	2041	GCA_000019485.1_ASM1948v1_genomic_prodigal_proteins	3233	731	53.80	12.32	35.82
GCA_009837735.1_ASM983773v1_genomic_prodigal_proteins	2041	GCA_003283055.1_ASM328305v1_genomic_prodigal_proteins	482	36	63.40	14.78	7.47
GCA_009837735.1_ASM983773v1_genomic_prodigal_proteins	2041	GCA_000010065.1_ASM1006v1_genomic_prodigal_proteins	2691	808	55.68	12.61	39.59
GCA_009837735.1_ASM983773v1_genomic_prodigal_proteins	2041	GCA_000316685.1_ASM31668v1_genomic_prodigal_proteins	3706	754	53.40	12.25	36.94
GCA_009837735.1_ASM983773v1_genomic_prodigal_proteins	2041	GCA_000063525.1_ASM6352v1_genomic_prodigal_proteins	2540	971	62.10	12.59	47.57
GCA_009837735.1_ASM983773v1_genomic_prodigal_proteins	2041	GCA_003283165.1_ASM328316v1_genomic_prodigal_proteins	217	42	57.94	13.14	19.35
GCA_009837735.1_ASM983773v1_genomic_prodigal_proteins	2041	GCA_902540675.1_AG-359-E22_genomic_prodigal_proteins	584	143	62.17	15.07	24.49
GCA_009837735.1_ASM983773v1_genomic_prodigal_proteins	2041	GCA_011055065.1_ASM1105506v1_genomic_prodigal_proteins	2792	653	52.99	11.82	31.99
GCA_009837735.1_ASM983773v1_genomic_prodigal_proteins	2041	GCA_000013205.1_ASM1320v1_genomic_prodigal_proteins	2750	682	53.21	11.66	33.41
GCA_009837735.1_ASM983773v1_genomic_prodigal_proteins	2041	GCA_003539795.1_ASM353979v1_genomic_prodigal_proteins	2284	710	60.01	12.34	34.79
GCA_009837735.1_ASM983773v1_genomic_prodigal_proteins	2041	GCA_002171995.1_ASM217199v1_genomic_prodigal_proteins	1978	551	60.88	12.61	27.86
GCA_009837735.1_ASM983773v1_genomic_prodigal_proteins	2041	GCA_011523835.1_ASM1152383v1_genomic_prodigal_proteins	2468	824	60.53	12.67	40.37
GCA_009837735.1_ASM983773v1_genomic_prodigal_proteins	2041	GCA_002172175.1_ASM217217v1_genomic_prodigal_proteins	1846	618	60.46	12.42	33.48
GCA_009837735.1_ASM983773v1_genomic_prodigal_proteins	2041	GCA_003208835.1_ASM320883v1_genomic_prodigal_proteins	2208	704	60.95	12.84	34.49
GCA_009837735.1_ASM983773v1_genomic_prodigal_proteins	2041	GCA_902589915.1_AG-914-F20_genomic_prodigal_proteins	373	76	63.58	12.92	20.38
GCA_009837735.1_ASM983773v1_genomic_prodigal_proteins	2041	GCA_000485815.1_ASM48581v1_genomic_prodigal_proteins	3083	711	53.70	12.30	34.84
GCA_009837735.1_ASM983773v1_genomic_prodigal_proteins	2041	GCA_008807075.1_ASM880707v1_genomic_prodigal_proteins	2925	929	62.05	12.76	45.52
GCA_009837735.1_ASM983773v1_genomic_prodigal_proteins	2041	GCA_000179235.2_ASM17923v2_genomic_prodigal_proteins	3071	977	62.12	12.33	47.87
GCA_009837735.1_ASM983773v1_genomic_prodigal_proteins	2041	GCA_003210795.1_ASM321079v1_genomic_prodigal_proteins	2239	690	60.90	12.45	33.81
GCA_009837735.1_ASM983773v1_genomic_prodigal_proteins	2041	GCA_002706715.1_ASM270671v1_genomic_prodigal_proteins	1148	513	60.98	13.10	44.69
GCA_009837735.1_ASM983773v1_genomic_prodigal_proteins	2041	GCA_003331245.1_ASM333124v1_genomic_prodigal_proteins	2021	777	61.07	12.34	38.45
GCA_009837735.1_ASM983773v1_genomic_prodigal_proteins	2041	GCA_009843385.1_ASM984338v1_genomic_prodigal_proteins	2085	1243	97.41	6.19	60.90
GCA_009837735.1_ASM983773v1_genomic_prodigal_proteins	2041	GCA_003211205.1_ASM321120v1_genomic_prodigal_proteins	2288	736	60.40	13.25	36.06
GCA_009837735.1_ASM983773v1_genomic_prodigal_proteins	2041	GCA_000063505.1_ASM6350v1_genomic_prodigal_proteins	2558	945	61.31	12.97	46.30
GCA_009837735.1_ASM983773v1_genomic_prodigal_proteins	2041	GCA_900474245.1_UW179B_genomic_prodigal_proteins	2743	938	61.02	12.68	45.96
GCA_009837735.1_ASM983773v1_genomic_prodigal_proteins	2041	GCA_003210345.1_ASM321034v1_genomic_prodigal_proteins	1256	390	59.35	12.82	31.05
GCA_009837735.1_ASM983773v1_genomic_prodigal_proteins	2041	GCA_003210315.1_ASM321031v1_genomic_prodigal_proteins	1815	566	60.75	12.73	31.18
GCA_009837735.1_ASM983773v1_genomic_prodigal_proteins	2041	GCA_009836155.1_ASM983615v1_genomic_prodigal_proteins	1947	1304	98.25	4.14	66.97
GCA_009837735.1_ASM983773v1_genomic_prodigal_proteins	2041	GCA_003990665.2_ASM399066v2_genomic_prodigal_proteins	2499	732	54.52	12.19	35.86
GCA_009837735.1_ASM983773v1_genomic_prodigal_proteins	2041	GCA_003209135.1_ASM320913v1_genomic_prodigal_proteins	1719	495	59.94	12.66	28.80
GCA_009837735.1_ASM983773v1_genomic_prodigal_proteins	2041	GCA_009845105.1_ASM984510v1_genomic_prodigal_proteins	1941	1184	97.32	5.88	61.00
GCA_009837735.1_ASM983773v1_genomic_prodigal_proteins	2041	GCA_002690325.1_ASM269032v1_genomic_prodigal_proteins	2554	855	60.22	12.70	41.89
GCA_009837735.1_ASM983773v1_genomic_prodigal_proteins	2041	GCA_000161795.2_ASM16179v2_genomic_prodigal_proteins	2407	931	61.50	12.65	45.61
GCA_009837735.1_ASM983773v1_genomic_prodigal_proteins	2041	GCA_004211895.1_ASM421189v1_genomic_prodigal_proteins	954	392	60.96	12.64	41.09
GCA_009837735.1_ASM983773v1_genomic_prodigal_proteins	2041	GCA_003210735.1_ASM321073v1_genomic_prodigal_proteins	2337	688	60.47	12.59	33.71
GCA_009837735.1_ASM983773v1_genomic_prodigal_proteins	2041	GCA_003209035.1_ASM320903v1_genomic_prodigal_proteins	1803	500	61.15	12.88	27.73
GCA_009837735.1_ASM983773v1_genomic_prodigal_proteins	2041	GCA_003712085.1_ASM371208v1_genomic_prodigal_proteins	2745	954	61.44	12.63	46.74
GCA_009837735.1_ASM983773v1_genomic_prodigal_proteins	2041	GCA_003212155.1_ASM321215v1_genomic_prodigal_proteins	262	63	58.73	15.32	24.05
GCA_009837735.1_ASM983773v1_genomic_prodigal_proteins	2041	GCA_001040845.1_ASM104084v1_genomic_prodigal_proteins	2917	950	60.87	12.84	46.55
GCA_009837735.1_ASM983773v1_genomic_prodigal_proteins	2041	GCA_002018015.1_ASM201801v1_genomic_prodigal_proteins	1578	893	87.04	7.99	56.59
GCA_009837735.1_ASM983773v1_genomic_prodigal_proteins	2041	GCA_003211255.1_ASM321125v1_genomic_prodigal_proteins	1850	517	60.04	12.99	27.95
GCA_009837735.1_ASM983773v1_genomic_prodigal_proteins	2041	GCA_002721235.1_ASM272123v1_genomic_prodigal_proteins	3119	732	53.75	12.32	35.86
GCA_009837735.1_ASM983773v1_genomic_prodigal_proteins	2041	GCA_009839305.1_ASM983930v1_genomic_prodigal_proteins	1816	979	87.05	8.48	53.91
GCA_009837735.1_ASM983773v1_genomic_prodigal_proteins	2041	GCA_011365345.1_ASM1136534v1_genomic_prodigal_proteins	2655	940	61.39	12.76	46.06
GCA_009837735.1_ASM983773v1_genomic_prodigal_proteins	2041	GCA_001039265.1_ASM103926v1_genomic_prodigal_proteins	2832	675	63.94	12.52	33.07
GCA_009837735.1_ASM983773v1_genomic_prodigal_proteins	2041	GCA_001628325.1_ASM162832v1_genomic_prodigal_proteins	2129	861	61.38	12.54	42.19
GCA_009837735.1_ASM983773v1_genomic_prodigal_proteins	2041	GCA_003209215.1_ASM320921v1_genomic_prodigal_proteins	1679	466	60.95	12.58	27.75
GCA_009837735.1_ASM983773v1_genomic_prodigal_proteins	2041	GCA_002737305.1_ASM273730v1_genomic_prodigal_proteins	1951	757	62.54	12.63	38.80
GCA_009837735.1_ASM983773v1_genomic_prodigal_proteins	2041	GCA_003210515.1_ASM321051v1_genomic_prodigal_proteins	1673	522	59.94	12.99	31.20
GCA_009837735.1_ASM983773v1_genomic_prodigal_proteins	2041	GCA_011525445.1_ASM1152544v1_genomic_prodigal_proteins	3208	782	59.89	12.52	38.31
GCA_009837735.1_ASM983773v1_genomic_prodigal_proteins	2041	GCA_902599435.1_AG-916-N22_genomic_prodigal_proteins	793	240	62.47	13.58	30.26
GCA_009837735.1_ASM983773v1_genomic_prodigal_proteins	2041	GCA_003149585.1_ASM314958v1_genomic_prodigal_proteins	2600	957	61.98	12.36	46.89
GCA_009837735.1_ASM983773v1_genomic_prodigal_proteins	2041	GCA_902560665.1_AG-905-O11_genomic_prodigal_proteins	401	108	61.12	13.59	26.93
GCA_009837735.1_ASM983773v1_genomic_prodigal_proteins	2041	GCA_003331795.1_ASM333179v1_genomic_prodigal_proteins	1948	783	62.23	12.39	40.20
GCA_009837735.1_ASM983773v1_genomic_prodigal_proteins	2041	GCA_002017955.1_ASM201795v1_genomic_prodigal_proteins	512	252	86.12	8.78	49.22
GCA_009837735.1_ASM983773v1_genomic_prodigal_proteins	2041	GCA_902584485.1_AG-912-O23_genomic_prodigal_proteins	535	116	60.62	13.03	21.68
GCA_009837735.1_ASM983773v1_genomic_prodigal_proteins	2041	GCA_902527915.1_AG-896-G19_genomic_prodigal_proteins	1003	284	62.05	13.34	28.32
GCA_009837735.1_ASM983773v1_genomic_prodigal_proteins	2041	GCA_902635365.1_AG-447-D19_genomic_prodigal_proteins	1690	449	61.40	13.12	26.57
GCA_009837735.1_ASM983773v1_genomic_prodigal_proteins	2041	GCA_900474085.1_UW86_genomic_prodigal_proteins	2403	937	61.36	12.73	45.91
GCA_009837735.1_ASM983773v1_genomic_prodigal_proteins	2041	GCA_001885215.1_ASM188521v1_genomic_prodigal_proteins	2897	977	61.95	12.32	47.87
GCA_009837735.1_ASM983773v1_genomic_prodigal_proteins	2041	GCA_902575935.1_AG-426-B22_genomic_prodigal_proteins	254	92	64.13	14.72	36.22
GCA_009837735.1_ASM983773v1_genomic_prodigal_proteins	2041	GCA_900474295.1_UW140_genomic_prodigal_proteins	2925	943	61.19	12.76	46.20
GCA_009837735.1_ASM983773v1_genomic_prodigal_proteins	2041	GCA_003211565.1_ASM321156v1_genomic_prodigal_proteins	1489	419	61.19	12.81	28.14
GCA_009837735.1_ASM983773v1_genomic_prodigal_proteins	2041	GCA_003526105.1_ASM352610v1_genomic_prodigal_proteins	1581	520	61.77	13.02	32.89
GCA_009837735.1_ASM983773v1_genomic_prodigal_proteins	2041	GCA_002172935.1_ASM217293v1_genomic_prodigal_proteins	1996	730	60.52	12.60	36.57
GCA_009837735.1_ASM983773v1_genomic_prodigal_proteins	2041	GCA_003210335.1_ASM321033v1_genomic_prodigal_proteins	942	175	59.61	13.88	18.58
GCA_009837735.1_ASM983773v1_genomic_prodigal_proteins	2041	GCA_009846115.1_ASM984611v1_genomic_prodigal_proteins	2048	1102	86.81	8.46	53.99
GCA_009837735.1_ASM983773v1_genomic_prodigal_proteins	2041	GCA_001693295.1_ASM169329v1_genomic_prodigal_proteins	3183	729	53.78	12.33	35.72
GCA_009837735.1_ASM983773v1_genomic_prodigal_proteins	2041	GCA_900473965.1_UW179A_genomic_prodigal_proteins	3383	923	60.97	12.90	45.22
GCA_009837735.1_ASM983773v1_genomic_prodigal_proteins	2041	GCA_003213755.1_ASM321375v1_genomic_prodigal_proteins	1050	340	61.28	12.67	32.38
GCA_009837735.1_ASM983773v1_genomic_prodigal_proteins	2041	GCA_003209155.1_ASM320915v1_genomic_prodigal_proteins	2305	706	60.60	12.72	34.59
GCA_009837735.1_ASM983773v1_genomic_prodigal_proteins	2041	GCA_003211515.1_ASM321151v1_genomic_prodigal_proteins	2451	616	60.82	12.57	30.18
GCA_009837735.1_ASM983773v1_genomic_prodigal_proteins	2041	GCA_002693285.1_ASM269328v1_genomic_prodigal_proteins	2440	817	60.69	12.89	40.03
GCA_009837735.1_ASM983773v1_genomic_prodigal_proteins	2041	GCA_003210555.1_ASM321055v1_genomic_prodigal_proteins	1847	514	60.45	12.41	27.83
GCA_009837735.1_ASM983773v1_genomic_prodigal_proteins	2041	GCA_000155595.1_ASM15559v1_genomic_prodigal_proteins	5270	763	52.71	12.27	37.38
GCA_009837735.1_ASM983773v1_genomic_prodigal_proteins	2041	GCA_001007665.1_ASM100766v1_genomic_prodigal_proteins	2356	1190	86.74	8.02	58.30
GCA_009837735.1_ASM983773v1_genomic_prodigal_proteins	2041	GCA_009919765.1_ASM991976v1_genomic_prodigal_proteins	2524	667	61.99	12.68	32.68
GCA_009837735.1_ASM983773v1_genomic_prodigal_proteins	2041	GCA_003331225.1_ASM333122v1_genomic_prodigal_proteins	2113	834	62.45	12.25	40.86
GCA_009837735.1_ASM983773v1_genomic_prodigal_proteins	2041	GCA_900177825.1_IMG-taxon_2708742468_annotated_assembly_genomic_prodigal_proteins	3317	726	53.72	12.37	35.57
GCA_009837735.1_ASM983773v1_genomic_prodigal_proteins	2041	GCA_000195975.1_ASM19597v1_genomic_prodigal_proteins	2719	944	61.55	12.69	46.25
GCA_009837735.1_ASM983773v1_genomic_prodigal_proteins	2041	GCA_902618885.1_AG-920-D15_genomic_prodigal_proteins	1178	365	62.43	13.63	30.98
GCA_009837735.1_ASM983773v1_genomic_prodigal_proteins	2041	GCA_003209165.1_ASM320916v1_genomic_prodigal_proteins	2711	800	61.30	12.75	39.20
GCA_009837735.1_ASM983773v1_genomic_prodigal_proteins	2041	GCA_001007625.1_ASM100762v1_genomic_prodigal_proteins	2478	1119	87.77	8.09	54.83
GCA_009837735.1_ASM983773v1_genomic_prodigal_proteins	2041	GCA_008386235.1_ASM838623v1_genomic_prodigal_proteins	2571	739	54.35	12.26	36.21
GCA_009837735.1_ASM983773v1_genomic_prodigal_proteins	2041	GCA_001631935.1_ASM163193v1_genomic_prodigal_proteins	3526	936	60.89	12.87	45.86
GCA_009837735.1_ASM983773v1_genomic_prodigal_proteins	2041	GCA_002151525.1_ASM215152v1_genomic_prodigal_proteins	1628	682	60.68	12.73	41.89
GCA_009837735.1_ASM983773v1_genomic_prodigal_proteins	2041	GCA_000153065.1_ASM15306v1_genomic_prodigal_proteins	2704	948	61.86	12.83	46.45
GCA_009837735.1_ASM983773v1_genomic_prodigal_proteins	2041	GCA_009837265.1_ASM983726v1_genomic_prodigal_proteins	2126	1161	86.94	8.51	56.88
GCA_009837735.1_ASM983773v1_genomic_prodigal_proteins	2041	GCA_902533725.1_AG-898-C20_genomic_prodigal_proteins	421	69	61.55	13.02	16.39
GCA_009837735.1_ASM983773v1_genomic_prodigal_proteins	2041	GCA_002171075.2_ASM217107v2_genomic_prodigal_proteins	1919	733	60.64	12.19	38.20
GCA_009837735.1_ASM983773v1_genomic_prodigal_proteins	2041	GCA_002760395.1_ASM276039v1_genomic_prodigal_proteins	2661	665	53.17	11.76	32.58
GCA_009837735.1_ASM983773v1_genomic_prodigal_proteins	2041	GCA_003209005.1_ASM320900v1_genomic_prodigal_proteins	2548	777	60.49	12.92	38.07
GCA_009837735.1_ASM983773v1_genomic_prodigal_proteins	2041	GCA_002017915.1_ASM201791v1_genomic_prodigal_proteins	623	342	86.89	9.75	54.90
GCA_009837735.1_ASM983773v1_genomic_prodigal_proteins	2041	GCA_900047545.1_m9_genomic_prodigal_proteins	1575	914	86.11	8.78	58.03
GCA_009837735.1_ASM983773v1_genomic_prodigal_proteins	2041	GCA_001632105.1_ASM163210v1_genomic_prodigal_proteins	3521	943	60.85	12.92	46.20
GCA_009837735.1_ASM983773v1_genomic_prodigal_proteins	2041	GCA_004212765.1_ASM421276v1_genomic_prodigal_proteins	1162	457	61.64	12.57	39.33
GCA_009837735.1_ASM983773v1_genomic_prodigal_proteins	2041	GCA_002685515.1_ASM268551v1_genomic_prodigal_proteins	1286	503	59.55	12.67	39.11
GCA_009837735.1_ASM983773v1_genomic_prodigal_proteins	2041	GCA_007828135.1_ASM782813v1_genomic_prodigal_proteins	2917	978	61.98	12.35	47.92
GCA_009837735.1_ASM983773v1_genomic_prodigal_proteins	2041	GCA_011047875.1_ASM1104787v1_genomic_prodigal_proteins	2810	670	53.14	11.71	32.83
GCA_009837735.1_ASM983773v1_genomic_prodigal_proteins	2041	GCA_009840445.1_ASM984044v1_genomic_prodigal_proteins	2167	1217	87.09	8.27	59.63
GCA_009837735.1_ASM983773v1_genomic_prodigal_proteins	2041	GCA_003210995.1_ASM321099v1_genomic_prodigal_proteins	2385	663	61.00	13.09	32.48
GCA_009837735.1_ASM983773v1_genomic_prodigal_proteins	2041	GCA_902616995.1_AG-919-L20_genomic_prodigal_proteins	654	155	61.24	12.84	23.70
GCA_009837735.1_ASM983773v1_genomic_prodigal_proteins	2041	GCA_009845825.1_ASM984582v1_genomic_prodigal_proteins	2168	1287	97.63	5.16	63.06
GCA_009837735.1_ASM983773v1_genomic_prodigal_proteins	2041	GCA_000515235.1_ASM51523v1_genomic_prodigal_proteins	2873	939	61.33	12.68	46.01
GCA_009837735.1_ASM983773v1_genomic_prodigal_proteins	2041	GCA_003523965.1_ASM352396v1_genomic_prodigal_proteins	1735	855	89.41	8.34	49.28
GCA_009837735.1_ASM983773v1_genomic_prodigal_proteins	2041	GCA_002684175.1_ASM268417v1_genomic_prodigal_proteins	1819	585	59.13	12.39	32.16
GCA_009837735.1_ASM983773v1_genomic_prodigal_proteins	2041	GCA_011523295.1_ASM1152329v1_genomic_prodigal_proteins	2851	746	59.85	12.52	36.55
GCA_009837735.1_ASM983773v1_genomic_prodigal_proteins	2041	GCA_003211015.1_ASM321101v1_genomic_prodigal_proteins	2128	688	59.93	12.94	33.71
GCA_009837735.1_ASM983773v1_genomic_prodigal_proteins	2041	GCA_002006815.1_ASM200681v1_genomic_prodigal_proteins	1973	853	61.58	12.54	43.23
GCA_902548805.1_AG-901-N20_genomic_prodigal_proteins	158	GCA_003211235.1_ASM321123v1_genomic_prodigal_proteins	1698	50	74.72	15.15	31.65
GCA_902548805.1_AG-901-N20_genomic_prodigal_proteins	158	GCA_004209775.1_ASM420977v1_genomic_prodigal_proteins	2798	69	69.18	16.28	43.67
GCA_902548805.1_AG-901-N20_genomic_prodigal_proteins	158	GCA_003283215.1_ASM328321v1_genomic_prodigal_proteins	239	3	54.43	22.80	1.90
GCA_902548805.1_AG-901-N20_genomic_prodigal_proteins	158	GCA_003209555.1_ASM320955v1_genomic_prodigal_proteins	908	50	65.53	17.15	31.65
GCA_902548805.1_AG-901-N20_genomic_prodigal_proteins	158	GCA_000153805.1_ASM15380v1_genomic_prodigal_proteins	2517	84	70.13	16.72	53.16
GCA_902548805.1_AG-901-N20_genomic_prodigal_proteins	158	GCA_003283205.1_ASM328320v1_genomic_prodigal_proteins	274	1	45.00	0.00	0.63
GCA_902548805.1_AG-901-N20_genomic_prodigal_proteins	158	GCA_900473925.1_N5_genomic_prodigal_proteins	2417	67	77.88	14.62	42.41
GCA_902548805.1_AG-901-N20_genomic_prodigal_proteins	158	GCA_902592665.1_AG-447-E14_genomic_prodigal_proteins	1111	27	65.44	17.13	17.09
GCA_902548805.1_AG-901-N20_genomic_prodigal_proteins	158	GCA_011523155.1_ASM1152315v1_genomic_prodigal_proteins	2101	48	64.63	15.25	30.38
GCA_902548805.1_AG-901-N20_genomic_prodigal_proteins	158	GCA_003211275.1_ASM321127v1_genomic_prodigal_proteins	2168	54	69.07	16.45	34.18
GCA_902548805.1_AG-901-N20_genomic_prodigal_proteins	158	GCA_003957805.1_ASM395780v1_genomic_prodigal_proteins	2887	51	55.17	14.74	32.28
GCA_902548805.1_AG-901-N20_genomic_prodigal_proteins	158	GCA_012270465.1_ASM1227046v1_genomic_prodigal_proteins	2311	40	61.46	13.10	25.32
GCA_902548805.1_AG-901-N20_genomic_prodigal_proteins	158	GCA_001693255.1_ASM169325v1_genomic_prodigal_proteins	3177	43	53.03	14.20	27.22
GCA_902548805.1_AG-901-N20_genomic_prodigal_proteins	158	GCA_003210385.1_ASM321038v1_genomic_prodigal_proteins	286	12	72.94	13.83	7.59
GCA_902548805.1_AG-901-N20_genomic_prodigal_proteins	158	GCA_002170705.1_ASM217070v1_genomic_prodigal_proteins	1392	48	73.78	15.64	30.38
GCA_902548805.1_AG-901-N20_genomic_prodigal_proteins	158	GCA_002356215.1_ASM235621v1_genomic_prodigal_proteins	2953	41	53.69	14.01	25.95
GCA_902548805.1_AG-901-N20_genomic_prodigal_proteins	158	GCA_003210935.1_ASM321093v1_genomic_prodigal_proteins	1868	38	68.04	18.40	24.05
GCA_902548805.1_AG-901-N20_genomic_prodigal_proteins	158	GCA_003210535.1_ASM321053v1_genomic_prodigal_proteins	1257	34	75.51	12.45	21.52
GCA_902548805.1_AG-901-N20_genomic_prodigal_proteins	158	GCA_002724845.1_ASM272484v1_genomic_prodigal_proteins	1589	37	77.68	14.41	23.42
GCA_902548805.1_AG-901-N20_genomic_prodigal_proteins	158	GCA_000153285.1_ASM15328v1_genomic_prodigal_proteins	2746	72	68.50	16.82	45.57
GCA_902548805.1_AG-901-N20_genomic_prodigal_proteins	158	GCA_003211035.1_ASM321103v1_genomic_prodigal_proteins	530	36	75.00	13.67	22.78
GCA_902548805.1_AG-901-N20_genomic_prodigal_proteins	158	GCA_001521855.1_ASM152185v1_genomic_prodigal_proteins	3144	43	53.62	13.71	27.22
GCA_902548805.1_AG-901-N20_genomic_prodigal_proteins	158	GCA_009835965.1_ASM983596v1_genomic_prodigal_proteins	2105	42	64.40	13.26	26.58
GCA_902548805.1_AG-901-N20_genomic_prodigal_proteins	158	GCA_012269695.1_ASM1226969v1_genomic_prodigal_proteins	2043	31	60.59	16.26	19.62
GCA_902548805.1_AG-901-N20_genomic_prodigal_proteins	158	GCA_000737535.1_ASM73753v1_genomic_prodigal_proteins	3013	73	74.75	16.24	46.20
GCA_902548805.1_AG-901-N20_genomic_prodigal_proteins	158	GCA_000586015.1_SynSpo.0_genomic_prodigal_proteins	1907	38	63.31	14.90	24.05
GCA_902548805.1_AG-901-N20_genomic_prodigal_proteins	158	GCA_002760345.1_ASM276034v1_genomic_prodigal_proteins	2731	35	54.76	12.75	22.15
GCA_902548805.1_AG-901-N20_genomic_prodigal_proteins	158	GCA_000013225.1_ASM1322v1_genomic_prodigal_proteins	2844	37	53.28	13.41	23.42
GCA_902548805.1_AG-901-N20_genomic_prodigal_proteins	158	GCA_000332275.1_ASM33227v1_genomic_prodigal_proteins	4564	40	53.32	13.66	25.32
GCA_902548805.1_AG-901-N20_genomic_prodigal_proteins	158	GCA_002252675.1_ASM225267v1_genomic_prodigal_proteins	3295	66	65.23	16.59	41.77
GCA_902548805.1_AG-901-N20_genomic_prodigal_proteins	158	GCA_000737575.1_ASM73757v1_genomic_prodigal_proteins	2662	78	74.27	16.09	49.37
GCA_902548805.1_AG-901-N20_genomic_prodigal_proteins	158	GCA_902596755.1_AG-916-D19_genomic_prodigal_proteins	1152	30	80.92	22.28	18.99
GCA_902548805.1_AG-901-N20_genomic_prodigal_proteins	158	GCA_003211455.1_ASM321145v1_genomic_prodigal_proteins	1186	36	68.06	18.28	22.78
GCA_902548805.1_AG-901-N20_genomic_prodigal_proteins	158	GCA_003208755.1_ASM320875v1_genomic_prodigal_proteins	690	29	71.84	16.75	18.35
GCA_902548805.1_AG-901-N20_genomic_prodigal_proteins	158	GCA_007571215.1_ASM757121v1_genomic_prodigal_proteins	1879	43	62.41	13.73	27.22
GCA_902548805.1_AG-901-N20_genomic_prodigal_proteins	158	GCA_001007635.1_ASM100763v1_genomic_prodigal_proteins	2333	34	64.97	13.66	21.52
GCA_902548805.1_AG-901-N20_genomic_prodigal_proteins	158	GCA_000179255.1_ASM17925v1_genomic_prodigal_proteins	2729	67	65.33	16.64	42.41
GCA_902548805.1_AG-901-N20_genomic_prodigal_proteins	158	GCA_003208975.1_ASM320897v1_genomic_prodigal_proteins	1804	43	73.43	18.82	27.22
GCA_902548805.1_AG-901-N20_genomic_prodigal_proteins	158	GCA_012103655.1_ASM1210365v1_genomic_prodigal_proteins	2723	64	69.19	15.86	40.51
GCA_902548805.1_AG-901-N20_genomic_prodigal_proteins	158	GCA_902582045.1_AG-912-B07_genomic_prodigal_proteins	196	23	84.54	17.15	14.56
GCA_902548805.1_AG-901-N20_genomic_prodigal_proteins	158	GCA_000153045.1_ASM15304v1_genomic_prodigal_proteins	3242	65	66.49	15.35	41.14
GCA_902548805.1_AG-901-N20_genomic_prodigal_proteins	158	GCA_902549675.1_AG-903-B09_genomic_prodigal_proteins	836	22	73.35	23.18	13.92
GCA_902548805.1_AG-901-N20_genomic_prodigal_proteins	158	GCA_002018045.1_ASM201804v1_genomic_prodigal_proteins	1559	23	59.73	11.52	14.56
GCA_902548805.1_AG-901-N20_genomic_prodigal_proteins	158	GCA_004213055.1_ASM421305v1_genomic_prodigal_proteins	2241	52	68.39	16.41	32.91
GCA_902548805.1_AG-901-N20_genomic_prodigal_proteins	158	GCA_007571085.1_ASM757108v1_genomic_prodigal_proteins	1784	44	62.89	14.14	27.85
GCA_902548805.1_AG-901-N20_genomic_prodigal_proteins	158	GCA_009839805.1_ASM983980v1_genomic_prodigal_proteins	1848	27	59.46	12.81	17.09
GCA_902548805.1_AG-901-N20_genomic_prodigal_proteins	158	GCA_003210375.1_ASM321037v1_genomic_prodigal_proteins	2155	55	72.98	15.07	34.81
GCA_902548805.1_AG-901-N20_genomic_prodigal_proteins	158	GCA_004332415.1_ASM433241v1_genomic_prodigal_proteins	2408	71	70.00	16.48	44.94
GCA_902548805.1_AG-901-N20_genomic_prodigal_proteins	158	GCA_009836025.1_ASM983602v1_genomic_prodigal_proteins	2290	45	62.94	14.58	28.48
GCA_902548805.1_AG-901-N20_genomic_prodigal_proteins	158	GCA_009843455.1_ASM984345v1_genomic_prodigal_proteins	2423	41	60.60	14.40	25.95
GCA_902548805.1_AG-901-N20_genomic_prodigal_proteins	158	GCA_009843485.1_ASM984348v1_genomic_prodigal_proteins	2158	43	64.38	13.03	27.22
GCA_902548805.1_AG-901-N20_genomic_prodigal_proteins	158	GCA_003283135.1_ASM328313v1_genomic_prodigal_proteins	459	6	54.47	19.92	3.80
GCA_902548805.1_AG-901-N20_genomic_prodigal_proteins	158	GCA_902635485.1_AG-447-G23_genomic_prodigal_proteins	327	9	77.86	15.83	5.70
GCA_902548805.1_AG-901-N20_genomic_prodigal_proteins	158	GCA_002760415.1_ASM276041v1_genomic_prodigal_proteins	2670	35	54.68	12.64	22.15
GCA_902548805.1_AG-901-N20_genomic_prodigal_proteins	158	GCA_002754935.1_ASM275493v1_genomic_prodigal_proteins	2664	34	54.22	15.18	21.52
GCA_902548805.1_AG-901-N20_genomic_prodigal_proteins	158	GCA_002171685.2_ASM217168v2_genomic_prodigal_proteins	811	18	70.63	14.09	11.39
GCA_902548805.1_AG-901-N20_genomic_prodigal_proteins	158	GCA_000737595.1_ASM73759v1_genomic_prodigal_proteins	2774	76	75.97	16.55	48.10
GCA_902548805.1_AG-901-N20_genomic_prodigal_proteins	158	GCA_003331785.1_ASM333178v1_genomic_prodigal_proteins	2125	54	68.24	16.05	34.18
GCA_902548805.1_AG-901-N20_genomic_prodigal_proteins	158	GCA_009842265.1_ASM984226v1_genomic_prodigal_proteins	2398	42	63.66	13.04	26.58
GCA_902548805.1_AG-901-N20_genomic_prodigal_proteins	158	GCA_902579345.1_AG-911-L15_genomic_prodigal_proteins	248	29	96.29	6.53	18.35
GCA_902548805.1_AG-901-N20_genomic_prodigal_proteins	158	GCA_000011345.1_ASM1134v1_genomic_prodigal_proteins	2520	36	55.75	13.91	22.78
GCA_902548805.1_AG-901-N20_genomic_prodigal_proteins	158	GCA_003210705.1_ASM321070v1_genomic_prodigal_proteins	2244	63	65.91	15.90	39.87
GCA_902548805.1_AG-901-N20_genomic_prodigal_proteins	158	GCA_000019485.1_ASM1948v1_genomic_prodigal_proteins	3233	43	53.74	13.73	27.22
GCA_902548805.1_AG-901-N20_genomic_prodigal_proteins	158	GCA_003283055.1_ASM328305v1_genomic_prodigal_proteins	482	15	70.77	14.83	9.49
GCA_902548805.1_AG-901-N20_genomic_prodigal_proteins	158	GCA_000010065.1_ASM1006v1_genomic_prodigal_proteins	2691	53	56.35	14.48	33.54
GCA_902548805.1_AG-901-N20_genomic_prodigal_proteins	158	GCA_000316685.1_ASM31668v1_genomic_prodigal_proteins	3706	40	54.46	14.11	25.32
GCA_902548805.1_AG-901-N20_genomic_prodigal_proteins	158	GCA_000063525.1_ASM6352v1_genomic_prodigal_proteins	2540	63	64.52	15.75	39.87
GCA_902548805.1_AG-901-N20_genomic_prodigal_proteins	158	GCA_003283165.1_ASM328316v1_genomic_prodigal_proteins	217	10	65.17	18.18	6.33
GCA_902548805.1_AG-901-N20_genomic_prodigal_proteins	158	GCA_902540675.1_AG-359-E22_genomic_prodigal_proteins	584	16	77.65	28.74	10.13
GCA_902548805.1_AG-901-N20_genomic_prodigal_proteins	158	GCA_011055065.1_ASM1105506v1_genomic_prodigal_proteins	2792	34	53.99	13.72	21.52
GCA_902548805.1_AG-901-N20_genomic_prodigal_proteins	158	GCA_000013205.1_ASM1320v1_genomic_prodigal_proteins	2750	35	54.73	12.79	22.15
GCA_902548805.1_AG-901-N20_genomic_prodigal_proteins	158	GCA_003539795.1_ASM353979v1_genomic_prodigal_proteins	2284	43	71.32	12.81	27.22
GCA_902548805.1_AG-901-N20_genomic_prodigal_proteins	158	GCA_002171995.1_ASM217199v1_genomic_prodigal_proteins	1978	41	67.32	14.58	25.95
GCA_902548805.1_AG-901-N20_genomic_prodigal_proteins	158	GCA_011523835.1_ASM1152383v1_genomic_prodigal_proteins	2468	59	69.35	13.99	37.34
GCA_902548805.1_AG-901-N20_genomic_prodigal_proteins	158	GCA_002172175.1_ASM217217v1_genomic_prodigal_proteins	1846	28	56.61	13.99	17.72
GCA_902548805.1_AG-901-N20_genomic_prodigal_proteins	158	GCA_003208835.1_ASM320883v1_genomic_prodigal_proteins	2208	68	72.23	16.25	43.04
GCA_902548805.1_AG-901-N20_genomic_prodigal_proteins	158	GCA_902589915.1_AG-914-F20_genomic_prodigal_proteins	373	30	85.21	16.41	18.99
GCA_902548805.1_AG-901-N20_genomic_prodigal_proteins	158	GCA_000485815.1_ASM48581v1_genomic_prodigal_proteins	3083	40	54.01	14.06	25.32
GCA_902548805.1_AG-901-N20_genomic_prodigal_proteins	158	GCA_008807075.1_ASM880707v1_genomic_prodigal_proteins	2925	62	66.25	15.40	39.24
GCA_902548805.1_AG-901-N20_genomic_prodigal_proteins	158	GCA_000179235.2_ASM17923v2_genomic_prodigal_proteins	3071	68	65.54	16.39	43.04
GCA_902548805.1_AG-901-N20_genomic_prodigal_proteins	158	GCA_003210795.1_ASM321079v1_genomic_prodigal_proteins	2239	69	73.20	16.27	43.67
GCA_902548805.1_AG-901-N20_genomic_prodigal_proteins	158	GCA_002706715.1_ASM270671v1_genomic_prodigal_proteins	1148	39	74.03	17.57	24.68
GCA_902548805.1_AG-901-N20_genomic_prodigal_proteins	158	GCA_003331245.1_ASM333124v1_genomic_prodigal_proteins	2021	35	72.04	15.39	22.15
GCA_902548805.1_AG-901-N20_genomic_prodigal_proteins	158	GCA_009843385.1_ASM984338v1_genomic_prodigal_proteins	2085	38	62.23	14.35	24.05
GCA_902548805.1_AG-901-N20_genomic_prodigal_proteins	158	GCA_003211205.1_ASM321120v1_genomic_prodigal_proteins	2288	55	66.66	16.14	34.81
GCA_902548805.1_AG-901-N20_genomic_prodigal_proteins	158	GCA_000063505.1_ASM6350v1_genomic_prodigal_proteins	2558	70	70.00	16.33	44.30
GCA_902548805.1_AG-901-N20_genomic_prodigal_proteins	158	GCA_900474245.1_UW179B_genomic_prodigal_proteins	2743	69	68.63	16.11	43.67
GCA_902548805.1_AG-901-N20_genomic_prodigal_proteins	158	GCA_003210345.1_ASM321034v1_genomic_prodigal_proteins	1256	33	68.02	18.02	20.89
GCA_902548805.1_AG-901-N20_genomic_prodigal_proteins	158	GCA_003210315.1_ASM321031v1_genomic_prodigal_proteins	1815	49	69.29	15.47	31.01
GCA_902548805.1_AG-901-N20_genomic_prodigal_proteins	158	GCA_009836155.1_ASM983615v1_genomic_prodigal_proteins	1947	44	63.54	13.98	27.85
GCA_902548805.1_AG-901-N20_genomic_prodigal_proteins	158	GCA_003990665.2_ASM399066v2_genomic_prodigal_proteins	2499	36	55.82	13.82	22.78
GCA_902548805.1_AG-901-N20_genomic_prodigal_proteins	158	GCA_003209135.1_ASM320913v1_genomic_prodigal_proteins	1719	50	70.19	18.41	31.65
GCA_902548805.1_AG-901-N20_genomic_prodigal_proteins	158	GCA_009845105.1_ASM984510v1_genomic_prodigal_proteins	1941	29	65.49	14.54	18.35
GCA_902548805.1_AG-901-N20_genomic_prodigal_proteins	158	GCA_002690325.1_ASM269032v1_genomic_prodigal_proteins	2554	69	71.32	14.23	43.67
GCA_902548805.1_AG-901-N20_genomic_prodigal_proteins	158	GCA_000161795.2_ASM16179v2_genomic_prodigal_proteins	2407	70	77.75	14.73	44.30
GCA_902548805.1_AG-901-N20_genomic_prodigal_proteins	158	GCA_004211895.1_ASM421189v1_genomic_prodigal_proteins	954	5	51.10	16.97	3.16
GCA_902548805.1_AG-901-N20_genomic_prodigal_proteins	158	GCA_003210735.1_ASM321073v1_genomic_prodigal_proteins	2337	74	75.30	15.77	46.84
GCA_902548805.1_AG-901-N20_genomic_prodigal_proteins	158	GCA_003209035.1_ASM320903v1_genomic_prodigal_proteins	1803	49	73.00	16.64	31.01
GCA_902548805.1_AG-901-N20_genomic_prodigal_proteins	158	GCA_003712085.1_ASM371208v1_genomic_prodigal_proteins	2745	92	89.78	14.28	58.23
GCA_902548805.1_AG-901-N20_genomic_prodigal_proteins	158	GCA_003212155.1_ASM321215v1_genomic_prodigal_proteins	262	10	64.32	16.39	6.33
GCA_902548805.1_AG-901-N20_genomic_prodigal_proteins	158	GCA_001040845.1_ASM104084v1_genomic_prodigal_proteins	2917	66	69.50	15.26	41.77
GCA_902548805.1_AG-901-N20_genomic_prodigal_proteins	158	GCA_002018015.1_ASM201801v1_genomic_prodigal_proteins	1578	25	63.06	12.79	15.82
GCA_902548805.1_AG-901-N20_genomic_prodigal_proteins	158	GCA_003211255.1_ASM321125v1_genomic_prodigal_proteins	1850	53	70.95	16.04	33.54
GCA_902548805.1_AG-901-N20_genomic_prodigal_proteins	158	GCA_002721235.1_ASM272123v1_genomic_prodigal_proteins	3119	43	53.69	13.68	27.22
GCA_902548805.1_AG-901-N20_genomic_prodigal_proteins	158	GCA_009839305.1_ASM983930v1_genomic_prodigal_proteins	1816	26	63.31	16.36	16.46
GCA_902548805.1_AG-901-N20_genomic_prodigal_proteins	158	GCA_011365345.1_ASM1136534v1_genomic_prodigal_proteins	2655	75	75.00	17.55	47.47
GCA_902548805.1_AG-901-N20_genomic_prodigal_proteins	158	GCA_001039265.1_ASM103926v1_genomic_prodigal_proteins	2832	44	71.23	16.13	27.85
GCA_902548805.1_AG-901-N20_genomic_prodigal_proteins	158	GCA_001628325.1_ASM162832v1_genomic_prodigal_proteins	2129	56	76.81	15.08	35.44
GCA_902548805.1_AG-901-N20_genomic_prodigal_proteins	158	GCA_003209215.1_ASM320921v1_genomic_prodigal_proteins	1679	52	73.30	19.99	32.91
GCA_902548805.1_AG-901-N20_genomic_prodigal_proteins	158	GCA_002737305.1_ASM273730v1_genomic_prodigal_proteins	1951	55	66.69	15.94	34.81
GCA_902548805.1_AG-901-N20_genomic_prodigal_proteins	158	GCA_003210515.1_ASM321051v1_genomic_prodigal_proteins	1673	51	69.75	17.44	32.28
GCA_902548805.1_AG-901-N20_genomic_prodigal_proteins	158	GCA_011525445.1_ASM1152544v1_genomic_prodigal_proteins	3208	68	66.53	16.05	43.04
GCA_902548805.1_AG-901-N20_genomic_prodigal_proteins	158	GCA_902599435.1_AG-916-N22_genomic_prodigal_proteins	793	26	72.88	19.78	16.46
GCA_902548805.1_AG-901-N20_genomic_prodigal_proteins	158	GCA_003149585.1_ASM314958v1_genomic_prodigal_proteins	2600	70	64.42	16.89	44.30
GCA_902548805.1_AG-901-N20_genomic_prodigal_proteins	158	GCA_902560665.1_AG-905-O11_genomic_prodigal_proteins	401	22	95.53	7.06	13.92
GCA_902548805.1_AG-901-N20_genomic_prodigal_proteins	158	GCA_003331795.1_ASM333179v1_genomic_prodigal_proteins	1948	37	61.25	12.72	23.42
GCA_902548805.1_AG-901-N20_genomic_prodigal_proteins	158	GCA_002017955.1_ASM201795v1_genomic_prodigal_proteins	512	8	57.46	11.13	5.06
GCA_902548805.1_AG-901-N20_genomic_prodigal_proteins	158	GCA_902584485.1_AG-912-O23_genomic_prodigal_proteins	535	38	90.89	12.91	24.05
GCA_902548805.1_AG-901-N20_genomic_prodigal_proteins	158	GCA_902527915.1_AG-896-G19_genomic_prodigal_proteins	1003	80	90.72	13.75	50.63
GCA_902548805.1_AG-901-N20_genomic_prodigal_proteins	158	GCA_902635365.1_AG-447-D19_genomic_prodigal_proteins	1690	55	71.22	15.92	34.81
GCA_902548805.1_AG-901-N20_genomic_prodigal_proteins	158	GCA_900474085.1_UW86_genomic_prodigal_proteins	2403	72	77.14	16.05	45.57
GCA_902548805.1_AG-901-N20_genomic_prodigal_proteins	158	GCA_001885215.1_ASM188521v1_genomic_prodigal_proteins	2897	61	66.09	15.06	38.61
GCA_902548805.1_AG-901-N20_genomic_prodigal_proteins	158	GCA_902575935.1_AG-426-B22_genomic_prodigal_proteins	254	4	67.57	20.62	2.53
GCA_902548805.1_AG-901-N20_genomic_prodigal_proteins	158	GCA_900474295.1_UW140_genomic_prodigal_proteins	2925	68	69.87	15.92	43.04
GCA_902548805.1_AG-901-N20_genomic_prodigal_proteins	158	GCA_003211565.1_ASM321156v1_genomic_prodigal_proteins	1489	33	74.85	18.98	20.89
GCA_902548805.1_AG-901-N20_genomic_prodigal_proteins	158	GCA_003526105.1_ASM352610v1_genomic_prodigal_proteins	1581	40	77.32	16.05	25.32
GCA_902548805.1_AG-901-N20_genomic_prodigal_proteins	158	GCA_002172935.1_ASM217293v1_genomic_prodigal_proteins	1996	46	65.03	16.28	29.11
GCA_902548805.1_AG-901-N20_genomic_prodigal_proteins	158	GCA_003210335.1_ASM321033v1_genomic_prodigal_proteins	942	8	55.21	19.13	5.06
GCA_902548805.1_AG-901-N20_genomic_prodigal_proteins	158	GCA_009846115.1_ASM984611v1_genomic_prodigal_proteins	2048	37	63.55	12.92	23.42
GCA_902548805.1_AG-901-N20_genomic_prodigal_proteins	158	GCA_001693295.1_ASM169329v1_genomic_prodigal_proteins	3183	43	53.40	13.72	27.22
GCA_902548805.1_AG-901-N20_genomic_prodigal_proteins	158	GCA_900473965.1_UW179A_genomic_prodigal_proteins	3383	67	67.98	15.47	42.41
GCA_902548805.1_AG-901-N20_genomic_prodigal_proteins	158	GCA_003213755.1_ASM321375v1_genomic_prodigal_proteins	1050	28	61.91	17.44	17.72
GCA_902548805.1_AG-901-N20_genomic_prodigal_proteins	158	GCA_003209155.1_ASM320915v1_genomic_prodigal_proteins	2305	50	66.76	14.88	31.65
GCA_902548805.1_AG-901-N20_genomic_prodigal_proteins	158	GCA_003211515.1_ASM321151v1_genomic_prodigal_proteins	2451	43	75.51	15.43	27.22
GCA_902548805.1_AG-901-N20_genomic_prodigal_proteins	158	GCA_002693285.1_ASM269328v1_genomic_prodigal_proteins	2440	48	68.27	14.46	30.38
GCA_902548805.1_AG-901-N20_genomic_prodigal_proteins	158	GCA_003210555.1_ASM321055v1_genomic_prodigal_proteins	1847	30	65.06	20.48	18.99
GCA_902548805.1_AG-901-N20_genomic_prodigal_proteins	158	GCA_000155595.1_ASM15559v1_genomic_prodigal_proteins	5270	43	54.52	14.70	27.22
GCA_902548805.1_AG-901-N20_genomic_prodigal_proteins	158	GCA_001007665.1_ASM100766v1_genomic_prodigal_proteins	2356	45	64.02	12.94	28.48
GCA_902548805.1_AG-901-N20_genomic_prodigal_proteins	158	GCA_009919765.1_ASM991976v1_genomic_prodigal_proteins	2524	35	61.57	13.41	22.15
GCA_902548805.1_AG-901-N20_genomic_prodigal_proteins	158	GCA_003331225.1_ASM333122v1_genomic_prodigal_proteins	2113	49	63.52	15.26	31.01
GCA_902548805.1_AG-901-N20_genomic_prodigal_proteins	158	GCA_900177825.1_IMG-taxon_2708742468_annotated_assembly_genomic_prodigal_proteins	3317	43	53.74	13.81	27.22
GCA_902548805.1_AG-901-N20_genomic_prodigal_proteins	158	GCA_000195975.1_ASM19597v1_genomic_prodigal_proteins	2719	92	89.52	15.36	58.23
GCA_902548805.1_AG-901-N20_genomic_prodigal_proteins	158	GCA_902618885.1_AG-920-D15_genomic_prodigal_proteins	1178	20	84.65	21.35	12.66
GCA_902548805.1_AG-901-N20_genomic_prodigal_proteins	158	GCA_003209165.1_ASM320916v1_genomic_prodigal_proteins	2711	77	73.93	16.55	48.73
GCA_902548805.1_AG-901-N20_genomic_prodigal_proteins	158	GCA_001007625.1_ASM100762v1_genomic_prodigal_proteins	2478	39	63.91	13.12	24.68
GCA_902548805.1_AG-901-N20_genomic_prodigal_proteins	158	GCA_008386235.1_ASM838623v1_genomic_prodigal_proteins	2571	36	55.01	14.44	22.78
GCA_902548805.1_AG-901-N20_genomic_prodigal_proteins	158	GCA_001631935.1_ASM163193v1_genomic_prodigal_proteins	3526	65	67.77	15.33	41.14
GCA_902548805.1_AG-901-N20_genomic_prodigal_proteins	158	GCA_002151525.1_ASM215152v1_genomic_prodigal_proteins	1628	52	63.83	15.45	32.91
GCA_902548805.1_AG-901-N20_genomic_prodigal_proteins	158	GCA_000153065.1_ASM15306v1_genomic_prodigal_proteins	2704	63	69.69	15.30	39.87
GCA_902548805.1_AG-901-N20_genomic_prodigal_proteins	158	GCA_009837265.1_ASM983726v1_genomic_prodigal_proteins	2126	39	64.30	12.89	24.68
GCA_902548805.1_AG-901-N20_genomic_prodigal_proteins	158	GCA_902533725.1_AG-898-C20_genomic_prodigal_proteins	421	23	80.86	15.60	14.56
GCA_902548805.1_AG-901-N20_genomic_prodigal_proteins	158	GCA_002171075.2_ASM217107v2_genomic_prodigal_proteins	1919	41	61.76	15.62	25.95
GCA_902548805.1_AG-901-N20_genomic_prodigal_proteins	158	GCA_002760395.1_ASM276039v1_genomic_prodigal_proteins	2661	33	55.42	12.54	20.89
GCA_902548805.1_AG-901-N20_genomic_prodigal_proteins	158	GCA_003209005.1_ASM320900v1_genomic_prodigal_proteins	2548	56	68.53	16.63	35.44
GCA_902548805.1_AG-901-N20_genomic_prodigal_proteins	158	GCA_002017915.1_ASM201791v1_genomic_prodigal_proteins	623	5	68.44	9.59	3.16
GCA_902548805.1_AG-901-N20_genomic_prodigal_proteins	158	GCA_900047545.1_m9_genomic_prodigal_proteins	1575	36	63.76	14.90	22.78
GCA_902548805.1_AG-901-N20_genomic_prodigal_proteins	158	GCA_001632105.1_ASM163210v1_genomic_prodigal_proteins	3521	64	68.27	14.91	40.51
GCA_902548805.1_AG-901-N20_genomic_prodigal_proteins	158	GCA_004212765.1_ASM421276v1_genomic_prodigal_proteins	1162	39	85.21	12.92	24.68
GCA_902548805.1_AG-901-N20_genomic_prodigal_proteins	158	GCA_002685515.1_ASM268551v1_genomic_prodigal_proteins	1286	23	68.24	15.66	14.56
GCA_902548805.1_AG-901-N20_genomic_prodigal_proteins	158	GCA_007828135.1_ASM782813v1_genomic_prodigal_proteins	2917	62	66.57	15.38	39.24
GCA_902548805.1_AG-901-N20_genomic_prodigal_proteins	158	GCA_011047875.1_ASM1104787v1_genomic_prodigal_proteins	2810	36	53.85	13.23	22.78
GCA_902548805.1_AG-901-N20_genomic_prodigal_proteins	158	GCA_009840445.1_ASM984044v1_genomic_prodigal_proteins	2167	43	63.76	13.91	27.22
GCA_902548805.1_AG-901-N20_genomic_prodigal_proteins	158	GCA_003210995.1_ASM321099v1_genomic_prodigal_proteins	2385	56	69.49	15.77	35.44
GCA_902548805.1_AG-901-N20_genomic_prodigal_proteins	158	GCA_902616995.1_AG-919-L20_genomic_prodigal_proteins	654	31	90.78	16.88	19.62
GCA_902548805.1_AG-901-N20_genomic_prodigal_proteins	158	GCA_009845825.1_ASM984582v1_genomic_prodigal_proteins	2168	36	63.11	13.04	22.78
GCA_902548805.1_AG-901-N20_genomic_prodigal_proteins	158	GCA_000515235.1_ASM51523v1_genomic_prodigal_proteins	2873	79	71.75	16.87	50.00
GCA_902548805.1_AG-901-N20_genomic_prodigal_proteins	158	GCA_003523965.1_ASM352396v1_genomic_prodigal_proteins	1735	33	64.77	14.87	20.89
GCA_902548805.1_AG-901-N20_genomic_prodigal_proteins	158	GCA_002684175.1_ASM268417v1_genomic_prodigal_proteins	1819	37	74.16	14.72	23.42
GCA_902548805.1_AG-901-N20_genomic_prodigal_proteins	158	GCA_011523295.1_ASM1152329v1_genomic_prodigal_proteins	2851	46	67.60	16.94	29.11
GCA_902548805.1_AG-901-N20_genomic_prodigal_proteins	158	GCA_003211015.1_ASM321101v1_genomic_prodigal_proteins	2128	42	71.36	14.37	26.58
GCA_902548805.1_AG-901-N20_genomic_prodigal_proteins	158	GCA_002006815.1_ASM200681v1_genomic_prodigal_proteins	1973	44	64.64	13.38	27.85
GCA_902592665.1_AG-447-E14_genomic_prodigal_proteins	1111	GCA_011523155.1_ASM1152315v1_genomic_prodigal_proteins	2101	364	67.44	13.84	32.76
GCA_902592665.1_AG-447-E14_genomic_prodigal_proteins	1111	GCA_003211275.1_ASM321127v1_genomic_prodigal_proteins	2168	390	66.98	14.14	35.10
GCA_902592665.1_AG-447-E14_genomic_prodigal_proteins	1111	GCA_003957805.1_ASM395780v1_genomic_prodigal_proteins	2887	319	54.99	12.76	28.71
GCA_902592665.1_AG-447-E14_genomic_prodigal_proteins	1111	GCA_012270465.1_ASM1227046v1_genomic_prodigal_proteins	2311	373	62.92	13.88	33.57
GCA_902592665.1_AG-447-E14_genomic_prodigal_proteins	1111	GCA_001693255.1_ASM169325v1_genomic_prodigal_proteins	3177	293	52.41	12.38	26.37
GCA_902592665.1_AG-447-E14_genomic_prodigal_proteins	1111	GCA_003210385.1_ASM321038v1_genomic_prodigal_proteins	286	88	67.57	15.09	30.77
GCA_902592665.1_AG-447-E14_genomic_prodigal_proteins	1111	GCA_002170705.1_ASM217070v1_genomic_prodigal_proteins	1392	281	72.71	14.55	25.29
GCA_902592665.1_AG-447-E14_genomic_prodigal_proteins	1111	GCA_002356215.1_ASM235621v1_genomic_prodigal_proteins	2953	290	52.71	12.57	26.10
GCA_902592665.1_AG-447-E14_genomic_prodigal_proteins	1111	GCA_003210935.1_ASM321093v1_genomic_prodigal_proteins	1868	381	68.86	14.65	34.29
GCA_902592665.1_AG-447-E14_genomic_prodigal_proteins	1111	GCA_003210535.1_ASM321053v1_genomic_prodigal_proteins	1257	340	87.23	9.81	30.60
GCA_902592665.1_AG-447-E14_genomic_prodigal_proteins	1111	GCA_002724845.1_ASM272484v1_genomic_prodigal_proteins	1589	346	75.76	12.80	31.14
GCA_902592665.1_AG-447-E14_genomic_prodigal_proteins	1111	GCA_000153285.1_ASM15328v1_genomic_prodigal_proteins	2746	536	68.78	14.45	48.24
GCA_902592665.1_AG-447-E14_genomic_prodigal_proteins	1111	GCA_003211035.1_ASM321103v1_genomic_prodigal_proteins	530	145	71.54	14.88	27.36
GCA_902592665.1_AG-447-E14_genomic_prodigal_proteins	1111	GCA_001521855.1_ASM152185v1_genomic_prodigal_proteins	3144	293	52.15	12.52	26.37
GCA_902592665.1_AG-447-E14_genomic_prodigal_proteins	1111	GCA_009835965.1_ASM983596v1_genomic_prodigal_proteins	2105	322	59.10	13.76	28.98
GCA_902592665.1_AG-447-E14_genomic_prodigal_proteins	1111	GCA_012269695.1_ASM1226969v1_genomic_prodigal_proteins	2043	318	63.91	14.51	28.62
GCA_902592665.1_AG-447-E14_genomic_prodigal_proteins	1111	GCA_000737535.1_ASM73753v1_genomic_prodigal_proteins	3013	584	72.08	14.59	52.57
GCA_902592665.1_AG-447-E14_genomic_prodigal_proteins	1111	GCA_000586015.1_SynSpo.0_genomic_prodigal_proteins	1907	245	59.85	13.93	22.05
GCA_902592665.1_AG-447-E14_genomic_prodigal_proteins	1111	GCA_002760345.1_ASM276034v1_genomic_prodigal_proteins	2731	233	52.28	11.80	20.97
GCA_902592665.1_AG-447-E14_genomic_prodigal_proteins	1111	GCA_000013225.1_ASM1322v1_genomic_prodigal_proteins	2844	236	52.46	11.74	21.24
GCA_902592665.1_AG-447-E14_genomic_prodigal_proteins	1111	GCA_000332275.1_ASM33227v1_genomic_prodigal_proteins	4564	276	51.46	12.27	24.84
GCA_902592665.1_AG-447-E14_genomic_prodigal_proteins	1111	GCA_002252675.1_ASM225267v1_genomic_prodigal_proteins	3295	431	64.98	14.22	38.79
GCA_902592665.1_AG-447-E14_genomic_prodigal_proteins	1111	GCA_000737575.1_ASM73757v1_genomic_prodigal_proteins	2662	572	73.31	14.21	51.49
GCA_902592665.1_AG-447-E14_genomic_prodigal_proteins	1111	GCA_902596755.1_AG-916-D19_genomic_prodigal_proteins	1152	221	72.36	16.75	19.89
GCA_902592665.1_AG-447-E14_genomic_prodigal_proteins	1111	GCA_003211455.1_ASM321145v1_genomic_prodigal_proteins	1186	307	72.12	15.20	27.63
GCA_902592665.1_AG-447-E14_genomic_prodigal_proteins	1111	GCA_003208755.1_ASM320875v1_genomic_prodigal_proteins	690	166	85.29	15.56	24.06
GCA_902592665.1_AG-447-E14_genomic_prodigal_proteins	1111	GCA_007571215.1_ASM757121v1_genomic_prodigal_proteins	1879	313	58.72	13.68	28.17
GCA_902592665.1_AG-447-E14_genomic_prodigal_proteins	1111	GCA_001007635.1_ASM100763v1_genomic_prodigal_proteins	2333	294	59.35	13.32	26.46
GCA_902592665.1_AG-447-E14_genomic_prodigal_proteins	1111	GCA_000179255.1_ASM17925v1_genomic_prodigal_proteins	2729	460	65.24	14.23	41.40
GCA_902592665.1_AG-447-E14_genomic_prodigal_proteins	1111	GCA_003208975.1_ASM320897v1_genomic_prodigal_proteins	1804	357	70.73	15.29	32.13
GCA_902592665.1_AG-447-E14_genomic_prodigal_proteins	1111	GCA_012103655.1_ASM1210365v1_genomic_prodigal_proteins	2723	544	68.88	14.30	48.96
GCA_902592665.1_AG-447-E14_genomic_prodigal_proteins	1111	GCA_902582045.1_AG-912-B07_genomic_prodigal_proteins	196	43	64.02	18.09	21.94
GCA_902592665.1_AG-447-E14_genomic_prodigal_proteins	1111	GCA_000153045.1_ASM15304v1_genomic_prodigal_proteins	3242	461	66.12	15.48	41.49
GCA_902592665.1_AG-447-E14_genomic_prodigal_proteins	1111	GCA_902549675.1_AG-903-B09_genomic_prodigal_proteins	836	142	69.91	17.99	16.99
GCA_902592665.1_AG-447-E14_genomic_prodigal_proteins	1111	GCA_002018045.1_ASM201804v1_genomic_prodigal_proteins	1559	258	59.77	13.48	23.22
GCA_902592665.1_AG-447-E14_genomic_prodigal_proteins	1111	GCA_004213055.1_ASM421305v1_genomic_prodigal_proteins	2241	425	69.41	14.11	38.25
GCA_902592665.1_AG-447-E14_genomic_prodigal_proteins	1111	GCA_007571085.1_ASM757108v1_genomic_prodigal_proteins	1784	310	58.71	13.77	27.90
GCA_902592665.1_AG-447-E14_genomic_prodigal_proteins	1111	GCA_009839805.1_ASM983980v1_genomic_prodigal_proteins	1848	217	57.09	13.34	19.53
GCA_902592665.1_AG-447-E14_genomic_prodigal_proteins	1111	GCA_003210375.1_ASM321037v1_genomic_prodigal_proteins	2155	581	86.23	11.91	52.30
GCA_902592665.1_AG-447-E14_genomic_prodigal_proteins	1111	GCA_004332415.1_ASM433241v1_genomic_prodigal_proteins	2408	506	69.08	14.59	45.54
GCA_902592665.1_AG-447-E14_genomic_prodigal_proteins	1111	GCA_009836025.1_ASM983602v1_genomic_prodigal_proteins	2290	314	59.11	13.64	28.26
GCA_902592665.1_AG-447-E14_genomic_prodigal_proteins	1111	GCA_009843455.1_ASM984345v1_genomic_prodigal_proteins	2423	310	59.07	13.76	27.90
GCA_902592665.1_AG-447-E14_genomic_prodigal_proteins	1111	GCA_009843485.1_ASM984348v1_genomic_prodigal_proteins	2158	324	59.00	13.65	29.16
GCA_902592665.1_AG-447-E14_genomic_prodigal_proteins	1111	GCA_003283135.1_ASM328313v1_genomic_prodigal_proteins	459	56	65.81	17.41	12.20
GCA_902592665.1_AG-447-E14_genomic_prodigal_proteins	1111	GCA_902635485.1_AG-447-G23_genomic_prodigal_proteins	327	80	68.61	14.53	24.46
GCA_902592665.1_AG-447-E14_genomic_prodigal_proteins	1111	GCA_002760415.1_ASM276041v1_genomic_prodigal_proteins	2670	229	52.25	11.93	20.61
GCA_902592665.1_AG-447-E14_genomic_prodigal_proteins	1111	GCA_002754935.1_ASM275493v1_genomic_prodigal_proteins	2664	265	52.53	12.76	23.85
GCA_902592665.1_AG-447-E14_genomic_prodigal_proteins	1111	GCA_002171685.2_ASM217168v2_genomic_prodigal_proteins	811	201	69.64	14.00	24.78
GCA_902592665.1_AG-447-E14_genomic_prodigal_proteins	1111	GCA_000737595.1_ASM73759v1_genomic_prodigal_proteins	2774	582	74.18	13.91	52.39
GCA_902592665.1_AG-447-E14_genomic_prodigal_proteins	1111	GCA_003331785.1_ASM333178v1_genomic_prodigal_proteins	2125	513	69.20	14.10	46.17
GCA_902592665.1_AG-447-E14_genomic_prodigal_proteins	1111	GCA_009842265.1_ASM984226v1_genomic_prodigal_proteins	2398	313	59.24	13.54	28.17
GCA_902592665.1_AG-447-E14_genomic_prodigal_proteins	1111	GCA_902579345.1_AG-911-L15_genomic_prodigal_proteins	248	55	64.40	18.39	22.18
GCA_902592665.1_AG-447-E14_genomic_prodigal_proteins	1111	GCA_000011345.1_ASM1134v1_genomic_prodigal_proteins	2520	266	52.81	12.50	23.94
GCA_902592665.1_AG-447-E14_genomic_prodigal_proteins	1111	GCA_003210705.1_ASM321070v1_genomic_prodigal_proteins	2244	457	68.40	14.32	41.13
GCA_902592665.1_AG-447-E14_genomic_prodigal_proteins	1111	GCA_000019485.1_ASM1948v1_genomic_prodigal_proteins	3233	291	52.14	12.53	26.19
GCA_902592665.1_AG-447-E14_genomic_prodigal_proteins	1111	GCA_003283055.1_ASM328305v1_genomic_prodigal_proteins	482	43	64.49	15.05	8.92
GCA_902592665.1_AG-447-E14_genomic_prodigal_proteins	1111	GCA_000010065.1_ASM1006v1_genomic_prodigal_proteins	2691	315	54.81	12.74	28.35
GCA_902592665.1_AG-447-E14_genomic_prodigal_proteins	1111	GCA_000316685.1_ASM31668v1_genomic_prodigal_proteins	3706	282	52.09	12.48	25.38
GCA_902592665.1_AG-447-E14_genomic_prodigal_proteins	1111	GCA_000063525.1_ASM6352v1_genomic_prodigal_proteins	2540	461	64.56	15.02	41.49
GCA_902592665.1_AG-447-E14_genomic_prodigal_proteins	1111	GCA_003283165.1_ASM328316v1_genomic_prodigal_proteins	217	52	71.27	16.60	23.96
GCA_902592665.1_AG-447-E14_genomic_prodigal_proteins	1111	GCA_902540675.1_AG-359-E22_genomic_prodigal_proteins	584	105	73.00	17.56	17.98
GCA_902592665.1_AG-447-E14_genomic_prodigal_proteins	1111	GCA_011055065.1_ASM1105506v1_genomic_prodigal_proteins	2792	227	52.11	12.03	20.43
GCA_902592665.1_AG-447-E14_genomic_prodigal_proteins	1111	GCA_000013205.1_ASM1320v1_genomic_prodigal_proteins	2750	233	52.23	11.81	20.97
GCA_902592665.1_AG-447-E14_genomic_prodigal_proteins	1111	GCA_003539795.1_ASM353979v1_genomic_prodigal_proteins	2284	417	72.71	13.44	37.53
GCA_902592665.1_AG-447-E14_genomic_prodigal_proteins	1111	GCA_002171995.1_ASM217199v1_genomic_prodigal_proteins	1978	305	68.43	14.22	27.45
GCA_902592665.1_AG-447-E14_genomic_prodigal_proteins	1111	GCA_011523835.1_ASM1152383v1_genomic_prodigal_proteins	2468	470	69.08	14.58	42.30
GCA_902592665.1_AG-447-E14_genomic_prodigal_proteins	1111	GCA_002172175.1_ASM217217v1_genomic_prodigal_proteins	1846	293	62.06	14.36	26.37
GCA_902592665.1_AG-447-E14_genomic_prodigal_proteins	1111	GCA_003208835.1_ASM320883v1_genomic_prodigal_proteins	2208	533	87.04	11.18	47.97
GCA_902592665.1_AG-447-E14_genomic_prodigal_proteins	1111	GCA_902589915.1_AG-914-F20_genomic_prodigal_proteins	373	46	67.49	17.17	12.33
GCA_902592665.1_AG-447-E14_genomic_prodigal_proteins	1111	GCA_000485815.1_ASM48581v1_genomic_prodigal_proteins	3083	290	52.68	12.45	26.10
GCA_902592665.1_AG-447-E14_genomic_prodigal_proteins	1111	GCA_008807075.1_ASM880707v1_genomic_prodigal_proteins	2925	442	64.28	14.21	39.78
GCA_902592665.1_AG-447-E14_genomic_prodigal_proteins	1111	GCA_000179235.2_ASM17923v2_genomic_prodigal_proteins	3071	459	65.64	14.17	41.31
GCA_902592665.1_AG-447-E14_genomic_prodigal_proteins	1111	GCA_003210795.1_ASM321079v1_genomic_prodigal_proteins	2239	514	72.26	14.98	46.26
GCA_902592665.1_AG-447-E14_genomic_prodigal_proteins	1111	GCA_002706715.1_ASM270671v1_genomic_prodigal_proteins	1148	290	73.47	14.70	26.10
GCA_902592665.1_AG-447-E14_genomic_prodigal_proteins	1111	GCA_003331245.1_ASM333124v1_genomic_prodigal_proteins	2021	461	73.51	13.49	41.49
GCA_902592665.1_AG-447-E14_genomic_prodigal_proteins	1111	GCA_009843385.1_ASM984338v1_genomic_prodigal_proteins	2085	281	58.88	13.96	25.29
GCA_902592665.1_AG-447-E14_genomic_prodigal_proteins	1111	GCA_003211205.1_ASM321120v1_genomic_prodigal_proteins	2288	453	67.95	14.64	40.77
GCA_902592665.1_AG-447-E14_genomic_prodigal_proteins	1111	GCA_000063505.1_ASM6350v1_genomic_prodigal_proteins	2558	513	68.98	14.80	46.17
GCA_902592665.1_AG-447-E14_genomic_prodigal_proteins	1111	GCA_900474245.1_UW179B_genomic_prodigal_proteins	2743	555	68.82	14.40	49.95
GCA_902592665.1_AG-447-E14_genomic_prodigal_proteins	1111	GCA_003210345.1_ASM321034v1_genomic_prodigal_proteins	1256	323	86.17	12.76	29.07
GCA_902592665.1_AG-447-E14_genomic_prodigal_proteins	1111	GCA_003210315.1_ASM321031v1_genomic_prodigal_proteins	1815	422	68.33	14.25	37.98
GCA_902592665.1_AG-447-E14_genomic_prodigal_proteins	1111	GCA_009836155.1_ASM983615v1_genomic_prodigal_proteins	1947	300	58.92	13.74	27.00
GCA_902592665.1_AG-447-E14_genomic_prodigal_proteins	1111	GCA_003990665.2_ASM399066v2_genomic_prodigal_proteins	2499	268	52.69	12.55	24.12
GCA_902592665.1_AG-447-E14_genomic_prodigal_proteins	1111	GCA_003209135.1_ASM320913v1_genomic_prodigal_proteins	1719	327	69.95	14.95	29.43
GCA_902592665.1_AG-447-E14_genomic_prodigal_proteins	1111	GCA_009845105.1_ASM984510v1_genomic_prodigal_proteins	1941	260	58.23	14.09	23.40
GCA_902592665.1_AG-447-E14_genomic_prodigal_proteins	1111	GCA_002690325.1_ASM269032v1_genomic_prodigal_proteins	2554	562	71.50	14.31	50.59
GCA_902592665.1_AG-447-E14_genomic_prodigal_proteins	1111	GCA_000161795.2_ASM16179v2_genomic_prodigal_proteins	2407	564	75.25	13.54	50.77
GCA_902592665.1_AG-447-E14_genomic_prodigal_proteins	1111	GCA_004211895.1_ASM421189v1_genomic_prodigal_proteins	954	220	74.99	14.77	23.06
GCA_902592665.1_AG-447-E14_genomic_prodigal_proteins	1111	GCA_003210735.1_ASM321073v1_genomic_prodigal_proteins	2337	480	71.69	15.07	43.20
GCA_902592665.1_AG-447-E14_genomic_prodigal_proteins	1111	GCA_003209035.1_ASM320903v1_genomic_prodigal_proteins	1803	370	70.95	15.65	33.30
GCA_902592665.1_AG-447-E14_genomic_prodigal_proteins	1111	GCA_003712085.1_ASM371208v1_genomic_prodigal_proteins	2745	582	74.22	14.01	52.39
GCA_902592665.1_AG-447-E14_genomic_prodigal_proteins	1111	GCA_003212155.1_ASM321215v1_genomic_prodigal_proteins	262	70	60.07	18.13	26.72
GCA_902592665.1_AG-447-E14_genomic_prodigal_proteins	1111	GCA_001040845.1_ASM104084v1_genomic_prodigal_proteins	2917	553	69.02	14.41	49.77
GCA_902592665.1_AG-447-E14_genomic_prodigal_proteins	1111	GCA_002018015.1_ASM201801v1_genomic_prodigal_proteins	1578	239	60.08	13.75	21.51
GCA_902592665.1_AG-447-E14_genomic_prodigal_proteins	1111	GCA_003211255.1_ASM321125v1_genomic_prodigal_proteins	1850	400	71.48	15.54	36.00
GCA_902592665.1_AG-447-E14_genomic_prodigal_proteins	1111	GCA_002721235.1_ASM272123v1_genomic_prodigal_proteins	3119	291	52.07	12.66	26.19
GCA_902592665.1_AG-447-E14_genomic_prodigal_proteins	1111	GCA_009839305.1_ASM983930v1_genomic_prodigal_proteins	1816	236	59.91	14.29	21.24
GCA_902592665.1_AG-447-E14_genomic_prodigal_proteins	1111	GCA_011365345.1_ASM1136534v1_genomic_prodigal_proteins	2655	605	74.19	14.18	54.46
GCA_902592665.1_AG-447-E14_genomic_prodigal_proteins	1111	GCA_001039265.1_ASM103926v1_genomic_prodigal_proteins	2832	304	65.89	14.95	27.36
GCA_902592665.1_AG-447-E14_genomic_prodigal_proteins	1111	GCA_001628325.1_ASM162832v1_genomic_prodigal_proteins	2129	473	75.66	13.35	42.57
GCA_902592665.1_AG-447-E14_genomic_prodigal_proteins	1111	GCA_003209215.1_ASM320921v1_genomic_prodigal_proteins	1679	345	73.02	15.12	31.05
GCA_902592665.1_AG-447-E14_genomic_prodigal_proteins	1111	GCA_002737305.1_ASM273730v1_genomic_prodigal_proteins	1951	339	65.03	14.41	30.51
GCA_902592665.1_AG-447-E14_genomic_prodigal_proteins	1111	GCA_003210515.1_ASM321051v1_genomic_prodigal_proteins	1673	476	90.07	9.79	42.84
GCA_902592665.1_AG-447-E14_genomic_prodigal_proteins	1111	GCA_011525445.1_ASM1152544v1_genomic_prodigal_proteins	3208	468	67.63	14.10	42.12
GCA_902592665.1_AG-447-E14_genomic_prodigal_proteins	1111	GCA_902599435.1_AG-916-N22_genomic_prodigal_proteins	793	199	73.72	16.36	25.09
GCA_902592665.1_AG-447-E14_genomic_prodigal_proteins	1111	GCA_003149585.1_ASM314958v1_genomic_prodigal_proteins	2600	465	65.19	14.29	41.85
GCA_902592665.1_AG-447-E14_genomic_prodigal_proteins	1111	GCA_902560665.1_AG-905-O11_genomic_prodigal_proteins	401	77	70.47	16.49	19.20
GCA_902592665.1_AG-447-E14_genomic_prodigal_proteins	1111	GCA_003331795.1_ASM333179v1_genomic_prodigal_proteins	1948	362	64.82	14.86	32.58
GCA_902592665.1_AG-447-E14_genomic_prodigal_proteins	1111	GCA_002017955.1_ASM201795v1_genomic_prodigal_proteins	512	65	61.47	13.75	12.70
GCA_902592665.1_AG-447-E14_genomic_prodigal_proteins	1111	GCA_902584485.1_AG-912-O23_genomic_prodigal_proteins	535	115	70.76	15.83	21.50
GCA_902592665.1_AG-447-E14_genomic_prodigal_proteins	1111	GCA_902527915.1_AG-896-G19_genomic_prodigal_proteins	1003	221	71.39	16.34	22.03
GCA_902592665.1_AG-447-E14_genomic_prodigal_proteins	1111	GCA_902635365.1_AG-447-D19_genomic_prodigal_proteins	1690	574	96.13	10.87	51.67
GCA_902592665.1_AG-447-E14_genomic_prodigal_proteins	1111	GCA_900474085.1_UW86_genomic_prodigal_proteins	2403	567	75.19	13.58	51.04
GCA_902592665.1_AG-447-E14_genomic_prodigal_proteins	1111	GCA_001885215.1_ASM188521v1_genomic_prodigal_proteins	2897	437	64.48	14.26	39.33
GCA_902592665.1_AG-447-E14_genomic_prodigal_proteins	1111	GCA_902575935.1_AG-426-B22_genomic_prodigal_proteins	254	72	73.93	15.59	28.35
GCA_902592665.1_AG-447-E14_genomic_prodigal_proteins	1111	GCA_900474295.1_UW140_genomic_prodigal_proteins	2925	562	69.33	14.38	50.59
GCA_902592665.1_AG-447-E14_genomic_prodigal_proteins	1111	GCA_003211565.1_ASM321156v1_genomic_prodigal_proteins	1489	305	72.75	14.23	27.45
GCA_902592665.1_AG-447-E14_genomic_prodigal_proteins	1111	GCA_003526105.1_ASM352610v1_genomic_prodigal_proteins	1581	286	76.19	13.70	25.74
GCA_902592665.1_AG-447-E14_genomic_prodigal_proteins	1111	GCA_002172935.1_ASM217293v1_genomic_prodigal_proteins	1996	354	67.63	14.67	31.86
GCA_902592665.1_AG-447-E14_genomic_prodigal_proteins	1111	GCA_003210335.1_ASM321033v1_genomic_prodigal_proteins	942	110	65.75	15.40	11.68
GCA_902592665.1_AG-447-E14_genomic_prodigal_proteins	1111	GCA_009846115.1_ASM984611v1_genomic_prodigal_proteins	2048	284	58.63	13.91	25.56
GCA_902592665.1_AG-447-E14_genomic_prodigal_proteins	1111	GCA_001693295.1_ASM169329v1_genomic_prodigal_proteins	3183	294	52.08	12.48	26.46
GCA_902592665.1_AG-447-E14_genomic_prodigal_proteins	1111	GCA_900473965.1_UW179A_genomic_prodigal_proteins	3383	558	68.19	14.61	50.23
GCA_902592665.1_AG-447-E14_genomic_prodigal_proteins	1111	GCA_003213755.1_ASM321375v1_genomic_prodigal_proteins	1050	187	63.05	15.72	17.81
GCA_902592665.1_AG-447-E14_genomic_prodigal_proteins	1111	GCA_003209155.1_ASM320915v1_genomic_prodigal_proteins	2305	464	68.34	14.47	41.76
GCA_902592665.1_AG-447-E14_genomic_prodigal_proteins	1111	GCA_003211515.1_ASM321151v1_genomic_prodigal_proteins	2451	459	70.40	15.07	41.31
GCA_902592665.1_AG-447-E14_genomic_prodigal_proteins	1111	GCA_002693285.1_ASM269328v1_genomic_prodigal_proteins	2440	487	67.77	14.64	43.83
GCA_902592665.1_AG-447-E14_genomic_prodigal_proteins	1111	GCA_003210555.1_ASM321055v1_genomic_prodigal_proteins	1847	331	67.26	15.17	29.79
GCA_902592665.1_AG-447-E14_genomic_prodigal_proteins	1111	GCA_000155595.1_ASM15559v1_genomic_prodigal_proteins	5270	315	51.72	12.73	28.35
GCA_902592665.1_AG-447-E14_genomic_prodigal_proteins	1111	GCA_001007665.1_ASM100766v1_genomic_prodigal_proteins	2356	331	58.43	14.11	29.79
GCA_902592665.1_AG-447-E14_genomic_prodigal_proteins	1111	GCA_009919765.1_ASM991976v1_genomic_prodigal_proteins	2524	302	64.55	14.73	27.18
GCA_902592665.1_AG-447-E14_genomic_prodigal_proteins	1111	GCA_003331225.1_ASM333122v1_genomic_prodigal_proteins	2113	421	63.70	14.95	37.89
GCA_902592665.1_AG-447-E14_genomic_prodigal_proteins	1111	GCA_900177825.1_IMG-taxon_2708742468_annotated_assembly_genomic_prodigal_proteins	3317	287	52.12	12.60	25.83
GCA_902592665.1_AG-447-E14_genomic_prodigal_proteins	1111	GCA_000195975.1_ASM19597v1_genomic_prodigal_proteins	2719	575	74.59	14.02	51.76
GCA_902592665.1_AG-447-E14_genomic_prodigal_proteins	1111	GCA_902618885.1_AG-920-D15_genomic_prodigal_proteins	1178	253	72.88	15.62	22.77
GCA_902592665.1_AG-447-E14_genomic_prodigal_proteins	1111	GCA_003209165.1_ASM320916v1_genomic_prodigal_proteins	2711	542	73.49	14.46	48.78
GCA_902592665.1_AG-447-E14_genomic_prodigal_proteins	1111	GCA_001007625.1_ASM100762v1_genomic_prodigal_proteins	2478	295	59.77	13.74	26.55
GCA_902592665.1_AG-447-E14_genomic_prodigal_proteins	1111	GCA_008386235.1_ASM838623v1_genomic_prodigal_proteins	2571	271	52.70	12.63	24.39
GCA_902592665.1_AG-447-E14_genomic_prodigal_proteins	1111	GCA_001631935.1_ASM163193v1_genomic_prodigal_proteins	3526	571	67.85	14.78	51.40
GCA_902592665.1_AG-447-E14_genomic_prodigal_proteins	1111	GCA_002151525.1_ASM215152v1_genomic_prodigal_proteins	1628	305	61.39	14.68	27.45
GCA_902592665.1_AG-447-E14_genomic_prodigal_proteins	1111	GCA_000153065.1_ASM15306v1_genomic_prodigal_proteins	2704	476	69.01	14.43	42.84
GCA_902592665.1_AG-447-E14_genomic_prodigal_proteins	1111	GCA_009837265.1_ASM983726v1_genomic_prodigal_proteins	2126	305	59.41	13.85	27.45
GCA_902592665.1_AG-447-E14_genomic_prodigal_proteins	1111	GCA_902533725.1_AG-898-C20_genomic_prodigal_proteins	421	81	69.86	15.35	19.24
GCA_902592665.1_AG-447-E14_genomic_prodigal_proteins	1111	GCA_002171075.2_ASM217107v2_genomic_prodigal_proteins	1919	348	61.79	14.91	31.32
GCA_902592665.1_AG-447-E14_genomic_prodigal_proteins	1111	GCA_002760395.1_ASM276039v1_genomic_prodigal_proteins	2661	226	52.37	11.83	20.34
GCA_902592665.1_AG-447-E14_genomic_prodigal_proteins	1111	GCA_003209005.1_ASM320900v1_genomic_prodigal_proteins	2548	467	67.78	14.69	42.03
GCA_902592665.1_AG-447-E14_genomic_prodigal_proteins	1111	GCA_002017915.1_ASM201791v1_genomic_prodigal_proteins	623	89	62.11	14.59	14.29
GCA_902592665.1_AG-447-E14_genomic_prodigal_proteins	1111	GCA_900047545.1_m9_genomic_prodigal_proteins	1575	240	59.08	13.19	21.60
GCA_902592665.1_AG-447-E14_genomic_prodigal_proteins	1111	GCA_001632105.1_ASM163210v1_genomic_prodigal_proteins	3521	570	67.74	14.62	51.31
GCA_902592665.1_AG-447-E14_genomic_prodigal_proteins	1111	GCA_004212765.1_ASM421276v1_genomic_prodigal_proteins	1162	263	73.49	14.92	23.67
GCA_902592665.1_AG-447-E14_genomic_prodigal_proteins	1111	GCA_002685515.1_ASM268551v1_genomic_prodigal_proteins	1286	253	66.25	14.50	22.77
GCA_902592665.1_AG-447-E14_genomic_prodigal_proteins	1111	GCA_007828135.1_ASM782813v1_genomic_prodigal_proteins	2917	438	64.54	14.33	39.42
GCA_902592665.1_AG-447-E14_genomic_prodigal_proteins	1111	GCA_011047875.1_ASM1104787v1_genomic_prodigal_proteins	2810	231	52.14	12.12	20.79
GCA_902592665.1_AG-447-E14_genomic_prodigal_proteins	1111	GCA_009840445.1_ASM984044v1_genomic_prodigal_proteins	2167	330	58.80	13.76	29.70
GCA_902592665.1_AG-447-E14_genomic_prodigal_proteins	1111	GCA_003210995.1_ASM321099v1_genomic_prodigal_proteins	2385	435	67.69	15.15	39.15
GCA_902592665.1_AG-447-E14_genomic_prodigal_proteins	1111	GCA_902616995.1_AG-919-L20_genomic_prodigal_proteins	654	120	70.04	16.67	18.35
GCA_902592665.1_AG-447-E14_genomic_prodigal_proteins	1111	GCA_009845825.1_ASM984582v1_genomic_prodigal_proteins	2168	281	60.11	13.39	25.29
GCA_902592665.1_AG-447-E14_genomic_prodigal_proteins	1111	GCA_000515235.1_ASM51523v1_genomic_prodigal_proteins	2873	579	72.09	14.51	52.12
GCA_902592665.1_AG-447-E14_genomic_prodigal_proteins	1111	GCA_003523965.1_ASM352396v1_genomic_prodigal_proteins	1735	203	59.68	13.69	18.27
GCA_902592665.1_AG-447-E14_genomic_prodigal_proteins	1111	GCA_002684175.1_ASM268417v1_genomic_prodigal_proteins	1819	353	71.86	13.64	31.77
GCA_902592665.1_AG-447-E14_genomic_prodigal_proteins	1111	GCA_011523295.1_ASM1152329v1_genomic_prodigal_proteins	2851	468	70.67	14.49	42.12
GCA_902592665.1_AG-447-E14_genomic_prodigal_proteins	1111	GCA_003211015.1_ASM321101v1_genomic_prodigal_proteins	2128	443	68.50	14.05	39.87
GCA_902592665.1_AG-447-E14_genomic_prodigal_proteins	1111	GCA_002006815.1_ASM200681v1_genomic_prodigal_proteins	1973	350	62.94	14.10	31.50
GCA_003283215.1_ASM328321v1_genomic_prodigal_proteins	239	GCA_003209555.1_ASM320955v1_genomic_prodigal_proteins	908	18	64.82	15.69	7.53
GCA_003283215.1_ASM328321v1_genomic_prodigal_proteins	239	GCA_000153805.1_ASM15380v1_genomic_prodigal_proteins	2517	58	69.47	16.61	24.27
GCA_003283215.1_ASM328321v1_genomic_prodigal_proteins	239	GCA_003283205.1_ASM328320v1_genomic_prodigal_proteins	274	116	95.38	9.12	48.54
GCA_003283215.1_ASM328321v1_genomic_prodigal_proteins	239	GCA_900473925.1_N5_genomic_prodigal_proteins	2417	54	72.78	15.04	22.59
GCA_003283215.1_ASM328321v1_genomic_prodigal_proteins	239	GCA_902592665.1_AG-447-E14_genomic_prodigal_proteins	1111	35	71.54	15.62	14.64
GCA_003283215.1_ASM328321v1_genomic_prodigal_proteins	239	GCA_011523155.1_ASM1152315v1_genomic_prodigal_proteins	2101	24	69.99	16.78	10.04
GCA_003283215.1_ASM328321v1_genomic_prodigal_proteins	239	GCA_003211275.1_ASM321127v1_genomic_prodigal_proteins	2168	90	84.50	17.69	37.66
GCA_003283215.1_ASM328321v1_genomic_prodigal_proteins	239	GCA_003957805.1_ASM395780v1_genomic_prodigal_proteins	2887	31	61.99	11.71	12.97
GCA_003283215.1_ASM328321v1_genomic_prodigal_proteins	239	GCA_012270465.1_ASM1227046v1_genomic_prodigal_proteins	2311	17	64.52	15.18	7.11
GCA_003283215.1_ASM328321v1_genomic_prodigal_proteins	239	GCA_001693255.1_ASM169325v1_genomic_prodigal_proteins	3177	33	54.46	14.10	13.81
GCA_003283215.1_ASM328321v1_genomic_prodigal_proteins	239	GCA_003210385.1_ASM321038v1_genomic_prodigal_proteins	286	13	79.08	16.65	5.44
GCA_003283215.1_ASM328321v1_genomic_prodigal_proteins	239	GCA_002170705.1_ASM217070v1_genomic_prodigal_proteins	1392	48	69.67	16.47	20.08
GCA_003283215.1_ASM328321v1_genomic_prodigal_proteins	239	GCA_002356215.1_ASM235621v1_genomic_prodigal_proteins	2953	32	56.33	14.44	13.39
GCA_003283215.1_ASM328321v1_genomic_prodigal_proteins	239	GCA_003210935.1_ASM321093v1_genomic_prodigal_proteins	1868	93	83.07	18.75	38.91
GCA_003283215.1_ASM328321v1_genomic_prodigal_proteins	239	GCA_003210535.1_ASM321053v1_genomic_prodigal_proteins	1257	15	64.08	16.61	6.28
GCA_003283215.1_ASM328321v1_genomic_prodigal_proteins	239	GCA_002724845.1_ASM272484v1_genomic_prodigal_proteins	1589	16	68.22	15.97	6.69
GCA_003283215.1_ASM328321v1_genomic_prodigal_proteins	239	GCA_000153285.1_ASM15328v1_genomic_prodigal_proteins	2746	68	72.71	17.09	28.45
GCA_003283215.1_ASM328321v1_genomic_prodigal_proteins	239	GCA_003211035.1_ASM321103v1_genomic_prodigal_proteins	530	3	67.20	7.82	1.26
GCA_003283215.1_ASM328321v1_genomic_prodigal_proteins	239	GCA_001521855.1_ASM152185v1_genomic_prodigal_proteins	3144	34	54.38	14.07	14.23
GCA_003283215.1_ASM328321v1_genomic_prodigal_proteins	239	GCA_009835965.1_ASM983596v1_genomic_prodigal_proteins	2105	33	63.77	14.66	13.81
GCA_003283215.1_ASM328321v1_genomic_prodigal_proteins	239	GCA_012269695.1_ASM1226969v1_genomic_prodigal_proteins	2043	20	62.11	14.66	8.37
GCA_003283215.1_ASM328321v1_genomic_prodigal_proteins	239	GCA_000737535.1_ASM73753v1_genomic_prodigal_proteins	3013	65	68.10	16.38	27.20
GCA_003283215.1_ASM328321v1_genomic_prodigal_proteins	239	GCA_000586015.1_SynSpo.0_genomic_prodigal_proteins	1907	29	64.24	13.75	12.13
GCA_003283215.1_ASM328321v1_genomic_prodigal_proteins	239	GCA_002760345.1_ASM276034v1_genomic_prodigal_proteins	2731	29	54.46	12.10	12.13
GCA_003283215.1_ASM328321v1_genomic_prodigal_proteins	239	GCA_000013225.1_ASM1322v1_genomic_prodigal_proteins	2844	28	55.56	11.82	11.72
GCA_003283215.1_ASM328321v1_genomic_prodigal_proteins	239	GCA_000332275.1_ASM33227v1_genomic_prodigal_proteins	4564	34	53.27	12.65	14.23
GCA_003283215.1_ASM328321v1_genomic_prodigal_proteins	239	GCA_002252675.1_ASM225267v1_genomic_prodigal_proteins	3295	48	66.84	17.11	20.08
GCA_003283215.1_ASM328321v1_genomic_prodigal_proteins	239	GCA_000737575.1_ASM73757v1_genomic_prodigal_proteins	2662	64	69.17	17.13	26.78
GCA_003283215.1_ASM328321v1_genomic_prodigal_proteins	239	GCA_902596755.1_AG-916-D19_genomic_prodigal_proteins	1152	29	75.85	14.60	12.13
GCA_003283215.1_ASM328321v1_genomic_prodigal_proteins	239	GCA_003211455.1_ASM321145v1_genomic_prodigal_proteins	1186	21	65.21	16.77	8.79
GCA_003283215.1_ASM328321v1_genomic_prodigal_proteins	239	GCA_003208755.1_ASM320875v1_genomic_prodigal_proteins	690	11	56.02	10.73	4.60
GCA_003283215.1_ASM328321v1_genomic_prodigal_proteins	239	GCA_007571215.1_ASM757121v1_genomic_prodigal_proteins	1879	33	63.16	14.47	13.81
GCA_003283215.1_ASM328321v1_genomic_prodigal_proteins	239	GCA_001007635.1_ASM100763v1_genomic_prodigal_proteins	2333	29	65.30	12.98	12.13
GCA_003283215.1_ASM328321v1_genomic_prodigal_proteins	239	GCA_000179255.1_ASM17925v1_genomic_prodigal_proteins	2729	48	69.83	15.83	20.08
GCA_003283215.1_ASM328321v1_genomic_prodigal_proteins	239	GCA_003208975.1_ASM320897v1_genomic_prodigal_proteins	1804	33	67.95	17.49	13.81
GCA_003283215.1_ASM328321v1_genomic_prodigal_proteins	239	GCA_012103655.1_ASM1210365v1_genomic_prodigal_proteins	2723	64	68.65	19.59	26.78
GCA_003283215.1_ASM328321v1_genomic_prodigal_proteins	239	GCA_902582045.1_AG-912-B07_genomic_prodigal_proteins	196	1	82.40	0.00	0.51
GCA_003283215.1_ASM328321v1_genomic_prodigal_proteins	239	GCA_000153045.1_ASM15304v1_genomic_prodigal_proteins	3242	47	68.93	15.68	19.67
GCA_003283215.1_ASM328321v1_genomic_prodigal_proteins	239	GCA_902549675.1_AG-903-B09_genomic_prodigal_proteins	836	6	71.20	17.85	2.51
GCA_003283215.1_ASM328321v1_genomic_prodigal_proteins	239	GCA_002018045.1_ASM201804v1_genomic_prodigal_proteins	1559	27	60.69	15.31	11.30
GCA_003283215.1_ASM328321v1_genomic_prodigal_proteins	239	GCA_004213055.1_ASM421305v1_genomic_prodigal_proteins	2241	45	73.10	18.03	18.83
GCA_003283215.1_ASM328321v1_genomic_prodigal_proteins	239	GCA_007571085.1_ASM757108v1_genomic_prodigal_proteins	1784	33	62.87	14.58	13.81
GCA_003283215.1_ASM328321v1_genomic_prodigal_proteins	239	GCA_009839805.1_ASM983980v1_genomic_prodigal_proteins	1848	21	62.49	14.24	8.79
GCA_003283215.1_ASM328321v1_genomic_prodigal_proteins	239	GCA_003210375.1_ASM321037v1_genomic_prodigal_proteins	2155	43	73.22	15.11	17.99
GCA_003283215.1_ASM328321v1_genomic_prodigal_proteins	239	GCA_004332415.1_ASM433241v1_genomic_prodigal_proteins	2408	45	77.63	13.74	18.83
GCA_003283215.1_ASM328321v1_genomic_prodigal_proteins	239	GCA_009836025.1_ASM983602v1_genomic_prodigal_proteins	2290	33	63.72	14.50	13.81
GCA_003283215.1_ASM328321v1_genomic_prodigal_proteins	239	GCA_009843455.1_ASM984345v1_genomic_prodigal_proteins	2423	34	63.06	14.11	14.23
GCA_003283215.1_ASM328321v1_genomic_prodigal_proteins	239	GCA_009843485.1_ASM984348v1_genomic_prodigal_proteins	2158	34	63.85	14.54	14.23
GCA_003283215.1_ASM328321v1_genomic_prodigal_proteins	239	GCA_003283135.1_ASM328313v1_genomic_prodigal_proteins	459	12	59.09	17.06	5.02
GCA_003283215.1_ASM328321v1_genomic_prodigal_proteins	239	GCA_902635485.1_AG-447-G23_genomic_prodigal_proteins	327	10	67.26	17.63	4.18
GCA_003283215.1_ASM328321v1_genomic_prodigal_proteins	239	GCA_002760415.1_ASM276041v1_genomic_prodigal_proteins	2670	29	54.50	12.12	12.13
GCA_003283215.1_ASM328321v1_genomic_prodigal_proteins	239	GCA_002754935.1_ASM275493v1_genomic_prodigal_proteins	2664	31	53.95	12.50	12.97
GCA_003283215.1_ASM328321v1_genomic_prodigal_proteins	239	GCA_002171685.2_ASM217168v2_genomic_prodigal_proteins	811	20	77.20	16.75	8.37
GCA_003283215.1_ASM328321v1_genomic_prodigal_proteins	239	GCA_000737595.1_ASM73759v1_genomic_prodigal_proteins	2774	62	68.62	17.22	25.94
GCA_003283215.1_ASM328321v1_genomic_prodigal_proteins	239	GCA_003331785.1_ASM333178v1_genomic_prodigal_proteins	2125	48	73.91	17.44	20.08
GCA_003283215.1_ASM328321v1_genomic_prodigal_proteins	239	GCA_009842265.1_ASM984226v1_genomic_prodigal_proteins	2398	35	62.88	14.32	14.64
GCA_003283215.1_ASM328321v1_genomic_prodigal_proteins	239	GCA_902579345.1_AG-911-L15_genomic_prodigal_proteins	248	3	60.70	21.45	1.26
GCA_003283215.1_ASM328321v1_genomic_prodigal_proteins	239	GCA_000011345.1_ASM1134v1_genomic_prodigal_proteins	2520	31	55.23	12.07	12.97
GCA_003283215.1_ASM328321v1_genomic_prodigal_proteins	239	GCA_003210705.1_ASM321070v1_genomic_prodigal_proteins	2244	90	85.99	16.73	37.66
GCA_003283215.1_ASM328321v1_genomic_prodigal_proteins	239	GCA_000019485.1_ASM1948v1_genomic_prodigal_proteins	3233	34	54.42	13.89	14.23
GCA_003283215.1_ASM328321v1_genomic_prodigal_proteins	239	GCA_003283055.1_ASM328305v1_genomic_prodigal_proteins	482	9	59.43	18.45	3.77
GCA_003283215.1_ASM328321v1_genomic_prodigal_proteins	239	GCA_000010065.1_ASM1006v1_genomic_prodigal_proteins	2691	32	61.70	11.37	13.39
GCA_003283215.1_ASM328321v1_genomic_prodigal_proteins	239	GCA_000316685.1_ASM31668v1_genomic_prodigal_proteins	3706	30	54.21	12.12	12.55
GCA_003283215.1_ASM328321v1_genomic_prodigal_proteins	239	GCA_000063525.1_ASM6352v1_genomic_prodigal_proteins	2540	46	66.91	16.14	19.25
GCA_003283215.1_ASM328321v1_genomic_prodigal_proteins	239	GCA_003283165.1_ASM328316v1_genomic_prodigal_proteins	217	6	62.20	19.14	2.76
GCA_003283215.1_ASM328321v1_genomic_prodigal_proteins	239	GCA_902540675.1_AG-359-E22_genomic_prodigal_proteins	584	23	71.60	19.39	9.62
GCA_003283215.1_ASM328321v1_genomic_prodigal_proteins	239	GCA_011055065.1_ASM1105506v1_genomic_prodigal_proteins	2792	28	55.56	12.07	11.72
GCA_003283215.1_ASM328321v1_genomic_prodigal_proteins	239	GCA_000013205.1_ASM1320v1_genomic_prodigal_proteins	2750	29	54.51	12.08	12.13
GCA_003283215.1_ASM328321v1_genomic_prodigal_proteins	239	GCA_003539795.1_ASM353979v1_genomic_prodigal_proteins	2284	27	65.22	18.38	11.30
GCA_003283215.1_ASM328321v1_genomic_prodigal_proteins	239	GCA_002171995.1_ASM217199v1_genomic_prodigal_proteins	1978	9	57.19	20.46	3.77
GCA_003283215.1_ASM328321v1_genomic_prodigal_proteins	239	GCA_011523835.1_ASM1152383v1_genomic_prodigal_proteins	2468	47	68.11	18.71	19.67
GCA_003283215.1_ASM328321v1_genomic_prodigal_proteins	239	GCA_002172175.1_ASM217217v1_genomic_prodigal_proteins	1846	16	59.81	14.39	6.69
GCA_003283215.1_ASM328321v1_genomic_prodigal_proteins	239	GCA_003208835.1_ASM320883v1_genomic_prodigal_proteins	2208	52	74.40	14.79	21.76
GCA_003283215.1_ASM328321v1_genomic_prodigal_proteins	239	GCA_902589915.1_AG-914-F20_genomic_prodigal_proteins	373	8	64.78	13.58	3.35
GCA_003283215.1_ASM328321v1_genomic_prodigal_proteins	239	GCA_000485815.1_ASM48581v1_genomic_prodigal_proteins	3083	31	56.84	14.39	12.97
GCA_003283215.1_ASM328321v1_genomic_prodigal_proteins	239	GCA_008807075.1_ASM880707v1_genomic_prodigal_proteins	2925	50	66.10	17.79	20.92
GCA_003283215.1_ASM328321v1_genomic_prodigal_proteins	239	GCA_000179235.2_ASM17923v2_genomic_prodigal_proteins	3071	39	72.38	14.48	16.32
GCA_003283215.1_ASM328321v1_genomic_prodigal_proteins	239	GCA_003210795.1_ASM321079v1_genomic_prodigal_proteins	2239	43	70.13	16.19	17.99
GCA_003283215.1_ASM328321v1_genomic_prodigal_proteins	239	GCA_002706715.1_ASM270671v1_genomic_prodigal_proteins	1148	26	74.28	17.19	10.88
GCA_003283215.1_ASM328321v1_genomic_prodigal_proteins	239	GCA_003331245.1_ASM333124v1_genomic_prodigal_proteins	2021	41	67.90	17.21	17.15
GCA_003283215.1_ASM328321v1_genomic_prodigal_proteins	239	GCA_009843385.1_ASM984338v1_genomic_prodigal_proteins	2085	30	63.30	14.32	12.55
GCA_003283215.1_ASM328321v1_genomic_prodigal_proteins	239	GCA_003211205.1_ASM321120v1_genomic_prodigal_proteins	2288	69	85.44	16.29	28.87
GCA_003283215.1_ASM328321v1_genomic_prodigal_proteins	239	GCA_000063505.1_ASM6350v1_genomic_prodigal_proteins	2558	59	73.27	17.74	24.69
GCA_003283215.1_ASM328321v1_genomic_prodigal_proteins	239	GCA_900474245.1_UW179B_genomic_prodigal_proteins	2743	63	71.65	17.23	26.36
GCA_003283215.1_ASM328321v1_genomic_prodigal_proteins	239	GCA_003210345.1_ASM321034v1_genomic_prodigal_proteins	1256	24	65.16	16.10	10.04
GCA_003283215.1_ASM328321v1_genomic_prodigal_proteins	239	GCA_003210315.1_ASM321031v1_genomic_prodigal_proteins	1815	37	60.01	18.63	15.48
GCA_003283215.1_ASM328321v1_genomic_prodigal_proteins	239	GCA_009836155.1_ASM983615v1_genomic_prodigal_proteins	1947	32	63.88	13.81	13.39
GCA_003283215.1_ASM328321v1_genomic_prodigal_proteins	239	GCA_003990665.2_ASM399066v2_genomic_prodigal_proteins	2499	31	55.26	12.06	12.97
GCA_003283215.1_ASM328321v1_genomic_prodigal_proteins	239	GCA_003209135.1_ASM320913v1_genomic_prodigal_proteins	1719	32	62.76	17.73	13.39
GCA_003283215.1_ASM328321v1_genomic_prodigal_proteins	239	GCA_009845105.1_ASM984510v1_genomic_prodigal_proteins	1941	27	63.71	14.62	11.30
GCA_003283215.1_ASM328321v1_genomic_prodigal_proteins	239	GCA_002690325.1_ASM269032v1_genomic_prodigal_proteins	2554	42	69.42	16.96	17.57
GCA_003283215.1_ASM328321v1_genomic_prodigal_proteins	239	GCA_000161795.2_ASM16179v2_genomic_prodigal_proteins	2407	51	72.78	14.57	21.34
GCA_003283215.1_ASM328321v1_genomic_prodigal_proteins	239	GCA_004211895.1_ASM421189v1_genomic_prodigal_proteins	954	8	60.09	16.64	3.35
GCA_003283215.1_ASM328321v1_genomic_prodigal_proteins	239	GCA_003210735.1_ASM321073v1_genomic_prodigal_proteins	2337	53	71.98	15.64	22.18
GCA_003283215.1_ASM328321v1_genomic_prodigal_proteins	239	GCA_003209035.1_ASM320903v1_genomic_prodigal_proteins	1803	31	61.70	16.40	12.97
GCA_003283215.1_ASM328321v1_genomic_prodigal_proteins	239	GCA_003712085.1_ASM371208v1_genomic_prodigal_proteins	2745	57	69.28	17.29	23.85
GCA_003283215.1_ASM328321v1_genomic_prodigal_proteins	239	GCA_003212155.1_ASM321215v1_genomic_prodigal_proteins	262	16	68.21	15.38	6.69
GCA_003283215.1_ASM328321v1_genomic_prodigal_proteins	239	GCA_001040845.1_ASM104084v1_genomic_prodigal_proteins	2917	67	72.27	16.37	28.03
GCA_003283215.1_ASM328321v1_genomic_prodigal_proteins	239	GCA_002018015.1_ASM201801v1_genomic_prodigal_proteins	1578	26	63.23	14.94	10.88
GCA_003283215.1_ASM328321v1_genomic_prodigal_proteins	239	GCA_003211255.1_ASM321125v1_genomic_prodigal_proteins	1850	54	71.33	17.38	22.59
GCA_003283215.1_ASM328321v1_genomic_prodigal_proteins	239	GCA_002721235.1_ASM272123v1_genomic_prodigal_proteins	3119	33	55.02	13.65	13.81
GCA_003283215.1_ASM328321v1_genomic_prodigal_proteins	239	GCA_009839305.1_ASM983930v1_genomic_prodigal_proteins	1816	25	65.88	13.86	10.46
GCA_003283215.1_ASM328321v1_genomic_prodigal_proteins	239	GCA_011365345.1_ASM1136534v1_genomic_prodigal_proteins	2655	58	69.64	16.67	24.27
GCA_003283215.1_ASM328321v1_genomic_prodigal_proteins	239	GCA_001039265.1_ASM103926v1_genomic_prodigal_proteins	2832	38	68.86	16.52	15.90
GCA_003283215.1_ASM328321v1_genomic_prodigal_proteins	239	GCA_001628325.1_ASM162832v1_genomic_prodigal_proteins	2129	22	70.64	18.62	9.21
GCA_003283215.1_ASM328321v1_genomic_prodigal_proteins	239	GCA_003209215.1_ASM320921v1_genomic_prodigal_proteins	1679	41	73.48	15.57	17.15
GCA_003283215.1_ASM328321v1_genomic_prodigal_proteins	239	GCA_002737305.1_ASM273730v1_genomic_prodigal_proteins	1951	33	70.66	14.53	13.81
GCA_003283215.1_ASM328321v1_genomic_prodigal_proteins	239	GCA_003210515.1_ASM321051v1_genomic_prodigal_proteins	1673	17	65.77	13.96	7.11
GCA_003283215.1_ASM328321v1_genomic_prodigal_proteins	239	GCA_011525445.1_ASM1152544v1_genomic_prodigal_proteins	3208	41	66.89	18.10	17.15
GCA_003283215.1_ASM328321v1_genomic_prodigal_proteins	239	GCA_902599435.1_AG-916-N22_genomic_prodigal_proteins	793	16	78.68	10.02	6.69
GCA_003283215.1_ASM328321v1_genomic_prodigal_proteins	239	GCA_003149585.1_ASM314958v1_genomic_prodigal_proteins	2600	46	70.22	16.02	19.25
GCA_003283215.1_ASM328321v1_genomic_prodigal_proteins	239	GCA_902560665.1_AG-905-O11_genomic_prodigal_proteins	401	4	73.30	18.66	1.67
GCA_003283215.1_ASM328321v1_genomic_prodigal_proteins	239	GCA_003331795.1_ASM333179v1_genomic_prodigal_proteins	1948	18	64.63	17.67	7.53
GCA_003283215.1_ASM328321v1_genomic_prodigal_proteins	239	GCA_002017955.1_ASM201795v1_genomic_prodigal_proteins	512	5	50.06	7.08	2.09
GCA_003283215.1_ASM328321v1_genomic_prodigal_proteins	239	GCA_902584485.1_AG-912-O23_genomic_prodigal_proteins	535	12	75.73	12.11	5.02
GCA_003283215.1_ASM328321v1_genomic_prodigal_proteins	239	GCA_902527915.1_AG-896-G19_genomic_prodigal_proteins	1003	17	65.16	17.11	7.11
GCA_003283215.1_ASM328321v1_genomic_prodigal_proteins	239	GCA_902635365.1_AG-447-D19_genomic_prodigal_proteins	1690	32	65.04	17.69	13.39
GCA_003283215.1_ASM328321v1_genomic_prodigal_proteins	239	GCA_900474085.1_UW86_genomic_prodigal_proteins	2403	47	72.53	15.45	19.67
GCA_003283215.1_ASM328321v1_genomic_prodigal_proteins	239	GCA_001885215.1_ASM188521v1_genomic_prodigal_proteins	2897	46	66.54	15.78	19.25
GCA_003283215.1_ASM328321v1_genomic_prodigal_proteins	239	GCA_902575935.1_AG-426-B22_genomic_prodigal_proteins	254	5	65.54	17.42	2.09
GCA_003283215.1_ASM328321v1_genomic_prodigal_proteins	239	GCA_900474295.1_UW140_genomic_prodigal_proteins	2925	75	71.57	16.14	31.38
GCA_003283215.1_ASM328321v1_genomic_prodigal_proteins	239	GCA_003211565.1_ASM321156v1_genomic_prodigal_proteins	1489	21	69.70	19.04	8.79
GCA_003283215.1_ASM328321v1_genomic_prodigal_proteins	239	GCA_003526105.1_ASM352610v1_genomic_prodigal_proteins	1581	7	56.41	13.10	2.93
GCA_003283215.1_ASM328321v1_genomic_prodigal_proteins	239	GCA_002172935.1_ASM217293v1_genomic_prodigal_proteins	1996	28	72.25	18.29	11.72
GCA_003283215.1_ASM328321v1_genomic_prodigal_proteins	239	GCA_003210335.1_ASM321033v1_genomic_prodigal_proteins	942	52	71.96	19.33	21.76
GCA_003283215.1_ASM328321v1_genomic_prodigal_proteins	239	GCA_009846115.1_ASM984611v1_genomic_prodigal_proteins	2048	31	65.25	14.02	12.97
GCA_003283215.1_ASM328321v1_genomic_prodigal_proteins	239	GCA_001693295.1_ASM169329v1_genomic_prodigal_proteins	3183	35	53.80	14.18	14.64
GCA_003283215.1_ASM328321v1_genomic_prodigal_proteins	239	GCA_900473965.1_UW179A_genomic_prodigal_proteins	3383	88	81.77	15.33	36.82
GCA_003283215.1_ASM328321v1_genomic_prodigal_proteins	239	GCA_003213755.1_ASM321375v1_genomic_prodigal_proteins	1050	21	73.25	14.26	8.79
GCA_003283215.1_ASM328321v1_genomic_prodigal_proteins	239	GCA_003209155.1_ASM320915v1_genomic_prodigal_proteins	2305	74	91.50	12.52	30.96
GCA_003283215.1_ASM328321v1_genomic_prodigal_proteins	239	GCA_003211515.1_ASM321151v1_genomic_prodigal_proteins	2451	37	66.38	17.01	15.48
GCA_003283215.1_ASM328321v1_genomic_prodigal_proteins	239	GCA_002693285.1_ASM269328v1_genomic_prodigal_proteins	2440	49	76.59	17.01	20.50
GCA_003283215.1_ASM328321v1_genomic_prodigal_proteins	239	GCA_003210555.1_ASM321055v1_genomic_prodigal_proteins	1847	64	73.06	16.40	26.78
GCA_003283215.1_ASM328321v1_genomic_prodigal_proteins	239	GCA_000155595.1_ASM15559v1_genomic_prodigal_proteins	5270	38	53.67	12.87	15.90
GCA_003283215.1_ASM328321v1_genomic_prodigal_proteins	239	GCA_001007665.1_ASM100766v1_genomic_prodigal_proteins	2356	35	62.96	14.00	14.64
GCA_003283215.1_ASM328321v1_genomic_prodigal_proteins	239	GCA_009919765.1_ASM991976v1_genomic_prodigal_proteins	2524	19	64.74	16.01	7.95
GCA_003283215.1_ASM328321v1_genomic_prodigal_proteins	239	GCA_003331225.1_ASM333122v1_genomic_prodigal_proteins	2113	23	68.26	15.66	9.62
GCA_003283215.1_ASM328321v1_genomic_prodigal_proteins	239	GCA_900177825.1_IMG-taxon_2708742468_annotated_assembly_genomic_prodigal_proteins	3317	33	54.49	14.08	13.81
GCA_003283215.1_ASM328321v1_genomic_prodigal_proteins	239	GCA_000195975.1_ASM19597v1_genomic_prodigal_proteins	2719	52	72.02	16.64	21.76
GCA_003283215.1_ASM328321v1_genomic_prodigal_proteins	239	GCA_902618885.1_AG-920-D15_genomic_prodigal_proteins	1178	18	70.80	16.97	7.53
GCA_003283215.1_ASM328321v1_genomic_prodigal_proteins	239	GCA_003209165.1_ASM320916v1_genomic_prodigal_proteins	2711	57	68.83	16.07	23.85
GCA_003283215.1_ASM328321v1_genomic_prodigal_proteins	239	GCA_001007625.1_ASM100762v1_genomic_prodigal_proteins	2478	32	61.98	15.25	13.39
GCA_003283215.1_ASM328321v1_genomic_prodigal_proteins	239	GCA_008386235.1_ASM838623v1_genomic_prodigal_proteins	2571	30	55.15	12.46	12.55
GCA_003283215.1_ASM328321v1_genomic_prodigal_proteins	239	GCA_001631935.1_ASM163193v1_genomic_prodigal_proteins	3526	92	80.50	16.18	38.49
GCA_003283215.1_ASM328321v1_genomic_prodigal_proteins	239	GCA_002151525.1_ASM215152v1_genomic_prodigal_proteins	1628	26	68.30	15.98	10.88
GCA_003283215.1_ASM328321v1_genomic_prodigal_proteins	239	GCA_000153065.1_ASM15306v1_genomic_prodigal_proteins	2704	62	71.49	17.00	25.94
GCA_003283215.1_ASM328321v1_genomic_prodigal_proteins	239	GCA_009837265.1_ASM983726v1_genomic_prodigal_proteins	2126	30	64.23	14.67	12.55
GCA_003283215.1_ASM328321v1_genomic_prodigal_proteins	239	GCA_902533725.1_AG-898-C20_genomic_prodigal_proteins	421	15	69.80	17.48	6.28
GCA_003283215.1_ASM328321v1_genomic_prodigal_proteins	239	GCA_002171075.2_ASM217107v2_genomic_prodigal_proteins	1919	41	65.10	16.56	17.15
GCA_003283215.1_ASM328321v1_genomic_prodigal_proteins	239	GCA_002760395.1_ASM276039v1_genomic_prodigal_proteins	2661	28	55.06	11.91	11.72
GCA_003283215.1_ASM328321v1_genomic_prodigal_proteins	239	GCA_003209005.1_ASM320900v1_genomic_prodigal_proteins	2548	91	82.29	17.72	38.08
GCA_003283215.1_ASM328321v1_genomic_prodigal_proteins	239	GCA_002017915.1_ASM201791v1_genomic_prodigal_proteins	623	17	63.96	16.20	7.11
GCA_003283215.1_ASM328321v1_genomic_prodigal_proteins	239	GCA_900047545.1_m9_genomic_prodigal_proteins	1575	30	65.49	14.12	12.55
GCA_003283215.1_ASM328321v1_genomic_prodigal_proteins	239	GCA_001632105.1_ASM163210v1_genomic_prodigal_proteins	3521	94	80.18	16.45	39.33
GCA_003283215.1_ASM328321v1_genomic_prodigal_proteins	239	GCA_004212765.1_ASM421276v1_genomic_prodigal_proteins	1162	13	72.19	15.42	5.44
GCA_003283215.1_ASM328321v1_genomic_prodigal_proteins	239	GCA_002685515.1_ASM268551v1_genomic_prodigal_proteins	1286	11	54.20	17.16	4.60
GCA_003283215.1_ASM328321v1_genomic_prodigal_proteins	239	GCA_007828135.1_ASM782813v1_genomic_prodigal_proteins	2917	46	66.54	15.78	19.25
GCA_003283215.1_ASM328321v1_genomic_prodigal_proteins	239	GCA_011047875.1_ASM1104787v1_genomic_prodigal_proteins	2810	28	55.51	12.19	11.72
GCA_003283215.1_ASM328321v1_genomic_prodigal_proteins	239	GCA_009840445.1_ASM984044v1_genomic_prodigal_proteins	2167	35	63.47	14.46	14.64
GCA_003283215.1_ASM328321v1_genomic_prodigal_proteins	239	GCA_003210995.1_ASM321099v1_genomic_prodigal_proteins	2385	96	85.27	17.83	40.17
GCA_003283215.1_ASM328321v1_genomic_prodigal_proteins	239	GCA_902616995.1_AG-919-L20_genomic_prodigal_proteins	654	4	65.58	18.05	1.67
GCA_003283215.1_ASM328321v1_genomic_prodigal_proteins	239	GCA_009845825.1_ASM984582v1_genomic_prodigal_proteins	2168	30	61.81	15.02	12.55
GCA_003283215.1_ASM328321v1_genomic_prodigal_proteins	239	GCA_000515235.1_ASM51523v1_genomic_prodigal_proteins	2873	62	67.60	17.54	25.94
GCA_003283215.1_ASM328321v1_genomic_prodigal_proteins	239	GCA_003523965.1_ASM352396v1_genomic_prodigal_proteins	1735	24	66.80	13.77	10.04
GCA_003283215.1_ASM328321v1_genomic_prodigal_proteins	239	GCA_002684175.1_ASM268417v1_genomic_prodigal_proteins	1819	24	70.65	13.21	10.04
GCA_003283215.1_ASM328321v1_genomic_prodigal_proteins	239	GCA_011523295.1_ASM1152329v1_genomic_prodigal_proteins	2851	31	64.84	17.46	12.97
GCA_003283215.1_ASM328321v1_genomic_prodigal_proteins	239	GCA_003211015.1_ASM321101v1_genomic_prodigal_proteins	2128	69	75.57	23.21	28.87
GCA_003283215.1_ASM328321v1_genomic_prodigal_proteins	239	GCA_002006815.1_ASM200681v1_genomic_prodigal_proteins	1973	21	67.50	14.43	8.79
GCA_003211235.1_ASM321123v1_genomic_prodigal_proteins	1698	GCA_004209775.1_ASM420977v1_genomic_prodigal_proteins	2798	907	70.95	13.64	53.42
GCA_003211235.1_ASM321123v1_genomic_prodigal_proteins	1698	GCA_003283215.1_ASM328321v1_genomic_prodigal_proteins	239	28	73.15	12.11	11.72
GCA_003211235.1_ASM321123v1_genomic_prodigal_proteins	1698	GCA_003209555.1_ASM320955v1_genomic_prodigal_proteins	908	192	64.44	15.61	21.15
GCA_003211235.1_ASM321123v1_genomic_prodigal_proteins	1698	GCA_000153805.1_ASM15380v1_genomic_prodigal_proteins	2517	986	74.91	13.40	58.07
GCA_003211235.1_ASM321123v1_genomic_prodigal_proteins	1698	GCA_003283205.1_ASM328320v1_genomic_prodigal_proteins	274	53	69.24	13.27	19.34
GCA_003211235.1_ASM321123v1_genomic_prodigal_proteins	1698	GCA_900473925.1_N5_genomic_prodigal_proteins	2417	972	77.31	12.88	57.24
GCA_003211235.1_ASM321123v1_genomic_prodigal_proteins	1698	GCA_902592665.1_AG-447-E14_genomic_prodigal_proteins	1111	299	72.56	15.05	26.91
GCA_003211235.1_ASM321123v1_genomic_prodigal_proteins	1698	GCA_011523155.1_ASM1152315v1_genomic_prodigal_proteins	2101	652	68.98	13.43	38.40
GCA_003211235.1_ASM321123v1_genomic_prodigal_proteins	1698	GCA_003211275.1_ASM321127v1_genomic_prodigal_proteins	2168	662	68.71	14.11	38.99
GCA_003211235.1_ASM321123v1_genomic_prodigal_proteins	1698	GCA_003957805.1_ASM395780v1_genomic_prodigal_proteins	2887	640	55.19	13.26	37.69
GCA_003211235.1_ASM321123v1_genomic_prodigal_proteins	1698	GCA_012270465.1_ASM1227046v1_genomic_prodigal_proteins	2311	727	64.77	14.06	42.82
GCA_003211235.1_ASM321123v1_genomic_prodigal_proteins	1698	GCA_001693255.1_ASM169325v1_genomic_prodigal_proteins	3177	580	53.05	12.76	34.16
GCA_003211235.1_ASM321123v1_genomic_prodigal_proteins	1698	GCA_003210385.1_ASM321038v1_genomic_prodigal_proteins	286	141	68.75	13.16	49.30
GCA_003211235.1_ASM321123v1_genomic_prodigal_proteins	1698	GCA_002170705.1_ASM217070v1_genomic_prodigal_proteins	1392	546	75.24	13.53	39.22
GCA_003211235.1_ASM321123v1_genomic_prodigal_proteins	1698	GCA_002356215.1_ASM235621v1_genomic_prodigal_proteins	2953	575	52.97	12.88	33.86
GCA_003211235.1_ASM321123v1_genomic_prodigal_proteins	1698	GCA_003210935.1_ASM321093v1_genomic_prodigal_proteins	1868	685	69.76	13.88	40.34
GCA_003211235.1_ASM321123v1_genomic_prodigal_proteins	1698	GCA_003210535.1_ASM321053v1_genomic_prodigal_proteins	1257	436	72.49	14.25	34.69
GCA_003211235.1_ASM321123v1_genomic_prodigal_proteins	1698	GCA_002724845.1_ASM272484v1_genomic_prodigal_proteins	1589	721	76.85	12.98	45.37
GCA_003211235.1_ASM321123v1_genomic_prodigal_proteins	1698	GCA_000153285.1_ASM15328v1_genomic_prodigal_proteins	2746	949	70.34	13.91	55.89
GCA_003211235.1_ASM321123v1_genomic_prodigal_proteins	1698	GCA_003211035.1_ASM321103v1_genomic_prodigal_proteins	530	248	94.70	10.11	46.79
GCA_003211235.1_ASM321123v1_genomic_prodigal_proteins	1698	GCA_001521855.1_ASM152185v1_genomic_prodigal_proteins	3144	583	53.18	12.69	34.33
GCA_003211235.1_ASM321123v1_genomic_prodigal_proteins	1698	GCA_009835965.1_ASM983596v1_genomic_prodigal_proteins	2105	616	60.72	12.90	36.28
GCA_003211235.1_ASM321123v1_genomic_prodigal_proteins	1698	GCA_012269695.1_ASM1226969v1_genomic_prodigal_proteins	2043	611	65.24	14.29	35.98
GCA_003211235.1_ASM321123v1_genomic_prodigal_proteins	1698	GCA_000737535.1_ASM73753v1_genomic_prodigal_proteins	3013	1032	74.43	13.29	60.78
GCA_003211235.1_ASM321123v1_genomic_prodigal_proteins	1698	GCA_000586015.1_SynSpo.0_genomic_prodigal_proteins	1907	485	61.41	13.24	28.56
GCA_003211235.1_ASM321123v1_genomic_prodigal_proteins	1698	GCA_002760345.1_ASM276034v1_genomic_prodigal_proteins	2731	500	52.49	11.91	29.45
GCA_003211235.1_ASM321123v1_genomic_prodigal_proteins	1698	GCA_000013225.1_ASM1322v1_genomic_prodigal_proteins	2844	503	52.44	12.01	29.62
GCA_003211235.1_ASM321123v1_genomic_prodigal_proteins	1698	GCA_000332275.1_ASM33227v1_genomic_prodigal_proteins	4564	557	52.04	12.14	32.80
GCA_003211235.1_ASM321123v1_genomic_prodigal_proteins	1698	GCA_002252675.1_ASM225267v1_genomic_prodigal_proteins	3295	852	65.72	14.04	50.18
GCA_003211235.1_ASM321123v1_genomic_prodigal_proteins	1698	GCA_000737575.1_ASM73757v1_genomic_prodigal_proteins	2662	1023	76.12	12.98	60.25
GCA_003211235.1_ASM321123v1_genomic_prodigal_proteins	1698	GCA_902596755.1_AG-916-D19_genomic_prodigal_proteins	1152	420	75.96	13.96	36.46
GCA_003211235.1_ASM321123v1_genomic_prodigal_proteins	1698	GCA_003211455.1_ASM321145v1_genomic_prodigal_proteins	1186	410	74.36	15.12	34.57
GCA_003211235.1_ASM321123v1_genomic_prodigal_proteins	1698	GCA_003208755.1_ASM320875v1_genomic_prodigal_proteins	690	268	74.34	13.65	38.84
GCA_003211235.1_ASM321123v1_genomic_prodigal_proteins	1698	GCA_007571215.1_ASM757121v1_genomic_prodigal_proteins	1879	599	60.67	13.07	35.28
GCA_003211235.1_ASM321123v1_genomic_prodigal_proteins	1698	GCA_001007635.1_ASM100763v1_genomic_prodigal_proteins	2333	567	60.62	12.76	33.39
GCA_003211235.1_ASM321123v1_genomic_prodigal_proteins	1698	GCA_000179255.1_ASM17925v1_genomic_prodigal_proteins	2729	859	66.01	13.93	50.59
GCA_003211235.1_ASM321123v1_genomic_prodigal_proteins	1698	GCA_003208975.1_ASM320897v1_genomic_prodigal_proteins	1804	697	94.84	8.70	41.05
GCA_003211235.1_ASM321123v1_genomic_prodigal_proteins	1698	GCA_012103655.1_ASM1210365v1_genomic_prodigal_proteins	2723	942	69.87	13.89	55.48
GCA_003211235.1_ASM321123v1_genomic_prodigal_proteins	1698	GCA_902582045.1_AG-912-B07_genomic_prodigal_proteins	196	59	75.41	11.42	30.10
GCA_003211235.1_ASM321123v1_genomic_prodigal_proteins	1698	GCA_000153045.1_ASM15304v1_genomic_prodigal_proteins	3242	883	65.78	13.97	52.00
GCA_003211235.1_ASM321123v1_genomic_prodigal_proteins	1698	GCA_902549675.1_AG-903-B09_genomic_prodigal_proteins	836	220	77.40	14.99	26.32
GCA_003211235.1_ASM321123v1_genomic_prodigal_proteins	1698	GCA_002018045.1_ASM201804v1_genomic_prodigal_proteins	1559	470	61.52	12.99	30.15
GCA_003211235.1_ASM321123v1_genomic_prodigal_proteins	1698	GCA_004213055.1_ASM421305v1_genomic_prodigal_proteins	2241	824	70.72	13.54	48.53
GCA_003211235.1_ASM321123v1_genomic_prodigal_proteins	1698	GCA_007571085.1_ASM757108v1_genomic_prodigal_proteins	1784	586	60.49	13.07	34.51
GCA_003211235.1_ASM321123v1_genomic_prodigal_proteins	1698	GCA_009839805.1_ASM983980v1_genomic_prodigal_proteins	1848	415	58.37	12.08	24.44
GCA_003211235.1_ASM321123v1_genomic_prodigal_proteins	1698	GCA_003210375.1_ASM321037v1_genomic_prodigal_proteins	2155	775	74.25	13.37	45.64
GCA_003211235.1_ASM321123v1_genomic_prodigal_proteins	1698	GCA_004332415.1_ASM433241v1_genomic_prodigal_proteins	2408	905	70.90	13.52	53.30
GCA_003211235.1_ASM321123v1_genomic_prodigal_proteins	1698	GCA_009836025.1_ASM983602v1_genomic_prodigal_proteins	2290	605	60.68	12.92	35.63
GCA_003211235.1_ASM321123v1_genomic_prodigal_proteins	1698	GCA_009843455.1_ASM984345v1_genomic_prodigal_proteins	2423	602	60.62	12.94	35.45
GCA_003211235.1_ASM321123v1_genomic_prodigal_proteins	1698	GCA_009843485.1_ASM984348v1_genomic_prodigal_proteins	2158	616	60.56	12.97	36.28
GCA_003211235.1_ASM321123v1_genomic_prodigal_proteins	1698	GCA_003283135.1_ASM328313v1_genomic_prodigal_proteins	459	117	66.56	14.51	25.49
GCA_003211235.1_ASM321123v1_genomic_prodigal_proteins	1698	GCA_902635485.1_AG-447-G23_genomic_prodigal_proteins	327	87	69.48	14.86	26.61
GCA_003211235.1_ASM321123v1_genomic_prodigal_proteins	1698	GCA_002760415.1_ASM276041v1_genomic_prodigal_proteins	2670	491	52.37	11.94	28.92
GCA_003211235.1_ASM321123v1_genomic_prodigal_proteins	1698	GCA_002754935.1_ASM275493v1_genomic_prodigal_proteins	2664	525	53.06	12.31	30.92
GCA_003211235.1_ASM321123v1_genomic_prodigal_proteins	1698	GCA_002171685.2_ASM217168v2_genomic_prodigal_proteins	811	288	69.62	14.14	35.51
GCA_003211235.1_ASM321123v1_genomic_prodigal_proteins	1698	GCA_000737595.1_ASM73759v1_genomic_prodigal_proteins	2774	1007	76.73	13.56	59.31
GCA_003211235.1_ASM321123v1_genomic_prodigal_proteins	1698	GCA_003331785.1_ASM333178v1_genomic_prodigal_proteins	2125	868	69.66	13.58	51.12
GCA_003211235.1_ASM321123v1_genomic_prodigal_proteins	1698	GCA_009842265.1_ASM984226v1_genomic_prodigal_proteins	2398	607	60.68	12.80	35.75
GCA_003211235.1_ASM321123v1_genomic_prodigal_proteins	1698	GCA_902579345.1_AG-911-L15_genomic_prodigal_proteins	248	63	74.29	13.72	25.40
GCA_003211235.1_ASM321123v1_genomic_prodigal_proteins	1698	GCA_000011345.1_ASM1134v1_genomic_prodigal_proteins	2520	543	53.38	12.40	31.98
GCA_003211235.1_ASM321123v1_genomic_prodigal_proteins	1698	GCA_003210705.1_ASM321070v1_genomic_prodigal_proteins	2244	698	68.90	14.07	41.11
GCA_003211235.1_ASM321123v1_genomic_prodigal_proteins	1698	GCA_000019485.1_ASM1948v1_genomic_prodigal_proteins	3233	587	52.95	12.79	34.57
GCA_003211235.1_ASM321123v1_genomic_prodigal_proteins	1698	GCA_003283055.1_ASM328305v1_genomic_prodigal_proteins	482	67	68.95	15.44	13.90
GCA_003211235.1_ASM321123v1_genomic_prodigal_proteins	1698	GCA_000010065.1_ASM1006v1_genomic_prodigal_proteins	2691	633	55.26	13.28	37.28
GCA_003211235.1_ASM321123v1_genomic_prodigal_proteins	1698	GCA_000316685.1_ASM31668v1_genomic_prodigal_proteins	3706	580	52.77	12.32	34.16
GCA_003211235.1_ASM321123v1_genomic_prodigal_proteins	1698	GCA_000063525.1_ASM6352v1_genomic_prodigal_proteins	2540	864	65.40	14.27	50.88
GCA_003211235.1_ASM321123v1_genomic_prodigal_proteins	1698	GCA_003283165.1_ASM328316v1_genomic_prodigal_proteins	217	29	80.16	24.02	13.36
GCA_003211235.1_ASM321123v1_genomic_prodigal_proteins	1698	GCA_902540675.1_AG-359-E22_genomic_prodigal_proteins	584	179	77.41	16.04	30.65
GCA_003211235.1_ASM321123v1_genomic_prodigal_proteins	1698	GCA_011055065.1_ASM1105506v1_genomic_prodigal_proteins	2792	485	52.19	12.20	28.56
GCA_003211235.1_ASM321123v1_genomic_prodigal_proteins	1698	GCA_000013205.1_ASM1320v1_genomic_prodigal_proteins	2750	499	52.47	11.94	29.39
GCA_003211235.1_ASM321123v1_genomic_prodigal_proteins	1698	GCA_003539795.1_ASM353979v1_genomic_prodigal_proteins	2284	801	75.19	12.70	47.17
GCA_003211235.1_ASM321123v1_genomic_prodigal_proteins	1698	GCA_002171995.1_ASM217199v1_genomic_prodigal_proteins	1978	556	70.05	13.99	32.74
GCA_003211235.1_ASM321123v1_genomic_prodigal_proteins	1698	GCA_011523835.1_ASM1152383v1_genomic_prodigal_proteins	2468	797	69.97	13.70	46.94
GCA_003211235.1_ASM321123v1_genomic_prodigal_proteins	1698	GCA_002172175.1_ASM217217v1_genomic_prodigal_proteins	1846	570	64.44	13.95	33.57
GCA_003211235.1_ASM321123v1_genomic_prodigal_proteins	1698	GCA_003208835.1_ASM320883v1_genomic_prodigal_proteins	2208	800	74.76	13.35	47.11
GCA_003211235.1_ASM321123v1_genomic_prodigal_proteins	1698	GCA_902589915.1_AG-914-F20_genomic_prodigal_proteins	373	90	77.07	15.39	24.13
GCA_003211235.1_ASM321123v1_genomic_prodigal_proteins	1698	GCA_000485815.1_ASM48581v1_genomic_prodigal_proteins	3083	565	52.84	12.80	33.27
GCA_003211235.1_ASM321123v1_genomic_prodigal_proteins	1698	GCA_008807075.1_ASM880707v1_genomic_prodigal_proteins	2925	853	65.51	13.98	50.24
GCA_003211235.1_ASM321123v1_genomic_prodigal_proteins	1698	GCA_000179235.2_ASM17923v2_genomic_prodigal_proteins	3071	877	66.05	14.20	51.65
GCA_003211235.1_ASM321123v1_genomic_prodigal_proteins	1698	GCA_003210795.1_ASM321079v1_genomic_prodigal_proteins	2239	932	95.51	8.26	54.89
GCA_003211235.1_ASM321123v1_genomic_prodigal_proteins	1698	GCA_002706715.1_ASM270671v1_genomic_prodigal_proteins	1148	511	95.00	8.66	44.51
GCA_003211235.1_ASM321123v1_genomic_prodigal_proteins	1698	GCA_003331245.1_ASM333124v1_genomic_prodigal_proteins	2021	867	75.63	12.85	51.06
GCA_003211235.1_ASM321123v1_genomic_prodigal_proteins	1698	GCA_009843385.1_ASM984338v1_genomic_prodigal_proteins	2085	504	61.00	13.05	29.68
GCA_003211235.1_ASM321123v1_genomic_prodigal_proteins	1698	GCA_003211205.1_ASM321120v1_genomic_prodigal_proteins	2288	779	69.47	14.13	45.88
GCA_003211235.1_ASM321123v1_genomic_prodigal_proteins	1698	GCA_000063505.1_ASM6350v1_genomic_prodigal_proteins	2558	922	70.21	14.05	54.30
GCA_003211235.1_ASM321123v1_genomic_prodigal_proteins	1698	GCA_900474245.1_UW179B_genomic_prodigal_proteins	2743	943	69.84	13.66	55.54
GCA_003211235.1_ASM321123v1_genomic_prodigal_proteins	1698	GCA_003210345.1_ASM321034v1_genomic_prodigal_proteins	1256	417	72.81	13.67	33.20
GCA_003211235.1_ASM321123v1_genomic_prodigal_proteins	1698	GCA_003210315.1_ASM321031v1_genomic_prodigal_proteins	1815	646	68.53	13.30	38.04
GCA_003211235.1_ASM321123v1_genomic_prodigal_proteins	1698	GCA_009836155.1_ASM983615v1_genomic_prodigal_proteins	1947	591	60.78	12.91	34.81
GCA_003211235.1_ASM321123v1_genomic_prodigal_proteins	1698	GCA_003990665.2_ASM399066v2_genomic_prodigal_proteins	2499	546	53.32	12.45	32.16
GCA_003211235.1_ASM321123v1_genomic_prodigal_proteins	1698	GCA_003209135.1_ASM320913v1_genomic_prodigal_proteins	1719	606	73.90	14.08	35.69
GCA_003211235.1_ASM321123v1_genomic_prodigal_proteins	1698	GCA_009845105.1_ASM984510v1_genomic_prodigal_proteins	1941	495	60.24	12.94	29.15
GCA_003211235.1_ASM321123v1_genomic_prodigal_proteins	1698	GCA_002690325.1_ASM269032v1_genomic_prodigal_proteins	2554	966	73.66	13.41	56.89
GCA_003211235.1_ASM321123v1_genomic_prodigal_proteins	1698	GCA_000161795.2_ASM16179v2_genomic_prodigal_proteins	2407	988	77.09	12.96	58.19
GCA_003211235.1_ASM321123v1_genomic_prodigal_proteins	1698	GCA_004211895.1_ASM421189v1_genomic_prodigal_proteins	954	462	77.62	12.89	48.43
GCA_003211235.1_ASM321123v1_genomic_prodigal_proteins	1698	GCA_003210735.1_ASM321073v1_genomic_prodigal_proteins	2337	988	95.79	6.93	58.19
GCA_003211235.1_ASM321123v1_genomic_prodigal_proteins	1698	GCA_003209035.1_ASM320903v1_genomic_prodigal_proteins	1803	696	94.53	10.14	40.99
GCA_003211235.1_ASM321123v1_genomic_prodigal_proteins	1698	GCA_003712085.1_ASM371208v1_genomic_prodigal_proteins	2745	1052	78.28	12.37	61.96
GCA_003211235.1_ASM321123v1_genomic_prodigal_proteins	1698	GCA_003212155.1_ASM321215v1_genomic_prodigal_proteins	262	57	63.31	17.42	21.76
GCA_003211235.1_ASM321123v1_genomic_prodigal_proteins	1698	GCA_001040845.1_ASM104084v1_genomic_prodigal_proteins	2917	953	69.65	13.69	56.12
GCA_003211235.1_ASM321123v1_genomic_prodigal_proteins	1698	GCA_002018015.1_ASM201801v1_genomic_prodigal_proteins	1578	462	61.87	12.92	29.28
GCA_003211235.1_ASM321123v1_genomic_prodigal_proteins	1698	GCA_003211255.1_ASM321125v1_genomic_prodigal_proteins	1850	748	94.32	10.62	44.05
GCA_003211235.1_ASM321123v1_genomic_prodigal_proteins	1698	GCA_002721235.1_ASM272123v1_genomic_prodigal_proteins	3119	584	53.17	12.68	34.39
GCA_003211235.1_ASM321123v1_genomic_prodigal_proteins	1698	GCA_009839305.1_ASM983930v1_genomic_prodigal_proteins	1816	483	60.71	13.57	28.45
GCA_003211235.1_ASM321123v1_genomic_prodigal_proteins	1698	GCA_011365345.1_ASM1136534v1_genomic_prodigal_proteins	2655	1044	76.46	13.55	61.48
GCA_003211235.1_ASM321123v1_genomic_prodigal_proteins	1698	GCA_001039265.1_ASM103926v1_genomic_prodigal_proteins	2832	566	67.35	14.51	33.33
GCA_003211235.1_ASM321123v1_genomic_prodigal_proteins	1698	GCA_001628325.1_ASM162832v1_genomic_prodigal_proteins	2129	912	77.49	12.97	53.71
GCA_003211235.1_ASM321123v1_genomic_prodigal_proteins	1698	GCA_003209215.1_ASM320921v1_genomic_prodigal_proteins	1679	530	75.26	14.70	31.57
GCA_003211235.1_ASM321123v1_genomic_prodigal_proteins	1698	GCA_002737305.1_ASM273730v1_genomic_prodigal_proteins	1951	669	65.97	14.06	39.40
GCA_003211235.1_ASM321123v1_genomic_prodigal_proteins	1698	GCA_003210515.1_ASM321051v1_genomic_prodigal_proteins	1673	594	73.38	14.02	35.51
GCA_003211235.1_ASM321123v1_genomic_prodigal_proteins	1698	GCA_011525445.1_ASM1152544v1_genomic_prodigal_proteins	3208	773	68.46	13.86	45.52
GCA_003211235.1_ASM321123v1_genomic_prodigal_proteins	1698	GCA_902599435.1_AG-916-N22_genomic_prodigal_proteins	793	226	78.59	13.73	28.50
GCA_003211235.1_ASM321123v1_genomic_prodigal_proteins	1698	GCA_003149585.1_ASM314958v1_genomic_prodigal_proteins	2600	864	65.96	13.96	50.88
GCA_003211235.1_ASM321123v1_genomic_prodigal_proteins	1698	GCA_902560665.1_AG-905-O11_genomic_prodigal_proteins	401	96	76.18	13.39	23.94
GCA_003211235.1_ASM321123v1_genomic_prodigal_proteins	1698	GCA_003331795.1_ASM333179v1_genomic_prodigal_proteins	1948	692	64.99	14.65	40.75
GCA_003211235.1_ASM321123v1_genomic_prodigal_proteins	1698	GCA_002017955.1_ASM201795v1_genomic_prodigal_proteins	512	136	59.81	13.22	26.56
GCA_003211235.1_ASM321123v1_genomic_prodigal_proteins	1698	GCA_902584485.1_AG-912-O23_genomic_prodigal_proteins	535	143	74.63	15.97	26.73
GCA_003211235.1_ASM321123v1_genomic_prodigal_proteins	1698	GCA_902527915.1_AG-896-G19_genomic_prodigal_proteins	1003	405	78.05	13.24	40.38
GCA_003211235.1_ASM321123v1_genomic_prodigal_proteins	1698	GCA_902635365.1_AG-447-D19_genomic_prodigal_proteins	1690	506	74.44	14.18	29.94
GCA_003211235.1_ASM321123v1_genomic_prodigal_proteins	1698	GCA_900474085.1_UW86_genomic_prodigal_proteins	2403	985	77.22	13.07	58.01
GCA_003211235.1_ASM321123v1_genomic_prodigal_proteins	1698	GCA_001885215.1_ASM188521v1_genomic_prodigal_proteins	2897	838	65.07	13.69	49.35
GCA_003211235.1_ASM321123v1_genomic_prodigal_proteins	1698	GCA_902575935.1_AG-426-B22_genomic_prodigal_proteins	254	84	76.81	15.39	33.07
GCA_003211235.1_ASM321123v1_genomic_prodigal_proteins	1698	GCA_900474295.1_UW140_genomic_prodigal_proteins	2925	950	70.50	13.55	55.95
GCA_003211235.1_ASM321123v1_genomic_prodigal_proteins	1698	GCA_003211565.1_ASM321156v1_genomic_prodigal_proteins	1489	489	75.86	14.25	32.84
GCA_003211235.1_ASM321123v1_genomic_prodigal_proteins	1698	GCA_003526105.1_ASM352610v1_genomic_prodigal_proteins	1581	559	78.02	13.42	35.36
GCA_003211235.1_ASM321123v1_genomic_prodigal_proteins	1698	GCA_002172935.1_ASM217293v1_genomic_prodigal_proteins	1996	720	69.59	13.91	42.40
GCA_003211235.1_ASM321123v1_genomic_prodigal_proteins	1698	GCA_003210335.1_ASM321033v1_genomic_prodigal_proteins	942	234	66.75	14.11	24.84
GCA_003211235.1_ASM321123v1_genomic_prodigal_proteins	1698	GCA_009846115.1_ASM984611v1_genomic_prodigal_proteins	2048	555	60.34	12.96	32.69
GCA_003211235.1_ASM321123v1_genomic_prodigal_proteins	1698	GCA_001693295.1_ASM169329v1_genomic_prodigal_proteins	3183	581	53.08	12.70	34.22
GCA_003211235.1_ASM321123v1_genomic_prodigal_proteins	1698	GCA_900473965.1_UW179A_genomic_prodigal_proteins	3383	1004	70.25	14.04	59.13
GCA_003211235.1_ASM321123v1_genomic_prodigal_proteins	1698	GCA_003213755.1_ASM321375v1_genomic_prodigal_proteins	1050	244	63.96	14.27	23.24
GCA_003211235.1_ASM321123v1_genomic_prodigal_proteins	1698	GCA_003209155.1_ASM320915v1_genomic_prodigal_proteins	2305	842	70.28	13.83	49.59
GCA_003211235.1_ASM321123v1_genomic_prodigal_proteins	1698	GCA_003211515.1_ASM321151v1_genomic_prodigal_proteins	2451	724	72.25	14.19	42.64
GCA_003211235.1_ASM321123v1_genomic_prodigal_proteins	1698	GCA_002693285.1_ASM269328v1_genomic_prodigal_proteins	2440	884	69.61	14.18	52.06
GCA_003211235.1_ASM321123v1_genomic_prodigal_proteins	1698	GCA_003210555.1_ASM321055v1_genomic_prodigal_proteins	1847	544	68.39	13.88	32.04
GCA_003211235.1_ASM321123v1_genomic_prodigal_proteins	1698	GCA_000155595.1_ASM15559v1_genomic_prodigal_proteins	5270	606	52.53	12.61	35.69
GCA_003211235.1_ASM321123v1_genomic_prodigal_proteins	1698	GCA_001007665.1_ASM100766v1_genomic_prodigal_proteins	2356	624	60.45	12.87	36.75
GCA_003211235.1_ASM321123v1_genomic_prodigal_proteins	1698	GCA_009919765.1_ASM991976v1_genomic_prodigal_proteins	2524	605	65.21	14.54	35.63
GCA_003211235.1_ASM321123v1_genomic_prodigal_proteins	1698	GCA_003331225.1_ASM333122v1_genomic_prodigal_proteins	2113	779	65.50	14.20	45.88
GCA_003211235.1_ASM321123v1_genomic_prodigal_proteins	1698	GCA_900177825.1_IMG-taxon_2708742468_annotated_assembly_genomic_prodigal_proteins	3317	578	52.93	12.85	34.04
GCA_003211235.1_ASM321123v1_genomic_prodigal_proteins	1698	GCA_000195975.1_ASM19597v1_genomic_prodigal_proteins	2719	1049	78.68	12.06	61.78
GCA_003211235.1_ASM321123v1_genomic_prodigal_proteins	1698	GCA_902618885.1_AG-920-D15_genomic_prodigal_proteins	1178	509	78.58	13.37	43.21
GCA_003211235.1_ASM321123v1_genomic_prodigal_proteins	1698	GCA_003209165.1_ASM320916v1_genomic_prodigal_proteins	2711	903	76.62	13.56	53.18
GCA_003211235.1_ASM321123v1_genomic_prodigal_proteins	1698	GCA_001007625.1_ASM100762v1_genomic_prodigal_proteins	2478	556	60.61	13.22	32.74
GCA_003211235.1_ASM321123v1_genomic_prodigal_proteins	1698	GCA_008386235.1_ASM838623v1_genomic_prodigal_proteins	2571	549	53.03	12.46	32.33
GCA_003211235.1_ASM321123v1_genomic_prodigal_proteins	1698	GCA_001631935.1_ASM163193v1_genomic_prodigal_proteins	3526	992	69.81	14.00	58.42
GCA_003211235.1_ASM321123v1_genomic_prodigal_proteins	1698	GCA_002151525.1_ASM215152v1_genomic_prodigal_proteins	1628	553	63.18	14.03	33.97
GCA_003211235.1_ASM321123v1_genomic_prodigal_proteins	1698	GCA_000153065.1_ASM15306v1_genomic_prodigal_proteins	2704	890	70.94	13.42	52.41
GCA_003211235.1_ASM321123v1_genomic_prodigal_proteins	1698	GCA_009837265.1_ASM983726v1_genomic_prodigal_proteins	2126	583	60.44	12.94	34.33
GCA_003211235.1_ASM321123v1_genomic_prodigal_proteins	1698	GCA_902533725.1_AG-898-C20_genomic_prodigal_proteins	421	94	74.86	15.50	22.33
GCA_003211235.1_ASM321123v1_genomic_prodigal_proteins	1698	GCA_002171075.2_ASM217107v2_genomic_prodigal_proteins	1919	694	63.62	13.66	40.87
GCA_003211235.1_ASM321123v1_genomic_prodigal_proteins	1698	GCA_002760395.1_ASM276039v1_genomic_prodigal_proteins	2661	488	52.42	11.91	28.74
GCA_003211235.1_ASM321123v1_genomic_prodigal_proteins	1698	GCA_003209005.1_ASM320900v1_genomic_prodigal_proteins	2548	851	69.65	14.27	50.12
GCA_003211235.1_ASM321123v1_genomic_prodigal_proteins	1698	GCA_002017915.1_ASM201791v1_genomic_prodigal_proteins	623	178	63.21	13.48	28.57
GCA_003211235.1_ASM321123v1_genomic_prodigal_proteins	1698	GCA_900047545.1_m9_genomic_prodigal_proteins	1575	504	60.33	12.82	32.00
GCA_003211235.1_ASM321123v1_genomic_prodigal_proteins	1698	GCA_001632105.1_ASM163210v1_genomic_prodigal_proteins	3521	992	69.81	14.03	58.42
GCA_003211235.1_ASM321123v1_genomic_prodigal_proteins	1698	GCA_004212765.1_ASM421276v1_genomic_prodigal_proteins	1162	541	78.27	12.40	46.56
GCA_003211235.1_ASM321123v1_genomic_prodigal_proteins	1698	GCA_002685515.1_ASM268551v1_genomic_prodigal_proteins	1286	532	70.04	13.39	41.37
GCA_003211235.1_ASM321123v1_genomic_prodigal_proteins	1698	GCA_007828135.1_ASM782813v1_genomic_prodigal_proteins	2917	838	65.08	13.71	49.35
GCA_003211235.1_ASM321123v1_genomic_prodigal_proteins	1698	GCA_011047875.1_ASM1104787v1_genomic_prodigal_proteins	2810	495	52.35	12.15	29.15
GCA_003211235.1_ASM321123v1_genomic_prodigal_proteins	1698	GCA_009840445.1_ASM984044v1_genomic_prodigal_proteins	2167	636	60.66	12.91	37.46
GCA_003211235.1_ASM321123v1_genomic_prodigal_proteins	1698	GCA_003210995.1_ASM321099v1_genomic_prodigal_proteins	2385	739	69.76	14.20	43.52
GCA_003211235.1_ASM321123v1_genomic_prodigal_proteins	1698	GCA_902616995.1_AG-919-L20_genomic_prodigal_proteins	654	243	76.83	13.61	37.16
GCA_003211235.1_ASM321123v1_genomic_prodigal_proteins	1698	GCA_009845825.1_ASM984582v1_genomic_prodigal_proteins	2168	547	60.73	13.07	32.21
GCA_003211235.1_ASM321123v1_genomic_prodigal_proteins	1698	GCA_000515235.1_ASM51523v1_genomic_prodigal_proteins	2873	1043	74.61	13.10	61.43
GCA_003211235.1_ASM321123v1_genomic_prodigal_proteins	1698	GCA_003523965.1_ASM352396v1_genomic_prodigal_proteins	1735	415	61.96	13.00	24.44
GCA_003211235.1_ASM321123v1_genomic_prodigal_proteins	1698	GCA_002684175.1_ASM268417v1_genomic_prodigal_proteins	1819	604	73.86	13.08	35.57
GCA_003211235.1_ASM321123v1_genomic_prodigal_proteins	1698	GCA_011523295.1_ASM1152329v1_genomic_prodigal_proteins	2851	810	73.69	13.29	47.70
GCA_003211235.1_ASM321123v1_genomic_prodigal_proteins	1698	GCA_003211015.1_ASM321101v1_genomic_prodigal_proteins	2128	708	69.85	13.75	41.70
GCA_003211235.1_ASM321123v1_genomic_prodigal_proteins	1698	GCA_002006815.1_ASM200681v1_genomic_prodigal_proteins	1973	717	64.08	13.93	42.23
GCA_003211275.1_ASM321127v1_genomic_prodigal_proteins	2168	GCA_003957805.1_ASM395780v1_genomic_prodigal_proteins	2887	768	55.28	12.97	35.42
GCA_003211275.1_ASM321127v1_genomic_prodigal_proteins	2168	GCA_012270465.1_ASM1227046v1_genomic_prodigal_proteins	2311	910	63.76	13.83	41.97
GCA_003211275.1_ASM321127v1_genomic_prodigal_proteins	2168	GCA_001693255.1_ASM169325v1_genomic_prodigal_proteins	3177	700	53.18	12.82	32.29
GCA_003211275.1_ASM321127v1_genomic_prodigal_proteins	2168	GCA_003210385.1_ASM321038v1_genomic_prodigal_proteins	286	138	73.69	12.50	48.25
GCA_003211275.1_ASM321127v1_genomic_prodigal_proteins	2168	GCA_002170705.1_ASM217070v1_genomic_prodigal_proteins	1392	655	69.37	13.91	47.05
GCA_003211275.1_ASM321127v1_genomic_prodigal_proteins	2168	GCA_002356215.1_ASM235621v1_genomic_prodigal_proteins	2953	687	53.32	12.74	31.69
GCA_003211275.1_ASM321127v1_genomic_prodigal_proteins	2168	GCA_003210935.1_ASM321093v1_genomic_prodigal_proteins	1868	1074	92.42	11.11	57.49
GCA_003211275.1_ASM321127v1_genomic_prodigal_proteins	2168	GCA_003210535.1_ASM321053v1_genomic_prodigal_proteins	1257	556	68.52	14.10	44.23
GCA_003211275.1_ASM321127v1_genomic_prodigal_proteins	2168	GCA_002724845.1_ASM272484v1_genomic_prodigal_proteins	1589	780	69.17	13.87	49.09
GCA_003211275.1_ASM321127v1_genomic_prodigal_proteins	2168	GCA_000153285.1_ASM15328v1_genomic_prodigal_proteins	2746	1374	76.76	12.30	63.38
GCA_003211275.1_ASM321127v1_genomic_prodigal_proteins	2168	GCA_003211035.1_ASM321103v1_genomic_prodigal_proteins	530	240	67.38	14.72	45.28
GCA_003211275.1_ASM321127v1_genomic_prodigal_proteins	2168	GCA_001521855.1_ASM152185v1_genomic_prodigal_proteins	3144	703	53.24	12.73	32.43
GCA_003211275.1_ASM321127v1_genomic_prodigal_proteins	2168	GCA_009835965.1_ASM983596v1_genomic_prodigal_proteins	2105	754	60.57	12.70	35.82
GCA_003211275.1_ASM321127v1_genomic_prodigal_proteins	2168	GCA_012269695.1_ASM1226969v1_genomic_prodigal_proteins	2043	776	64.12	13.59	37.98
GCA_003211275.1_ASM321127v1_genomic_prodigal_proteins	2168	GCA_000737535.1_ASM73753v1_genomic_prodigal_proteins	3013	1278	69.18	14.01	58.95
GCA_003211275.1_ASM321127v1_genomic_prodigal_proteins	2168	GCA_000586015.1_SynSpo.0_genomic_prodigal_proteins	1907	600	61.01	13.41	31.46
GCA_003211275.1_ASM321127v1_genomic_prodigal_proteins	2168	GCA_002760345.1_ASM276034v1_genomic_prodigal_proteins	2731	597	52.21	11.71	27.54
GCA_003211275.1_ASM321127v1_genomic_prodigal_proteins	2168	GCA_000013225.1_ASM1322v1_genomic_prodigal_proteins	2844	590	52.47	11.79	27.21
GCA_003211275.1_ASM321127v1_genomic_prodigal_proteins	2168	GCA_000332275.1_ASM33227v1_genomic_prodigal_proteins	4564	674	51.34	11.98	31.09
GCA_003211275.1_ASM321127v1_genomic_prodigal_proteins	2168	GCA_002252675.1_ASM225267v1_genomic_prodigal_proteins	3295	1092	65.46	13.86	50.37
GCA_003211275.1_ASM321127v1_genomic_prodigal_proteins	2168	GCA_000737575.1_ASM73757v1_genomic_prodigal_proteins	2662	1270	69.83	13.98	58.58
GCA_003211275.1_ASM321127v1_genomic_prodigal_proteins	2168	GCA_902596755.1_AG-916-D19_genomic_prodigal_proteins	1152	451	68.51	14.54	39.15
GCA_003211275.1_ASM321127v1_genomic_prodigal_proteins	2168	GCA_003211455.1_ASM321145v1_genomic_prodigal_proteins	1186	484	68.12	14.74	40.81
GCA_003211275.1_ASM321127v1_genomic_prodigal_proteins	2168	GCA_003208755.1_ASM320875v1_genomic_prodigal_proteins	690	325	69.23	15.00	47.10
GCA_003211275.1_ASM321127v1_genomic_prodigal_proteins	2168	GCA_007571215.1_ASM757121v1_genomic_prodigal_proteins	1879	743	60.08	13.05	39.54
GCA_003211275.1_ASM321127v1_genomic_prodigal_proteins	2168	GCA_001007635.1_ASM100763v1_genomic_prodigal_proteins	2333	690	60.59	12.86	31.83
GCA_003211275.1_ASM321127v1_genomic_prodigal_proteins	2168	GCA_000179255.1_ASM17925v1_genomic_prodigal_proteins	2729	1140	65.72	14.16	52.58
GCA_003211275.1_ASM321127v1_genomic_prodigal_proteins	2168	GCA_003208975.1_ASM320897v1_genomic_prodigal_proteins	1804	741	69.03	14.34	41.08
GCA_003211275.1_ASM321127v1_genomic_prodigal_proteins	2168	GCA_012103655.1_ASM1210365v1_genomic_prodigal_proteins	2723	1357	73.03	13.07	62.59
GCA_003211275.1_ASM321127v1_genomic_prodigal_proteins	2168	GCA_902582045.1_AG-912-B07_genomic_prodigal_proteins	196	47	68.55	16.18	23.98
GCA_003211275.1_ASM321127v1_genomic_prodigal_proteins	2168	GCA_000153045.1_ASM15304v1_genomic_prodigal_proteins	3242	1114	65.44	13.67	51.38
GCA_003211275.1_ASM321127v1_genomic_prodigal_proteins	2168	GCA_902549675.1_AG-903-B09_genomic_prodigal_proteins	836	255	69.45	15.71	30.50
GCA_003211275.1_ASM321127v1_genomic_prodigal_proteins	2168	GCA_002018045.1_ASM201804v1_genomic_prodigal_proteins	1559	587	61.00	12.86	37.65
GCA_003211275.1_ASM321127v1_genomic_prodigal_proteins	2168	GCA_004213055.1_ASM421305v1_genomic_prodigal_proteins	2241	1147	72.32	13.65	52.91
GCA_003211275.1_ASM321127v1_genomic_prodigal_proteins	2168	GCA_007571085.1_ASM757108v1_genomic_prodigal_proteins	1784	736	60.09	13.08	41.26
GCA_003211275.1_ASM321127v1_genomic_prodigal_proteins	2168	GCA_009839805.1_ASM983980v1_genomic_prodigal_proteins	1848	526	58.61	12.62	28.46
GCA_003211275.1_ASM321127v1_genomic_prodigal_proteins	2168	GCA_003210375.1_ASM321037v1_genomic_prodigal_proteins	2155	896	68.37	14.11	41.58
GCA_003211275.1_ASM321127v1_genomic_prodigal_proteins	2168	GCA_004332415.1_ASM433241v1_genomic_prodigal_proteins	2408	1263	73.64	13.13	58.26
GCA_003211275.1_ASM321127v1_genomic_prodigal_proteins	2168	GCA_009836025.1_ASM983602v1_genomic_prodigal_proteins	2290	762	60.13	13.02	35.15
GCA_003211275.1_ASM321127v1_genomic_prodigal_proteins	2168	GCA_009843455.1_ASM984345v1_genomic_prodigal_proteins	2423	738	60.17	12.92	34.04
GCA_003211275.1_ASM321127v1_genomic_prodigal_proteins	2168	GCA_009843485.1_ASM984348v1_genomic_prodigal_proteins	2158	756	60.57	12.87	35.03
GCA_003211275.1_ASM321127v1_genomic_prodigal_proteins	2168	GCA_003283135.1_ASM328313v1_genomic_prodigal_proteins	459	152	68.63	15.13	33.12
GCA_003211275.1_ASM321127v1_genomic_prodigal_proteins	2168	GCA_902635485.1_AG-447-G23_genomic_prodigal_proteins	327	112	65.97	15.77	34.25
GCA_003211275.1_ASM321127v1_genomic_prodigal_proteins	2168	GCA_002760415.1_ASM276041v1_genomic_prodigal_proteins	2670	588	52.19	11.72	27.12
GCA_003211275.1_ASM321127v1_genomic_prodigal_proteins	2168	GCA_002754935.1_ASM275493v1_genomic_prodigal_proteins	2664	629	52.76	12.42	29.01
GCA_003211275.1_ASM321127v1_genomic_prodigal_proteins	2168	GCA_002171685.2_ASM217168v2_genomic_prodigal_proteins	811	468	73.41	12.60	57.71
GCA_003211275.1_ASM321127v1_genomic_prodigal_proteins	2168	GCA_000737595.1_ASM73759v1_genomic_prodigal_proteins	2774	1273	69.47	14.22	58.72
GCA_003211275.1_ASM321127v1_genomic_prodigal_proteins	2168	GCA_003331785.1_ASM333178v1_genomic_prodigal_proteins	2125	1149	73.39	12.65	54.07
GCA_003211275.1_ASM321127v1_genomic_prodigal_proteins	2168	GCA_009842265.1_ASM984226v1_genomic_prodigal_proteins	2398	746	60.28	12.87	34.41
GCA_003211275.1_ASM321127v1_genomic_prodigal_proteins	2168	GCA_902579345.1_AG-911-L15_genomic_prodigal_proteins	248	66	66.48	17.07	26.61
GCA_003211275.1_ASM321127v1_genomic_prodigal_proteins	2168	GCA_000011345.1_ASM1134v1_genomic_prodigal_proteins	2520	662	53.34	12.43	30.54
GCA_003211275.1_ASM321127v1_genomic_prodigal_proteins	2168	GCA_003210705.1_ASM321070v1_genomic_prodigal_proteins	2244	1393	97.76	5.95	64.25
GCA_003211275.1_ASM321127v1_genomic_prodigal_proteins	2168	GCA_000019485.1_ASM1948v1_genomic_prodigal_proteins	3233	701	53.18	12.76	32.33
GCA_003211275.1_ASM321127v1_genomic_prodigal_proteins	2168	GCA_003283055.1_ASM328305v1_genomic_prodigal_proteins	482	100	67.56	15.47	20.75
GCA_003211275.1_ASM321127v1_genomic_prodigal_proteins	2168	GCA_000010065.1_ASM1006v1_genomic_prodigal_proteins	2691	760	55.23	12.98	35.06
GCA_003211275.1_ASM321127v1_genomic_prodigal_proteins	2168	GCA_000316685.1_ASM31668v1_genomic_prodigal_proteins	3706	691	52.54	12.57	31.87
GCA_003211275.1_ASM321127v1_genomic_prodigal_proteins	2168	GCA_000063525.1_ASM6352v1_genomic_prodigal_proteins	2540	1144	64.92	14.36	52.77
GCA_003211275.1_ASM321127v1_genomic_prodigal_proteins	2168	GCA_003283165.1_ASM328316v1_genomic_prodigal_proteins	217	69	68.24	14.46	31.80
GCA_003211275.1_ASM321127v1_genomic_prodigal_proteins	2168	GCA_902540675.1_AG-359-E22_genomic_prodigal_proteins	584	179	66.42	14.42	30.65
GCA_003211275.1_ASM321127v1_genomic_prodigal_proteins	2168	GCA_011055065.1_ASM1105506v1_genomic_prodigal_proteins	2792	568	52.43	11.91	26.20
GCA_003211275.1_ASM321127v1_genomic_prodigal_proteins	2168	GCA_000013205.1_ASM1320v1_genomic_prodigal_proteins	2750	599	52.23	11.74	27.63
GCA_003211275.1_ASM321127v1_genomic_prodigal_proteins	2168	GCA_003539795.1_ASM353979v1_genomic_prodigal_proteins	2284	940	68.30	13.56	43.36
GCA_003211275.1_ASM321127v1_genomic_prodigal_proteins	2168	GCA_002171995.1_ASM217199v1_genomic_prodigal_proteins	1978	729	71.10	13.90	36.86
GCA_003211275.1_ASM321127v1_genomic_prodigal_proteins	2168	GCA_011523835.1_ASM1152383v1_genomic_prodigal_proteins	2468	1159	76.16	12.95	53.46
GCA_003211275.1_ASM321127v1_genomic_prodigal_proteins	2168	GCA_002172175.1_ASM217217v1_genomic_prodigal_proteins	1846	684	62.87	14.28	37.05
GCA_003211275.1_ASM321127v1_genomic_prodigal_proteins	2168	GCA_003208835.1_ASM320883v1_genomic_prodigal_proteins	2208	900	69.24	14.06	41.51
GCA_003211275.1_ASM321127v1_genomic_prodigal_proteins	2168	GCA_902589915.1_AG-914-F20_genomic_prodigal_proteins	373	124	71.13	15.39	33.24
GCA_003211275.1_ASM321127v1_genomic_prodigal_proteins	2168	GCA_000485815.1_ASM48581v1_genomic_prodigal_proteins	3083	673	53.44	12.80	31.04
GCA_003211275.1_ASM321127v1_genomic_prodigal_proteins	2168	GCA_008807075.1_ASM880707v1_genomic_prodigal_proteins	2925	1114	64.86	13.82	51.38
GCA_003211275.1_ASM321127v1_genomic_prodigal_proteins	2168	GCA_000179235.2_ASM17923v2_genomic_prodigal_proteins	3071	1141	66.61	13.77	52.63
GCA_003211275.1_ASM321127v1_genomic_prodigal_proteins	2168	GCA_003210795.1_ASM321079v1_genomic_prodigal_proteins	2239	970	69.29	14.49	44.74
GCA_003211275.1_ASM321127v1_genomic_prodigal_proteins	2168	GCA_002706715.1_ASM270671v1_genomic_prodigal_proteins	1148	571	69.39	14.34	49.74
GCA_003211275.1_ASM321127v1_genomic_prodigal_proteins	2168	GCA_003331245.1_ASM333124v1_genomic_prodigal_proteins	2021	1030	69.46	13.82	50.96
GCA_003211275.1_ASM321127v1_genomic_prodigal_proteins	2168	GCA_009843385.1_ASM984338v1_genomic_prodigal_proteins	2085	644	60.39	12.93	30.89
GCA_003211275.1_ASM321127v1_genomic_prodigal_proteins	2168	GCA_003211205.1_ASM321120v1_genomic_prodigal_proteins	2288	1295	95.48	7.86	59.73
GCA_003211275.1_ASM321127v1_genomic_prodigal_proteins	2168	GCA_000063505.1_ASM6350v1_genomic_prodigal_proteins	2558	1355	76.98	12.72	62.50
GCA_003211275.1_ASM321127v1_genomic_prodigal_proteins	2168	GCA_900474245.1_UW179B_genomic_prodigal_proteins	2743	1345	73.06	13.00	62.04
GCA_003211275.1_ASM321127v1_genomic_prodigal_proteins	2168	GCA_003210345.1_ASM321034v1_genomic_prodigal_proteins	1256	510	67.85	13.98	40.61
GCA_003211275.1_ASM321127v1_genomic_prodigal_proteins	2168	GCA_003210315.1_ASM321031v1_genomic_prodigal_proteins	1815	907	71.78	13.81	49.97
GCA_003211275.1_ASM321127v1_genomic_prodigal_proteins	2168	GCA_009836155.1_ASM983615v1_genomic_prodigal_proteins	1947	729	60.48	12.92	37.44
GCA_003211275.1_ASM321127v1_genomic_prodigal_proteins	2168	GCA_003990665.2_ASM399066v2_genomic_prodigal_proteins	2499	659	53.45	12.41	30.40
GCA_003211275.1_ASM321127v1_genomic_prodigal_proteins	2168	GCA_003209135.1_ASM320913v1_genomic_prodigal_proteins	1719	740	68.48	14.29	43.05
GCA_003211275.1_ASM321127v1_genomic_prodigal_proteins	2168	GCA_009845105.1_ASM984510v1_genomic_prodigal_proteins	1941	594	59.99	13.04	30.60
GCA_003211275.1_ASM321127v1_genomic_prodigal_proteins	2168	GCA_002690325.1_ASM269032v1_genomic_prodigal_proteins	2554	1166	68.70	14.21	53.78
GCA_003211275.1_ASM321127v1_genomic_prodigal_proteins	2168	GCA_000161795.2_ASM16179v2_genomic_prodigal_proteins	2407	1203	70.15	14.04	55.49
GCA_003211275.1_ASM321127v1_genomic_prodigal_proteins	2168	GCA_004211895.1_ASM421189v1_genomic_prodigal_proteins	954	454	70.43	13.94	47.59
GCA_003211275.1_ASM321127v1_genomic_prodigal_proteins	2168	GCA_003210735.1_ASM321073v1_genomic_prodigal_proteins	2337	970	68.62	14.39	44.74
GCA_003211275.1_ASM321127v1_genomic_prodigal_proteins	2168	GCA_003209035.1_ASM320903v1_genomic_prodigal_proteins	1803	742	68.14	14.69	41.15
GCA_003211275.1_ASM321127v1_genomic_prodigal_proteins	2168	GCA_003712085.1_ASM371208v1_genomic_prodigal_proteins	2745	1239	70.09	13.89	57.15
GCA_003211275.1_ASM321127v1_genomic_prodigal_proteins	2168	GCA_003212155.1_ASM321215v1_genomic_prodigal_proteins	262	79	62.33	16.49	30.15
GCA_003211275.1_ASM321127v1_genomic_prodigal_proteins	2168	GCA_001040845.1_ASM104084v1_genomic_prodigal_proteins	2917	1392	72.57	13.23	64.21
GCA_003211275.1_ASM321127v1_genomic_prodigal_proteins	2168	GCA_002018015.1_ASM201801v1_genomic_prodigal_proteins	1578	563	60.75	12.90	35.68
GCA_003211275.1_ASM321127v1_genomic_prodigal_proteins	2168	GCA_003211255.1_ASM321125v1_genomic_prodigal_proteins	1850	719	68.59	14.27	38.86
GCA_003211275.1_ASM321127v1_genomic_prodigal_proteins	2168	GCA_002721235.1_ASM272123v1_genomic_prodigal_proteins	3119	701	53.35	12.76	32.33
GCA_003211275.1_ASM321127v1_genomic_prodigal_proteins	2168	GCA_009839305.1_ASM983930v1_genomic_prodigal_proteins	1816	562	60.78	13.21	30.95
GCA_003211275.1_ASM321127v1_genomic_prodigal_proteins	2168	GCA_011365345.1_ASM1136534v1_genomic_prodigal_proteins	2655	1292	69.77	14.24	59.59
GCA_003211275.1_ASM321127v1_genomic_prodigal_proteins	2168	GCA_001039265.1_ASM103926v1_genomic_prodigal_proteins	2832	760	67.08	14.14	35.06
GCA_003211275.1_ASM321127v1_genomic_prodigal_proteins	2168	GCA_001628325.1_ASM162832v1_genomic_prodigal_proteins	2129	1078	70.37	14.04	50.63
GCA_003211275.1_ASM321127v1_genomic_prodigal_proteins	2168	GCA_003209215.1_ASM320921v1_genomic_prodigal_proteins	1679	624	68.96	13.97	37.16
GCA_003211275.1_ASM321127v1_genomic_prodigal_proteins	2168	GCA_002737305.1_ASM273730v1_genomic_prodigal_proteins	1951	817	65.92	13.98	41.88
GCA_003211275.1_ASM321127v1_genomic_prodigal_proteins	2168	GCA_003210515.1_ASM321051v1_genomic_prodigal_proteins	1673	761	68.70	14.12	45.49
GCA_003211275.1_ASM321127v1_genomic_prodigal_proteins	2168	GCA_011525445.1_ASM1152544v1_genomic_prodigal_proteins	3208	1110	71.64	13.18	51.20
GCA_003211275.1_ASM321127v1_genomic_prodigal_proteins	2168	GCA_902599435.1_AG-916-N22_genomic_prodigal_proteins	793	284	69.45	14.43	35.81
GCA_003211275.1_ASM321127v1_genomic_prodigal_proteins	2168	GCA_003149585.1_ASM314958v1_genomic_prodigal_proteins	2600	1163	65.72	14.16	53.64
GCA_003211275.1_ASM321127v1_genomic_prodigal_proteins	2168	GCA_902560665.1_AG-905-O11_genomic_prodigal_proteins	401	154	70.34	15.63	38.40
GCA_003211275.1_ASM321127v1_genomic_prodigal_proteins	2168	GCA_003331795.1_ASM333179v1_genomic_prodigal_proteins	1948	900	64.33	14.37	46.20
GCA_003211275.1_ASM321127v1_genomic_prodigal_proteins	2168	GCA_002017955.1_ASM201795v1_genomic_prodigal_proteins	512	155	61.35	13.45	30.27
GCA_003211275.1_ASM321127v1_genomic_prodigal_proteins	2168	GCA_902584485.1_AG-912-O23_genomic_prodigal_proteins	535	194	68.16	15.54	36.26
GCA_003211275.1_ASM321127v1_genomic_prodigal_proteins	2168	GCA_902527915.1_AG-896-G19_genomic_prodigal_proteins	1003	423	68.93	14.37	42.17
GCA_003211275.1_ASM321127v1_genomic_prodigal_proteins	2168	GCA_902635365.1_AG-447-D19_genomic_prodigal_proteins	1690	590	68.22	14.49	34.91
GCA_003211275.1_ASM321127v1_genomic_prodigal_proteins	2168	GCA_900474085.1_UW86_genomic_prodigal_proteins	2403	1213	70.25	14.11	55.95
GCA_003211275.1_ASM321127v1_genomic_prodigal_proteins	2168	GCA_001885215.1_ASM188521v1_genomic_prodigal_proteins	2897	1079	65.05	13.38	49.77
GCA_003211275.1_ASM321127v1_genomic_prodigal_proteins	2168	GCA_902575935.1_AG-426-B22_genomic_prodigal_proteins	254	73	66.33	15.05	28.74
GCA_003211275.1_ASM321127v1_genomic_prodigal_proteins	2168	GCA_900474295.1_UW140_genomic_prodigal_proteins	2925	1373	71.87	13.62	63.33
GCA_003211275.1_ASM321127v1_genomic_prodigal_proteins	2168	GCA_003211565.1_ASM321156v1_genomic_prodigal_proteins	1489	582	68.16	14.62	39.09
GCA_003211275.1_ASM321127v1_genomic_prodigal_proteins	2168	GCA_003526105.1_ASM352610v1_genomic_prodigal_proteins	1581	603	70.22	14.41	38.14
GCA_003211275.1_ASM321127v1_genomic_prodigal_proteins	2168	GCA_002172935.1_ASM217293v1_genomic_prodigal_proteins	1996	1013	76.39	12.46	50.75
GCA_003211275.1_ASM321127v1_genomic_prodigal_proteins	2168	GCA_003210335.1_ASM321033v1_genomic_prodigal_proteins	942	455	86.12	13.85	48.30
GCA_003211275.1_ASM321127v1_genomic_prodigal_proteins	2168	GCA_009846115.1_ASM984611v1_genomic_prodigal_proteins	2048	664	60.28	12.71	32.42
GCA_003211275.1_ASM321127v1_genomic_prodigal_proteins	2168	GCA_001693295.1_ASM169329v1_genomic_prodigal_proteins	3183	697	53.20	12.76	32.15
GCA_003211275.1_ASM321127v1_genomic_prodigal_proteins	2168	GCA_900473965.1_UW179A_genomic_prodigal_proteins	3383	1730	89.33	9.72	79.80
GCA_003211275.1_ASM321127v1_genomic_prodigal_proteins	2168	GCA_003213755.1_ASM321375v1_genomic_prodigal_proteins	1050	414	64.26	15.30	39.43
GCA_003211275.1_ASM321127v1_genomic_prodigal_proteins	2168	GCA_003209155.1_ASM320915v1_genomic_prodigal_proteins	2305	1414	97.74	6.04	65.22
GCA_003211275.1_ASM321127v1_genomic_prodigal_proteins	2168	GCA_003211515.1_ASM321151v1_genomic_prodigal_proteins	2451	885	67.89	14.81	40.82
GCA_003211275.1_ASM321127v1_genomic_prodigal_proteins	2168	GCA_002693285.1_ASM269328v1_genomic_prodigal_proteins	2440	1195	78.88	11.77	55.12
GCA_003211275.1_ASM321127v1_genomic_prodigal_proteins	2168	GCA_003210555.1_ASM321055v1_genomic_prodigal_proteins	1847	807	72.21	13.55	43.69
GCA_003211275.1_ASM321127v1_genomic_prodigal_proteins	2168	GCA_000155595.1_ASM15559v1_genomic_prodigal_proteins	5270	737	52.06	12.50	33.99
GCA_003211275.1_ASM321127v1_genomic_prodigal_proteins	2168	GCA_001007665.1_ASM100766v1_genomic_prodigal_proteins	2356	770	60.00	13.01	35.52
GCA_003211275.1_ASM321127v1_genomic_prodigal_proteins	2168	GCA_009919765.1_ASM991976v1_genomic_prodigal_proteins	2524	755	64.42	14.38	34.82
GCA_003211275.1_ASM321127v1_genomic_prodigal_proteins	2168	GCA_003331225.1_ASM333122v1_genomic_prodigal_proteins	2113	974	64.87	13.89	46.10
GCA_003211275.1_ASM321127v1_genomic_prodigal_proteins	2168	GCA_900177825.1_IMG-taxon_2708742468_annotated_assembly_genomic_prodigal_proteins	3317	694	53.20	12.80	32.01
GCA_003211275.1_ASM321127v1_genomic_prodigal_proteins	2168	GCA_000195975.1_ASM19597v1_genomic_prodigal_proteins	2719	1229	70.16	13.97	56.69
GCA_003211275.1_ASM321127v1_genomic_prodigal_proteins	2168	GCA_902618885.1_AG-920-D15_genomic_prodigal_proteins	1178	426	68.85	15.18	36.16
GCA_003211275.1_ASM321127v1_genomic_prodigal_proteins	2168	GCA_003209165.1_ASM320916v1_genomic_prodigal_proteins	2711	1063	69.59	14.15	49.03
GCA_003211275.1_ASM321127v1_genomic_prodigal_proteins	2168	GCA_001007625.1_ASM100762v1_genomic_prodigal_proteins	2478	687	60.17	13.35	31.69
GCA_003211275.1_ASM321127v1_genomic_prodigal_proteins	2168	GCA_008386235.1_ASM838623v1_genomic_prodigal_proteins	2571	652	53.22	12.42	30.07
GCA_003211275.1_ASM321127v1_genomic_prodigal_proteins	2168	GCA_001631935.1_ASM163193v1_genomic_prodigal_proteins	3526	1702	89.25	9.84	78.51
GCA_003211275.1_ASM321127v1_genomic_prodigal_proteins	2168	GCA_002151525.1_ASM215152v1_genomic_prodigal_proteins	1628	739	63.16	14.38	45.39
GCA_003211275.1_ASM321127v1_genomic_prodigal_proteins	2168	GCA_000153065.1_ASM15306v1_genomic_prodigal_proteins	2704	1262	73.12	13.24	58.21
GCA_003211275.1_ASM321127v1_genomic_prodigal_proteins	2168	GCA_009837265.1_ASM983726v1_genomic_prodigal_proteins	2126	720	60.31	12.93	33.87
GCA_003211275.1_ASM321127v1_genomic_prodigal_proteins	2168	GCA_902533725.1_AG-898-C20_genomic_prodigal_proteins	421	132	68.79	13.81	31.35
GCA_003211275.1_ASM321127v1_genomic_prodigal_proteins	2168	GCA_002171075.2_ASM217107v2_genomic_prodigal_proteins	1919	821	63.31	13.49	42.78
GCA_003211275.1_ASM321127v1_genomic_prodigal_proteins	2168	GCA_002760395.1_ASM276039v1_genomic_prodigal_proteins	2661	585	52.12	11.79	26.98
GCA_003211275.1_ASM321127v1_genomic_prodigal_proteins	2168	GCA_003209005.1_ASM320900v1_genomic_prodigal_proteins	2548	1425	93.22	9.77	65.73
GCA_003211275.1_ASM321127v1_genomic_prodigal_proteins	2168	GCA_002017915.1_ASM201791v1_genomic_prodigal_proteins	623	189	61.45	13.29	30.34
GCA_003211275.1_ASM321127v1_genomic_prodigal_proteins	2168	GCA_900047545.1_m9_genomic_prodigal_proteins	1575	590	60.56	13.09	37.46
GCA_003211275.1_ASM321127v1_genomic_prodigal_proteins	2168	GCA_001632105.1_ASM163210v1_genomic_prodigal_proteins	3521	1713	89.32	9.61	79.01
GCA_003211275.1_ASM321127v1_genomic_prodigal_proteins	2168	GCA_004212765.1_ASM421276v1_genomic_prodigal_proteins	1162	588	69.19	13.95	50.60
GCA_003211275.1_ASM321127v1_genomic_prodigal_proteins	2168	GCA_002685515.1_ASM268551v1_genomic_prodigal_proteins	1286	843	90.03	9.18	65.55
GCA_003211275.1_ASM321127v1_genomic_prodigal_proteins	2168	GCA_007828135.1_ASM782813v1_genomic_prodigal_proteins	2917	1079	65.05	13.38	49.77
GCA_003211275.1_ASM321127v1_genomic_prodigal_proteins	2168	GCA_011047875.1_ASM1104787v1_genomic_prodigal_proteins	2810	591	52.29	11.79	27.26
GCA_003211275.1_ASM321127v1_genomic_prodigal_proteins	2168	GCA_009840445.1_ASM984044v1_genomic_prodigal_proteins	2167	772	60.46	12.84	35.63
GCA_003211275.1_ASM321127v1_genomic_prodigal_proteins	2168	GCA_003210995.1_ASM321099v1_genomic_prodigal_proteins	2385	1400	96.70	8.86	64.58
GCA_003211275.1_ASM321127v1_genomic_prodigal_proteins	2168	GCA_902616995.1_AG-919-L20_genomic_prodigal_proteins	654	215	68.37	14.94	32.87
GCA_003211275.1_ASM321127v1_genomic_prodigal_proteins	2168	GCA_009845825.1_ASM984582v1_genomic_prodigal_proteins	2168	671	60.56	12.68	30.95
GCA_003211275.1_ASM321127v1_genomic_prodigal_proteins	2168	GCA_000515235.1_ASM51523v1_genomic_prodigal_proteins	2873	1280	69.14	14.20	59.04
GCA_003211275.1_ASM321127v1_genomic_prodigal_proteins	2168	GCA_003523965.1_ASM352396v1_genomic_prodigal_proteins	1735	522	60.66	13.40	30.09
GCA_003211275.1_ASM321127v1_genomic_prodigal_proteins	2168	GCA_002684175.1_ASM268417v1_genomic_prodigal_proteins	1819	728	67.51	13.47	40.02
GCA_003211275.1_ASM321127v1_genomic_prodigal_proteins	2168	GCA_011523295.1_ASM1152329v1_genomic_prodigal_proteins	2851	963	67.73	14.07	44.42
GCA_003211275.1_ASM321127v1_genomic_prodigal_proteins	2168	GCA_003211015.1_ASM321101v1_genomic_prodigal_proteins	2128	1299	93.26	9.44	61.04
GCA_003211275.1_ASM321127v1_genomic_prodigal_proteins	2168	GCA_002006815.1_ASM200681v1_genomic_prodigal_proteins	1973	912	63.58	13.87	46.22
GCA_001693255.1_ASM169325v1_genomic_prodigal_proteins	3177	GCA_003210385.1_ASM321038v1_genomic_prodigal_proteins	286	129	52.66	13.95	45.10
GCA_001693255.1_ASM169325v1_genomic_prodigal_proteins	3177	GCA_002170705.1_ASM217070v1_genomic_prodigal_proteins	1392	580	52.89	12.17	41.67
GCA_001693255.1_ASM169325v1_genomic_prodigal_proteins	3177	GCA_002356215.1_ASM235621v1_genomic_prodigal_proteins	2953	2426	83.88	11.19	82.15
GCA_001693255.1_ASM169325v1_genomic_prodigal_proteins	3177	GCA_003210935.1_ASM321093v1_genomic_prodigal_proteins	1868	703	53.90	13.01	37.63
GCA_001693255.1_ASM169325v1_genomic_prodigal_proteins	3177	GCA_003210535.1_ASM321053v1_genomic_prodigal_proteins	1257	404	52.70	12.56	32.14
GCA_001693255.1_ASM169325v1_genomic_prodigal_proteins	3177	GCA_002724845.1_ASM272484v1_genomic_prodigal_proteins	1589	750	53.48	12.67	47.20
GCA_001693255.1_ASM169325v1_genomic_prodigal_proteins	3177	GCA_000153285.1_ASM15328v1_genomic_prodigal_proteins	2746	1111	53.15	12.95	40.46
GCA_001693255.1_ASM169325v1_genomic_prodigal_proteins	3177	GCA_003211035.1_ASM321103v1_genomic_prodigal_proteins	530	188	52.10	12.08	35.47
GCA_001693255.1_ASM169325v1_genomic_prodigal_proteins	3177	GCA_001521855.1_ASM152185v1_genomic_prodigal_proteins	3144	2633	94.23	7.08	83.75
GCA_001693255.1_ASM169325v1_genomic_prodigal_proteins	3177	GCA_009835965.1_ASM983596v1_genomic_prodigal_proteins	2105	935	53.31	12.40	44.42
GCA_001693255.1_ASM169325v1_genomic_prodigal_proteins	3177	GCA_012269695.1_ASM1226969v1_genomic_prodigal_proteins	2043	754	53.32	12.56	36.91
GCA_001693255.1_ASM169325v1_genomic_prodigal_proteins	3177	GCA_000737535.1_ASM73753v1_genomic_prodigal_proteins	3013	1077	53.42	12.92	35.75
GCA_001693255.1_ASM169325v1_genomic_prodigal_proteins	3177	GCA_000586015.1_SynSpo.0_genomic_prodigal_proteins	1907	731	54.19	13.02	38.33
GCA_001693255.1_ASM169325v1_genomic_prodigal_proteins	3177	GCA_002760345.1_ASM276034v1_genomic_prodigal_proteins	2731	1256	56.53	12.29	45.99
GCA_001693255.1_ASM169325v1_genomic_prodigal_proteins	3177	GCA_000013225.1_ASM1322v1_genomic_prodigal_proteins	2844	1276	56.73	12.19	44.87
GCA_001693255.1_ASM169325v1_genomic_prodigal_proteins	3177	GCA_000332275.1_ASM33227v1_genomic_prodigal_proteins	4564	1520	56.76	12.48	47.84
GCA_001693255.1_ASM169325v1_genomic_prodigal_proteins	3177	GCA_002252675.1_ASM225267v1_genomic_prodigal_proteins	3295	1190	53.87	12.83	37.46
GCA_001693255.1_ASM169325v1_genomic_prodigal_proteins	3177	GCA_000737575.1_ASM73757v1_genomic_prodigal_proteins	2662	1097	53.34	12.93	41.21
GCA_001693255.1_ASM169325v1_genomic_prodigal_proteins	3177	GCA_902596755.1_AG-916-D19_genomic_prodigal_proteins	1152	389	53.31	12.99	33.77
GCA_001693255.1_ASM169325v1_genomic_prodigal_proteins	3177	GCA_003211455.1_ASM321145v1_genomic_prodigal_proteins	1186	378	53.14	12.73	31.87
GCA_001693255.1_ASM169325v1_genomic_prodigal_proteins	3177	GCA_003208755.1_ASM320875v1_genomic_prodigal_proteins	690	237	53.66	13.38	34.35
GCA_001693255.1_ASM169325v1_genomic_prodigal_proteins	3177	GCA_007571215.1_ASM757121v1_genomic_prodigal_proteins	1879	904	53.19	12.31	48.11
GCA_001693255.1_ASM169325v1_genomic_prodigal_proteins	3177	GCA_001007635.1_ASM100763v1_genomic_prodigal_proteins	2333	846	53.42	12.42	36.26
GCA_001693255.1_ASM169325v1_genomic_prodigal_proteins	3177	GCA_000179255.1_ASM17925v1_genomic_prodigal_proteins	2729	1112	53.91	12.91	40.75
GCA_001693255.1_ASM169325v1_genomic_prodigal_proteins	3177	GCA_003208975.1_ASM320897v1_genomic_prodigal_proteins	1804	562	52.91	12.59	31.15
GCA_001693255.1_ASM169325v1_genomic_prodigal_proteins	3177	GCA_012103655.1_ASM1210365v1_genomic_prodigal_proteins	2723	1063	53.45	12.66	39.04
GCA_001693255.1_ASM169325v1_genomic_prodigal_proteins	3177	GCA_902582045.1_AG-912-B07_genomic_prodigal_proteins	196	35	50.68	12.29	17.86
GCA_001693255.1_ASM169325v1_genomic_prodigal_proteins	3177	GCA_000153045.1_ASM15304v1_genomic_prodigal_proteins	3242	1195	53.79	12.63	37.61
GCA_001693255.1_ASM169325v1_genomic_prodigal_proteins	3177	GCA_902549675.1_AG-903-B09_genomic_prodigal_proteins	836	265	55.12	13.73	31.70
GCA_001693255.1_ASM169325v1_genomic_prodigal_proteins	3177	GCA_002018045.1_ASM201804v1_genomic_prodigal_proteins	1559	721	54.35	12.31	46.25
GCA_001693255.1_ASM169325v1_genomic_prodigal_proteins	3177	GCA_004213055.1_ASM421305v1_genomic_prodigal_proteins	2241	954	53.51	12.75	42.57
GCA_001693255.1_ASM169325v1_genomic_prodigal_proteins	3177	GCA_007571085.1_ASM757108v1_genomic_prodigal_proteins	1784	896	53.08	12.39	50.22
GCA_001693255.1_ASM169325v1_genomic_prodigal_proteins	3177	GCA_009839805.1_ASM983980v1_genomic_prodigal_proteins	1848	597	51.65	11.60	32.31
GCA_001693255.1_ASM169325v1_genomic_prodigal_proteins	3177	GCA_003210375.1_ASM321037v1_genomic_prodigal_proteins	2155	787	52.91	12.74	36.52
GCA_001693255.1_ASM169325v1_genomic_prodigal_proteins	3177	GCA_004332415.1_ASM433241v1_genomic_prodigal_proteins	2408	1084	53.60	12.72	45.02
GCA_001693255.1_ASM169325v1_genomic_prodigal_proteins	3177	GCA_009836025.1_ASM983602v1_genomic_prodigal_proteins	2290	916	53.50	12.37	40.00
GCA_001693255.1_ASM169325v1_genomic_prodigal_proteins	3177	GCA_009843455.1_ASM984345v1_genomic_prodigal_proteins	2423	897	53.34	12.20	37.02
GCA_001693255.1_ASM169325v1_genomic_prodigal_proteins	3177	GCA_009843485.1_ASM984348v1_genomic_prodigal_proteins	2158	931	53.29	12.45	43.14
GCA_001693255.1_ASM169325v1_genomic_prodigal_proteins	3177	GCA_003283135.1_ASM328313v1_genomic_prodigal_proteins	459	91	52.60	13.93	19.83
GCA_001693255.1_ASM169325v1_genomic_prodigal_proteins	3177	GCA_902635485.1_AG-447-G23_genomic_prodigal_proteins	327	69	53.37	14.45	21.10
GCA_001693255.1_ASM169325v1_genomic_prodigal_proteins	3177	GCA_002760415.1_ASM276041v1_genomic_prodigal_proteins	2670	1246	56.45	12.35	46.67
GCA_001693255.1_ASM169325v1_genomic_prodigal_proteins	3177	GCA_002754935.1_ASM275493v1_genomic_prodigal_proteins	2664	1367	59.30	12.91	51.31
GCA_001693255.1_ASM169325v1_genomic_prodigal_proteins	3177	GCA_002171685.2_ASM217168v2_genomic_prodigal_proteins	811	417	54.00	12.23	51.42
GCA_001693255.1_ASM169325v1_genomic_prodigal_proteins	3177	GCA_000737595.1_ASM73759v1_genomic_prodigal_proteins	2774	1086	53.50	12.86	39.15
GCA_001693255.1_ASM169325v1_genomic_prodigal_proteins	3177	GCA_003331785.1_ASM333178v1_genomic_prodigal_proteins	2125	972	53.48	12.62	45.74
GCA_001693255.1_ASM169325v1_genomic_prodigal_proteins	3177	GCA_009842265.1_ASM984226v1_genomic_prodigal_proteins	2398	909	53.38	12.40	37.91
GCA_001693255.1_ASM169325v1_genomic_prodigal_proteins	3177	GCA_902579345.1_AG-911-L15_genomic_prodigal_proteins	248	47	53.09	15.54	18.95
GCA_001693255.1_ASM169325v1_genomic_prodigal_proteins	3177	GCA_000011345.1_ASM1134v1_genomic_prodigal_proteins	2520	1425	59.31	12.94	56.55
GCA_001693255.1_ASM169325v1_genomic_prodigal_proteins	3177	GCA_003210705.1_ASM321070v1_genomic_prodigal_proteins	2244	756	53.05	12.85	33.69
GCA_001693255.1_ASM169325v1_genomic_prodigal_proteins	3177	GCA_000019485.1_ASM1948v1_genomic_prodigal_proteins	3233	2707	94.08	7.38	85.21
GCA_001693255.1_ASM169325v1_genomic_prodigal_proteins	3177	GCA_003283055.1_ASM328305v1_genomic_prodigal_proteins	482	34	50.38	15.32	7.05
GCA_001693255.1_ASM169325v1_genomic_prodigal_proteins	3177	GCA_000010065.1_ASM1006v1_genomic_prodigal_proteins	2691	1471	59.56	12.76	54.66
GCA_001693255.1_ASM169325v1_genomic_prodigal_proteins	3177	GCA_000316685.1_ASM31668v1_genomic_prodigal_proteins	3706	1531	59.26	12.79	48.19
GCA_001693255.1_ASM169325v1_genomic_prodigal_proteins	3177	GCA_000063525.1_ASM6352v1_genomic_prodigal_proteins	2540	1131	53.87	13.03	44.53
GCA_001693255.1_ASM169325v1_genomic_prodigal_proteins	3177	GCA_003283165.1_ASM328316v1_genomic_prodigal_proteins	217	57	50.92	11.98	26.27
GCA_001693255.1_ASM169325v1_genomic_prodigal_proteins	3177	GCA_902540675.1_AG-359-E22_genomic_prodigal_proteins	584	166	52.61	14.09	28.42
GCA_001693255.1_ASM169325v1_genomic_prodigal_proteins	3177	GCA_011055065.1_ASM1105506v1_genomic_prodigal_proteins	2792	1232	56.62	12.31	44.13
GCA_001693255.1_ASM169325v1_genomic_prodigal_proteins	3177	GCA_000013205.1_ASM1320v1_genomic_prodigal_proteins	2750	1265	56.50	12.33	46.00
GCA_001693255.1_ASM169325v1_genomic_prodigal_proteins	3177	GCA_003539795.1_ASM353979v1_genomic_prodigal_proteins	2284	806	51.94	11.88	35.29
GCA_001693255.1_ASM169325v1_genomic_prodigal_proteins	3177	GCA_002171995.1_ASM217199v1_genomic_prodigal_proteins	1978	615	52.95	12.53	31.09
GCA_001693255.1_ASM169325v1_genomic_prodigal_proteins	3177	GCA_011523835.1_ASM1152383v1_genomic_prodigal_proteins	2468	916	52.85	12.43	37.12
GCA_001693255.1_ASM169325v1_genomic_prodigal_proteins	3177	GCA_002172175.1_ASM217217v1_genomic_prodigal_proteins	1846	697	52.47	12.15	37.76
GCA_001693255.1_ASM169325v1_genomic_prodigal_proteins	3177	GCA_003208835.1_ASM320883v1_genomic_prodigal_proteins	2208	800	53.02	12.69	36.23
GCA_001693255.1_ASM169325v1_genomic_prodigal_proteins	3177	GCA_902589915.1_AG-914-F20_genomic_prodigal_proteins	373	84	54.08	13.55	22.52
GCA_001693255.1_ASM169325v1_genomic_prodigal_proteins	3177	GCA_000485815.1_ASM48581v1_genomic_prodigal_proteins	3083	2418	83.76	11.38	78.43
GCA_001693255.1_ASM169325v1_genomic_prodigal_proteins	3177	GCA_008807075.1_ASM880707v1_genomic_prodigal_proteins	2925	1129	53.19	12.72	38.60
GCA_001693255.1_ASM169325v1_genomic_prodigal_proteins	3177	GCA_000179235.2_ASM17923v2_genomic_prodigal_proteins	3071	1185	53.93	12.82	38.59
GCA_001693255.1_ASM169325v1_genomic_prodigal_proteins	3177	GCA_003210795.1_ASM321079v1_genomic_prodigal_proteins	2239	794	52.58	12.46	35.46
GCA_001693255.1_ASM169325v1_genomic_prodigal_proteins	3177	GCA_002706715.1_ASM270671v1_genomic_prodigal_proteins	1148	577	53.38	12.93	50.26
GCA_001693255.1_ASM169325v1_genomic_prodigal_proteins	3177	GCA_003331245.1_ASM333124v1_genomic_prodigal_proteins	2021	899	52.92	12.29	44.48
GCA_001693255.1_ASM169325v1_genomic_prodigal_proteins	3177	GCA_009843385.1_ASM984338v1_genomic_prodigal_proteins	2085	769	53.76	12.49	36.88
GCA_001693255.1_ASM169325v1_genomic_prodigal_proteins	3177	GCA_003211205.1_ASM321120v1_genomic_prodigal_proteins	2288	826	53.17	12.95	36.10
GCA_001693255.1_ASM169325v1_genomic_prodigal_proteins	3177	GCA_000063505.1_ASM6350v1_genomic_prodigal_proteins	2558	1085	53.43	12.87	42.42
GCA_001693255.1_ASM169325v1_genomic_prodigal_proteins	3177	GCA_900474245.1_UW179B_genomic_prodigal_proteins	2743	1074	53.42	12.81	39.15
GCA_001693255.1_ASM169325v1_genomic_prodigal_proteins	3177	GCA_003210345.1_ASM321034v1_genomic_prodigal_proteins	1256	416	52.26	12.61	33.12
GCA_001693255.1_ASM169325v1_genomic_prodigal_proteins	3177	GCA_003210315.1_ASM321031v1_genomic_prodigal_proteins	1815	627	53.38	12.83	34.55
GCA_001693255.1_ASM169325v1_genomic_prodigal_proteins	3177	GCA_009836155.1_ASM983615v1_genomic_prodigal_proteins	1947	874	53.48	12.24	44.89
GCA_001693255.1_ASM169325v1_genomic_prodigal_proteins	3177	GCA_003990665.2_ASM399066v2_genomic_prodigal_proteins	2499	1426	59.39	12.89	57.06
GCA_001693255.1_ASM169325v1_genomic_prodigal_proteins	3177	GCA_003209135.1_ASM320913v1_genomic_prodigal_proteins	1719	560	52.04	12.39	32.58
GCA_001693255.1_ASM169325v1_genomic_prodigal_proteins	3177	GCA_009845105.1_ASM984510v1_genomic_prodigal_proteins	1941	737	52.99	12.44	37.97
GCA_001693255.1_ASM169325v1_genomic_prodigal_proteins	3177	GCA_002690325.1_ASM269032v1_genomic_prodigal_proteins	2554	974	52.39	12.53	38.14
GCA_001693255.1_ASM169325v1_genomic_prodigal_proteins	3177	GCA_000161795.2_ASM16179v2_genomic_prodigal_proteins	2407	1048	53.78	12.86	43.54
GCA_001693255.1_ASM169325v1_genomic_prodigal_proteins	3177	GCA_004211895.1_ASM421189v1_genomic_prodigal_proteins	954	447	53.17	12.92	46.86
GCA_001693255.1_ASM169325v1_genomic_prodigal_proteins	3177	GCA_003210735.1_ASM321073v1_genomic_prodigal_proteins	2337	783	52.36	12.69	33.50
GCA_001693255.1_ASM169325v1_genomic_prodigal_proteins	3177	GCA_003209035.1_ASM320903v1_genomic_prodigal_proteins	1803	578	52.65	13.00	32.06
GCA_001693255.1_ASM169325v1_genomic_prodigal_proteins	3177	GCA_003712085.1_ASM371208v1_genomic_prodigal_proteins	2745	1099	53.29	12.82	40.04
GCA_001693255.1_ASM169325v1_genomic_prodigal_proteins	3177	GCA_003212155.1_ASM321215v1_genomic_prodigal_proteins	262	58	53.60	15.82	22.14
GCA_001693255.1_ASM169325v1_genomic_prodigal_proteins	3177	GCA_001040845.1_ASM104084v1_genomic_prodigal_proteins	2917	1078	53.31	12.87	36.96
GCA_001693255.1_ASM169325v1_genomic_prodigal_proteins	3177	GCA_002018015.1_ASM201801v1_genomic_prodigal_proteins	1578	699	54.36	12.59	44.30
GCA_001693255.1_ASM169325v1_genomic_prodigal_proteins	3177	GCA_003211255.1_ASM321125v1_genomic_prodigal_proteins	1850	601	51.96	12.52	32.49
GCA_001693255.1_ASM169325v1_genomic_prodigal_proteins	3177	GCA_002721235.1_ASM272123v1_genomic_prodigal_proteins	3119	2622	94.25	6.99	84.07
GCA_001693255.1_ASM169325v1_genomic_prodigal_proteins	3177	GCA_009839305.1_ASM983930v1_genomic_prodigal_proteins	1816	682	54.30	12.62	37.56
GCA_001693255.1_ASM169325v1_genomic_prodigal_proteins	3177	GCA_011365345.1_ASM1136534v1_genomic_prodigal_proteins	2655	1077	53.63	12.95	40.56
GCA_001693255.1_ASM169325v1_genomic_prodigal_proteins	3177	GCA_001039265.1_ASM103926v1_genomic_prodigal_proteins	2832	810	55.40	13.03	28.60
GCA_001693255.1_ASM169325v1_genomic_prodigal_proteins	3177	GCA_001628325.1_ASM162832v1_genomic_prodigal_proteins	2129	965	53.39	12.53	45.33
GCA_001693255.1_ASM169325v1_genomic_prodigal_proteins	3177	GCA_003209215.1_ASM320921v1_genomic_prodigal_proteins	1679	551	54.03	13.17	32.82
GCA_001693255.1_ASM169325v1_genomic_prodigal_proteins	3177	GCA_002737305.1_ASM273730v1_genomic_prodigal_proteins	1951	865	54.73	12.67	44.34
GCA_001693255.1_ASM169325v1_genomic_prodigal_proteins	3177	GCA_003210515.1_ASM321051v1_genomic_prodigal_proteins	1673	614	52.56	12.66	36.70
GCA_001693255.1_ASM169325v1_genomic_prodigal_proteins	3177	GCA_011525445.1_ASM1152544v1_genomic_prodigal_proteins	3208	877	52.36	12.40	27.60
GCA_001693255.1_ASM169325v1_genomic_prodigal_proteins	3177	GCA_902599435.1_AG-916-N22_genomic_prodigal_proteins	793	278	55.41	12.91	35.06
GCA_001693255.1_ASM169325v1_genomic_prodigal_proteins	3177	GCA_003149585.1_ASM314958v1_genomic_prodigal_proteins	2600	1141	54.05	12.82	43.88
GCA_001693255.1_ASM169325v1_genomic_prodigal_proteins	3177	GCA_902560665.1_AG-905-O11_genomic_prodigal_proteins	401	101	55.91	13.77	25.19
GCA_001693255.1_ASM169325v1_genomic_prodigal_proteins	3177	GCA_003331795.1_ASM333179v1_genomic_prodigal_proteins	1948	895	53.68	12.97	45.94
GCA_001693255.1_ASM169325v1_genomic_prodigal_proteins	3177	GCA_002017955.1_ASM201795v1_genomic_prodigal_proteins	512	203	53.26	12.73	39.65
GCA_001693255.1_ASM169325v1_genomic_prodigal_proteins	3177	GCA_902584485.1_AG-912-O23_genomic_prodigal_proteins	535	148	53.22	13.52	27.66
GCA_001693255.1_ASM169325v1_genomic_prodigal_proteins	3177	GCA_902527915.1_AG-896-G19_genomic_prodigal_proteins	1003	340	53.27	13.29	33.90
GCA_001693255.1_ASM169325v1_genomic_prodigal_proteins	3177	GCA_902635365.1_AG-447-D19_genomic_prodigal_proteins	1690	516	53.83	12.71	30.53
GCA_001693255.1_ASM169325v1_genomic_prodigal_proteins	3177	GCA_900474085.1_UW86_genomic_prodigal_proteins	2403	1061	53.62	12.83	44.15
GCA_001693255.1_ASM169325v1_genomic_prodigal_proteins	3177	GCA_001885215.1_ASM188521v1_genomic_prodigal_proteins	2897	1191	53.55	12.59	41.11
GCA_001693255.1_ASM169325v1_genomic_prodigal_proteins	3177	GCA_902575935.1_AG-426-B22_genomic_prodigal_proteins	254	105	57.89	15.02	41.34
GCA_001693255.1_ASM169325v1_genomic_prodigal_proteins	3177	GCA_900474295.1_UW140_genomic_prodigal_proteins	2925	1079	53.49	12.95	36.89
GCA_001693255.1_ASM169325v1_genomic_prodigal_proteins	3177	GCA_003211565.1_ASM321156v1_genomic_prodigal_proteins	1489	486	53.20	13.06	32.64
GCA_001693255.1_ASM169325v1_genomic_prodigal_proteins	3177	GCA_003526105.1_ASM352610v1_genomic_prodigal_proteins	1581	571	54.20	12.48	36.12
GCA_001693255.1_ASM169325v1_genomic_prodigal_proteins	3177	GCA_002172935.1_ASM217293v1_genomic_prodigal_proteins	1996	829	52.71	12.49	41.53
GCA_001693255.1_ASM169325v1_genomic_prodigal_proteins	3177	GCA_003210335.1_ASM321033v1_genomic_prodigal_proteins	942	195	53.02	13.64	20.70
GCA_001693255.1_ASM169325v1_genomic_prodigal_proteins	3177	GCA_009846115.1_ASM984611v1_genomic_prodigal_proteins	2048	816	53.11	12.43	39.84
GCA_001693255.1_ASM169325v1_genomic_prodigal_proteins	3177	GCA_001693295.1_ASM169329v1_genomic_prodigal_proteins	3183	2655	93.92	7.98	83.57
GCA_001693255.1_ASM169325v1_genomic_prodigal_proteins	3177	GCA_900473965.1_UW179A_genomic_prodigal_proteins	3383	1066	53.42	12.94	33.55
GCA_001693255.1_ASM169325v1_genomic_prodigal_proteins	3177	GCA_003213755.1_ASM321375v1_genomic_prodigal_proteins	1050	385	53.71	13.15	36.67
GCA_001693255.1_ASM169325v1_genomic_prodigal_proteins	3177	GCA_003209155.1_ASM320915v1_genomic_prodigal_proteins	2305	796	53.33	12.75	34.53
GCA_001693255.1_ASM169325v1_genomic_prodigal_proteins	3177	GCA_003211515.1_ASM321151v1_genomic_prodigal_proteins	2451	707	52.28	12.94	28.85
GCA_001693255.1_ASM169325v1_genomic_prodigal_proteins	3177	GCA_002693285.1_ASM269328v1_genomic_prodigal_proteins	2440	923	53.01	12.75	37.83
GCA_001693255.1_ASM169325v1_genomic_prodigal_proteins	3177	GCA_003210555.1_ASM321055v1_genomic_prodigal_proteins	1847	591	53.09	12.63	32.00
GCA_001693255.1_ASM169325v1_genomic_prodigal_proteins	3177	GCA_000155595.1_ASM15559v1_genomic_prodigal_proteins	5270	1673	59.21	12.96	52.66
GCA_001693255.1_ASM169325v1_genomic_prodigal_proteins	3177	GCA_001007665.1_ASM100766v1_genomic_prodigal_proteins	2356	930	53.29	12.26	39.47
GCA_001693255.1_ASM169325v1_genomic_prodigal_proteins	3177	GCA_009919765.1_ASM991976v1_genomic_prodigal_proteins	2524	753	53.67	12.85	29.83
GCA_001693255.1_ASM169325v1_genomic_prodigal_proteins	3177	GCA_003331225.1_ASM333122v1_genomic_prodigal_proteins	2113	967	53.66	12.82	45.76
GCA_001693255.1_ASM169325v1_genomic_prodigal_proteins	3177	GCA_900177825.1_IMG-taxon_2708742468_annotated_assembly_genomic_prodigal_proteins	3317	2677	94.09	7.38	84.26
GCA_001693255.1_ASM169325v1_genomic_prodigal_proteins	3177	GCA_000195975.1_ASM19597v1_genomic_prodigal_proteins	2719	1093	53.36	12.91	40.20
GCA_001693255.1_ASM169325v1_genomic_prodigal_proteins	3177	GCA_902618885.1_AG-920-D15_genomic_prodigal_proteins	1178	416	53.85	13.32	35.31
GCA_001693255.1_ASM169325v1_genomic_prodigal_proteins	3177	GCA_003209165.1_ASM320916v1_genomic_prodigal_proteins	2711	922	53.53	12.89	34.01
GCA_001693255.1_ASM169325v1_genomic_prodigal_proteins	3177	GCA_001007625.1_ASM100762v1_genomic_prodigal_proteins	2478	820	54.00	12.40	33.09
GCA_001693255.1_ASM169325v1_genomic_prodigal_proteins	3177	GCA_008386235.1_ASM838623v1_genomic_prodigal_proteins	2571	1442	59.25	12.97	56.09
GCA_001693255.1_ASM169325v1_genomic_prodigal_proteins	3177	GCA_001631935.1_ASM163193v1_genomic_prodigal_proteins	3526	1049	53.65	12.78	33.02
GCA_001693255.1_ASM169325v1_genomic_prodigal_proteins	3177	GCA_002151525.1_ASM215152v1_genomic_prodigal_proteins	1628	779	53.85	12.74	47.85
GCA_001693255.1_ASM169325v1_genomic_prodigal_proteins	3177	GCA_000153065.1_ASM15306v1_genomic_prodigal_proteins	2704	1101	53.62	12.88	40.72
GCA_001693255.1_ASM169325v1_genomic_prodigal_proteins	3177	GCA_009837265.1_ASM983726v1_genomic_prodigal_proteins	2126	867	53.38	12.46	40.78
GCA_001693255.1_ASM169325v1_genomic_prodigal_proteins	3177	GCA_902533725.1_AG-898-C20_genomic_prodigal_proteins	421	91	55.00	15.00	21.62
GCA_001693255.1_ASM169325v1_genomic_prodigal_proteins	3177	GCA_002171075.2_ASM217107v2_genomic_prodigal_proteins	1919	805	52.43	12.49	41.95
GCA_001693255.1_ASM169325v1_genomic_prodigal_proteins	3177	GCA_002760395.1_ASM276039v1_genomic_prodigal_proteins	2661	1238	56.44	12.35	46.52
GCA_001693255.1_ASM169325v1_genomic_prodigal_proteins	3177	GCA_003209005.1_ASM320900v1_genomic_prodigal_proteins	2548	876	53.01	12.69	34.38
GCA_001693255.1_ASM169325v1_genomic_prodigal_proteins	3177	GCA_002017915.1_ASM201791v1_genomic_prodigal_proteins	623	273	54.77	13.49	43.82
GCA_001693255.1_ASM169325v1_genomic_prodigal_proteins	3177	GCA_900047545.1_m9_genomic_prodigal_proteins	1575	706	53.24	12.41	44.83
GCA_001693255.1_ASM169325v1_genomic_prodigal_proteins	3177	GCA_001632105.1_ASM163210v1_genomic_prodigal_proteins	3521	1051	53.54	12.72	33.08
GCA_001693255.1_ASM169325v1_genomic_prodigal_proteins	3177	GCA_004212765.1_ASM421276v1_genomic_prodigal_proteins	1162	540	53.05	12.55	46.47
GCA_001693255.1_ASM169325v1_genomic_prodigal_proteins	3177	GCA_002685515.1_ASM268551v1_genomic_prodigal_proteins	1286	567	52.08	12.45	44.09
GCA_001693255.1_ASM169325v1_genomic_prodigal_proteins	3177	GCA_007828135.1_ASM782813v1_genomic_prodigal_proteins	2917	1195	53.58	12.68	40.97
GCA_001693255.1_ASM169325v1_genomic_prodigal_proteins	3177	GCA_011047875.1_ASM1104787v1_genomic_prodigal_proteins	2810	1257	56.75	12.26	44.73
GCA_001693255.1_ASM169325v1_genomic_prodigal_proteins	3177	GCA_009840445.1_ASM984044v1_genomic_prodigal_proteins	2167	951	53.25	12.43	43.89
GCA_001693255.1_ASM169325v1_genomic_prodigal_proteins	3177	GCA_003210995.1_ASM321099v1_genomic_prodigal_proteins	2385	748	53.94	13.09	31.36
GCA_001693255.1_ASM169325v1_genomic_prodigal_proteins	3177	GCA_902616995.1_AG-919-L20_genomic_prodigal_proteins	654	208	52.97	13.34	31.80
GCA_001693255.1_ASM169325v1_genomic_prodigal_proteins	3177	GCA_009845825.1_ASM984582v1_genomic_prodigal_proteins	2168	806	53.71	12.28	37.18
GCA_001693255.1_ASM169325v1_genomic_prodigal_proteins	3177	GCA_000515235.1_ASM51523v1_genomic_prodigal_proteins	2873	1070	53.42	12.86	37.24
GCA_001693255.1_ASM169325v1_genomic_prodigal_proteins	3177	GCA_003523965.1_ASM352396v1_genomic_prodigal_proteins	1735	611	54.75	12.27	35.22
GCA_001693255.1_ASM169325v1_genomic_prodigal_proteins	3177	GCA_002684175.1_ASM268417v1_genomic_prodigal_proteins	1819	636	51.69	12.20	34.96
GCA_001693255.1_ASM169325v1_genomic_prodigal_proteins	3177	GCA_011523295.1_ASM1152329v1_genomic_prodigal_proteins	2851	819	51.49	12.19	28.73
GCA_001693255.1_ASM169325v1_genomic_prodigal_proteins	3177	GCA_003211015.1_ASM321101v1_genomic_prodigal_proteins	2128	770	52.92	12.73	36.18
GCA_001693255.1_ASM169325v1_genomic_prodigal_proteins	3177	GCA_002006815.1_ASM200681v1_genomic_prodigal_proteins	1973	989	53.81	12.78	50.13
GCA_003209555.1_ASM320955v1_genomic_prodigal_proteins	908	GCA_000153805.1_ASM15380v1_genomic_prodigal_proteins	2517	417	65.10	14.85	45.93
GCA_003209555.1_ASM320955v1_genomic_prodigal_proteins	908	GCA_003283205.1_ASM328320v1_genomic_prodigal_proteins	274	14	55.38	15.39	5.11
GCA_003209555.1_ASM320955v1_genomic_prodigal_proteins	908	GCA_900473925.1_N5_genomic_prodigal_proteins	2417	408	66.31	14.74	44.93
GCA_003209555.1_ASM320955v1_genomic_prodigal_proteins	908	GCA_902592665.1_AG-447-E14_genomic_prodigal_proteins	1111	185	63.16	15.07	20.37
GCA_003209555.1_ASM320955v1_genomic_prodigal_proteins	908	GCA_011523155.1_ASM1152315v1_genomic_prodigal_proteins	2101	255	63.51	13.76	28.08
GCA_003209555.1_ASM320955v1_genomic_prodigal_proteins	908	GCA_003211275.1_ASM321127v1_genomic_prodigal_proteins	2168	326	65.35	15.24	35.90
GCA_003209555.1_ASM320955v1_genomic_prodigal_proteins	908	GCA_003957805.1_ASM395780v1_genomic_prodigal_proteins	2887	278	56.18	13.18	30.62
GCA_003209555.1_ASM320955v1_genomic_prodigal_proteins	908	GCA_012270465.1_ASM1227046v1_genomic_prodigal_proteins	2311	503	93.64	11.69	55.40
GCA_003209555.1_ASM320955v1_genomic_prodigal_proteins	908	GCA_001693255.1_ASM169325v1_genomic_prodigal_proteins	3177	261	53.87	13.21	28.74
GCA_003209555.1_ASM320955v1_genomic_prodigal_proteins	908	GCA_003210385.1_ASM321038v1_genomic_prodigal_proteins	286	82	67.85	15.23	28.67
GCA_003209555.1_ASM320955v1_genomic_prodigal_proteins	908	GCA_002170705.1_ASM217070v1_genomic_prodigal_proteins	1392	253	64.86	14.42	27.86
GCA_003209555.1_ASM320955v1_genomic_prodigal_proteins	908	GCA_002356215.1_ASM235621v1_genomic_prodigal_proteins	2953	251	53.72	13.48	27.64
GCA_003209555.1_ASM320955v1_genomic_prodigal_proteins	908	GCA_003210935.1_ASM321093v1_genomic_prodigal_proteins	1868	272	65.89	15.63	29.96
GCA_003209555.1_ASM320955v1_genomic_prodigal_proteins	908	GCA_003210535.1_ASM321053v1_genomic_prodigal_proteins	1257	205	64.65	14.82	22.58
GCA_003209555.1_ASM320955v1_genomic_prodigal_proteins	908	GCA_002724845.1_ASM272484v1_genomic_prodigal_proteins	1589	235	65.93	14.36	25.88
GCA_003209555.1_ASM320955v1_genomic_prodigal_proteins	908	GCA_000153285.1_ASM15328v1_genomic_prodigal_proteins	2746	418	66.07	14.93	46.04
GCA_003209555.1_ASM320955v1_genomic_prodigal_proteins	908	GCA_003211035.1_ASM321103v1_genomic_prodigal_proteins	530	64	58.14	15.31	12.08
GCA_003209555.1_ASM320955v1_genomic_prodigal_proteins	908	GCA_001521855.1_ASM152185v1_genomic_prodigal_proteins	3144	265	53.67	13.20	29.19
GCA_003209555.1_ASM320955v1_genomic_prodigal_proteins	908	GCA_009835965.1_ASM983596v1_genomic_prodigal_proteins	2105	292	62.02	13.16	32.16
GCA_003209555.1_ASM320955v1_genomic_prodigal_proteins	908	GCA_012269695.1_ASM1226969v1_genomic_prodigal_proteins	2043	396	94.69	9.75	43.61
GCA_003209555.1_ASM320955v1_genomic_prodigal_proteins	908	GCA_000737535.1_ASM73753v1_genomic_prodigal_proteins	3013	438	65.00	15.27	48.24
GCA_003209555.1_ASM320955v1_genomic_prodigal_proteins	908	GCA_000586015.1_SynSpo.0_genomic_prodigal_proteins	1907	240	61.80	13.74	26.43
GCA_003209555.1_ASM320955v1_genomic_prodigal_proteins	908	GCA_002760345.1_ASM276034v1_genomic_prodigal_proteins	2731	222	52.28	12.28	24.45
GCA_003209555.1_ASM320955v1_genomic_prodigal_proteins	908	GCA_000013225.1_ASM1322v1_genomic_prodigal_proteins	2844	227	52.39	12.51	25.00
GCA_003209555.1_ASM320955v1_genomic_prodigal_proteins	908	GCA_000332275.1_ASM33227v1_genomic_prodigal_proteins	4564	267	51.88	12.56	29.41
GCA_003209555.1_ASM320955v1_genomic_prodigal_proteins	908	GCA_002252675.1_ASM225267v1_genomic_prodigal_proteins	3295	386	65.85	14.59	42.51
GCA_003209555.1_ASM320955v1_genomic_prodigal_proteins	908	GCA_000737575.1_ASM73757v1_genomic_prodigal_proteins	2662	429	65.38	14.87	47.25
GCA_003209555.1_ASM320955v1_genomic_prodigal_proteins	908	GCA_902596755.1_AG-916-D19_genomic_prodigal_proteins	1152	192	65.22	15.41	21.15
GCA_003209555.1_ASM320955v1_genomic_prodigal_proteins	908	GCA_003211455.1_ASM321145v1_genomic_prodigal_proteins	1186	183	65.74	15.40	20.15
GCA_003209555.1_ASM320955v1_genomic_prodigal_proteins	908	GCA_003208755.1_ASM320875v1_genomic_prodigal_proteins	690	122	64.71	14.38	17.68
GCA_003209555.1_ASM320955v1_genomic_prodigal_proteins	908	GCA_007571215.1_ASM757121v1_genomic_prodigal_proteins	1879	284	61.37	12.92	31.28
GCA_003209555.1_ASM320955v1_genomic_prodigal_proteins	908	GCA_001007635.1_ASM100763v1_genomic_prodigal_proteins	2333	254	61.41	13.43	27.97
GCA_003209555.1_ASM320955v1_genomic_prodigal_proteins	908	GCA_000179255.1_ASM17925v1_genomic_prodigal_proteins	2729	434	66.18	14.96	47.80
GCA_003209555.1_ASM320955v1_genomic_prodigal_proteins	908	GCA_003208975.1_ASM320897v1_genomic_prodigal_proteins	1804	277	65.39	14.97	30.51
GCA_003209555.1_ASM320955v1_genomic_prodigal_proteins	908	GCA_012103655.1_ASM1210365v1_genomic_prodigal_proteins	2723	421	65.16	14.37	46.37
GCA_003209555.1_ASM320955v1_genomic_prodigal_proteins	908	GCA_902582045.1_AG-912-B07_genomic_prodigal_proteins	196	54	67.97	15.16	27.55
GCA_003209555.1_ASM320955v1_genomic_prodigal_proteins	908	GCA_000153045.1_ASM15304v1_genomic_prodigal_proteins	3242	391	65.68	14.34	43.06
GCA_003209555.1_ASM320955v1_genomic_prodigal_proteins	908	GCA_902549675.1_AG-903-B09_genomic_prodigal_proteins	836	173	66.26	15.55	20.69
GCA_003209555.1_ASM320955v1_genomic_prodigal_proteins	908	GCA_002018045.1_ASM201804v1_genomic_prodigal_proteins	1559	223	61.61	13.07	24.56
GCA_003209555.1_ASM320955v1_genomic_prodigal_proteins	908	GCA_004213055.1_ASM421305v1_genomic_prodigal_proteins	2241	342	65.17	14.43	37.67
GCA_003209555.1_ASM320955v1_genomic_prodigal_proteins	908	GCA_007571085.1_ASM757108v1_genomic_prodigal_proteins	1784	286	61.53	13.08	31.50
GCA_003209555.1_ASM320955v1_genomic_prodigal_proteins	908	GCA_009839805.1_ASM983980v1_genomic_prodigal_proteins	1848	188	59.96	13.29	20.70
GCA_003209555.1_ASM320955v1_genomic_prodigal_proteins	908	GCA_003210375.1_ASM321037v1_genomic_prodigal_proteins	2155	298	64.26	14.92	32.82
GCA_003209555.1_ASM320955v1_genomic_prodigal_proteins	908	GCA_004332415.1_ASM433241v1_genomic_prodigal_proteins	2408	408	66.39	14.61	44.93
GCA_003209555.1_ASM320955v1_genomic_prodigal_proteins	908	GCA_009836025.1_ASM983602v1_genomic_prodigal_proteins	2290	288	61.28	13.42	31.72
GCA_003209555.1_ASM320955v1_genomic_prodigal_proteins	908	GCA_009843455.1_ASM984345v1_genomic_prodigal_proteins	2423	278	61.17	13.21	30.62
GCA_003209555.1_ASM320955v1_genomic_prodigal_proteins	908	GCA_009843485.1_ASM984348v1_genomic_prodigal_proteins	2158	296	62.34	13.18	32.60
GCA_003209555.1_ASM320955v1_genomic_prodigal_proteins	908	GCA_003283135.1_ASM328313v1_genomic_prodigal_proteins	459	35	58.79	17.25	7.63
GCA_003209555.1_ASM320955v1_genomic_prodigal_proteins	908	GCA_902635485.1_AG-447-G23_genomic_prodigal_proteins	327	61	64.36	16.90	18.65
GCA_003209555.1_ASM320955v1_genomic_prodigal_proteins	908	GCA_002760415.1_ASM276041v1_genomic_prodigal_proteins	2670	217	52.19	12.31	23.90
GCA_003209555.1_ASM320955v1_genomic_prodigal_proteins	908	GCA_002754935.1_ASM275493v1_genomic_prodigal_proteins	2664	231	53.79	12.59	25.44
GCA_003209555.1_ASM320955v1_genomic_prodigal_proteins	908	GCA_002171685.2_ASM217168v2_genomic_prodigal_proteins	811	152	64.29	14.73	18.74
GCA_003209555.1_ASM320955v1_genomic_prodigal_proteins	908	GCA_000737595.1_ASM73759v1_genomic_prodigal_proteins	2774	423	66.11	14.73	46.59
GCA_003209555.1_ASM320955v1_genomic_prodigal_proteins	908	GCA_003331785.1_ASM333178v1_genomic_prodigal_proteins	2125	358	64.96	14.87	39.43
GCA_003209555.1_ASM320955v1_genomic_prodigal_proteins	908	GCA_009842265.1_ASM984226v1_genomic_prodigal_proteins	2398	282	61.36	13.13	31.06
GCA_003209555.1_ASM320955v1_genomic_prodigal_proteins	908	GCA_902579345.1_AG-911-L15_genomic_prodigal_proteins	248	47	68.63	16.15	18.95
GCA_003209555.1_ASM320955v1_genomic_prodigal_proteins	908	GCA_000011345.1_ASM1134v1_genomic_prodigal_proteins	2520	240	53.86	12.66	26.43
GCA_003209555.1_ASM320955v1_genomic_prodigal_proteins	908	GCA_003210705.1_ASM321070v1_genomic_prodigal_proteins	2244	340	65.01	15.20	37.44
GCA_003209555.1_ASM320955v1_genomic_prodigal_proteins	908	GCA_000019485.1_ASM1948v1_genomic_prodigal_proteins	3233	262	53.45	13.36	28.85
GCA_003209555.1_ASM320955v1_genomic_prodigal_proteins	908	GCA_003283055.1_ASM328305v1_genomic_prodigal_proteins	482	48	58.17	14.35	9.96
GCA_003209555.1_ASM320955v1_genomic_prodigal_proteins	908	GCA_000010065.1_ASM1006v1_genomic_prodigal_proteins	2691	273	56.40	13.06	30.07
GCA_003209555.1_ASM320955v1_genomic_prodigal_proteins	908	GCA_000316685.1_ASM31668v1_genomic_prodigal_proteins	3706	244	53.38	12.79	26.87
GCA_003209555.1_ASM320955v1_genomic_prodigal_proteins	908	GCA_000063525.1_ASM6352v1_genomic_prodigal_proteins	2540	619	89.95	12.47	68.17
GCA_003209555.1_ASM320955v1_genomic_prodigal_proteins	908	GCA_003283165.1_ASM328316v1_genomic_prodigal_proteins	217	57	66.05	14.38	26.27
GCA_003209555.1_ASM320955v1_genomic_prodigal_proteins	908	GCA_902540675.1_AG-359-E22_genomic_prodigal_proteins	584	66	65.16	16.17	11.30
GCA_003209555.1_ASM320955v1_genomic_prodigal_proteins	908	GCA_011055065.1_ASM1105506v1_genomic_prodigal_proteins	2792	211	52.65	12.83	23.24
GCA_003209555.1_ASM320955v1_genomic_prodigal_proteins	908	GCA_000013205.1_ASM1320v1_genomic_prodigal_proteins	2750	223	52.36	12.35	24.56
GCA_003209555.1_ASM320955v1_genomic_prodigal_proteins	908	GCA_003539795.1_ASM353979v1_genomic_prodigal_proteins	2284	286	62.40	14.14	31.50
GCA_003209555.1_ASM320955v1_genomic_prodigal_proteins	908	GCA_002171995.1_ASM217199v1_genomic_prodigal_proteins	1978	258	64.48	14.94	28.41
GCA_003209555.1_ASM320955v1_genomic_prodigal_proteins	908	GCA_011523835.1_ASM1152383v1_genomic_prodigal_proteins	2468	352	64.75	14.73	38.77
GCA_003209555.1_ASM320955v1_genomic_prodigal_proteins	908	GCA_002172175.1_ASM217217v1_genomic_prodigal_proteins	1846	366	86.25	10.83	40.31
GCA_003209555.1_ASM320955v1_genomic_prodigal_proteins	908	GCA_003208835.1_ASM320883v1_genomic_prodigal_proteins	2208	304	64.41	15.23	33.48
GCA_003209555.1_ASM320955v1_genomic_prodigal_proteins	908	GCA_902589915.1_AG-914-F20_genomic_prodigal_proteins	373	63	64.14	15.51	16.89
GCA_003209555.1_ASM320955v1_genomic_prodigal_proteins	908	GCA_000485815.1_ASM48581v1_genomic_prodigal_proteins	3083	247	53.93	13.58	27.20
GCA_003209555.1_ASM320955v1_genomic_prodigal_proteins	908	GCA_008807075.1_ASM880707v1_genomic_prodigal_proteins	2925	370	64.52	14.26	40.75
GCA_003209555.1_ASM320955v1_genomic_prodigal_proteins	908	GCA_000179235.2_ASM17923v2_genomic_prodigal_proteins	3071	394	67.41	14.33	43.39
GCA_003209555.1_ASM320955v1_genomic_prodigal_proteins	908	GCA_003210795.1_ASM321079v1_genomic_prodigal_proteins	2239	309	64.33	15.74	34.03
GCA_003209555.1_ASM320955v1_genomic_prodigal_proteins	908	GCA_002706715.1_ASM270671v1_genomic_prodigal_proteins	1148	181	65.39	15.25	19.93
GCA_003209555.1_ASM320955v1_genomic_prodigal_proteins	908	GCA_003331245.1_ASM333124v1_genomic_prodigal_proteins	2021	287	63.87	14.35	31.61
GCA_003209555.1_ASM320955v1_genomic_prodigal_proteins	908	GCA_009843385.1_ASM984338v1_genomic_prodigal_proteins	2085	241	61.65	13.12	26.54
GCA_003209555.1_ASM320955v1_genomic_prodigal_proteins	908	GCA_003211205.1_ASM321120v1_genomic_prodigal_proteins	2288	331	64.27	15.16	36.45
GCA_003209555.1_ASM320955v1_genomic_prodigal_proteins	908	GCA_000063505.1_ASM6350v1_genomic_prodigal_proteins	2558	415	65.88	15.13	45.70
GCA_003209555.1_ASM320955v1_genomic_prodigal_proteins	908	GCA_900474245.1_UW179B_genomic_prodigal_proteins	2743	420	65.26	14.89	46.26
GCA_003209555.1_ASM320955v1_genomic_prodigal_proteins	908	GCA_003210345.1_ASM321034v1_genomic_prodigal_proteins	1256	208	62.86	14.79	22.91
GCA_003209555.1_ASM320955v1_genomic_prodigal_proteins	908	GCA_003210315.1_ASM321031v1_genomic_prodigal_proteins	1815	311	62.85	15.74	34.25
GCA_003209555.1_ASM320955v1_genomic_prodigal_proteins	908	GCA_009836155.1_ASM983615v1_genomic_prodigal_proteins	1947	269	61.06	13.15	29.63
GCA_003209555.1_ASM320955v1_genomic_prodigal_proteins	908	GCA_003990665.2_ASM399066v2_genomic_prodigal_proteins	2499	239	53.91	12.66	26.32
GCA_003209555.1_ASM320955v1_genomic_prodigal_proteins	908	GCA_003209135.1_ASM320913v1_genomic_prodigal_proteins	1719	236	63.75	15.01	25.99
GCA_003209555.1_ASM320955v1_genomic_prodigal_proteins	908	GCA_009845105.1_ASM984510v1_genomic_prodigal_proteins	1941	221	61.35	13.42	24.34
GCA_003209555.1_ASM320955v1_genomic_prodigal_proteins	908	GCA_002690325.1_ASM269032v1_genomic_prodigal_proteins	2554	390	64.12	14.63	42.95
GCA_003209555.1_ASM320955v1_genomic_prodigal_proteins	908	GCA_000161795.2_ASM16179v2_genomic_prodigal_proteins	2407	414	66.86	14.61	45.59
GCA_003209555.1_ASM320955v1_genomic_prodigal_proteins	908	GCA_004211895.1_ASM421189v1_genomic_prodigal_proteins	954	125	65.33	14.23	13.77
GCA_003209555.1_ASM320955v1_genomic_prodigal_proteins	908	GCA_003210735.1_ASM321073v1_genomic_prodigal_proteins	2337	378	64.82	15.26	41.63
GCA_003209555.1_ASM320955v1_genomic_prodigal_proteins	908	GCA_003209035.1_ASM320903v1_genomic_prodigal_proteins	1803	267	63.05	15.83	29.41
GCA_003209555.1_ASM320955v1_genomic_prodigal_proteins	908	GCA_003712085.1_ASM371208v1_genomic_prodigal_proteins	2745	430	66.14	15.17	47.36
GCA_003209555.1_ASM320955v1_genomic_prodigal_proteins	908	GCA_003212155.1_ASM321215v1_genomic_prodigal_proteins	262	88	86.78	16.96	33.59
GCA_003209555.1_ASM320955v1_genomic_prodigal_proteins	908	GCA_001040845.1_ASM104084v1_genomic_prodigal_proteins	2917	439	64.71	15.00	48.35
GCA_003209555.1_ASM320955v1_genomic_prodigal_proteins	908	GCA_002018015.1_ASM201801v1_genomic_prodigal_proteins	1578	204	60.67	13.48	22.47
GCA_003209555.1_ASM320955v1_genomic_prodigal_proteins	908	GCA_003211255.1_ASM321125v1_genomic_prodigal_proteins	1850	246	63.72	16.01	27.09
GCA_003209555.1_ASM320955v1_genomic_prodigal_proteins	908	GCA_002721235.1_ASM272123v1_genomic_prodigal_proteins	3119	259	53.71	13.18	28.52
GCA_003209555.1_ASM320955v1_genomic_prodigal_proteins	908	GCA_009839305.1_ASM983930v1_genomic_prodigal_proteins	1816	208	61.29	14.43	22.91
GCA_003209555.1_ASM320955v1_genomic_prodigal_proteins	908	GCA_011365345.1_ASM1136534v1_genomic_prodigal_proteins	2655	442	66.46	15.01	48.68
GCA_003209555.1_ASM320955v1_genomic_prodigal_proteins	908	GCA_001039265.1_ASM103926v1_genomic_prodigal_proteins	2832	253	67.74	15.06	27.86
GCA_003209555.1_ASM320955v1_genomic_prodigal_proteins	908	GCA_001628325.1_ASM162832v1_genomic_prodigal_proteins	2129	356	66.81	14.56	39.21
GCA_003209555.1_ASM320955v1_genomic_prodigal_proteins	908	GCA_003209215.1_ASM320921v1_genomic_prodigal_proteins	1679	233	66.17	14.98	25.66
GCA_003209555.1_ASM320955v1_genomic_prodigal_proteins	908	GCA_002737305.1_ASM273730v1_genomic_prodigal_proteins	1951	286	67.03	14.47	31.50
GCA_003209555.1_ASM320955v1_genomic_prodigal_proteins	908	GCA_003210515.1_ASM321051v1_genomic_prodigal_proteins	1673	249	64.82	14.75	27.42
GCA_003209555.1_ASM320955v1_genomic_prodigal_proteins	908	GCA_011525445.1_ASM1152544v1_genomic_prodigal_proteins	3208	386	66.38	15.92	42.51
GCA_003209555.1_ASM320955v1_genomic_prodigal_proteins	908	GCA_902599435.1_AG-916-N22_genomic_prodigal_proteins	793	137	67.13	15.85	17.28
GCA_003209555.1_ASM320955v1_genomic_prodigal_proteins	908	GCA_003149585.1_ASM314958v1_genomic_prodigal_proteins	2600	418	66.32	15.13	46.04
GCA_003209555.1_ASM320955v1_genomic_prodigal_proteins	908	GCA_902560665.1_AG-905-O11_genomic_prodigal_proteins	401	73	65.47	15.16	18.20
GCA_003209555.1_ASM320955v1_genomic_prodigal_proteins	908	GCA_003331795.1_ASM333179v1_genomic_prodigal_proteins	1948	445	91.48	11.01	49.01
GCA_003209555.1_ASM320955v1_genomic_prodigal_proteins	908	GCA_002017955.1_ASM201795v1_genomic_prodigal_proteins	512	75	61.01	12.45	14.65
GCA_003209555.1_ASM320955v1_genomic_prodigal_proteins	908	GCA_902584485.1_AG-912-O23_genomic_prodigal_proteins	535	104	63.60	16.54	19.44
GCA_003209555.1_ASM320955v1_genomic_prodigal_proteins	908	GCA_902527915.1_AG-896-G19_genomic_prodigal_proteins	1003	174	66.18	15.35	19.16
GCA_003209555.1_ASM320955v1_genomic_prodigal_proteins	908	GCA_902635365.1_AG-447-D19_genomic_prodigal_proteins	1690	232	64.64	15.57	25.55
GCA_003209555.1_ASM320955v1_genomic_prodigal_proteins	908	GCA_900474085.1_UW86_genomic_prodigal_proteins	2403	406	66.44	14.66	44.71
GCA_003209555.1_ASM320955v1_genomic_prodigal_proteins	908	GCA_001885215.1_ASM188521v1_genomic_prodigal_proteins	2897	386	65.64	13.76	42.51
GCA_003209555.1_ASM320955v1_genomic_prodigal_proteins	908	GCA_902575935.1_AG-426-B22_genomic_prodigal_proteins	254	44	66.46	16.27	17.32
GCA_003209555.1_ASM320955v1_genomic_prodigal_proteins	908	GCA_900474295.1_UW140_genomic_prodigal_proteins	2925	445	65.87	14.78	49.01
GCA_003209555.1_ASM320955v1_genomic_prodigal_proteins	908	GCA_003211565.1_ASM321156v1_genomic_prodigal_proteins	1489	213	65.09	15.50	23.46
GCA_003209555.1_ASM320955v1_genomic_prodigal_proteins	908	GCA_003526105.1_ASM352610v1_genomic_prodigal_proteins	1581	194	64.95	14.62	21.37
GCA_003209555.1_ASM320955v1_genomic_prodigal_proteins	908	GCA_002172935.1_ASM217293v1_genomic_prodigal_proteins	1996	299	64.04	14.86	32.93
GCA_003209555.1_ASM320955v1_genomic_prodigal_proteins	908	GCA_003210335.1_ASM321033v1_genomic_prodigal_proteins	942	79	59.45	16.81	8.70
GCA_003209555.1_ASM320955v1_genomic_prodigal_proteins	908	GCA_009846115.1_ASM984611v1_genomic_prodigal_proteins	2048	267	61.88	13.43	29.41
GCA_003209555.1_ASM320955v1_genomic_prodigal_proteins	908	GCA_001693295.1_ASM169329v1_genomic_prodigal_proteins	3183	260	53.52	13.26	28.63
GCA_003209555.1_ASM320955v1_genomic_prodigal_proteins	908	GCA_900473965.1_UW179A_genomic_prodigal_proteins	3383	446	65.25	14.66	49.12
GCA_003209555.1_ASM320955v1_genomic_prodigal_proteins	908	GCA_003213755.1_ASM321375v1_genomic_prodigal_proteins	1050	308	86.51	16.61	33.92
GCA_003209555.1_ASM320955v1_genomic_prodigal_proteins	908	GCA_003209155.1_ASM320915v1_genomic_prodigal_proteins	2305	334	65.55	14.16	36.78
GCA_003209555.1_ASM320955v1_genomic_prodigal_proteins	908	GCA_003211515.1_ASM321151v1_genomic_prodigal_proteins	2451	267	64.65	14.99	29.41
GCA_003209555.1_ASM320955v1_genomic_prodigal_proteins	908	GCA_002693285.1_ASM269328v1_genomic_prodigal_proteins	2440	363	65.62	14.72	39.98
GCA_003209555.1_ASM320955v1_genomic_prodigal_proteins	908	GCA_003210555.1_ASM321055v1_genomic_prodigal_proteins	1847	272	64.34	15.68	29.96
GCA_003209555.1_ASM320955v1_genomic_prodigal_proteins	908	GCA_000155595.1_ASM15559v1_genomic_prodigal_proteins	5270	278	53.18	12.92	30.62
GCA_003209555.1_ASM320955v1_genomic_prodigal_proteins	908	GCA_001007665.1_ASM100766v1_genomic_prodigal_proteins	2356	286	60.95	12.94	31.50
GCA_003209555.1_ASM320955v1_genomic_prodigal_proteins	908	GCA_009919765.1_ASM991976v1_genomic_prodigal_proteins	2524	398	90.08	12.40	43.83
GCA_003209555.1_ASM320955v1_genomic_prodigal_proteins	908	GCA_003331225.1_ASM333122v1_genomic_prodigal_proteins	2113	445	76.47	13.16	49.01
GCA_003209555.1_ASM320955v1_genomic_prodigal_proteins	908	GCA_900177825.1_IMG-taxon_2708742468_annotated_assembly_genomic_prodigal_proteins	3317	259	53.48	13.36	28.52
GCA_003209555.1_ASM320955v1_genomic_prodigal_proteins	908	GCA_000195975.1_ASM19597v1_genomic_prodigal_proteins	2719	415	66.70	15.00	45.70
GCA_003209555.1_ASM320955v1_genomic_prodigal_proteins	908	GCA_902618885.1_AG-920-D15_genomic_prodigal_proteins	1178	163	66.09	15.92	17.95
GCA_003209555.1_ASM320955v1_genomic_prodigal_proteins	908	GCA_003209165.1_ASM320916v1_genomic_prodigal_proteins	2711	366	65.91	14.41	40.31
GCA_003209555.1_ASM320955v1_genomic_prodigal_proteins	908	GCA_001007625.1_ASM100762v1_genomic_prodigal_proteins	2478	251	61.19	13.01	27.64
GCA_003209555.1_ASM320955v1_genomic_prodigal_proteins	908	GCA_008386235.1_ASM838623v1_genomic_prodigal_proteins	2571	239	53.12	12.75	26.32
GCA_003209555.1_ASM320955v1_genomic_prodigal_proteins	908	GCA_001631935.1_ASM163193v1_genomic_prodigal_proteins	3526	435	65.43	14.74	47.91
GCA_003209555.1_ASM320955v1_genomic_prodigal_proteins	908	GCA_002151525.1_ASM215152v1_genomic_prodigal_proteins	1628	290	69.71	14.13	31.94
GCA_003209555.1_ASM320955v1_genomic_prodigal_proteins	908	GCA_000153065.1_ASM15306v1_genomic_prodigal_proteins	2704	389	65.94	14.83	42.84
GCA_003209555.1_ASM320955v1_genomic_prodigal_proteins	908	GCA_009837265.1_ASM983726v1_genomic_prodigal_proteins	2126	273	62.30	13.15	30.07
GCA_003209555.1_ASM320955v1_genomic_prodigal_proteins	908	GCA_902533725.1_AG-898-C20_genomic_prodigal_proteins	421	65	65.69	16.22	15.44
GCA_003209555.1_ASM320955v1_genomic_prodigal_proteins	908	GCA_002171075.2_ASM217107v2_genomic_prodigal_proteins	1919	417	74.19	12.65	45.93
GCA_003209555.1_ASM320955v1_genomic_prodigal_proteins	908	GCA_002760395.1_ASM276039v1_genomic_prodigal_proteins	2661	215	52.18	12.25	23.68
GCA_003209555.1_ASM320955v1_genomic_prodigal_proteins	908	GCA_003209005.1_ASM320900v1_genomic_prodigal_proteins	2548	362	64.19	15.02	39.87
GCA_003209555.1_ASM320955v1_genomic_prodigal_proteins	908	GCA_002017915.1_ASM201791v1_genomic_prodigal_proteins	623	82	61.04	12.87	13.16
GCA_003209555.1_ASM320955v1_genomic_prodigal_proteins	908	GCA_900047545.1_m9_genomic_prodigal_proteins	1575	242	61.30	13.51	26.65
GCA_003209555.1_ASM320955v1_genomic_prodigal_proteins	908	GCA_001632105.1_ASM163210v1_genomic_prodigal_proteins	3521	444	65.49	14.80	48.90
GCA_003209555.1_ASM320955v1_genomic_prodigal_proteins	908	GCA_004212765.1_ASM421276v1_genomic_prodigal_proteins	1162	132	61.64	13.13	14.54
GCA_003209555.1_ASM320955v1_genomic_prodigal_proteins	908	GCA_002685515.1_ASM268551v1_genomic_prodigal_proteins	1286	173	62.32	15.19	19.05
GCA_003209555.1_ASM320955v1_genomic_prodigal_proteins	908	GCA_007828135.1_ASM782813v1_genomic_prodigal_proteins	2917	386	65.65	13.76	42.51
GCA_003209555.1_ASM320955v1_genomic_prodigal_proteins	908	GCA_011047875.1_ASM1104787v1_genomic_prodigal_proteins	2810	220	52.70	12.48	24.23
GCA_003209555.1_ASM320955v1_genomic_prodigal_proteins	908	GCA_009840445.1_ASM984044v1_genomic_prodigal_proteins	2167	298	61.90	13.42	32.82
GCA_003209555.1_ASM320955v1_genomic_prodigal_proteins	908	GCA_003210995.1_ASM321099v1_genomic_prodigal_proteins	2385	365	65.22	15.00	40.20
GCA_003209555.1_ASM320955v1_genomic_prodigal_proteins	908	GCA_902616995.1_AG-919-L20_genomic_prodigal_proteins	654	94	63.15	15.76	14.37
GCA_003209555.1_ASM320955v1_genomic_prodigal_proteins	908	GCA_009845825.1_ASM984582v1_genomic_prodigal_proteins	2168	246	61.30	13.02	27.09
GCA_003209555.1_ASM320955v1_genomic_prodigal_proteins	908	GCA_000515235.1_ASM51523v1_genomic_prodigal_proteins	2873	431	64.89	14.81	47.47
GCA_003209555.1_ASM320955v1_genomic_prodigal_proteins	908	GCA_003523965.1_ASM352396v1_genomic_prodigal_proteins	1735	203	61.30	13.94	22.36
GCA_003209555.1_ASM320955v1_genomic_prodigal_proteins	908	GCA_002684175.1_ASM268417v1_genomic_prodigal_proteins	1819	251	64.97	14.25	27.64
GCA_003209555.1_ASM320955v1_genomic_prodigal_proteins	908	GCA_011523295.1_ASM1152329v1_genomic_prodigal_proteins	2851	289	63.13	14.44	31.83
GCA_003209555.1_ASM320955v1_genomic_prodigal_proteins	908	GCA_003211015.1_ASM321101v1_genomic_prodigal_proteins	2128	342	66.02	14.47	37.67
GCA_003209555.1_ASM320955v1_genomic_prodigal_proteins	908	GCA_002006815.1_ASM200681v1_genomic_prodigal_proteins	1973	367	70.43	13.33	40.42
GCA_012270465.1_ASM1227046v1_genomic_prodigal_proteins	2311	GCA_001693255.1_ASM169325v1_genomic_prodigal_proteins	3177	882	52.56	12.40	38.17
GCA_012270465.1_ASM1227046v1_genomic_prodigal_proteins	2311	GCA_003210385.1_ASM321038v1_genomic_prodigal_proteins	286	138	63.97	13.43	48.25
GCA_012270465.1_ASM1227046v1_genomic_prodigal_proteins	2311	GCA_002170705.1_ASM217070v1_genomic_prodigal_proteins	1392	732	64.61	13.25	52.59
GCA_012270465.1_ASM1227046v1_genomic_prodigal_proteins	2311	GCA_002356215.1_ASM235621v1_genomic_prodigal_proteins	2953	864	52.43	12.42	37.39
GCA_012270465.1_ASM1227046v1_genomic_prodigal_proteins	2311	GCA_003210935.1_ASM321093v1_genomic_prodigal_proteins	1868	868	64.99	13.92	46.47
GCA_012270465.1_ASM1227046v1_genomic_prodigal_proteins	2311	GCA_003210535.1_ASM321053v1_genomic_prodigal_proteins	1257	530	63.37	13.48	42.16
GCA_012270465.1_ASM1227046v1_genomic_prodigal_proteins	2311	GCA_002724845.1_ASM272484v1_genomic_prodigal_proteins	1589	972	64.95	13.86	61.17
GCA_012270465.1_ASM1227046v1_genomic_prodigal_proteins	2311	GCA_000153285.1_ASM15328v1_genomic_prodigal_proteins	2746	1348	64.89	13.74	58.33
GCA_012270465.1_ASM1227046v1_genomic_prodigal_proteins	2311	GCA_003211035.1_ASM321103v1_genomic_prodigal_proteins	530	243	62.87	13.94	45.85
GCA_012270465.1_ASM1227046v1_genomic_prodigal_proteins	2311	GCA_001521855.1_ASM152185v1_genomic_prodigal_proteins	3144	883	52.55	12.38	38.21
GCA_012270465.1_ASM1227046v1_genomic_prodigal_proteins	2311	GCA_009835965.1_ASM983596v1_genomic_prodigal_proteins	2105	974	61.20	12.16	46.27
GCA_012270465.1_ASM1227046v1_genomic_prodigal_proteins	2311	GCA_012269695.1_ASM1226969v1_genomic_prodigal_proteins	2043	1475	98.91	3.98	72.20
GCA_012270465.1_ASM1227046v1_genomic_prodigal_proteins	2311	GCA_000737535.1_ASM73753v1_genomic_prodigal_proteins	3013	1335	64.67	13.71	57.77
GCA_012270465.1_ASM1227046v1_genomic_prodigal_proteins	2311	GCA_000586015.1_SynSpo.0_genomic_prodigal_proteins	1907	774	61.36	12.51	40.59
GCA_012270465.1_ASM1227046v1_genomic_prodigal_proteins	2311	GCA_002760345.1_ASM276034v1_genomic_prodigal_proteins	2731	747	52.22	11.39	32.32
GCA_012270465.1_ASM1227046v1_genomic_prodigal_proteins	2311	GCA_000013225.1_ASM1322v1_genomic_prodigal_proteins	2844	752	52.12	11.41	32.54
GCA_012270465.1_ASM1227046v1_genomic_prodigal_proteins	2311	GCA_000332275.1_ASM33227v1_genomic_prodigal_proteins	4564	839	51.26	11.48	36.30
GCA_012270465.1_ASM1227046v1_genomic_prodigal_proteins	2311	GCA_002252675.1_ASM225267v1_genomic_prodigal_proteins	3295	1298	66.04	13.03	56.17
GCA_012270465.1_ASM1227046v1_genomic_prodigal_proteins	2311	GCA_000737575.1_ASM73757v1_genomic_prodigal_proteins	2662	1358	65.26	13.60	58.76
GCA_012270465.1_ASM1227046v1_genomic_prodigal_proteins	2311	GCA_902596755.1_AG-916-D19_genomic_prodigal_proteins	1152	489	64.20	13.71	42.45
GCA_012270465.1_ASM1227046v1_genomic_prodigal_proteins	2311	GCA_003211455.1_ASM321145v1_genomic_prodigal_proteins	1186	502	65.36	14.29	42.33
GCA_012270465.1_ASM1227046v1_genomic_prodigal_proteins	2311	GCA_003208755.1_ASM320875v1_genomic_prodigal_proteins	690	303	63.53	13.87	43.91
GCA_012270465.1_ASM1227046v1_genomic_prodigal_proteins	2311	GCA_007571215.1_ASM757121v1_genomic_prodigal_proteins	1879	950	61.05	12.17	50.56
GCA_012270465.1_ASM1227046v1_genomic_prodigal_proteins	2311	GCA_001007635.1_ASM100763v1_genomic_prodigal_proteins	2333	870	61.54	11.98	37.65
GCA_012270465.1_ASM1227046v1_genomic_prodigal_proteins	2311	GCA_000179255.1_ASM17925v1_genomic_prodigal_proteins	2729	1379	66.38	13.37	59.67
GCA_012270465.1_ASM1227046v1_genomic_prodigal_proteins	2311	GCA_003208975.1_ASM320897v1_genomic_prodigal_proteins	1804	696	64.74	13.99	38.58
GCA_012270465.1_ASM1227046v1_genomic_prodigal_proteins	2311	GCA_012103655.1_ASM1210365v1_genomic_prodigal_proteins	2723	1348	64.37	13.65	58.33
GCA_012270465.1_ASM1227046v1_genomic_prodigal_proteins	2311	GCA_902582045.1_AG-912-B07_genomic_prodigal_proteins	196	60	66.16	14.41	30.61
GCA_012270465.1_ASM1227046v1_genomic_prodigal_proteins	2311	GCA_000153045.1_ASM15304v1_genomic_prodigal_proteins	3242	1337	65.92	13.23	57.85
GCA_012270465.1_ASM1227046v1_genomic_prodigal_proteins	2311	GCA_902549675.1_AG-903-B09_genomic_prodigal_proteins	836	357	65.44	14.10	42.70
GCA_012270465.1_ASM1227046v1_genomic_prodigal_proteins	2311	GCA_002018045.1_ASM201804v1_genomic_prodigal_proteins	1559	756	62.26	12.27	48.49
GCA_012270465.1_ASM1227046v1_genomic_prodigal_proteins	2311	GCA_004213055.1_ASM421305v1_genomic_prodigal_proteins	2241	1210	64.70	13.83	53.99
GCA_012270465.1_ASM1227046v1_genomic_prodigal_proteins	2311	GCA_007571085.1_ASM757108v1_genomic_prodigal_proteins	1784	938	60.98	12.15	52.58
GCA_012270465.1_ASM1227046v1_genomic_prodigal_proteins	2311	GCA_009839805.1_ASM983980v1_genomic_prodigal_proteins	1848	682	59.97	12.04	36.90
GCA_012270465.1_ASM1227046v1_genomic_prodigal_proteins	2311	GCA_003210375.1_ASM321037v1_genomic_prodigal_proteins	2155	967	63.94	13.90	44.87
GCA_012270465.1_ASM1227046v1_genomic_prodigal_proteins	2311	GCA_004332415.1_ASM433241v1_genomic_prodigal_proteins	2408	1348	65.49	13.58	58.33
GCA_012270465.1_ASM1227046v1_genomic_prodigal_proteins	2311	GCA_009836025.1_ASM983602v1_genomic_prodigal_proteins	2290	956	61.22	12.20	41.75
GCA_012270465.1_ASM1227046v1_genomic_prodigal_proteins	2311	GCA_009843455.1_ASM984345v1_genomic_prodigal_proteins	2423	949	61.06	12.13	41.06
GCA_012270465.1_ASM1227046v1_genomic_prodigal_proteins	2311	GCA_009843485.1_ASM984348v1_genomic_prodigal_proteins	2158	973	61.15	12.22	45.09
GCA_012270465.1_ASM1227046v1_genomic_prodigal_proteins	2311	GCA_003283135.1_ASM328313v1_genomic_prodigal_proteins	459	97	61.08	15.09	21.13
GCA_012270465.1_ASM1227046v1_genomic_prodigal_proteins	2311	GCA_902635485.1_AG-447-G23_genomic_prodigal_proteins	327	94	62.12	15.17	28.75
GCA_012270465.1_ASM1227046v1_genomic_prodigal_proteins	2311	GCA_002760415.1_ASM276041v1_genomic_prodigal_proteins	2670	741	52.06	11.38	32.06
GCA_012270465.1_ASM1227046v1_genomic_prodigal_proteins	2311	GCA_002754935.1_ASM275493v1_genomic_prodigal_proteins	2664	797	53.07	11.95	34.49
GCA_012270465.1_ASM1227046v1_genomic_prodigal_proteins	2311	GCA_002171685.2_ASM217168v2_genomic_prodigal_proteins	811	517	65.15	13.52	63.75
GCA_012270465.1_ASM1227046v1_genomic_prodigal_proteins	2311	GCA_000737595.1_ASM73759v1_genomic_prodigal_proteins	2774	1348	65.08	13.90	58.33
GCA_012270465.1_ASM1227046v1_genomic_prodigal_proteins	2311	GCA_003331785.1_ASM333178v1_genomic_prodigal_proteins	2125	1236	64.48	13.61	58.16
GCA_012270465.1_ASM1227046v1_genomic_prodigal_proteins	2311	GCA_009842265.1_ASM984226v1_genomic_prodigal_proteins	2398	948	61.10	12.11	41.02
GCA_012270465.1_ASM1227046v1_genomic_prodigal_proteins	2311	GCA_902579345.1_AG-911-L15_genomic_prodigal_proteins	248	76	63.42	14.90	30.65
GCA_012270465.1_ASM1227046v1_genomic_prodigal_proteins	2311	GCA_000011345.1_ASM1134v1_genomic_prodigal_proteins	2520	824	53.15	11.85	35.66
GCA_012270465.1_ASM1227046v1_genomic_prodigal_proteins	2311	GCA_003210705.1_ASM321070v1_genomic_prodigal_proteins	2244	987	63.89	13.81	43.98
GCA_012270465.1_ASM1227046v1_genomic_prodigal_proteins	2311	GCA_000019485.1_ASM1948v1_genomic_prodigal_proteins	3233	885	52.50	12.44	38.30
GCA_012270465.1_ASM1227046v1_genomic_prodigal_proteins	2311	GCA_003283055.1_ASM328305v1_genomic_prodigal_proteins	482	61	59.30	14.77	12.66
GCA_012270465.1_ASM1227046v1_genomic_prodigal_proteins	2311	GCA_000010065.1_ASM1006v1_genomic_prodigal_proteins	2691	967	55.52	12.45	41.84
GCA_012270465.1_ASM1227046v1_genomic_prodigal_proteins	2311	GCA_000316685.1_ASM31668v1_genomic_prodigal_proteins	3706	851	52.68	12.23	36.82
GCA_012270465.1_ASM1227046v1_genomic_prodigal_proteins	2311	GCA_000063525.1_ASM6352v1_genomic_prodigal_proteins	2540	1829	94.16	5.96	79.14
GCA_012270465.1_ASM1227046v1_genomic_prodigal_proteins	2311	GCA_003283165.1_ASM328316v1_genomic_prodigal_proteins	217	51	62.84	12.32	23.50
GCA_012270465.1_ASM1227046v1_genomic_prodigal_proteins	2311	GCA_902540675.1_AG-359-E22_genomic_prodigal_proteins	584	205	65.82	15.15	35.10
GCA_012270465.1_ASM1227046v1_genomic_prodigal_proteins	2311	GCA_011055065.1_ASM1105506v1_genomic_prodigal_proteins	2792	729	51.96	11.49	31.54
GCA_012270465.1_ASM1227046v1_genomic_prodigal_proteins	2311	GCA_000013205.1_ASM1320v1_genomic_prodigal_proteins	2750	747	52.22	11.40	32.32
GCA_012270465.1_ASM1227046v1_genomic_prodigal_proteins	2311	GCA_003539795.1_ASM353979v1_genomic_prodigal_proteins	2284	1089	64.18	13.45	47.68
GCA_012270465.1_ASM1227046v1_genomic_prodigal_proteins	2311	GCA_002171995.1_ASM217199v1_genomic_prodigal_proteins	1978	808	64.48	13.91	40.85
GCA_012270465.1_ASM1227046v1_genomic_prodigal_proteins	2311	GCA_011523835.1_ASM1152383v1_genomic_prodigal_proteins	2468	1212	64.68	13.76	52.44
GCA_012270465.1_ASM1227046v1_genomic_prodigal_proteins	2311	GCA_002172175.1_ASM217217v1_genomic_prodigal_proteins	1846	1252	87.71	9.06	67.82
GCA_012270465.1_ASM1227046v1_genomic_prodigal_proteins	2311	GCA_003208835.1_ASM320883v1_genomic_prodigal_proteins	2208	944	64.70	13.90	42.75
GCA_012270465.1_ASM1227046v1_genomic_prodigal_proteins	2311	GCA_902589915.1_AG-914-F20_genomic_prodigal_proteins	373	100	66.25	14.23	26.81
GCA_012270465.1_ASM1227046v1_genomic_prodigal_proteins	2311	GCA_000485815.1_ASM48581v1_genomic_prodigal_proteins	3083	848	52.60	12.37	36.69
GCA_012270465.1_ASM1227046v1_genomic_prodigal_proteins	2311	GCA_008807075.1_ASM880707v1_genomic_prodigal_proteins	2925	1255	64.23	13.04	54.31
GCA_012270465.1_ASM1227046v1_genomic_prodigal_proteins	2311	GCA_000179235.2_ASM17923v2_genomic_prodigal_proteins	3071	1382	66.97	13.03	59.80
GCA_012270465.1_ASM1227046v1_genomic_prodigal_proteins	2311	GCA_003210795.1_ASM321079v1_genomic_prodigal_proteins	2239	978	64.25	13.91	43.68
GCA_012270465.1_ASM1227046v1_genomic_prodigal_proteins	2311	GCA_002706715.1_ASM270671v1_genomic_prodigal_proteins	1148	679	65.11	13.75	59.15
GCA_012270465.1_ASM1227046v1_genomic_prodigal_proteins	2311	GCA_003331245.1_ASM333124v1_genomic_prodigal_proteins	2021	1162	64.81	13.50	57.50
GCA_012270465.1_ASM1227046v1_genomic_prodigal_proteins	2311	GCA_009843385.1_ASM984338v1_genomic_prodigal_proteins	2085	808	61.41	12.28	38.75
GCA_012270465.1_ASM1227046v1_genomic_prodigal_proteins	2311	GCA_003211205.1_ASM321120v1_genomic_prodigal_proteins	2288	1076	64.37	14.03	47.03
GCA_012270465.1_ASM1227046v1_genomic_prodigal_proteins	2311	GCA_000063505.1_ASM6350v1_genomic_prodigal_proteins	2558	1352	65.02	13.95	58.50
GCA_012270465.1_ASM1227046v1_genomic_prodigal_proteins	2311	GCA_900474245.1_UW179B_genomic_prodigal_proteins	2743	1338	64.52	13.63	57.90
GCA_012270465.1_ASM1227046v1_genomic_prodigal_proteins	2311	GCA_003210345.1_ASM321034v1_genomic_prodigal_proteins	1256	579	63.19	13.63	46.10
GCA_012270465.1_ASM1227046v1_genomic_prodigal_proteins	2311	GCA_003210315.1_ASM321031v1_genomic_prodigal_proteins	1815	800	63.19	13.74	44.08
GCA_012270465.1_ASM1227046v1_genomic_prodigal_proteins	2311	GCA_009836155.1_ASM983615v1_genomic_prodigal_proteins	1947	917	61.25	12.08	47.10
GCA_012270465.1_ASM1227046v1_genomic_prodigal_proteins	2311	GCA_003990665.2_ASM399066v2_genomic_prodigal_proteins	2499	828	53.13	11.82	35.83
GCA_012270465.1_ASM1227046v1_genomic_prodigal_proteins	2311	GCA_003209135.1_ASM320913v1_genomic_prodigal_proteins	1719	724	63.56	13.93	42.12
GCA_012270465.1_ASM1227046v1_genomic_prodigal_proteins	2311	GCA_009845105.1_ASM984510v1_genomic_prodigal_proteins	1941	786	60.77	12.22	40.49
GCA_012270465.1_ASM1227046v1_genomic_prodigal_proteins	2311	GCA_002690325.1_ASM269032v1_genomic_prodigal_proteins	2554	1221	64.16	13.75	52.83
GCA_012270465.1_ASM1227046v1_genomic_prodigal_proteins	2311	GCA_000161795.2_ASM16179v2_genomic_prodigal_proteins	2407	1310	65.21	13.85	56.69
GCA_012270465.1_ASM1227046v1_genomic_prodigal_proteins	2311	GCA_004211895.1_ASM421189v1_genomic_prodigal_proteins	954	579	65.23	13.54	60.69
GCA_012270465.1_ASM1227046v1_genomic_prodigal_proteins	2311	GCA_003210735.1_ASM321073v1_genomic_prodigal_proteins	2337	994	63.81	13.52	43.01
GCA_012270465.1_ASM1227046v1_genomic_prodigal_proteins	2311	GCA_003209035.1_ASM320903v1_genomic_prodigal_proteins	1803	733	64.53	13.93	40.65
GCA_012270465.1_ASM1227046v1_genomic_prodigal_proteins	2311	GCA_003712085.1_ASM371208v1_genomic_prodigal_proteins	2745	1344	65.32	13.78	58.16
GCA_012270465.1_ASM1227046v1_genomic_prodigal_proteins	2311	GCA_003212155.1_ASM321215v1_genomic_prodigal_proteins	262	101	84.97	16.06	38.55
GCA_012270465.1_ASM1227046v1_genomic_prodigal_proteins	2311	GCA_001040845.1_ASM104084v1_genomic_prodigal_proteins	2917	1363	64.33	13.71	58.98
GCA_012270465.1_ASM1227046v1_genomic_prodigal_proteins	2311	GCA_002018015.1_ASM201801v1_genomic_prodigal_proteins	1578	726	61.97	12.43	46.01
GCA_012270465.1_ASM1227046v1_genomic_prodigal_proteins	2311	GCA_003211255.1_ASM321125v1_genomic_prodigal_proteins	1850	766	63.80	13.82	41.41
GCA_012270465.1_ASM1227046v1_genomic_prodigal_proteins	2311	GCA_002721235.1_ASM272123v1_genomic_prodigal_proteins	3119	881	52.56	12.38	38.12
GCA_012270465.1_ASM1227046v1_genomic_prodigal_proteins	2311	GCA_009839305.1_ASM983930v1_genomic_prodigal_proteins	1816	742	61.38	12.60	40.86
GCA_012270465.1_ASM1227046v1_genomic_prodigal_proteins	2311	GCA_011365345.1_ASM1136534v1_genomic_prodigal_proteins	2655	1352	65.32	13.91	58.50
GCA_012270465.1_ASM1227046v1_genomic_prodigal_proteins	2311	GCA_001039265.1_ASM103926v1_genomic_prodigal_proteins	2832	888	67.05	13.55	38.42
GCA_012270465.1_ASM1227046v1_genomic_prodigal_proteins	2311	GCA_001628325.1_ASM162832v1_genomic_prodigal_proteins	2129	1222	65.48	13.83	57.40
GCA_012270465.1_ASM1227046v1_genomic_prodigal_proteins	2311	GCA_003209215.1_ASM320921v1_genomic_prodigal_proteins	1679	676	64.72	13.94	40.26
GCA_012270465.1_ASM1227046v1_genomic_prodigal_proteins	2311	GCA_002737305.1_ASM273730v1_genomic_prodigal_proteins	1951	986	66.71	13.15	50.54
GCA_012270465.1_ASM1227046v1_genomic_prodigal_proteins	2311	GCA_003210515.1_ASM321051v1_genomic_prodigal_proteins	1673	778	63.47	13.85	46.50
GCA_012270465.1_ASM1227046v1_genomic_prodigal_proteins	2311	GCA_011525445.1_ASM1152544v1_genomic_prodigal_proteins	3208	1177	64.04	14.22	50.93
GCA_012270465.1_ASM1227046v1_genomic_prodigal_proteins	2311	GCA_902599435.1_AG-916-N22_genomic_prodigal_proteins	793	343	66.28	14.89	43.25
GCA_012270465.1_ASM1227046v1_genomic_prodigal_proteins	2311	GCA_003149585.1_ASM314958v1_genomic_prodigal_proteins	2600	1390	66.34	13.32	60.15
GCA_012270465.1_ASM1227046v1_genomic_prodigal_proteins	2311	GCA_902560665.1_AG-905-O11_genomic_prodigal_proteins	401	128	64.76	15.19	31.92
GCA_012270465.1_ASM1227046v1_genomic_prodigal_proteins	2311	GCA_003331795.1_ASM333179v1_genomic_prodigal_proteins	1948	1536	94.46	5.42	78.85
GCA_012270465.1_ASM1227046v1_genomic_prodigal_proteins	2311	GCA_002017955.1_ASM201795v1_genomic_prodigal_proteins	512	211	61.34	12.36	41.21
GCA_012270465.1_ASM1227046v1_genomic_prodigal_proteins	2311	GCA_902584485.1_AG-912-O23_genomic_prodigal_proteins	535	172	63.14	14.97	32.15
GCA_012270465.1_ASM1227046v1_genomic_prodigal_proteins	2311	GCA_902527915.1_AG-896-G19_genomic_prodigal_proteins	1003	417	65.20	14.01	41.58
GCA_012270465.1_ASM1227046v1_genomic_prodigal_proteins	2311	GCA_902635365.1_AG-447-D19_genomic_prodigal_proteins	1690	639	64.72	14.11	37.81
GCA_012270465.1_ASM1227046v1_genomic_prodigal_proteins	2311	GCA_900474085.1_UW86_genomic_prodigal_proteins	2403	1311	65.18	13.90	56.73
GCA_012270465.1_ASM1227046v1_genomic_prodigal_proteins	2311	GCA_001885215.1_ASM188521v1_genomic_prodigal_proteins	2897	1296	65.61	12.98	56.08
GCA_012270465.1_ASM1227046v1_genomic_prodigal_proteins	2311	GCA_902575935.1_AG-426-B22_genomic_prodigal_proteins	254	125	67.82	15.36	49.21
GCA_012270465.1_ASM1227046v1_genomic_prodigal_proteins	2311	GCA_900474295.1_UW140_genomic_prodigal_proteins	2925	1376	64.98	13.66	59.54
GCA_012270465.1_ASM1227046v1_genomic_prodigal_proteins	2311	GCA_003211565.1_ASM321156v1_genomic_prodigal_proteins	1489	640	64.81	14.27	42.98
GCA_012270465.1_ASM1227046v1_genomic_prodigal_proteins	2311	GCA_003526105.1_ASM352610v1_genomic_prodigal_proteins	1581	753	66.13	14.17	47.63
GCA_012270465.1_ASM1227046v1_genomic_prodigal_proteins	2311	GCA_002172935.1_ASM217293v1_genomic_prodigal_proteins	1996	1089	64.19	13.48	54.56
GCA_012270465.1_ASM1227046v1_genomic_prodigal_proteins	2311	GCA_003210335.1_ASM321033v1_genomic_prodigal_proteins	942	268	62.18	13.95	28.45
GCA_012270465.1_ASM1227046v1_genomic_prodigal_proteins	2311	GCA_009846115.1_ASM984611v1_genomic_prodigal_proteins	2048	869	61.28	12.43	42.43
GCA_012270465.1_ASM1227046v1_genomic_prodigal_proteins	2311	GCA_001693295.1_ASM169329v1_genomic_prodigal_proteins	3183	877	52.66	12.37	37.95
GCA_012270465.1_ASM1227046v1_genomic_prodigal_proteins	2311	GCA_900473965.1_UW179A_genomic_prodigal_proteins	3383	1403	64.29	13.74	60.71
GCA_012270465.1_ASM1227046v1_genomic_prodigal_proteins	2311	GCA_003213755.1_ASM321375v1_genomic_prodigal_proteins	1050	624	91.60	10.36	59.43
GCA_012270465.1_ASM1227046v1_genomic_prodigal_proteins	2311	GCA_003209155.1_ASM320915v1_genomic_prodigal_proteins	2305	1053	64.27	13.62	45.68
GCA_012270465.1_ASM1227046v1_genomic_prodigal_proteins	2311	GCA_003211515.1_ASM321151v1_genomic_prodigal_proteins	2451	887	63.83	13.75	38.38
GCA_012270465.1_ASM1227046v1_genomic_prodigal_proteins	2311	GCA_002693285.1_ASM269328v1_genomic_prodigal_proteins	2440	1202	64.47	13.89	52.01
GCA_012270465.1_ASM1227046v1_genomic_prodigal_proteins	2311	GCA_003210555.1_ASM321055v1_genomic_prodigal_proteins	1847	780	63.70	13.59	42.23
GCA_012270465.1_ASM1227046v1_genomic_prodigal_proteins	2311	GCA_000155595.1_ASM15559v1_genomic_prodigal_proteins	5270	896	52.55	12.10	38.77
GCA_012270465.1_ASM1227046v1_genomic_prodigal_proteins	2311	GCA_001007665.1_ASM100766v1_genomic_prodigal_proteins	2356	964	61.17	12.03	41.71
GCA_012270465.1_ASM1227046v1_genomic_prodigal_proteins	2311	GCA_009919765.1_ASM991976v1_genomic_prodigal_proteins	2524	1372	93.63	7.67	59.37
GCA_012270465.1_ASM1227046v1_genomic_prodigal_proteins	2311	GCA_003331225.1_ASM333122v1_genomic_prodigal_proteins	2113	1497	77.15	11.89	70.85
GCA_012270465.1_ASM1227046v1_genomic_prodigal_proteins	2311	GCA_900177825.1_IMG-taxon_2708742468_annotated_assembly_genomic_prodigal_proteins	3317	877	52.54	12.46	37.95
GCA_012270465.1_ASM1227046v1_genomic_prodigal_proteins	2311	GCA_000195975.1_ASM19597v1_genomic_prodigal_proteins	2719	1329	65.51	13.69	57.51
GCA_012270465.1_ASM1227046v1_genomic_prodigal_proteins	2311	GCA_902618885.1_AG-920-D15_genomic_prodigal_proteins	1178	514	66.22	14.32	43.63
GCA_012270465.1_ASM1227046v1_genomic_prodigal_proteins	2311	GCA_003209165.1_ASM320916v1_genomic_prodigal_proteins	2711	1132	65.03	14.02	48.98
GCA_012270465.1_ASM1227046v1_genomic_prodigal_proteins	2311	GCA_001007625.1_ASM100762v1_genomic_prodigal_proteins	2478	873	61.56	12.30	37.78
GCA_012270465.1_ASM1227046v1_genomic_prodigal_proteins	2311	GCA_008386235.1_ASM838623v1_genomic_prodigal_proteins	2571	829	53.21	11.87	35.87
GCA_012270465.1_ASM1227046v1_genomic_prodigal_proteins	2311	GCA_001631935.1_ASM163193v1_genomic_prodigal_proteins	3526	1390	64.36	13.84	60.15
GCA_012270465.1_ASM1227046v1_genomic_prodigal_proteins	2311	GCA_002151525.1_ASM215152v1_genomic_prodigal_proteins	1628	1003	69.73	12.85	61.61
GCA_012270465.1_ASM1227046v1_genomic_prodigal_proteins	2311	GCA_000153065.1_ASM15306v1_genomic_prodigal_proteins	2704	1337	65.67	13.57	57.85
GCA_012270465.1_ASM1227046v1_genomic_prodigal_proteins	2311	GCA_009837265.1_ASM983726v1_genomic_prodigal_proteins	2126	910	61.09	12.18	42.80
GCA_012270465.1_ASM1227046v1_genomic_prodigal_proteins	2311	GCA_902533725.1_AG-898-C20_genomic_prodigal_proteins	421	100	63.12	13.46	23.75
GCA_012270465.1_ASM1227046v1_genomic_prodigal_proteins	2311	GCA_002171075.2_ASM217107v2_genomic_prodigal_proteins	1919	1273	74.65	11.75	66.34
GCA_012270465.1_ASM1227046v1_genomic_prodigal_proteins	2311	GCA_002760395.1_ASM276039v1_genomic_prodigal_proteins	2661	734	52.12	11.37	31.76
GCA_012270465.1_ASM1227046v1_genomic_prodigal_proteins	2311	GCA_003209005.1_ASM320900v1_genomic_prodigal_proteins	2548	1156	64.37	13.76	50.02
GCA_012270465.1_ASM1227046v1_genomic_prodigal_proteins	2311	GCA_002017915.1_ASM201791v1_genomic_prodigal_proteins	623	265	63.70	13.16	42.54
GCA_012270465.1_ASM1227046v1_genomic_prodigal_proteins	2311	GCA_900047545.1_m9_genomic_prodigal_proteins	1575	750	60.98	12.33	47.62
GCA_012270465.1_ASM1227046v1_genomic_prodigal_proteins	2311	GCA_001632105.1_ASM163210v1_genomic_prodigal_proteins	3521	1396	64.45	13.84	60.41
GCA_012270465.1_ASM1227046v1_genomic_prodigal_proteins	2311	GCA_004212765.1_ASM421276v1_genomic_prodigal_proteins	1162	671	64.81	13.75	57.75
GCA_012270465.1_ASM1227046v1_genomic_prodigal_proteins	2311	GCA_002685515.1_ASM268551v1_genomic_prodigal_proteins	1286	745	64.04	13.67	57.93
GCA_012270465.1_ASM1227046v1_genomic_prodigal_proteins	2311	GCA_007828135.1_ASM782813v1_genomic_prodigal_proteins	2917	1298	65.60	12.97	56.17
GCA_012270465.1_ASM1227046v1_genomic_prodigal_proteins	2311	GCA_011047875.1_ASM1104787v1_genomic_prodigal_proteins	2810	746	52.14	11.51	32.28
GCA_012270465.1_ASM1227046v1_genomic_prodigal_proteins	2311	GCA_009840445.1_ASM984044v1_genomic_prodigal_proteins	2167	986	61.19	12.20	45.50
GCA_012270465.1_ASM1227046v1_genomic_prodigal_proteins	2311	GCA_003210995.1_ASM321099v1_genomic_prodigal_proteins	2385	1003	64.61	14.04	43.40
GCA_012270465.1_ASM1227046v1_genomic_prodigal_proteins	2311	GCA_902616995.1_AG-919-L20_genomic_prodigal_proteins	654	253	64.08	14.02	38.69
GCA_012270465.1_ASM1227046v1_genomic_prodigal_proteins	2311	GCA_009845825.1_ASM984582v1_genomic_prodigal_proteins	2168	855	61.53	12.13	39.44
GCA_012270465.1_ASM1227046v1_genomic_prodigal_proteins	2311	GCA_000515235.1_ASM51523v1_genomic_prodigal_proteins	2873	1350	64.54	13.60	58.42
GCA_012270465.1_ASM1227046v1_genomic_prodigal_proteins	2311	GCA_003523965.1_ASM352396v1_genomic_prodigal_proteins	1735	647	61.62	12.38	37.29
GCA_012270465.1_ASM1227046v1_genomic_prodigal_proteins	2311	GCA_002684175.1_ASM268417v1_genomic_prodigal_proteins	1819	834	62.84	13.50	45.85
GCA_012270465.1_ASM1227046v1_genomic_prodigal_proteins	2311	GCA_011523295.1_ASM1152329v1_genomic_prodigal_proteins	2851	1108	64.27	13.72	47.94
GCA_012270465.1_ASM1227046v1_genomic_prodigal_proteins	2311	GCA_003211015.1_ASM321101v1_genomic_prodigal_proteins	2128	1006	64.67	13.28	47.27
GCA_012270465.1_ASM1227046v1_genomic_prodigal_proteins	2311	GCA_002006815.1_ASM200681v1_genomic_prodigal_proteins	1973	1272	70.34	12.80	64.47
GCA_003210385.1_ASM321038v1_genomic_prodigal_proteins	286	GCA_002170705.1_ASM217070v1_genomic_prodigal_proteins	1392	144	69.14	13.87	50.35
GCA_003210385.1_ASM321038v1_genomic_prodigal_proteins	286	GCA_002356215.1_ASM235621v1_genomic_prodigal_proteins	2953	131	52.01	13.22	45.80
GCA_003210385.1_ASM321038v1_genomic_prodigal_proteins	286	GCA_003210935.1_ASM321093v1_genomic_prodigal_proteins	1868	138	72.73	13.27	48.25
GCA_003210385.1_ASM321038v1_genomic_prodigal_proteins	286	GCA_003210535.1_ASM321053v1_genomic_prodigal_proteins	1257	88	68.92	13.61	30.77
GCA_003210385.1_ASM321038v1_genomic_prodigal_proteins	286	GCA_002724845.1_ASM272484v1_genomic_prodigal_proteins	1589	118	69.28	13.67	41.26
GCA_003210385.1_ASM321038v1_genomic_prodigal_proteins	286	GCA_000153285.1_ASM15328v1_genomic_prodigal_proteins	2746	219	73.79	12.99	76.57
GCA_003210385.1_ASM321038v1_genomic_prodigal_proteins	286	GCA_003211035.1_ASM321103v1_genomic_prodigal_proteins	530	52	68.90	12.87	18.18
GCA_003210385.1_ASM321038v1_genomic_prodigal_proteins	286	GCA_001521855.1_ASM152185v1_genomic_prodigal_proteins	3144	131	51.88	13.17	45.80
GCA_003210385.1_ASM321038v1_genomic_prodigal_proteins	286	GCA_009835965.1_ASM983596v1_genomic_prodigal_proteins	2105	138	60.03	11.91	48.25
GCA_003210385.1_ASM321038v1_genomic_prodigal_proteins	286	GCA_012269695.1_ASM1226969v1_genomic_prodigal_proteins	2043	138	64.52	14.01	48.25
GCA_003210385.1_ASM321038v1_genomic_prodigal_proteins	286	GCA_000737535.1_ASM73753v1_genomic_prodigal_proteins	3013	212	69.92	13.35	74.13
GCA_003210385.1_ASM321038v1_genomic_prodigal_proteins	286	GCA_000586015.1_SynSpo.0_genomic_prodigal_proteins	1907	118	60.13	12.95	41.26
GCA_003210385.1_ASM321038v1_genomic_prodigal_proteins	286	GCA_002760345.1_ASM276034v1_genomic_prodigal_proteins	2731	102	51.90	12.52	35.66
GCA_003210385.1_ASM321038v1_genomic_prodigal_proteins	286	GCA_000013225.1_ASM1322v1_genomic_prodigal_proteins	2844	107	51.76	12.47	37.41
GCA_003210385.1_ASM321038v1_genomic_prodigal_proteins	286	GCA_000332275.1_ASM33227v1_genomic_prodigal_proteins	4564	123	51.26	12.45	43.01
GCA_003210385.1_ASM321038v1_genomic_prodigal_proteins	286	GCA_002252675.1_ASM225267v1_genomic_prodigal_proteins	3295	184	66.53	13.59	64.34
GCA_003210385.1_ASM321038v1_genomic_prodigal_proteins	286	GCA_000737575.1_ASM73757v1_genomic_prodigal_proteins	2662	210	70.10	13.42	73.43
GCA_003210385.1_ASM321038v1_genomic_prodigal_proteins	286	GCA_902596755.1_AG-916-D19_genomic_prodigal_proteins	1152	61	67.00	16.86	21.33
GCA_003210385.1_ASM321038v1_genomic_prodigal_proteins	286	GCA_003211455.1_ASM321145v1_genomic_prodigal_proteins	1186	38	63.57	16.04	13.29
GCA_003210385.1_ASM321038v1_genomic_prodigal_proteins	286	GCA_003208755.1_ASM320875v1_genomic_prodigal_proteins	690	47	70.16	14.69	16.43
GCA_003210385.1_ASM321038v1_genomic_prodigal_proteins	286	GCA_007571215.1_ASM757121v1_genomic_prodigal_proteins	1879	137	59.04	11.99	47.90
GCA_003210385.1_ASM321038v1_genomic_prodigal_proteins	286	GCA_001007635.1_ASM100763v1_genomic_prodigal_proteins	2333	122	58.78	11.48	42.66
GCA_003210385.1_ASM321038v1_genomic_prodigal_proteins	286	GCA_000179255.1_ASM17925v1_genomic_prodigal_proteins	2729	189	66.35	13.76	66.08
GCA_003210385.1_ASM321038v1_genomic_prodigal_proteins	286	GCA_003208975.1_ASM320897v1_genomic_prodigal_proteins	1804	120	68.92	13.65	41.96
GCA_003210385.1_ASM321038v1_genomic_prodigal_proteins	286	GCA_012103655.1_ASM1210365v1_genomic_prodigal_proteins	2723	238	90.71	6.95	83.22
GCA_003210385.1_ASM321038v1_genomic_prodigal_proteins	286	GCA_902582045.1_AG-912-B07_genomic_prodigal_proteins	196	11	73.24	16.01	5.61
GCA_003210385.1_ASM321038v1_genomic_prodigal_proteins	286	GCA_000153045.1_ASM15304v1_genomic_prodigal_proteins	3242	186	66.18	13.42	65.03
GCA_003210385.1_ASM321038v1_genomic_prodigal_proteins	286	GCA_902549675.1_AG-903-B09_genomic_prodigal_proteins	836	55	70.10	16.69	19.23
GCA_003210385.1_ASM321038v1_genomic_prodigal_proteins	286	GCA_002018045.1_ASM201804v1_genomic_prodigal_proteins	1559	92	59.39	11.56	32.17
GCA_003210385.1_ASM321038v1_genomic_prodigal_proteins	286	GCA_004213055.1_ASM421305v1_genomic_prodigal_proteins	2241	199	72.68	12.70	69.58
GCA_003210385.1_ASM321038v1_genomic_prodigal_proteins	286	GCA_007571085.1_ASM757108v1_genomic_prodigal_proteins	1784	138	59.06	11.86	48.25
GCA_003210385.1_ASM321038v1_genomic_prodigal_proteins	286	GCA_009839805.1_ASM983980v1_genomic_prodigal_proteins	1848	101	57.06	12.23	35.31
GCA_003210385.1_ASM321038v1_genomic_prodigal_proteins	286	GCA_003210375.1_ASM321037v1_genomic_prodigal_proteins	2155	182	70.35	13.31	63.64
GCA_003210385.1_ASM321038v1_genomic_prodigal_proteins	286	GCA_004332415.1_ASM433241v1_genomic_prodigal_proteins	2408	214	73.76	12.21	74.83
GCA_003210385.1_ASM321038v1_genomic_prodigal_proteins	286	GCA_009836025.1_ASM983602v1_genomic_prodigal_proteins	2290	137	59.09	12.74	47.90
GCA_003210385.1_ASM321038v1_genomic_prodigal_proteins	286	GCA_009843455.1_ASM984345v1_genomic_prodigal_proteins	2423	139	59.14	12.24	48.60
GCA_003210385.1_ASM321038v1_genomic_prodigal_proteins	286	GCA_009843485.1_ASM984348v1_genomic_prodigal_proteins	2158	138	59.83	12.07	48.25
GCA_003210385.1_ASM321038v1_genomic_prodigal_proteins	286	GCA_003283135.1_ASM328313v1_genomic_prodigal_proteins	459	11	81.53	17.28	3.85
GCA_003210385.1_ASM321038v1_genomic_prodigal_proteins	286	GCA_902635485.1_AG-447-G23_genomic_prodigal_proteins	327	6	55.95	17.40	2.10
GCA_003210385.1_ASM321038v1_genomic_prodigal_proteins	286	GCA_002760415.1_ASM276041v1_genomic_prodigal_proteins	2670	102	52.30	12.65	35.66
GCA_003210385.1_ASM321038v1_genomic_prodigal_proteins	286	GCA_002754935.1_ASM275493v1_genomic_prodigal_proteins	2664	116	52.18	12.71	40.56
GCA_003210385.1_ASM321038v1_genomic_prodigal_proteins	286	GCA_002171685.2_ASM217168v2_genomic_prodigal_proteins	811	145	90.58	10.64	50.70
GCA_003210385.1_ASM321038v1_genomic_prodigal_proteins	286	GCA_000737595.1_ASM73759v1_genomic_prodigal_proteins	2774	209	70.25	13.65	73.08
GCA_003210385.1_ASM321038v1_genomic_prodigal_proteins	286	GCA_003331785.1_ASM333178v1_genomic_prodigal_proteins	2125	211	92.41	8.20	73.78
GCA_003210385.1_ASM321038v1_genomic_prodigal_proteins	286	GCA_009842265.1_ASM984226v1_genomic_prodigal_proteins	2398	144	59.44	12.14	50.35
GCA_003210385.1_ASM321038v1_genomic_prodigal_proteins	286	GCA_902579345.1_AG-911-L15_genomic_prodigal_proteins	248	18	68.71	17.60	7.26
GCA_003210385.1_ASM321038v1_genomic_prodigal_proteins	286	GCA_000011345.1_ASM1134v1_genomic_prodigal_proteins	2520	121	52.82	12.84	42.31
GCA_003210385.1_ASM321038v1_genomic_prodigal_proteins	286	GCA_003210705.1_ASM321070v1_genomic_prodigal_proteins	2244	200	73.41	13.06	69.93
GCA_003210385.1_ASM321038v1_genomic_prodigal_proteins	286	GCA_000019485.1_ASM1948v1_genomic_prodigal_proteins	3233	130	52.07	13.12	45.45
GCA_003210385.1_ASM321038v1_genomic_prodigal_proteins	286	GCA_003283055.1_ASM328305v1_genomic_prodigal_proteins	482	3	42.70	7.98	1.05
GCA_003210385.1_ASM321038v1_genomic_prodigal_proteins	286	GCA_000010065.1_ASM1006v1_genomic_prodigal_proteins	2691	143	55.67	13.03	50.00
GCA_003210385.1_ASM321038v1_genomic_prodigal_proteins	286	GCA_000316685.1_ASM31668v1_genomic_prodigal_proteins	3706	125	52.67	12.66	43.71
GCA_003210385.1_ASM321038v1_genomic_prodigal_proteins	286	GCA_000063525.1_ASM6352v1_genomic_prodigal_proteins	2540	189	65.65	13.92	66.08
GCA_003210385.1_ASM321038v1_genomic_prodigal_proteins	286	GCA_003283165.1_ASM328316v1_genomic_prodigal_proteins	217	13	71.60	15.49	5.99
GCA_003210385.1_ASM321038v1_genomic_prodigal_proteins	286	GCA_902540675.1_AG-359-E22_genomic_prodigal_proteins	584	20	66.97	17.29	6.99
GCA_003210385.1_ASM321038v1_genomic_prodigal_proteins	286	GCA_011055065.1_ASM1105506v1_genomic_prodigal_proteins	2792	102	51.53	12.66	35.66
GCA_003210385.1_ASM321038v1_genomic_prodigal_proteins	286	GCA_000013205.1_ASM1320v1_genomic_prodigal_proteins	2750	102	52.19	12.70	35.66
GCA_003210385.1_ASM321038v1_genomic_prodigal_proteins	286	GCA_003539795.1_ASM353979v1_genomic_prodigal_proteins	2284	152	68.00	14.02	53.15
GCA_003210385.1_ASM321038v1_genomic_prodigal_proteins	286	GCA_002171995.1_ASM217199v1_genomic_prodigal_proteins	1978	134	70.90	13.32	46.85
GCA_003210385.1_ASM321038v1_genomic_prodigal_proteins	286	GCA_011523835.1_ASM1152383v1_genomic_prodigal_proteins	2468	179	73.24	12.20	62.59
GCA_003210385.1_ASM321038v1_genomic_prodigal_proteins	286	GCA_002172175.1_ASM217217v1_genomic_prodigal_proteins	1846	115	63.53	13.08	40.21
GCA_003210385.1_ASM321038v1_genomic_prodigal_proteins	286	GCA_003208835.1_ASM320883v1_genomic_prodigal_proteins	2208	164	69.04	13.74	57.34
GCA_003210385.1_ASM321038v1_genomic_prodigal_proteins	286	GCA_902589915.1_AG-914-F20_genomic_prodigal_proteins	373	28	70.55	15.16	9.79
GCA_003210385.1_ASM321038v1_genomic_prodigal_proteins	286	GCA_000485815.1_ASM48581v1_genomic_prodigal_proteins	3083	128	52.26	13.37	44.76
GCA_003210385.1_ASM321038v1_genomic_prodigal_proteins	286	GCA_008807075.1_ASM880707v1_genomic_prodigal_proteins	2925	190	65.42	13.48	66.43
GCA_003210385.1_ASM321038v1_genomic_prodigal_proteins	286	GCA_000179235.2_ASM17923v2_genomic_prodigal_proteins	3071	198	66.48	13.70	69.23
GCA_003210385.1_ASM321038v1_genomic_prodigal_proteins	286	GCA_003210795.1_ASM321079v1_genomic_prodigal_proteins	2239	133	67.26	14.52	46.50
GCA_003210385.1_ASM321038v1_genomic_prodigal_proteins	286	GCA_002706715.1_ASM270671v1_genomic_prodigal_proteins	1148	121	68.58	14.79	42.31
GCA_003210385.1_ASM321038v1_genomic_prodigal_proteins	286	GCA_003331245.1_ASM333124v1_genomic_prodigal_proteins	2021	184	69.48	13.42	64.34
GCA_003210385.1_ASM321038v1_genomic_prodigal_proteins	286	GCA_009843385.1_ASM984338v1_genomic_prodigal_proteins	2085	118	59.89	12.19	41.26
GCA_003210385.1_ASM321038v1_genomic_prodigal_proteins	286	GCA_003211205.1_ASM321120v1_genomic_prodigal_proteins	2288	142	71.08	13.90	49.65
GCA_003210385.1_ASM321038v1_genomic_prodigal_proteins	286	GCA_000063505.1_ASM6350v1_genomic_prodigal_proteins	2558	217	73.99	12.87	75.87
GCA_003210385.1_ASM321038v1_genomic_prodigal_proteins	286	GCA_900474245.1_UW179B_genomic_prodigal_proteins	2743	240	90.51	7.86	83.92
GCA_003210385.1_ASM321038v1_genomic_prodigal_proteins	286	GCA_003210345.1_ASM321034v1_genomic_prodigal_proteins	1256	86	66.73	15.41	30.07
GCA_003210385.1_ASM321038v1_genomic_prodigal_proteins	286	GCA_003210315.1_ASM321031v1_genomic_prodigal_proteins	1815	194	90.59	9.95	67.83
GCA_003210385.1_ASM321038v1_genomic_prodigal_proteins	286	GCA_009836155.1_ASM983615v1_genomic_prodigal_proteins	1947	132	59.05	11.88	46.15
GCA_003210385.1_ASM321038v1_genomic_prodigal_proteins	286	GCA_003990665.2_ASM399066v2_genomic_prodigal_proteins	2499	121	52.82	12.84	42.31
GCA_003210385.1_ASM321038v1_genomic_prodigal_proteins	286	GCA_003209135.1_ASM320913v1_genomic_prodigal_proteins	1719	128	68.49	13.19	44.76
GCA_003210385.1_ASM321038v1_genomic_prodigal_proteins	286	GCA_009845105.1_ASM984510v1_genomic_prodigal_proteins	1941	118	58.77	12.76	41.26
GCA_003210385.1_ASM321038v1_genomic_prodigal_proteins	286	GCA_002690325.1_ASM269032v1_genomic_prodigal_proteins	2554	192	68.40	13.46	67.13
GCA_003210385.1_ASM321038v1_genomic_prodigal_proteins	286	GCA_000161795.2_ASM16179v2_genomic_prodigal_proteins	2407	193	70.90	13.29	67.48
GCA_003210385.1_ASM321038v1_genomic_prodigal_proteins	286	GCA_004211895.1_ASM421189v1_genomic_prodigal_proteins	954	116	68.75	14.84	40.56
GCA_003210385.1_ASM321038v1_genomic_prodigal_proteins	286	GCA_003210735.1_ASM321073v1_genomic_prodigal_proteins	2337	185	69.17	13.55	64.69
GCA_003210385.1_ASM321038v1_genomic_prodigal_proteins	286	GCA_003209035.1_ASM320903v1_genomic_prodigal_proteins	1803	114	66.90	13.65	39.86
GCA_003210385.1_ASM321038v1_genomic_prodigal_proteins	286	GCA_003712085.1_ASM371208v1_genomic_prodigal_proteins	2745	205	70.69	13.33	71.68
GCA_003210385.1_ASM321038v1_genomic_prodigal_proteins	286	GCA_003212155.1_ASM321215v1_genomic_prodigal_proteins	262	10	61.05	18.64	3.82
GCA_003210385.1_ASM321038v1_genomic_prodigal_proteins	286	GCA_001040845.1_ASM104084v1_genomic_prodigal_proteins	2917	238	90.04	9.88	83.22
GCA_003210385.1_ASM321038v1_genomic_prodigal_proteins	286	GCA_002018015.1_ASM201801v1_genomic_prodigal_proteins	1578	90	59.95	12.81	31.47
GCA_003210385.1_ASM321038v1_genomic_prodigal_proteins	286	GCA_003211255.1_ASM321125v1_genomic_prodigal_proteins	1850	125	66.74	13.98	43.71
GCA_003210385.1_ASM321038v1_genomic_prodigal_proteins	286	GCA_002721235.1_ASM272123v1_genomic_prodigal_proteins	3119	129	52.20	12.93	45.10
GCA_003210385.1_ASM321038v1_genomic_prodigal_proteins	286	GCA_009839305.1_ASM983930v1_genomic_prodigal_proteins	1816	98	59.66	12.94	34.27
GCA_003210385.1_ASM321038v1_genomic_prodigal_proteins	286	GCA_011365345.1_ASM1136534v1_genomic_prodigal_proteins	2655	213	69.74	14.07	74.48
GCA_003210385.1_ASM321038v1_genomic_prodigal_proteins	286	GCA_001039265.1_ASM103926v1_genomic_prodigal_proteins	2832	125	65.65	15.34	43.71
GCA_003210385.1_ASM321038v1_genomic_prodigal_proteins	286	GCA_001628325.1_ASM162832v1_genomic_prodigal_proteins	2129	175	69.79	14.19	61.19
GCA_003210385.1_ASM321038v1_genomic_prodigal_proteins	286	GCA_003209215.1_ASM320921v1_genomic_prodigal_proteins	1679	93	68.64	15.90	32.52
GCA_003210385.1_ASM321038v1_genomic_prodigal_proteins	286	GCA_002737305.1_ASM273730v1_genomic_prodigal_proteins	1951	139	66.59	13.24	48.60
GCA_003210385.1_ASM321038v1_genomic_prodigal_proteins	286	GCA_003210515.1_ASM321051v1_genomic_prodigal_proteins	1673	130	68.43	13.46	45.45
GCA_003210385.1_ASM321038v1_genomic_prodigal_proteins	286	GCA_011525445.1_ASM1152544v1_genomic_prodigal_proteins	3208	197	82.07	11.06	68.88
GCA_003210385.1_ASM321038v1_genomic_prodigal_proteins	286	GCA_902599435.1_AG-916-N22_genomic_prodigal_proteins	793	34	72.16	16.18	11.89
GCA_003210385.1_ASM321038v1_genomic_prodigal_proteins	286	GCA_003149585.1_ASM314958v1_genomic_prodigal_proteins	2600	197	66.60	14.05	68.88
GCA_003210385.1_ASM321038v1_genomic_prodigal_proteins	286	GCA_902560665.1_AG-905-O11_genomic_prodigal_proteins	401	23	66.13	15.64	8.04
GCA_003210385.1_ASM321038v1_genomic_prodigal_proteins	286	GCA_003331795.1_ASM333179v1_genomic_prodigal_proteins	1948	145	65.21	14.45	50.70
GCA_003210385.1_ASM321038v1_genomic_prodigal_proteins	286	GCA_002017955.1_ASM201795v1_genomic_prodigal_proteins	512	24	58.92	13.86	8.39
GCA_003210385.1_ASM321038v1_genomic_prodigal_proteins	286	GCA_902584485.1_AG-912-O23_genomic_prodigal_proteins	535	36	69.94	15.43	12.59
GCA_003210385.1_ASM321038v1_genomic_prodigal_proteins	286	GCA_902527915.1_AG-896-G19_genomic_prodigal_proteins	1003	57	68.29	16.75	19.93
GCA_003210385.1_ASM321038v1_genomic_prodigal_proteins	286	GCA_902635365.1_AG-447-D19_genomic_prodigal_proteins	1690	105	67.93	15.78	36.71
GCA_003210385.1_ASM321038v1_genomic_prodigal_proteins	286	GCA_900474085.1_UW86_genomic_prodigal_proteins	2403	205	69.75	14.13	71.68
GCA_003210385.1_ASM321038v1_genomic_prodigal_proteins	286	GCA_001885215.1_ASM188521v1_genomic_prodigal_proteins	2897	192	65.83	12.84	67.13
GCA_003210385.1_ASM321038v1_genomic_prodigal_proteins	286	GCA_902575935.1_AG-426-B22_genomic_prodigal_proteins	254	21	62.14	19.62	8.27
GCA_003210385.1_ASM321038v1_genomic_prodigal_proteins	286	GCA_900474295.1_UW140_genomic_prodigal_proteins	2925	220	72.70	13.17	76.92
GCA_003210385.1_ASM321038v1_genomic_prodigal_proteins	286	GCA_003211565.1_ASM321156v1_genomic_prodigal_proteins	1489	83	67.25	15.93	29.02
GCA_003210385.1_ASM321038v1_genomic_prodigal_proteins	286	GCA_003526105.1_ASM352610v1_genomic_prodigal_proteins	1581	103	69.47	13.67	36.01
GCA_003210385.1_ASM321038v1_genomic_prodigal_proteins	286	GCA_002172935.1_ASM217293v1_genomic_prodigal_proteins	1996	180	72.32	13.51	62.94
GCA_003210385.1_ASM321038v1_genomic_prodigal_proteins	286	GCA_003210335.1_ASM321033v1_genomic_prodigal_proteins	942	37	67.75	18.04	12.94
GCA_003210385.1_ASM321038v1_genomic_prodigal_proteins	286	GCA_009846115.1_ASM984611v1_genomic_prodigal_proteins	2048	128	59.98	12.33	44.76
GCA_003210385.1_ASM321038v1_genomic_prodigal_proteins	286	GCA_001693295.1_ASM169329v1_genomic_prodigal_proteins	3183	130	51.91	13.07	45.45
GCA_003210385.1_ASM321038v1_genomic_prodigal_proteins	286	GCA_900473965.1_UW179A_genomic_prodigal_proteins	3383	221	72.75	13.21	77.27
GCA_003210385.1_ASM321038v1_genomic_prodigal_proteins	286	GCA_003213755.1_ASM321375v1_genomic_prodigal_proteins	1050	61	62.66	16.83	21.33
GCA_003210385.1_ASM321038v1_genomic_prodigal_proteins	286	GCA_003209155.1_ASM320915v1_genomic_prodigal_proteins	2305	199	73.57	12.66	69.58
GCA_003210385.1_ASM321038v1_genomic_prodigal_proteins	286	GCA_003211515.1_ASM321151v1_genomic_prodigal_proteins	2451	111	68.84	15.20	38.81
GCA_003210385.1_ASM321038v1_genomic_prodigal_proteins	286	GCA_002693285.1_ASM269328v1_genomic_prodigal_proteins	2440	204	73.28	12.30	71.33
GCA_003210385.1_ASM321038v1_genomic_prodigal_proteins	286	GCA_003210555.1_ASM321055v1_genomic_prodigal_proteins	1847	166	90.27	11.20	58.04
GCA_003210385.1_ASM321038v1_genomic_prodigal_proteins	286	GCA_000155595.1_ASM15559v1_genomic_prodigal_proteins	5270	133	51.94	12.64	46.50
GCA_003210385.1_ASM321038v1_genomic_prodigal_proteins	286	GCA_001007665.1_ASM100766v1_genomic_prodigal_proteins	2356	144	58.93	11.60	50.35
GCA_003210385.1_ASM321038v1_genomic_prodigal_proteins	286	GCA_009919765.1_ASM991976v1_genomic_prodigal_proteins	2524	120	66.03	13.33	41.96
GCA_003210385.1_ASM321038v1_genomic_prodigal_proteins	286	GCA_003331225.1_ASM333122v1_genomic_prodigal_proteins	2113	162	65.60	13.53	56.64
GCA_003210385.1_ASM321038v1_genomic_prodigal_proteins	286	GCA_900177825.1_IMG-taxon_2708742468_annotated_assembly_genomic_prodigal_proteins	3317	129	52.31	13.20	45.10
GCA_003210385.1_ASM321038v1_genomic_prodigal_proteins	286	GCA_000195975.1_ASM19597v1_genomic_prodigal_proteins	2719	206	70.87	13.50	72.03
GCA_003210385.1_ASM321038v1_genomic_prodigal_proteins	286	GCA_902618885.1_AG-920-D15_genomic_prodigal_proteins	1178	132	70.16	13.94	46.15
GCA_003210385.1_ASM321038v1_genomic_prodigal_proteins	286	GCA_003209165.1_ASM320916v1_genomic_prodigal_proteins	2711	178	69.78	14.27	62.24
GCA_003210385.1_ASM321038v1_genomic_prodigal_proteins	286	GCA_001007625.1_ASM100762v1_genomic_prodigal_proteins	2478	126	59.23	12.35	44.06
GCA_003210385.1_ASM321038v1_genomic_prodigal_proteins	286	GCA_008386235.1_ASM838623v1_genomic_prodigal_proteins	2571	119	52.78	12.83	41.61
GCA_003210385.1_ASM321038v1_genomic_prodigal_proteins	286	GCA_001631935.1_ASM163193v1_genomic_prodigal_proteins	3526	212	73.57	12.77	74.13
GCA_003210385.1_ASM321038v1_genomic_prodigal_proteins	286	GCA_002151525.1_ASM215152v1_genomic_prodigal_proteins	1628	134	63.33	13.80	46.85
GCA_003210385.1_ASM321038v1_genomic_prodigal_proteins	286	GCA_000153065.1_ASM15306v1_genomic_prodigal_proteins	2704	210	73.37	12.93	73.43
GCA_003210385.1_ASM321038v1_genomic_prodigal_proteins	286	GCA_009837265.1_ASM983726v1_genomic_prodigal_proteins	2126	123	59.35	12.50	43.01
GCA_003210385.1_ASM321038v1_genomic_prodigal_proteins	286	GCA_902533725.1_AG-898-C20_genomic_prodigal_proteins	421	7	64.39	13.34	2.45
GCA_003210385.1_ASM321038v1_genomic_prodigal_proteins	286	GCA_002171075.2_ASM217107v2_genomic_prodigal_proteins	1919	155	63.04	13.00	54.20
GCA_003210385.1_ASM321038v1_genomic_prodigal_proteins	286	GCA_002760395.1_ASM276039v1_genomic_prodigal_proteins	2661	102	52.15	12.51	35.66
GCA_003210385.1_ASM321038v1_genomic_prodigal_proteins	286	GCA_003209005.1_ASM320900v1_genomic_prodigal_proteins	2548	165	72.11	13.04	57.69
GCA_003210385.1_ASM321038v1_genomic_prodigal_proteins	286	GCA_002017915.1_ASM201791v1_genomic_prodigal_proteins	623	40	62.14	12.88	13.99
GCA_003210385.1_ASM321038v1_genomic_prodigal_proteins	286	GCA_900047545.1_m9_genomic_prodigal_proteins	1575	117	59.00	12.60	40.91
GCA_003210385.1_ASM321038v1_genomic_prodigal_proteins	286	GCA_001632105.1_ASM163210v1_genomic_prodigal_proteins	3521	218	73.31	12.75	76.22
GCA_003210385.1_ASM321038v1_genomic_prodigal_proteins	286	GCA_004212765.1_ASM421276v1_genomic_prodigal_proteins	1162	94	66.67	15.41	32.87
GCA_003210385.1_ASM321038v1_genomic_prodigal_proteins	286	GCA_002685515.1_ASM268551v1_genomic_prodigal_proteins	1286	109	70.78	14.06	38.11
GCA_003210385.1_ASM321038v1_genomic_prodigal_proteins	286	GCA_007828135.1_ASM782813v1_genomic_prodigal_proteins	2917	192	65.83	12.84	67.13
GCA_003210385.1_ASM321038v1_genomic_prodigal_proteins	286	GCA_011047875.1_ASM1104787v1_genomic_prodigal_proteins	2810	106	51.60	12.66	37.06
GCA_003210385.1_ASM321038v1_genomic_prodigal_proteins	286	GCA_009840445.1_ASM984044v1_genomic_prodigal_proteins	2167	145	60.04	11.99	50.70
GCA_003210385.1_ASM321038v1_genomic_prodigal_proteins	286	GCA_003210995.1_ASM321099v1_genomic_prodigal_proteins	2385	172	71.99	12.98	60.14
GCA_003210385.1_ASM321038v1_genomic_prodigal_proteins	286	GCA_902616995.1_AG-919-L20_genomic_prodigal_proteins	654	90	68.18	14.06	31.47
GCA_003210385.1_ASM321038v1_genomic_prodigal_proteins	286	GCA_009845825.1_ASM984582v1_genomic_prodigal_proteins	2168	128	59.49	12.39	44.76
GCA_003210385.1_ASM321038v1_genomic_prodigal_proteins	286	GCA_000515235.1_ASM51523v1_genomic_prodigal_proteins	2873	209	69.54	13.08	73.08
GCA_003210385.1_ASM321038v1_genomic_prodigal_proteins	286	GCA_003523965.1_ASM352396v1_genomic_prodigal_proteins	1735	91	59.95	11.80	31.82
GCA_003210385.1_ASM321038v1_genomic_prodigal_proteins	286	GCA_002684175.1_ASM268417v1_genomic_prodigal_proteins	1819	155	67.39	13.11	54.20
GCA_003210385.1_ASM321038v1_genomic_prodigal_proteins	286	GCA_011523295.1_ASM1152329v1_genomic_prodigal_proteins	2851	135	67.18	13.96	47.20
GCA_003210385.1_ASM321038v1_genomic_prodigal_proteins	286	GCA_003211015.1_ASM321101v1_genomic_prodigal_proteins	2128	180	73.79	12.13	62.94
GCA_003210385.1_ASM321038v1_genomic_prodigal_proteins	286	GCA_002006815.1_ASM200681v1_genomic_prodigal_proteins	1973	168	64.34	13.70	58.74
GCA_004209775.1_ASM420977v1_genomic_prodigal_proteins	2798	GCA_003283215.1_ASM328321v1_genomic_prodigal_proteins	239	59	72.70	16.73	24.69
GCA_004209775.1_ASM420977v1_genomic_prodigal_proteins	2798	GCA_003209555.1_ASM320955v1_genomic_prodigal_proteins	908	429	65.93	15.40	47.25
GCA_004209775.1_ASM420977v1_genomic_prodigal_proteins	2798	GCA_000153805.1_ASM15380v1_genomic_prodigal_proteins	2517	1745	70.88	13.44	69.33
GCA_004209775.1_ASM420977v1_genomic_prodigal_proteins	2798	GCA_003283205.1_ASM328320v1_genomic_prodigal_proteins	274	87	71.32	15.81	31.75
GCA_004209775.1_ASM420977v1_genomic_prodigal_proteins	2798	GCA_900473925.1_N5_genomic_prodigal_proteins	2417	1712	72.34	13.50	70.83
GCA_004209775.1_ASM420977v1_genomic_prodigal_proteins	2798	GCA_902592665.1_AG-447-E14_genomic_prodigal_proteins	1111	499	69.34	14.48	44.91
GCA_004209775.1_ASM420977v1_genomic_prodigal_proteins	2798	GCA_011523155.1_ASM1152315v1_genomic_prodigal_proteins	2101	1286	74.15	12.40	61.21
GCA_004209775.1_ASM420977v1_genomic_prodigal_proteins	2798	GCA_003211275.1_ASM321127v1_genomic_prodigal_proteins	2168	1280	73.04	13.41	59.04
GCA_004209775.1_ASM420977v1_genomic_prodigal_proteins	2798	GCA_003957805.1_ASM395780v1_genomic_prodigal_proteins	2887	1293	55.92	13.38	46.21
GCA_004209775.1_ASM420977v1_genomic_prodigal_proteins	2798	GCA_012270465.1_ASM1227046v1_genomic_prodigal_proteins	2311	1378	65.75	13.74	59.63
GCA_004209775.1_ASM420977v1_genomic_prodigal_proteins	2798	GCA_001693255.1_ASM169325v1_genomic_prodigal_proteins	3177	1149	53.74	13.03	41.07
GCA_004209775.1_ASM420977v1_genomic_prodigal_proteins	2798	GCA_003210385.1_ASM321038v1_genomic_prodigal_proteins	286	214	73.35	13.17	74.83
GCA_004209775.1_ASM420977v1_genomic_prodigal_proteins	2798	GCA_002170705.1_ASM217070v1_genomic_prodigal_proteins	1392	979	72.08	13.19	70.33
GCA_004209775.1_ASM420977v1_genomic_prodigal_proteins	2798	GCA_002356215.1_ASM235621v1_genomic_prodigal_proteins	2953	1133	53.79	12.99	40.49
GCA_004209775.1_ASM420977v1_genomic_prodigal_proteins	2798	GCA_003210935.1_ASM321093v1_genomic_prodigal_proteins	1868	1206	74.27	13.22	64.56
GCA_004209775.1_ASM420977v1_genomic_prodigal_proteins	2798	GCA_003210535.1_ASM321053v1_genomic_prodigal_proteins	1257	667	68.95	13.89	53.06
GCA_004209775.1_ASM420977v1_genomic_prodigal_proteins	2798	GCA_002724845.1_ASM272484v1_genomic_prodigal_proteins	1589	1249	71.72	12.98	78.60
GCA_004209775.1_ASM420977v1_genomic_prodigal_proteins	2798	GCA_000153285.1_ASM15328v1_genomic_prodigal_proteins	2746	1961	74.85	13.37	71.41
GCA_004209775.1_ASM420977v1_genomic_prodigal_proteins	2798	GCA_003211035.1_ASM321103v1_genomic_prodigal_proteins	530	324	69.40	13.69	61.13
GCA_004209775.1_ASM420977v1_genomic_prodigal_proteins	2798	GCA_001521855.1_ASM152185v1_genomic_prodigal_proteins	3144	1140	53.93	12.99	40.74
GCA_004209775.1_ASM420977v1_genomic_prodigal_proteins	2798	GCA_009835965.1_ASM983596v1_genomic_prodigal_proteins	2105	1201	62.15	12.91	57.05
GCA_004209775.1_ASM420977v1_genomic_prodigal_proteins	2798	GCA_012269695.1_ASM1226969v1_genomic_prodigal_proteins	2043	1188	65.65	13.76	58.15
GCA_004209775.1_ASM420977v1_genomic_prodigal_proteins	2798	GCA_000737535.1_ASM73753v1_genomic_prodigal_proteins	3013	1827	71.37	13.69	65.30
GCA_004209775.1_ASM420977v1_genomic_prodigal_proteins	2798	GCA_000586015.1_SynSpo.0_genomic_prodigal_proteins	1907	960	62.73	13.48	50.34
GCA_004209775.1_ASM420977v1_genomic_prodigal_proteins	2798	GCA_002760345.1_ASM276034v1_genomic_prodigal_proteins	2731	976	53.52	12.12	35.74
GCA_004209775.1_ASM420977v1_genomic_prodigal_proteins	2798	GCA_000013225.1_ASM1322v1_genomic_prodigal_proteins	2844	973	53.52	12.10	34.77
GCA_004209775.1_ASM420977v1_genomic_prodigal_proteins	2798	GCA_000332275.1_ASM33227v1_genomic_prodigal_proteins	4564	1096	52.37	12.41	39.17
GCA_004209775.1_ASM420977v1_genomic_prodigal_proteins	2798	GCA_002252675.1_ASM225267v1_genomic_prodigal_proteins	3295	1768	67.99	13.87	63.19
GCA_004209775.1_ASM420977v1_genomic_prodigal_proteins	2798	GCA_000737575.1_ASM73757v1_genomic_prodigal_proteins	2662	1840	72.26	13.62	69.12
GCA_004209775.1_ASM420977v1_genomic_prodigal_proteins	2798	GCA_902596755.1_AG-916-D19_genomic_prodigal_proteins	1152	651	72.03	13.72	56.51
GCA_004209775.1_ASM420977v1_genomic_prodigal_proteins	2798	GCA_003211455.1_ASM321145v1_genomic_prodigal_proteins	1186	638	70.58	14.30	53.79
GCA_004209775.1_ASM420977v1_genomic_prodigal_proteins	2798	GCA_003208755.1_ASM320875v1_genomic_prodigal_proteins	690	414	70.50	13.82	60.00
GCA_004209775.1_ASM420977v1_genomic_prodigal_proteins	2798	GCA_007571215.1_ASM757121v1_genomic_prodigal_proteins	1879	1175	61.58	13.09	62.53
GCA_004209775.1_ASM420977v1_genomic_prodigal_proteins	2798	GCA_001007635.1_ASM100763v1_genomic_prodigal_proteins	2333	1113	61.92	12.86	47.71
GCA_004209775.1_ASM420977v1_genomic_prodigal_proteins	2798	GCA_000179255.1_ASM17925v1_genomic_prodigal_proteins	2729	1779	68.20	14.05	65.19
GCA_004209775.1_ASM420977v1_genomic_prodigal_proteins	2798	GCA_003208975.1_ASM320897v1_genomic_prodigal_proteins	1804	927	71.09	13.47	51.39
GCA_004209775.1_ASM420977v1_genomic_prodigal_proteins	2798	GCA_012103655.1_ASM1210365v1_genomic_prodigal_proteins	2723	1870	74.11	13.02	68.67
GCA_004209775.1_ASM420977v1_genomic_prodigal_proteins	2798	GCA_902582045.1_AG-912-B07_genomic_prodigal_proteins	196	75	69.14	15.96	38.27
GCA_004209775.1_ASM420977v1_genomic_prodigal_proteins	2798	GCA_000153045.1_ASM15304v1_genomic_prodigal_proteins	3242	1777	68.02	13.53	63.51
GCA_004209775.1_ASM420977v1_genomic_prodigal_proteins	2798	GCA_902549675.1_AG-903-B09_genomic_prodigal_proteins	836	450	72.30	13.98	53.83
GCA_004209775.1_ASM420977v1_genomic_prodigal_proteins	2798	GCA_002018045.1_ASM201804v1_genomic_prodigal_proteins	1559	958	62.56	13.00	61.45
GCA_004209775.1_ASM420977v1_genomic_prodigal_proteins	2798	GCA_004213055.1_ASM421305v1_genomic_prodigal_proteins	2241	1664	76.03	12.68	74.25
GCA_004209775.1_ASM420977v1_genomic_prodigal_proteins	2798	GCA_007571085.1_ASM757108v1_genomic_prodigal_proteins	1784	1152	61.63	13.14	64.57
GCA_004209775.1_ASM420977v1_genomic_prodigal_proteins	2798	GCA_009839805.1_ASM983980v1_genomic_prodigal_proteins	1848	806	59.93	12.40	43.61
GCA_004209775.1_ASM420977v1_genomic_prodigal_proteins	2798	GCA_003210375.1_ASM321037v1_genomic_prodigal_proteins	2155	1278	70.31	13.61	59.30
GCA_004209775.1_ASM420977v1_genomic_prodigal_proteins	2798	GCA_004332415.1_ASM433241v1_genomic_prodigal_proteins	2408	2048	82.06	11.58	85.05
GCA_004209775.1_ASM420977v1_genomic_prodigal_proteins	2798	GCA_009836025.1_ASM983602v1_genomic_prodigal_proteins	2290	1198	62.06	12.90	52.31
GCA_004209775.1_ASM420977v1_genomic_prodigal_proteins	2798	GCA_009843455.1_ASM984345v1_genomic_prodigal_proteins	2423	1175	61.87	12.76	48.49
GCA_004209775.1_ASM420977v1_genomic_prodigal_proteins	2798	GCA_009843485.1_ASM984348v1_genomic_prodigal_proteins	2158	1204	62.07	13.01	55.79
GCA_004209775.1_ASM420977v1_genomic_prodigal_proteins	2798	GCA_003283135.1_ASM328313v1_genomic_prodigal_proteins	459	146	69.67	15.60	31.81
GCA_004209775.1_ASM420977v1_genomic_prodigal_proteins	2798	GCA_902635485.1_AG-447-G23_genomic_prodigal_proteins	327	129	66.93	16.79	39.45
GCA_004209775.1_ASM420977v1_genomic_prodigal_proteins	2798	GCA_002760415.1_ASM276041v1_genomic_prodigal_proteins	2670	962	53.48	12.13	36.03
GCA_004209775.1_ASM420977v1_genomic_prodigal_proteins	2798	GCA_002754935.1_ASM275493v1_genomic_prodigal_proteins	2664	1034	54.30	12.74	38.81
GCA_004209775.1_ASM420977v1_genomic_prodigal_proteins	2798	GCA_002171685.2_ASM217168v2_genomic_prodigal_proteins	811	663	74.76	12.55	81.75
GCA_004209775.1_ASM420977v1_genomic_prodigal_proteins	2798	GCA_000737595.1_ASM73759v1_genomic_prodigal_proteins	2774	1832	71.58	13.79	66.04
GCA_004209775.1_ASM420977v1_genomic_prodigal_proteins	2798	GCA_003331785.1_ASM333178v1_genomic_prodigal_proteins	2125	1644	74.39	12.54	77.36
GCA_004209775.1_ASM420977v1_genomic_prodigal_proteins	2798	GCA_009842265.1_ASM984226v1_genomic_prodigal_proteins	2398	1200	61.93	12.83	50.04
GCA_004209775.1_ASM420977v1_genomic_prodigal_proteins	2798	GCA_902579345.1_AG-911-L15_genomic_prodigal_proteins	248	104	66.89	17.29	41.94
GCA_004209775.1_ASM420977v1_genomic_prodigal_proteins	2798	GCA_000011345.1_ASM1134v1_genomic_prodigal_proteins	2520	1094	54.19	12.77	43.41
GCA_004209775.1_ASM420977v1_genomic_prodigal_proteins	2798	GCA_003210705.1_ASM321070v1_genomic_prodigal_proteins	2244	1393	73.49	13.25	62.08
GCA_004209775.1_ASM420977v1_genomic_prodigal_proteins	2798	GCA_000019485.1_ASM1948v1_genomic_prodigal_proteins	3233	1142	53.82	13.04	40.81
GCA_004209775.1_ASM420977v1_genomic_prodigal_proteins	2798	GCA_003283055.1_ASM328305v1_genomic_prodigal_proteins	482	95	64.99	16.14	19.71
GCA_004209775.1_ASM420977v1_genomic_prodigal_proteins	2798	GCA_000010065.1_ASM1006v1_genomic_prodigal_proteins	2691	1276	55.90	13.40	47.42
GCA_004209775.1_ASM420977v1_genomic_prodigal_proteins	2798	GCA_000316685.1_ASM31668v1_genomic_prodigal_proteins	3706	1130	53.66	12.78	40.39
GCA_004209775.1_ASM420977v1_genomic_prodigal_proteins	2798	GCA_000063525.1_ASM6352v1_genomic_prodigal_proteins	2540	1719	66.60	14.26	67.68
GCA_004209775.1_ASM420977v1_genomic_prodigal_proteins	2798	GCA_003283165.1_ASM328316v1_genomic_prodigal_proteins	217	83	70.72	14.11	38.25
GCA_004209775.1_ASM420977v1_genomic_prodigal_proteins	2798	GCA_902540675.1_AG-359-E22_genomic_prodigal_proteins	584	288	72.84	14.41	49.32
GCA_004209775.1_ASM420977v1_genomic_prodigal_proteins	2798	GCA_011055065.1_ASM1105506v1_genomic_prodigal_proteins	2792	931	53.39	12.20	33.35
GCA_004209775.1_ASM420977v1_genomic_prodigal_proteins	2798	GCA_000013205.1_ASM1320v1_genomic_prodigal_proteins	2750	980	53.49	12.15	35.64
GCA_004209775.1_ASM420977v1_genomic_prodigal_proteins	2798	GCA_003539795.1_ASM353979v1_genomic_prodigal_proteins	2284	1403	70.90	13.10	61.43
GCA_004209775.1_ASM420977v1_genomic_prodigal_proteins	2798	GCA_002171995.1_ASM217199v1_genomic_prodigal_proteins	1978	1069	75.05	13.14	54.04
GCA_004209775.1_ASM420977v1_genomic_prodigal_proteins	2798	GCA_011523835.1_ASM1152383v1_genomic_prodigal_proteins	2468	1646	74.38	13.39	66.69
GCA_004209775.1_ASM420977v1_genomic_prodigal_proteins	2798	GCA_002172175.1_ASM217217v1_genomic_prodigal_proteins	1846	1082	64.96	13.85	58.61
GCA_004209775.1_ASM420977v1_genomic_prodigal_proteins	2798	GCA_003208835.1_ASM320883v1_genomic_prodigal_proteins	2208	1264	71.14	13.56	57.25
GCA_004209775.1_ASM420977v1_genomic_prodigal_proteins	2798	GCA_902589915.1_AG-914-F20_genomic_prodigal_proteins	373	138	73.16	14.97	37.00
GCA_004209775.1_ASM420977v1_genomic_prodigal_proteins	2798	GCA_000485815.1_ASM48581v1_genomic_prodigal_proteins	3083	1112	53.74	12.97	39.74
GCA_004209775.1_ASM420977v1_genomic_prodigal_proteins	2798	GCA_008807075.1_ASM880707v1_genomic_prodigal_proteins	2925	1762	67.55	13.80	62.97
GCA_004209775.1_ASM420977v1_genomic_prodigal_proteins	2798	GCA_000179235.2_ASM17923v2_genomic_prodigal_proteins	3071	1961	69.35	14.23	70.09
GCA_004209775.1_ASM420977v1_genomic_prodigal_proteins	2798	GCA_003210795.1_ASM321079v1_genomic_prodigal_proteins	2239	1290	71.20	13.43	57.62
GCA_004209775.1_ASM420977v1_genomic_prodigal_proteins	2798	GCA_002706715.1_ASM270671v1_genomic_prodigal_proteins	1148	876	71.65	13.46	76.31
GCA_004209775.1_ASM420977v1_genomic_prodigal_proteins	2798	GCA_003331245.1_ASM333124v1_genomic_prodigal_proteins	2021	1522	71.97	13.13	75.31
GCA_004209775.1_ASM420977v1_genomic_prodigal_proteins	2798	GCA_009843385.1_ASM984338v1_genomic_prodigal_proteins	2085	1002	62.16	12.96	48.06
GCA_004209775.1_ASM420977v1_genomic_prodigal_proteins	2798	GCA_003211205.1_ASM321120v1_genomic_prodigal_proteins	2288	1426	73.90	13.06	62.33
GCA_004209775.1_ASM420977v1_genomic_prodigal_proteins	2798	GCA_000063505.1_ASM6350v1_genomic_prodigal_proteins	2558	1975	74.85	13.55	77.21
GCA_004209775.1_ASM420977v1_genomic_prodigal_proteins	2798	GCA_900474245.1_UW179B_genomic_prodigal_proteins	2743	1879	74.00	13.12	68.50
GCA_004209775.1_ASM420977v1_genomic_prodigal_proteins	2798	GCA_003210345.1_ASM321034v1_genomic_prodigal_proteins	1256	726	69.72	13.56	57.80
GCA_004209775.1_ASM420977v1_genomic_prodigal_proteins	2798	GCA_003210315.1_ASM321031v1_genomic_prodigal_proteins	1815	1129	73.04	13.16	62.20
GCA_004209775.1_ASM420977v1_genomic_prodigal_proteins	2798	GCA_009836155.1_ASM983615v1_genomic_prodigal_proteins	1947	1139	62.16	12.79	58.50
GCA_004209775.1_ASM420977v1_genomic_prodigal_proteins	2798	GCA_003990665.2_ASM399066v2_genomic_prodigal_proteins	2499	1095	54.21	12.79	43.82
GCA_004209775.1_ASM420977v1_genomic_prodigal_proteins	2798	GCA_003209135.1_ASM320913v1_genomic_prodigal_proteins	1719	971	69.96	13.85	56.49
GCA_004209775.1_ASM420977v1_genomic_prodigal_proteins	2798	GCA_009845105.1_ASM984510v1_genomic_prodigal_proteins	1941	954	61.39	13.10	49.15
GCA_004209775.1_ASM420977v1_genomic_prodigal_proteins	2798	GCA_002690325.1_ASM269032v1_genomic_prodigal_proteins	2554	1635	70.38	13.47	64.02
GCA_004209775.1_ASM420977v1_genomic_prodigal_proteins	2798	GCA_000161795.2_ASM16179v2_genomic_prodigal_proteins	2407	1709	72.32	13.36	71.00
GCA_004209775.1_ASM420977v1_genomic_prodigal_proteins	2798	GCA_004211895.1_ASM421189v1_genomic_prodigal_proteins	954	696	72.71	12.51	72.96
GCA_004209775.1_ASM420977v1_genomic_prodigal_proteins	2798	GCA_003210735.1_ASM321073v1_genomic_prodigal_proteins	2337	1310	70.38	13.81	56.05
GCA_004209775.1_ASM420977v1_genomic_prodigal_proteins	2798	GCA_003209035.1_ASM320903v1_genomic_prodigal_proteins	1803	963	70.53	13.86	53.41
GCA_004209775.1_ASM420977v1_genomic_prodigal_proteins	2798	GCA_003712085.1_ASM371208v1_genomic_prodigal_proteins	2745	1817	72.25	13.38	66.19
GCA_004209775.1_ASM420977v1_genomic_prodigal_proteins	2798	GCA_003212155.1_ASM321215v1_genomic_prodigal_proteins	262	113	63.13	17.94	43.13
GCA_004209775.1_ASM420977v1_genomic_prodigal_proteins	2798	GCA_001040845.1_ASM104084v1_genomic_prodigal_proteins	2917	1898	73.78	13.09	67.83
GCA_004209775.1_ASM420977v1_genomic_prodigal_proteins	2798	GCA_002018015.1_ASM201801v1_genomic_prodigal_proteins	1578	923	62.79	12.98	58.49
GCA_004209775.1_ASM420977v1_genomic_prodigal_proteins	2798	GCA_003211255.1_ASM321125v1_genomic_prodigal_proteins	1850	1004	70.26	13.92	54.27
GCA_004209775.1_ASM420977v1_genomic_prodigal_proteins	2798	GCA_002721235.1_ASM272123v1_genomic_prodigal_proteins	3119	1141	53.82	13.01	40.78
GCA_004209775.1_ASM420977v1_genomic_prodigal_proteins	2798	GCA_009839305.1_ASM983930v1_genomic_prodigal_proteins	1816	903	62.76	13.36	49.72
GCA_004209775.1_ASM420977v1_genomic_prodigal_proteins	2798	GCA_011365345.1_ASM1136534v1_genomic_prodigal_proteins	2655	1805	71.80	13.69	67.98
GCA_004209775.1_ASM420977v1_genomic_prodigal_proteins	2798	GCA_001039265.1_ASM103926v1_genomic_prodigal_proteins	2832	1182	70.39	13.91	42.24
GCA_004209775.1_ASM420977v1_genomic_prodigal_proteins	2798	GCA_001628325.1_ASM162832v1_genomic_prodigal_proteins	2129	1586	72.18	13.38	74.50
GCA_004209775.1_ASM420977v1_genomic_prodigal_proteins	2798	GCA_003209215.1_ASM320921v1_genomic_prodigal_proteins	1679	905	71.97	13.47	53.90
GCA_004209775.1_ASM420977v1_genomic_prodigal_proteins	2798	GCA_002737305.1_ASM273730v1_genomic_prodigal_proteins	1951	1267	68.52	13.66	64.94
GCA_004209775.1_ASM420977v1_genomic_prodigal_proteins	2798	GCA_003210515.1_ASM321051v1_genomic_prodigal_proteins	1673	996	70.22	13.38	59.53
GCA_004209775.1_ASM420977v1_genomic_prodigal_proteins	2798	GCA_011525445.1_ASM1152544v1_genomic_prodigal_proteins	3208	1543	72.26	13.33	55.15
GCA_004209775.1_ASM420977v1_genomic_prodigal_proteins	2798	GCA_902599435.1_AG-916-N22_genomic_prodigal_proteins	793	443	73.04	14.18	55.86
GCA_004209775.1_ASM420977v1_genomic_prodigal_proteins	2798	GCA_003149585.1_ASM314958v1_genomic_prodigal_proteins	2600	1834	68.30	14.02	70.54
GCA_004209775.1_ASM420977v1_genomic_prodigal_proteins	2798	GCA_902560665.1_AG-905-O11_genomic_prodigal_proteins	401	191	71.99	15.13	47.63
GCA_004209775.1_ASM420977v1_genomic_prodigal_proteins	2798	GCA_003331795.1_ASM333179v1_genomic_prodigal_proteins	1948	1364	66.55	14.25	70.02
GCA_004209775.1_ASM420977v1_genomic_prodigal_proteins	2798	GCA_002017955.1_ASM201795v1_genomic_prodigal_proteins	512	274	62.39	13.51	53.52
GCA_004209775.1_ASM420977v1_genomic_prodigal_proteins	2798	GCA_902584485.1_AG-912-O23_genomic_prodigal_proteins	535	270	69.26	15.28	50.47
GCA_004209775.1_ASM420977v1_genomic_prodigal_proteins	2798	GCA_902527915.1_AG-896-G19_genomic_prodigal_proteins	1003	577	72.29	13.41	57.53
GCA_004209775.1_ASM420977v1_genomic_prodigal_proteins	2798	GCA_902635365.1_AG-447-D19_genomic_prodigal_proteins	1690	878	70.90	13.93	51.95
GCA_004209775.1_ASM420977v1_genomic_prodigal_proteins	2798	GCA_900474085.1_UW86_genomic_prodigal_proteins	2403	1740	72.33	13.48	72.41
GCA_004209775.1_ASM420977v1_genomic_prodigal_proteins	2798	GCA_001885215.1_ASM188521v1_genomic_prodigal_proteins	2897	1752	67.18	13.37	62.62
GCA_004209775.1_ASM420977v1_genomic_prodigal_proteins	2798	GCA_902575935.1_AG-426-B22_genomic_prodigal_proteins	254	160	72.64	16.01	62.99
GCA_004209775.1_ASM420977v1_genomic_prodigal_proteins	2798	GCA_900474295.1_UW140_genomic_prodigal_proteins	2925	1942	75.47	12.97	69.41
GCA_004209775.1_ASM420977v1_genomic_prodigal_proteins	2798	GCA_003211565.1_ASM321156v1_genomic_prodigal_proteins	1489	805	70.93	14.14	54.06
GCA_004209775.1_ASM420977v1_genomic_prodigal_proteins	2798	GCA_003526105.1_ASM352610v1_genomic_prodigal_proteins	1581	936	72.78	13.24	59.20
GCA_004209775.1_ASM420977v1_genomic_prodigal_proteins	2798	GCA_002172935.1_ASM217293v1_genomic_prodigal_proteins	1996	1531	73.83	13.20	76.70
GCA_004209775.1_ASM420977v1_genomic_prodigal_proteins	2798	GCA_003210335.1_ASM321033v1_genomic_prodigal_proteins	942	392	69.76	14.89	41.61
GCA_004209775.1_ASM420977v1_genomic_prodigal_proteins	2798	GCA_009846115.1_ASM984611v1_genomic_prodigal_proteins	2048	1062	62.00	13.04	51.86
GCA_004209775.1_ASM420977v1_genomic_prodigal_proteins	2798	GCA_001693295.1_ASM169329v1_genomic_prodigal_proteins	3183	1138	53.80	13.04	40.67
GCA_004209775.1_ASM420977v1_genomic_prodigal_proteins	2798	GCA_900473965.1_UW179A_genomic_prodigal_proteins	3383	1929	73.52	13.35	68.94
GCA_004209775.1_ASM420977v1_genomic_prodigal_proteins	2798	GCA_003213755.1_ASM321375v1_genomic_prodigal_proteins	1050	587	66.22	14.82	55.90
GCA_004209775.1_ASM420977v1_genomic_prodigal_proteins	2798	GCA_003209155.1_ASM320915v1_genomic_prodigal_proteins	2305	1436	73.73	13.07	62.30
GCA_004209775.1_ASM420977v1_genomic_prodigal_proteins	2798	GCA_003211515.1_ASM321151v1_genomic_prodigal_proteins	2451	1191	70.16	14.16	48.59
GCA_004209775.1_ASM420977v1_genomic_prodigal_proteins	2798	GCA_002693285.1_ASM269328v1_genomic_prodigal_proteins	2440	1652	73.91	13.11	67.70
GCA_004209775.1_ASM420977v1_genomic_prodigal_proteins	2798	GCA_003210555.1_ASM321055v1_genomic_prodigal_proteins	1847	1071	72.47	13.55	57.99
GCA_004209775.1_ASM420977v1_genomic_prodigal_proteins	2798	GCA_000155595.1_ASM15559v1_genomic_prodigal_proteins	5270	1163	53.42	12.84	41.57
GCA_004209775.1_ASM420977v1_genomic_prodigal_proteins	2798	GCA_001007665.1_ASM100766v1_genomic_prodigal_proteins	2356	1231	61.64	12.82	52.25
GCA_004209775.1_ASM420977v1_genomic_prodigal_proteins	2798	GCA_009919765.1_ASM991976v1_genomic_prodigal_proteins	2524	1155	66.73	14.00	45.76
GCA_004209775.1_ASM420977v1_genomic_prodigal_proteins	2798	GCA_003331225.1_ASM333122v1_genomic_prodigal_proteins	2113	1493	66.44	13.96	70.66
GCA_004209775.1_ASM420977v1_genomic_prodigal_proteins	2798	GCA_900177825.1_IMG-taxon_2708742468_annotated_assembly_genomic_prodigal_proteins	3317	1130	53.84	13.05	40.39
GCA_004209775.1_ASM420977v1_genomic_prodigal_proteins	2798	GCA_000195975.1_ASM19597v1_genomic_prodigal_proteins	2719	1809	72.54	13.29	66.53
GCA_004209775.1_ASM420977v1_genomic_prodigal_proteins	2798	GCA_902618885.1_AG-920-D15_genomic_prodigal_proteins	1178	688	72.45	14.68	58.40
GCA_004209775.1_ASM420977v1_genomic_prodigal_proteins	2798	GCA_003209165.1_ASM320916v1_genomic_prodigal_proteins	2711	1524	71.27	13.86	56.22
GCA_004209775.1_ASM420977v1_genomic_prodigal_proteins	2798	GCA_001007625.1_ASM100762v1_genomic_prodigal_proteins	2478	1074	62.05	13.01	43.34
GCA_004209775.1_ASM420977v1_genomic_prodigal_proteins	2798	GCA_008386235.1_ASM838623v1_genomic_prodigal_proteins	2571	1104	54.05	12.81	42.94
GCA_004209775.1_ASM420977v1_genomic_prodigal_proteins	2798	GCA_001631935.1_ASM163193v1_genomic_prodigal_proteins	3526	1928	73.55	13.42	68.91
GCA_004209775.1_ASM420977v1_genomic_prodigal_proteins	2798	GCA_002151525.1_ASM215152v1_genomic_prodigal_proteins	1628	1187	64.62	14.33	72.91
GCA_004209775.1_ASM420977v1_genomic_prodigal_proteins	2798	GCA_000153065.1_ASM15306v1_genomic_prodigal_proteins	2704	2271	94.78	6.50	83.99
GCA_004209775.1_ASM420977v1_genomic_prodigal_proteins	2798	GCA_009837265.1_ASM983726v1_genomic_prodigal_proteins	2126	1135	62.11	12.95	53.39
GCA_004209775.1_ASM420977v1_genomic_prodigal_proteins	2798	GCA_902533725.1_AG-898-C20_genomic_prodigal_proteins	421	143	71.82	14.01	33.97
GCA_004209775.1_ASM420977v1_genomic_prodigal_proteins	2798	GCA_002171075.2_ASM217107v2_genomic_prodigal_proteins	1919	1285	64.33	13.73	66.96
GCA_004209775.1_ASM420977v1_genomic_prodigal_proteins	2798	GCA_002760395.1_ASM276039v1_genomic_prodigal_proteins	2661	951	53.53	12.14	35.74
GCA_004209775.1_ASM420977v1_genomic_prodigal_proteins	2798	GCA_003209005.1_ASM320900v1_genomic_prodigal_proteins	2548	1574	73.72	13.08	61.77
GCA_004209775.1_ASM420977v1_genomic_prodigal_proteins	2798	GCA_002017915.1_ASM201791v1_genomic_prodigal_proteins	623	340	63.14	13.91	54.57
GCA_004209775.1_ASM420977v1_genomic_prodigal_proteins	2798	GCA_900047545.1_m9_genomic_prodigal_proteins	1575	937	61.93	13.05	59.49
GCA_004209775.1_ASM420977v1_genomic_prodigal_proteins	2798	GCA_001632105.1_ASM163210v1_genomic_prodigal_proteins	3521	1943	73.45	13.45	69.44
GCA_004209775.1_ASM420977v1_genomic_prodigal_proteins	2798	GCA_004212765.1_ASM421276v1_genomic_prodigal_proteins	1162	861	72.28	13.22	74.10
GCA_004209775.1_ASM420977v1_genomic_prodigal_proteins	2798	GCA_002685515.1_ASM268551v1_genomic_prodigal_proteins	1286	967	73.38	12.54	75.19
GCA_004209775.1_ASM420977v1_genomic_prodigal_proteins	2798	GCA_007828135.1_ASM782813v1_genomic_prodigal_proteins	2917	1754	67.21	13.40	62.69
GCA_004209775.1_ASM420977v1_genomic_prodigal_proteins	2798	GCA_011047875.1_ASM1104787v1_genomic_prodigal_proteins	2810	954	53.46	12.21	34.10
GCA_004209775.1_ASM420977v1_genomic_prodigal_proteins	2798	GCA_009840445.1_ASM984044v1_genomic_prodigal_proteins	2167	1234	62.06	12.94	56.95
GCA_004209775.1_ASM420977v1_genomic_prodigal_proteins	2798	GCA_003210995.1_ASM321099v1_genomic_prodigal_proteins	2385	1401	73.62	13.36	58.74
GCA_004209775.1_ASM420977v1_genomic_prodigal_proteins	2798	GCA_902616995.1_AG-919-L20_genomic_prodigal_proteins	654	366	70.53	14.62	55.96
GCA_004209775.1_ASM420977v1_genomic_prodigal_proteins	2798	GCA_009845825.1_ASM984582v1_genomic_prodigal_proteins	2168	1047	61.98	12.76	48.29
GCA_004209775.1_ASM420977v1_genomic_prodigal_proteins	2798	GCA_000515235.1_ASM51523v1_genomic_prodigal_proteins	2873	1818	71.41	13.43	64.97
GCA_004209775.1_ASM420977v1_genomic_prodigal_proteins	2798	GCA_003523965.1_ASM352396v1_genomic_prodigal_proteins	1735	810	63.22	13.29	46.69
GCA_004209775.1_ASM420977v1_genomic_prodigal_proteins	2798	GCA_002684175.1_ASM268417v1_genomic_prodigal_proteins	1819	1081	69.46	12.77	59.43
GCA_004209775.1_ASM420977v1_genomic_prodigal_proteins	2798	GCA_011523295.1_ASM1152329v1_genomic_prodigal_proteins	2851	1420	70.37	13.53	50.75
GCA_004209775.1_ASM420977v1_genomic_prodigal_proteins	2798	GCA_003211015.1_ASM321101v1_genomic_prodigal_proteins	2128	1378	73.57	13.36	64.76
GCA_004209775.1_ASM420977v1_genomic_prodigal_proteins	2798	GCA_002006815.1_ASM200681v1_genomic_prodigal_proteins	1973	1478	65.14	13.98	74.91
GCA_011523155.1_ASM1152315v1_genomic_prodigal_proteins	2101	GCA_003211275.1_ASM321127v1_genomic_prodigal_proteins	2168	905	70.38	13.15	43.07
GCA_011523155.1_ASM1152315v1_genomic_prodigal_proteins	2101	GCA_003957805.1_ASM395780v1_genomic_prodigal_proteins	2887	827	53.95	11.86	39.36
GCA_011523155.1_ASM1152315v1_genomic_prodigal_proteins	2101	GCA_012270465.1_ASM1227046v1_genomic_prodigal_proteins	2311	1001	63.95	13.54	47.64
GCA_011523155.1_ASM1152315v1_genomic_prodigal_proteins	2101	GCA_001693255.1_ASM169325v1_genomic_prodigal_proteins	3177	739	51.31	11.60	35.17
GCA_011523155.1_ASM1152315v1_genomic_prodigal_proteins	2101	GCA_003210385.1_ASM321038v1_genomic_prodigal_proteins	286	138	69.19	13.11	48.25
GCA_011523155.1_ASM1152315v1_genomic_prodigal_proteins	2101	GCA_002170705.1_ASM217070v1_genomic_prodigal_proteins	1392	681	70.05	12.98	48.92
GCA_011523155.1_ASM1152315v1_genomic_prodigal_proteins	2101	GCA_002356215.1_ASM235621v1_genomic_prodigal_proteins	2953	729	51.36	11.59	34.70
GCA_011523155.1_ASM1152315v1_genomic_prodigal_proteins	2101	GCA_003210935.1_ASM321093v1_genomic_prodigal_proteins	1868	866	71.45	12.70	46.36
GCA_011523155.1_ASM1152315v1_genomic_prodigal_proteins	2101	GCA_003210535.1_ASM321053v1_genomic_prodigal_proteins	1257	517	67.91	13.37	41.13
GCA_011523155.1_ASM1152315v1_genomic_prodigal_proteins	2101	GCA_002724845.1_ASM272484v1_genomic_prodigal_proteins	1589	916	69.72	12.89	57.65
GCA_011523155.1_ASM1152315v1_genomic_prodigal_proteins	2101	GCA_000153285.1_ASM15328v1_genomic_prodigal_proteins	2746	1325	72.18	12.93	63.07
GCA_011523155.1_ASM1152315v1_genomic_prodigal_proteins	2101	GCA_003211035.1_ASM321103v1_genomic_prodigal_proteins	530	234	67.36	13.33	44.15
GCA_011523155.1_ASM1152315v1_genomic_prodigal_proteins	2101	GCA_001521855.1_ASM152185v1_genomic_prodigal_proteins	3144	736	51.20	11.59	35.03
GCA_011523155.1_ASM1152315v1_genomic_prodigal_proteins	2101	GCA_009835965.1_ASM983596v1_genomic_prodigal_proteins	2105	807	59.46	12.18	38.41
GCA_011523155.1_ASM1152315v1_genomic_prodigal_proteins	2101	GCA_012269695.1_ASM1226969v1_genomic_prodigal_proteins	2043	875	64.13	13.44	42.83
GCA_011523155.1_ASM1152315v1_genomic_prodigal_proteins	2101	GCA_000737535.1_ASM73753v1_genomic_prodigal_proteins	3013	1266	69.32	12.95	60.26
GCA_011523155.1_ASM1152315v1_genomic_prodigal_proteins	2101	GCA_000586015.1_SynSpo.0_genomic_prodigal_proteins	1907	616	60.22	12.58	32.30
GCA_011523155.1_ASM1152315v1_genomic_prodigal_proteins	2101	GCA_002760345.1_ASM276034v1_genomic_prodigal_proteins	2731	623	51.22	11.05	29.65
GCA_011523155.1_ASM1152315v1_genomic_prodigal_proteins	2101	GCA_000013225.1_ASM1322v1_genomic_prodigal_proteins	2844	627	51.12	11.09	29.84
GCA_011523155.1_ASM1152315v1_genomic_prodigal_proteins	2101	GCA_000332275.1_ASM33227v1_genomic_prodigal_proteins	4564	682	50.42	10.96	32.46
GCA_011523155.1_ASM1152315v1_genomic_prodigal_proteins	2101	GCA_002252675.1_ASM225267v1_genomic_prodigal_proteins	3295	1142	65.19	13.19	54.36
GCA_011523155.1_ASM1152315v1_genomic_prodigal_proteins	2101	GCA_000737575.1_ASM73757v1_genomic_prodigal_proteins	2662	1266	70.32	12.76	60.26
GCA_011523155.1_ASM1152315v1_genomic_prodigal_proteins	2101	GCA_902596755.1_AG-916-D19_genomic_prodigal_proteins	1152	475	69.74	13.54	41.23
GCA_011523155.1_ASM1152315v1_genomic_prodigal_proteins	2101	GCA_003211455.1_ASM321145v1_genomic_prodigal_proteins	1186	465	68.36	14.42	39.21
GCA_011523155.1_ASM1152315v1_genomic_prodigal_proteins	2101	GCA_003208755.1_ASM320875v1_genomic_prodigal_proteins	690	289	67.95	13.69	41.88
GCA_011523155.1_ASM1152315v1_genomic_prodigal_proteins	2101	GCA_007571215.1_ASM757121v1_genomic_prodigal_proteins	1879	773	59.15	12.31	41.14
GCA_011523155.1_ASM1152315v1_genomic_prodigal_proteins	2101	GCA_001007635.1_ASM100763v1_genomic_prodigal_proteins	2333	723	59.47	11.94	34.41
GCA_011523155.1_ASM1152315v1_genomic_prodigal_proteins	2101	GCA_000179255.1_ASM17925v1_genomic_prodigal_proteins	2729	1201	65.75	13.09	57.16
GCA_011523155.1_ASM1152315v1_genomic_prodigal_proteins	2101	GCA_003208975.1_ASM320897v1_genomic_prodigal_proteins	1804	651	68.91	13.57	36.09
GCA_011523155.1_ASM1152315v1_genomic_prodigal_proteins	2101	GCA_012103655.1_ASM1210365v1_genomic_prodigal_proteins	2723	1296	71.30	12.54	61.68
GCA_011523155.1_ASM1152315v1_genomic_prodigal_proteins	2101	GCA_902582045.1_AG-912-B07_genomic_prodigal_proteins	196	32	67.18	14.83	16.33
GCA_011523155.1_ASM1152315v1_genomic_prodigal_proteins	2101	GCA_000153045.1_ASM15304v1_genomic_prodigal_proteins	3242	1174	65.11	12.94	55.88
GCA_011523155.1_ASM1152315v1_genomic_prodigal_proteins	2101	GCA_902549675.1_AG-903-B09_genomic_prodigal_proteins	836	313	69.50	13.53	37.44
GCA_011523155.1_ASM1152315v1_genomic_prodigal_proteins	2101	GCA_002018045.1_ASM201804v1_genomic_prodigal_proteins	1559	606	59.96	12.46	38.87
GCA_011523155.1_ASM1152315v1_genomic_prodigal_proteins	2101	GCA_004213055.1_ASM421305v1_genomic_prodigal_proteins	2241	1251	78.10	11.63	59.54
GCA_011523155.1_ASM1152315v1_genomic_prodigal_proteins	2101	GCA_007571085.1_ASM757108v1_genomic_prodigal_proteins	1784	761	59.18	12.33	42.66
GCA_011523155.1_ASM1152315v1_genomic_prodigal_proteins	2101	GCA_009839805.1_ASM983980v1_genomic_prodigal_proteins	1848	576	58.31	12.10	31.17
GCA_011523155.1_ASM1152315v1_genomic_prodigal_proteins	2101	GCA_003210375.1_ASM321037v1_genomic_prodigal_proteins	2155	903	68.16	13.14	42.98
GCA_011523155.1_ASM1152315v1_genomic_prodigal_proteins	2101	GCA_004332415.1_ASM433241v1_genomic_prodigal_proteins	2408	1293	74.11	12.69	61.54
GCA_011523155.1_ASM1152315v1_genomic_prodigal_proteins	2101	GCA_009836025.1_ASM983602v1_genomic_prodigal_proteins	2290	796	59.61	12.03	37.89
GCA_011523155.1_ASM1152315v1_genomic_prodigal_proteins	2101	GCA_009843455.1_ASM984345v1_genomic_prodigal_proteins	2423	778	59.36	11.99	37.03
GCA_011523155.1_ASM1152315v1_genomic_prodigal_proteins	2101	GCA_009843485.1_ASM984348v1_genomic_prodigal_proteins	2158	800	59.45	12.20	38.08
GCA_011523155.1_ASM1152315v1_genomic_prodigal_proteins	2101	GCA_003283135.1_ASM328313v1_genomic_prodigal_proteins	459	99	67.90	15.17	21.57
GCA_011523155.1_ASM1152315v1_genomic_prodigal_proteins	2101	GCA_902635485.1_AG-447-G23_genomic_prodigal_proteins	327	97	67.82	15.04	29.66
GCA_011523155.1_ASM1152315v1_genomic_prodigal_proteins	2101	GCA_002760415.1_ASM276041v1_genomic_prodigal_proteins	2670	615	51.20	11.02	29.27
GCA_011523155.1_ASM1152315v1_genomic_prodigal_proteins	2101	GCA_002754935.1_ASM275493v1_genomic_prodigal_proteins	2664	652	51.96	11.38	31.03
GCA_011523155.1_ASM1152315v1_genomic_prodigal_proteins	2101	GCA_002171685.2_ASM217168v2_genomic_prodigal_proteins	811	484	71.21	12.53	59.68
GCA_011523155.1_ASM1152315v1_genomic_prodigal_proteins	2101	GCA_000737595.1_ASM73759v1_genomic_prodigal_proteins	2774	1307	69.78	13.07	62.21
GCA_011523155.1_ASM1152315v1_genomic_prodigal_proteins	2101	GCA_003331785.1_ASM333178v1_genomic_prodigal_proteins	2125	1212	71.21	12.59	57.69
GCA_011523155.1_ASM1152315v1_genomic_prodigal_proteins	2101	GCA_009842265.1_ASM984226v1_genomic_prodigal_proteins	2398	790	59.43	12.09	37.60
GCA_011523155.1_ASM1152315v1_genomic_prodigal_proteins	2101	GCA_902579345.1_AG-911-L15_genomic_prodigal_proteins	248	52	62.57	15.66	20.97
GCA_011523155.1_ASM1152315v1_genomic_prodigal_proteins	2101	GCA_000011345.1_ASM1134v1_genomic_prodigal_proteins	2520	693	51.99	11.31	32.98
GCA_011523155.1_ASM1152315v1_genomic_prodigal_proteins	2101	GCA_003210705.1_ASM321070v1_genomic_prodigal_proteins	2244	957	70.86	13.01	45.55
GCA_011523155.1_ASM1152315v1_genomic_prodigal_proteins	2101	GCA_000019485.1_ASM1948v1_genomic_prodigal_proteins	3233	736	51.19	11.63	35.03
GCA_011523155.1_ASM1152315v1_genomic_prodigal_proteins	2101	GCA_003283055.1_ASM328305v1_genomic_prodigal_proteins	482	50	60.05	13.48	10.37
GCA_011523155.1_ASM1152315v1_genomic_prodigal_proteins	2101	GCA_000010065.1_ASM1006v1_genomic_prodigal_proteins	2691	813	53.88	11.87	38.70
GCA_011523155.1_ASM1152315v1_genomic_prodigal_proteins	2101	GCA_000316685.1_ASM31668v1_genomic_prodigal_proteins	3706	701	51.34	11.37	33.37
GCA_011523155.1_ASM1152315v1_genomic_prodigal_proteins	2101	GCA_000063525.1_ASM6352v1_genomic_prodigal_proteins	2540	1139	64.10	13.38	54.21
GCA_011523155.1_ASM1152315v1_genomic_prodigal_proteins	2101	GCA_003283165.1_ASM328316v1_genomic_prodigal_proteins	217	47	66.69	13.45	21.66
GCA_011523155.1_ASM1152315v1_genomic_prodigal_proteins	2101	GCA_902540675.1_AG-359-E22_genomic_prodigal_proteins	584	180	68.75	14.80	30.82
GCA_011523155.1_ASM1152315v1_genomic_prodigal_proteins	2101	GCA_011055065.1_ASM1105506v1_genomic_prodigal_proteins	2792	594	51.34	10.97	28.27
GCA_011523155.1_ASM1152315v1_genomic_prodigal_proteins	2101	GCA_000013205.1_ASM1320v1_genomic_prodigal_proteins	2750	622	51.25	11.03	29.60
GCA_011523155.1_ASM1152315v1_genomic_prodigal_proteins	2101	GCA_003539795.1_ASM353979v1_genomic_prodigal_proteins	2284	1046	69.75	13.01	49.79
GCA_011523155.1_ASM1152315v1_genomic_prodigal_proteins	2101	GCA_002171995.1_ASM217199v1_genomic_prodigal_proteins	1978	827	76.95	12.50	41.81
GCA_011523155.1_ASM1152315v1_genomic_prodigal_proteins	2101	GCA_011523835.1_ASM1152383v1_genomic_prodigal_proteins	2468	1171	72.80	13.89	55.74
GCA_011523155.1_ASM1152315v1_genomic_prodigal_proteins	2101	GCA_002172175.1_ASM217217v1_genomic_prodigal_proteins	1846	764	62.89	13.42	41.39
GCA_011523155.1_ASM1152315v1_genomic_prodigal_proteins	2101	GCA_003208835.1_ASM320883v1_genomic_prodigal_proteins	2208	884	69.03	13.25	42.08
GCA_011523155.1_ASM1152315v1_genomic_prodigal_proteins	2101	GCA_902589915.1_AG-914-F20_genomic_prodigal_proteins	373	77	70.92	15.25	20.64
GCA_011523155.1_ASM1152315v1_genomic_prodigal_proteins	2101	GCA_000485815.1_ASM48581v1_genomic_prodigal_proteins	3083	722	51.32	11.65	34.36
GCA_011523155.1_ASM1152315v1_genomic_prodigal_proteins	2101	GCA_008807075.1_ASM880707v1_genomic_prodigal_proteins	2925	1161	64.68	12.96	55.26
GCA_011523155.1_ASM1152315v1_genomic_prodigal_proteins	2101	GCA_000179235.2_ASM17923v2_genomic_prodigal_proteins	3071	1186	66.30	13.02	56.45
GCA_011523155.1_ASM1152315v1_genomic_prodigal_proteins	2101	GCA_003210795.1_ASM321079v1_genomic_prodigal_proteins	2239	941	69.00	13.46	44.79
GCA_011523155.1_ASM1152315v1_genomic_prodigal_proteins	2101	GCA_002706715.1_ASM270671v1_genomic_prodigal_proteins	1148	597	68.73	13.63	52.00
GCA_011523155.1_ASM1152315v1_genomic_prodigal_proteins	2101	GCA_003331245.1_ASM333124v1_genomic_prodigal_proteins	2021	1106	70.08	12.82	54.73
GCA_011523155.1_ASM1152315v1_genomic_prodigal_proteins	2101	GCA_009843385.1_ASM984338v1_genomic_prodigal_proteins	2085	655	59.43	12.25	31.41
GCA_011523155.1_ASM1152315v1_genomic_prodigal_proteins	2101	GCA_003211205.1_ASM321120v1_genomic_prodigal_proteins	2288	1015	71.01	12.87	48.31
GCA_011523155.1_ASM1152315v1_genomic_prodigal_proteins	2101	GCA_000063505.1_ASM6350v1_genomic_prodigal_proteins	2558	1297	72.37	13.02	61.73
GCA_011523155.1_ASM1152315v1_genomic_prodigal_proteins	2101	GCA_900474245.1_UW179B_genomic_prodigal_proteins	2743	1303	71.18	12.69	62.02
GCA_011523155.1_ASM1152315v1_genomic_prodigal_proteins	2101	GCA_003210345.1_ASM321034v1_genomic_prodigal_proteins	1256	544	68.23	13.28	43.31
GCA_011523155.1_ASM1152315v1_genomic_prodigal_proteins	2101	GCA_003210315.1_ASM321031v1_genomic_prodigal_proteins	1815	803	70.19	12.90	44.24
GCA_011523155.1_ASM1152315v1_genomic_prodigal_proteins	2101	GCA_009836155.1_ASM983615v1_genomic_prodigal_proteins	1947	756	59.40	12.09	38.83
GCA_011523155.1_ASM1152315v1_genomic_prodigal_proteins	2101	GCA_003990665.2_ASM399066v2_genomic_prodigal_proteins	2499	692	52.08	11.25	32.94
GCA_011523155.1_ASM1152315v1_genomic_prodigal_proteins	2101	GCA_003209135.1_ASM320913v1_genomic_prodigal_proteins	1719	671	68.37	13.61	39.03
GCA_011523155.1_ASM1152315v1_genomic_prodigal_proteins	2101	GCA_009845105.1_ASM984510v1_genomic_prodigal_proteins	1941	654	59.27	12.26	33.69
GCA_011523155.1_ASM1152315v1_genomic_prodigal_proteins	2101	GCA_002690325.1_ASM269032v1_genomic_prodigal_proteins	2554	1213	68.73	13.36	57.73
GCA_011523155.1_ASM1152315v1_genomic_prodigal_proteins	2101	GCA_000161795.2_ASM16179v2_genomic_prodigal_proteins	2407	1239	70.18	13.07	58.97
GCA_011523155.1_ASM1152315v1_genomic_prodigal_proteins	2101	GCA_004211895.1_ASM421189v1_genomic_prodigal_proteins	954	555	70.62	13.84	58.18
GCA_011523155.1_ASM1152315v1_genomic_prodigal_proteins	2101	GCA_003210735.1_ASM321073v1_genomic_prodigal_proteins	2337	971	68.81	13.21	46.22
GCA_011523155.1_ASM1152315v1_genomic_prodigal_proteins	2101	GCA_003209035.1_ASM320903v1_genomic_prodigal_proteins	1803	723	68.64	13.52	40.10
GCA_011523155.1_ASM1152315v1_genomic_prodigal_proteins	2101	GCA_003712085.1_ASM371208v1_genomic_prodigal_proteins	2745	1276	70.05	13.19	60.73
GCA_011523155.1_ASM1152315v1_genomic_prodigal_proteins	2101	GCA_003212155.1_ASM321215v1_genomic_prodigal_proteins	262	45	60.37	16.58	17.18
GCA_011523155.1_ASM1152315v1_genomic_prodigal_proteins	2101	GCA_001040845.1_ASM104084v1_genomic_prodigal_proteins	2917	1303	71.00	12.57	62.02
GCA_011523155.1_ASM1152315v1_genomic_prodigal_proteins	2101	GCA_002018015.1_ASM201801v1_genomic_prodigal_proteins	1578	595	59.96	12.40	37.71
GCA_011523155.1_ASM1152315v1_genomic_prodigal_proteins	2101	GCA_003211255.1_ASM321125v1_genomic_prodigal_proteins	1850	739	68.41	13.67	39.95
GCA_011523155.1_ASM1152315v1_genomic_prodigal_proteins	2101	GCA_002721235.1_ASM272123v1_genomic_prodigal_proteins	3119	738	51.23	11.65	35.13
GCA_011523155.1_ASM1152315v1_genomic_prodigal_proteins	2101	GCA_009839305.1_ASM983930v1_genomic_prodigal_proteins	1816	596	59.56	12.55	32.82
GCA_011523155.1_ASM1152315v1_genomic_prodigal_proteins	2101	GCA_011365345.1_ASM1136534v1_genomic_prodigal_proteins	2655	1289	69.74	13.26	61.35
GCA_011523155.1_ASM1152315v1_genomic_prodigal_proteins	2101	GCA_001039265.1_ASM103926v1_genomic_prodigal_proteins	2832	814	66.69	13.64	38.74
GCA_011523155.1_ASM1152315v1_genomic_prodigal_proteins	2101	GCA_001628325.1_ASM162832v1_genomic_prodigal_proteins	2129	1168	70.52	13.07	55.59
GCA_011523155.1_ASM1152315v1_genomic_prodigal_proteins	2101	GCA_003209215.1_ASM320921v1_genomic_prodigal_proteins	1679	635	68.78	13.41	37.82
GCA_011523155.1_ASM1152315v1_genomic_prodigal_proteins	2101	GCA_002737305.1_ASM273730v1_genomic_prodigal_proteins	1951	887	65.55	13.23	45.46
GCA_011523155.1_ASM1152315v1_genomic_prodigal_proteins	2101	GCA_003210515.1_ASM321051v1_genomic_prodigal_proteins	1673	746	67.83	13.44	44.59
GCA_011523155.1_ASM1152315v1_genomic_prodigal_proteins	2101	GCA_011525445.1_ASM1152544v1_genomic_prodigal_proteins	3208	1123	70.24	12.68	53.45
GCA_011523155.1_ASM1152315v1_genomic_prodigal_proteins	2101	GCA_902599435.1_AG-916-N22_genomic_prodigal_proteins	793	288	71.36	13.75	36.32
GCA_011523155.1_ASM1152315v1_genomic_prodigal_proteins	2101	GCA_003149585.1_ASM314958v1_genomic_prodigal_proteins	2600	1214	65.84	13.14	57.78
GCA_011523155.1_ASM1152315v1_genomic_prodigal_proteins	2101	GCA_902560665.1_AG-905-O11_genomic_prodigal_proteins	401	117	67.89	13.96	29.18
GCA_011523155.1_ASM1152315v1_genomic_prodigal_proteins	2101	GCA_003331795.1_ASM333179v1_genomic_prodigal_proteins	1948	914	63.83	13.70	46.92
GCA_011523155.1_ASM1152315v1_genomic_prodigal_proteins	2101	GCA_002017955.1_ASM201795v1_genomic_prodigal_proteins	512	183	59.81	12.16	35.74
GCA_011523155.1_ASM1152315v1_genomic_prodigal_proteins	2101	GCA_902584485.1_AG-912-O23_genomic_prodigal_proteins	535	168	68.11	14.62	31.40
GCA_011523155.1_ASM1152315v1_genomic_prodigal_proteins	2101	GCA_902527915.1_AG-896-G19_genomic_prodigal_proteins	1003	417	69.06	13.47	41.58
GCA_011523155.1_ASM1152315v1_genomic_prodigal_proteins	2101	GCA_902635365.1_AG-447-D19_genomic_prodigal_proteins	1690	608	69.11	13.28	35.98
GCA_011523155.1_ASM1152315v1_genomic_prodigal_proteins	2101	GCA_900474085.1_UW86_genomic_prodigal_proteins	2403	1256	70.26	13.21	59.78
GCA_011523155.1_ASM1152315v1_genomic_prodigal_proteins	2101	GCA_001885215.1_ASM188521v1_genomic_prodigal_proteins	2897	1121	64.84	12.66	53.36
GCA_011523155.1_ASM1152315v1_genomic_prodigal_proteins	2101	GCA_902575935.1_AG-426-B22_genomic_prodigal_proteins	254	96	70.25	13.32	37.80
GCA_011523155.1_ASM1152315v1_genomic_prodigal_proteins	2101	GCA_900474295.1_UW140_genomic_prodigal_proteins	2925	1384	77.50	11.92	65.87
GCA_011523155.1_ASM1152315v1_genomic_prodigal_proteins	2101	GCA_003211565.1_ASM321156v1_genomic_prodigal_proteins	1489	606	69.24	13.41	40.70
GCA_011523155.1_ASM1152315v1_genomic_prodigal_proteins	2101	GCA_003526105.1_ASM352610v1_genomic_prodigal_proteins	1581	719	70.80	13.22	45.48
GCA_011523155.1_ASM1152315v1_genomic_prodigal_proteins	2101	GCA_002172935.1_ASM217293v1_genomic_prodigal_proteins	1996	1047	71.31	13.11	52.45
GCA_011523155.1_ASM1152315v1_genomic_prodigal_proteins	2101	GCA_003210335.1_ASM321033v1_genomic_prodigal_proteins	942	258	68.58	13.92	27.39
GCA_011523155.1_ASM1152315v1_genomic_prodigal_proteins	2101	GCA_009846115.1_ASM984611v1_genomic_prodigal_proteins	2048	713	59.28	12.38	34.81
GCA_011523155.1_ASM1152315v1_genomic_prodigal_proteins	2101	GCA_001693295.1_ASM169329v1_genomic_prodigal_proteins	3183	736	51.09	11.63	35.03
GCA_011523155.1_ASM1152315v1_genomic_prodigal_proteins	2101	GCA_900473965.1_UW179A_genomic_prodigal_proteins	3383	1314	71.21	12.83	62.54
GCA_011523155.1_ASM1152315v1_genomic_prodigal_proteins	2101	GCA_003213755.1_ASM321375v1_genomic_prodigal_proteins	1050	389	62.65	14.16	37.05
GCA_011523155.1_ASM1152315v1_genomic_prodigal_proteins	2101	GCA_003209155.1_ASM320915v1_genomic_prodigal_proteins	2305	1015	70.82	12.79	48.31
GCA_011523155.1_ASM1152315v1_genomic_prodigal_proteins	2101	GCA_003211515.1_ASM321151v1_genomic_prodigal_proteins	2451	850	68.40	13.17	40.46
GCA_011523155.1_ASM1152315v1_genomic_prodigal_proteins	2101	GCA_002693285.1_ASM269328v1_genomic_prodigal_proteins	2440	1199	71.57	12.84	57.07
GCA_011523155.1_ASM1152315v1_genomic_prodigal_proteins	2101	GCA_003210555.1_ASM321055v1_genomic_prodigal_proteins	1847	776	70.01	12.98	42.01
GCA_011523155.1_ASM1152315v1_genomic_prodigal_proteins	2101	GCA_000155595.1_ASM15559v1_genomic_prodigal_proteins	5270	753	51.01	11.61	35.84
GCA_011523155.1_ASM1152315v1_genomic_prodigal_proteins	2101	GCA_001007665.1_ASM100766v1_genomic_prodigal_proteins	2356	814	59.32	11.95	38.74
GCA_011523155.1_ASM1152315v1_genomic_prodigal_proteins	2101	GCA_009919765.1_ASM991976v1_genomic_prodigal_proteins	2524	819	64.31	13.80	38.98
GCA_011523155.1_ASM1152315v1_genomic_prodigal_proteins	2101	GCA_003331225.1_ASM333122v1_genomic_prodigal_proteins	2113	1021	64.08	13.25	48.60
GCA_011523155.1_ASM1152315v1_genomic_prodigal_proteins	2101	GCA_900177825.1_IMG-taxon_2708742468_annotated_assembly_genomic_prodigal_proteins	3317	735	51.22	11.67	34.98
GCA_011523155.1_ASM1152315v1_genomic_prodigal_proteins	2101	GCA_000195975.1_ASM19597v1_genomic_prodigal_proteins	2719	1279	70.08	13.16	60.88
GCA_011523155.1_ASM1152315v1_genomic_prodigal_proteins	2101	GCA_902618885.1_AG-920-D15_genomic_prodigal_proteins	1178	477	70.04	13.63	40.49
GCA_011523155.1_ASM1152315v1_genomic_prodigal_proteins	2101	GCA_003209165.1_ASM320916v1_genomic_prodigal_proteins	2711	1080	69.69	13.13	51.40
GCA_011523155.1_ASM1152315v1_genomic_prodigal_proteins	2101	GCA_001007625.1_ASM100762v1_genomic_prodigal_proteins	2478	700	59.89	12.34	33.32
GCA_011523155.1_ASM1152315v1_genomic_prodigal_proteins	2101	GCA_008386235.1_ASM838623v1_genomic_prodigal_proteins	2571	693	52.02	11.26	32.98
GCA_011523155.1_ASM1152315v1_genomic_prodigal_proteins	2101	GCA_001631935.1_ASM163193v1_genomic_prodigal_proteins	3526	1298	71.30	12.81	61.78
GCA_011523155.1_ASM1152315v1_genomic_prodigal_proteins	2101	GCA_002151525.1_ASM215152v1_genomic_prodigal_proteins	1628	784	62.48	13.52	48.16
GCA_011523155.1_ASM1152315v1_genomic_prodigal_proteins	2101	GCA_000153065.1_ASM15306v1_genomic_prodigal_proteins	2704	1274	74.16	12.40	60.64
GCA_011523155.1_ASM1152315v1_genomic_prodigal_proteins	2101	GCA_009837265.1_ASM983726v1_genomic_prodigal_proteins	2126	765	59.43	12.20	36.41
GCA_011523155.1_ASM1152315v1_genomic_prodigal_proteins	2101	GCA_902533725.1_AG-898-C20_genomic_prodigal_proteins	421	116	67.83	13.98	27.55
GCA_011523155.1_ASM1152315v1_genomic_prodigal_proteins	2101	GCA_002171075.2_ASM217107v2_genomic_prodigal_proteins	1919	835	62.09	12.91	43.51
GCA_011523155.1_ASM1152315v1_genomic_prodigal_proteins	2101	GCA_002760395.1_ASM276039v1_genomic_prodigal_proteins	2661	609	51.23	10.98	28.99
GCA_011523155.1_ASM1152315v1_genomic_prodigal_proteins	2101	GCA_003209005.1_ASM320900v1_genomic_prodigal_proteins	2548	1126	71.30	12.72	53.59
GCA_011523155.1_ASM1152315v1_genomic_prodigal_proteins	2101	GCA_002017915.1_ASM201791v1_genomic_prodigal_proteins	623	204	61.50	12.71	32.74
GCA_011523155.1_ASM1152315v1_genomic_prodigal_proteins	2101	GCA_900047545.1_m9_genomic_prodigal_proteins	1575	622	59.81	12.44	39.49
GCA_011523155.1_ASM1152315v1_genomic_prodigal_proteins	2101	GCA_001632105.1_ASM163210v1_genomic_prodigal_proteins	3521	1304	71.26	12.86	62.07
GCA_011523155.1_ASM1152315v1_genomic_prodigal_proteins	2101	GCA_004212765.1_ASM421276v1_genomic_prodigal_proteins	1162	638	69.68	13.45	54.91
GCA_011523155.1_ASM1152315v1_genomic_prodigal_proteins	2101	GCA_002685515.1_ASM268551v1_genomic_prodigal_proteins	1286	699	71.11	12.80	54.35
GCA_011523155.1_ASM1152315v1_genomic_prodigal_proteins	2101	GCA_007828135.1_ASM782813v1_genomic_prodigal_proteins	2917	1120	64.85	12.66	53.31
GCA_011523155.1_ASM1152315v1_genomic_prodigal_proteins	2101	GCA_011047875.1_ASM1104787v1_genomic_prodigal_proteins	2810	611	51.36	11.00	29.08
GCA_011523155.1_ASM1152315v1_genomic_prodigal_proteins	2101	GCA_009840445.1_ASM984044v1_genomic_prodigal_proteins	2167	822	59.48	12.19	39.12
GCA_011523155.1_ASM1152315v1_genomic_prodigal_proteins	2101	GCA_003210995.1_ASM321099v1_genomic_prodigal_proteins	2385	963	70.61	12.99	45.84
GCA_011523155.1_ASM1152315v1_genomic_prodigal_proteins	2101	GCA_902616995.1_AG-919-L20_genomic_prodigal_proteins	654	272	68.38	13.88	41.59
GCA_011523155.1_ASM1152315v1_genomic_prodigal_proteins	2101	GCA_009845825.1_ASM984582v1_genomic_prodigal_proteins	2168	706	59.57	12.16	33.60
GCA_011523155.1_ASM1152315v1_genomic_prodigal_proteins	2101	GCA_000515235.1_ASM51523v1_genomic_prodigal_proteins	2873	1263	69.28	13.03	60.11
GCA_011523155.1_ASM1152315v1_genomic_prodigal_proteins	2101	GCA_003523965.1_ASM352396v1_genomic_prodigal_proteins	1735	518	60.55	12.28	29.86
GCA_011523155.1_ASM1152315v1_genomic_prodigal_proteins	2101	GCA_002684175.1_ASM268417v1_genomic_prodigal_proteins	1819	781	66.70	12.57	42.94
GCA_011523155.1_ASM1152315v1_genomic_prodigal_proteins	2101	GCA_011523295.1_ASM1152329v1_genomic_prodigal_proteins	2851	1101	69.55	13.48	52.40
GCA_011523155.1_ASM1152315v1_genomic_prodigal_proteins	2101	GCA_003211015.1_ASM321101v1_genomic_prodigal_proteins	2128	982	71.45	12.82	46.74
GCA_011523155.1_ASM1152315v1_genomic_prodigal_proteins	2101	GCA_002006815.1_ASM200681v1_genomic_prodigal_proteins	1973	950	62.83	13.02	48.15
GCA_003210935.1_ASM321093v1_genomic_prodigal_proteins	1868	GCA_003210535.1_ASM321053v1_genomic_prodigal_proteins	1257	439	69.22	14.39	34.92
GCA_003210935.1_ASM321093v1_genomic_prodigal_proteins	1868	GCA_002724845.1_ASM272484v1_genomic_prodigal_proteins	1589	808	70.77	13.47	50.85
GCA_003210935.1_ASM321093v1_genomic_prodigal_proteins	1868	GCA_000153285.1_ASM15328v1_genomic_prodigal_proteins	2746	1292	77.54	12.51	69.16
GCA_003210935.1_ASM321093v1_genomic_prodigal_proteins	1868	GCA_003211035.1_ASM321103v1_genomic_prodigal_proteins	530	227	68.62	14.68	42.83
GCA_003210935.1_ASM321093v1_genomic_prodigal_proteins	1868	GCA_001521855.1_ASM152185v1_genomic_prodigal_proteins	3144	711	53.59	13.03	38.06
GCA_003210935.1_ASM321093v1_genomic_prodigal_proteins	1868	GCA_009835965.1_ASM983596v1_genomic_prodigal_proteins	2105	775	60.87	12.76	41.49
GCA_003210935.1_ASM321093v1_genomic_prodigal_proteins	1868	GCA_012269695.1_ASM1226969v1_genomic_prodigal_proteins	2043	750	65.14	13.82	40.15
GCA_003210935.1_ASM321093v1_genomic_prodigal_proteins	1868	GCA_000737535.1_ASM73753v1_genomic_prodigal_proteins	3013	1213	70.34	14.14	64.94
GCA_003210935.1_ASM321093v1_genomic_prodigal_proteins	1868	GCA_000586015.1_SynSpo.0_genomic_prodigal_proteins	1907	623	61.10	13.63	33.35
GCA_003210935.1_ASM321093v1_genomic_prodigal_proteins	1868	GCA_002760345.1_ASM276034v1_genomic_prodigal_proteins	2731	620	53.16	11.79	33.19
GCA_003210935.1_ASM321093v1_genomic_prodigal_proteins	1868	GCA_000013225.1_ASM1322v1_genomic_prodigal_proteins	2844	626	52.96	11.87	33.51
GCA_003210935.1_ASM321093v1_genomic_prodigal_proteins	1868	GCA_000332275.1_ASM33227v1_genomic_prodigal_proteins	4564	688	51.77	12.25	36.83
GCA_003210935.1_ASM321093v1_genomic_prodigal_proteins	1868	GCA_002252675.1_ASM225267v1_genomic_prodigal_proteins	3295	1049	66.14	13.82	56.16
GCA_003210935.1_ASM321093v1_genomic_prodigal_proteins	1868	GCA_000737575.1_ASM73757v1_genomic_prodigal_proteins	2662	1209	70.97	13.95	64.72
GCA_003210935.1_ASM321093v1_genomic_prodigal_proteins	1868	GCA_902596755.1_AG-916-D19_genomic_prodigal_proteins	1152	469	70.37	14.32	40.71
GCA_003210935.1_ASM321093v1_genomic_prodigal_proteins	1868	GCA_003211455.1_ASM321145v1_genomic_prodigal_proteins	1186	370	68.45	15.06	31.20
GCA_003210935.1_ASM321093v1_genomic_prodigal_proteins	1868	GCA_003208755.1_ASM320875v1_genomic_prodigal_proteins	690	263	69.02	14.49	38.12
GCA_003210935.1_ASM321093v1_genomic_prodigal_proteins	1868	GCA_007571215.1_ASM757121v1_genomic_prodigal_proteins	1879	762	60.14	13.20	40.79
GCA_003210935.1_ASM321093v1_genomic_prodigal_proteins	1868	GCA_001007635.1_ASM100763v1_genomic_prodigal_proteins	2333	703	60.79	12.80	37.63
GCA_003210935.1_ASM321093v1_genomic_prodigal_proteins	1868	GCA_000179255.1_ASM17925v1_genomic_prodigal_proteins	2729	1095	66.62	14.16	58.62
GCA_003210935.1_ASM321093v1_genomic_prodigal_proteins	1868	GCA_003208975.1_ASM320897v1_genomic_prodigal_proteins	1804	639	69.79	14.93	35.42
GCA_003210935.1_ASM321093v1_genomic_prodigal_proteins	1868	GCA_012103655.1_ASM1210365v1_genomic_prodigal_proteins	2723	1254	73.97	12.89	67.13
GCA_003210935.1_ASM321093v1_genomic_prodigal_proteins	1868	GCA_902582045.1_AG-912-B07_genomic_prodigal_proteins	196	33	68.29	16.84	16.84
GCA_003210935.1_ASM321093v1_genomic_prodigal_proteins	1868	GCA_000153045.1_ASM15304v1_genomic_prodigal_proteins	3242	1082	66.35	13.76	57.92
GCA_003210935.1_ASM321093v1_genomic_prodigal_proteins	1868	GCA_902549675.1_AG-903-B09_genomic_prodigal_proteins	836	324	71.85	14.37	38.76
GCA_003210935.1_ASM321093v1_genomic_prodigal_proteins	1868	GCA_002018045.1_ASM201804v1_genomic_prodigal_proteins	1559	607	61.50	12.71	38.94
GCA_003210935.1_ASM321093v1_genomic_prodigal_proteins	1868	GCA_004213055.1_ASM421305v1_genomic_prodigal_proteins	2241	1088	73.40	13.42	58.24
GCA_003210935.1_ASM321093v1_genomic_prodigal_proteins	1868	GCA_007571085.1_ASM757108v1_genomic_prodigal_proteins	1784	751	60.16	13.12	42.10
GCA_003210935.1_ASM321093v1_genomic_prodigal_proteins	1868	GCA_009839805.1_ASM983980v1_genomic_prodigal_proteins	1848	519	58.35	12.44	28.08
GCA_003210935.1_ASM321093v1_genomic_prodigal_proteins	1868	GCA_003210375.1_ASM321037v1_genomic_prodigal_proteins	2155	886	69.77	14.32	47.43
GCA_003210935.1_ASM321093v1_genomic_prodigal_proteins	1868	GCA_004332415.1_ASM433241v1_genomic_prodigal_proteins	2408	1205	74.34	13.20	64.51
GCA_003210935.1_ASM321093v1_genomic_prodigal_proteins	1868	GCA_009836025.1_ASM983602v1_genomic_prodigal_proteins	2290	774	60.53	13.16	41.43
GCA_003210935.1_ASM321093v1_genomic_prodigal_proteins	1868	GCA_009843455.1_ASM984345v1_genomic_prodigal_proteins	2423	755	60.44	12.92	40.42
GCA_003210935.1_ASM321093v1_genomic_prodigal_proteins	1868	GCA_009843485.1_ASM984348v1_genomic_prodigal_proteins	2158	774	60.93	12.75	41.43
GCA_003210935.1_ASM321093v1_genomic_prodigal_proteins	1868	GCA_003283135.1_ASM328313v1_genomic_prodigal_proteins	459	132	71.68	14.49	28.76
GCA_003210935.1_ASM321093v1_genomic_prodigal_proteins	1868	GCA_902635485.1_AG-447-G23_genomic_prodigal_proteins	327	107	67.95	15.87	32.72
GCA_003210935.1_ASM321093v1_genomic_prodigal_proteins	1868	GCA_002760415.1_ASM276041v1_genomic_prodigal_proteins	2670	605	53.09	11.81	32.39
GCA_003210935.1_ASM321093v1_genomic_prodigal_proteins	1868	GCA_002754935.1_ASM275493v1_genomic_prodigal_proteins	2664	647	53.45	12.57	34.64
GCA_003210935.1_ASM321093v1_genomic_prodigal_proteins	1868	GCA_002171685.2_ASM217168v2_genomic_prodigal_proteins	811	463	73.88	13.19	57.09
GCA_003210935.1_ASM321093v1_genomic_prodigal_proteins	1868	GCA_000737595.1_ASM73759v1_genomic_prodigal_proteins	2774	1215	70.52	14.20	65.04
GCA_003210935.1_ASM321093v1_genomic_prodigal_proteins	1868	GCA_003331785.1_ASM333178v1_genomic_prodigal_proteins	2125	1154	74.33	12.67	61.78
GCA_003210935.1_ASM321093v1_genomic_prodigal_proteins	1868	GCA_009842265.1_ASM984226v1_genomic_prodigal_proteins	2398	775	60.51	13.02	41.49
GCA_003210935.1_ASM321093v1_genomic_prodigal_proteins	1868	GCA_902579345.1_AG-911-L15_genomic_prodigal_proteins	248	55	65.39	18.18	22.18
GCA_003210935.1_ASM321093v1_genomic_prodigal_proteins	1868	GCA_000011345.1_ASM1134v1_genomic_prodigal_proteins	2520	669	53.84	12.51	35.81
GCA_003210935.1_ASM321093v1_genomic_prodigal_proteins	1868	GCA_003210705.1_ASM321070v1_genomic_prodigal_proteins	2244	1032	92.45	11.02	55.25
GCA_003210935.1_ASM321093v1_genomic_prodigal_proteins	1868	GCA_000019485.1_ASM1948v1_genomic_prodigal_proteins	3233	711	53.65	13.03	38.06
GCA_003210935.1_ASM321093v1_genomic_prodigal_proteins	1868	GCA_003283055.1_ASM328305v1_genomic_prodigal_proteins	482	38	60.21	14.36	7.88
GCA_003210935.1_ASM321093v1_genomic_prodigal_proteins	1868	GCA_000010065.1_ASM1006v1_genomic_prodigal_proteins	2691	782	55.49	13.20	41.86
GCA_003210935.1_ASM321093v1_genomic_prodigal_proteins	1868	GCA_000316685.1_ASM31668v1_genomic_prodigal_proteins	3706	697	53.29	12.49	37.31
GCA_003210935.1_ASM321093v1_genomic_prodigal_proteins	1868	GCA_000063525.1_ASM6352v1_genomic_prodigal_proteins	2540	1078	65.76	14.31	57.71
GCA_003210935.1_ASM321093v1_genomic_prodigal_proteins	1868	GCA_003283165.1_ASM328316v1_genomic_prodigal_proteins	217	50	70.57	13.87	23.04
GCA_003210935.1_ASM321093v1_genomic_prodigal_proteins	1868	GCA_902540675.1_AG-359-E22_genomic_prodigal_proteins	584	180	70.34	17.49	30.82
GCA_003210935.1_ASM321093v1_genomic_prodigal_proteins	1868	GCA_011055065.1_ASM1105506v1_genomic_prodigal_proteins	2792	603	52.72	11.93	32.28
GCA_003210935.1_ASM321093v1_genomic_prodigal_proteins	1868	GCA_000013205.1_ASM1320v1_genomic_prodigal_proteins	2750	619	53.18	11.79	33.14
GCA_003210935.1_ASM321093v1_genomic_prodigal_proteins	1868	GCA_003539795.1_ASM353979v1_genomic_prodigal_proteins	2284	912	69.77	13.80	48.82
GCA_003210935.1_ASM321093v1_genomic_prodigal_proteins	1868	GCA_002171995.1_ASM217199v1_genomic_prodigal_proteins	1978	730	72.35	14.00	39.08
GCA_003210935.1_ASM321093v1_genomic_prodigal_proteins	1868	GCA_011523835.1_ASM1152383v1_genomic_prodigal_proteins	2468	1107	76.87	13.13	59.26
GCA_003210935.1_ASM321093v1_genomic_prodigal_proteins	1868	GCA_002172175.1_ASM217217v1_genomic_prodigal_proteins	1846	701	63.64	13.99	37.97
GCA_003210935.1_ASM321093v1_genomic_prodigal_proteins	1868	GCA_003208835.1_ASM320883v1_genomic_prodigal_proteins	2208	888	70.19	14.24	47.54
GCA_003210935.1_ASM321093v1_genomic_prodigal_proteins	1868	GCA_902589915.1_AG-914-F20_genomic_prodigal_proteins	373	63	72.12	15.49	16.89
GCA_003210935.1_ASM321093v1_genomic_prodigal_proteins	1868	GCA_000485815.1_ASM48581v1_genomic_prodigal_proteins	3083	689	53.77	12.98	36.88
GCA_003210935.1_ASM321093v1_genomic_prodigal_proteins	1868	GCA_008807075.1_ASM880707v1_genomic_prodigal_proteins	2925	1065	65.70	13.82	57.01
GCA_003210935.1_ASM321093v1_genomic_prodigal_proteins	1868	GCA_000179235.2_ASM17923v2_genomic_prodigal_proteins	3071	1083	67.34	13.72	57.98
GCA_003210935.1_ASM321093v1_genomic_prodigal_proteins	1868	GCA_003210795.1_ASM321079v1_genomic_prodigal_proteins	2239	937	70.06	14.17	50.16
GCA_003210935.1_ASM321093v1_genomic_prodigal_proteins	1868	GCA_002706715.1_ASM270671v1_genomic_prodigal_proteins	1148	645	70.88	13.68	56.18
GCA_003210935.1_ASM321093v1_genomic_prodigal_proteins	1868	GCA_003331245.1_ASM333124v1_genomic_prodigal_proteins	2021	1006	70.61	13.69	53.85
GCA_003210935.1_ASM321093v1_genomic_prodigal_proteins	1868	GCA_009843385.1_ASM984338v1_genomic_prodigal_proteins	2085	647	60.39	13.27	34.64
GCA_003210935.1_ASM321093v1_genomic_prodigal_proteins	1868	GCA_003211205.1_ASM321120v1_genomic_prodigal_proteins	2288	1161	94.26	8.08	62.15
GCA_003210935.1_ASM321093v1_genomic_prodigal_proteins	1868	GCA_000063505.1_ASM6350v1_genomic_prodigal_proteins	2558	1262	77.83	12.73	67.56
GCA_003210935.1_ASM321093v1_genomic_prodigal_proteins	1868	GCA_900474245.1_UW179B_genomic_prodigal_proteins	2743	1254	73.93	12.99	67.13
GCA_003210935.1_ASM321093v1_genomic_prodigal_proteins	1868	GCA_003210345.1_ASM321034v1_genomic_prodigal_proteins	1256	500	69.60	14.16	39.81
GCA_003210935.1_ASM321093v1_genomic_prodigal_proteins	1868	GCA_003210315.1_ASM321031v1_genomic_prodigal_proteins	1815	866	72.60	13.35	47.71
GCA_003210935.1_ASM321093v1_genomic_prodigal_proteins	1868	GCA_009836155.1_ASM983615v1_genomic_prodigal_proteins	1947	737	60.68	13.01	39.45
GCA_003210935.1_ASM321093v1_genomic_prodigal_proteins	1868	GCA_003990665.2_ASM399066v2_genomic_prodigal_proteins	2499	671	53.83	12.55	35.92
GCA_003210935.1_ASM321093v1_genomic_prodigal_proteins	1868	GCA_003209135.1_ASM320913v1_genomic_prodigal_proteins	1719	669	68.67	14.79	38.92
GCA_003210935.1_ASM321093v1_genomic_prodigal_proteins	1868	GCA_009845105.1_ASM984510v1_genomic_prodigal_proteins	1941	607	60.25	12.92	32.49
GCA_003210935.1_ASM321093v1_genomic_prodigal_proteins	1868	GCA_002690325.1_ASM269032v1_genomic_prodigal_proteins	2554	1071	70.08	13.83	57.33
GCA_003210935.1_ASM321093v1_genomic_prodigal_proteins	1868	GCA_000161795.2_ASM16179v2_genomic_prodigal_proteins	2407	1152	71.29	13.77	61.67
GCA_003210935.1_ASM321093v1_genomic_prodigal_proteins	1868	GCA_004211895.1_ASM421189v1_genomic_prodigal_proteins	954	450	70.52	13.65	47.17
GCA_003210935.1_ASM321093v1_genomic_prodigal_proteins	1868	GCA_003210735.1_ASM321073v1_genomic_prodigal_proteins	2337	896	69.02	14.25	47.97
GCA_003210935.1_ASM321093v1_genomic_prodigal_proteins	1868	GCA_003209035.1_ASM320903v1_genomic_prodigal_proteins	1803	654	69.24	14.26	36.27
GCA_003210935.1_ASM321093v1_genomic_prodigal_proteins	1868	GCA_003712085.1_ASM371208v1_genomic_prodigal_proteins	2745	1168	71.32	13.74	62.53
GCA_003210935.1_ASM321093v1_genomic_prodigal_proteins	1868	GCA_003212155.1_ASM321215v1_genomic_prodigal_proteins	262	81	64.24	17.03	30.92
GCA_003210935.1_ASM321093v1_genomic_prodigal_proteins	1868	GCA_001040845.1_ASM104084v1_genomic_prodigal_proteins	2917	1285	73.66	13.06	68.79
GCA_003210935.1_ASM321093v1_genomic_prodigal_proteins	1868	GCA_002018015.1_ASM201801v1_genomic_prodigal_proteins	1578	595	61.46	13.02	37.71
GCA_003210935.1_ASM321093v1_genomic_prodigal_proteins	1868	GCA_003211255.1_ASM321125v1_genomic_prodigal_proteins	1850	732	69.59	13.74	39.57
GCA_003210935.1_ASM321093v1_genomic_prodigal_proteins	1868	GCA_002721235.1_ASM272123v1_genomic_prodigal_proteins	3119	714	53.60	12.96	38.22
GCA_003210935.1_ASM321093v1_genomic_prodigal_proteins	1868	GCA_009839305.1_ASM983930v1_genomic_prodigal_proteins	1816	579	60.95	13.25	31.88
GCA_003210935.1_ASM321093v1_genomic_prodigal_proteins	1868	GCA_011365345.1_ASM1136534v1_genomic_prodigal_proteins	2655	1213	70.84	14.09	64.94
GCA_003210935.1_ASM321093v1_genomic_prodigal_proteins	1868	GCA_001039265.1_ASM103926v1_genomic_prodigal_proteins	2832	738	67.98	13.94	39.51
GCA_003210935.1_ASM321093v1_genomic_prodigal_proteins	1868	GCA_001628325.1_ASM162832v1_genomic_prodigal_proteins	2129	1047	71.26	13.65	56.05
GCA_003210935.1_ASM321093v1_genomic_prodigal_proteins	1868	GCA_003209215.1_ASM320921v1_genomic_prodigal_proteins	1679	604	71.27	14.04	35.97
GCA_003210935.1_ASM321093v1_genomic_prodigal_proteins	1868	GCA_002737305.1_ASM273730v1_genomic_prodigal_proteins	1951	826	66.82	13.73	44.22
GCA_003210935.1_ASM321093v1_genomic_prodigal_proteins	1868	GCA_003210515.1_ASM321051v1_genomic_prodigal_proteins	1673	669	68.96	14.30	39.99
GCA_003210935.1_ASM321093v1_genomic_prodigal_proteins	1868	GCA_011525445.1_ASM1152544v1_genomic_prodigal_proteins	3208	1018	72.19	13.14	54.50
GCA_003210935.1_ASM321093v1_genomic_prodigal_proteins	1868	GCA_902599435.1_AG-916-N22_genomic_prodigal_proteins	793	330	72.12	14.17	41.61
GCA_003210935.1_ASM321093v1_genomic_prodigal_proteins	1868	GCA_003149585.1_ASM314958v1_genomic_prodigal_proteins	2600	1102	66.77	14.12	58.99
GCA_003210935.1_ASM321093v1_genomic_prodigal_proteins	1868	GCA_902560665.1_AG-905-O11_genomic_prodigal_proteins	401	136	69.60	15.55	33.92
GCA_003210935.1_ASM321093v1_genomic_prodigal_proteins	1868	GCA_003331795.1_ASM333179v1_genomic_prodigal_proteins	1948	850	65.36	14.75	45.50
GCA_003210935.1_ASM321093v1_genomic_prodigal_proteins	1868	GCA_002017955.1_ASM201795v1_genomic_prodigal_proteins	512	180	60.88	12.79	35.16
GCA_003210935.1_ASM321093v1_genomic_prodigal_proteins	1868	GCA_902584485.1_AG-912-O23_genomic_prodigal_proteins	535	152	68.88	16.06	28.41
GCA_003210935.1_ASM321093v1_genomic_prodigal_proteins	1868	GCA_902527915.1_AG-896-G19_genomic_prodigal_proteins	1003	369	68.97	14.25	36.79
GCA_003210935.1_ASM321093v1_genomic_prodigal_proteins	1868	GCA_902635365.1_AG-447-D19_genomic_prodigal_proteins	1690	651	70.47	14.34	38.52
GCA_003210935.1_ASM321093v1_genomic_prodigal_proteins	1868	GCA_900474085.1_UW86_genomic_prodigal_proteins	2403	1165	71.34	13.83	62.37
GCA_003210935.1_ASM321093v1_genomic_prodigal_proteins	1868	GCA_001885215.1_ASM188521v1_genomic_prodigal_proteins	2897	1056	65.67	13.38	56.53
GCA_003210935.1_ASM321093v1_genomic_prodigal_proteins	1868	GCA_902575935.1_AG-426-B22_genomic_prodigal_proteins	254	114	74.36	15.78	44.88
GCA_003210935.1_ASM321093v1_genomic_prodigal_proteins	1868	GCA_900474295.1_UW140_genomic_prodigal_proteins	2925	1292	73.36	13.28	69.16
GCA_003210935.1_ASM321093v1_genomic_prodigal_proteins	1868	GCA_003211565.1_ASM321156v1_genomic_prodigal_proteins	1489	557	70.12	14.43	37.41
GCA_003210935.1_ASM321093v1_genomic_prodigal_proteins	1868	GCA_003526105.1_ASM352610v1_genomic_prodigal_proteins	1581	628	71.06	14.35	39.72
GCA_003210935.1_ASM321093v1_genomic_prodigal_proteins	1868	GCA_002172935.1_ASM217293v1_genomic_prodigal_proteins	1996	947	77.37	12.21	50.70
GCA_003210935.1_ASM321093v1_genomic_prodigal_proteins	1868	GCA_003210335.1_ASM321033v1_genomic_prodigal_proteins	942	391	86.12	14.25	41.51
GCA_003210935.1_ASM321093v1_genomic_prodigal_proteins	1868	GCA_009846115.1_ASM984611v1_genomic_prodigal_proteins	2048	690	60.59	12.87	36.94
GCA_003210935.1_ASM321093v1_genomic_prodigal_proteins	1868	GCA_001693295.1_ASM169329v1_genomic_prodigal_proteins	3183	713	53.56	13.04	38.17
GCA_003210935.1_ASM321093v1_genomic_prodigal_proteins	1868	GCA_900473965.1_UW179A_genomic_prodigal_proteins	3383	1502	89.93	9.52	80.41
GCA_003210935.1_ASM321093v1_genomic_prodigal_proteins	1868	GCA_003213755.1_ASM321375v1_genomic_prodigal_proteins	1050	390	64.34	14.81	37.14
GCA_003210935.1_ASM321093v1_genomic_prodigal_proteins	1868	GCA_003209155.1_ASM320915v1_genomic_prodigal_proteins	2305	1201	93.85	8.54	64.29
GCA_003210935.1_ASM321093v1_genomic_prodigal_proteins	1868	GCA_003211515.1_ASM321151v1_genomic_prodigal_proteins	2451	859	69.22	14.46	45.99
GCA_003210935.1_ASM321093v1_genomic_prodigal_proteins	1868	GCA_002693285.1_ASM269328v1_genomic_prodigal_proteins	2440	1208	80.28	11.46	64.67
GCA_003210935.1_ASM321093v1_genomic_prodigal_proteins	1868	GCA_003210555.1_ASM321055v1_genomic_prodigal_proteins	1847	749	72.26	13.55	40.55
GCA_003210935.1_ASM321093v1_genomic_prodigal_proteins	1868	GCA_000155595.1_ASM15559v1_genomic_prodigal_proteins	5270	744	52.63	12.96	39.83
GCA_003210935.1_ASM321093v1_genomic_prodigal_proteins	1868	GCA_001007665.1_ASM100766v1_genomic_prodigal_proteins	2356	784	60.51	12.87	41.97
GCA_003210935.1_ASM321093v1_genomic_prodigal_proteins	1868	GCA_009919765.1_ASM991976v1_genomic_prodigal_proteins	2524	728	65.32	14.20	38.97
GCA_003210935.1_ASM321093v1_genomic_prodigal_proteins	1868	GCA_003331225.1_ASM333122v1_genomic_prodigal_proteins	2113	929	65.48	14.09	49.73
GCA_003210935.1_ASM321093v1_genomic_prodigal_proteins	1868	GCA_900177825.1_IMG-taxon_2708742468_annotated_assembly_genomic_prodigal_proteins	3317	702	53.73	13.04	37.58
GCA_003210935.1_ASM321093v1_genomic_prodigal_proteins	1868	GCA_000195975.1_ASM19597v1_genomic_prodigal_proteins	2719	1166	71.40	13.68	62.42
GCA_003210935.1_ASM321093v1_genomic_prodigal_proteins	1868	GCA_902618885.1_AG-920-D15_genomic_prodigal_proteins	1178	480	71.47	14.99	40.75
GCA_003210935.1_ASM321093v1_genomic_prodigal_proteins	1868	GCA_003209165.1_ASM320916v1_genomic_prodigal_proteins	2711	1012	70.64	14.01	54.18
GCA_003210935.1_ASM321093v1_genomic_prodigal_proteins	1868	GCA_001007625.1_ASM100762v1_genomic_prodigal_proteins	2478	701	60.73	13.19	37.53
GCA_003210935.1_ASM321093v1_genomic_prodigal_proteins	1868	GCA_008386235.1_ASM838623v1_genomic_prodigal_proteins	2571	666	53.62	12.62	35.65
GCA_003210935.1_ASM321093v1_genomic_prodigal_proteins	1868	GCA_001631935.1_ASM163193v1_genomic_prodigal_proteins	3526	1477	90.23	8.93	79.07
GCA_003210935.1_ASM321093v1_genomic_prodigal_proteins	1868	GCA_002151525.1_ASM215152v1_genomic_prodigal_proteins	1628	700	63.52	14.01	43.00
GCA_003210935.1_ASM321093v1_genomic_prodigal_proteins	1868	GCA_000153065.1_ASM15306v1_genomic_prodigal_proteins	2704	1171	74.41	12.93	62.69
GCA_003210935.1_ASM321093v1_genomic_prodigal_proteins	1868	GCA_009837265.1_ASM983726v1_genomic_prodigal_proteins	2126	728	60.76	12.70	38.97
GCA_003210935.1_ASM321093v1_genomic_prodigal_proteins	1868	GCA_902533725.1_AG-898-C20_genomic_prodigal_proteins	421	123	70.20	14.72	29.22
GCA_003210935.1_ASM321093v1_genomic_prodigal_proteins	1868	GCA_002171075.2_ASM217107v2_genomic_prodigal_proteins	1919	795	63.88	13.54	42.56
GCA_003210935.1_ASM321093v1_genomic_prodigal_proteins	1868	GCA_002760395.1_ASM276039v1_genomic_prodigal_proteins	2661	604	53.15	11.86	32.33
GCA_003210935.1_ASM321093v1_genomic_prodigal_proteins	1868	GCA_003209005.1_ASM320900v1_genomic_prodigal_proteins	2548	1321	97.11	7.04	70.72
GCA_003210935.1_ASM321093v1_genomic_prodigal_proteins	1868	GCA_002017915.1_ASM201791v1_genomic_prodigal_proteins	623	243	62.21	13.24	39.00
GCA_003210935.1_ASM321093v1_genomic_prodigal_proteins	1868	GCA_900047545.1_m9_genomic_prodigal_proteins	1575	620	60.70	12.91	39.37
GCA_003210935.1_ASM321093v1_genomic_prodigal_proteins	1868	GCA_001632105.1_ASM163210v1_genomic_prodigal_proteins	3521	1493	90.09	9.22	79.93
GCA_003210935.1_ASM321093v1_genomic_prodigal_proteins	1868	GCA_004212765.1_ASM421276v1_genomic_prodigal_proteins	1162	625	70.75	13.72	53.79
GCA_003210935.1_ASM321093v1_genomic_prodigal_proteins	1868	GCA_002685515.1_ASM268551v1_genomic_prodigal_proteins	1286	649	89.81	10.86	50.47
GCA_003210935.1_ASM321093v1_genomic_prodigal_proteins	1868	GCA_007828135.1_ASM782813v1_genomic_prodigal_proteins	2917	1055	65.68	13.39	56.48
GCA_003210935.1_ASM321093v1_genomic_prodigal_proteins	1868	GCA_011047875.1_ASM1104787v1_genomic_prodigal_proteins	2810	624	52.80	11.95	33.40
GCA_003210935.1_ASM321093v1_genomic_prodigal_proteins	1868	GCA_009840445.1_ASM984044v1_genomic_prodigal_proteins	2167	804	60.86	12.84	43.04
GCA_003210935.1_ASM321093v1_genomic_prodigal_proteins	1868	GCA_003210995.1_ASM321099v1_genomic_prodigal_proteins	2385	1141	93.55	9.36	61.08
GCA_003210935.1_ASM321093v1_genomic_prodigal_proteins	1868	GCA_902616995.1_AG-919-L20_genomic_prodigal_proteins	654	224	70.30	14.31	34.25
GCA_003210935.1_ASM321093v1_genomic_prodigal_proteins	1868	GCA_009845825.1_ASM984582v1_genomic_prodigal_proteins	2168	675	60.69	12.99	36.13
GCA_003210935.1_ASM321093v1_genomic_prodigal_proteins	1868	GCA_000515235.1_ASM51523v1_genomic_prodigal_proteins	2873	1212	70.30	14.20	64.88
GCA_003210935.1_ASM321093v1_genomic_prodigal_proteins	1868	GCA_003523965.1_ASM352396v1_genomic_prodigal_proteins	1735	506	61.82	13.34	29.16
GCA_003210935.1_ASM321093v1_genomic_prodigal_proteins	1868	GCA_002684175.1_ASM268417v1_genomic_prodigal_proteins	1819	764	69.37	13.35	42.00
GCA_003210935.1_ASM321093v1_genomic_prodigal_proteins	1868	GCA_011523295.1_ASM1152329v1_genomic_prodigal_proteins	2851	928	69.48	13.82	49.68
GCA_003210935.1_ASM321093v1_genomic_prodigal_proteins	1868	GCA_003211015.1_ASM321101v1_genomic_prodigal_proteins	2128	1142	97.11	7.03	61.13
GCA_003210935.1_ASM321093v1_genomic_prodigal_proteins	1868	GCA_002006815.1_ASM200681v1_genomic_prodigal_proteins	1973	909	64.09	13.99	48.66
GCA_000153805.1_ASM15380v1_genomic_prodigal_proteins	2517	GCA_003283205.1_ASM328320v1_genomic_prodigal_proteins	274	86	67.32	15.98	31.39
GCA_000153805.1_ASM15380v1_genomic_prodigal_proteins	2517	GCA_900473925.1_N5_genomic_prodigal_proteins	2417	1844	77.47	12.59	76.29
GCA_000153805.1_ASM15380v1_genomic_prodigal_proteins	2517	GCA_902592665.1_AG-447-E14_genomic_prodigal_proteins	1111	704	89.60	10.90	63.37
GCA_000153805.1_ASM15380v1_genomic_prodigal_proteins	2517	GCA_011523155.1_ASM1152315v1_genomic_prodigal_proteins	2101	1240	68.96	13.02	59.02
GCA_000153805.1_ASM15380v1_genomic_prodigal_proteins	2517	GCA_003211275.1_ASM321127v1_genomic_prodigal_proteins	2168	1247	69.23	13.91	57.52
GCA_000153805.1_ASM15380v1_genomic_prodigal_proteins	2517	GCA_003957805.1_ASM395780v1_genomic_prodigal_proteins	2887	1179	55.70	13.11	46.84
GCA_000153805.1_ASM15380v1_genomic_prodigal_proteins	2517	GCA_012270465.1_ASM1227046v1_genomic_prodigal_proteins	2311	1314	64.44	13.89	56.86
GCA_000153805.1_ASM15380v1_genomic_prodigal_proteins	2517	GCA_001693255.1_ASM169325v1_genomic_prodigal_proteins	3177	1067	53.37	12.81	42.39
GCA_000153805.1_ASM15380v1_genomic_prodigal_proteins	2517	GCA_003210385.1_ASM321038v1_genomic_prodigal_proteins	286	210	70.87	14.22	73.43
GCA_000153805.1_ASM15380v1_genomic_prodigal_proteins	2517	GCA_002170705.1_ASM217070v1_genomic_prodigal_proteins	1392	1021	75.13	12.85	73.35
GCA_000153805.1_ASM15380v1_genomic_prodigal_proteins	2517	GCA_002356215.1_ASM235621v1_genomic_prodigal_proteins	2953	1055	53.50	12.90	41.91
GCA_000153805.1_ASM15380v1_genomic_prodigal_proteins	2517	GCA_003210935.1_ASM321093v1_genomic_prodigal_proteins	1868	1208	70.05	14.14	64.67
GCA_000153805.1_ASM15380v1_genomic_prodigal_proteins	2517	GCA_003210535.1_ASM321053v1_genomic_prodigal_proteins	1257	830	89.00	8.79	66.03
GCA_000153805.1_ASM15380v1_genomic_prodigal_proteins	2517	GCA_002724845.1_ASM272484v1_genomic_prodigal_proteins	1589	1299	77.33	11.84	81.75
GCA_000153805.1_ASM15380v1_genomic_prodigal_proteins	2517	GCA_000153285.1_ASM15328v1_genomic_prodigal_proteins	2746	1826	70.17	13.84	72.55
GCA_000153805.1_ASM15380v1_genomic_prodigal_proteins	2517	GCA_003211035.1_ASM321103v1_genomic_prodigal_proteins	530	336	74.05	13.54	63.40
GCA_000153805.1_ASM15380v1_genomic_prodigal_proteins	2517	GCA_001521855.1_ASM152185v1_genomic_prodigal_proteins	3144	1065	53.39	12.81	42.31
GCA_000153805.1_ASM15380v1_genomic_prodigal_proteins	2517	GCA_009835965.1_ASM983596v1_genomic_prodigal_proteins	2105	1175	60.75	12.90	55.82
GCA_000153805.1_ASM15380v1_genomic_prodigal_proteins	2517	GCA_012269695.1_ASM1226969v1_genomic_prodigal_proteins	2043	1115	64.69	13.97	54.58
GCA_000153805.1_ASM15380v1_genomic_prodigal_proteins	2517	GCA_000737535.1_ASM73753v1_genomic_prodigal_proteins	3013	1918	74.31	13.14	76.20
GCA_000153805.1_ASM15380v1_genomic_prodigal_proteins	2517	GCA_000586015.1_SynSpo.0_genomic_prodigal_proteins	1907	907	61.73	13.32	47.56
GCA_000153805.1_ASM15380v1_genomic_prodigal_proteins	2517	GCA_002760345.1_ASM276034v1_genomic_prodigal_proteins	2731	916	52.81	12.10	36.39
GCA_000153805.1_ASM15380v1_genomic_prodigal_proteins	2517	GCA_000013225.1_ASM1322v1_genomic_prodigal_proteins	2844	916	52.70	12.26	36.39
GCA_000153805.1_ASM15380v1_genomic_prodigal_proteins	2517	GCA_000332275.1_ASM33227v1_genomic_prodigal_proteins	4564	1016	52.10	12.29	40.37
GCA_000153805.1_ASM15380v1_genomic_prodigal_proteins	2517	GCA_002252675.1_ASM225267v1_genomic_prodigal_proteins	3295	1556	66.15	13.64	61.82
GCA_000153805.1_ASM15380v1_genomic_prodigal_proteins	2517	GCA_000737575.1_ASM73757v1_genomic_prodigal_proteins	2662	1947	75.59	13.07	77.35
GCA_000153805.1_ASM15380v1_genomic_prodigal_proteins	2517	GCA_902596755.1_AG-916-D19_genomic_prodigal_proteins	1152	672	74.82	14.06	58.33
GCA_000153805.1_ASM15380v1_genomic_prodigal_proteins	2517	GCA_003211455.1_ASM321145v1_genomic_prodigal_proteins	1186	694	75.03	13.56	58.52
GCA_000153805.1_ASM15380v1_genomic_prodigal_proteins	2517	GCA_003208755.1_ASM320875v1_genomic_prodigal_proteins	690	541	97.24	6.19	78.41
GCA_000153805.1_ASM15380v1_genomic_prodigal_proteins	2517	GCA_007571215.1_ASM757121v1_genomic_prodigal_proteins	1879	1147	60.41	12.89	61.04
GCA_000153805.1_ASM15380v1_genomic_prodigal_proteins	2517	GCA_001007635.1_ASM100763v1_genomic_prodigal_proteins	2333	1077	60.77	12.89	46.16
GCA_000153805.1_ASM15380v1_genomic_prodigal_proteins	2517	GCA_000179255.1_ASM17925v1_genomic_prodigal_proteins	2729	1624	66.43	13.89	64.52
GCA_000153805.1_ASM15380v1_genomic_prodigal_proteins	2517	GCA_003208975.1_ASM320897v1_genomic_prodigal_proteins	1804	1021	74.47	13.52	56.60
GCA_000153805.1_ASM15380v1_genomic_prodigal_proteins	2517	GCA_012103655.1_ASM1210365v1_genomic_prodigal_proteins	2723	1834	70.10	13.87	72.86
GCA_000153805.1_ASM15380v1_genomic_prodigal_proteins	2517	GCA_902582045.1_AG-912-B07_genomic_prodigal_proteins	196	90	69.73	16.55	45.92
GCA_000153805.1_ASM15380v1_genomic_prodigal_proteins	2517	GCA_000153045.1_ASM15304v1_genomic_prodigal_proteins	3242	1635	67.51	15.38	64.96
GCA_000153805.1_ASM15380v1_genomic_prodigal_proteins	2517	GCA_902549675.1_AG-903-B09_genomic_prodigal_proteins	836	472	75.51	14.55	56.46
GCA_000153805.1_ASM15380v1_genomic_prodigal_proteins	2517	GCA_002018045.1_ASM201804v1_genomic_prodigal_proteins	1559	921	61.46	12.74	59.08
GCA_000153805.1_ASM15380v1_genomic_prodigal_proteins	2517	GCA_004213055.1_ASM421305v1_genomic_prodigal_proteins	2241	1578	70.74	13.61	70.41
GCA_000153805.1_ASM15380v1_genomic_prodigal_proteins	2517	GCA_007571085.1_ASM757108v1_genomic_prodigal_proteins	1784	1125	60.32	12.97	63.06
GCA_000153805.1_ASM15380v1_genomic_prodigal_proteins	2517	GCA_009839805.1_ASM983980v1_genomic_prodigal_proteins	1848	777	58.88	12.32	42.05
GCA_000153805.1_ASM15380v1_genomic_prodigal_proteins	2517	GCA_003210375.1_ASM321037v1_genomic_prodigal_proteins	2155	1570	89.38	8.73	72.85
GCA_000153805.1_ASM15380v1_genomic_prodigal_proteins	2517	GCA_004332415.1_ASM433241v1_genomic_prodigal_proteins	2408	1753	70.98	13.61	72.80
GCA_000153805.1_ASM15380v1_genomic_prodigal_proteins	2517	GCA_009836025.1_ASM983602v1_genomic_prodigal_proteins	2290	1162	60.85	12.85	50.74
GCA_000153805.1_ASM15380v1_genomic_prodigal_proteins	2517	GCA_009843455.1_ASM984345v1_genomic_prodigal_proteins	2423	1138	60.61	12.78	46.97
GCA_000153805.1_ASM15380v1_genomic_prodigal_proteins	2517	GCA_009843485.1_ASM984348v1_genomic_prodigal_proteins	2158	1174	60.76	13.00	54.40
GCA_000153805.1_ASM15380v1_genomic_prodigal_proteins	2517	GCA_003283135.1_ASM328313v1_genomic_prodigal_proteins	459	154	66.62	15.73	33.55
GCA_000153805.1_ASM15380v1_genomic_prodigal_proteins	2517	GCA_902635485.1_AG-447-G23_genomic_prodigal_proteins	327	155	70.65	16.25	47.40
GCA_000153805.1_ASM15380v1_genomic_prodigal_proteins	2517	GCA_002760415.1_ASM276041v1_genomic_prodigal_proteins	2670	903	52.79	12.13	35.88
GCA_000153805.1_ASM15380v1_genomic_prodigal_proteins	2517	GCA_002754935.1_ASM275493v1_genomic_prodigal_proteins	2664	981	53.41	12.66	38.97
GCA_000153805.1_ASM15380v1_genomic_prodigal_proteins	2517	GCA_002171685.2_ASM217168v2_genomic_prodigal_proteins	811	649	71.16	12.95	80.02
GCA_000153805.1_ASM15380v1_genomic_prodigal_proteins	2517	GCA_000737595.1_ASM73759v1_genomic_prodigal_proteins	2774	1943	76.80	12.73	77.20
GCA_000153805.1_ASM15380v1_genomic_prodigal_proteins	2517	GCA_003331785.1_ASM333178v1_genomic_prodigal_proteins	2125	1669	70.44	13.64	78.54
GCA_000153805.1_ASM15380v1_genomic_prodigal_proteins	2517	GCA_009842265.1_ASM984226v1_genomic_prodigal_proteins	2398	1154	60.86	12.82	48.12
GCA_000153805.1_ASM15380v1_genomic_prodigal_proteins	2517	GCA_902579345.1_AG-911-L15_genomic_prodigal_proteins	248	113	71.05	15.84	45.56
GCA_000153805.1_ASM15380v1_genomic_prodigal_proteins	2517	GCA_000011345.1_ASM1134v1_genomic_prodigal_proteins	2520	1009	53.72	12.66	40.09
GCA_000153805.1_ASM15380v1_genomic_prodigal_proteins	2517	GCA_003210705.1_ASM321070v1_genomic_prodigal_proteins	2244	1363	69.51	14.03	60.74
GCA_000153805.1_ASM15380v1_genomic_prodigal_proteins	2517	GCA_000019485.1_ASM1948v1_genomic_prodigal_proteins	3233	1067	53.30	12.88	42.39
GCA_000153805.1_ASM15380v1_genomic_prodigal_proteins	2517	GCA_003283055.1_ASM328305v1_genomic_prodigal_proteins	482	109	69.92	14.76	22.61
GCA_000153805.1_ASM15380v1_genomic_prodigal_proteins	2517	GCA_000010065.1_ASM1006v1_genomic_prodigal_proteins	2691	1170	55.58	13.11	46.48
GCA_000153805.1_ASM15380v1_genomic_prodigal_proteins	2517	GCA_000316685.1_ASM31668v1_genomic_prodigal_proteins	3706	1034	53.33	12.65	41.08
GCA_000153805.1_ASM15380v1_genomic_prodigal_proteins	2517	GCA_000063525.1_ASM6352v1_genomic_prodigal_proteins	2540	1624	65.57	14.32	64.52
GCA_000153805.1_ASM15380v1_genomic_prodigal_proteins	2517	GCA_003283165.1_ASM328316v1_genomic_prodigal_proteins	217	80	70.71	16.59	36.87
GCA_000153805.1_ASM15380v1_genomic_prodigal_proteins	2517	GCA_902540675.1_AG-359-E22_genomic_prodigal_proteins	584	331	74.22	15.19	56.68
GCA_000153805.1_ASM15380v1_genomic_prodigal_proteins	2517	GCA_011055065.1_ASM1105506v1_genomic_prodigal_proteins	2792	873	52.76	12.28	34.68
GCA_000153805.1_ASM15380v1_genomic_prodigal_proteins	2517	GCA_000013205.1_ASM1320v1_genomic_prodigal_proteins	2750	913	52.90	12.08	36.27
GCA_000153805.1_ASM15380v1_genomic_prodigal_proteins	2517	GCA_003539795.1_ASM353979v1_genomic_prodigal_proteins	2284	1452	74.63	12.54	63.57
GCA_000153805.1_ASM15380v1_genomic_prodigal_proteins	2517	GCA_002171995.1_ASM217199v1_genomic_prodigal_proteins	1978	1028	70.39	13.56	51.97
GCA_000153805.1_ASM15380v1_genomic_prodigal_proteins	2517	GCA_011523835.1_ASM1152383v1_genomic_prodigal_proteins	2468	1554	70.18	13.75	62.97
GCA_000153805.1_ASM15380v1_genomic_prodigal_proteins	2517	GCA_002172175.1_ASM217217v1_genomic_prodigal_proteins	1846	1037	64.09	13.86	56.18
GCA_000153805.1_ASM15380v1_genomic_prodigal_proteins	2517	GCA_003208835.1_ASM320883v1_genomic_prodigal_proteins	2208	1544	89.58	9.11	69.93
GCA_000153805.1_ASM15380v1_genomic_prodigal_proteins	2517	GCA_902589915.1_AG-914-F20_genomic_prodigal_proteins	373	163	75.91	14.19	43.70
GCA_000153805.1_ASM15380v1_genomic_prodigal_proteins	2517	GCA_000485815.1_ASM48581v1_genomic_prodigal_proteins	3083	1034	53.51	12.82	41.08
GCA_000153805.1_ASM15380v1_genomic_prodigal_proteins	2517	GCA_008807075.1_ASM880707v1_genomic_prodigal_proteins	2925	1611	65.56	13.64	64.00
GCA_000153805.1_ASM15380v1_genomic_prodigal_proteins	2517	GCA_000179235.2_ASM17923v2_genomic_prodigal_proteins	3071	1628	66.86	13.81	64.68
GCA_000153805.1_ASM15380v1_genomic_prodigal_proteins	2517	GCA_003210795.1_ASM321079v1_genomic_prodigal_proteins	2239	1442	74.60	13.36	64.40
GCA_000153805.1_ASM15380v1_genomic_prodigal_proteins	2517	GCA_002706715.1_ASM270671v1_genomic_prodigal_proteins	1148	908	75.81	12.79	79.09
GCA_000153805.1_ASM15380v1_genomic_prodigal_proteins	2517	GCA_003331245.1_ASM333124v1_genomic_prodigal_proteins	2021	1570	75.23	12.76	77.68
GCA_000153805.1_ASM15380v1_genomic_prodigal_proteins	2517	GCA_009843385.1_ASM984338v1_genomic_prodigal_proteins	2085	969	60.96	12.94	46.47
GCA_000153805.1_ASM15380v1_genomic_prodigal_proteins	2517	GCA_003211205.1_ASM321120v1_genomic_prodigal_proteins	2288	1439	69.93	13.82	62.89
GCA_000153805.1_ASM15380v1_genomic_prodigal_proteins	2517	GCA_000063505.1_ASM6350v1_genomic_prodigal_proteins	2558	1781	70.25	14.07	70.76
GCA_000153805.1_ASM15380v1_genomic_prodigal_proteins	2517	GCA_900474245.1_UW179B_genomic_prodigal_proteins	2743	1843	70.10	13.92	73.22
GCA_000153805.1_ASM15380v1_genomic_prodigal_proteins	2517	GCA_003210345.1_ASM321034v1_genomic_prodigal_proteins	1256	910	89.46	9.05	72.45
GCA_000153805.1_ASM15380v1_genomic_prodigal_proteins	2517	GCA_003210315.1_ASM321031v1_genomic_prodigal_proteins	1815	1124	69.39	14.12	61.93
GCA_000153805.1_ASM15380v1_genomic_prodigal_proteins	2517	GCA_009836155.1_ASM983615v1_genomic_prodigal_proteins	1947	1099	60.96	12.75	56.45
GCA_000153805.1_ASM15380v1_genomic_prodigal_proteins	2517	GCA_003990665.2_ASM399066v2_genomic_prodigal_proteins	2499	1015	53.66	12.68	40.62
GCA_000153805.1_ASM15380v1_genomic_prodigal_proteins	2517	GCA_003209135.1_ASM320913v1_genomic_prodigal_proteins	1719	1032	73.06	13.68	60.03
GCA_000153805.1_ASM15380v1_genomic_prodigal_proteins	2517	GCA_009845105.1_ASM984510v1_genomic_prodigal_proteins	1941	921	60.35	12.95	47.45
GCA_000153805.1_ASM15380v1_genomic_prodigal_proteins	2517	GCA_002690325.1_ASM269032v1_genomic_prodigal_proteins	2554	1792	73.81	13.28	71.20
GCA_000153805.1_ASM15380v1_genomic_prodigal_proteins	2517	GCA_000161795.2_ASM16179v2_genomic_prodigal_proteins	2407	1860	77.41	12.59	77.27
GCA_000153805.1_ASM15380v1_genomic_prodigal_proteins	2517	GCA_004211895.1_ASM421189v1_genomic_prodigal_proteins	954	752	78.14	12.11	78.83
GCA_000153805.1_ASM15380v1_genomic_prodigal_proteins	2517	GCA_003210735.1_ASM321073v1_genomic_prodigal_proteins	2337	1467	74.33	13.30	62.77
GCA_000153805.1_ASM15380v1_genomic_prodigal_proteins	2517	GCA_003209035.1_ASM320903v1_genomic_prodigal_proteins	1803	1087	74.09	13.66	60.29
GCA_000153805.1_ASM15380v1_genomic_prodigal_proteins	2517	GCA_003712085.1_ASM371208v1_genomic_prodigal_proteins	2745	1908	76.20	13.00	75.80
GCA_000153805.1_ASM15380v1_genomic_prodigal_proteins	2517	GCA_003212155.1_ASM321215v1_genomic_prodigal_proteins	262	113	63.31	17.73	43.13
GCA_000153805.1_ASM15380v1_genomic_prodigal_proteins	2517	GCA_001040845.1_ASM104084v1_genomic_prodigal_proteins	2917	1858	70.15	13.89	73.82
GCA_000153805.1_ASM15380v1_genomic_prodigal_proteins	2517	GCA_002018015.1_ASM201801v1_genomic_prodigal_proteins	1578	895	61.59	13.01	56.72
GCA_000153805.1_ASM15380v1_genomic_prodigal_proteins	2517	GCA_003211255.1_ASM321125v1_genomic_prodigal_proteins	1850	1086	74.07	13.51	58.70
GCA_000153805.1_ASM15380v1_genomic_prodigal_proteins	2517	GCA_002721235.1_ASM272123v1_genomic_prodigal_proteins	3119	1065	53.37	12.78	42.31
GCA_000153805.1_ASM15380v1_genomic_prodigal_proteins	2517	GCA_009839305.1_ASM983930v1_genomic_prodigal_proteins	1816	867	61.20	13.21	47.74
GCA_000153805.1_ASM15380v1_genomic_prodigal_proteins	2517	GCA_011365345.1_ASM1136534v1_genomic_prodigal_proteins	2655	1985	76.84	12.92	78.86
GCA_000153805.1_ASM15380v1_genomic_prodigal_proteins	2517	GCA_001039265.1_ASM103926v1_genomic_prodigal_proteins	2832	1089	67.77	13.71	43.27
GCA_000153805.1_ASM15380v1_genomic_prodigal_proteins	2517	GCA_001628325.1_ASM162832v1_genomic_prodigal_proteins	2129	1699	77.70	12.36	79.80
GCA_000153805.1_ASM15380v1_genomic_prodigal_proteins	2517	GCA_003209215.1_ASM320921v1_genomic_prodigal_proteins	1679	986	76.38	13.25	58.73
GCA_000153805.1_ASM15380v1_genomic_prodigal_proteins	2517	GCA_002737305.1_ASM273730v1_genomic_prodigal_proteins	1951	1212	66.48	13.76	62.12
GCA_000153805.1_ASM15380v1_genomic_prodigal_proteins	2517	GCA_003210515.1_ASM321051v1_genomic_prodigal_proteins	1673	1300	93.07	7.63	77.70
GCA_000153805.1_ASM15380v1_genomic_prodigal_proteins	2517	GCA_011525445.1_ASM1152544v1_genomic_prodigal_proteins	3208	1479	68.90	13.73	58.76
GCA_000153805.1_ASM15380v1_genomic_prodigal_proteins	2517	GCA_902599435.1_AG-916-N22_genomic_prodigal_proteins	793	489	75.80	14.40	61.66
GCA_000153805.1_ASM15380v1_genomic_prodigal_proteins	2517	GCA_003149585.1_ASM314958v1_genomic_prodigal_proteins	2600	1652	66.36	14.09	65.63
GCA_000153805.1_ASM15380v1_genomic_prodigal_proteins	2517	GCA_902560665.1_AG-905-O11_genomic_prodigal_proteins	401	212	75.14	14.00	52.87
GCA_000153805.1_ASM15380v1_genomic_prodigal_proteins	2517	GCA_003331795.1_ASM333179v1_genomic_prodigal_proteins	1948	1298	65.39	14.50	66.63
GCA_000153805.1_ASM15380v1_genomic_prodigal_proteins	2517	GCA_002017955.1_ASM201795v1_genomic_prodigal_proteins	512	256	61.18	12.55	50.00
GCA_000153805.1_ASM15380v1_genomic_prodigal_proteins	2517	GCA_902584485.1_AG-912-O23_genomic_prodigal_proteins	535	252	74.23	14.74	47.10
GCA_000153805.1_ASM15380v1_genomic_prodigal_proteins	2517	GCA_902527915.1_AG-896-G19_genomic_prodigal_proteins	1003	633	75.10	14.02	63.11
GCA_000153805.1_ASM15380v1_genomic_prodigal_proteins	2517	GCA_902635365.1_AG-447-D19_genomic_prodigal_proteins	1690	1124	90.57	10.21	66.51
GCA_000153805.1_ASM15380v1_genomic_prodigal_proteins	2517	GCA_900474085.1_UW86_genomic_prodigal_proteins	2403	1893	77.28	12.71	78.78
GCA_000153805.1_ASM15380v1_genomic_prodigal_proteins	2517	GCA_001885215.1_ASM188521v1_genomic_prodigal_proteins	2897	1587	65.53	13.38	63.05
GCA_000153805.1_ASM15380v1_genomic_prodigal_proteins	2517	GCA_902575935.1_AG-426-B22_genomic_prodigal_proteins	254	170	78.85	13.72	66.93
GCA_000153805.1_ASM15380v1_genomic_prodigal_proteins	2517	GCA_900474295.1_UW140_genomic_prodigal_proteins	2925	1862	70.29	13.83	73.98
GCA_000153805.1_ASM15380v1_genomic_prodigal_proteins	2517	GCA_003211565.1_ASM321156v1_genomic_prodigal_proteins	1489	889	75.71	13.41	59.70
GCA_000153805.1_ASM15380v1_genomic_prodigal_proteins	2517	GCA_003526105.1_ASM352610v1_genomic_prodigal_proteins	1581	989	78.60	12.19	62.56
GCA_000153805.1_ASM15380v1_genomic_prodigal_proteins	2517	GCA_002172935.1_ASM217293v1_genomic_prodigal_proteins	1996	1352	69.65	13.55	67.74
GCA_000153805.1_ASM15380v1_genomic_prodigal_proteins	2517	GCA_003210335.1_ASM321033v1_genomic_prodigal_proteins	942	398	67.63	14.29	42.25
GCA_000153805.1_ASM15380v1_genomic_prodigal_proteins	2517	GCA_009846115.1_ASM984611v1_genomic_prodigal_proteins	2048	1038	60.65	12.94	50.68
GCA_000153805.1_ASM15380v1_genomic_prodigal_proteins	2517	GCA_001693295.1_ASM169329v1_genomic_prodigal_proteins	3183	1067	53.32	12.83	42.39
GCA_000153805.1_ASM15380v1_genomic_prodigal_proteins	2517	GCA_900473965.1_UW179A_genomic_prodigal_proteins	3383	1851	69.71	13.98	73.54
GCA_000153805.1_ASM15380v1_genomic_prodigal_proteins	2517	GCA_003213755.1_ASM321375v1_genomic_prodigal_proteins	1050	564	65.63	14.46	53.71
GCA_000153805.1_ASM15380v1_genomic_prodigal_proteins	2517	GCA_003209155.1_ASM320915v1_genomic_prodigal_proteins	2305	1406	69.78	13.67	61.00
GCA_000153805.1_ASM15380v1_genomic_prodigal_proteins	2517	GCA_003211515.1_ASM321151v1_genomic_prodigal_proteins	2451	1285	73.43	13.38	52.43
GCA_000153805.1_ASM15380v1_genomic_prodigal_proteins	2517	GCA_002693285.1_ASM269328v1_genomic_prodigal_proteins	2440	1582	69.78	13.80	64.84
GCA_000153805.1_ASM15380v1_genomic_prodigal_proteins	2517	GCA_003210555.1_ASM321055v1_genomic_prodigal_proteins	1847	1047	69.37	13.68	56.69
GCA_000153805.1_ASM15380v1_genomic_prodigal_proteins	2517	GCA_000155595.1_ASM15559v1_genomic_prodigal_proteins	5270	1099	52.71	12.80	43.66
GCA_000153805.1_ASM15380v1_genomic_prodigal_proteins	2517	GCA_001007665.1_ASM100766v1_genomic_prodigal_proteins	2356	1187	60.49	12.84	50.38
GCA_000153805.1_ASM15380v1_genomic_prodigal_proteins	2517	GCA_009919765.1_ASM991976v1_genomic_prodigal_proteins	2524	1092	65.11	14.35	43.38
GCA_000153805.1_ASM15380v1_genomic_prodigal_proteins	2517	GCA_003331225.1_ASM333122v1_genomic_prodigal_proteins	2113	1411	65.16	14.09	66.78
GCA_000153805.1_ASM15380v1_genomic_prodigal_proteins	2517	GCA_900177825.1_IMG-taxon_2708742468_annotated_assembly_genomic_prodigal_proteins	3317	1053	53.35	12.89	41.84
GCA_000153805.1_ASM15380v1_genomic_prodigal_proteins	2517	GCA_000195975.1_ASM19597v1_genomic_prodigal_proteins	2719	1913	76.20	13.15	76.00
GCA_000153805.1_ASM15380v1_genomic_prodigal_proteins	2517	GCA_902618885.1_AG-920-D15_genomic_prodigal_proteins	1178	756	75.94	13.78	64.18
GCA_000153805.1_ASM15380v1_genomic_prodigal_proteins	2517	GCA_003209165.1_ASM320916v1_genomic_prodigal_proteins	2711	1673	76.54	12.80	66.47
GCA_000153805.1_ASM15380v1_genomic_prodigal_proteins	2517	GCA_001007625.1_ASM100762v1_genomic_prodigal_proteins	2478	1044	60.84	13.02	42.13
GCA_000153805.1_ASM15380v1_genomic_prodigal_proteins	2517	GCA_008386235.1_ASM838623v1_genomic_prodigal_proteins	2571	1022	53.48	12.68	40.60
GCA_000153805.1_ASM15380v1_genomic_prodigal_proteins	2517	GCA_001631935.1_ASM163193v1_genomic_prodigal_proteins	3526	1867	69.71	14.15	74.18
GCA_000153805.1_ASM15380v1_genomic_prodigal_proteins	2517	GCA_002151525.1_ASM215152v1_genomic_prodigal_proteins	1628	1074	63.82	13.97	65.97
GCA_000153805.1_ASM15380v1_genomic_prodigal_proteins	2517	GCA_000153065.1_ASM15306v1_genomic_prodigal_proteins	2704	1713	71.12	13.37	68.06
GCA_000153805.1_ASM15380v1_genomic_prodigal_proteins	2517	GCA_009837265.1_ASM983726v1_genomic_prodigal_proteins	2126	1104	60.72	12.93	51.93
GCA_000153805.1_ASM15380v1_genomic_prodigal_proteins	2517	GCA_902533725.1_AG-898-C20_genomic_prodigal_proteins	421	180	73.95	14.56	42.76
GCA_000153805.1_ASM15380v1_genomic_prodigal_proteins	2517	GCA_002171075.2_ASM217107v2_genomic_prodigal_proteins	1919	1201	63.46	13.79	62.58
GCA_000153805.1_ASM15380v1_genomic_prodigal_proteins	2517	GCA_002760395.1_ASM276039v1_genomic_prodigal_proteins	2661	894	52.82	12.14	35.52
GCA_000153805.1_ASM15380v1_genomic_prodigal_proteins	2517	GCA_003209005.1_ASM320900v1_genomic_prodigal_proteins	2548	1542	69.45	14.08	61.26
GCA_000153805.1_ASM15380v1_genomic_prodigal_proteins	2517	GCA_002017915.1_ASM201791v1_genomic_prodigal_proteins	623	325	63.11	13.48	52.17
GCA_000153805.1_ASM15380v1_genomic_prodigal_proteins	2517	GCA_900047545.1_m9_genomic_prodigal_proteins	1575	908	60.58	12.88	57.65
GCA_000153805.1_ASM15380v1_genomic_prodigal_proteins	2517	GCA_001632105.1_ASM163210v1_genomic_prodigal_proteins	3521	1878	69.64	14.15	74.61
GCA_000153805.1_ASM15380v1_genomic_prodigal_proteins	2517	GCA_004212765.1_ASM421276v1_genomic_prodigal_proteins	1162	887	76.13	13.13	76.33
GCA_000153805.1_ASM15380v1_genomic_prodigal_proteins	2517	GCA_002685515.1_ASM268551v1_genomic_prodigal_proteins	1286	918	68.97	13.57	71.38
GCA_000153805.1_ASM15380v1_genomic_prodigal_proteins	2517	GCA_007828135.1_ASM782813v1_genomic_prodigal_proteins	2917	1589	65.56	13.42	63.13
GCA_000153805.1_ASM15380v1_genomic_prodigal_proteins	2517	GCA_011047875.1_ASM1104787v1_genomic_prodigal_proteins	2810	901	52.78	12.26	35.80
GCA_000153805.1_ASM15380v1_genomic_prodigal_proteins	2517	GCA_009840445.1_ASM984044v1_genomic_prodigal_proteins	2167	1206	60.68	12.98	55.65
GCA_000153805.1_ASM15380v1_genomic_prodigal_proteins	2517	GCA_003210995.1_ASM321099v1_genomic_prodigal_proteins	2385	1372	69.66	14.17	57.53
GCA_000153805.1_ASM15380v1_genomic_prodigal_proteins	2517	GCA_902616995.1_AG-919-L20_genomic_prodigal_proteins	654	378	75.02	14.11	57.80
GCA_000153805.1_ASM15380v1_genomic_prodigal_proteins	2517	GCA_009845825.1_ASM984582v1_genomic_prodigal_proteins	2168	1024	61.06	12.82	47.23
GCA_000153805.1_ASM15380v1_genomic_prodigal_proteins	2517	GCA_000515235.1_ASM51523v1_genomic_prodigal_proteins	2873	1914	74.26	13.22	76.04
GCA_000153805.1_ASM15380v1_genomic_prodigal_proteins	2517	GCA_003523965.1_ASM352396v1_genomic_prodigal_proteins	1735	764	61.96	12.90	44.03
GCA_000153805.1_ASM15380v1_genomic_prodigal_proteins	2517	GCA_002684175.1_ASM268417v1_genomic_prodigal_proteins	1819	1161	73.97	12.34	63.83
GCA_000153805.1_ASM15380v1_genomic_prodigal_proteins	2517	GCA_011523295.1_ASM1152329v1_genomic_prodigal_proteins	2851	1495	73.42	13.07	59.40
GCA_000153805.1_ASM15380v1_genomic_prodigal_proteins	2517	GCA_003211015.1_ASM321101v1_genomic_prodigal_proteins	2128	1336	69.89	13.82	62.78
GCA_000153805.1_ASM15380v1_genomic_prodigal_proteins	2517	GCA_002006815.1_ASM200681v1_genomic_prodigal_proteins	1973	1339	64.21	13.78	67.87
GCA_003957805.1_ASM395780v1_genomic_prodigal_proteins	2887	GCA_012270465.1_ASM1227046v1_genomic_prodigal_proteins	2311	977	55.64	12.49	42.28
GCA_003957805.1_ASM395780v1_genomic_prodigal_proteins	2887	GCA_001693255.1_ASM169325v1_genomic_prodigal_proteins	3177	1495	59.53	12.87	51.78
GCA_003957805.1_ASM395780v1_genomic_prodigal_proteins	2887	GCA_003210385.1_ASM321038v1_genomic_prodigal_proteins	286	145	56.24	13.67	50.70
GCA_003957805.1_ASM395780v1_genomic_prodigal_proteins	2887	GCA_002170705.1_ASM217070v1_genomic_prodigal_proteins	1392	657	55.88	12.39	47.20
GCA_003957805.1_ASM395780v1_genomic_prodigal_proteins	2887	GCA_002356215.1_ASM235621v1_genomic_prodigal_proteins	2953	1511	59.53	12.91	52.34
GCA_003957805.1_ASM395780v1_genomic_prodigal_proteins	2887	GCA_003210935.1_ASM321093v1_genomic_prodigal_proteins	1868	787	55.75	13.23	42.13
GCA_003957805.1_ASM395780v1_genomic_prodigal_proteins	2887	GCA_003210535.1_ASM321053v1_genomic_prodigal_proteins	1257	457	54.41	12.69	36.36
GCA_003957805.1_ASM395780v1_genomic_prodigal_proteins	2887	GCA_002724845.1_ASM272484v1_genomic_prodigal_proteins	1589	855	55.46	12.76	53.81
GCA_003957805.1_ASM395780v1_genomic_prodigal_proteins	2887	GCA_000153285.1_ASM15328v1_genomic_prodigal_proteins	2746	1233	55.83	13.28	44.90
GCA_003957805.1_ASM395780v1_genomic_prodigal_proteins	2887	GCA_003211035.1_ASM321103v1_genomic_prodigal_proteins	530	215	54.49	12.53	40.57
GCA_003957805.1_ASM395780v1_genomic_prodigal_proteins	2887	GCA_001521855.1_ASM152185v1_genomic_prodigal_proteins	3144	1520	59.42	12.94	52.65
GCA_003957805.1_ASM395780v1_genomic_prodigal_proteins	2887	GCA_009835965.1_ASM983596v1_genomic_prodigal_proteins	2105	1000	55.79	12.62	47.51
GCA_003957805.1_ASM395780v1_genomic_prodigal_proteins	2887	GCA_012269695.1_ASM1226969v1_genomic_prodigal_proteins	2043	834	55.95	12.48	40.82
GCA_003957805.1_ASM395780v1_genomic_prodigal_proteins	2887	GCA_000737535.1_ASM73753v1_genomic_prodigal_proteins	3013	1223	55.69	13.24	42.36
GCA_003957805.1_ASM395780v1_genomic_prodigal_proteins	2887	GCA_000586015.1_SynSpo.0_genomic_prodigal_proteins	1907	790	56.53	13.04	41.43
GCA_003957805.1_ASM395780v1_genomic_prodigal_proteins	2887	GCA_002760345.1_ASM276034v1_genomic_prodigal_proteins	2731	1237	57.38	12.14	45.29
GCA_003957805.1_ASM395780v1_genomic_prodigal_proteins	2887	GCA_000013225.1_ASM1322v1_genomic_prodigal_proteins	2844	1239	57.44	12.16	43.57
GCA_003957805.1_ASM395780v1_genomic_prodigal_proteins	2887	GCA_000332275.1_ASM33227v1_genomic_prodigal_proteins	4564	1380	56.95	12.28	47.80
GCA_003957805.1_ASM395780v1_genomic_prodigal_proteins	2887	GCA_002252675.1_ASM225267v1_genomic_prodigal_proteins	3295	1342	56.58	13.30	46.48
GCA_003957805.1_ASM395780v1_genomic_prodigal_proteins	2887	GCA_000737575.1_ASM73757v1_genomic_prodigal_proteins	2662	1211	56.12	13.23	45.49
GCA_003957805.1_ASM395780v1_genomic_prodigal_proteins	2887	GCA_902596755.1_AG-916-D19_genomic_prodigal_proteins	1152	418	55.75	13.13	36.28
GCA_003957805.1_ASM395780v1_genomic_prodigal_proteins	2887	GCA_003211455.1_ASM321145v1_genomic_prodigal_proteins	1186	425	55.27	13.44	35.83
GCA_003957805.1_ASM395780v1_genomic_prodigal_proteins	2887	GCA_003208755.1_ASM320875v1_genomic_prodigal_proteins	690	272	55.76	13.27	39.42
GCA_003957805.1_ASM395780v1_genomic_prodigal_proteins	2887	GCA_007571215.1_ASM757121v1_genomic_prodigal_proteins	1879	985	55.30	12.59	52.42
GCA_003957805.1_ASM395780v1_genomic_prodigal_proteins	2887	GCA_001007635.1_ASM100763v1_genomic_prodigal_proteins	2333	933	55.59	12.64	39.99
GCA_003957805.1_ASM395780v1_genomic_prodigal_proteins	2887	GCA_000179255.1_ASM17925v1_genomic_prodigal_proteins	2729	1242	56.30	13.07	45.51
GCA_003957805.1_ASM395780v1_genomic_prodigal_proteins	2887	GCA_003208975.1_ASM320897v1_genomic_prodigal_proteins	1804	636	55.28	12.89	35.25
GCA_003957805.1_ASM395780v1_genomic_prodigal_proteins	2887	GCA_012103655.1_ASM1210365v1_genomic_prodigal_proteins	2723	1210	55.45	13.08	44.44
GCA_003957805.1_ASM395780v1_genomic_prodigal_proteins	2887	GCA_902582045.1_AG-912-B07_genomic_prodigal_proteins	196	43	56.02	13.19	21.94
GCA_003957805.1_ASM395780v1_genomic_prodigal_proteins	2887	GCA_000153045.1_ASM15304v1_genomic_prodigal_proteins	3242	1343	56.53	13.16	46.52
GCA_003957805.1_ASM395780v1_genomic_prodigal_proteins	2887	GCA_902549675.1_AG-903-B09_genomic_prodigal_proteins	836	298	57.06	14.18	35.65
GCA_003957805.1_ASM395780v1_genomic_prodigal_proteins	2887	GCA_002018045.1_ASM201804v1_genomic_prodigal_proteins	1559	787	56.41	12.53	50.48
GCA_003957805.1_ASM395780v1_genomic_prodigal_proteins	2887	GCA_004213055.1_ASM421305v1_genomic_prodigal_proteins	2241	1069	55.77	12.97	47.70
GCA_003957805.1_ASM395780v1_genomic_prodigal_proteins	2887	GCA_007571085.1_ASM757108v1_genomic_prodigal_proteins	1784	963	55.37	12.58	53.98
GCA_003957805.1_ASM395780v1_genomic_prodigal_proteins	2887	GCA_009839805.1_ASM983980v1_genomic_prodigal_proteins	1848	669	53.59	12.10	36.20
GCA_003957805.1_ASM395780v1_genomic_prodigal_proteins	2887	GCA_003210375.1_ASM321037v1_genomic_prodigal_proteins	2155	876	55.25	13.01	40.65
GCA_003957805.1_ASM395780v1_genomic_prodigal_proteins	2887	GCA_004332415.1_ASM433241v1_genomic_prodigal_proteins	2408	1234	55.88	13.20	51.25
GCA_003957805.1_ASM395780v1_genomic_prodigal_proteins	2887	GCA_009836025.1_ASM983602v1_genomic_prodigal_proteins	2290	1013	55.50	12.74	44.24
GCA_003957805.1_ASM395780v1_genomic_prodigal_proteins	2887	GCA_009843455.1_ASM984345v1_genomic_prodigal_proteins	2423	988	55.38	12.51	40.78
GCA_003957805.1_ASM395780v1_genomic_prodigal_proteins	2887	GCA_009843485.1_ASM984348v1_genomic_prodigal_proteins	2158	998	55.76	12.67	46.25
GCA_003957805.1_ASM395780v1_genomic_prodigal_proteins	2887	GCA_003283135.1_ASM328313v1_genomic_prodigal_proteins	459	99	54.91	13.88	21.57
GCA_003957805.1_ASM395780v1_genomic_prodigal_proteins	2887	GCA_902635485.1_AG-447-G23_genomic_prodigal_proteins	327	67	54.51	15.34	20.49
GCA_003957805.1_ASM395780v1_genomic_prodigal_proteins	2887	GCA_002760415.1_ASM276041v1_genomic_prodigal_proteins	2670	1223	57.47	12.13	45.81
GCA_003957805.1_ASM395780v1_genomic_prodigal_proteins	2887	GCA_002754935.1_ASM275493v1_genomic_prodigal_proteins	2664	1333	60.17	12.79	50.04
GCA_003957805.1_ASM395780v1_genomic_prodigal_proteins	2887	GCA_002171685.2_ASM217168v2_genomic_prodigal_proteins	811	483	56.04	12.53	59.56
GCA_003957805.1_ASM395780v1_genomic_prodigal_proteins	2887	GCA_000737595.1_ASM73759v1_genomic_prodigal_proteins	2774	1230	55.83	13.18	44.34
GCA_003957805.1_ASM395780v1_genomic_prodigal_proteins	2887	GCA_003331785.1_ASM333178v1_genomic_prodigal_proteins	2125	1090	55.50	12.98	51.29
GCA_003957805.1_ASM395780v1_genomic_prodigal_proteins	2887	GCA_009842265.1_ASM984226v1_genomic_prodigal_proteins	2398	1000	55.43	12.67	41.70
GCA_003957805.1_ASM395780v1_genomic_prodigal_proteins	2887	GCA_902579345.1_AG-911-L15_genomic_prodigal_proteins	248	55	55.22	16.15	22.18
GCA_003957805.1_ASM395780v1_genomic_prodigal_proteins	2887	GCA_000011345.1_ASM1134v1_genomic_prodigal_proteins	2520	1379	60.28	12.91	54.72
GCA_003957805.1_ASM395780v1_genomic_prodigal_proteins	2887	GCA_003210705.1_ASM321070v1_genomic_prodigal_proteins	2244	867	55.01	12.98	38.64
GCA_003957805.1_ASM395780v1_genomic_prodigal_proteins	2887	GCA_000019485.1_ASM1948v1_genomic_prodigal_proteins	3233	1522	59.38	12.93	52.72
GCA_003957805.1_ASM395780v1_genomic_prodigal_proteins	2887	GCA_003283055.1_ASM328305v1_genomic_prodigal_proteins	482	41	51.94	15.68	8.51
GCA_003957805.1_ASM395780v1_genomic_prodigal_proteins	2887	GCA_000010065.1_ASM1006v1_genomic_prodigal_proteins	2691	2507	98.85	3.04	93.16
GCA_003957805.1_ASM395780v1_genomic_prodigal_proteins	2887	GCA_000316685.1_ASM31668v1_genomic_prodigal_proteins	3706	1523	59.60	12.99	52.75
GCA_003957805.1_ASM395780v1_genomic_prodigal_proteins	2887	GCA_000063525.1_ASM6352v1_genomic_prodigal_proteins	2540	1230	56.74	13.12	48.43
GCA_003957805.1_ASM395780v1_genomic_prodigal_proteins	2887	GCA_003283165.1_ASM328316v1_genomic_prodigal_proteins	217	51	52.76	12.91	23.50
GCA_003957805.1_ASM395780v1_genomic_prodigal_proteins	2887	GCA_902540675.1_AG-359-E22_genomic_prodigal_proteins	584	188	55.54	14.24	32.19
GCA_003957805.1_ASM395780v1_genomic_prodigal_proteins	2887	GCA_011055065.1_ASM1105506v1_genomic_prodigal_proteins	2792	1198	57.24	12.23	42.91
GCA_003957805.1_ASM395780v1_genomic_prodigal_proteins	2887	GCA_000013205.1_ASM1320v1_genomic_prodigal_proteins	2750	1239	57.38	12.14	45.05
GCA_003957805.1_ASM395780v1_genomic_prodigal_proteins	2887	GCA_003539795.1_ASM353979v1_genomic_prodigal_proteins	2284	903	54.49	12.47	39.54
GCA_003957805.1_ASM395780v1_genomic_prodigal_proteins	2887	GCA_002171995.1_ASM217199v1_genomic_prodigal_proteins	1978	686	55.27	12.90	34.68
GCA_003957805.1_ASM395780v1_genomic_prodigal_proteins	2887	GCA_011523835.1_ASM1152383v1_genomic_prodigal_proteins	2468	1026	55.53	12.82	41.57
GCA_003957805.1_ASM395780v1_genomic_prodigal_proteins	2887	GCA_002172175.1_ASM217217v1_genomic_prodigal_proteins	1846	776	55.26	12.38	42.04
GCA_003957805.1_ASM395780v1_genomic_prodigal_proteins	2887	GCA_003208835.1_ASM320883v1_genomic_prodigal_proteins	2208	892	55.82	12.99	40.40
GCA_003957805.1_ASM395780v1_genomic_prodigal_proteins	2887	GCA_902589915.1_AG-914-F20_genomic_prodigal_proteins	373	103	56.42	13.81	27.61
GCA_003957805.1_ASM395780v1_genomic_prodigal_proteins	2887	GCA_000485815.1_ASM48581v1_genomic_prodigal_proteins	3083	1467	59.64	12.86	50.81
GCA_003957805.1_ASM395780v1_genomic_prodigal_proteins	2887	GCA_008807075.1_ASM880707v1_genomic_prodigal_proteins	2925	1255	55.69	13.22	43.47
GCA_003957805.1_ASM395780v1_genomic_prodigal_proteins	2887	GCA_000179235.2_ASM17923v2_genomic_prodigal_proteins	3071	1323	56.49	13.08	45.83
GCA_003957805.1_ASM395780v1_genomic_prodigal_proteins	2887	GCA_003210795.1_ASM321079v1_genomic_prodigal_proteins	2239	878	55.11	12.78	39.21
GCA_003957805.1_ASM395780v1_genomic_prodigal_proteins	2887	GCA_002706715.1_ASM270671v1_genomic_prodigal_proteins	1148	632	56.42	13.20	55.05
GCA_003957805.1_ASM395780v1_genomic_prodigal_proteins	2887	GCA_003331245.1_ASM333124v1_genomic_prodigal_proteins	2021	990	55.63	12.82	48.99
GCA_003957805.1_ASM395780v1_genomic_prodigal_proteins	2887	GCA_009843385.1_ASM984338v1_genomic_prodigal_proteins	2085	833	55.94	12.70	39.95
GCA_003957805.1_ASM395780v1_genomic_prodigal_proteins	2887	GCA_003211205.1_ASM321120v1_genomic_prodigal_proteins	2288	928	55.36	13.15	40.56
GCA_003957805.1_ASM395780v1_genomic_prodigal_proteins	2887	GCA_000063505.1_ASM6350v1_genomic_prodigal_proteins	2558	1229	55.80	13.21	48.05
GCA_003957805.1_ASM395780v1_genomic_prodigal_proteins	2887	GCA_900474245.1_UW179B_genomic_prodigal_proteins	2743	1224	55.37	13.22	44.62
GCA_003957805.1_ASM395780v1_genomic_prodigal_proteins	2887	GCA_003210345.1_ASM321034v1_genomic_prodigal_proteins	1256	488	54.65	12.77	38.85
GCA_003957805.1_ASM395780v1_genomic_prodigal_proteins	2887	GCA_003210315.1_ASM321031v1_genomic_prodigal_proteins	1815	707	55.25	13.33	38.95
GCA_003957805.1_ASM395780v1_genomic_prodigal_proteins	2887	GCA_009836155.1_ASM983615v1_genomic_prodigal_proteins	1947	966	55.56	12.57	49.61
GCA_003957805.1_ASM395780v1_genomic_prodigal_proteins	2887	GCA_003990665.2_ASM399066v2_genomic_prodigal_proteins	2499	1384	60.21	12.94	55.38
GCA_003957805.1_ASM395780v1_genomic_prodigal_proteins	2887	GCA_003209135.1_ASM320913v1_genomic_prodigal_proteins	1719	637	54.58	12.68	37.06
GCA_003957805.1_ASM395780v1_genomic_prodigal_proteins	2887	GCA_009845105.1_ASM984510v1_genomic_prodigal_proteins	1941	799	55.02	12.55	41.16
GCA_003957805.1_ASM395780v1_genomic_prodigal_proteins	2887	GCA_002690325.1_ASM269032v1_genomic_prodigal_proteins	2554	1085	54.75	12.54	42.48
GCA_003957805.1_ASM395780v1_genomic_prodigal_proteins	2887	GCA_000161795.2_ASM16179v2_genomic_prodigal_proteins	2407	1191	55.99	13.19	49.48
GCA_003957805.1_ASM395780v1_genomic_prodigal_proteins	2887	GCA_004211895.1_ASM421189v1_genomic_prodigal_proteins	954	495	55.93	12.81	51.89
GCA_003957805.1_ASM395780v1_genomic_prodigal_proteins	2887	GCA_003210735.1_ASM321073v1_genomic_prodigal_proteins	2337	870	54.73	12.90	37.23
GCA_003957805.1_ASM395780v1_genomic_prodigal_proteins	2887	GCA_003209035.1_ASM320903v1_genomic_prodigal_proteins	1803	631	55.47	13.12	35.00
GCA_003957805.1_ASM395780v1_genomic_prodigal_proteins	2887	GCA_003712085.1_ASM371208v1_genomic_prodigal_proteins	2745	1224	55.85	13.05	44.59
GCA_003957805.1_ASM395780v1_genomic_prodigal_proteins	2887	GCA_003212155.1_ASM321215v1_genomic_prodigal_proteins	262	62	57.89	15.71	23.66
GCA_003957805.1_ASM395780v1_genomic_prodigal_proteins	2887	GCA_001040845.1_ASM104084v1_genomic_prodigal_proteins	2917	1208	55.38	13.15	41.84
GCA_003957805.1_ASM395780v1_genomic_prodigal_proteins	2887	GCA_002018015.1_ASM201801v1_genomic_prodigal_proteins	1578	768	56.55	12.62	48.67
GCA_003957805.1_ASM395780v1_genomic_prodigal_proteins	2887	GCA_003211255.1_ASM321125v1_genomic_prodigal_proteins	1850	663	54.13	12.70	35.84
GCA_003957805.1_ASM395780v1_genomic_prodigal_proteins	2887	GCA_002721235.1_ASM272123v1_genomic_prodigal_proteins	3119	1501	59.56	12.83	51.99
GCA_003957805.1_ASM395780v1_genomic_prodigal_proteins	2887	GCA_009839305.1_ASM983930v1_genomic_prodigal_proteins	1816	740	56.51	12.94	40.75
GCA_003957805.1_ASM395780v1_genomic_prodigal_proteins	2887	GCA_011365345.1_ASM1136534v1_genomic_prodigal_proteins	2655	1214	55.81	13.24	45.73
GCA_003957805.1_ASM395780v1_genomic_prodigal_proteins	2887	GCA_001039265.1_ASM103926v1_genomic_prodigal_proteins	2832	904	58.24	13.19	31.92
GCA_003957805.1_ASM395780v1_genomic_prodigal_proteins	2887	GCA_001628325.1_ASM162832v1_genomic_prodigal_proteins	2129	1082	55.70	12.78	50.82
GCA_003957805.1_ASM395780v1_genomic_prodigal_proteins	2887	GCA_003209215.1_ASM320921v1_genomic_prodigal_proteins	1679	601	56.38	13.17	35.80
GCA_003957805.1_ASM395780v1_genomic_prodigal_proteins	2887	GCA_002737305.1_ASM273730v1_genomic_prodigal_proteins	1951	968	57.29	12.95	49.62
GCA_003957805.1_ASM395780v1_genomic_prodigal_proteins	2887	GCA_003210515.1_ASM321051v1_genomic_prodigal_proteins	1673	663	54.94	12.97	39.63
GCA_003957805.1_ASM395780v1_genomic_prodigal_proteins	2887	GCA_011525445.1_ASM1152544v1_genomic_prodigal_proteins	3208	996	54.83	12.73	34.50
GCA_003957805.1_ASM395780v1_genomic_prodigal_proteins	2887	GCA_902599435.1_AG-916-N22_genomic_prodigal_proteins	793	299	57.95	13.03	37.70
GCA_003957805.1_ASM395780v1_genomic_prodigal_proteins	2887	GCA_003149585.1_ASM314958v1_genomic_prodigal_proteins	2600	1283	56.44	13.13	49.35
GCA_003957805.1_ASM395780v1_genomic_prodigal_proteins	2887	GCA_902560665.1_AG-905-O11_genomic_prodigal_proteins	401	114	57.27	14.97	28.43
GCA_003957805.1_ASM395780v1_genomic_prodigal_proteins	2887	GCA_003331795.1_ASM333179v1_genomic_prodigal_proteins	1948	982	56.57	13.05	50.41
GCA_003957805.1_ASM395780v1_genomic_prodigal_proteins	2887	GCA_002017955.1_ASM201795v1_genomic_prodigal_proteins	512	227	55.35	13.26	44.34
GCA_003957805.1_ASM395780v1_genomic_prodigal_proteins	2887	GCA_902584485.1_AG-912-O23_genomic_prodigal_proteins	535	144	55.48	13.74	26.92
GCA_003957805.1_ASM395780v1_genomic_prodigal_proteins	2887	GCA_902527915.1_AG-896-G19_genomic_prodigal_proteins	1003	379	55.97	13.42	37.79
GCA_003957805.1_ASM395780v1_genomic_prodigal_proteins	2887	GCA_902635365.1_AG-447-D19_genomic_prodigal_proteins	1690	580	55.98	13.23	34.32
GCA_003957805.1_ASM395780v1_genomic_prodigal_proteins	2887	GCA_900474085.1_UW86_genomic_prodigal_proteins	2403	1186	55.98	13.05	49.35
GCA_003957805.1_ASM395780v1_genomic_prodigal_proteins	2887	GCA_001885215.1_ASM188521v1_genomic_prodigal_proteins	2897	1303	56.03	12.89	45.13
GCA_003957805.1_ASM395780v1_genomic_prodigal_proteins	2887	GCA_902575935.1_AG-426-B22_genomic_prodigal_proteins	254	108	60.62	15.27	42.52
GCA_003957805.1_ASM395780v1_genomic_prodigal_proteins	2887	GCA_900474295.1_UW140_genomic_prodigal_proteins	2925	1213	55.60	13.15	42.02
GCA_003957805.1_ASM395780v1_genomic_prodigal_proteins	2887	GCA_003211565.1_ASM321156v1_genomic_prodigal_proteins	1489	538	55.72	13.03	36.13
GCA_003957805.1_ASM395780v1_genomic_prodigal_proteins	2887	GCA_003526105.1_ASM352610v1_genomic_prodigal_proteins	1581	646	56.44	12.64	40.86
GCA_003957805.1_ASM395780v1_genomic_prodigal_proteins	2887	GCA_002172935.1_ASM217293v1_genomic_prodigal_proteins	1996	935	55.20	12.80	46.84
GCA_003957805.1_ASM395780v1_genomic_prodigal_proteins	2887	GCA_003210335.1_ASM321033v1_genomic_prodigal_proteins	942	222	54.26	13.28	23.57
GCA_003957805.1_ASM395780v1_genomic_prodigal_proteins	2887	GCA_009846115.1_ASM984611v1_genomic_prodigal_proteins	2048	874	55.68	12.47	42.68
GCA_003957805.1_ASM395780v1_genomic_prodigal_proteins	2887	GCA_001693295.1_ASM169329v1_genomic_prodigal_proteins	3183	1511	59.45	12.94	52.34
GCA_003957805.1_ASM395780v1_genomic_prodigal_proteins	2887	GCA_900473965.1_UW179A_genomic_prodigal_proteins	3383	1216	55.51	13.10	42.12
GCA_003957805.1_ASM395780v1_genomic_prodigal_proteins	2887	GCA_003213755.1_ASM321375v1_genomic_prodigal_proteins	1050	420	56.54	13.46	40.00
GCA_003957805.1_ASM395780v1_genomic_prodigal_proteins	2887	GCA_003209155.1_ASM320915v1_genomic_prodigal_proteins	2305	903	55.32	12.86	39.18
GCA_003957805.1_ASM395780v1_genomic_prodigal_proteins	2887	GCA_003211515.1_ASM321151v1_genomic_prodigal_proteins	2451	778	55.33	13.23	31.74
GCA_003957805.1_ASM395780v1_genomic_prodigal_proteins	2887	GCA_002693285.1_ASM269328v1_genomic_prodigal_proteins	2440	1057	55.03	13.04	43.32
GCA_003957805.1_ASM395780v1_genomic_prodigal_proteins	2887	GCA_003210555.1_ASM321055v1_genomic_prodigal_proteins	1847	660	55.41	12.79	35.73
GCA_003957805.1_ASM395780v1_genomic_prodigal_proteins	2887	GCA_000155595.1_ASM15559v1_genomic_prodigal_proteins	5270	1562	58.20	12.90	54.10
GCA_003957805.1_ASM395780v1_genomic_prodigal_proteins	2887	GCA_001007665.1_ASM100766v1_genomic_prodigal_proteins	2356	1022	55.42	12.52	43.38
GCA_003957805.1_ASM395780v1_genomic_prodigal_proteins	2887	GCA_009919765.1_ASM991976v1_genomic_prodigal_proteins	2524	829	56.44	12.97	32.84
GCA_003957805.1_ASM395780v1_genomic_prodigal_proteins	2887	GCA_003331225.1_ASM333122v1_genomic_prodigal_proteins	2113	1052	56.60	12.98	49.79
GCA_003957805.1_ASM395780v1_genomic_prodigal_proteins	2887	GCA_900177825.1_IMG-taxon_2708742468_annotated_assembly_genomic_prodigal_proteins	3317	1498	59.48	12.91	51.89
GCA_003957805.1_ASM395780v1_genomic_prodigal_proteins	2887	GCA_000195975.1_ASM19597v1_genomic_prodigal_proteins	2719	1224	55.98	13.21	45.02
GCA_003957805.1_ASM395780v1_genomic_prodigal_proteins	2887	GCA_902618885.1_AG-920-D15_genomic_prodigal_proteins	1178	450	56.72	13.62	38.20
GCA_003957805.1_ASM395780v1_genomic_prodigal_proteins	2887	GCA_003209165.1_ASM320916v1_genomic_prodigal_proteins	2711	1023	56.08	13.13	37.74
GCA_003957805.1_ASM395780v1_genomic_prodigal_proteins	2887	GCA_001007625.1_ASM100762v1_genomic_prodigal_proteins	2478	903	55.80	12.80	36.44
GCA_003957805.1_ASM395780v1_genomic_prodigal_proteins	2887	GCA_008386235.1_ASM838623v1_genomic_prodigal_proteins	2571	1415	60.21	12.88	55.04
GCA_003957805.1_ASM395780v1_genomic_prodigal_proteins	2887	GCA_001631935.1_ASM163193v1_genomic_prodigal_proteins	3526	1211	55.42	13.19	41.95
GCA_003957805.1_ASM395780v1_genomic_prodigal_proteins	2887	GCA_002151525.1_ASM215152v1_genomic_prodigal_proteins	1628	877	56.36	12.94	53.87
GCA_003957805.1_ASM395780v1_genomic_prodigal_proteins	2887	GCA_000153065.1_ASM15306v1_genomic_prodigal_proteins	2704	1243	56.02	13.19	45.97
GCA_003957805.1_ASM395780v1_genomic_prodigal_proteins	2887	GCA_009837265.1_ASM983726v1_genomic_prodigal_proteins	2126	934	55.76	12.71	43.93
GCA_003957805.1_ASM395780v1_genomic_prodigal_proteins	2887	GCA_902533725.1_AG-898-C20_genomic_prodigal_proteins	421	98	57.88	15.09	23.28
GCA_003957805.1_ASM395780v1_genomic_prodigal_proteins	2887	GCA_002171075.2_ASM217107v2_genomic_prodigal_proteins	1919	899	55.15	12.64	46.85
GCA_003957805.1_ASM395780v1_genomic_prodigal_proteins	2887	GCA_002760395.1_ASM276039v1_genomic_prodigal_proteins	2661	1205	57.57	12.11	45.28
GCA_003957805.1_ASM395780v1_genomic_prodigal_proteins	2887	GCA_003209005.1_ASM320900v1_genomic_prodigal_proteins	2548	985	55.19	12.90	38.66
GCA_003957805.1_ASM395780v1_genomic_prodigal_proteins	2887	GCA_002017915.1_ASM201791v1_genomic_prodigal_proteins	623	295	57.35	13.17	47.35
GCA_003957805.1_ASM395780v1_genomic_prodigal_proteins	2887	GCA_900047545.1_m9_genomic_prodigal_proteins	1575	777	55.82	12.60	49.33
GCA_003957805.1_ASM395780v1_genomic_prodigal_proteins	2887	GCA_001632105.1_ASM163210v1_genomic_prodigal_proteins	3521	1214	55.28	13.08	42.05
GCA_003957805.1_ASM395780v1_genomic_prodigal_proteins	2887	GCA_004212765.1_ASM421276v1_genomic_prodigal_proteins	1162	595	55.72	13.12	51.20
GCA_003957805.1_ASM395780v1_genomic_prodigal_proteins	2887	GCA_002685515.1_ASM268551v1_genomic_prodigal_proteins	1286	649	54.41	12.47	50.47
GCA_003957805.1_ASM395780v1_genomic_prodigal_proteins	2887	GCA_007828135.1_ASM782813v1_genomic_prodigal_proteins	2917	1305	56.08	12.96	45.20
GCA_003957805.1_ASM395780v1_genomic_prodigal_proteins	2887	GCA_011047875.1_ASM1104787v1_genomic_prodigal_proteins	2810	1227	57.34	12.18	43.67
GCA_003957805.1_ASM395780v1_genomic_prodigal_proteins	2887	GCA_009840445.1_ASM984044v1_genomic_prodigal_proteins	2167	1024	55.70	12.61	47.25
GCA_003957805.1_ASM395780v1_genomic_prodigal_proteins	2887	GCA_003210995.1_ASM321099v1_genomic_prodigal_proteins	2385	852	55.81	13.24	35.72
GCA_003957805.1_ASM395780v1_genomic_prodigal_proteins	2887	GCA_902616995.1_AG-919-L20_genomic_prodigal_proteins	654	226	55.92	14.06	34.56
GCA_003957805.1_ASM395780v1_genomic_prodigal_proteins	2887	GCA_009845825.1_ASM984582v1_genomic_prodigal_proteins	2168	883	55.77	12.59	40.73
GCA_003957805.1_ASM395780v1_genomic_prodigal_proteins	2887	GCA_000515235.1_ASM51523v1_genomic_prodigal_proteins	2873	1213	55.61	13.13	42.22
GCA_003957805.1_ASM395780v1_genomic_prodigal_proteins	2887	GCA_003523965.1_ASM352396v1_genomic_prodigal_proteins	1735	670	57.04	12.65	38.62
GCA_003957805.1_ASM395780v1_genomic_prodigal_proteins	2887	GCA_002684175.1_ASM268417v1_genomic_prodigal_proteins	1819	711	54.10	12.37	39.09
GCA_003957805.1_ASM395780v1_genomic_prodigal_proteins	2887	GCA_011523295.1_ASM1152329v1_genomic_prodigal_proteins	2851	952	53.89	12.47	33.39
GCA_003957805.1_ASM395780v1_genomic_prodigal_proteins	2887	GCA_003211015.1_ASM321101v1_genomic_prodigal_proteins	2128	869	54.88	12.77	40.84
GCA_003957805.1_ASM395780v1_genomic_prodigal_proteins	2887	GCA_002006815.1_ASM200681v1_genomic_prodigal_proteins	1973	1104	56.25	13.04	55.96
GCA_003210535.1_ASM321053v1_genomic_prodigal_proteins	1257	GCA_002724845.1_ASM272484v1_genomic_prodigal_proteins	1589	545	76.15	12.08	43.36
GCA_003210535.1_ASM321053v1_genomic_prodigal_proteins	1257	GCA_000153285.1_ASM15328v1_genomic_prodigal_proteins	2746	695	69.19	13.60	55.29
GCA_003210535.1_ASM321053v1_genomic_prodigal_proteins	1257	GCA_003211035.1_ASM321103v1_genomic_prodigal_proteins	530	134	70.69	14.82	25.28
GCA_003210535.1_ASM321053v1_genomic_prodigal_proteins	1257	GCA_001521855.1_ASM152185v1_genomic_prodigal_proteins	3144	407	52.64	12.49	32.38
GCA_003210535.1_ASM321053v1_genomic_prodigal_proteins	1257	GCA_009835965.1_ASM983596v1_genomic_prodigal_proteins	2105	439	59.44	12.68	34.92
GCA_003210535.1_ASM321053v1_genomic_prodigal_proteins	1257	GCA_012269695.1_ASM1226969v1_genomic_prodigal_proteins	2043	451	63.78	14.10	35.88
GCA_003210535.1_ASM321053v1_genomic_prodigal_proteins	1257	GCA_000737535.1_ASM73753v1_genomic_prodigal_proteins	3013	754	72.59	13.17	59.98
GCA_003210535.1_ASM321053v1_genomic_prodigal_proteins	1257	GCA_000586015.1_SynSpo.0_genomic_prodigal_proteins	1907	358	60.64	13.15	28.48
GCA_003210535.1_ASM321053v1_genomic_prodigal_proteins	1257	GCA_002760345.1_ASM276034v1_genomic_prodigal_proteins	2731	362	51.50	12.05	28.80
GCA_003210535.1_ASM321053v1_genomic_prodigal_proteins	1257	GCA_000013225.1_ASM1322v1_genomic_prodigal_proteins	2844	357	51.87	11.99	28.40
GCA_003210535.1_ASM321053v1_genomic_prodigal_proteins	1257	GCA_000332275.1_ASM33227v1_genomic_prodigal_proteins	4564	378	51.76	11.84	30.07
GCA_003210535.1_ASM321053v1_genomic_prodigal_proteins	1257	GCA_002252675.1_ASM225267v1_genomic_prodigal_proteins	3295	605	64.96	13.30	48.13
GCA_003210535.1_ASM321053v1_genomic_prodigal_proteins	1257	GCA_000737575.1_ASM73757v1_genomic_prodigal_proteins	2662	745	74.14	13.09	59.27
GCA_003210535.1_ASM321053v1_genomic_prodigal_proteins	1257	GCA_902596755.1_AG-916-D19_genomic_prodigal_proteins	1152	271	73.41	14.69	23.52
GCA_003210535.1_ASM321053v1_genomic_prodigal_proteins	1257	GCA_003211455.1_ASM321145v1_genomic_prodigal_proteins	1186	347	73.08	13.89	29.26
GCA_003210535.1_ASM321053v1_genomic_prodigal_proteins	1257	GCA_003208755.1_ASM320875v1_genomic_prodigal_proteins	690	244	86.76	12.09	35.36
GCA_003210535.1_ASM321053v1_genomic_prodigal_proteins	1257	GCA_007571215.1_ASM757121v1_genomic_prodigal_proteins	1879	432	59.46	12.73	34.37
GCA_003210535.1_ASM321053v1_genomic_prodigal_proteins	1257	GCA_001007635.1_ASM100763v1_genomic_prodigal_proteins	2333	410	59.87	12.68	32.62
GCA_003210535.1_ASM321053v1_genomic_prodigal_proteins	1257	GCA_000179255.1_ASM17925v1_genomic_prodigal_proteins	2729	643	65.17	13.76	51.15
GCA_003210535.1_ASM321053v1_genomic_prodigal_proteins	1257	GCA_003208975.1_ASM320897v1_genomic_prodigal_proteins	1804	438	71.48	14.11	34.84
GCA_003210535.1_ASM321053v1_genomic_prodigal_proteins	1257	GCA_012103655.1_ASM1210365v1_genomic_prodigal_proteins	2723	710	69.36	13.70	56.48
GCA_003210535.1_ASM321053v1_genomic_prodigal_proteins	1257	GCA_902582045.1_AG-912-B07_genomic_prodigal_proteins	196	49	68.19	15.13	25.00
GCA_003210535.1_ASM321053v1_genomic_prodigal_proteins	1257	GCA_000153045.1_ASM15304v1_genomic_prodigal_proteins	3242	614	66.25	13.98	48.85
GCA_003210535.1_ASM321053v1_genomic_prodigal_proteins	1257	GCA_902549675.1_AG-903-B09_genomic_prodigal_proteins	836	178	73.47	13.24	21.29
GCA_003210535.1_ASM321053v1_genomic_prodigal_proteins	1257	GCA_002018045.1_ASM201804v1_genomic_prodigal_proteins	1559	361	60.15	12.67	28.72
GCA_003210535.1_ASM321053v1_genomic_prodigal_proteins	1257	GCA_004213055.1_ASM421305v1_genomic_prodigal_proteins	2241	631	69.30	13.70	50.20
GCA_003210535.1_ASM321053v1_genomic_prodigal_proteins	1257	GCA_007571085.1_ASM757108v1_genomic_prodigal_proteins	1784	433	59.57	12.73	34.45
GCA_003210535.1_ASM321053v1_genomic_prodigal_proteins	1257	GCA_009839805.1_ASM983980v1_genomic_prodigal_proteins	1848	310	57.86	12.81	24.66
GCA_003210535.1_ASM321053v1_genomic_prodigal_proteins	1257	GCA_003210375.1_ASM321037v1_genomic_prodigal_proteins	2155	703	96.29	6.30	55.93
GCA_003210535.1_ASM321053v1_genomic_prodigal_proteins	1257	GCA_004332415.1_ASM433241v1_genomic_prodigal_proteins	2408	660	70.12	13.37	52.51
GCA_003210535.1_ASM321053v1_genomic_prodigal_proteins	1257	GCA_009836025.1_ASM983602v1_genomic_prodigal_proteins	2290	450	59.10	12.86	35.80
GCA_003210535.1_ASM321053v1_genomic_prodigal_proteins	1257	GCA_009843455.1_ASM984345v1_genomic_prodigal_proteins	2423	436	58.86	13.00	34.69
GCA_003210535.1_ASM321053v1_genomic_prodigal_proteins	1257	GCA_009843485.1_ASM984348v1_genomic_prodigal_proteins	2158	442	59.49	12.68	35.16
GCA_003210535.1_ASM321053v1_genomic_prodigal_proteins	1257	GCA_003283135.1_ASM328313v1_genomic_prodigal_proteins	459	64	67.40	16.88	13.94
GCA_003210535.1_ASM321053v1_genomic_prodigal_proteins	1257	GCA_902635485.1_AG-447-G23_genomic_prodigal_proteins	327	85	69.82	15.54	25.99
GCA_003210535.1_ASM321053v1_genomic_prodigal_proteins	1257	GCA_002760415.1_ASM276041v1_genomic_prodigal_proteins	2670	357	51.49	12.01	28.40
GCA_003210535.1_ASM321053v1_genomic_prodigal_proteins	1257	GCA_002754935.1_ASM275493v1_genomic_prodigal_proteins	2664	372	52.88	12.19	29.59
GCA_003210535.1_ASM321053v1_genomic_prodigal_proteins	1257	GCA_002171685.2_ASM217168v2_genomic_prodigal_proteins	811	254	69.59	13.09	31.32
GCA_003210535.1_ASM321053v1_genomic_prodigal_proteins	1257	GCA_000737595.1_ASM73759v1_genomic_prodigal_proteins	2774	761	75.04	12.86	60.54
GCA_003210535.1_ASM321053v1_genomic_prodigal_proteins	1257	GCA_003331785.1_ASM333178v1_genomic_prodigal_proteins	2125	667	69.36	13.62	53.06
GCA_003210535.1_ASM321053v1_genomic_prodigal_proteins	1257	GCA_009842265.1_ASM984226v1_genomic_prodigal_proteins	2398	445	59.14	12.72	35.40
GCA_003210535.1_ASM321053v1_genomic_prodigal_proteins	1257	GCA_902579345.1_AG-911-L15_genomic_prodigal_proteins	248	52	66.28	13.72	20.97
GCA_003210535.1_ASM321053v1_genomic_prodigal_proteins	1257	GCA_000011345.1_ASM1134v1_genomic_prodigal_proteins	2520	388	52.90	12.09	30.87
GCA_003210535.1_ASM321053v1_genomic_prodigal_proteins	1257	GCA_003210705.1_ASM321070v1_genomic_prodigal_proteins	2244	544	68.13	14.06	43.28
GCA_003210535.1_ASM321053v1_genomic_prodigal_proteins	1257	GCA_000019485.1_ASM1948v1_genomic_prodigal_proteins	3233	406	52.67	12.54	32.30
GCA_003210535.1_ASM321053v1_genomic_prodigal_proteins	1257	GCA_003283055.1_ASM328305v1_genomic_prodigal_proteins	482	47	66.27	17.24	9.75
GCA_003210535.1_ASM321053v1_genomic_prodigal_proteins	1257	GCA_000010065.1_ASM1006v1_genomic_prodigal_proteins	2691	456	54.42	12.65	36.28
GCA_003210535.1_ASM321053v1_genomic_prodigal_proteins	1257	GCA_000316685.1_ASM31668v1_genomic_prodigal_proteins	3706	410	52.26	12.38	32.62
GCA_003210535.1_ASM321053v1_genomic_prodigal_proteins	1257	GCA_000063525.1_ASM6352v1_genomic_prodigal_proteins	2540	626	64.77	13.98	49.80
GCA_003210535.1_ASM321053v1_genomic_prodigal_proteins	1257	GCA_003283165.1_ASM328316v1_genomic_prodigal_proteins	217	46	68.96	14.24	21.20
GCA_003210535.1_ASM321053v1_genomic_prodigal_proteins	1257	GCA_902540675.1_AG-359-E22_genomic_prodigal_proteins	584	89	70.11	15.99	15.24
GCA_003210535.1_ASM321053v1_genomic_prodigal_proteins	1257	GCA_011055065.1_ASM1105506v1_genomic_prodigal_proteins	2792	346	51.68	12.17	27.53
GCA_003210535.1_ASM321053v1_genomic_prodigal_proteins	1257	GCA_000013205.1_ASM1320v1_genomic_prodigal_proteins	2750	362	51.60	12.06	28.80
GCA_003210535.1_ASM321053v1_genomic_prodigal_proteins	1257	GCA_003539795.1_ASM353979v1_genomic_prodigal_proteins	2284	581	73.21	13.33	46.22
GCA_003210535.1_ASM321053v1_genomic_prodigal_proteins	1257	GCA_002171995.1_ASM217199v1_genomic_prodigal_proteins	1978	429	68.53	14.18	34.13
GCA_003210535.1_ASM321053v1_genomic_prodigal_proteins	1257	GCA_011523835.1_ASM1152383v1_genomic_prodigal_proteins	2468	616	69.07	13.75	49.01
GCA_003210535.1_ASM321053v1_genomic_prodigal_proteins	1257	GCA_002172175.1_ASM217217v1_genomic_prodigal_proteins	1846	418	62.65	14.63	33.25
GCA_003210535.1_ASM321053v1_genomic_prodigal_proteins	1257	GCA_003208835.1_ASM320883v1_genomic_prodigal_proteins	2208	647	95.08	7.55	51.47
GCA_003210535.1_ASM321053v1_genomic_prodigal_proteins	1257	GCA_902589915.1_AG-914-F20_genomic_prodigal_proteins	373	75	75.76	15.02	20.11
GCA_003210535.1_ASM321053v1_genomic_prodigal_proteins	1257	GCA_000485815.1_ASM48581v1_genomic_prodigal_proteins	3083	401	52.63	12.39	31.90
GCA_003210535.1_ASM321053v1_genomic_prodigal_proteins	1257	GCA_008807075.1_ASM880707v1_genomic_prodigal_proteins	2925	613	63.92	13.64	48.77
GCA_003210535.1_ASM321053v1_genomic_prodigal_proteins	1257	GCA_000179235.2_ASM17923v2_genomic_prodigal_proteins	3071	618	66.04	13.53	49.16
GCA_003210535.1_ASM321053v1_genomic_prodigal_proteins	1257	GCA_003210795.1_ASM321079v1_genomic_prodigal_proteins	2239	581	73.12	13.94	46.22
GCA_003210535.1_ASM321053v1_genomic_prodigal_proteins	1257	GCA_002706715.1_ASM270671v1_genomic_prodigal_proteins	1148	339	73.50	13.55	29.53
GCA_003210535.1_ASM321053v1_genomic_prodigal_proteins	1257	GCA_003331245.1_ASM333124v1_genomic_prodigal_proteins	2021	633	73.27	13.35	50.36
GCA_003210535.1_ASM321053v1_genomic_prodigal_proteins	1257	GCA_009843385.1_ASM984338v1_genomic_prodigal_proteins	2085	380	58.84	13.22	30.23
GCA_003210535.1_ASM321053v1_genomic_prodigal_proteins	1257	GCA_003211205.1_ASM321120v1_genomic_prodigal_proteins	2288	559	68.51	14.22	44.47
GCA_003210535.1_ASM321053v1_genomic_prodigal_proteins	1257	GCA_000063505.1_ASM6350v1_genomic_prodigal_proteins	2558	682	68.81	13.98	54.26
GCA_003210535.1_ASM321053v1_genomic_prodigal_proteins	1257	GCA_900474245.1_UW179B_genomic_prodigal_proteins	2743	713	69.44	13.74	56.72
GCA_003210535.1_ASM321053v1_genomic_prodigal_proteins	1257	GCA_003210345.1_ASM321034v1_genomic_prodigal_proteins	1256	407	94.37	9.30	32.40
GCA_003210535.1_ASM321053v1_genomic_prodigal_proteins	1257	GCA_003210315.1_ASM321031v1_genomic_prodigal_proteins	1815	506	69.01	14.09	40.25
GCA_003210535.1_ASM321053v1_genomic_prodigal_proteins	1257	GCA_009836155.1_ASM983615v1_genomic_prodigal_proteins	1947	424	58.95	12.98	33.73
GCA_003210535.1_ASM321053v1_genomic_prodigal_proteins	1257	GCA_003990665.2_ASM399066v2_genomic_prodigal_proteins	2499	389	52.89	12.12	30.95
GCA_003210535.1_ASM321053v1_genomic_prodigal_proteins	1257	GCA_003209135.1_ASM320913v1_genomic_prodigal_proteins	1719	424	70.69	14.46	33.73
GCA_003210535.1_ASM321053v1_genomic_prodigal_proteins	1257	GCA_009845105.1_ASM984510v1_genomic_prodigal_proteins	1941	359	58.24	13.01	28.56
GCA_003210535.1_ASM321053v1_genomic_prodigal_proteins	1257	GCA_002690325.1_ASM269032v1_genomic_prodigal_proteins	2554	739	72.59	13.31	58.79
GCA_003210535.1_ASM321053v1_genomic_prodigal_proteins	1257	GCA_000161795.2_ASM16179v2_genomic_prodigal_proteins	2407	754	75.68	12.70	59.98
GCA_003210535.1_ASM321053v1_genomic_prodigal_proteins	1257	GCA_004211895.1_ASM421189v1_genomic_prodigal_proteins	954	303	77.15	13.26	31.76
GCA_003210535.1_ASM321053v1_genomic_prodigal_proteins	1257	GCA_003210735.1_ASM321073v1_genomic_prodigal_proteins	2337	574	71.82	14.25	45.66
GCA_003210535.1_ASM321053v1_genomic_prodigal_proteins	1257	GCA_003209035.1_ASM320903v1_genomic_prodigal_proteins	1803	430	71.85	14.37	34.21
GCA_003210535.1_ASM321053v1_genomic_prodigal_proteins	1257	GCA_003712085.1_ASM371208v1_genomic_prodigal_proteins	2745	744	75.03	12.77	59.19
GCA_003210535.1_ASM321053v1_genomic_prodigal_proteins	1257	GCA_003212155.1_ASM321215v1_genomic_prodigal_proteins	262	56	59.36	17.16	21.37
GCA_003210535.1_ASM321053v1_genomic_prodigal_proteins	1257	GCA_001040845.1_ASM104084v1_genomic_prodigal_proteins	2917	705	69.28	13.69	56.09
GCA_003210535.1_ASM321053v1_genomic_prodigal_proteins	1257	GCA_002018015.1_ASM201801v1_genomic_prodigal_proteins	1578	340	59.81	12.85	27.05
GCA_003210535.1_ASM321053v1_genomic_prodigal_proteins	1257	GCA_003211255.1_ASM321125v1_genomic_prodigal_proteins	1850	421	72.18	13.58	33.49
GCA_003210535.1_ASM321053v1_genomic_prodigal_proteins	1257	GCA_002721235.1_ASM272123v1_genomic_prodigal_proteins	3119	405	52.63	12.52	32.22
GCA_003210535.1_ASM321053v1_genomic_prodigal_proteins	1257	GCA_009839305.1_ASM983930v1_genomic_prodigal_proteins	1816	333	58.93	13.40	26.49
GCA_003210535.1_ASM321053v1_genomic_prodigal_proteins	1257	GCA_011365345.1_ASM1136534v1_genomic_prodigal_proteins	2655	771	75.63	12.70	61.34
GCA_003210535.1_ASM321053v1_genomic_prodigal_proteins	1257	GCA_001039265.1_ASM103926v1_genomic_prodigal_proteins	2832	438	66.63	13.48	34.84
GCA_003210535.1_ASM321053v1_genomic_prodigal_proteins	1257	GCA_001628325.1_ASM162832v1_genomic_prodigal_proteins	2129	686	76.27	13.02	54.57
GCA_003210535.1_ASM321053v1_genomic_prodigal_proteins	1257	GCA_003209215.1_ASM320921v1_genomic_prodigal_proteins	1679	407	73.80	14.07	32.38
GCA_003210535.1_ASM321053v1_genomic_prodigal_proteins	1257	GCA_002737305.1_ASM273730v1_genomic_prodigal_proteins	1951	464	65.19	13.90	36.91
GCA_003210535.1_ASM321053v1_genomic_prodigal_proteins	1257	GCA_003210515.1_ASM321051v1_genomic_prodigal_proteins	1673	540	88.70	10.05	42.96
GCA_003210535.1_ASM321053v1_genomic_prodigal_proteins	1257	GCA_011525445.1_ASM1152544v1_genomic_prodigal_proteins	3208	584	68.30	13.55	46.46
GCA_003210535.1_ASM321053v1_genomic_prodigal_proteins	1257	GCA_902599435.1_AG-916-N22_genomic_prodigal_proteins	793	203	74.38	14.85	25.60
GCA_003210535.1_ASM321053v1_genomic_prodigal_proteins	1257	GCA_003149585.1_ASM314958v1_genomic_prodigal_proteins	2600	650	65.28	13.91	51.71
GCA_003210535.1_ASM321053v1_genomic_prodigal_proteins	1257	GCA_902560665.1_AG-905-O11_genomic_prodigal_proteins	401	78	71.65	14.98	19.45
GCA_003210535.1_ASM321053v1_genomic_prodigal_proteins	1257	GCA_003331795.1_ASM333179v1_genomic_prodigal_proteins	1948	511	63.98	14.46	40.65
GCA_003210535.1_ASM321053v1_genomic_prodigal_proteins	1257	GCA_002017955.1_ASM201795v1_genomic_prodigal_proteins	512	71	58.35	13.10	13.87
GCA_003210535.1_ASM321053v1_genomic_prodigal_proteins	1257	GCA_902584485.1_AG-912-O23_genomic_prodigal_proteins	535	129	71.57	16.52	24.11
GCA_003210535.1_ASM321053v1_genomic_prodigal_proteins	1257	GCA_902527915.1_AG-896-G19_genomic_prodigal_proteins	1003	240	73.26	14.48	23.93
GCA_003210535.1_ASM321053v1_genomic_prodigal_proteins	1257	GCA_902635365.1_AG-447-D19_genomic_prodigal_proteins	1690	409	87.07	11.66	32.54
GCA_003210535.1_ASM321053v1_genomic_prodigal_proteins	1257	GCA_900474085.1_UW86_genomic_prodigal_proteins	2403	741	75.88	12.88	58.95
GCA_003210535.1_ASM321053v1_genomic_prodigal_proteins	1257	GCA_001885215.1_ASM188521v1_genomic_prodigal_proteins	2897	596	64.86	13.13	47.41
GCA_003210535.1_ASM321053v1_genomic_prodigal_proteins	1257	GCA_902575935.1_AG-426-B22_genomic_prodigal_proteins	254	59	75.89	14.82	23.23
GCA_003210535.1_ASM321053v1_genomic_prodigal_proteins	1257	GCA_900474295.1_UW140_genomic_prodigal_proteins	2925	724	69.29	13.58	57.60
GCA_003210535.1_ASM321053v1_genomic_prodigal_proteins	1257	GCA_003211565.1_ASM321156v1_genomic_prodigal_proteins	1489	387	73.90	13.07	30.79
GCA_003210535.1_ASM321053v1_genomic_prodigal_proteins	1257	GCA_003526105.1_ASM352610v1_genomic_prodigal_proteins	1581	417	76.86	12.92	33.17
GCA_003210535.1_ASM321053v1_genomic_prodigal_proteins	1257	GCA_002172935.1_ASM217293v1_genomic_prodigal_proteins	1996	528	68.07	13.82	42.00
GCA_003210535.1_ASM321053v1_genomic_prodigal_proteins	1257	GCA_003210335.1_ASM321033v1_genomic_prodigal_proteins	942	177	67.12	13.93	18.79
GCA_003210535.1_ASM321053v1_genomic_prodigal_proteins	1257	GCA_009846115.1_ASM984611v1_genomic_prodigal_proteins	2048	394	58.93	12.61	31.34
GCA_003210535.1_ASM321053v1_genomic_prodigal_proteins	1257	GCA_001693295.1_ASM169329v1_genomic_prodigal_proteins	3183	406	52.63	12.47	32.30
GCA_003210535.1_ASM321053v1_genomic_prodigal_proteins	1257	GCA_900473965.1_UW179A_genomic_prodigal_proteins	3383	723	68.72	13.88	57.52
GCA_003210535.1_ASM321053v1_genomic_prodigal_proteins	1257	GCA_003213755.1_ASM321375v1_genomic_prodigal_proteins	1050	236	62.96	14.49	22.48
GCA_003210535.1_ASM321053v1_genomic_prodigal_proteins	1257	GCA_003209155.1_ASM320915v1_genomic_prodigal_proteins	2305	544	68.96	13.56	43.28
GCA_003210535.1_ASM321053v1_genomic_prodigal_proteins	1257	GCA_003211515.1_ASM321151v1_genomic_prodigal_proteins	2451	513	70.77	13.92	40.81
GCA_003210535.1_ASM321053v1_genomic_prodigal_proteins	1257	GCA_002693285.1_ASM269328v1_genomic_prodigal_proteins	2440	617	68.38	13.56	49.09
GCA_003210535.1_ASM321053v1_genomic_prodigal_proteins	1257	GCA_003210555.1_ASM321055v1_genomic_prodigal_proteins	1847	467	68.03	14.03	37.15
GCA_003210535.1_ASM321053v1_genomic_prodigal_proteins	1257	GCA_000155595.1_ASM15559v1_genomic_prodigal_proteins	5270	418	52.16	12.12	33.25
GCA_003210535.1_ASM321053v1_genomic_prodigal_proteins	1257	GCA_001007665.1_ASM100766v1_genomic_prodigal_proteins	2356	446	59.09	12.70	35.48
GCA_003210535.1_ASM321053v1_genomic_prodigal_proteins	1257	GCA_009919765.1_ASM991976v1_genomic_prodigal_proteins	2524	436	64.22	14.15	34.69
GCA_003210535.1_ASM321053v1_genomic_prodigal_proteins	1257	GCA_003331225.1_ASM333122v1_genomic_prodigal_proteins	2113	576	64.17	13.88	45.82
GCA_003210535.1_ASM321053v1_genomic_prodigal_proteins	1257	GCA_900177825.1_IMG-taxon_2708742468_annotated_assembly_genomic_prodigal_proteins	3317	401	52.78	12.50	31.90
GCA_003210535.1_ASM321053v1_genomic_prodigal_proteins	1257	GCA_000195975.1_ASM19597v1_genomic_prodigal_proteins	2719	745	74.91	13.01	59.27
GCA_003210535.1_ASM321053v1_genomic_prodigal_proteins	1257	GCA_902618885.1_AG-920-D15_genomic_prodigal_proteins	1178	306	72.76	14.96	25.98
GCA_003210535.1_ASM321053v1_genomic_prodigal_proteins	1257	GCA_003209165.1_ASM320916v1_genomic_prodigal_proteins	2711	684	74.41	12.86	54.42
GCA_003210535.1_ASM321053v1_genomic_prodigal_proteins	1257	GCA_001007625.1_ASM100762v1_genomic_prodigal_proteins	2478	390	59.57	12.65	31.03
GCA_003210535.1_ASM321053v1_genomic_prodigal_proteins	1257	GCA_008386235.1_ASM838623v1_genomic_prodigal_proteins	2571	385	52.70	12.20	30.63
GCA_003210535.1_ASM321053v1_genomic_prodigal_proteins	1257	GCA_001631935.1_ASM163193v1_genomic_prodigal_proteins	3526	715	68.84	14.06	56.88
GCA_003210535.1_ASM321053v1_genomic_prodigal_proteins	1257	GCA_002151525.1_ASM215152v1_genomic_prodigal_proteins	1628	417	62.73	13.62	33.17
GCA_003210535.1_ASM321053v1_genomic_prodigal_proteins	1257	GCA_000153065.1_ASM15306v1_genomic_prodigal_proteins	2704	651	69.44	13.48	51.79
GCA_003210535.1_ASM321053v1_genomic_prodigal_proteins	1257	GCA_009837265.1_ASM983726v1_genomic_prodigal_proteins	2126	421	59.23	12.78	33.49
GCA_003210535.1_ASM321053v1_genomic_prodigal_proteins	1257	GCA_902533725.1_AG-898-C20_genomic_prodigal_proteins	421	100	72.05	14.43	23.75
GCA_003210535.1_ASM321053v1_genomic_prodigal_proteins	1257	GCA_002171075.2_ASM217107v2_genomic_prodigal_proteins	1919	474	62.54	13.67	37.71
GCA_003210535.1_ASM321053v1_genomic_prodigal_proteins	1257	GCA_002760395.1_ASM276039v1_genomic_prodigal_proteins	2661	354	51.45	12.08	28.16
GCA_003210535.1_ASM321053v1_genomic_prodigal_proteins	1257	GCA_003209005.1_ASM320900v1_genomic_prodigal_proteins	2548	605	68.19	14.39	48.13
GCA_003210535.1_ASM321053v1_genomic_prodigal_proteins	1257	GCA_002017915.1_ASM201791v1_genomic_prodigal_proteins	623	106	61.07	13.68	17.01
GCA_003210535.1_ASM321053v1_genomic_prodigal_proteins	1257	GCA_900047545.1_m9_genomic_prodigal_proteins	1575	357	59.23	12.79	28.40
GCA_003210535.1_ASM321053v1_genomic_prodigal_proteins	1257	GCA_001632105.1_ASM163210v1_genomic_prodigal_proteins	3521	716	68.86	14.05	56.96
GCA_003210535.1_ASM321053v1_genomic_prodigal_proteins	1257	GCA_004212765.1_ASM421276v1_genomic_prodigal_proteins	1162	385	73.44	13.92	33.13
GCA_003210535.1_ASM321053v1_genomic_prodigal_proteins	1257	GCA_002685515.1_ASM268551v1_genomic_prodigal_proteins	1286	361	68.02	14.10	28.72
GCA_003210535.1_ASM321053v1_genomic_prodigal_proteins	1257	GCA_007828135.1_ASM782813v1_genomic_prodigal_proteins	2917	595	64.88	13.13	47.33
GCA_003210535.1_ASM321053v1_genomic_prodigal_proteins	1257	GCA_011047875.1_ASM1104787v1_genomic_prodigal_proteins	2810	354	51.62	12.13	28.16
GCA_003210535.1_ASM321053v1_genomic_prodigal_proteins	1257	GCA_009840445.1_ASM984044v1_genomic_prodigal_proteins	2167	460	59.45	12.69	36.60
GCA_003210535.1_ASM321053v1_genomic_prodigal_proteins	1257	GCA_003210995.1_ASM321099v1_genomic_prodigal_proteins	2385	581	68.79	14.29	46.22
GCA_003210535.1_ASM321053v1_genomic_prodigal_proteins	1257	GCA_902616995.1_AG-919-L20_genomic_prodigal_proteins	654	153	69.95	15.73	23.39
GCA_003210535.1_ASM321053v1_genomic_prodigal_proteins	1257	GCA_009845825.1_ASM984582v1_genomic_prodigal_proteins	2168	401	59.17	12.79	31.90
GCA_003210535.1_ASM321053v1_genomic_prodigal_proteins	1257	GCA_000515235.1_ASM51523v1_genomic_prodigal_proteins	2873	757	72.62	13.37	60.22
GCA_003210535.1_ASM321053v1_genomic_prodigal_proteins	1257	GCA_003523965.1_ASM352396v1_genomic_prodigal_proteins	1735	299	60.01	13.21	23.79
GCA_003210535.1_ASM321053v1_genomic_prodigal_proteins	1257	GCA_002684175.1_ASM268417v1_genomic_prodigal_proteins	1819	461	72.18	12.37	36.67
GCA_003210535.1_ASM321053v1_genomic_prodigal_proteins	1257	GCA_011523295.1_ASM1152329v1_genomic_prodigal_proteins	2851	623	72.33	13.68	49.56
GCA_003210535.1_ASM321053v1_genomic_prodigal_proteins	1257	GCA_003211015.1_ASM321101v1_genomic_prodigal_proteins	2128	554	69.08	14.02	44.07
GCA_003210535.1_ASM321053v1_genomic_prodigal_proteins	1257	GCA_002006815.1_ASM200681v1_genomic_prodigal_proteins	1973	511	63.06	13.54	40.65
GCA_003211035.1_ASM321103v1_genomic_prodigal_proteins	530	GCA_001521855.1_ASM152185v1_genomic_prodigal_proteins	3144	190	51.86	12.16	35.85
GCA_003211035.1_ASM321103v1_genomic_prodigal_proteins	530	GCA_009835965.1_ASM983596v1_genomic_prodigal_proteins	2105	211	60.04	12.12	39.81
GCA_003211035.1_ASM321103v1_genomic_prodigal_proteins	530	GCA_012269695.1_ASM1226969v1_genomic_prodigal_proteins	2043	210	62.56	14.05	39.62
GCA_003211035.1_ASM321103v1_genomic_prodigal_proteins	530	GCA_000737535.1_ASM73753v1_genomic_prodigal_proteins	3013	348	73.86	13.31	65.66
GCA_003211035.1_ASM321103v1_genomic_prodigal_proteins	530	GCA_000586015.1_SynSpo.0_genomic_prodigal_proteins	1907	171	59.97	12.78	32.26
GCA_003211035.1_ASM321103v1_genomic_prodigal_proteins	530	GCA_002760345.1_ASM276034v1_genomic_prodigal_proteins	2731	162	51.81	11.38	30.57
GCA_003211035.1_ASM321103v1_genomic_prodigal_proteins	530	GCA_000013225.1_ASM1322v1_genomic_prodigal_proteins	2844	164	52.03	11.32	30.94
GCA_003211035.1_ASM321103v1_genomic_prodigal_proteins	530	GCA_000332275.1_ASM33227v1_genomic_prodigal_proteins	4564	183	52.01	11.93	34.53
GCA_003211035.1_ASM321103v1_genomic_prodigal_proteins	530	GCA_002252675.1_ASM225267v1_genomic_prodigal_proteins	3295	278	64.27	13.71	52.45
GCA_003211035.1_ASM321103v1_genomic_prodigal_proteins	530	GCA_000737575.1_ASM73757v1_genomic_prodigal_proteins	2662	346	75.03	12.77	65.28
GCA_003211035.1_ASM321103v1_genomic_prodigal_proteins	530	GCA_902596755.1_AG-916-D19_genomic_prodigal_proteins	1152	113	74.88	16.79	21.32
GCA_003211035.1_ASM321103v1_genomic_prodigal_proteins	530	GCA_003211455.1_ASM321145v1_genomic_prodigal_proteins	1186	169	72.43	15.53	31.89
GCA_003211035.1_ASM321103v1_genomic_prodigal_proteins	530	GCA_003208755.1_ASM320875v1_genomic_prodigal_proteins	690	72	70.35	15.95	13.58
GCA_003211035.1_ASM321103v1_genomic_prodigal_proteins	530	GCA_007571215.1_ASM757121v1_genomic_prodigal_proteins	1879	208	59.88	12.41	39.25
GCA_003211035.1_ASM321103v1_genomic_prodigal_proteins	530	GCA_001007635.1_ASM100763v1_genomic_prodigal_proteins	2333	193	59.59	12.63	36.42
GCA_003211035.1_ASM321103v1_genomic_prodigal_proteins	530	GCA_000179255.1_ASM17925v1_genomic_prodigal_proteins	2729	300	64.33	13.91	56.60
GCA_003211035.1_ASM321103v1_genomic_prodigal_proteins	530	GCA_003208975.1_ASM320897v1_genomic_prodigal_proteins	1804	261	95.21	10.66	49.25
GCA_003211035.1_ASM321103v1_genomic_prodigal_proteins	530	GCA_012103655.1_ASM1210365v1_genomic_prodigal_proteins	2723	324	68.37	13.78	61.13
GCA_003211035.1_ASM321103v1_genomic_prodigal_proteins	530	GCA_902582045.1_AG-912-B07_genomic_prodigal_proteins	196	22	79.17	11.03	11.22
GCA_003211035.1_ASM321103v1_genomic_prodigal_proteins	530	GCA_000153045.1_ASM15304v1_genomic_prodigal_proteins	3242	287	65.19	13.62	54.15
GCA_003211035.1_ASM321103v1_genomic_prodigal_proteins	530	GCA_902549675.1_AG-903-B09_genomic_prodigal_proteins	836	69	73.24	18.20	13.02
GCA_003211035.1_ASM321103v1_genomic_prodigal_proteins	530	GCA_002018045.1_ASM201804v1_genomic_prodigal_proteins	1559	163	60.56	12.17	30.75
GCA_003211035.1_ASM321103v1_genomic_prodigal_proteins	530	GCA_004213055.1_ASM421305v1_genomic_prodigal_proteins	2241	303	69.98	13.49	57.17
GCA_003211035.1_ASM321103v1_genomic_prodigal_proteins	530	GCA_007571085.1_ASM757108v1_genomic_prodigal_proteins	1784	197	59.76	12.48	37.17
GCA_003211035.1_ASM321103v1_genomic_prodigal_proteins	530	GCA_009839805.1_ASM983980v1_genomic_prodigal_proteins	1848	141	56.71	11.53	26.60
GCA_003211035.1_ASM321103v1_genomic_prodigal_proteins	530	GCA_003210375.1_ASM321037v1_genomic_prodigal_proteins	2155	252	73.10	14.40	47.55
GCA_003211035.1_ASM321103v1_genomic_prodigal_proteins	530	GCA_004332415.1_ASM433241v1_genomic_prodigal_proteins	2408	325	69.16	13.71	61.32
GCA_003211035.1_ASM321103v1_genomic_prodigal_proteins	530	GCA_009836025.1_ASM983602v1_genomic_prodigal_proteins	2290	207	59.81	12.44	39.06
GCA_003211035.1_ASM321103v1_genomic_prodigal_proteins	530	GCA_009843455.1_ASM984345v1_genomic_prodigal_proteins	2423	208	59.48	12.54	39.25
GCA_003211035.1_ASM321103v1_genomic_prodigal_proteins	530	GCA_009843485.1_ASM984348v1_genomic_prodigal_proteins	2158	207	59.58	12.20	39.06
GCA_003211035.1_ASM321103v1_genomic_prodigal_proteins	530	GCA_003283135.1_ASM328313v1_genomic_prodigal_proteins	459	30	61.09	13.90	6.54
GCA_003211035.1_ASM321103v1_genomic_prodigal_proteins	530	GCA_902635485.1_AG-447-G23_genomic_prodigal_proteins	327	38	68.58	14.69	11.62
GCA_003211035.1_ASM321103v1_genomic_prodigal_proteins	530	GCA_002760415.1_ASM276041v1_genomic_prodigal_proteins	2670	163	51.79	11.26	30.75
GCA_003211035.1_ASM321103v1_genomic_prodigal_proteins	530	GCA_002754935.1_ASM275493v1_genomic_prodigal_proteins	2664	166	52.68	12.10	31.32
GCA_003211035.1_ASM321103v1_genomic_prodigal_proteins	530	GCA_002171685.2_ASM217168v2_genomic_prodigal_proteins	811	134	71.19	12.84	25.28
GCA_003211035.1_ASM321103v1_genomic_prodigal_proteins	530	GCA_000737595.1_ASM73759v1_genomic_prodigal_proteins	2774	343	75.93	13.26	64.72
GCA_003211035.1_ASM321103v1_genomic_prodigal_proteins	530	GCA_003331785.1_ASM333178v1_genomic_prodigal_proteins	2125	308	68.36	13.57	58.11
GCA_003211035.1_ASM321103v1_genomic_prodigal_proteins	530	GCA_009842265.1_ASM984226v1_genomic_prodigal_proteins	2398	210	59.79	12.06	39.62
GCA_003211035.1_ASM321103v1_genomic_prodigal_proteins	530	GCA_902579345.1_AG-911-L15_genomic_prodigal_proteins	248	30	78.91	12.06	12.10
GCA_003211035.1_ASM321103v1_genomic_prodigal_proteins	530	GCA_000011345.1_ASM1134v1_genomic_prodigal_proteins	2520	174	52.72	12.20	32.83
GCA_003211035.1_ASM321103v1_genomic_prodigal_proteins	530	GCA_003210705.1_ASM321070v1_genomic_prodigal_proteins	2244	262	67.86	13.67	49.43
GCA_003211035.1_ASM321103v1_genomic_prodigal_proteins	530	GCA_000019485.1_ASM1948v1_genomic_prodigal_proteins	3233	189	51.96	12.16	35.66
GCA_003211035.1_ASM321103v1_genomic_prodigal_proteins	530	GCA_003283055.1_ASM328305v1_genomic_prodigal_proteins	482	20	63.54	14.31	4.15
GCA_003211035.1_ASM321103v1_genomic_prodigal_proteins	530	GCA_000010065.1_ASM1006v1_genomic_prodigal_proteins	2691	215	54.42	12.56	40.57
GCA_003211035.1_ASM321103v1_genomic_prodigal_proteins	530	GCA_000316685.1_ASM31668v1_genomic_prodigal_proteins	3706	189	52.20	12.26	35.66
GCA_003211035.1_ASM321103v1_genomic_prodigal_proteins	530	GCA_000063525.1_ASM6352v1_genomic_prodigal_proteins	2540	282	63.42	14.07	53.21
GCA_003211035.1_ASM321103v1_genomic_prodigal_proteins	530	GCA_003283165.1_ASM328316v1_genomic_prodigal_proteins	217	18	90.66	16.25	8.29
GCA_003211035.1_ASM321103v1_genomic_prodigal_proteins	530	GCA_902540675.1_AG-359-E22_genomic_prodigal_proteins	584	55	79.92	15.39	10.38
GCA_003211035.1_ASM321103v1_genomic_prodigal_proteins	530	GCA_011055065.1_ASM1105506v1_genomic_prodigal_proteins	2792	151	51.36	11.15	28.49
GCA_003211035.1_ASM321103v1_genomic_prodigal_proteins	530	GCA_000013205.1_ASM1320v1_genomic_prodigal_proteins	2750	163	51.74	11.37	30.75
GCA_003211035.1_ASM321103v1_genomic_prodigal_proteins	530	GCA_003539795.1_ASM353979v1_genomic_prodigal_proteins	2284	294	74.08	12.82	55.47
GCA_003211035.1_ASM321103v1_genomic_prodigal_proteins	530	GCA_002171995.1_ASM217199v1_genomic_prodigal_proteins	1978	226	68.36	14.07	42.64
GCA_003211035.1_ASM321103v1_genomic_prodigal_proteins	530	GCA_011523835.1_ASM1152383v1_genomic_prodigal_proteins	2468	300	68.42	13.69	56.60
GCA_003211035.1_ASM321103v1_genomic_prodigal_proteins	530	GCA_002172175.1_ASM217217v1_genomic_prodigal_proteins	1846	196	61.21	14.44	36.98
GCA_003211035.1_ASM321103v1_genomic_prodigal_proteins	530	GCA_003208835.1_ASM320883v1_genomic_prodigal_proteins	2208	245	74.10	13.79	46.23
GCA_003211035.1_ASM321103v1_genomic_prodigal_proteins	530	GCA_902589915.1_AG-914-F20_genomic_prodigal_proteins	373	26	79.52	15.05	6.97
GCA_003211035.1_ASM321103v1_genomic_prodigal_proteins	530	GCA_000485815.1_ASM48581v1_genomic_prodigal_proteins	3083	183	52.09	12.27	34.53
GCA_003211035.1_ASM321103v1_genomic_prodigal_proteins	530	GCA_008807075.1_ASM880707v1_genomic_prodigal_proteins	2925	292	64.05	13.40	55.09
GCA_003211035.1_ASM321103v1_genomic_prodigal_proteins	530	GCA_000179235.2_ASM17923v2_genomic_prodigal_proteins	3071	305	63.80	14.35	57.55
GCA_003211035.1_ASM321103v1_genomic_prodigal_proteins	530	GCA_003210795.1_ASM321079v1_genomic_prodigal_proteins	2239	304	94.49	11.05	57.36
GCA_003211035.1_ASM321103v1_genomic_prodigal_proteins	530	GCA_002706715.1_ASM270671v1_genomic_prodigal_proteins	1148	202	94.31	9.81	38.11
GCA_003211035.1_ASM321103v1_genomic_prodigal_proteins	530	GCA_003331245.1_ASM333124v1_genomic_prodigal_proteins	2021	318	74.39	12.47	60.00
GCA_003211035.1_ASM321103v1_genomic_prodigal_proteins	530	GCA_009843385.1_ASM984338v1_genomic_prodigal_proteins	2085	179	60.02	12.53	33.77
GCA_003211035.1_ASM321103v1_genomic_prodigal_proteins	530	GCA_003211205.1_ASM321120v1_genomic_prodigal_proteins	2288	293	68.10	14.51	55.28
GCA_003211035.1_ASM321103v1_genomic_prodigal_proteins	530	GCA_000063505.1_ASM6350v1_genomic_prodigal_proteins	2558	327	68.84	14.17	61.70
GCA_003211035.1_ASM321103v1_genomic_prodigal_proteins	530	GCA_900474245.1_UW179B_genomic_prodigal_proteins	2743	323	68.26	13.61	60.94
GCA_003211035.1_ASM321103v1_genomic_prodigal_proteins	530	GCA_003210345.1_ASM321034v1_genomic_prodigal_proteins	1256	146	72.41	14.69	27.55
GCA_003211035.1_ASM321103v1_genomic_prodigal_proteins	530	GCA_003210315.1_ASM321031v1_genomic_prodigal_proteins	1815	208	66.62	13.55	39.25
GCA_003211035.1_ASM321103v1_genomic_prodigal_proteins	530	GCA_009836155.1_ASM983615v1_genomic_prodigal_proteins	1947	208	59.84	12.36	39.25
GCA_003211035.1_ASM321103v1_genomic_prodigal_proteins	530	GCA_003990665.2_ASM399066v2_genomic_prodigal_proteins	2499	174	52.78	12.18	32.83
GCA_003211035.1_ASM321103v1_genomic_prodigal_proteins	530	GCA_003209135.1_ASM320913v1_genomic_prodigal_proteins	1719	253	72.26	14.28	47.74
GCA_003211035.1_ASM321103v1_genomic_prodigal_proteins	530	GCA_009845105.1_ASM984510v1_genomic_prodigal_proteins	1941	166	58.68	12.47	31.32
GCA_003211035.1_ASM321103v1_genomic_prodigal_proteins	530	GCA_002690325.1_ASM269032v1_genomic_prodigal_proteins	2554	332	73.04	12.90	62.64
GCA_003211035.1_ASM321103v1_genomic_prodigal_proteins	530	GCA_000161795.2_ASM16179v2_genomic_prodigal_proteins	2407	342	75.79	13.15	64.53
GCA_003211035.1_ASM321103v1_genomic_prodigal_proteins	530	GCA_004211895.1_ASM421189v1_genomic_prodigal_proteins	954	144	75.53	12.61	27.17
GCA_003211035.1_ASM321103v1_genomic_prodigal_proteins	530	GCA_003210735.1_ASM321073v1_genomic_prodigal_proteins	2337	353	96.62	9.31	66.60
GCA_003211035.1_ASM321103v1_genomic_prodigal_proteins	530	GCA_003209035.1_ASM320903v1_genomic_prodigal_proteins	1803	276	96.10	8.31	52.08
GCA_003211035.1_ASM321103v1_genomic_prodigal_proteins	530	GCA_003712085.1_ASM371208v1_genomic_prodigal_proteins	2745	357	77.06	12.97	67.36
GCA_003211035.1_ASM321103v1_genomic_prodigal_proteins	530	GCA_003212155.1_ASM321215v1_genomic_prodigal_proteins	262	20	53.52	11.19	7.63
GCA_003211035.1_ASM321103v1_genomic_prodigal_proteins	530	GCA_001040845.1_ASM104084v1_genomic_prodigal_proteins	2917	327	68.46	13.78	61.70
GCA_003211035.1_ASM321103v1_genomic_prodigal_proteins	530	GCA_002018015.1_ASM201801v1_genomic_prodigal_proteins	1578	145	60.85	12.17	27.36
GCA_003211035.1_ASM321103v1_genomic_prodigal_proteins	530	GCA_003211255.1_ASM321125v1_genomic_prodigal_proteins	1850	275	94.36	11.88	51.89
GCA_003211035.1_ASM321103v1_genomic_prodigal_proteins	530	GCA_002721235.1_ASM272123v1_genomic_prodigal_proteins	3119	191	52.09	12.47	36.04
GCA_003211035.1_ASM321103v1_genomic_prodigal_proteins	530	GCA_009839305.1_ASM983930v1_genomic_prodigal_proteins	1816	164	60.08	12.95	30.94
GCA_003211035.1_ASM321103v1_genomic_prodigal_proteins	530	GCA_011365345.1_ASM1136534v1_genomic_prodigal_proteins	2655	353	75.60	13.48	66.60
GCA_003211035.1_ASM321103v1_genomic_prodigal_proteins	530	GCA_001039265.1_ASM103926v1_genomic_prodigal_proteins	2832	187	65.86	14.81	35.28
GCA_003211035.1_ASM321103v1_genomic_prodigal_proteins	530	GCA_001628325.1_ASM162832v1_genomic_prodigal_proteins	2129	313	76.76	13.13	59.06
GCA_003211035.1_ASM321103v1_genomic_prodigal_proteins	530	GCA_003209215.1_ASM320921v1_genomic_prodigal_proteins	1679	175	74.23	15.60	33.02
GCA_003211035.1_ASM321103v1_genomic_prodigal_proteins	530	GCA_002737305.1_ASM273730v1_genomic_prodigal_proteins	1951	216	63.68	14.02	40.75
GCA_003211035.1_ASM321103v1_genomic_prodigal_proteins	530	GCA_003210515.1_ASM321051v1_genomic_prodigal_proteins	1673	221	73.38	13.90	41.70
GCA_003211035.1_ASM321103v1_genomic_prodigal_proteins	530	GCA_011525445.1_ASM1152544v1_genomic_prodigal_proteins	3208	270	66.32	13.46	50.94
GCA_003211035.1_ASM321103v1_genomic_prodigal_proteins	530	GCA_902599435.1_AG-916-N22_genomic_prodigal_proteins	793	98	77.34	14.83	18.49
GCA_003211035.1_ASM321103v1_genomic_prodigal_proteins	530	GCA_003149585.1_ASM314958v1_genomic_prodigal_proteins	2600	297	64.67	13.54	56.04
GCA_003211035.1_ASM321103v1_genomic_prodigal_proteins	530	GCA_902560665.1_AG-905-O11_genomic_prodigal_proteins	401	21	80.33	13.89	5.24
GCA_003211035.1_ASM321103v1_genomic_prodigal_proteins	530	GCA_003331795.1_ASM333179v1_genomic_prodigal_proteins	1948	239	63.44	14.29	45.09
GCA_003211035.1_ASM321103v1_genomic_prodigal_proteins	530	GCA_002017955.1_ASM201795v1_genomic_prodigal_proteins	512	33	58.21	11.37	6.45
GCA_003211035.1_ASM321103v1_genomic_prodigal_proteins	530	GCA_902584485.1_AG-912-O23_genomic_prodigal_proteins	535	45	69.42	18.41	8.49
GCA_003211035.1_ASM321103v1_genomic_prodigal_proteins	530	GCA_902527915.1_AG-896-G19_genomic_prodigal_proteins	1003	120	77.30	13.00	22.64
GCA_003211035.1_ASM321103v1_genomic_prodigal_proteins	530	GCA_902635365.1_AG-447-D19_genomic_prodigal_proteins	1690	184	74.91	14.26	34.72
GCA_003211035.1_ASM321103v1_genomic_prodigal_proteins	530	GCA_900474085.1_UW86_genomic_prodigal_proteins	2403	334	76.30	13.06	63.02
GCA_003211035.1_ASM321103v1_genomic_prodigal_proteins	530	GCA_001885215.1_ASM188521v1_genomic_prodigal_proteins	2897	274	64.33	12.99	51.70
GCA_003211035.1_ASM321103v1_genomic_prodigal_proteins	530	GCA_902575935.1_AG-426-B22_genomic_prodigal_proteins	254	33	80.10	16.07	12.99
GCA_003211035.1_ASM321103v1_genomic_prodigal_proteins	530	GCA_900474295.1_UW140_genomic_prodigal_proteins	2925	329	69.07	13.88	62.08
GCA_003211035.1_ASM321103v1_genomic_prodigal_proteins	530	GCA_003211565.1_ASM321156v1_genomic_prodigal_proteins	1489	164	73.67	15.09	30.94
GCA_003211035.1_ASM321103v1_genomic_prodigal_proteins	530	GCA_003526105.1_ASM352610v1_genomic_prodigal_proteins	1581	229	76.18	13.72	43.21
GCA_003211035.1_ASM321103v1_genomic_prodigal_proteins	530	GCA_002172935.1_ASM217293v1_genomic_prodigal_proteins	1996	257	68.31	13.52	48.49
GCA_003211035.1_ASM321103v1_genomic_prodigal_proteins	530	GCA_003210335.1_ASM321033v1_genomic_prodigal_proteins	942	62	66.02	15.46	11.70
GCA_003211035.1_ASM321103v1_genomic_prodigal_proteins	530	GCA_009846115.1_ASM984611v1_genomic_prodigal_proteins	2048	189	59.52	12.37	35.66
GCA_003211035.1_ASM321103v1_genomic_prodigal_proteins	530	GCA_001693295.1_ASM169329v1_genomic_prodigal_proteins	3183	190	51.89	12.05	35.85
GCA_003211035.1_ASM321103v1_genomic_prodigal_proteins	530	GCA_900473965.1_UW179A_genomic_prodigal_proteins	3383	338	68.23	14.41	63.77
GCA_003211035.1_ASM321103v1_genomic_prodigal_proteins	530	GCA_003213755.1_ASM321375v1_genomic_prodigal_proteins	1050	84	58.60	13.87	15.85
GCA_003211035.1_ASM321103v1_genomic_prodigal_proteins	530	GCA_003209155.1_ASM320915v1_genomic_prodigal_proteins	2305	288	69.12	13.68	54.34
GCA_003211035.1_ASM321103v1_genomic_prodigal_proteins	530	GCA_003211515.1_ASM321151v1_genomic_prodigal_proteins	2451	268	71.40	13.43	50.57
GCA_003211035.1_ASM321103v1_genomic_prodigal_proteins	530	GCA_002693285.1_ASM269328v1_genomic_prodigal_proteins	2440	311	68.25	13.82	58.68
GCA_003211035.1_ASM321103v1_genomic_prodigal_proteins	530	GCA_003210555.1_ASM321055v1_genomic_prodigal_proteins	1847	209	65.94	14.47	39.43
GCA_003211035.1_ASM321103v1_genomic_prodigal_proteins	530	GCA_000155595.1_ASM15559v1_genomic_prodigal_proteins	5270	206	51.49	12.62	38.87
GCA_003211035.1_ASM321103v1_genomic_prodigal_proteins	530	GCA_001007665.1_ASM100766v1_genomic_prodigal_proteins	2356	224	59.34	12.18	42.26
GCA_003211035.1_ASM321103v1_genomic_prodigal_proteins	530	GCA_009919765.1_ASM991976v1_genomic_prodigal_proteins	2524	220	63.31	14.86	41.51
GCA_003211035.1_ASM321103v1_genomic_prodigal_proteins	530	GCA_003331225.1_ASM333122v1_genomic_prodigal_proteins	2113	251	63.38	14.46	47.36
GCA_003211035.1_ASM321103v1_genomic_prodigal_proteins	530	GCA_900177825.1_IMG-taxon_2708742468_annotated_assembly_genomic_prodigal_proteins	3317	186	52.03	12.18	35.09
GCA_003211035.1_ASM321103v1_genomic_prodigal_proteins	530	GCA_000195975.1_ASM19597v1_genomic_prodigal_proteins	2719	352	77.28	12.58	66.42
GCA_003211035.1_ASM321103v1_genomic_prodigal_proteins	530	GCA_902618885.1_AG-920-D15_genomic_prodigal_proteins	1178	110	76.14	16.27	20.75
GCA_003211035.1_ASM321103v1_genomic_prodigal_proteins	530	GCA_003209165.1_ASM320916v1_genomic_prodigal_proteins	2711	299	75.21	13.64	56.42
GCA_003211035.1_ASM321103v1_genomic_prodigal_proteins	530	GCA_001007625.1_ASM100762v1_genomic_prodigal_proteins	2478	191	59.73	12.51	36.04
GCA_003211035.1_ASM321103v1_genomic_prodigal_proteins	530	GCA_008386235.1_ASM838623v1_genomic_prodigal_proteins	2571	174	52.68	12.41	32.83
GCA_003211035.1_ASM321103v1_genomic_prodigal_proteins	530	GCA_001631935.1_ASM163193v1_genomic_prodigal_proteins	3526	333	68.51	14.02	62.83
GCA_003211035.1_ASM321103v1_genomic_prodigal_proteins	530	GCA_002151525.1_ASM215152v1_genomic_prodigal_proteins	1628	199	60.49	13.87	37.55
GCA_003211035.1_ASM321103v1_genomic_prodigal_proteins	530	GCA_000153065.1_ASM15306v1_genomic_prodigal_proteins	2704	319	69.39	13.28	60.19
GCA_003211035.1_ASM321103v1_genomic_prodigal_proteins	530	GCA_009837265.1_ASM983726v1_genomic_prodigal_proteins	2126	198	59.81	12.33	37.36
GCA_003211035.1_ASM321103v1_genomic_prodigal_proteins	530	GCA_902533725.1_AG-898-C20_genomic_prodigal_proteins	421	39	71.09	16.31	9.26
GCA_003211035.1_ASM321103v1_genomic_prodigal_proteins	530	GCA_002171075.2_ASM217107v2_genomic_prodigal_proteins	1919	200	61.03	14.18	37.74
GCA_003211035.1_ASM321103v1_genomic_prodigal_proteins	530	GCA_002760395.1_ASM276039v1_genomic_prodigal_proteins	2661	159	51.89	11.36	30.00
GCA_003211035.1_ASM321103v1_genomic_prodigal_proteins	530	GCA_003209005.1_ASM320900v1_genomic_prodigal_proteins	2548	285	68.76	14.05	53.77
GCA_003211035.1_ASM321103v1_genomic_prodigal_proteins	530	GCA_002017915.1_ASM201791v1_genomic_prodigal_proteins	623	49	63.21	13.98	9.25
GCA_003211035.1_ASM321103v1_genomic_prodigal_proteins	530	GCA_900047545.1_m9_genomic_prodigal_proteins	1575	162	58.62	12.48	30.57
GCA_003211035.1_ASM321103v1_genomic_prodigal_proteins	530	GCA_001632105.1_ASM163210v1_genomic_prodigal_proteins	3521	334	68.57	14.01	63.02
GCA_003211035.1_ASM321103v1_genomic_prodigal_proteins	530	GCA_004212765.1_ASM421276v1_genomic_prodigal_proteins	1162	242	76.02	12.66	45.66
GCA_003211035.1_ASM321103v1_genomic_prodigal_proteins	530	GCA_002685515.1_ASM268551v1_genomic_prodigal_proteins	1286	204	66.34	14.58	38.49
GCA_003211035.1_ASM321103v1_genomic_prodigal_proteins	530	GCA_007828135.1_ASM782813v1_genomic_prodigal_proteins	2917	274	64.34	12.99	51.70
GCA_003211035.1_ASM321103v1_genomic_prodigal_proteins	530	GCA_011047875.1_ASM1104787v1_genomic_prodigal_proteins	2810	157	51.86	11.17	29.62
GCA_003211035.1_ASM321103v1_genomic_prodigal_proteins	530	GCA_009840445.1_ASM984044v1_genomic_prodigal_proteins	2167	217	59.86	12.24	40.94
GCA_003211035.1_ASM321103v1_genomic_prodigal_proteins	530	GCA_003210995.1_ASM321099v1_genomic_prodigal_proteins	2385	245	68.16	14.29	46.23
GCA_003211035.1_ASM321103v1_genomic_prodigal_proteins	530	GCA_902616995.1_AG-919-L20_genomic_prodigal_proteins	654	69	72.17	16.61	13.02
GCA_003211035.1_ASM321103v1_genomic_prodigal_proteins	530	GCA_009845825.1_ASM984582v1_genomic_prodigal_proteins	2168	187	59.77	12.58	35.28
GCA_003211035.1_ASM321103v1_genomic_prodigal_proteins	530	GCA_000515235.1_ASM51523v1_genomic_prodigal_proteins	2873	353	73.93	12.92	66.60
GCA_003211035.1_ASM321103v1_genomic_prodigal_proteins	530	GCA_003523965.1_ASM352396v1_genomic_prodigal_proteins	1735	140	61.46	12.88	26.42
GCA_003211035.1_ASM321103v1_genomic_prodigal_proteins	530	GCA_002684175.1_ASM268417v1_genomic_prodigal_proteins	1819	224	71.50	13.62	42.26
GCA_003211035.1_ASM321103v1_genomic_prodigal_proteins	530	GCA_011523295.1_ASM1152329v1_genomic_prodigal_proteins	2851	272	71.55	13.63	51.32
GCA_003211035.1_ASM321103v1_genomic_prodigal_proteins	530	GCA_003211015.1_ASM321101v1_genomic_prodigal_proteins	2128	225	68.05	13.46	42.45
GCA_003211035.1_ASM321103v1_genomic_prodigal_proteins	530	GCA_002006815.1_ASM200681v1_genomic_prodigal_proteins	1973	227	62.81	14.05	42.83
GCA_002170705.1_ASM217070v1_genomic_prodigal_proteins	1392	GCA_002356215.1_ASM235621v1_genomic_prodigal_proteins	2953	576	52.83	12.32	41.38
GCA_002170705.1_ASM217070v1_genomic_prodigal_proteins	1392	GCA_003210935.1_ASM321093v1_genomic_prodigal_proteins	1868	658	71.00	13.80	47.27
GCA_002170705.1_ASM217070v1_genomic_prodigal_proteins	1392	GCA_003210535.1_ASM321053v1_genomic_prodigal_proteins	1257	383	73.56	13.27	30.47
GCA_002170705.1_ASM217070v1_genomic_prodigal_proteins	1392	GCA_002724845.1_ASM272484v1_genomic_prodigal_proteins	1589	716	76.89	11.81	51.44
GCA_002170705.1_ASM217070v1_genomic_prodigal_proteins	1392	GCA_000153285.1_ASM15328v1_genomic_prodigal_proteins	2746	1009	71.49	13.36	72.49
GCA_002170705.1_ASM217070v1_genomic_prodigal_proteins	1392	GCA_003211035.1_ASM321103v1_genomic_prodigal_proteins	530	207	74.04	13.18	39.06
GCA_002170705.1_ASM217070v1_genomic_prodigal_proteins	1392	GCA_001521855.1_ASM152185v1_genomic_prodigal_proteins	3144	586	52.86	12.16	42.10
GCA_002170705.1_ASM217070v1_genomic_prodigal_proteins	1392	GCA_009835965.1_ASM983596v1_genomic_prodigal_proteins	2105	654	61.26	12.30	46.98
GCA_002170705.1_ASM217070v1_genomic_prodigal_proteins	1392	GCA_012269695.1_ASM1226969v1_genomic_prodigal_proteins	2043	628	65.61	13.48	45.11
GCA_002170705.1_ASM217070v1_genomic_prodigal_proteins	1392	GCA_000737535.1_ASM73753v1_genomic_prodigal_proteins	3013	1064	77.08	12.44	76.44
GCA_002170705.1_ASM217070v1_genomic_prodigal_proteins	1392	GCA_000586015.1_SynSpo.0_genomic_prodigal_proteins	1907	506	62.19	12.75	36.35
GCA_002170705.1_ASM217070v1_genomic_prodigal_proteins	1392	GCA_002760345.1_ASM276034v1_genomic_prodigal_proteins	2731	522	52.48	11.16	37.50
GCA_002170705.1_ASM217070v1_genomic_prodigal_proteins	1392	GCA_000013225.1_ASM1322v1_genomic_prodigal_proteins	2844	528	52.38	11.23	37.93
GCA_002170705.1_ASM217070v1_genomic_prodigal_proteins	1392	GCA_000332275.1_ASM33227v1_genomic_prodigal_proteins	4564	567	51.89	11.40	40.73
GCA_002170705.1_ASM217070v1_genomic_prodigal_proteins	1392	GCA_002252675.1_ASM225267v1_genomic_prodigal_proteins	3295	869	67.16	12.86	62.43
GCA_002170705.1_ASM217070v1_genomic_prodigal_proteins	1392	GCA_000737575.1_ASM73757v1_genomic_prodigal_proteins	2662	1210	98.21	4.33	86.93
GCA_002170705.1_ASM217070v1_genomic_prodigal_proteins	1392	GCA_902596755.1_AG-916-D19_genomic_prodigal_proteins	1152	328	75.56	15.14	28.47
GCA_002170705.1_ASM217070v1_genomic_prodigal_proteins	1392	GCA_003211455.1_ASM321145v1_genomic_prodigal_proteins	1186	366	75.82	12.96	30.86
GCA_002170705.1_ASM217070v1_genomic_prodigal_proteins	1392	GCA_003208755.1_ASM320875v1_genomic_prodigal_proteins	690	305	73.83	13.99	44.20
GCA_002170705.1_ASM217070v1_genomic_prodigal_proteins	1392	GCA_007571215.1_ASM757121v1_genomic_prodigal_proteins	1879	651	60.91	12.53	46.77
GCA_002170705.1_ASM217070v1_genomic_prodigal_proteins	1392	GCA_001007635.1_ASM100763v1_genomic_prodigal_proteins	2333	597	61.13	12.37	42.89
GCA_002170705.1_ASM217070v1_genomic_prodigal_proteins	1392	GCA_000179255.1_ASM17925v1_genomic_prodigal_proteins	2729	903	66.78	13.28	64.87
GCA_002170705.1_ASM217070v1_genomic_prodigal_proteins	1392	GCA_003208975.1_ASM320897v1_genomic_prodigal_proteins	1804	555	75.26	13.37	39.87
GCA_002170705.1_ASM217070v1_genomic_prodigal_proteins	1392	GCA_012103655.1_ASM1210365v1_genomic_prodigal_proteins	2723	998	70.68	13.25	71.70
GCA_002170705.1_ASM217070v1_genomic_prodigal_proteins	1392	GCA_902582045.1_AG-912-B07_genomic_prodigal_proteins	196	44	76.47	14.59	22.45
GCA_002170705.1_ASM217070v1_genomic_prodigal_proteins	1392	GCA_000153045.1_ASM15304v1_genomic_prodigal_proteins	3242	907	66.89	12.80	65.16
GCA_002170705.1_ASM217070v1_genomic_prodigal_proteins	1392	GCA_902549675.1_AG-903-B09_genomic_prodigal_proteins	836	301	76.92	13.95	36.00
GCA_002170705.1_ASM217070v1_genomic_prodigal_proteins	1392	GCA_002018045.1_ASM201804v1_genomic_prodigal_proteins	1559	492	61.52	12.43	35.34
GCA_002170705.1_ASM217070v1_genomic_prodigal_proteins	1392	GCA_004213055.1_ASM421305v1_genomic_prodigal_proteins	2241	867	71.70	13.39	62.28
GCA_002170705.1_ASM217070v1_genomic_prodigal_proteins	1392	GCA_007571085.1_ASM757108v1_genomic_prodigal_proteins	1784	635	61.07	12.61	45.62
GCA_002170705.1_ASM217070v1_genomic_prodigal_proteins	1392	GCA_009839805.1_ASM983980v1_genomic_prodigal_proteins	1848	450	59.68	11.79	32.33
GCA_002170705.1_ASM217070v1_genomic_prodigal_proteins	1392	GCA_003210375.1_ASM321037v1_genomic_prodigal_proteins	2155	768	75.20	12.75	55.17
GCA_002170705.1_ASM217070v1_genomic_prodigal_proteins	1392	GCA_004332415.1_ASM433241v1_genomic_prodigal_proteins	2408	992	72.10	13.23	71.26
GCA_002170705.1_ASM217070v1_genomic_prodigal_proteins	1392	GCA_009836025.1_ASM983602v1_genomic_prodigal_proteins	2290	658	60.97	12.35	47.27
GCA_002170705.1_ASM217070v1_genomic_prodigal_proteins	1392	GCA_009843455.1_ASM984345v1_genomic_prodigal_proteins	2423	644	60.63	12.29	46.26
GCA_002170705.1_ASM217070v1_genomic_prodigal_proteins	1392	GCA_009843485.1_ASM984348v1_genomic_prodigal_proteins	2158	648	61.43	12.31	46.55
GCA_002170705.1_ASM217070v1_genomic_prodigal_proteins	1392	GCA_003283135.1_ASM328313v1_genomic_prodigal_proteins	459	74	66.85	14.65	16.12
GCA_002170705.1_ASM217070v1_genomic_prodigal_proteins	1392	GCA_902635485.1_AG-447-G23_genomic_prodigal_proteins	327	62	70.88	15.07	18.96
GCA_002170705.1_ASM217070v1_genomic_prodigal_proteins	1392	GCA_002760415.1_ASM276041v1_genomic_prodigal_proteins	2670	518	52.53	11.23	37.21
GCA_002170705.1_ASM217070v1_genomic_prodigal_proteins	1392	GCA_002754935.1_ASM275493v1_genomic_prodigal_proteins	2664	551	53.14	11.66	39.58
GCA_002170705.1_ASM217070v1_genomic_prodigal_proteins	1392	GCA_002171685.2_ASM217168v2_genomic_prodigal_proteins	811	348	71.59	13.16	42.91
GCA_002170705.1_ASM217070v1_genomic_prodigal_proteins	1392	GCA_000737595.1_ASM73759v1_genomic_prodigal_proteins	2774	1047	76.69	12.75	75.22
GCA_002170705.1_ASM217070v1_genomic_prodigal_proteins	1392	GCA_003331785.1_ASM333178v1_genomic_prodigal_proteins	2125	901	70.99	13.08	64.73
GCA_002170705.1_ASM217070v1_genomic_prodigal_proteins	1392	GCA_009842265.1_ASM984226v1_genomic_prodigal_proteins	2398	647	60.95	12.36	46.48
GCA_002170705.1_ASM217070v1_genomic_prodigal_proteins	1392	GCA_902579345.1_AG-911-L15_genomic_prodigal_proteins	248	55	73.19	16.31	22.18
GCA_002170705.1_ASM217070v1_genomic_prodigal_proteins	1392	GCA_000011345.1_ASM1134v1_genomic_prodigal_proteins	2520	573	53.37	11.68	41.16
GCA_002170705.1_ASM217070v1_genomic_prodigal_proteins	1392	GCA_003210705.1_ASM321070v1_genomic_prodigal_proteins	2244	709	69.09	13.97	50.93
GCA_002170705.1_ASM217070v1_genomic_prodigal_proteins	1392	GCA_000019485.1_ASM1948v1_genomic_prodigal_proteins	3233	584	52.81	12.21	41.95
GCA_002170705.1_ASM217070v1_genomic_prodigal_proteins	1392	GCA_003283055.1_ASM328305v1_genomic_prodigal_proteins	482	51	69.65	14.91	10.58
GCA_002170705.1_ASM217070v1_genomic_prodigal_proteins	1392	GCA_000010065.1_ASM1006v1_genomic_prodigal_proteins	2691	654	55.86	12.36	46.98
GCA_002170705.1_ASM217070v1_genomic_prodigal_proteins	1392	GCA_000316685.1_ASM31668v1_genomic_prodigal_proteins	3706	575	53.09	11.70	41.31
GCA_002170705.1_ASM217070v1_genomic_prodigal_proteins	1392	GCA_000063525.1_ASM6352v1_genomic_prodigal_proteins	2540	906	65.96	13.61	65.09
GCA_002170705.1_ASM217070v1_genomic_prodigal_proteins	1392	GCA_003283165.1_ASM328316v1_genomic_prodigal_proteins	217	42	73.53	16.37	19.35
GCA_002170705.1_ASM217070v1_genomic_prodigal_proteins	1392	GCA_902540675.1_AG-359-E22_genomic_prodigal_proteins	584	209	76.73	16.26	35.79
GCA_002170705.1_ASM217070v1_genomic_prodigal_proteins	1392	GCA_011055065.1_ASM1105506v1_genomic_prodigal_proteins	2792	509	52.36	11.24	36.57
GCA_002170705.1_ASM217070v1_genomic_prodigal_proteins	1392	GCA_000013205.1_ASM1320v1_genomic_prodigal_proteins	2750	523	52.52	11.20	37.57
GCA_002170705.1_ASM217070v1_genomic_prodigal_proteins	1392	GCA_003539795.1_ASM353979v1_genomic_prodigal_proteins	2284	965	97.57	7.22	69.32
GCA_002170705.1_ASM217070v1_genomic_prodigal_proteins	1392	GCA_002171995.1_ASM217199v1_genomic_prodigal_proteins	1978	567	70.26	14.30	40.73
GCA_002170705.1_ASM217070v1_genomic_prodigal_proteins	1392	GCA_011523835.1_ASM1152383v1_genomic_prodigal_proteins	2468	898	72.76	14.06	64.51
GCA_002170705.1_ASM217070v1_genomic_prodigal_proteins	1392	GCA_002172175.1_ASM217217v1_genomic_prodigal_proteins	1846	525	65.51	13.27	37.72
GCA_002170705.1_ASM217070v1_genomic_prodigal_proteins	1392	GCA_003208835.1_ASM320883v1_genomic_prodigal_proteins	2208	772	75.83	12.67	55.46
GCA_002170705.1_ASM217070v1_genomic_prodigal_proteins	1392	GCA_902589915.1_AG-914-F20_genomic_prodigal_proteins	373	73	74.89	17.04	19.57
GCA_002170705.1_ASM217070v1_genomic_prodigal_proteins	1392	GCA_000485815.1_ASM48581v1_genomic_prodigal_proteins	3083	564	52.81	12.32	40.52
GCA_002170705.1_ASM217070v1_genomic_prodigal_proteins	1392	GCA_008807075.1_ASM880707v1_genomic_prodigal_proteins	2925	886	66.90	12.91	63.65
GCA_002170705.1_ASM217070v1_genomic_prodigal_proteins	1392	GCA_000179235.2_ASM17923v2_genomic_prodigal_proteins	3071	898	67.71	13.05	64.51
GCA_002170705.1_ASM217070v1_genomic_prodigal_proteins	1392	GCA_003210795.1_ASM321079v1_genomic_prodigal_proteins	2239	763	74.81	13.30	54.81
GCA_002170705.1_ASM217070v1_genomic_prodigal_proteins	1392	GCA_002706715.1_ASM270671v1_genomic_prodigal_proteins	1148	542	76.27	12.33	47.21
GCA_002170705.1_ASM217070v1_genomic_prodigal_proteins	1392	GCA_003331245.1_ASM333124v1_genomic_prodigal_proteins	2021	990	98.64	4.06	71.12
GCA_002170705.1_ASM217070v1_genomic_prodigal_proteins	1392	GCA_009843385.1_ASM984338v1_genomic_prodigal_proteins	2085	540	61.29	12.45	38.79
GCA_002170705.1_ASM217070v1_genomic_prodigal_proteins	1392	GCA_003211205.1_ASM321120v1_genomic_prodigal_proteins	2288	714	70.41	13.58	51.29
GCA_002170705.1_ASM217070v1_genomic_prodigal_proteins	1392	GCA_000063505.1_ASM6350v1_genomic_prodigal_proteins	2558	1011	71.51	13.61	72.63
GCA_002170705.1_ASM217070v1_genomic_prodigal_proteins	1392	GCA_900474245.1_UW179B_genomic_prodigal_proteins	2743	999	70.66	13.37	71.77
GCA_002170705.1_ASM217070v1_genomic_prodigal_proteins	1392	GCA_003210345.1_ASM321034v1_genomic_prodigal_proteins	1256	412	73.99	13.15	32.80
GCA_002170705.1_ASM217070v1_genomic_prodigal_proteins	1392	GCA_003210315.1_ASM321031v1_genomic_prodigal_proteins	1815	580	69.33	13.76	41.67
GCA_002170705.1_ASM217070v1_genomic_prodigal_proteins	1392	GCA_009836155.1_ASM983615v1_genomic_prodigal_proteins	1947	634	61.12	12.30	45.55
GCA_002170705.1_ASM217070v1_genomic_prodigal_proteins	1392	GCA_003990665.2_ASM399066v2_genomic_prodigal_proteins	2499	577	53.33	11.68	41.45
GCA_002170705.1_ASM217070v1_genomic_prodigal_proteins	1392	GCA_003209135.1_ASM320913v1_genomic_prodigal_proteins	1719	593	75.52	13.73	42.60
GCA_002170705.1_ASM217070v1_genomic_prodigal_proteins	1392	GCA_009845105.1_ASM984510v1_genomic_prodigal_proteins	1941	539	60.35	12.49	38.72
GCA_002170705.1_ASM217070v1_genomic_prodigal_proteins	1392	GCA_002690325.1_ASM269032v1_genomic_prodigal_proteins	2554	967	74.33	13.45	69.47
GCA_002170705.1_ASM217070v1_genomic_prodigal_proteins	1392	GCA_000161795.2_ASM16179v2_genomic_prodigal_proteins	2407	995	77.32	12.16	71.48
GCA_002170705.1_ASM217070v1_genomic_prodigal_proteins	1392	GCA_004211895.1_ASM421189v1_genomic_prodigal_proteins	954	454	77.02	13.93	47.59
GCA_002170705.1_ASM217070v1_genomic_prodigal_proteins	1392	GCA_003210735.1_ASM321073v1_genomic_prodigal_proteins	2337	822	75.14	12.99	59.05
GCA_002170705.1_ASM217070v1_genomic_prodigal_proteins	1392	GCA_003209035.1_ASM320903v1_genomic_prodigal_proteins	1803	608	74.61	13.49	43.68
GCA_002170705.1_ASM217070v1_genomic_prodigal_proteins	1392	GCA_003712085.1_ASM371208v1_genomic_prodigal_proteins	2745	1063	78.15	12.64	76.36
GCA_002170705.1_ASM217070v1_genomic_prodigal_proteins	1392	GCA_003212155.1_ASM321215v1_genomic_prodigal_proteins	262	58	66.88	17.10	22.14
GCA_002170705.1_ASM217070v1_genomic_prodigal_proteins	1392	GCA_001040845.1_ASM104084v1_genomic_prodigal_proteins	2917	989	70.66	13.21	71.05
GCA_002170705.1_ASM217070v1_genomic_prodigal_proteins	1392	GCA_002018015.1_ASM201801v1_genomic_prodigal_proteins	1578	483	61.97	12.83	34.70
GCA_002170705.1_ASM217070v1_genomic_prodigal_proteins	1392	GCA_003211255.1_ASM321125v1_genomic_prodigal_proteins	1850	596	74.82	13.52	42.82
GCA_002170705.1_ASM217070v1_genomic_prodigal_proteins	1392	GCA_002721235.1_ASM272123v1_genomic_prodigal_proteins	3119	586	52.87	12.17	42.10
GCA_002170705.1_ASM217070v1_genomic_prodigal_proteins	1392	GCA_009839305.1_ASM983930v1_genomic_prodigal_proteins	1816	485	61.94	12.98	34.84
GCA_002170705.1_ASM217070v1_genomic_prodigal_proteins	1392	GCA_011365345.1_ASM1136534v1_genomic_prodigal_proteins	2655	1050	76.76	12.80	75.43
GCA_002170705.1_ASM217070v1_genomic_prodigal_proteins	1392	GCA_001039265.1_ASM103926v1_genomic_prodigal_proteins	2832	625	68.32	13.42	44.90
GCA_002170705.1_ASM217070v1_genomic_prodigal_proteins	1392	GCA_001628325.1_ASM162832v1_genomic_prodigal_proteins	2129	917	77.77	12.13	65.88
GCA_002170705.1_ASM217070v1_genomic_prodigal_proteins	1392	GCA_003209215.1_ASM320921v1_genomic_prodigal_proteins	1679	551	76.29	13.52	39.58
GCA_002170705.1_ASM217070v1_genomic_prodigal_proteins	1392	GCA_002737305.1_ASM273730v1_genomic_prodigal_proteins	1951	689	66.77	13.27	49.50
GCA_002170705.1_ASM217070v1_genomic_prodigal_proteins	1392	GCA_003210515.1_ASM321051v1_genomic_prodigal_proteins	1673	547	73.59	13.92	39.30
GCA_002170705.1_ASM217070v1_genomic_prodigal_proteins	1392	GCA_011525445.1_ASM1152544v1_genomic_prodigal_proteins	3208	818	69.62	13.20	58.76
GCA_002170705.1_ASM217070v1_genomic_prodigal_proteins	1392	GCA_902599435.1_AG-916-N22_genomic_prodigal_proteins	793	277	78.78	14.09	34.93
GCA_002170705.1_ASM217070v1_genomic_prodigal_proteins	1392	GCA_003149585.1_ASM314958v1_genomic_prodigal_proteins	2600	925	66.68	13.44	66.45
GCA_002170705.1_ASM217070v1_genomic_prodigal_proteins	1392	GCA_902560665.1_AG-905-O11_genomic_prodigal_proteins	401	127	76.80	13.44	31.67
GCA_002170705.1_ASM217070v1_genomic_prodigal_proteins	1392	GCA_003331795.1_ASM333179v1_genomic_prodigal_proteins	1948	688	65.71	13.82	49.43
GCA_002170705.1_ASM217070v1_genomic_prodigal_proteins	1392	GCA_002017955.1_ASM201795v1_genomic_prodigal_proteins	512	159	59.82	13.02	31.05
GCA_002170705.1_ASM217070v1_genomic_prodigal_proteins	1392	GCA_902584485.1_AG-912-O23_genomic_prodigal_proteins	535	123	74.55	14.63	22.99
GCA_002170705.1_ASM217070v1_genomic_prodigal_proteins	1392	GCA_902527915.1_AG-896-G19_genomic_prodigal_proteins	1003	366	75.16	15.01	36.49
GCA_002170705.1_ASM217070v1_genomic_prodigal_proteins	1392	GCA_902635365.1_AG-447-D19_genomic_prodigal_proteins	1690	550	74.52	14.07	39.51
GCA_002170705.1_ASM217070v1_genomic_prodigal_proteins	1392	GCA_900474085.1_UW86_genomic_prodigal_proteins	2403	1016	77.48	12.27	72.99
GCA_002170705.1_ASM217070v1_genomic_prodigal_proteins	1392	GCA_001885215.1_ASM188521v1_genomic_prodigal_proteins	2897	880	66.40	12.50	63.22
GCA_002170705.1_ASM217070v1_genomic_prodigal_proteins	1392	GCA_902575935.1_AG-426-B22_genomic_prodigal_proteins	254	120	77.89	14.11	47.24
GCA_002170705.1_ASM217070v1_genomic_prodigal_proteins	1392	GCA_900474295.1_UW140_genomic_prodigal_proteins	2925	1002	71.35	13.52	71.98
GCA_002170705.1_ASM217070v1_genomic_prodigal_proteins	1392	GCA_003211565.1_ASM321156v1_genomic_prodigal_proteins	1489	474	75.20	14.33	34.05
GCA_002170705.1_ASM217070v1_genomic_prodigal_proteins	1392	GCA_003526105.1_ASM352610v1_genomic_prodigal_proteins	1581	552	77.66	13.06	39.66
GCA_002170705.1_ASM217070v1_genomic_prodigal_proteins	1392	GCA_002172935.1_ASM217293v1_genomic_prodigal_proteins	1996	836	70.38	13.62	60.06
GCA_002170705.1_ASM217070v1_genomic_prodigal_proteins	1392	GCA_003210335.1_ASM321033v1_genomic_prodigal_proteins	942	185	65.32	14.56	19.64
GCA_002170705.1_ASM217070v1_genomic_prodigal_proteins	1392	GCA_009846115.1_ASM984611v1_genomic_prodigal_proteins	2048	582	61.01	12.37	41.81
GCA_002170705.1_ASM217070v1_genomic_prodigal_proteins	1392	GCA_001693295.1_ASM169329v1_genomic_prodigal_proteins	3183	587	52.68	12.22	42.17
GCA_002170705.1_ASM217070v1_genomic_prodigal_proteins	1392	GCA_900473965.1_UW179A_genomic_prodigal_proteins	3383	988	70.72	13.33	70.98
GCA_002170705.1_ASM217070v1_genomic_prodigal_proteins	1392	GCA_003213755.1_ASM321375v1_genomic_prodigal_proteins	1050	351	65.31	14.05	33.43
GCA_002170705.1_ASM217070v1_genomic_prodigal_proteins	1392	GCA_003209155.1_ASM320915v1_genomic_prodigal_proteins	2305	789	70.53	13.47	56.68
GCA_002170705.1_ASM217070v1_genomic_prodigal_proteins	1392	GCA_003211515.1_ASM321151v1_genomic_prodigal_proteins	2451	670	74.55	13.53	48.13
GCA_002170705.1_ASM217070v1_genomic_prodigal_proteins	1392	GCA_002693285.1_ASM269328v1_genomic_prodigal_proteins	2440	897	71.09	13.22	64.44
GCA_002170705.1_ASM217070v1_genomic_prodigal_proteins	1392	GCA_003210555.1_ASM321055v1_genomic_prodigal_proteins	1847	562	69.47	13.69	40.37
GCA_002170705.1_ASM217070v1_genomic_prodigal_proteins	1392	GCA_000155595.1_ASM15559v1_genomic_prodigal_proteins	5270	630	52.55	12.03	45.26
GCA_002170705.1_ASM217070v1_genomic_prodigal_proteins	1392	GCA_001007665.1_ASM100766v1_genomic_prodigal_proteins	2356	666	60.94	12.28	47.84
GCA_002170705.1_ASM217070v1_genomic_prodigal_proteins	1392	GCA_009919765.1_ASM991976v1_genomic_prodigal_proteins	2524	623	66.50	13.74	44.76
GCA_002170705.1_ASM217070v1_genomic_prodigal_proteins	1392	GCA_003331225.1_ASM333122v1_genomic_prodigal_proteins	2113	766	65.82	13.44	55.03
GCA_002170705.1_ASM217070v1_genomic_prodigal_proteins	1392	GCA_900177825.1_IMG-taxon_2708742468_annotated_assembly_genomic_prodigal_proteins	3317	575	52.83	12.18	41.31
GCA_002170705.1_ASM217070v1_genomic_prodigal_proteins	1392	GCA_000195975.1_ASM19597v1_genomic_prodigal_proteins	2719	1060	78.38	12.46	76.15
GCA_002170705.1_ASM217070v1_genomic_prodigal_proteins	1392	GCA_902618885.1_AG-920-D15_genomic_prodigal_proteins	1178	436	77.84	14.19	37.01
GCA_002170705.1_ASM217070v1_genomic_prodigal_proteins	1392	GCA_003209165.1_ASM320916v1_genomic_prodigal_proteins	2711	858	75.87	12.99	61.64
GCA_002170705.1_ASM217070v1_genomic_prodigal_proteins	1392	GCA_001007625.1_ASM100762v1_genomic_prodigal_proteins	2478	571	61.65	12.26	41.02
GCA_002170705.1_ASM217070v1_genomic_prodigal_proteins	1392	GCA_008386235.1_ASM838623v1_genomic_prodigal_proteins	2571	575	53.44	11.73	41.31
GCA_002170705.1_ASM217070v1_genomic_prodigal_proteins	1392	GCA_001631935.1_ASM163193v1_genomic_prodigal_proteins	3526	1000	70.59	13.45	71.84
GCA_002170705.1_ASM217070v1_genomic_prodigal_proteins	1392	GCA_002151525.1_ASM215152v1_genomic_prodigal_proteins	1628	574	64.02	13.44	41.24
GCA_002170705.1_ASM217070v1_genomic_prodigal_proteins	1392	GCA_000153065.1_ASM15306v1_genomic_prodigal_proteins	2704	971	72.13	13.21	69.76
GCA_002170705.1_ASM217070v1_genomic_prodigal_proteins	1392	GCA_009837265.1_ASM983726v1_genomic_prodigal_proteins	2126	610	61.61	12.30	43.82
GCA_002170705.1_ASM217070v1_genomic_prodigal_proteins	1392	GCA_902533725.1_AG-898-C20_genomic_prodigal_proteins	421	110	71.85	16.02	26.13
GCA_002170705.1_ASM217070v1_genomic_prodigal_proteins	1392	GCA_002171075.2_ASM217107v2_genomic_prodigal_proteins	1919	667	63.88	13.70	47.92
GCA_002170705.1_ASM217070v1_genomic_prodigal_proteins	1392	GCA_002760395.1_ASM276039v1_genomic_prodigal_proteins	2661	507	52.62	11.17	36.42
GCA_002170705.1_ASM217070v1_genomic_prodigal_proteins	1392	GCA_003209005.1_ASM320900v1_genomic_prodigal_proteins	2548	845	69.87	13.88	60.70
GCA_002170705.1_ASM217070v1_genomic_prodigal_proteins	1392	GCA_002017915.1_ASM201791v1_genomic_prodigal_proteins	623	187	62.97	12.80	30.02
GCA_002170705.1_ASM217070v1_genomic_prodigal_proteins	1392	GCA_900047545.1_m9_genomic_prodigal_proteins	1575	538	61.05	12.67	38.65
GCA_002170705.1_ASM217070v1_genomic_prodigal_proteins	1392	GCA_001632105.1_ASM163210v1_genomic_prodigal_proteins	3521	1006	70.60	13.36	72.27
GCA_002170705.1_ASM217070v1_genomic_prodigal_proteins	1392	GCA_004212765.1_ASM421276v1_genomic_prodigal_proteins	1162	529	77.89	13.02	45.52
GCA_002170705.1_ASM217070v1_genomic_prodigal_proteins	1392	GCA_002685515.1_ASM268551v1_genomic_prodigal_proteins	1286	538	69.80	13.57	41.84
GCA_002170705.1_ASM217070v1_genomic_prodigal_proteins	1392	GCA_007828135.1_ASM782813v1_genomic_prodigal_proteins	2917	880	66.41	12.50	63.22
GCA_002170705.1_ASM217070v1_genomic_prodigal_proteins	1392	GCA_011047875.1_ASM1104787v1_genomic_prodigal_proteins	2810	523	52.53	11.22	37.57
GCA_002170705.1_ASM217070v1_genomic_prodigal_proteins	1392	GCA_009840445.1_ASM984044v1_genomic_prodigal_proteins	2167	668	61.27	12.39	47.99
GCA_002170705.1_ASM217070v1_genomic_prodigal_proteins	1392	GCA_003210995.1_ASM321099v1_genomic_prodigal_proteins	2385	719	69.84	14.28	51.65
GCA_002170705.1_ASM217070v1_genomic_prodigal_proteins	1392	GCA_902616995.1_AG-919-L20_genomic_prodigal_proteins	654	205	75.85	14.64	31.35
GCA_002170705.1_ASM217070v1_genomic_prodigal_proteins	1392	GCA_009845825.1_ASM984582v1_genomic_prodigal_proteins	2168	581	61.04	12.31	41.74
GCA_002170705.1_ASM217070v1_genomic_prodigal_proteins	1392	GCA_000515235.1_ASM51523v1_genomic_prodigal_proteins	2873	1061	76.89	12.50	76.22
GCA_002170705.1_ASM217070v1_genomic_prodigal_proteins	1392	GCA_003523965.1_ASM352396v1_genomic_prodigal_proteins	1735	432	62.87	12.41	31.03
GCA_002170705.1_ASM217070v1_genomic_prodigal_proteins	1392	GCA_002684175.1_ASM268417v1_genomic_prodigal_proteins	1819	670	73.56	12.23	48.13
GCA_002170705.1_ASM217070v1_genomic_prodigal_proteins	1392	GCA_011523295.1_ASM1152329v1_genomic_prodigal_proteins	2851	836	73.70	13.42	60.06
GCA_002170705.1_ASM217070v1_genomic_prodigal_proteins	1392	GCA_003211015.1_ASM321101v1_genomic_prodigal_proteins	2128	720	70.56	13.74	51.72
GCA_002170705.1_ASM217070v1_genomic_prodigal_proteins	1392	GCA_002006815.1_ASM200681v1_genomic_prodigal_proteins	1973	774	64.15	13.09	55.60
GCA_900473925.1_N5_genomic_prodigal_proteins	2417	GCA_902592665.1_AG-447-E14_genomic_prodigal_proteins	1111	548	74.89	13.84	49.32
GCA_900473925.1_N5_genomic_prodigal_proteins	2417	GCA_011523155.1_ASM1152315v1_genomic_prodigal_proteins	2101	1245	70.20	13.06	59.26
GCA_900473925.1_N5_genomic_prodigal_proteins	2417	GCA_003211275.1_ASM321127v1_genomic_prodigal_proteins	2168	1197	70.45	14.01	55.21
GCA_900473925.1_N5_genomic_prodigal_proteins	2417	GCA_003957805.1_ASM395780v1_genomic_prodigal_proteins	2887	1169	56.02	13.02	48.37
GCA_900473925.1_N5_genomic_prodigal_proteins	2417	GCA_012270465.1_ASM1227046v1_genomic_prodigal_proteins	2311	1305	65.26	13.93	56.47
GCA_900473925.1_N5_genomic_prodigal_proteins	2417	GCA_001693255.1_ASM169325v1_genomic_prodigal_proteins	3177	1052	53.56	12.81	43.53
GCA_900473925.1_N5_genomic_prodigal_proteins	2417	GCA_003210385.1_ASM321038v1_genomic_prodigal_proteins	286	193	70.12	13.79	67.48
GCA_900473925.1_N5_genomic_prodigal_proteins	2417	GCA_002170705.1_ASM217070v1_genomic_prodigal_proteins	1392	976	77.27	12.33	70.11
GCA_900473925.1_N5_genomic_prodigal_proteins	2417	GCA_002356215.1_ASM235621v1_genomic_prodigal_proteins	2953	1042	53.61	12.78	43.11
GCA_900473925.1_N5_genomic_prodigal_proteins	2417	GCA_003210935.1_ASM321093v1_genomic_prodigal_proteins	1868	1152	71.41	13.76	61.67
GCA_900473925.1_N5_genomic_prodigal_proteins	2417	GCA_003210535.1_ASM321053v1_genomic_prodigal_proteins	1257	733	75.83	12.85	58.31
GCA_900473925.1_N5_genomic_prodigal_proteins	2417	GCA_002724845.1_ASM272484v1_genomic_prodigal_proteins	1589	1410	96.41	4.84	88.74
GCA_900473925.1_N5_genomic_prodigal_proteins	2417	GCA_000153285.1_ASM15328v1_genomic_prodigal_proteins	2746	1775	71.74	13.77	73.44
GCA_900473925.1_N5_genomic_prodigal_proteins	2417	GCA_003211035.1_ASM321103v1_genomic_prodigal_proteins	530	336	76.10	13.07	63.40
GCA_900473925.1_N5_genomic_prodigal_proteins	2417	GCA_001521855.1_ASM152185v1_genomic_prodigal_proteins	3144	1041	53.74	12.69	43.07
GCA_900473925.1_N5_genomic_prodigal_proteins	2417	GCA_009835965.1_ASM983596v1_genomic_prodigal_proteins	2105	1173	61.36	12.78	55.72
GCA_900473925.1_N5_genomic_prodigal_proteins	2417	GCA_012269695.1_ASM1226969v1_genomic_prodigal_proteins	2043	1116	65.67	14.02	54.63
GCA_900473925.1_N5_genomic_prodigal_proteins	2417	GCA_000737535.1_ASM73753v1_genomic_prodigal_proteins	3013	1820	76.15	12.91	75.30
GCA_900473925.1_N5_genomic_prodigal_proteins	2417	GCA_000586015.1_SynSpo.0_genomic_prodigal_proteins	1907	914	62.11	13.20	47.93
GCA_900473925.1_N5_genomic_prodigal_proteins	2417	GCA_002760345.1_ASM276034v1_genomic_prodigal_proteins	2731	907	53.22	11.78	37.53
GCA_900473925.1_N5_genomic_prodigal_proteins	2417	GCA_000013225.1_ASM1322v1_genomic_prodigal_proteins	2844	913	53.24	11.86	37.77
GCA_900473925.1_N5_genomic_prodigal_proteins	2417	GCA_000332275.1_ASM33227v1_genomic_prodigal_proteins	4564	1006	52.29	12.12	41.62
GCA_900473925.1_N5_genomic_prodigal_proteins	2417	GCA_002252675.1_ASM225267v1_genomic_prodigal_proteins	3295	1534	67.04	13.46	63.47
GCA_900473925.1_N5_genomic_prodigal_proteins	2417	GCA_000737575.1_ASM73757v1_genomic_prodigal_proteins	2662	1871	77.79	12.61	77.41
GCA_900473925.1_N5_genomic_prodigal_proteins	2417	GCA_902596755.1_AG-916-D19_genomic_prodigal_proteins	1152	680	77.81	13.35	59.03
GCA_900473925.1_N5_genomic_prodigal_proteins	2417	GCA_003211455.1_ASM321145v1_genomic_prodigal_proteins	1186	758	92.37	10.06	63.91
GCA_900473925.1_N5_genomic_prodigal_proteins	2417	GCA_003208755.1_ASM320875v1_genomic_prodigal_proteins	690	443	76.75	13.21	64.20
GCA_900473925.1_N5_genomic_prodigal_proteins	2417	GCA_007571215.1_ASM757121v1_genomic_prodigal_proteins	1879	1154	60.83	12.95	61.42
GCA_900473925.1_N5_genomic_prodigal_proteins	2417	GCA_001007635.1_ASM100763v1_genomic_prodigal_proteins	2333	1067	61.49	12.61	45.74
GCA_900473925.1_N5_genomic_prodigal_proteins	2417	GCA_000179255.1_ASM17925v1_genomic_prodigal_proteins	2729	1627	67.60	13.80	67.31
GCA_900473925.1_N5_genomic_prodigal_proteins	2417	GCA_003208975.1_ASM320897v1_genomic_prodigal_proteins	1804	1009	76.67	13.62	55.93
GCA_900473925.1_N5_genomic_prodigal_proteins	2417	GCA_012103655.1_ASM1210365v1_genomic_prodigal_proteins	2723	1737	71.15	13.45	71.87
GCA_900473925.1_N5_genomic_prodigal_proteins	2417	GCA_902582045.1_AG-912-B07_genomic_prodigal_proteins	196	74	76.09	15.42	37.76
GCA_900473925.1_N5_genomic_prodigal_proteins	2417	GCA_000153045.1_ASM15304v1_genomic_prodigal_proteins	3242	1573	67.31	13.51	65.08
GCA_900473925.1_N5_genomic_prodigal_proteins	2417	GCA_902549675.1_AG-903-B09_genomic_prodigal_proteins	836	456	78.21	14.60	54.55
GCA_900473925.1_N5_genomic_prodigal_proteins	2417	GCA_002018045.1_ASM201804v1_genomic_prodigal_proteins	1559	905	62.20	12.62	58.05
GCA_900473925.1_N5_genomic_prodigal_proteins	2417	GCA_004213055.1_ASM421305v1_genomic_prodigal_proteins	2241	1526	72.00	13.61	68.09
GCA_900473925.1_N5_genomic_prodigal_proteins	2417	GCA_007571085.1_ASM757108v1_genomic_prodigal_proteins	1784	1125	60.83	12.99	63.06
GCA_900473925.1_N5_genomic_prodigal_proteins	2417	GCA_009839805.1_ASM983980v1_genomic_prodigal_proteins	1848	778	59.55	12.28	42.10
GCA_900473925.1_N5_genomic_prodigal_proteins	2417	GCA_003210375.1_ASM321037v1_genomic_prodigal_proteins	2155	1383	76.68	12.53	64.18
GCA_900473925.1_N5_genomic_prodigal_proteins	2417	GCA_004332415.1_ASM433241v1_genomic_prodigal_proteins	2408	1710	72.46	13.36	71.01
GCA_900473925.1_N5_genomic_prodigal_proteins	2417	GCA_009836025.1_ASM983602v1_genomic_prodigal_proteins	2290	1155	61.43	12.68	50.44
GCA_900473925.1_N5_genomic_prodigal_proteins	2417	GCA_009843455.1_ASM984345v1_genomic_prodigal_proteins	2423	1130	61.25	12.63	46.75
GCA_900473925.1_N5_genomic_prodigal_proteins	2417	GCA_009843485.1_ASM984348v1_genomic_prodigal_proteins	2158	1170	61.36	12.86	54.22
GCA_900473925.1_N5_genomic_prodigal_proteins	2417	GCA_003283135.1_ASM328313v1_genomic_prodigal_proteins	459	140	68.21	15.26	30.50
GCA_900473925.1_N5_genomic_prodigal_proteins	2417	GCA_902635485.1_AG-447-G23_genomic_prodigal_proteins	327	181	93.86	9.80	55.35
GCA_900473925.1_N5_genomic_prodigal_proteins	2417	GCA_002760415.1_ASM276041v1_genomic_prodigal_proteins	2670	898	53.16	11.81	37.15
GCA_900473925.1_N5_genomic_prodigal_proteins	2417	GCA_002754935.1_ASM275493v1_genomic_prodigal_proteins	2664	937	54.26	12.28	38.77
GCA_900473925.1_N5_genomic_prodigal_proteins	2417	GCA_002171685.2_ASM217168v2_genomic_prodigal_proteins	811	642	71.87	13.02	79.16
GCA_900473925.1_N5_genomic_prodigal_proteins	2417	GCA_000737595.1_ASM73759v1_genomic_prodigal_proteins	2774	1983	91.02	8.82	82.04
GCA_900473925.1_N5_genomic_prodigal_proteins	2417	GCA_003331785.1_ASM333178v1_genomic_prodigal_proteins	2125	1613	71.01	13.45	75.91
GCA_900473925.1_N5_genomic_prodigal_proteins	2417	GCA_009842265.1_ASM984226v1_genomic_prodigal_proteins	2398	1149	61.25	12.69	47.91
GCA_900473925.1_N5_genomic_prodigal_proteins	2417	GCA_902579345.1_AG-911-L15_genomic_prodigal_proteins	248	112	71.17	16.44	45.16
GCA_900473925.1_N5_genomic_prodigal_proteins	2417	GCA_000011345.1_ASM1134v1_genomic_prodigal_proteins	2520	996	54.16	12.33	41.21
GCA_900473925.1_N5_genomic_prodigal_proteins	2417	GCA_003210705.1_ASM321070v1_genomic_prodigal_proteins	2244	1278	70.74	13.94	56.95
GCA_900473925.1_N5_genomic_prodigal_proteins	2417	GCA_000019485.1_ASM1948v1_genomic_prodigal_proteins	3233	1039	53.78	12.71	42.99
GCA_900473925.1_N5_genomic_prodigal_proteins	2417	GCA_003283055.1_ASM328305v1_genomic_prodigal_proteins	482	80	72.67	15.46	16.60
GCA_900473925.1_N5_genomic_prodigal_proteins	2417	GCA_000010065.1_ASM1006v1_genomic_prodigal_proteins	2691	1155	55.96	13.05	47.79
GCA_900473925.1_N5_genomic_prodigal_proteins	2417	GCA_000316685.1_ASM31668v1_genomic_prodigal_proteins	3706	1024	53.54	12.55	42.37
GCA_900473925.1_N5_genomic_prodigal_proteins	2417	GCA_000063525.1_ASM6352v1_genomic_prodigal_proteins	2540	1603	66.41	14.29	66.32
GCA_900473925.1_N5_genomic_prodigal_proteins	2417	GCA_003283165.1_ASM328316v1_genomic_prodigal_proteins	217	77	74.79	14.45	35.48
GCA_900473925.1_N5_genomic_prodigal_proteins	2417	GCA_902540675.1_AG-359-E22_genomic_prodigal_proteins	584	303	77.78	14.92	51.88
GCA_900473925.1_N5_genomic_prodigal_proteins	2417	GCA_011055065.1_ASM1105506v1_genomic_prodigal_proteins	2792	870	53.17	11.89	36.00
GCA_900473925.1_N5_genomic_prodigal_proteins	2417	GCA_000013205.1_ASM1320v1_genomic_prodigal_proteins	2750	908	53.24	11.80	37.57
GCA_900473925.1_N5_genomic_prodigal_proteins	2417	GCA_003539795.1_ASM353979v1_genomic_prodigal_proteins	2284	1434	76.31	12.48	62.78
GCA_900473925.1_N5_genomic_prodigal_proteins	2417	GCA_002171995.1_ASM217199v1_genomic_prodigal_proteins	1978	1015	70.61	13.93	51.31
GCA_900473925.1_N5_genomic_prodigal_proteins	2417	GCA_011523835.1_ASM1152383v1_genomic_prodigal_proteins	2468	1516	72.16	13.90	62.72
GCA_900473925.1_N5_genomic_prodigal_proteins	2417	GCA_002172175.1_ASM217217v1_genomic_prodigal_proteins	1846	1031	65.00	13.80	55.85
GCA_900473925.1_N5_genomic_prodigal_proteins	2417	GCA_003208835.1_ASM320883v1_genomic_prodigal_proteins	2208	1357	77.30	12.80	61.46
GCA_900473925.1_N5_genomic_prodigal_proteins	2417	GCA_902589915.1_AG-914-F20_genomic_prodigal_proteins	373	150	79.14	14.89	40.21
GCA_900473925.1_N5_genomic_prodigal_proteins	2417	GCA_000485815.1_ASM48581v1_genomic_prodigal_proteins	3083	1022	53.66	12.79	42.28
GCA_900473925.1_N5_genomic_prodigal_proteins	2417	GCA_008807075.1_ASM880707v1_genomic_prodigal_proteins	2925	1556	66.58	13.37	64.38
GCA_900473925.1_N5_genomic_prodigal_proteins	2417	GCA_000179235.2_ASM17923v2_genomic_prodigal_proteins	3071	1613	67.87	13.67	66.74
GCA_900473925.1_N5_genomic_prodigal_proteins	2417	GCA_003210795.1_ASM321079v1_genomic_prodigal_proteins	2239	1419	77.11	13.30	63.38
GCA_900473925.1_N5_genomic_prodigal_proteins	2417	GCA_002706715.1_ASM270671v1_genomic_prodigal_proteins	1148	896	77.43	13.15	78.05
GCA_900473925.1_N5_genomic_prodigal_proteins	2417	GCA_003331245.1_ASM333124v1_genomic_prodigal_proteins	2021	1550	77.08	12.51	76.69
GCA_900473925.1_N5_genomic_prodigal_proteins	2417	GCA_009843385.1_ASM984338v1_genomic_prodigal_proteins	2085	964	61.68	12.76	46.24
GCA_900473925.1_N5_genomic_prodigal_proteins	2417	GCA_003211205.1_ASM321120v1_genomic_prodigal_proteins	2288	1402	70.93	13.83	61.28
GCA_900473925.1_N5_genomic_prodigal_proteins	2417	GCA_000063505.1_ASM6350v1_genomic_prodigal_proteins	2558	1744	72.04	13.93	72.16
GCA_900473925.1_N5_genomic_prodigal_proteins	2417	GCA_900474245.1_UW179B_genomic_prodigal_proteins	2743	1756	71.14	13.53	72.65
GCA_900473925.1_N5_genomic_prodigal_proteins	2417	GCA_003210345.1_ASM321034v1_genomic_prodigal_proteins	1256	793	76.27	12.44	63.14
GCA_900473925.1_N5_genomic_prodigal_proteins	2417	GCA_003210315.1_ASM321031v1_genomic_prodigal_proteins	1815	1054	69.71	13.90	58.07
GCA_900473925.1_N5_genomic_prodigal_proteins	2417	GCA_009836155.1_ASM983615v1_genomic_prodigal_proteins	1947	1095	61.46	12.69	56.24
GCA_900473925.1_N5_genomic_prodigal_proteins	2417	GCA_003990665.2_ASM399066v2_genomic_prodigal_proteins	2499	996	54.15	12.38	41.21
GCA_900473925.1_N5_genomic_prodigal_proteins	2417	GCA_003209135.1_ASM320913v1_genomic_prodigal_proteins	1719	983	75.22	13.34	57.18
GCA_900473925.1_N5_genomic_prodigal_proteins	2417	GCA_009845105.1_ASM984510v1_genomic_prodigal_proteins	1941	915	61.02	12.74	47.14
GCA_900473925.1_N5_genomic_prodigal_proteins	2417	GCA_002690325.1_ASM269032v1_genomic_prodigal_proteins	2554	1718	75.15	13.47	71.08
GCA_900473925.1_N5_genomic_prodigal_proteins	2417	GCA_000161795.2_ASM16179v2_genomic_prodigal_proteins	2407	2061	94.99	6.40	85.63
GCA_900473925.1_N5_genomic_prodigal_proteins	2417	GCA_004211895.1_ASM421189v1_genomic_prodigal_proteins	954	801	94.68	4.99	83.96
GCA_900473925.1_N5_genomic_prodigal_proteins	2417	GCA_003210735.1_ASM321073v1_genomic_prodigal_proteins	2337	1425	76.78	13.27	60.98
GCA_900473925.1_N5_genomic_prodigal_proteins	2417	GCA_003209035.1_ASM320903v1_genomic_prodigal_proteins	1803	1045	76.67	13.36	57.96
GCA_900473925.1_N5_genomic_prodigal_proteins	2417	GCA_003712085.1_ASM371208v1_genomic_prodigal_proteins	2745	1883	78.79	12.93	77.91
GCA_900473925.1_N5_genomic_prodigal_proteins	2417	GCA_003212155.1_ASM321215v1_genomic_prodigal_proteins	262	101	65.50	16.98	38.55
GCA_900473925.1_N5_genomic_prodigal_proteins	2417	GCA_001040845.1_ASM104084v1_genomic_prodigal_proteins	2917	1756	70.83	13.59	72.65
GCA_900473925.1_N5_genomic_prodigal_proteins	2417	GCA_002018015.1_ASM201801v1_genomic_prodigal_proteins	1578	891	62.10	12.74	56.46
GCA_900473925.1_N5_genomic_prodigal_proteins	2417	GCA_003211255.1_ASM321125v1_genomic_prodigal_proteins	1850	1054	76.78	13.18	56.97
GCA_900473925.1_N5_genomic_prodigal_proteins	2417	GCA_002721235.1_ASM272123v1_genomic_prodigal_proteins	3119	1039	53.73	12.75	42.99
GCA_900473925.1_N5_genomic_prodigal_proteins	2417	GCA_009839305.1_ASM983930v1_genomic_prodigal_proteins	1816	874	61.78	13.17	48.13
GCA_900473925.1_N5_genomic_prodigal_proteins	2417	GCA_011365345.1_ASM1136534v1_genomic_prodigal_proteins	2655	2020	89.88	8.53	83.57
GCA_900473925.1_N5_genomic_prodigal_proteins	2417	GCA_001039265.1_ASM103926v1_genomic_prodigal_proteins	2832	1087	68.48	13.72	44.97
GCA_900473925.1_N5_genomic_prodigal_proteins	2417	GCA_001628325.1_ASM162832v1_genomic_prodigal_proteins	2129	1896	98.24	3.15	89.06
GCA_900473925.1_N5_genomic_prodigal_proteins	2417	GCA_003209215.1_ASM320921v1_genomic_prodigal_proteins	1679	1057	93.88	8.25	62.95
GCA_900473925.1_N5_genomic_prodigal_proteins	2417	GCA_002737305.1_ASM273730v1_genomic_prodigal_proteins	1951	1189	67.53	13.69	60.94
GCA_900473925.1_N5_genomic_prodigal_proteins	2417	GCA_003210515.1_ASM321051v1_genomic_prodigal_proteins	1673	1098	76.53	12.94	65.63
GCA_900473925.1_N5_genomic_prodigal_proteins	2417	GCA_011525445.1_ASM1152544v1_genomic_prodigal_proteins	3208	1434	70.57	13.57	59.33
GCA_900473925.1_N5_genomic_prodigal_proteins	2417	GCA_902599435.1_AG-916-N22_genomic_prodigal_proteins	793	468	79.59	13.69	59.02
GCA_900473925.1_N5_genomic_prodigal_proteins	2417	GCA_003149585.1_ASM314958v1_genomic_prodigal_proteins	2600	1631	67.65	13.84	67.48
GCA_900473925.1_N5_genomic_prodigal_proteins	2417	GCA_902560665.1_AG-905-O11_genomic_prodigal_proteins	401	204	77.85	14.56	50.87
GCA_900473925.1_N5_genomic_prodigal_proteins	2417	GCA_003331795.1_ASM333179v1_genomic_prodigal_proteins	1948	1295	66.20	14.35	66.48
GCA_900473925.1_N5_genomic_prodigal_proteins	2417	GCA_002017955.1_ASM201795v1_genomic_prodigal_proteins	512	253	61.50	12.61	49.41
GCA_900473925.1_N5_genomic_prodigal_proteins	2417	GCA_902584485.1_AG-912-O23_genomic_prodigal_proteins	535	253	77.01	14.95	47.29
GCA_900473925.1_N5_genomic_prodigal_proteins	2417	GCA_902527915.1_AG-896-G19_genomic_prodigal_proteins	1003	618	77.98	13.67	61.62
GCA_900473925.1_N5_genomic_prodigal_proteins	2417	GCA_902635365.1_AG-447-D19_genomic_prodigal_proteins	1690	926	77.00	13.49	54.79
GCA_900473925.1_N5_genomic_prodigal_proteins	2417	GCA_900474085.1_UW86_genomic_prodigal_proteins	2403	2096	97.05	4.97	87.22
GCA_900473925.1_N5_genomic_prodigal_proteins	2417	GCA_001885215.1_ASM188521v1_genomic_prodigal_proteins	2897	1548	66.28	13.36	64.05
GCA_900473925.1_N5_genomic_prodigal_proteins	2417	GCA_902575935.1_AG-426-B22_genomic_prodigal_proteins	254	185	96.34	7.56	72.83
GCA_900473925.1_N5_genomic_prodigal_proteins	2417	GCA_900474295.1_UW140_genomic_prodigal_proteins	2925	1770	71.71	13.77	73.23
GCA_900473925.1_N5_genomic_prodigal_proteins	2417	GCA_003211565.1_ASM321156v1_genomic_prodigal_proteins	1489	995	93.98	7.85	66.82
GCA_900473925.1_N5_genomic_prodigal_proteins	2417	GCA_003526105.1_ASM352610v1_genomic_prodigal_proteins	1581	1117	97.75	5.72	70.65
GCA_900473925.1_N5_genomic_prodigal_proteins	2417	GCA_002172935.1_ASM217293v1_genomic_prodigal_proteins	1996	1345	70.79	13.70	67.38
GCA_900473925.1_N5_genomic_prodigal_proteins	2417	GCA_003210335.1_ASM321033v1_genomic_prodigal_proteins	942	360	67.94	14.44	38.22
GCA_900473925.1_N5_genomic_prodigal_proteins	2417	GCA_009846115.1_ASM984611v1_genomic_prodigal_proteins	2048	1039	61.23	12.85	50.73
GCA_900473925.1_N5_genomic_prodigal_proteins	2417	GCA_001693295.1_ASM169329v1_genomic_prodigal_proteins	3183	1042	53.69	12.74	43.11
GCA_900473925.1_N5_genomic_prodigal_proteins	2417	GCA_900473965.1_UW179A_genomic_prodigal_proteins	3383	1779	71.10	13.78	73.60
GCA_900473925.1_N5_genomic_prodigal_proteins	2417	GCA_003213755.1_ASM321375v1_genomic_prodigal_proteins	1050	561	66.23	14.53	53.43
GCA_900473925.1_N5_genomic_prodigal_proteins	2417	GCA_003209155.1_ASM320915v1_genomic_prodigal_proteins	2305	1351	71.13	13.69	58.61
GCA_900473925.1_N5_genomic_prodigal_proteins	2417	GCA_003211515.1_ASM321151v1_genomic_prodigal_proteins	2451	1203	75.11	13.47	49.77
GCA_900473925.1_N5_genomic_prodigal_proteins	2417	GCA_002693285.1_ASM269328v1_genomic_prodigal_proteins	2440	1553	71.22	13.82	64.25
GCA_900473925.1_N5_genomic_prodigal_proteins	2417	GCA_003210555.1_ASM321055v1_genomic_prodigal_proteins	1847	998	69.97	13.37	54.03
GCA_900473925.1_N5_genomic_prodigal_proteins	2417	GCA_000155595.1_ASM15559v1_genomic_prodigal_proteins	5270	1087	53.22	12.56	44.97
GCA_900473925.1_N5_genomic_prodigal_proteins	2417	GCA_001007665.1_ASM100766v1_genomic_prodigal_proteins	2356	1192	60.91	12.85	50.59
GCA_900473925.1_N5_genomic_prodigal_proteins	2417	GCA_009919765.1_ASM991976v1_genomic_prodigal_proteins	2524	1102	66.50	14.50	45.59
GCA_900473925.1_N5_genomic_prodigal_proteins	2417	GCA_003331225.1_ASM333122v1_genomic_prodigal_proteins	2113	1390	66.27	13.83	65.78
GCA_900473925.1_N5_genomic_prodigal_proteins	2417	GCA_900177825.1_IMG-taxon_2708742468_annotated_assembly_genomic_prodigal_proteins	3317	1029	53.78	12.71	42.57
GCA_900473925.1_N5_genomic_prodigal_proteins	2417	GCA_000195975.1_ASM19597v1_genomic_prodigal_proteins	2719	1889	78.59	13.02	78.15
GCA_900473925.1_N5_genomic_prodigal_proteins	2417	GCA_902618885.1_AG-920-D15_genomic_prodigal_proteins	1178	738	78.83	13.32	62.65
GCA_900473925.1_N5_genomic_prodigal_proteins	2417	GCA_003209165.1_ASM320916v1_genomic_prodigal_proteins	2711	1732	90.74	8.57	71.66
GCA_900473925.1_N5_genomic_prodigal_proteins	2417	GCA_001007625.1_ASM100762v1_genomic_prodigal_proteins	2478	1037	61.55	12.85	42.90
GCA_900473925.1_N5_genomic_prodigal_proteins	2417	GCA_008386235.1_ASM838623v1_genomic_prodigal_proteins	2571	989	54.19	12.32	40.92
GCA_900473925.1_N5_genomic_prodigal_proteins	2417	GCA_001631935.1_ASM163193v1_genomic_prodigal_proteins	3526	1768	71.20	13.84	73.15
GCA_900473925.1_N5_genomic_prodigal_proteins	2417	GCA_002151525.1_ASM215152v1_genomic_prodigal_proteins	1628	1070	64.43	13.96	65.72
GCA_900473925.1_N5_genomic_prodigal_proteins	2417	GCA_000153065.1_ASM15306v1_genomic_prodigal_proteins	2704	1672	72.44	13.25	69.18
GCA_900473925.1_N5_genomic_prodigal_proteins	2417	GCA_009837265.1_ASM983726v1_genomic_prodigal_proteins	2126	1100	61.33	12.80	51.74
GCA_900473925.1_N5_genomic_prodigal_proteins	2417	GCA_902533725.1_AG-898-C20_genomic_prodigal_proteins	421	220	93.50	7.51	52.26
GCA_900473925.1_N5_genomic_prodigal_proteins	2417	GCA_002171075.2_ASM217107v2_genomic_prodigal_proteins	1919	1189	64.43	13.64	61.96
GCA_900473925.1_N5_genomic_prodigal_proteins	2417	GCA_002760395.1_ASM276039v1_genomic_prodigal_proteins	2661	885	53.25	11.80	36.62
GCA_900473925.1_N5_genomic_prodigal_proteins	2417	GCA_003209005.1_ASM320900v1_genomic_prodigal_proteins	2548	1496	70.83	13.84	61.89
GCA_900473925.1_N5_genomic_prodigal_proteins	2417	GCA_002017915.1_ASM201791v1_genomic_prodigal_proteins	623	324	63.73	13.24	52.01
GCA_900473925.1_N5_genomic_prodigal_proteins	2417	GCA_900047545.1_m9_genomic_prodigal_proteins	1575	915	61.28	12.67	58.10
GCA_900473925.1_N5_genomic_prodigal_proteins	2417	GCA_001632105.1_ASM163210v1_genomic_prodigal_proteins	3521	1777	71.16	13.82	73.52
GCA_900473925.1_N5_genomic_prodigal_proteins	2417	GCA_004212765.1_ASM421276v1_genomic_prodigal_proteins	1162	894	78.14	12.96	76.94
GCA_900473925.1_N5_genomic_prodigal_proteins	2417	GCA_002685515.1_ASM268551v1_genomic_prodigal_proteins	1286	898	70.10	13.69	69.83
GCA_900473925.1_N5_genomic_prodigal_proteins	2417	GCA_007828135.1_ASM782813v1_genomic_prodigal_proteins	2917	1547	66.28	13.36	64.00
GCA_900473925.1_N5_genomic_prodigal_proteins	2417	GCA_011047875.1_ASM1104787v1_genomic_prodigal_proteins	2810	897	53.26	11.85	37.11
GCA_900473925.1_N5_genomic_prodigal_proteins	2417	GCA_009840445.1_ASM984044v1_genomic_prodigal_proteins	2167	1202	61.24	12.88	55.47
GCA_900473925.1_N5_genomic_prodigal_proteins	2417	GCA_003210995.1_ASM321099v1_genomic_prodigal_proteins	2385	1295	71.10	14.04	54.30
GCA_900473925.1_N5_genomic_prodigal_proteins	2417	GCA_902616995.1_AG-919-L20_genomic_prodigal_proteins	654	372	77.99	13.53	56.88
GCA_900473925.1_N5_genomic_prodigal_proteins	2417	GCA_009845825.1_ASM984582v1_genomic_prodigal_proteins	2168	1011	61.60	12.61	46.63
GCA_900473925.1_N5_genomic_prodigal_proteins	2417	GCA_000515235.1_ASM51523v1_genomic_prodigal_proteins	2873	1822	76.28	12.88	75.38
GCA_900473925.1_N5_genomic_prodigal_proteins	2417	GCA_003523965.1_ASM352396v1_genomic_prodigal_proteins	1735	773	62.28	13.04	44.55
GCA_900473925.1_N5_genomic_prodigal_proteins	2417	GCA_002684175.1_ASM268417v1_genomic_prodigal_proteins	1819	1118	75.93	11.76	61.46
GCA_900473925.1_N5_genomic_prodigal_proteins	2417	GCA_011523295.1_ASM1152329v1_genomic_prodigal_proteins	2851	1451	76.89	13.43	60.03
GCA_900473925.1_N5_genomic_prodigal_proteins	2417	GCA_003211015.1_ASM321101v1_genomic_prodigal_proteins	2128	1278	71.21	13.64	60.06
GCA_900473925.1_N5_genomic_prodigal_proteins	2417	GCA_002006815.1_ASM200681v1_genomic_prodigal_proteins	1973	1322	64.58	13.85	67.00
GCA_002356215.1_ASM235621v1_genomic_prodigal_proteins	2953	GCA_003210935.1_ASM321093v1_genomic_prodigal_proteins	1868	712	53.75	13.12	38.12
GCA_002356215.1_ASM235621v1_genomic_prodigal_proteins	2953	GCA_003210535.1_ASM321053v1_genomic_prodigal_proteins	1257	409	52.67	12.30	32.54
GCA_002356215.1_ASM235621v1_genomic_prodigal_proteins	2953	GCA_002724845.1_ASM272484v1_genomic_prodigal_proteins	1589	753	53.41	12.58	47.39
GCA_002356215.1_ASM235621v1_genomic_prodigal_proteins	2953	GCA_000153285.1_ASM15328v1_genomic_prodigal_proteins	2746	1103	53.38	12.97	40.17
GCA_002356215.1_ASM235621v1_genomic_prodigal_proteins	2953	GCA_003211035.1_ASM321103v1_genomic_prodigal_proteins	530	187	52.08	12.26	35.28
GCA_002356215.1_ASM235621v1_genomic_prodigal_proteins	2953	GCA_001521855.1_ASM152185v1_genomic_prodigal_proteins	3144	2495	83.98	11.00	84.49
GCA_002356215.1_ASM235621v1_genomic_prodigal_proteins	2953	GCA_009835965.1_ASM983596v1_genomic_prodigal_proteins	2105	930	53.25	12.52	44.18
GCA_002356215.1_ASM235621v1_genomic_prodigal_proteins	2953	GCA_012269695.1_ASM1226969v1_genomic_prodigal_proteins	2043	750	52.90	12.56	36.71
GCA_002356215.1_ASM235621v1_genomic_prodigal_proteins	2953	GCA_000737535.1_ASM73753v1_genomic_prodigal_proteins	3013	1080	53.36	12.98	36.57
GCA_002356215.1_ASM235621v1_genomic_prodigal_proteins	2953	GCA_000586015.1_SynSpo.0_genomic_prodigal_proteins	1907	739	53.98	12.99	38.75
GCA_002356215.1_ASM235621v1_genomic_prodigal_proteins	2953	GCA_002760345.1_ASM276034v1_genomic_prodigal_proteins	2731	1246	56.56	12.29	45.62
GCA_002356215.1_ASM235621v1_genomic_prodigal_proteins	2953	GCA_000013225.1_ASM1322v1_genomic_prodigal_proteins	2844	1272	56.60	12.27	44.73
GCA_002356215.1_ASM235621v1_genomic_prodigal_proteins	2953	GCA_000332275.1_ASM33227v1_genomic_prodigal_proteins	4564	1481	56.89	12.36	50.15
GCA_002356215.1_ASM235621v1_genomic_prodigal_proteins	2953	GCA_002252675.1_ASM225267v1_genomic_prodigal_proteins	3295	1183	53.77	12.86	40.06
GCA_002356215.1_ASM235621v1_genomic_prodigal_proteins	2953	GCA_000737575.1_ASM73757v1_genomic_prodigal_proteins	2662	1074	53.51	12.96	40.35
GCA_002356215.1_ASM235621v1_genomic_prodigal_proteins	2953	GCA_902596755.1_AG-916-D19_genomic_prodigal_proteins	1152	374	53.58	13.12	32.47
GCA_002356215.1_ASM235621v1_genomic_prodigal_proteins	2953	GCA_003211455.1_ASM321145v1_genomic_prodigal_proteins	1186	370	52.99	12.83	31.20
GCA_002356215.1_ASM235621v1_genomic_prodigal_proteins	2953	GCA_003208755.1_ASM320875v1_genomic_prodigal_proteins	690	225	53.98	13.46	32.61
GCA_002356215.1_ASM235621v1_genomic_prodigal_proteins	2953	GCA_007571215.1_ASM757121v1_genomic_prodigal_proteins	1879	895	53.42	12.41	47.63
GCA_002356215.1_ASM235621v1_genomic_prodigal_proteins	2953	GCA_001007635.1_ASM100763v1_genomic_prodigal_proteins	2333	837	53.57	12.36	35.88
GCA_002356215.1_ASM235621v1_genomic_prodigal_proteins	2953	GCA_000179255.1_ASM17925v1_genomic_prodigal_proteins	2729	1113	53.64	12.94	40.78
GCA_002356215.1_ASM235621v1_genomic_prodigal_proteins	2953	GCA_003208975.1_ASM320897v1_genomic_prodigal_proteins	1804	570	52.96	12.60	31.60
GCA_002356215.1_ASM235621v1_genomic_prodigal_proteins	2953	GCA_012103655.1_ASM1210365v1_genomic_prodigal_proteins	2723	1063	53.26	12.77	39.04
GCA_002356215.1_ASM235621v1_genomic_prodigal_proteins	2953	GCA_902582045.1_AG-912-B07_genomic_prodigal_proteins	196	36	51.75	12.57	18.37
GCA_002356215.1_ASM235621v1_genomic_prodigal_proteins	2953	GCA_000153045.1_ASM15304v1_genomic_prodigal_proteins	3242	1193	53.61	12.71	40.40
GCA_002356215.1_ASM235621v1_genomic_prodigal_proteins	2953	GCA_902549675.1_AG-903-B09_genomic_prodigal_proteins	836	271	55.08	14.08	32.42
GCA_002356215.1_ASM235621v1_genomic_prodigal_proteins	2953	GCA_002018045.1_ASM201804v1_genomic_prodigal_proteins	1559	723	54.14	12.32	46.38
GCA_002356215.1_ASM235621v1_genomic_prodigal_proteins	2953	GCA_004213055.1_ASM421305v1_genomic_prodigal_proteins	2241	959	53.36	12.79	42.79
GCA_002356215.1_ASM235621v1_genomic_prodigal_proteins	2953	GCA_007571085.1_ASM757108v1_genomic_prodigal_proteins	1784	885	53.29	12.47	49.61
GCA_002356215.1_ASM235621v1_genomic_prodigal_proteins	2953	GCA_009839805.1_ASM983980v1_genomic_prodigal_proteins	1848	586	51.74	11.61	31.71
GCA_002356215.1_ASM235621v1_genomic_prodigal_proteins	2953	GCA_003210375.1_ASM321037v1_genomic_prodigal_proteins	2155	793	52.86	12.70	36.80
GCA_002356215.1_ASM235621v1_genomic_prodigal_proteins	2953	GCA_004332415.1_ASM433241v1_genomic_prodigal_proteins	2408	1089	53.56	12.87	45.22
GCA_002356215.1_ASM235621v1_genomic_prodigal_proteins	2953	GCA_009836025.1_ASM983602v1_genomic_prodigal_proteins	2290	908	53.57	12.35	39.65
GCA_002356215.1_ASM235621v1_genomic_prodigal_proteins	2953	GCA_009843455.1_ASM984345v1_genomic_prodigal_proteins	2423	885	53.38	12.18	36.52
GCA_002356215.1_ASM235621v1_genomic_prodigal_proteins	2953	GCA_009843485.1_ASM984348v1_genomic_prodigal_proteins	2158	924	53.34	12.54	42.82
GCA_002356215.1_ASM235621v1_genomic_prodigal_proteins	2953	GCA_003283135.1_ASM328313v1_genomic_prodigal_proteins	459	91	52.80	13.69	19.83
GCA_002356215.1_ASM235621v1_genomic_prodigal_proteins	2953	GCA_902635485.1_AG-447-G23_genomic_prodigal_proteins	327	71	52.35	14.75	21.71
GCA_002356215.1_ASM235621v1_genomic_prodigal_proteins	2953	GCA_002760415.1_ASM276041v1_genomic_prodigal_proteins	2670	1233	56.56	12.31	46.18
GCA_002356215.1_ASM235621v1_genomic_prodigal_proteins	2953	GCA_002754935.1_ASM275493v1_genomic_prodigal_proteins	2664	1361	59.21	13.03	51.09
GCA_002356215.1_ASM235621v1_genomic_prodigal_proteins	2953	GCA_002171685.2_ASM217168v2_genomic_prodigal_proteins	811	419	53.75	12.24	51.66
GCA_002356215.1_ASM235621v1_genomic_prodigal_proteins	2953	GCA_000737595.1_ASM73759v1_genomic_prodigal_proteins	2774	1078	53.41	12.95	38.86
GCA_002356215.1_ASM235621v1_genomic_prodigal_proteins	2953	GCA_003331785.1_ASM333178v1_genomic_prodigal_proteins	2125	977	53.27	12.73	45.98
GCA_002356215.1_ASM235621v1_genomic_prodigal_proteins	2953	GCA_009842265.1_ASM984226v1_genomic_prodigal_proteins	2398	902	53.39	12.40	37.61
GCA_002356215.1_ASM235621v1_genomic_prodigal_proteins	2953	GCA_902579345.1_AG-911-L15_genomic_prodigal_proteins	248	52	53.48	14.94	20.97
GCA_002356215.1_ASM235621v1_genomic_prodigal_proteins	2953	GCA_000011345.1_ASM1134v1_genomic_prodigal_proteins	2520	1401	59.36	12.93	55.60
GCA_002356215.1_ASM235621v1_genomic_prodigal_proteins	2953	GCA_003210705.1_ASM321070v1_genomic_prodigal_proteins	2244	748	53.06	12.91	33.33
GCA_002356215.1_ASM235621v1_genomic_prodigal_proteins	2953	GCA_000019485.1_ASM1948v1_genomic_prodigal_proteins	3233	2524	83.91	11.02	85.47
GCA_002356215.1_ASM235621v1_genomic_prodigal_proteins	2953	GCA_003283055.1_ASM328305v1_genomic_prodigal_proteins	482	37	50.02	14.60	7.68
GCA_002356215.1_ASM235621v1_genomic_prodigal_proteins	2953	GCA_000010065.1_ASM1006v1_genomic_prodigal_proteins	2691	1481	59.62	12.78	55.04
GCA_002356215.1_ASM235621v1_genomic_prodigal_proteins	2953	GCA_000316685.1_ASM31668v1_genomic_prodigal_proteins	3706	1531	59.24	12.89	51.85
GCA_002356215.1_ASM235621v1_genomic_prodigal_proteins	2953	GCA_000063525.1_ASM6352v1_genomic_prodigal_proteins	2540	1120	53.74	13.06	44.09
GCA_002356215.1_ASM235621v1_genomic_prodigal_proteins	2953	GCA_003283165.1_ASM328316v1_genomic_prodigal_proteins	217	59	52.33	12.17	27.19
GCA_002356215.1_ASM235621v1_genomic_prodigal_proteins	2953	GCA_902540675.1_AG-359-E22_genomic_prodigal_proteins	584	169	53.13	14.31	28.94
GCA_002356215.1_ASM235621v1_genomic_prodigal_proteins	2953	GCA_011055065.1_ASM1105506v1_genomic_prodigal_proteins	2792	1222	56.67	12.29	43.77
GCA_002356215.1_ASM235621v1_genomic_prodigal_proteins	2953	GCA_000013205.1_ASM1320v1_genomic_prodigal_proteins	2750	1250	56.59	12.28	45.45
GCA_002356215.1_ASM235621v1_genomic_prodigal_proteins	2953	GCA_003539795.1_ASM353979v1_genomic_prodigal_proteins	2284	797	52.06	11.85	34.89
GCA_002356215.1_ASM235621v1_genomic_prodigal_proteins	2953	GCA_002171995.1_ASM217199v1_genomic_prodigal_proteins	1978	625	52.70	12.56	31.60
GCA_002356215.1_ASM235621v1_genomic_prodigal_proteins	2953	GCA_011523835.1_ASM1152383v1_genomic_prodigal_proteins	2468	913	53.05	12.35	36.99
GCA_002356215.1_ASM235621v1_genomic_prodigal_proteins	2953	GCA_002172175.1_ASM217217v1_genomic_prodigal_proteins	1846	695	52.40	12.15	37.65
GCA_002356215.1_ASM235621v1_genomic_prodigal_proteins	2953	GCA_003208835.1_ASM320883v1_genomic_prodigal_proteins	2208	793	53.39	12.56	35.91
GCA_002356215.1_ASM235621v1_genomic_prodigal_proteins	2953	GCA_902589915.1_AG-914-F20_genomic_prodigal_proteins	373	86	54.00	13.92	23.06
GCA_002356215.1_ASM235621v1_genomic_prodigal_proteins	2953	GCA_000485815.1_ASM48581v1_genomic_prodigal_proteins	3083	2709	99.04	2.22	91.74
GCA_002356215.1_ASM235621v1_genomic_prodigal_proteins	2953	GCA_008807075.1_ASM880707v1_genomic_prodigal_proteins	2925	1096	53.33	12.67	37.47
GCA_002356215.1_ASM235621v1_genomic_prodigal_proteins	2953	GCA_000179235.2_ASM17923v2_genomic_prodigal_proteins	3071	1186	53.74	12.92	40.16
GCA_002356215.1_ASM235621v1_genomic_prodigal_proteins	2953	GCA_003210795.1_ASM321079v1_genomic_prodigal_proteins	2239	800	52.55	12.50	35.73
GCA_002356215.1_ASM235621v1_genomic_prodigal_proteins	2953	GCA_002706715.1_ASM270671v1_genomic_prodigal_proteins	1148	583	53.34	13.01	50.78
GCA_002356215.1_ASM235621v1_genomic_prodigal_proteins	2953	GCA_003331245.1_ASM333124v1_genomic_prodigal_proteins	2021	887	52.98	12.28	43.89
GCA_002356215.1_ASM235621v1_genomic_prodigal_proteins	2953	GCA_009843385.1_ASM984338v1_genomic_prodigal_proteins	2085	753	53.87	12.38	36.12
GCA_002356215.1_ASM235621v1_genomic_prodigal_proteins	2953	GCA_003211205.1_ASM321120v1_genomic_prodigal_proteins	2288	826	53.15	12.86	36.10
GCA_002356215.1_ASM235621v1_genomic_prodigal_proteins	2953	GCA_000063505.1_ASM6350v1_genomic_prodigal_proteins	2558	1079	53.56	12.91	42.18
GCA_002356215.1_ASM235621v1_genomic_prodigal_proteins	2953	GCA_900474245.1_UW179B_genomic_prodigal_proteins	2743	1075	53.36	12.85	39.19
GCA_002356215.1_ASM235621v1_genomic_prodigal_proteins	2953	GCA_003210345.1_ASM321034v1_genomic_prodigal_proteins	1256	416	52.42	12.68	33.12
GCA_002356215.1_ASM235621v1_genomic_prodigal_proteins	2953	GCA_003210315.1_ASM321031v1_genomic_prodigal_proteins	1815	632	53.24	12.80	34.82
GCA_002356215.1_ASM235621v1_genomic_prodigal_proteins	2953	GCA_009836155.1_ASM983615v1_genomic_prodigal_proteins	1947	863	53.56	12.18	44.32
GCA_002356215.1_ASM235621v1_genomic_prodigal_proteins	2953	GCA_003990665.2_ASM399066v2_genomic_prodigal_proteins	2499	1401	59.44	12.88	56.06
GCA_002356215.1_ASM235621v1_genomic_prodigal_proteins	2953	GCA_003209135.1_ASM320913v1_genomic_prodigal_proteins	1719	563	52.27	12.36	32.75
GCA_002356215.1_ASM235621v1_genomic_prodigal_proteins	2953	GCA_009845105.1_ASM984510v1_genomic_prodigal_proteins	1941	722	53.04	12.38	37.20
GCA_002356215.1_ASM235621v1_genomic_prodigal_proteins	2953	GCA_002690325.1_ASM269032v1_genomic_prodigal_proteins	2554	961	52.41	12.56	37.63
GCA_002356215.1_ASM235621v1_genomic_prodigal_proteins	2953	GCA_000161795.2_ASM16179v2_genomic_prodigal_proteins	2407	1042	53.80	12.88	43.29
GCA_002356215.1_ASM235621v1_genomic_prodigal_proteins	2953	GCA_004211895.1_ASM421189v1_genomic_prodigal_proteins	954	453	52.99	12.80	47.48
GCA_002356215.1_ASM235621v1_genomic_prodigal_proteins	2953	GCA_003210735.1_ASM321073v1_genomic_prodigal_proteins	2337	773	52.46	12.76	33.08
GCA_002356215.1_ASM235621v1_genomic_prodigal_proteins	2953	GCA_003209035.1_ASM320903v1_genomic_prodigal_proteins	1803	573	53.01	12.95	31.78
GCA_002356215.1_ASM235621v1_genomic_prodigal_proteins	2953	GCA_003712085.1_ASM371208v1_genomic_prodigal_proteins	2745	1078	53.46	12.90	39.27
GCA_002356215.1_ASM235621v1_genomic_prodigal_proteins	2953	GCA_003212155.1_ASM321215v1_genomic_prodigal_proteins	262	59	53.94	15.13	22.52
GCA_002356215.1_ASM235621v1_genomic_prodigal_proteins	2953	GCA_001040845.1_ASM104084v1_genomic_prodigal_proteins	2917	1073	53.27	12.82	36.78
GCA_002356215.1_ASM235621v1_genomic_prodigal_proteins	2953	GCA_002018015.1_ASM201801v1_genomic_prodigal_proteins	1578	699	54.26	12.54	44.30
GCA_002356215.1_ASM235621v1_genomic_prodigal_proteins	2953	GCA_003211255.1_ASM321125v1_genomic_prodigal_proteins	1850	606	51.98	12.60	32.76
GCA_002356215.1_ASM235621v1_genomic_prodigal_proteins	2953	GCA_002721235.1_ASM272123v1_genomic_prodigal_proteins	3119	2472	83.96	11.09	83.71
GCA_002356215.1_ASM235621v1_genomic_prodigal_proteins	2953	GCA_009839305.1_ASM983930v1_genomic_prodigal_proteins	1816	683	54.23	12.69	37.61
GCA_002356215.1_ASM235621v1_genomic_prodigal_proteins	2953	GCA_011365345.1_ASM1136534v1_genomic_prodigal_proteins	2655	1064	53.73	12.88	40.08
GCA_002356215.1_ASM235621v1_genomic_prodigal_proteins	2953	GCA_001039265.1_ASM103926v1_genomic_prodigal_proteins	2832	796	55.50	13.04	28.11
GCA_002356215.1_ASM235621v1_genomic_prodigal_proteins	2953	GCA_001628325.1_ASM162832v1_genomic_prodigal_proteins	2129	960	53.34	12.50	45.09
GCA_002356215.1_ASM235621v1_genomic_prodigal_proteins	2953	GCA_003209215.1_ASM320921v1_genomic_prodigal_proteins	1679	549	54.06	13.13	32.70
GCA_002356215.1_ASM235621v1_genomic_prodigal_proteins	2953	GCA_002737305.1_ASM273730v1_genomic_prodigal_proteins	1951	865	54.68	12.71	44.34
GCA_002356215.1_ASM235621v1_genomic_prodigal_proteins	2953	GCA_003210515.1_ASM321051v1_genomic_prodigal_proteins	1673	612	52.71	12.78	36.58
GCA_002356215.1_ASM235621v1_genomic_prodigal_proteins	2953	GCA_011525445.1_ASM1152544v1_genomic_prodigal_proteins	3208	880	52.49	12.39	29.80
GCA_002356215.1_ASM235621v1_genomic_prodigal_proteins	2953	GCA_902599435.1_AG-916-N22_genomic_prodigal_proteins	793	270	54.93	13.13	34.05
GCA_002356215.1_ASM235621v1_genomic_prodigal_proteins	2953	GCA_003149585.1_ASM314958v1_genomic_prodigal_proteins	2600	1145	53.88	12.87	44.04
GCA_002356215.1_ASM235621v1_genomic_prodigal_proteins	2953	GCA_902560665.1_AG-905-O11_genomic_prodigal_proteins	401	98	55.64	14.36	24.44
GCA_002356215.1_ASM235621v1_genomic_prodigal_proteins	2953	GCA_003331795.1_ASM333179v1_genomic_prodigal_proteins	1948	896	53.39	13.07	46.00
GCA_002356215.1_ASM235621v1_genomic_prodigal_proteins	2953	GCA_002017955.1_ASM201795v1_genomic_prodigal_proteins	512	195	53.44	12.86	38.09
GCA_002356215.1_ASM235621v1_genomic_prodigal_proteins	2953	GCA_902584485.1_AG-912-O23_genomic_prodigal_proteins	535	137	53.35	13.52	25.61
GCA_002356215.1_ASM235621v1_genomic_prodigal_proteins	2953	GCA_902527915.1_AG-896-G19_genomic_prodigal_proteins	1003	336	53.39	13.34	33.50
GCA_002356215.1_ASM235621v1_genomic_prodigal_proteins	2953	GCA_902635365.1_AG-447-D19_genomic_prodigal_proteins	1690	511	53.95	12.83	30.24
GCA_002356215.1_ASM235621v1_genomic_prodigal_proteins	2953	GCA_900474085.1_UW86_genomic_prodigal_proteins	2403	1055	53.63	12.83	43.90
GCA_002356215.1_ASM235621v1_genomic_prodigal_proteins	2953	GCA_001885215.1_ASM188521v1_genomic_prodigal_proteins	2897	1174	53.38	12.63	40.52
GCA_002356215.1_ASM235621v1_genomic_prodigal_proteins	2953	GCA_902575935.1_AG-426-B22_genomic_prodigal_proteins	254	106	58.78	14.56	41.73
GCA_002356215.1_ASM235621v1_genomic_prodigal_proteins	2953	GCA_900474295.1_UW140_genomic_prodigal_proteins	2925	1083	53.41	12.93	37.03
GCA_002356215.1_ASM235621v1_genomic_prodigal_proteins	2953	GCA_003211565.1_ASM321156v1_genomic_prodigal_proteins	1489	479	53.25	13.13	32.17
GCA_002356215.1_ASM235621v1_genomic_prodigal_proteins	2953	GCA_003526105.1_ASM352610v1_genomic_prodigal_proteins	1581	571	54.24	12.35	36.12
GCA_002356215.1_ASM235621v1_genomic_prodigal_proteins	2953	GCA_002172935.1_ASM217293v1_genomic_prodigal_proteins	1996	838	52.84	12.44	41.98
GCA_002356215.1_ASM235621v1_genomic_prodigal_proteins	2953	GCA_003210335.1_ASM321033v1_genomic_prodigal_proteins	942	202	52.80	13.54	21.44
GCA_002356215.1_ASM235621v1_genomic_prodigal_proteins	2953	GCA_009846115.1_ASM984611v1_genomic_prodigal_proteins	2048	813	53.11	12.52	39.70
GCA_002356215.1_ASM235621v1_genomic_prodigal_proteins	2953	GCA_001693295.1_ASM169329v1_genomic_prodigal_proteins	3183	2491	83.89	11.19	84.35
GCA_002356215.1_ASM235621v1_genomic_prodigal_proteins	2953	GCA_900473965.1_UW179A_genomic_prodigal_proteins	3383	1068	53.28	13.05	36.17
GCA_002356215.1_ASM235621v1_genomic_prodigal_proteins	2953	GCA_003213755.1_ASM321375v1_genomic_prodigal_proteins	1050	384	53.09	13.50	36.57
GCA_002356215.1_ASM235621v1_genomic_prodigal_proteins	2953	GCA_003209155.1_ASM320915v1_genomic_prodigal_proteins	2305	797	53.31	12.73	34.58
GCA_002356215.1_ASM235621v1_genomic_prodigal_proteins	2953	GCA_003211515.1_ASM321151v1_genomic_prodigal_proteins	2451	696	52.96	12.90	28.40
GCA_002356215.1_ASM235621v1_genomic_prodigal_proteins	2953	GCA_002693285.1_ASM269328v1_genomic_prodigal_proteins	2440	923	53.11	12.65	37.83
GCA_002356215.1_ASM235621v1_genomic_prodigal_proteins	2953	GCA_003210555.1_ASM321055v1_genomic_prodigal_proteins	1847	595	52.77	12.69	32.21
GCA_002356215.1_ASM235621v1_genomic_prodigal_proteins	2953	GCA_000155595.1_ASM15559v1_genomic_prodigal_proteins	5270	1661	58.79	13.07	56.25
GCA_002356215.1_ASM235621v1_genomic_prodigal_proteins	2953	GCA_001007665.1_ASM100766v1_genomic_prodigal_proteins	2356	935	53.19	12.30	39.69
GCA_002356215.1_ASM235621v1_genomic_prodigal_proteins	2953	GCA_009919765.1_ASM991976v1_genomic_prodigal_proteins	2524	743	53.59	12.85	29.44
GCA_002356215.1_ASM235621v1_genomic_prodigal_proteins	2953	GCA_003331225.1_ASM333122v1_genomic_prodigal_proteins	2113	954	53.64	12.85	45.15
GCA_002356215.1_ASM235621v1_genomic_prodigal_proteins	2953	GCA_900177825.1_IMG-taxon_2708742468_annotated_assembly_genomic_prodigal_proteins	3317	2496	83.94	11.01	84.52
GCA_002356215.1_ASM235621v1_genomic_prodigal_proteins	2953	GCA_000195975.1_ASM19597v1_genomic_prodigal_proteins	2719	1069	53.54	13.02	39.32
GCA_002356215.1_ASM235621v1_genomic_prodigal_proteins	2953	GCA_902618885.1_AG-920-D15_genomic_prodigal_proteins	1178	403	53.97	13.40	34.21
GCA_002356215.1_ASM235621v1_genomic_prodigal_proteins	2953	GCA_003209165.1_ASM320916v1_genomic_prodigal_proteins	2711	917	53.65	12.95	33.83
GCA_002356215.1_ASM235621v1_genomic_prodigal_proteins	2953	GCA_001007625.1_ASM100762v1_genomic_prodigal_proteins	2478	814	54.05	12.30	32.85
GCA_002356215.1_ASM235621v1_genomic_prodigal_proteins	2953	GCA_008386235.1_ASM838623v1_genomic_prodigal_proteins	2571	1429	59.33	12.98	55.58
GCA_002356215.1_ASM235621v1_genomic_prodigal_proteins	2953	GCA_001631935.1_ASM163193v1_genomic_prodigal_proteins	3526	1057	53.33	12.90	35.79
GCA_002356215.1_ASM235621v1_genomic_prodigal_proteins	2953	GCA_002151525.1_ASM215152v1_genomic_prodigal_proteins	1628	781	53.69	12.77	47.97
GCA_002356215.1_ASM235621v1_genomic_prodigal_proteins	2953	GCA_000153065.1_ASM15306v1_genomic_prodigal_proteins	2704	1100	53.65	12.90	40.68
GCA_002356215.1_ASM235621v1_genomic_prodigal_proteins	2953	GCA_009837265.1_ASM983726v1_genomic_prodigal_proteins	2126	864	53.39	12.61	40.64
GCA_002356215.1_ASM235621v1_genomic_prodigal_proteins	2953	GCA_902533725.1_AG-898-C20_genomic_prodigal_proteins	421	96	55.63	14.96	22.80
GCA_002356215.1_ASM235621v1_genomic_prodigal_proteins	2953	GCA_002171075.2_ASM217107v2_genomic_prodigal_proteins	1919	805	52.49	12.42	41.95
GCA_002356215.1_ASM235621v1_genomic_prodigal_proteins	2953	GCA_002760395.1_ASM276039v1_genomic_prodigal_proteins	2661	1222	56.59	12.29	45.92
GCA_002356215.1_ASM235621v1_genomic_prodigal_proteins	2953	GCA_003209005.1_ASM320900v1_genomic_prodigal_proteins	2548	867	52.93	12.77	34.03
GCA_002356215.1_ASM235621v1_genomic_prodigal_proteins	2953	GCA_002017915.1_ASM201791v1_genomic_prodigal_proteins	623	267	55.39	13.23	42.86
GCA_002356215.1_ASM235621v1_genomic_prodigal_proteins	2953	GCA_900047545.1_m9_genomic_prodigal_proteins	1575	715	53.10	12.47	45.40
GCA_002356215.1_ASM235621v1_genomic_prodigal_proteins	2953	GCA_001632105.1_ASM163210v1_genomic_prodigal_proteins	3521	1059	53.24	12.83	35.86
GCA_002356215.1_ASM235621v1_genomic_prodigal_proteins	2953	GCA_004212765.1_ASM421276v1_genomic_prodigal_proteins	1162	541	53.13	12.71	46.56
GCA_002356215.1_ASM235621v1_genomic_prodigal_proteins	2953	GCA_002685515.1_ASM268551v1_genomic_prodigal_proteins	1286	555	52.11	12.46	43.16
GCA_002356215.1_ASM235621v1_genomic_prodigal_proteins	2953	GCA_007828135.1_ASM782813v1_genomic_prodigal_proteins	2917	1176	53.44	12.71	40.32
GCA_002356215.1_ASM235621v1_genomic_prodigal_proteins	2953	GCA_011047875.1_ASM1104787v1_genomic_prodigal_proteins	2810	1251	56.72	12.28	44.52
GCA_002356215.1_ASM235621v1_genomic_prodigal_proteins	2953	GCA_009840445.1_ASM984044v1_genomic_prodigal_proteins	2167	948	53.26	12.54	43.75
GCA_002356215.1_ASM235621v1_genomic_prodigal_proteins	2953	GCA_003210995.1_ASM321099v1_genomic_prodigal_proteins	2385	747	53.80	13.15	31.32
GCA_002356215.1_ASM235621v1_genomic_prodigal_proteins	2953	GCA_902616995.1_AG-919-L20_genomic_prodigal_proteins	654	198	53.41	13.64	30.28
GCA_002356215.1_ASM235621v1_genomic_prodigal_proteins	2953	GCA_009845825.1_ASM984582v1_genomic_prodigal_proteins	2168	793	53.77	12.22	36.58
GCA_002356215.1_ASM235621v1_genomic_prodigal_proteins	2953	GCA_000515235.1_ASM51523v1_genomic_prodigal_proteins	2873	1069	53.41	12.94	37.21
GCA_002356215.1_ASM235621v1_genomic_prodigal_proteins	2953	GCA_003523965.1_ASM352396v1_genomic_prodigal_proteins	1735	607	54.58	12.39	34.99
GCA_002356215.1_ASM235621v1_genomic_prodigal_proteins	2953	GCA_002684175.1_ASM268417v1_genomic_prodigal_proteins	1819	621	52.10	12.10	34.14
GCA_002356215.1_ASM235621v1_genomic_prodigal_proteins	2953	GCA_011523295.1_ASM1152329v1_genomic_prodigal_proteins	2851	809	51.52	12.11	28.38
GCA_002356215.1_ASM235621v1_genomic_prodigal_proteins	2953	GCA_003211015.1_ASM321101v1_genomic_prodigal_proteins	2128	768	52.89	12.75	36.09
GCA_002356215.1_ASM235621v1_genomic_prodigal_proteins	2953	GCA_002006815.1_ASM200681v1_genomic_prodigal_proteins	1973	981	53.78	12.82	49.72
GCA_002724845.1_ASM272484v1_genomic_prodigal_proteins	1589	GCA_000153285.1_ASM15328v1_genomic_prodigal_proteins	2746	1252	70.83	13.61	78.79
GCA_002724845.1_ASM272484v1_genomic_prodigal_proteins	1589	GCA_003211035.1_ASM321103v1_genomic_prodigal_proteins	530	259	74.94	13.71	48.87
GCA_002724845.1_ASM272484v1_genomic_prodigal_proteins	1589	GCA_001521855.1_ASM152185v1_genomic_prodigal_proteins	3144	745	53.59	12.64	46.88
GCA_002724845.1_ASM272484v1_genomic_prodigal_proteins	1589	GCA_009835965.1_ASM983596v1_genomic_prodigal_proteins	2105	848	60.84	12.63	53.37
GCA_002724845.1_ASM272484v1_genomic_prodigal_proteins	1589	GCA_012269695.1_ASM1226969v1_genomic_prodigal_proteins	2043	850	65.24	13.74	53.49
GCA_002724845.1_ASM272484v1_genomic_prodigal_proteins	1589	GCA_000737535.1_ASM73753v1_genomic_prodigal_proteins	3013	1280	75.76	12.38	80.55
GCA_002724845.1_ASM272484v1_genomic_prodigal_proteins	1589	GCA_000586015.1_SynSpo.0_genomic_prodigal_proteins	1907	670	61.15	13.37	42.16
GCA_002724845.1_ASM272484v1_genomic_prodigal_proteins	1589	GCA_002760345.1_ASM276034v1_genomic_prodigal_proteins	2731	678	52.61	11.59	42.67
GCA_002724845.1_ASM272484v1_genomic_prodigal_proteins	1589	GCA_000013225.1_ASM1322v1_genomic_prodigal_proteins	2844	681	52.65	11.57	42.86
GCA_002724845.1_ASM272484v1_genomic_prodigal_proteins	1589	GCA_000332275.1_ASM33227v1_genomic_prodigal_proteins	4564	730	51.97	11.88	45.94
GCA_002724845.1_ASM272484v1_genomic_prodigal_proteins	1589	GCA_002252675.1_ASM225267v1_genomic_prodigal_proteins	3295	1107	66.27	13.30	69.67
GCA_002724845.1_ASM272484v1_genomic_prodigal_proteins	1589	GCA_000737575.1_ASM73757v1_genomic_prodigal_proteins	2662	1320	77.28	12.28	83.07
GCA_002724845.1_ASM272484v1_genomic_prodigal_proteins	1589	GCA_902596755.1_AG-916-D19_genomic_prodigal_proteins	1152	455	77.29	13.37	39.50
GCA_002724845.1_ASM272484v1_genomic_prodigal_proteins	1589	GCA_003211455.1_ASM321145v1_genomic_prodigal_proteins	1186	494	92.30	9.62	41.65
GCA_002724845.1_ASM272484v1_genomic_prodigal_proteins	1589	GCA_003208755.1_ASM320875v1_genomic_prodigal_proteins	690	316	75.74	12.82	45.80
GCA_002724845.1_ASM272484v1_genomic_prodigal_proteins	1589	GCA_007571215.1_ASM757121v1_genomic_prodigal_proteins	1879	840	60.64	12.83	52.86
GCA_002724845.1_ASM272484v1_genomic_prodigal_proteins	1589	GCA_001007635.1_ASM100763v1_genomic_prodigal_proteins	2333	791	61.12	12.49	49.78
GCA_002724845.1_ASM272484v1_genomic_prodigal_proteins	1589	GCA_000179255.1_ASM17925v1_genomic_prodigal_proteins	2729	1155	67.14	13.40	72.69
GCA_002724845.1_ASM272484v1_genomic_prodigal_proteins	1589	GCA_003208975.1_ASM320897v1_genomic_prodigal_proteins	1804	711	76.26	12.93	44.75
GCA_002724845.1_ASM272484v1_genomic_prodigal_proteins	1589	GCA_012103655.1_ASM1210365v1_genomic_prodigal_proteins	2723	1219	70.59	13.02	76.71
GCA_002724845.1_ASM272484v1_genomic_prodigal_proteins	1589	GCA_902582045.1_AG-912-B07_genomic_prodigal_proteins	196	36	75.62	13.12	18.37
GCA_002724845.1_ASM272484v1_genomic_prodigal_proteins	1589	GCA_000153045.1_ASM15304v1_genomic_prodigal_proteins	3242	1144	66.76	13.30	71.99
GCA_002724845.1_ASM272484v1_genomic_prodigal_proteins	1589	GCA_902549675.1_AG-903-B09_genomic_prodigal_proteins	836	336	78.69	13.31	40.19
GCA_002724845.1_ASM272484v1_genomic_prodigal_proteins	1589	GCA_002018045.1_ASM201804v1_genomic_prodigal_proteins	1559	675	61.64	12.62	43.30
GCA_002724845.1_ASM272484v1_genomic_prodigal_proteins	1589	GCA_004213055.1_ASM421305v1_genomic_prodigal_proteins	2241	1120	71.48	13.19	70.48
GCA_002724845.1_ASM272484v1_genomic_prodigal_proteins	1589	GCA_007571085.1_ASM757108v1_genomic_prodigal_proteins	1784	817	60.67	12.84	51.42
GCA_002724845.1_ASM272484v1_genomic_prodigal_proteins	1589	GCA_009839805.1_ASM983980v1_genomic_prodigal_proteins	1848	552	59.04	12.09	34.74
GCA_002724845.1_ASM272484v1_genomic_prodigal_proteins	1589	GCA_003210375.1_ASM321037v1_genomic_prodigal_proteins	2155	960	76.60	12.00	60.42
GCA_002724845.1_ASM272484v1_genomic_prodigal_proteins	1589	GCA_004332415.1_ASM433241v1_genomic_prodigal_proteins	2408	1238	71.69	13.20	77.91
GCA_002724845.1_ASM272484v1_genomic_prodigal_proteins	1589	GCA_009836025.1_ASM983602v1_genomic_prodigal_proteins	2290	831	61.00	12.62	52.30
GCA_002724845.1_ASM272484v1_genomic_prodigal_proteins	1589	GCA_009843455.1_ASM984345v1_genomic_prodigal_proteins	2423	813	60.78	12.55	51.16
GCA_002724845.1_ASM272484v1_genomic_prodigal_proteins	1589	GCA_009843485.1_ASM984348v1_genomic_prodigal_proteins	2158	842	60.82	12.76	52.99
GCA_002724845.1_ASM272484v1_genomic_prodigal_proteins	1589	GCA_003283135.1_ASM328313v1_genomic_prodigal_proteins	459	94	67.60	15.06	20.48
GCA_002724845.1_ASM272484v1_genomic_prodigal_proteins	1589	GCA_902635485.1_AG-447-G23_genomic_prodigal_proteins	327	94	92.71	12.67	28.75
GCA_002724845.1_ASM272484v1_genomic_prodigal_proteins	1589	GCA_002760415.1_ASM276041v1_genomic_prodigal_proteins	2670	669	52.53	11.64	42.10
GCA_002724845.1_ASM272484v1_genomic_prodigal_proteins	1589	GCA_002754935.1_ASM275493v1_genomic_prodigal_proteins	2664	698	54.04	11.94	43.93
GCA_002724845.1_ASM272484v1_genomic_prodigal_proteins	1589	GCA_002171685.2_ASM217168v2_genomic_prodigal_proteins	811	470	70.94	13.09	57.95
GCA_002724845.1_ASM272484v1_genomic_prodigal_proteins	1589	GCA_000737595.1_ASM73759v1_genomic_prodigal_proteins	2774	1377	90.67	8.19	86.66
GCA_002724845.1_ASM272484v1_genomic_prodigal_proteins	1589	GCA_003331785.1_ASM333178v1_genomic_prodigal_proteins	2125	1199	70.58	13.24	75.46
GCA_002724845.1_ASM272484v1_genomic_prodigal_proteins	1589	GCA_009842265.1_ASM984226v1_genomic_prodigal_proteins	2398	828	60.77	12.63	52.11
GCA_002724845.1_ASM272484v1_genomic_prodigal_proteins	1589	GCA_902579345.1_AG-911-L15_genomic_prodigal_proteins	248	74	74.40	13.95	29.84
GCA_002724845.1_ASM272484v1_genomic_prodigal_proteins	1589	GCA_000011345.1_ASM1134v1_genomic_prodigal_proteins	2520	734	53.70	11.98	46.19
GCA_002724845.1_ASM272484v1_genomic_prodigal_proteins	1589	GCA_003210705.1_ASM321070v1_genomic_prodigal_proteins	2244	857	69.48	13.81	53.93
GCA_002724845.1_ASM272484v1_genomic_prodigal_proteins	1589	GCA_000019485.1_ASM1948v1_genomic_prodigal_proteins	3233	745	53.61	12.69	46.88
GCA_002724845.1_ASM272484v1_genomic_prodigal_proteins	1589	GCA_003283055.1_ASM328305v1_genomic_prodigal_proteins	482	34	67.26	13.14	7.05
GCA_002724845.1_ASM272484v1_genomic_prodigal_proteins	1589	GCA_000010065.1_ASM1006v1_genomic_prodigal_proteins	2691	845	55.34	12.80	53.18
GCA_002724845.1_ASM272484v1_genomic_prodigal_proteins	1589	GCA_000316685.1_ASM31668v1_genomic_prodigal_proteins	3706	752	53.43	12.16	47.33
GCA_002724845.1_ASM272484v1_genomic_prodigal_proteins	1589	GCA_000063525.1_ASM6352v1_genomic_prodigal_proteins	2540	1141	65.94	13.98	71.81
GCA_002724845.1_ASM272484v1_genomic_prodigal_proteins	1589	GCA_003283165.1_ASM328316v1_genomic_prodigal_proteins	217	48	73.63	15.86	22.12
GCA_002724845.1_ASM272484v1_genomic_prodigal_proteins	1589	GCA_902540675.1_AG-359-E22_genomic_prodigal_proteins	584	205	78.42	14.26	35.10
GCA_002724845.1_ASM272484v1_genomic_prodigal_proteins	1589	GCA_011055065.1_ASM1105506v1_genomic_prodigal_proteins	2792	646	52.69	11.60	40.65
GCA_002724845.1_ASM272484v1_genomic_prodigal_proteins	1589	GCA_000013205.1_ASM1320v1_genomic_prodigal_proteins	2750	679	52.62	11.62	42.73
GCA_002724845.1_ASM272484v1_genomic_prodigal_proteins	1589	GCA_003539795.1_ASM353979v1_genomic_prodigal_proteins	2284	1087	75.78	12.60	68.41
GCA_002724845.1_ASM272484v1_genomic_prodigal_proteins	1589	GCA_002171995.1_ASM217199v1_genomic_prodigal_proteins	1978	753	70.52	13.43	47.39
GCA_002724845.1_ASM272484v1_genomic_prodigal_proteins	1589	GCA_011523835.1_ASM1152383v1_genomic_prodigal_proteins	2468	1119	71.21	13.92	70.42
GCA_002724845.1_ASM272484v1_genomic_prodigal_proteins	1589	GCA_002172175.1_ASM217217v1_genomic_prodigal_proteins	1846	764	64.66	13.67	48.08
GCA_002724845.1_ASM272484v1_genomic_prodigal_proteins	1589	GCA_003208835.1_ASM320883v1_genomic_prodigal_proteins	2208	915	77.64	11.68	57.58
GCA_002724845.1_ASM272484v1_genomic_prodigal_proteins	1589	GCA_902589915.1_AG-914-F20_genomic_prodigal_proteins	373	87	77.80	12.37	23.32
GCA_002724845.1_ASM272484v1_genomic_prodigal_proteins	1589	GCA_000485815.1_ASM48581v1_genomic_prodigal_proteins	3083	735	53.45	12.68	46.26
GCA_002724845.1_ASM272484v1_genomic_prodigal_proteins	1589	GCA_008807075.1_ASM880707v1_genomic_prodigal_proteins	2925	1110	66.20	13.08	69.86
GCA_002724845.1_ASM272484v1_genomic_prodigal_proteins	1589	GCA_000179235.2_ASM17923v2_genomic_prodigal_proteins	3071	1166	67.22	13.46	73.38
GCA_002724845.1_ASM272484v1_genomic_prodigal_proteins	1589	GCA_003210795.1_ASM321079v1_genomic_prodigal_proteins	2239	996	76.34	12.96	62.68
GCA_002724845.1_ASM272484v1_genomic_prodigal_proteins	1589	GCA_002706715.1_ASM270671v1_genomic_prodigal_proteins	1148	647	76.83	12.93	56.36
GCA_002724845.1_ASM272484v1_genomic_prodigal_proteins	1589	GCA_003331245.1_ASM333124v1_genomic_prodigal_proteins	2021	1153	76.75	12.44	72.56
GCA_002724845.1_ASM272484v1_genomic_prodigal_proteins	1589	GCA_009843385.1_ASM984338v1_genomic_prodigal_proteins	2085	702	60.98	12.85	44.18
GCA_002724845.1_ASM272484v1_genomic_prodigal_proteins	1589	GCA_003211205.1_ASM321120v1_genomic_prodigal_proteins	2288	983	70.47	13.63	61.86
GCA_002724845.1_ASM272484v1_genomic_prodigal_proteins	1589	GCA_000063505.1_ASM6350v1_genomic_prodigal_proteins	2558	1237	71.06	13.53	77.85
GCA_002724845.1_ASM272484v1_genomic_prodigal_proteins	1589	GCA_900474245.1_UW179B_genomic_prodigal_proteins	2743	1224	70.68	13.04	77.03
GCA_002724845.1_ASM272484v1_genomic_prodigal_proteins	1589	GCA_003210345.1_ASM321034v1_genomic_prodigal_proteins	1256	534	75.68	12.32	42.52
GCA_002724845.1_ASM272484v1_genomic_prodigal_proteins	1589	GCA_003210315.1_ASM321031v1_genomic_prodigal_proteins	1815	748	69.91	13.33	47.07
GCA_002724845.1_ASM272484v1_genomic_prodigal_proteins	1589	GCA_009836155.1_ASM983615v1_genomic_prodigal_proteins	1947	789	60.86	12.81	49.65
GCA_002724845.1_ASM272484v1_genomic_prodigal_proteins	1589	GCA_003990665.2_ASM399066v2_genomic_prodigal_proteins	2499	738	53.63	12.03	46.44
GCA_002724845.1_ASM272484v1_genomic_prodigal_proteins	1589	GCA_003209135.1_ASM320913v1_genomic_prodigal_proteins	1719	693	75.31	12.80	43.61
GCA_002724845.1_ASM272484v1_genomic_prodigal_proteins	1589	GCA_009845105.1_ASM984510v1_genomic_prodigal_proteins	1941	665	60.28	12.78	41.85
GCA_002724845.1_ASM272484v1_genomic_prodigal_proteins	1589	GCA_002690325.1_ASM269032v1_genomic_prodigal_proteins	2554	1220	74.84	13.07	76.78
GCA_002724845.1_ASM272484v1_genomic_prodigal_proteins	1589	GCA_000161795.2_ASM16179v2_genomic_prodigal_proteins	2407	1393	94.68	5.21	87.67
GCA_002724845.1_ASM272484v1_genomic_prodigal_proteins	1589	GCA_004211895.1_ASM421189v1_genomic_prodigal_proteins	954	660	93.26	6.39	69.18
GCA_002724845.1_ASM272484v1_genomic_prodigal_proteins	1589	GCA_003210735.1_ASM321073v1_genomic_prodigal_proteins	2337	993	76.40	12.85	62.49
GCA_002724845.1_ASM272484v1_genomic_prodigal_proteins	1589	GCA_003209035.1_ASM320903v1_genomic_prodigal_proteins	1803	737	76.38	12.83	46.38
GCA_002724845.1_ASM272484v1_genomic_prodigal_proteins	1589	GCA_003712085.1_ASM371208v1_genomic_prodigal_proteins	2745	1310	78.42	12.47	82.44
GCA_002724845.1_ASM272484v1_genomic_prodigal_proteins	1589	GCA_003212155.1_ASM321215v1_genomic_prodigal_proteins	262	41	59.32	18.08	15.65
GCA_002724845.1_ASM272484v1_genomic_prodigal_proteins	1589	GCA_001040845.1_ASM104084v1_genomic_prodigal_proteins	2917	1230	70.39	13.25	77.41
GCA_002724845.1_ASM272484v1_genomic_prodigal_proteins	1589	GCA_002018015.1_ASM201801v1_genomic_prodigal_proteins	1578	659	61.59	12.74	41.76
GCA_002724845.1_ASM272484v1_genomic_prodigal_proteins	1589	GCA_003211255.1_ASM321125v1_genomic_prodigal_proteins	1850	743	76.15	13.24	46.76
GCA_002724845.1_ASM272484v1_genomic_prodigal_proteins	1589	GCA_002721235.1_ASM272123v1_genomic_prodigal_proteins	3119	748	53.50	12.70	47.07
GCA_002724845.1_ASM272484v1_genomic_prodigal_proteins	1589	GCA_009839305.1_ASM983930v1_genomic_prodigal_proteins	1816	637	61.04	13.41	40.09
GCA_002724845.1_ASM272484v1_genomic_prodigal_proteins	1589	GCA_011365345.1_ASM1136534v1_genomic_prodigal_proteins	2655	1394	89.49	7.69	87.73
GCA_002724845.1_ASM272484v1_genomic_prodigal_proteins	1589	GCA_001039265.1_ASM103926v1_genomic_prodigal_proteins	2832	807	67.68	13.44	50.79
GCA_002724845.1_ASM272484v1_genomic_prodigal_proteins	1589	GCA_001628325.1_ASM162832v1_genomic_prodigal_proteins	2129	1411	97.20	4.93	88.80
GCA_002724845.1_ASM272484v1_genomic_prodigal_proteins	1589	GCA_003209215.1_ASM320921v1_genomic_prodigal_proteins	1679	729	93.78	7.97	45.88
GCA_002724845.1_ASM272484v1_genomic_prodigal_proteins	1589	GCA_002737305.1_ASM273730v1_genomic_prodigal_proteins	1951	898	66.88	13.22	56.51
GCA_002724845.1_ASM272484v1_genomic_prodigal_proteins	1589	GCA_003210515.1_ASM321051v1_genomic_prodigal_proteins	1673	787	76.84	12.52	49.53
GCA_002724845.1_ASM272484v1_genomic_prodigal_proteins	1589	GCA_011525445.1_ASM1152544v1_genomic_prodigal_proteins	3208	1027	69.89	13.34	64.63
GCA_002724845.1_ASM272484v1_genomic_prodigal_proteins	1589	GCA_902599435.1_AG-916-N22_genomic_prodigal_proteins	793	343	79.07	13.14	43.25
GCA_002724845.1_ASM272484v1_genomic_prodigal_proteins	1589	GCA_003149585.1_ASM314958v1_genomic_prodigal_proteins	2600	1167	67.14	13.47	73.44
GCA_002724845.1_ASM272484v1_genomic_prodigal_proteins	1589	GCA_902560665.1_AG-905-O11_genomic_prodigal_proteins	401	100	77.59	13.49	24.94
GCA_002724845.1_ASM272484v1_genomic_prodigal_proteins	1589	GCA_003331795.1_ASM333179v1_genomic_prodigal_proteins	1948	967	66.03	14.22	60.86
GCA_002724845.1_ASM272484v1_genomic_prodigal_proteins	1589	GCA_002017955.1_ASM201795v1_genomic_prodigal_proteins	512	190	60.98	12.43	37.11
GCA_002724845.1_ASM272484v1_genomic_prodigal_proteins	1589	GCA_902584485.1_AG-912-O23_genomic_prodigal_proteins	535	145	76.07	15.66	27.10
GCA_002724845.1_ASM272484v1_genomic_prodigal_proteins	1589	GCA_902527915.1_AG-896-G19_genomic_prodigal_proteins	1003	463	77.41	13.06	46.16
GCA_002724845.1_ASM272484v1_genomic_prodigal_proteins	1589	GCA_902635365.1_AG-447-D19_genomic_prodigal_proteins	1690	618	77.58	12.63	38.89
GCA_002724845.1_ASM272484v1_genomic_prodigal_proteins	1589	GCA_900474085.1_UW86_genomic_prodigal_proteins	2403	1422	96.48	4.51	89.49
GCA_002724845.1_ASM272484v1_genomic_prodigal_proteins	1589	GCA_001885215.1_ASM188521v1_genomic_prodigal_proteins	2897	1125	65.70	13.03	70.80
GCA_002724845.1_ASM272484v1_genomic_prodigal_proteins	1589	GCA_902575935.1_AG-426-B22_genomic_prodigal_proteins	254	144	95.89	8.89	56.69
GCA_002724845.1_ASM272484v1_genomic_prodigal_proteins	1589	GCA_900474295.1_UW140_genomic_prodigal_proteins	2925	1242	71.19	13.31	78.16
GCA_002724845.1_ASM272484v1_genomic_prodigal_proteins	1589	GCA_003211565.1_ASM321156v1_genomic_prodigal_proteins	1489	668	93.69	7.47	44.86
GCA_002724845.1_ASM272484v1_genomic_prodigal_proteins	1589	GCA_003526105.1_ASM352610v1_genomic_prodigal_proteins	1581	961	96.64	7.20	60.78
GCA_002724845.1_ASM272484v1_genomic_prodigal_proteins	1589	GCA_002172935.1_ASM217293v1_genomic_prodigal_proteins	1996	1024	70.18	13.27	64.44
GCA_002724845.1_ASM272484v1_genomic_prodigal_proteins	1589	GCA_003210335.1_ASM321033v1_genomic_prodigal_proteins	942	237	66.71	13.56	25.16
GCA_002724845.1_ASM272484v1_genomic_prodigal_proteins	1589	GCA_009846115.1_ASM984611v1_genomic_prodigal_proteins	2048	750	60.75	12.84	47.20
GCA_002724845.1_ASM272484v1_genomic_prodigal_proteins	1589	GCA_001693295.1_ASM169329v1_genomic_prodigal_proteins	3183	749	53.45	12.74	47.14
GCA_002724845.1_ASM272484v1_genomic_prodigal_proteins	1589	GCA_900473965.1_UW179A_genomic_prodigal_proteins	3383	1245	70.42	13.50	78.35
GCA_002724845.1_ASM272484v1_genomic_prodigal_proteins	1589	GCA_003213755.1_ASM321375v1_genomic_prodigal_proteins	1050	353	64.52	14.10	33.62
GCA_002724845.1_ASM272484v1_genomic_prodigal_proteins	1589	GCA_003209155.1_ASM320915v1_genomic_prodigal_proteins	2305	984	70.83	13.36	61.93
GCA_002724845.1_ASM272484v1_genomic_prodigal_proteins	1589	GCA_003211515.1_ASM321151v1_genomic_prodigal_proteins	2451	862	74.40	13.18	54.25
GCA_002724845.1_ASM272484v1_genomic_prodigal_proteins	1589	GCA_002693285.1_ASM269328v1_genomic_prodigal_proteins	2440	1141	71.13	13.40	71.81
GCA_002724845.1_ASM272484v1_genomic_prodigal_proteins	1589	GCA_003210555.1_ASM321055v1_genomic_prodigal_proteins	1847	669	69.20	13.01	42.10
GCA_002724845.1_ASM272484v1_genomic_prodigal_proteins	1589	GCA_000155595.1_ASM15559v1_genomic_prodigal_proteins	5270	783	52.81	12.38	49.28
GCA_002724845.1_ASM272484v1_genomic_prodigal_proteins	1589	GCA_001007665.1_ASM100766v1_genomic_prodigal_proteins	2356	865	60.54	12.68	54.44
GCA_002724845.1_ASM272484v1_genomic_prodigal_proteins	1589	GCA_009919765.1_ASM991976v1_genomic_prodigal_proteins	2524	814	65.99	14.28	51.23
GCA_002724845.1_ASM272484v1_genomic_prodigal_proteins	1589	GCA_003331225.1_ASM333122v1_genomic_prodigal_proteins	2113	1049	65.93	13.59	66.02
GCA_002724845.1_ASM272484v1_genomic_prodigal_proteins	1589	GCA_900177825.1_IMG-taxon_2708742468_annotated_assembly_genomic_prodigal_proteins	3317	740	53.57	12.69	46.57
GCA_002724845.1_ASM272484v1_genomic_prodigal_proteins	1589	GCA_000195975.1_ASM19597v1_genomic_prodigal_proteins	2719	1319	78.35	12.49	83.01
GCA_002724845.1_ASM272484v1_genomic_prodigal_proteins	1589	GCA_902618885.1_AG-920-D15_genomic_prodigal_proteins	1178	531	78.61	13.51	45.08
GCA_002724845.1_ASM272484v1_genomic_prodigal_proteins	1589	GCA_003209165.1_ASM320916v1_genomic_prodigal_proteins	2711	1183	90.56	7.51	74.45
GCA_002724845.1_ASM272484v1_genomic_prodigal_proteins	1589	GCA_001007625.1_ASM100762v1_genomic_prodigal_proteins	2478	758	61.03	12.76	47.70
GCA_002724845.1_ASM272484v1_genomic_prodigal_proteins	1589	GCA_008386235.1_ASM838623v1_genomic_prodigal_proteins	2571	725	53.93	11.93	45.63
GCA_002724845.1_ASM272484v1_genomic_prodigal_proteins	1589	GCA_001631935.1_ASM163193v1_genomic_prodigal_proteins	3526	1239	70.47	13.57	77.97
GCA_002724845.1_ASM272484v1_genomic_prodigal_proteins	1589	GCA_002151525.1_ASM215152v1_genomic_prodigal_proteins	1628	778	64.05	13.53	48.96
GCA_002724845.1_ASM272484v1_genomic_prodigal_proteins	1589	GCA_000153065.1_ASM15306v1_genomic_prodigal_proteins	2704	1213	71.81	12.82	76.34
GCA_002724845.1_ASM272484v1_genomic_prodigal_proteins	1589	GCA_009837265.1_ASM983726v1_genomic_prodigal_proteins	2126	789	60.86	12.77	49.65
GCA_002724845.1_ASM272484v1_genomic_prodigal_proteins	1589	GCA_902533725.1_AG-898-C20_genomic_prodigal_proteins	421	127	93.65	8.40	30.17
GCA_002724845.1_ASM272484v1_genomic_prodigal_proteins	1589	GCA_002171075.2_ASM217107v2_genomic_prodigal_proteins	1919	855	64.15	12.98	53.81
GCA_002724845.1_ASM272484v1_genomic_prodigal_proteins	1589	GCA_002760395.1_ASM276039v1_genomic_prodigal_proteins	2661	659	52.63	11.62	41.47
GCA_002724845.1_ASM272484v1_genomic_prodigal_proteins	1589	GCA_003209005.1_ASM320900v1_genomic_prodigal_proteins	2548	1048	70.11	13.41	65.95
GCA_002724845.1_ASM272484v1_genomic_prodigal_proteins	1589	GCA_002017915.1_ASM201791v1_genomic_prodigal_proteins	623	234	62.24	13.91	37.56
GCA_002724845.1_ASM272484v1_genomic_prodigal_proteins	1589	GCA_900047545.1_m9_genomic_prodigal_proteins	1575	652	60.79	12.51	41.40
GCA_002724845.1_ASM272484v1_genomic_prodigal_proteins	1589	GCA_001632105.1_ASM163210v1_genomic_prodigal_proteins	3521	1243	70.47	13.56	78.23
GCA_002724845.1_ASM272484v1_genomic_prodigal_proteins	1589	GCA_004212765.1_ASM421276v1_genomic_prodigal_proteins	1162	682	77.13	13.18	58.69
GCA_002724845.1_ASM272484v1_genomic_prodigal_proteins	1589	GCA_002685515.1_ASM268551v1_genomic_prodigal_proteins	1286	698	69.83	13.55	54.28
GCA_002724845.1_ASM272484v1_genomic_prodigal_proteins	1589	GCA_007828135.1_ASM782813v1_genomic_prodigal_proteins	2917	1123	65.68	13.00	70.67
GCA_002724845.1_ASM272484v1_genomic_prodigal_proteins	1589	GCA_011047875.1_ASM1104787v1_genomic_prodigal_proteins	2810	664	52.87	11.59	41.79
GCA_002724845.1_ASM272484v1_genomic_prodigal_proteins	1589	GCA_009840445.1_ASM984044v1_genomic_prodigal_proteins	2167	870	60.81	12.67	54.75
GCA_002724845.1_ASM272484v1_genomic_prodigal_proteins	1589	GCA_003210995.1_ASM321099v1_genomic_prodigal_proteins	2385	900	70.92	13.74	56.64
GCA_002724845.1_ASM272484v1_genomic_prodigal_proteins	1589	GCA_902616995.1_AG-919-L20_genomic_prodigal_proteins	654	254	77.83	13.81	38.84
GCA_002724845.1_ASM272484v1_genomic_prodigal_proteins	1589	GCA_009845825.1_ASM984582v1_genomic_prodigal_proteins	2168	728	60.84	12.55	45.81
GCA_002724845.1_ASM272484v1_genomic_prodigal_proteins	1589	GCA_000515235.1_ASM51523v1_genomic_prodigal_proteins	2873	1287	75.81	12.45	80.99
GCA_002724845.1_ASM272484v1_genomic_prodigal_proteins	1589	GCA_003523965.1_ASM352396v1_genomic_prodigal_proteins	1735	567	62.21	13.06	35.68
GCA_002724845.1_ASM272484v1_genomic_prodigal_proteins	1589	GCA_002684175.1_ASM268417v1_genomic_prodigal_proteins	1819	836	75.58	11.53	52.61
GCA_002724845.1_ASM272484v1_genomic_prodigal_proteins	1589	GCA_011523295.1_ASM1152329v1_genomic_prodigal_proteins	2851	1095	76.12	13.06	68.91
GCA_002724845.1_ASM272484v1_genomic_prodigal_proteins	1589	GCA_003211015.1_ASM321101v1_genomic_prodigal_proteins	2128	872	70.18	13.48	54.88
GCA_002724845.1_ASM272484v1_genomic_prodigal_proteins	1589	GCA_002006815.1_ASM200681v1_genomic_prodigal_proteins	1973	961	64.13	13.38	60.48
GCA_000586015.1_SynSpo.0_genomic_prodigal_proteins	1907	GCA_002760345.1_ASM276034v1_genomic_prodigal_proteins	2731	680	53.39	11.97	35.66
GCA_000586015.1_SynSpo.0_genomic_prodigal_proteins	1907	GCA_000013225.1_ASM1322v1_genomic_prodigal_proteins	2844	671	53.33	12.06	35.19
GCA_000586015.1_SynSpo.0_genomic_prodigal_proteins	1907	GCA_000332275.1_ASM33227v1_genomic_prodigal_proteins	4564	714	53.03	12.16	37.44
GCA_000586015.1_SynSpo.0_genomic_prodigal_proteins	1907	GCA_002252675.1_ASM225267v1_genomic_prodigal_proteins	3295	924	63.25	12.73	48.45
GCA_000586015.1_SynSpo.0_genomic_prodigal_proteins	1907	GCA_000737575.1_ASM73757v1_genomic_prodigal_proteins	2662	931	62.35	13.08	48.82
GCA_000586015.1_SynSpo.0_genomic_prodigal_proteins	1907	GCA_902596755.1_AG-916-D19_genomic_prodigal_proteins	1152	350	61.37	13.10	30.38
GCA_000586015.1_SynSpo.0_genomic_prodigal_proteins	1907	GCA_003211455.1_ASM321145v1_genomic_prodigal_proteins	1186	318	60.73	13.51	26.81
GCA_000586015.1_SynSpo.0_genomic_prodigal_proteins	1907	GCA_003208755.1_ASM320875v1_genomic_prodigal_proteins	690	200	61.72	13.48	28.99
GCA_000586015.1_SynSpo.0_genomic_prodigal_proteins	1907	GCA_007571215.1_ASM757121v1_genomic_prodigal_proteins	1879	1104	78.43	10.49	58.75
GCA_000586015.1_SynSpo.0_genomic_prodigal_proteins	1907	GCA_001007635.1_ASM100763v1_genomic_prodigal_proteins	2333	1070	85.66	8.82	56.11
GCA_000586015.1_SynSpo.0_genomic_prodigal_proteins	1907	GCA_000179255.1_ASM17925v1_genomic_prodigal_proteins	2729	953	62.41	13.01	49.97
GCA_000586015.1_SynSpo.0_genomic_prodigal_proteins	1907	GCA_003208975.1_ASM320897v1_genomic_prodigal_proteins	1804	484	60.65	13.13	26.83
GCA_000586015.1_SynSpo.0_genomic_prodigal_proteins	1907	GCA_012103655.1_ASM1210365v1_genomic_prodigal_proteins	2723	902	61.80	13.05	47.30
GCA_000586015.1_SynSpo.0_genomic_prodigal_proteins	1907	GCA_902582045.1_AG-912-B07_genomic_prodigal_proteins	196	32	61.06	14.27	16.33
GCA_000586015.1_SynSpo.0_genomic_prodigal_proteins	1907	GCA_000153045.1_ASM15304v1_genomic_prodigal_proteins	3242	951	62.88	12.75	49.87
GCA_000586015.1_SynSpo.0_genomic_prodigal_proteins	1907	GCA_902549675.1_AG-903-B09_genomic_prodigal_proteins	836	234	62.09	14.18	27.99
GCA_000586015.1_SynSpo.0_genomic_prodigal_proteins	1907	GCA_002018045.1_ASM201804v1_genomic_prodigal_proteins	1559	894	86.20	8.39	57.34
GCA_000586015.1_SynSpo.0_genomic_prodigal_proteins	1907	GCA_004213055.1_ASM421305v1_genomic_prodigal_proteins	2241	836	61.94	13.18	43.84
GCA_000586015.1_SynSpo.0_genomic_prodigal_proteins	1907	GCA_007571085.1_ASM757108v1_genomic_prodigal_proteins	1784	1091	78.58	10.39	61.15
GCA_000586015.1_SynSpo.0_genomic_prodigal_proteins	1907	GCA_009839805.1_ASM983980v1_genomic_prodigal_proteins	1848	838	89.25	8.29	45.35
GCA_000586015.1_SynSpo.0_genomic_prodigal_proteins	1907	GCA_003210375.1_ASM321037v1_genomic_prodigal_proteins	2155	682	60.79	13.21	35.76
GCA_000586015.1_SynSpo.0_genomic_prodigal_proteins	1907	GCA_004332415.1_ASM433241v1_genomic_prodigal_proteins	2408	928	62.24	13.35	48.66
GCA_000586015.1_SynSpo.0_genomic_prodigal_proteins	1907	GCA_009836025.1_ASM983602v1_genomic_prodigal_proteins	2290	1181	90.15	7.33	61.93
GCA_000586015.1_SynSpo.0_genomic_prodigal_proteins	1907	GCA_009843455.1_ASM984345v1_genomic_prodigal_proteins	2423	1170	90.29	6.95	61.35
GCA_000586015.1_SynSpo.0_genomic_prodigal_proteins	1907	GCA_009843485.1_ASM984348v1_genomic_prodigal_proteins	2158	1165	86.12	8.66	61.09
GCA_000586015.1_SynSpo.0_genomic_prodigal_proteins	1907	GCA_003283135.1_ASM328313v1_genomic_prodigal_proteins	459	67	61.59	12.89	14.60
GCA_000586015.1_SynSpo.0_genomic_prodigal_proteins	1907	GCA_902635485.1_AG-447-G23_genomic_prodigal_proteins	327	59	61.23	15.16	18.04
GCA_000586015.1_SynSpo.0_genomic_prodigal_proteins	1907	GCA_002760415.1_ASM276041v1_genomic_prodigal_proteins	2670	664	53.50	11.95	34.82
GCA_000586015.1_SynSpo.0_genomic_prodigal_proteins	1907	GCA_002754935.1_ASM275493v1_genomic_prodigal_proteins	2664	696	54.80	12.53	36.50
GCA_000586015.1_SynSpo.0_genomic_prodigal_proteins	1907	GCA_002171685.2_ASM217168v2_genomic_prodigal_proteins	811	369	61.14	12.95	45.50
GCA_000586015.1_SynSpo.0_genomic_prodigal_proteins	1907	GCA_000737595.1_ASM73759v1_genomic_prodigal_proteins	2774	935	61.87	13.26	49.03
GCA_000586015.1_SynSpo.0_genomic_prodigal_proteins	1907	GCA_003331785.1_ASM333178v1_genomic_prodigal_proteins	2125	852	61.82	13.01	44.68
GCA_000586015.1_SynSpo.0_genomic_prodigal_proteins	1907	GCA_009842265.1_ASM984226v1_genomic_prodigal_proteins	2398	1195	90.24	6.87	62.66
GCA_000586015.1_SynSpo.0_genomic_prodigal_proteins	1907	GCA_902579345.1_AG-911-L15_genomic_prodigal_proteins	248	49	60.29	16.25	19.76
GCA_000586015.1_SynSpo.0_genomic_prodigal_proteins	1907	GCA_000011345.1_ASM1134v1_genomic_prodigal_proteins	2520	710	55.12	12.51	37.23
GCA_000586015.1_SynSpo.0_genomic_prodigal_proteins	1907	GCA_003210705.1_ASM321070v1_genomic_prodigal_proteins	2244	658	61.24	13.39	34.50
GCA_000586015.1_SynSpo.0_genomic_prodigal_proteins	1907	GCA_000019485.1_ASM1948v1_genomic_prodigal_proteins	3233	729	54.27	12.87	38.23
GCA_000586015.1_SynSpo.0_genomic_prodigal_proteins	1907	GCA_003283055.1_ASM328305v1_genomic_prodigal_proteins	482	30	62.41	15.35	6.22
GCA_000586015.1_SynSpo.0_genomic_prodigal_proteins	1907	GCA_000010065.1_ASM1006v1_genomic_prodigal_proteins	2691	777	56.35	13.00	40.74
GCA_000586015.1_SynSpo.0_genomic_prodigal_proteins	1907	GCA_000316685.1_ASM31668v1_genomic_prodigal_proteins	3706	727	54.25	12.68	38.12
GCA_000586015.1_SynSpo.0_genomic_prodigal_proteins	1907	GCA_000063525.1_ASM6352v1_genomic_prodigal_proteins	2540	957	62.70	12.89	50.18
GCA_000586015.1_SynSpo.0_genomic_prodigal_proteins	1907	GCA_003283165.1_ASM328316v1_genomic_prodigal_proteins	217	41	58.88	12.38	18.89
GCA_000586015.1_SynSpo.0_genomic_prodigal_proteins	1907	GCA_902540675.1_AG-359-E22_genomic_prodigal_proteins	584	162	62.89	14.35	27.74
GCA_000586015.1_SynSpo.0_genomic_prodigal_proteins	1907	GCA_011055065.1_ASM1105506v1_genomic_prodigal_proteins	2792	644	53.32	12.06	33.77
GCA_000586015.1_SynSpo.0_genomic_prodigal_proteins	1907	GCA_000013205.1_ASM1320v1_genomic_prodigal_proteins	2750	681	53.42	11.97	35.71
GCA_000586015.1_SynSpo.0_genomic_prodigal_proteins	1907	GCA_003539795.1_ASM353979v1_genomic_prodigal_proteins	2284	695	60.56	12.72	36.44
GCA_000586015.1_SynSpo.0_genomic_prodigal_proteins	1907	GCA_002171995.1_ASM217199v1_genomic_prodigal_proteins	1978	558	61.58	13.04	29.26
GCA_000586015.1_SynSpo.0_genomic_prodigal_proteins	1907	GCA_011523835.1_ASM1152383v1_genomic_prodigal_proteins	2468	791	61.24	13.20	41.48
GCA_000586015.1_SynSpo.0_genomic_prodigal_proteins	1907	GCA_002172175.1_ASM217217v1_genomic_prodigal_proteins	1846	614	60.74	12.59	33.26
GCA_000586015.1_SynSpo.0_genomic_prodigal_proteins	1907	GCA_003208835.1_ASM320883v1_genomic_prodigal_proteins	2208	667	61.41	13.33	34.98
GCA_000586015.1_SynSpo.0_genomic_prodigal_proteins	1907	GCA_902589915.1_AG-914-F20_genomic_prodigal_proteins	373	84	62.28	13.90	22.52
GCA_000586015.1_SynSpo.0_genomic_prodigal_proteins	1907	GCA_000485815.1_ASM48581v1_genomic_prodigal_proteins	3083	721	54.15	12.86	37.81
GCA_000586015.1_SynSpo.0_genomic_prodigal_proteins	1907	GCA_008807075.1_ASM880707v1_genomic_prodigal_proteins	2925	911	62.54	13.15	47.77
GCA_000586015.1_SynSpo.0_genomic_prodigal_proteins	1907	GCA_000179235.2_ASM17923v2_genomic_prodigal_proteins	3071	963	62.67	12.97	50.50
GCA_000586015.1_SynSpo.0_genomic_prodigal_proteins	1907	GCA_003210795.1_ASM321079v1_genomic_prodigal_proteins	2239	692	61.31	13.10	36.29
GCA_000586015.1_SynSpo.0_genomic_prodigal_proteins	1907	GCA_002706715.1_ASM270671v1_genomic_prodigal_proteins	1148	489	61.46	13.40	42.60
GCA_000586015.1_SynSpo.0_genomic_prodigal_proteins	1907	GCA_003331245.1_ASM333124v1_genomic_prodigal_proteins	2021	752	61.49	12.72	39.43
GCA_000586015.1_SynSpo.0_genomic_prodigal_proteins	1907	GCA_009843385.1_ASM984338v1_genomic_prodigal_proteins	2085	1003	90.28	7.07	52.60
GCA_000586015.1_SynSpo.0_genomic_prodigal_proteins	1907	GCA_003211205.1_ASM321120v1_genomic_prodigal_proteins	2288	727	61.06	13.49	38.12
GCA_000586015.1_SynSpo.0_genomic_prodigal_proteins	1907	GCA_000063505.1_ASM6350v1_genomic_prodigal_proteins	2558	924	61.87	13.41	48.45
GCA_000586015.1_SynSpo.0_genomic_prodigal_proteins	1907	GCA_900474245.1_UW179B_genomic_prodigal_proteins	2743	914	61.76	13.17	47.93
GCA_000586015.1_SynSpo.0_genomic_prodigal_proteins	1907	GCA_003210345.1_ASM321034v1_genomic_prodigal_proteins	1256	355	60.15	13.42	28.26
GCA_000586015.1_SynSpo.0_genomic_prodigal_proteins	1907	GCA_003210315.1_ASM321031v1_genomic_prodigal_proteins	1815	548	61.25	13.32	30.19
GCA_000586015.1_SynSpo.0_genomic_prodigal_proteins	1907	GCA_009836155.1_ASM983615v1_genomic_prodigal_proteins	1947	1109	90.50	6.79	58.15
GCA_000586015.1_SynSpo.0_genomic_prodigal_proteins	1907	GCA_003990665.2_ASM399066v2_genomic_prodigal_proteins	2499	708	55.15	12.50	37.13
GCA_000586015.1_SynSpo.0_genomic_prodigal_proteins	1907	GCA_003209135.1_ASM320913v1_genomic_prodigal_proteins	1719	493	60.39	13.22	28.68
GCA_000586015.1_SynSpo.0_genomic_prodigal_proteins	1907	GCA_009845105.1_ASM984510v1_genomic_prodigal_proteins	1941	983	89.80	7.70	51.55
GCA_000586015.1_SynSpo.0_genomic_prodigal_proteins	1907	GCA_002690325.1_ASM269032v1_genomic_prodigal_proteins	2554	837	60.88	13.00	43.89
GCA_000586015.1_SynSpo.0_genomic_prodigal_proteins	1907	GCA_000161795.2_ASM16179v2_genomic_prodigal_proteins	2407	913	62.21	13.14	47.88
GCA_000586015.1_SynSpo.0_genomic_prodigal_proteins	1907	GCA_004211895.1_ASM421189v1_genomic_prodigal_proteins	954	385	61.38	13.31	40.36
GCA_000586015.1_SynSpo.0_genomic_prodigal_proteins	1907	GCA_003210735.1_ASM321073v1_genomic_prodigal_proteins	2337	676	61.00	13.12	35.45
GCA_000586015.1_SynSpo.0_genomic_prodigal_proteins	1907	GCA_003209035.1_ASM320903v1_genomic_prodigal_proteins	1803	505	61.19	13.12	28.01
GCA_000586015.1_SynSpo.0_genomic_prodigal_proteins	1907	GCA_003712085.1_ASM371208v1_genomic_prodigal_proteins	2745	947	61.90	13.04	49.66
GCA_000586015.1_SynSpo.0_genomic_prodigal_proteins	1907	GCA_003212155.1_ASM321215v1_genomic_prodigal_proteins	262	58	62.95	14.98	22.14
GCA_000586015.1_SynSpo.0_genomic_prodigal_proteins	1907	GCA_001040845.1_ASM104084v1_genomic_prodigal_proteins	2917	923	61.62	13.21	48.40
GCA_000586015.1_SynSpo.0_genomic_prodigal_proteins	1907	GCA_002018015.1_ASM201801v1_genomic_prodigal_proteins	1578	884	86.09	8.64	56.02
GCA_000586015.1_SynSpo.0_genomic_prodigal_proteins	1907	GCA_003211255.1_ASM321125v1_genomic_prodigal_proteins	1850	535	60.54	13.30	28.92
GCA_000586015.1_SynSpo.0_genomic_prodigal_proteins	1907	GCA_002721235.1_ASM272123v1_genomic_prodigal_proteins	3119	734	54.20	12.83	38.49
GCA_000586015.1_SynSpo.0_genomic_prodigal_proteins	1907	GCA_009839305.1_ASM983930v1_genomic_prodigal_proteins	1816	914	85.94	9.32	50.33
GCA_000586015.1_SynSpo.0_genomic_prodigal_proteins	1907	GCA_011365345.1_ASM1136534v1_genomic_prodigal_proteins	2655	924	61.94	13.32	48.45
GCA_000586015.1_SynSpo.0_genomic_prodigal_proteins	1907	GCA_001039265.1_ASM103926v1_genomic_prodigal_proteins	2832	671	64.29	12.74	35.19
GCA_000586015.1_SynSpo.0_genomic_prodigal_proteins	1907	GCA_001628325.1_ASM162832v1_genomic_prodigal_proteins	2129	840	62.27	12.90	44.05
GCA_000586015.1_SynSpo.0_genomic_prodigal_proteins	1907	GCA_003209215.1_ASM320921v1_genomic_prodigal_proteins	1679	504	61.46	13.06	30.02
GCA_000586015.1_SynSpo.0_genomic_prodigal_proteins	1907	GCA_002737305.1_ASM273730v1_genomic_prodigal_proteins	1951	752	63.00	13.02	39.43
GCA_000586015.1_SynSpo.0_genomic_prodigal_proteins	1907	GCA_003210515.1_ASM321051v1_genomic_prodigal_proteins	1673	525	60.49	13.38	31.38
GCA_000586015.1_SynSpo.0_genomic_prodigal_proteins	1907	GCA_011525445.1_ASM1152544v1_genomic_prodigal_proteins	3208	771	60.01	13.02	40.43
GCA_000586015.1_SynSpo.0_genomic_prodigal_proteins	1907	GCA_902599435.1_AG-916-N22_genomic_prodigal_proteins	793	236	63.34	13.38	29.76
GCA_000586015.1_SynSpo.0_genomic_prodigal_proteins	1907	GCA_003149585.1_ASM314958v1_genomic_prodigal_proteins	2600	955	62.49	12.95	50.08
GCA_000586015.1_SynSpo.0_genomic_prodigal_proteins	1907	GCA_902560665.1_AG-905-O11_genomic_prodigal_proteins	401	98	61.80	14.48	24.44
GCA_000586015.1_SynSpo.0_genomic_prodigal_proteins	1907	GCA_003331795.1_ASM333179v1_genomic_prodigal_proteins	1948	775	62.63	12.84	40.64
GCA_000586015.1_SynSpo.0_genomic_prodigal_proteins	1907	GCA_002017955.1_ASM201795v1_genomic_prodigal_proteins	512	242	84.52	10.23	47.27
GCA_000586015.1_SynSpo.0_genomic_prodigal_proteins	1907	GCA_902584485.1_AG-912-O23_genomic_prodigal_proteins	535	125	61.55	13.58	23.36
GCA_000586015.1_SynSpo.0_genomic_prodigal_proteins	1907	GCA_902527915.1_AG-896-G19_genomic_prodigal_proteins	1003	280	61.90	13.62	27.92
GCA_000586015.1_SynSpo.0_genomic_prodigal_proteins	1907	GCA_902635365.1_AG-447-D19_genomic_prodigal_proteins	1690	438	61.56	13.65	25.92
GCA_000586015.1_SynSpo.0_genomic_prodigal_proteins	1907	GCA_900474085.1_UW86_genomic_prodigal_proteins	2403	919	62.18	13.15	48.19
GCA_000586015.1_SynSpo.0_genomic_prodigal_proteins	1907	GCA_001885215.1_ASM188521v1_genomic_prodigal_proteins	2897	952	62.68	12.73	49.92
GCA_000586015.1_SynSpo.0_genomic_prodigal_proteins	1907	GCA_902575935.1_AG-426-B22_genomic_prodigal_proteins	254	100	65.85	14.41	39.37
GCA_000586015.1_SynSpo.0_genomic_prodigal_proteins	1907	GCA_900474295.1_UW140_genomic_prodigal_proteins	2925	926	61.92	13.22	48.56
GCA_000586015.1_SynSpo.0_genomic_prodigal_proteins	1907	GCA_003211565.1_ASM321156v1_genomic_prodigal_proteins	1489	412	61.99	13.37	27.67
GCA_000586015.1_SynSpo.0_genomic_prodigal_proteins	1907	GCA_003526105.1_ASM352610v1_genomic_prodigal_proteins	1581	520	62.46	13.21	32.89
GCA_000586015.1_SynSpo.0_genomic_prodigal_proteins	1907	GCA_002172935.1_ASM217293v1_genomic_prodigal_proteins	1996	732	60.97	13.29	38.38
GCA_000586015.1_SynSpo.0_genomic_prodigal_proteins	1907	GCA_003210335.1_ASM321033v1_genomic_prodigal_proteins	942	177	60.96	14.33	18.79
GCA_000586015.1_SynSpo.0_genomic_prodigal_proteins	1907	GCA_009846115.1_ASM984611v1_genomic_prodigal_proteins	2048	1049	85.86	8.90	55.01
GCA_000586015.1_SynSpo.0_genomic_prodigal_proteins	1907	GCA_001693295.1_ASM169329v1_genomic_prodigal_proteins	3183	729	54.24	12.90	38.23
GCA_000586015.1_SynSpo.0_genomic_prodigal_proteins	1907	GCA_900473965.1_UW179A_genomic_prodigal_proteins	3383	928	61.49	13.43	48.66
GCA_000586015.1_SynSpo.0_genomic_prodigal_proteins	1907	GCA_003213755.1_ASM321375v1_genomic_prodigal_proteins	1050	333	62.14	13.76	31.71
GCA_000586015.1_SynSpo.0_genomic_prodigal_proteins	1907	GCA_003209155.1_ASM320915v1_genomic_prodigal_proteins	2305	684	61.39	13.23	35.87
GCA_000586015.1_SynSpo.0_genomic_prodigal_proteins	1907	GCA_003211515.1_ASM321151v1_genomic_prodigal_proteins	2451	590	60.97	13.08	30.94
GCA_000586015.1_SynSpo.0_genomic_prodigal_proteins	1907	GCA_002693285.1_ASM269328v1_genomic_prodigal_proteins	2440	806	61.40	13.17	42.27
GCA_000586015.1_SynSpo.0_genomic_prodigal_proteins	1907	GCA_003210555.1_ASM321055v1_genomic_prodigal_proteins	1847	512	61.22	13.32	27.72
GCA_000586015.1_SynSpo.0_genomic_prodigal_proteins	1907	GCA_000155595.1_ASM15559v1_genomic_prodigal_proteins	5270	742	53.34	12.67	38.91
GCA_000586015.1_SynSpo.0_genomic_prodigal_proteins	1907	GCA_001007665.1_ASM100766v1_genomic_prodigal_proteins	2356	1177	85.58	8.79	61.72
GCA_000586015.1_SynSpo.0_genomic_prodigal_proteins	1907	GCA_009919765.1_ASM991976v1_genomic_prodigal_proteins	2524	647	62.67	12.81	33.93
GCA_000586015.1_SynSpo.0_genomic_prodigal_proteins	1907	GCA_003331225.1_ASM333122v1_genomic_prodigal_proteins	2113	826	62.73	12.80	43.31
GCA_000586015.1_SynSpo.0_genomic_prodigal_proteins	1907	GCA_900177825.1_IMG-taxon_2708742468_annotated_assembly_genomic_prodigal_proteins	3317	721	54.30	12.87	37.81
GCA_000586015.1_SynSpo.0_genomic_prodigal_proteins	1907	GCA_000195975.1_ASM19597v1_genomic_prodigal_proteins	2719	944	62.04	12.99	49.50
GCA_000586015.1_SynSpo.0_genomic_prodigal_proteins	1907	GCA_902618885.1_AG-920-D15_genomic_prodigal_proteins	1178	351	62.75	14.03	29.80
GCA_000586015.1_SynSpo.0_genomic_prodigal_proteins	1907	GCA_003209165.1_ASM320916v1_genomic_prodigal_proteins	2711	804	61.62	13.34	42.16
GCA_000586015.1_SynSpo.0_genomic_prodigal_proteins	1907	GCA_001007625.1_ASM100762v1_genomic_prodigal_proteins	2478	1060	86.52	8.84	55.58
GCA_000586015.1_SynSpo.0_genomic_prodigal_proteins	1907	GCA_008386235.1_ASM838623v1_genomic_prodigal_proteins	2571	716	54.87	12.58	37.55
GCA_000586015.1_SynSpo.0_genomic_prodigal_proteins	1907	GCA_001631935.1_ASM163193v1_genomic_prodigal_proteins	3526	927	61.52	13.41	48.61
GCA_000586015.1_SynSpo.0_genomic_prodigal_proteins	1907	GCA_002151525.1_ASM215152v1_genomic_prodigal_proteins	1628	695	61.59	13.16	42.69
GCA_000586015.1_SynSpo.0_genomic_prodigal_proteins	1907	GCA_000153065.1_ASM15306v1_genomic_prodigal_proteins	2704	924	62.59	13.30	48.45
GCA_000586015.1_SynSpo.0_genomic_prodigal_proteins	1907	GCA_009837265.1_ASM983726v1_genomic_prodigal_proteins	2126	1110	85.95	9.17	58.21
GCA_000586015.1_SynSpo.0_genomic_prodigal_proteins	1907	GCA_902533725.1_AG-898-C20_genomic_prodigal_proteins	421	83	63.42	13.93	19.71
GCA_000586015.1_SynSpo.0_genomic_prodigal_proteins	1907	GCA_002171075.2_ASM217107v2_genomic_prodigal_proteins	1919	712	61.15	12.67	37.34
GCA_000586015.1_SynSpo.0_genomic_prodigal_proteins	1907	GCA_002760395.1_ASM276039v1_genomic_prodigal_proteins	2661	659	53.56	11.95	34.56
GCA_000586015.1_SynSpo.0_genomic_prodigal_proteins	1907	GCA_003209005.1_ASM320900v1_genomic_prodigal_proteins	2548	754	61.24	13.21	39.54
GCA_000586015.1_SynSpo.0_genomic_prodigal_proteins	1907	GCA_002017915.1_ASM201791v1_genomic_prodigal_proteins	623	316	86.56	9.75	50.72
GCA_000586015.1_SynSpo.0_genomic_prodigal_proteins	1907	GCA_900047545.1_m9_genomic_prodigal_proteins	1575	900	85.36	8.86	57.14
GCA_000586015.1_SynSpo.0_genomic_prodigal_proteins	1907	GCA_001632105.1_ASM163210v1_genomic_prodigal_proteins	3521	933	61.45	13.45	48.93
GCA_000586015.1_SynSpo.0_genomic_prodigal_proteins	1907	GCA_004212765.1_ASM421276v1_genomic_prodigal_proteins	1162	459	61.56	12.91	39.50
GCA_000586015.1_SynSpo.0_genomic_prodigal_proteins	1907	GCA_002685515.1_ASM268551v1_genomic_prodigal_proteins	1286	481	60.20	13.07	37.40
GCA_000586015.1_SynSpo.0_genomic_prodigal_proteins	1907	GCA_007828135.1_ASM782813v1_genomic_prodigal_proteins	2917	952	62.68	12.73	49.92
GCA_000586015.1_SynSpo.0_genomic_prodigal_proteins	1907	GCA_011047875.1_ASM1104787v1_genomic_prodigal_proteins	2810	663	53.36	12.04	34.77
GCA_000586015.1_SynSpo.0_genomic_prodigal_proteins	1907	GCA_009840445.1_ASM984044v1_genomic_prodigal_proteins	2167	1180	86.03	8.70	61.88
GCA_000586015.1_SynSpo.0_genomic_prodigal_proteins	1907	GCA_003210995.1_ASM321099v1_genomic_prodigal_proteins	2385	677	61.47	13.52	35.50
GCA_000586015.1_SynSpo.0_genomic_prodigal_proteins	1907	GCA_902616995.1_AG-919-L20_genomic_prodigal_proteins	654	169	62.08	13.86	25.84
GCA_000586015.1_SynSpo.0_genomic_prodigal_proteins	1907	GCA_009845825.1_ASM984582v1_genomic_prodigal_proteins	2168	1048	90.24	7.10	54.96
GCA_000586015.1_SynSpo.0_genomic_prodigal_proteins	1907	GCA_000515235.1_ASM51523v1_genomic_prodigal_proteins	2873	932	61.73	13.20	48.87
GCA_000586015.1_SynSpo.0_genomic_prodigal_proteins	1907	GCA_003523965.1_ASM352396v1_genomic_prodigal_proteins	1735	947	98.75	5.35	54.58
GCA_000586015.1_SynSpo.0_genomic_prodigal_proteins	1907	GCA_002684175.1_ASM268417v1_genomic_prodigal_proteins	1819	571	59.68	12.80	31.39
GCA_000586015.1_SynSpo.0_genomic_prodigal_proteins	1907	GCA_011523295.1_ASM1152329v1_genomic_prodigal_proteins	2851	698	60.33	12.70	36.60
GCA_000586015.1_SynSpo.0_genomic_prodigal_proteins	1907	GCA_003211015.1_ASM321101v1_genomic_prodigal_proteins	2128	695	60.85	13.09	36.44
GCA_000586015.1_SynSpo.0_genomic_prodigal_proteins	1907	GCA_002006815.1_ASM200681v1_genomic_prodigal_proteins	1973	841	62.18	12.96	44.10
GCA_012269695.1_ASM1226969v1_genomic_prodigal_proteins	2043	GCA_000737535.1_ASM73753v1_genomic_prodigal_proteins	3013	1139	65.36	13.61	55.75
GCA_012269695.1_ASM1226969v1_genomic_prodigal_proteins	2043	GCA_000586015.1_SynSpo.0_genomic_prodigal_proteins	1907	672	61.59	12.43	35.24
GCA_012269695.1_ASM1226969v1_genomic_prodigal_proteins	2043	GCA_002760345.1_ASM276034v1_genomic_prodigal_proteins	2731	640	52.58	11.51	31.33
GCA_012269695.1_ASM1226969v1_genomic_prodigal_proteins	2043	GCA_000013225.1_ASM1322v1_genomic_prodigal_proteins	2844	636	52.51	11.35	31.13
GCA_012269695.1_ASM1226969v1_genomic_prodigal_proteins	2043	GCA_000332275.1_ASM33227v1_genomic_prodigal_proteins	4564	715	51.65	11.61	35.00
GCA_012269695.1_ASM1226969v1_genomic_prodigal_proteins	2043	GCA_002252675.1_ASM225267v1_genomic_prodigal_proteins	3295	1131	66.29	13.04	55.36
GCA_012269695.1_ASM1226969v1_genomic_prodigal_proteins	2043	GCA_000737575.1_ASM73757v1_genomic_prodigal_proteins	2662	1154	65.71	13.64	56.49
GCA_012269695.1_ASM1226969v1_genomic_prodigal_proteins	2043	GCA_902596755.1_AG-916-D19_genomic_prodigal_proteins	1152	415	64.45	13.92	36.02
GCA_012269695.1_ASM1226969v1_genomic_prodigal_proteins	2043	GCA_003211455.1_ASM321145v1_genomic_prodigal_proteins	1186	418	65.56	14.43	35.24
GCA_012269695.1_ASM1226969v1_genomic_prodigal_proteins	2043	GCA_003208755.1_ASM320875v1_genomic_prodigal_proteins	690	277	65.05	13.89	40.14
GCA_012269695.1_ASM1226969v1_genomic_prodigal_proteins	2043	GCA_007571215.1_ASM757121v1_genomic_prodigal_proteins	1879	817	61.45	11.99	43.48
GCA_012269695.1_ASM1226969v1_genomic_prodigal_proteins	2043	GCA_001007635.1_ASM100763v1_genomic_prodigal_proteins	2333	754	61.75	12.02	36.91
GCA_012269695.1_ASM1226969v1_genomic_prodigal_proteins	2043	GCA_000179255.1_ASM17925v1_genomic_prodigal_proteins	2729	1197	66.48	13.45	58.59
GCA_012269695.1_ASM1226969v1_genomic_prodigal_proteins	2043	GCA_003208975.1_ASM320897v1_genomic_prodigal_proteins	1804	604	65.80	14.03	33.48
GCA_012269695.1_ASM1226969v1_genomic_prodigal_proteins	2043	GCA_012103655.1_ASM1210365v1_genomic_prodigal_proteins	2723	1163	64.86	13.64	56.93
GCA_012269695.1_ASM1226969v1_genomic_prodigal_proteins	2043	GCA_902582045.1_AG-912-B07_genomic_prodigal_proteins	196	31	66.41	13.75	15.82
GCA_012269695.1_ASM1226969v1_genomic_prodigal_proteins	2043	GCA_000153045.1_ASM15304v1_genomic_prodigal_proteins	3242	1138	66.22	13.15	55.70
GCA_012269695.1_ASM1226969v1_genomic_prodigal_proteins	2043	GCA_902549675.1_AG-903-B09_genomic_prodigal_proteins	836	295	65.62	14.27	35.29
GCA_012269695.1_ASM1226969v1_genomic_prodigal_proteins	2043	GCA_002018045.1_ASM201804v1_genomic_prodigal_proteins	1559	634	62.42	12.12	40.67
GCA_012269695.1_ASM1226969v1_genomic_prodigal_proteins	2043	GCA_004213055.1_ASM421305v1_genomic_prodigal_proteins	2241	1036	65.15	13.98	50.71
GCA_012269695.1_ASM1226969v1_genomic_prodigal_proteins	2043	GCA_007571085.1_ASM757108v1_genomic_prodigal_proteins	1784	798	61.36	11.97	44.73
GCA_012269695.1_ASM1226969v1_genomic_prodigal_proteins	2043	GCA_009839805.1_ASM983980v1_genomic_prodigal_proteins	1848	576	60.23	12.16	31.17
GCA_012269695.1_ASM1226969v1_genomic_prodigal_proteins	2043	GCA_003210375.1_ASM321037v1_genomic_prodigal_proteins	2155	842	64.46	14.03	41.21
GCA_012269695.1_ASM1226969v1_genomic_prodigal_proteins	2043	GCA_004332415.1_ASM433241v1_genomic_prodigal_proteins	2408	1151	65.83	13.58	56.34
GCA_012269695.1_ASM1226969v1_genomic_prodigal_proteins	2043	GCA_009836025.1_ASM983602v1_genomic_prodigal_proteins	2290	831	61.37	12.15	40.68
GCA_012269695.1_ASM1226969v1_genomic_prodigal_proteins	2043	GCA_009843455.1_ASM984345v1_genomic_prodigal_proteins	2423	818	61.26	12.06	40.04
GCA_012269695.1_ASM1226969v1_genomic_prodigal_proteins	2043	GCA_009843485.1_ASM984348v1_genomic_prodigal_proteins	2158	841	61.33	12.15	41.16
GCA_012269695.1_ASM1226969v1_genomic_prodigal_proteins	2043	GCA_003283135.1_ASM328313v1_genomic_prodigal_proteins	459	70	61.53	15.38	15.25
GCA_012269695.1_ASM1226969v1_genomic_prodigal_proteins	2043	GCA_902635485.1_AG-447-G23_genomic_prodigal_proteins	327	79	62.68	16.21	24.16
GCA_012269695.1_ASM1226969v1_genomic_prodigal_proteins	2043	GCA_002760415.1_ASM276041v1_genomic_prodigal_proteins	2670	631	52.49	11.39	30.89
GCA_012269695.1_ASM1226969v1_genomic_prodigal_proteins	2043	GCA_002754935.1_ASM275493v1_genomic_prodigal_proteins	2664	688	53.52	12.01	33.68
GCA_012269695.1_ASM1226969v1_genomic_prodigal_proteins	2043	GCA_002171685.2_ASM217168v2_genomic_prodigal_proteins	811	451	65.23	14.04	55.61
GCA_012269695.1_ASM1226969v1_genomic_prodigal_proteins	2043	GCA_000737595.1_ASM73759v1_genomic_prodigal_proteins	2774	1152	65.61	14.06	56.39
GCA_012269695.1_ASM1226969v1_genomic_prodigal_proteins	2043	GCA_003331785.1_ASM333178v1_genomic_prodigal_proteins	2125	1073	64.75	13.75	52.52
GCA_012269695.1_ASM1226969v1_genomic_prodigal_proteins	2043	GCA_009842265.1_ASM984226v1_genomic_prodigal_proteins	2398	825	61.21	12.10	40.38
GCA_012269695.1_ASM1226969v1_genomic_prodigal_proteins	2043	GCA_902579345.1_AG-911-L15_genomic_prodigal_proteins	248	54	61.45	14.81	21.77
GCA_012269695.1_ASM1226969v1_genomic_prodigal_proteins	2043	GCA_000011345.1_ASM1134v1_genomic_prodigal_proteins	2520	712	53.58	11.91	34.85
GCA_012269695.1_ASM1226969v1_genomic_prodigal_proteins	2043	GCA_003210705.1_ASM321070v1_genomic_prodigal_proteins	2244	856	64.53	13.74	41.90
GCA_012269695.1_ASM1226969v1_genomic_prodigal_proteins	2043	GCA_000019485.1_ASM1948v1_genomic_prodigal_proteins	3233	753	53.15	12.54	36.86
GCA_012269695.1_ASM1226969v1_genomic_prodigal_proteins	2043	GCA_003283055.1_ASM328305v1_genomic_prodigal_proteins	482	44	58.52	14.46	9.13
GCA_012269695.1_ASM1226969v1_genomic_prodigal_proteins	2043	GCA_000010065.1_ASM1006v1_genomic_prodigal_proteins	2691	830	55.80	12.47	40.63
GCA_012269695.1_ASM1226969v1_genomic_prodigal_proteins	2043	GCA_000316685.1_ASM31668v1_genomic_prodigal_proteins	3706	736	53.12	12.25	36.03
GCA_012269695.1_ASM1226969v1_genomic_prodigal_proteins	2043	GCA_000063525.1_ASM6352v1_genomic_prodigal_proteins	2540	1534	94.16	6.18	75.09
GCA_012269695.1_ASM1226969v1_genomic_prodigal_proteins	2043	GCA_003283165.1_ASM328316v1_genomic_prodigal_proteins	217	53	66.53	16.62	24.42
GCA_012269695.1_ASM1226969v1_genomic_prodigal_proteins	2043	GCA_902540675.1_AG-359-E22_genomic_prodigal_proteins	584	163	67.05	14.46	27.91
GCA_012269695.1_ASM1226969v1_genomic_prodigal_proteins	2043	GCA_011055065.1_ASM1105506v1_genomic_prodigal_proteins	2792	610	52.40	11.55	29.86
GCA_012269695.1_ASM1226969v1_genomic_prodigal_proteins	2043	GCA_000013205.1_ASM1320v1_genomic_prodigal_proteins	2750	638	52.51	11.47	31.23
GCA_012269695.1_ASM1226969v1_genomic_prodigal_proteins	2043	GCA_003539795.1_ASM353979v1_genomic_prodigal_proteins	2284	943	64.84	13.47	46.16
GCA_012269695.1_ASM1226969v1_genomic_prodigal_proteins	2043	GCA_002171995.1_ASM217199v1_genomic_prodigal_proteins	1978	670	64.96	13.81	33.87
GCA_012269695.1_ASM1226969v1_genomic_prodigal_proteins	2043	GCA_011523835.1_ASM1152383v1_genomic_prodigal_proteins	2468	1036	65.14	13.71	50.71
GCA_012269695.1_ASM1226969v1_genomic_prodigal_proteins	2043	GCA_002172175.1_ASM217217v1_genomic_prodigal_proteins	1846	1129	87.84	8.83	61.16
GCA_012269695.1_ASM1226969v1_genomic_prodigal_proteins	2043	GCA_003208835.1_ASM320883v1_genomic_prodigal_proteins	2208	801	65.08	14.18	39.21
GCA_012269695.1_ASM1226969v1_genomic_prodigal_proteins	2043	GCA_902589915.1_AG-914-F20_genomic_prodigal_proteins	373	74	68.54	15.27	19.84
GCA_012269695.1_ASM1226969v1_genomic_prodigal_proteins	2043	GCA_000485815.1_ASM48581v1_genomic_prodigal_proteins	3083	729	52.98	12.48	35.68
GCA_012269695.1_ASM1226969v1_genomic_prodigal_proteins	2043	GCA_008807075.1_ASM880707v1_genomic_prodigal_proteins	2925	1086	64.49	13.21	53.16
GCA_012269695.1_ASM1226969v1_genomic_prodigal_proteins	2043	GCA_000179235.2_ASM17923v2_genomic_prodigal_proteins	3071	1171	67.53	12.92	57.32
GCA_012269695.1_ASM1226969v1_genomic_prodigal_proteins	2043	GCA_003210795.1_ASM321079v1_genomic_prodigal_proteins	2239	833	64.56	13.89	40.77
GCA_012269695.1_ASM1226969v1_genomic_prodigal_proteins	2043	GCA_002706715.1_ASM270671v1_genomic_prodigal_proteins	1148	560	65.97	13.85	48.78
GCA_012269695.1_ASM1226969v1_genomic_prodigal_proteins	2043	GCA_003331245.1_ASM333124v1_genomic_prodigal_proteins	2021	998	65.23	13.39	49.38
GCA_012269695.1_ASM1226969v1_genomic_prodigal_proteins	2043	GCA_009843385.1_ASM984338v1_genomic_prodigal_proteins	2085	703	61.72	12.18	34.41
GCA_012269695.1_ASM1226969v1_genomic_prodigal_proteins	2043	GCA_003211205.1_ASM321120v1_genomic_prodigal_proteins	2288	908	64.62	13.74	44.44
GCA_012269695.1_ASM1226969v1_genomic_prodigal_proteins	2043	GCA_000063505.1_ASM6350v1_genomic_prodigal_proteins	2558	1159	65.32	13.80	56.73
GCA_012269695.1_ASM1226969v1_genomic_prodigal_proteins	2043	GCA_900474245.1_UW179B_genomic_prodigal_proteins	2743	1147	64.94	13.59	56.14
GCA_012269695.1_ASM1226969v1_genomic_prodigal_proteins	2043	GCA_003210345.1_ASM321034v1_genomic_prodigal_proteins	1256	490	63.28	13.99	39.01
GCA_012269695.1_ASM1226969v1_genomic_prodigal_proteins	2043	GCA_003210315.1_ASM321031v1_genomic_prodigal_proteins	1815	692	63.79	14.02	38.13
GCA_012269695.1_ASM1226969v1_genomic_prodigal_proteins	2043	GCA_009836155.1_ASM983615v1_genomic_prodigal_proteins	1947	796	61.29	12.05	40.88
GCA_012269695.1_ASM1226969v1_genomic_prodigal_proteins	2043	GCA_003990665.2_ASM399066v2_genomic_prodigal_proteins	2499	718	53.55	11.87	35.14
GCA_012269695.1_ASM1226969v1_genomic_prodigal_proteins	2043	GCA_003209135.1_ASM320913v1_genomic_prodigal_proteins	1719	608	64.00	14.03	35.37
GCA_012269695.1_ASM1226969v1_genomic_prodigal_proteins	2043	GCA_009845105.1_ASM984510v1_genomic_prodigal_proteins	1941	655	61.13	12.15	33.75
GCA_012269695.1_ASM1226969v1_genomic_prodigal_proteins	2043	GCA_002690325.1_ASM269032v1_genomic_prodigal_proteins	2554	1035	64.51	13.69	50.66
GCA_012269695.1_ASM1226969v1_genomic_prodigal_proteins	2043	GCA_000161795.2_ASM16179v2_genomic_prodigal_proteins	2407	1118	65.60	14.04	54.72
GCA_012269695.1_ASM1226969v1_genomic_prodigal_proteins	2043	GCA_004211895.1_ASM421189v1_genomic_prodigal_proteins	954	514	65.94	13.56	53.88
GCA_012269695.1_ASM1226969v1_genomic_prodigal_proteins	2043	GCA_003210735.1_ASM321073v1_genomic_prodigal_proteins	2337	867	64.50	13.90	42.44
GCA_012269695.1_ASM1226969v1_genomic_prodigal_proteins	2043	GCA_003209035.1_ASM320903v1_genomic_prodigal_proteins	1803	624	64.94	14.16	34.61
GCA_012269695.1_ASM1226969v1_genomic_prodigal_proteins	2043	GCA_003712085.1_ASM371208v1_genomic_prodigal_proteins	2745	1147	65.90	13.87	56.14
GCA_012269695.1_ASM1226969v1_genomic_prodigal_proteins	2043	GCA_003212155.1_ASM321215v1_genomic_prodigal_proteins	262	64	83.97	18.69	24.43
GCA_012269695.1_ASM1226969v1_genomic_prodigal_proteins	2043	GCA_001040845.1_ASM104084v1_genomic_prodigal_proteins	2917	1168	64.78	13.57	57.17
GCA_012269695.1_ASM1226969v1_genomic_prodigal_proteins	2043	GCA_002018015.1_ASM201801v1_genomic_prodigal_proteins	1578	618	62.26	12.24	39.16
GCA_012269695.1_ASM1226969v1_genomic_prodigal_proteins	2043	GCA_003211255.1_ASM321125v1_genomic_prodigal_proteins	1850	648	64.06	13.83	35.03
GCA_012269695.1_ASM1226969v1_genomic_prodigal_proteins	2043	GCA_002721235.1_ASM272123v1_genomic_prodigal_proteins	3119	755	53.11	12.55	36.96
GCA_012269695.1_ASM1226969v1_genomic_prodigal_proteins	2043	GCA_009839305.1_ASM983930v1_genomic_prodigal_proteins	1816	640	61.45	12.55	35.24
GCA_012269695.1_ASM1226969v1_genomic_prodigal_proteins	2043	GCA_011365345.1_ASM1136534v1_genomic_prodigal_proteins	2655	1161	65.69	13.99	56.83
GCA_012269695.1_ASM1226969v1_genomic_prodigal_proteins	2043	GCA_001039265.1_ASM103926v1_genomic_prodigal_proteins	2832	776	67.60	13.40	37.98
GCA_012269695.1_ASM1226969v1_genomic_prodigal_proteins	2043	GCA_001628325.1_ASM162832v1_genomic_prodigal_proteins	2129	1062	65.96	13.97	51.98
GCA_012269695.1_ASM1226969v1_genomic_prodigal_proteins	2043	GCA_003209215.1_ASM320921v1_genomic_prodigal_proteins	1679	576	65.51	14.05	34.31
GCA_012269695.1_ASM1226969v1_genomic_prodigal_proteins	2043	GCA_002737305.1_ASM273730v1_genomic_prodigal_proteins	1951	876	66.82	13.32	44.90
GCA_012269695.1_ASM1226969v1_genomic_prodigal_proteins	2043	GCA_003210515.1_ASM321051v1_genomic_prodigal_proteins	1673	664	63.42	14.10	39.69
GCA_012269695.1_ASM1226969v1_genomic_prodigal_proteins	2043	GCA_011525445.1_ASM1152544v1_genomic_prodigal_proteins	3208	1010	64.26	14.35	49.44
GCA_012269695.1_ASM1226969v1_genomic_prodigal_proteins	2043	GCA_902599435.1_AG-916-N22_genomic_prodigal_proteins	793	299	66.35	14.99	37.70
GCA_012269695.1_ASM1226969v1_genomic_prodigal_proteins	2043	GCA_003149585.1_ASM314958v1_genomic_prodigal_proteins	2600	1203	66.44	13.32	58.88
GCA_012269695.1_ASM1226969v1_genomic_prodigal_proteins	2043	GCA_902560665.1_AG-905-O11_genomic_prodigal_proteins	401	90	64.31	14.47	22.44
GCA_012269695.1_ASM1226969v1_genomic_prodigal_proteins	2043	GCA_003331795.1_ASM333179v1_genomic_prodigal_proteins	1948	1331	94.22	6.47	68.33
GCA_012269695.1_ASM1226969v1_genomic_prodigal_proteins	2043	GCA_002017955.1_ASM201795v1_genomic_prodigal_proteins	512	182	62.02	11.82	35.55
GCA_012269695.1_ASM1226969v1_genomic_prodigal_proteins	2043	GCA_902584485.1_AG-912-O23_genomic_prodigal_proteins	535	137	64.41	15.75	25.61
GCA_012269695.1_ASM1226969v1_genomic_prodigal_proteins	2043	GCA_902527915.1_AG-896-G19_genomic_prodigal_proteins	1003	355	66.07	14.11	35.39
GCA_012269695.1_ASM1226969v1_genomic_prodigal_proteins	2043	GCA_902635365.1_AG-447-D19_genomic_prodigal_proteins	1690	536	65.98	14.06	31.72
GCA_012269695.1_ASM1226969v1_genomic_prodigal_proteins	2043	GCA_900474085.1_UW86_genomic_prodigal_proteins	2403	1132	65.62	14.05	55.41
GCA_012269695.1_ASM1226969v1_genomic_prodigal_proteins	2043	GCA_001885215.1_ASM188521v1_genomic_prodigal_proteins	2897	1118	65.93	12.92	54.72
GCA_012269695.1_ASM1226969v1_genomic_prodigal_proteins	2043	GCA_902575935.1_AG-426-B22_genomic_prodigal_proteins	254	114	68.18	15.74	44.88
GCA_012269695.1_ASM1226969v1_genomic_prodigal_proteins	2043	GCA_900474295.1_UW140_genomic_prodigal_proteins	2925	1179	65.44	13.82	57.71
GCA_012269695.1_ASM1226969v1_genomic_prodigal_proteins	2043	GCA_003211565.1_ASM321156v1_genomic_prodigal_proteins	1489	551	65.08	14.86	37.00
GCA_012269695.1_ASM1226969v1_genomic_prodigal_proteins	2043	GCA_003526105.1_ASM352610v1_genomic_prodigal_proteins	1581	666	66.33	14.43	42.13
GCA_012269695.1_ASM1226969v1_genomic_prodigal_proteins	2043	GCA_002172935.1_ASM217293v1_genomic_prodigal_proteins	1996	940	64.45	13.44	47.09
GCA_012269695.1_ASM1226969v1_genomic_prodigal_proteins	2043	GCA_003210335.1_ASM321033v1_genomic_prodigal_proteins	942	229	62.84	14.48	24.31
GCA_012269695.1_ASM1226969v1_genomic_prodigal_proteins	2043	GCA_009846115.1_ASM984611v1_genomic_prodigal_proteins	2048	751	61.49	12.32	36.76
GCA_012269695.1_ASM1226969v1_genomic_prodigal_proteins	2043	GCA_001693295.1_ASM169329v1_genomic_prodigal_proteins	3183	749	53.25	12.51	36.66
GCA_012269695.1_ASM1226969v1_genomic_prodigal_proteins	2043	GCA_900473965.1_UW179A_genomic_prodigal_proteins	3383	1192	64.65	13.68	58.35
GCA_012269695.1_ASM1226969v1_genomic_prodigal_proteins	2043	GCA_003213755.1_ASM321375v1_genomic_prodigal_proteins	1050	501	92.31	10.50	47.71
GCA_012269695.1_ASM1226969v1_genomic_prodigal_proteins	2043	GCA_003209155.1_ASM320915v1_genomic_prodigal_proteins	2305	898	64.87	13.56	43.95
GCA_012269695.1_ASM1226969v1_genomic_prodigal_proteins	2043	GCA_003211515.1_ASM321151v1_genomic_prodigal_proteins	2451	744	64.13	13.72	36.42
GCA_012269695.1_ASM1226969v1_genomic_prodigal_proteins	2043	GCA_002693285.1_ASM269328v1_genomic_prodigal_proteins	2440	1043	64.97	13.74	51.05
GCA_012269695.1_ASM1226969v1_genomic_prodigal_proteins	2043	GCA_003210555.1_ASM321055v1_genomic_prodigal_proteins	1847	667	64.34	13.71	36.11
GCA_012269695.1_ASM1226969v1_genomic_prodigal_proteins	2043	GCA_000155595.1_ASM15559v1_genomic_prodigal_proteins	5270	765	52.97	12.15	37.44
GCA_012269695.1_ASM1226969v1_genomic_prodigal_proteins	2043	GCA_001007665.1_ASM100766v1_genomic_prodigal_proteins	2356	838	61.46	11.78	41.02
GCA_012269695.1_ASM1226969v1_genomic_prodigal_proteins	2043	GCA_009919765.1_ASM991976v1_genomic_prodigal_proteins	2524	1167	93.85	7.07	57.12
GCA_012269695.1_ASM1226969v1_genomic_prodigal_proteins	2043	GCA_003331225.1_ASM333122v1_genomic_prodigal_proteins	2113	1284	77.51	11.80	62.85
GCA_012269695.1_ASM1226969v1_genomic_prodigal_proteins	2043	GCA_900177825.1_IMG-taxon_2708742468_annotated_assembly_genomic_prodigal_proteins	3317	744	53.10	12.55	36.42
GCA_012269695.1_ASM1226969v1_genomic_prodigal_proteins	2043	GCA_000195975.1_ASM19597v1_genomic_prodigal_proteins	2719	1141	65.99	13.76	55.85
GCA_012269695.1_ASM1226969v1_genomic_prodigal_proteins	2043	GCA_902618885.1_AG-920-D15_genomic_prodigal_proteins	1178	445	66.57	14.53	37.78
GCA_012269695.1_ASM1226969v1_genomic_prodigal_proteins	2043	GCA_003209165.1_ASM320916v1_genomic_prodigal_proteins	2711	968	65.40	14.19	47.38
GCA_012269695.1_ASM1226969v1_genomic_prodigal_proteins	2043	GCA_001007625.1_ASM100762v1_genomic_prodigal_proteins	2478	762	61.55	12.40	37.30
GCA_012269695.1_ASM1226969v1_genomic_prodigal_proteins	2043	GCA_008386235.1_ASM838623v1_genomic_prodigal_proteins	2571	716	53.74	11.83	35.05
GCA_012269695.1_ASM1226969v1_genomic_prodigal_proteins	2043	GCA_001631935.1_ASM163193v1_genomic_prodigal_proteins	3526	1183	64.77	13.58	57.91
GCA_012269695.1_ASM1226969v1_genomic_prodigal_proteins	2043	GCA_002151525.1_ASM215152v1_genomic_prodigal_proteins	1628	870	70.08	12.92	53.44
GCA_012269695.1_ASM1226969v1_genomic_prodigal_proteins	2043	GCA_000153065.1_ASM15306v1_genomic_prodigal_proteins	2704	1143	65.99	13.58	55.95
GCA_012269695.1_ASM1226969v1_genomic_prodigal_proteins	2043	GCA_009837265.1_ASM983726v1_genomic_prodigal_proteins	2126	790	61.41	12.22	38.67
GCA_012269695.1_ASM1226969v1_genomic_prodigal_proteins	2043	GCA_902533725.1_AG-898-C20_genomic_prodigal_proteins	421	87	64.41	13.52	20.67
GCA_012269695.1_ASM1226969v1_genomic_prodigal_proteins	2043	GCA_002171075.2_ASM217107v2_genomic_prodigal_proteins	1919	1086	74.86	11.95	56.59
GCA_012269695.1_ASM1226969v1_genomic_prodigal_proteins	2043	GCA_002760395.1_ASM276039v1_genomic_prodigal_proteins	2661	627	52.41	11.40	30.69
GCA_012269695.1_ASM1226969v1_genomic_prodigal_proteins	2043	GCA_003209005.1_ASM320900v1_genomic_prodigal_proteins	2548	979	64.49	13.66	47.92
GCA_012269695.1_ASM1226969v1_genomic_prodigal_proteins	2043	GCA_002017915.1_ASM201791v1_genomic_prodigal_proteins	623	226	63.97	12.46	36.28
GCA_012269695.1_ASM1226969v1_genomic_prodigal_proteins	2043	GCA_900047545.1_m9_genomic_prodigal_proteins	1575	660	61.14	12.30	41.90
GCA_012269695.1_ASM1226969v1_genomic_prodigal_proteins	2043	GCA_001632105.1_ASM163210v1_genomic_prodigal_proteins	3521	1188	64.73	13.61	58.15
GCA_012269695.1_ASM1226969v1_genomic_prodigal_proteins	2043	GCA_004212765.1_ASM421276v1_genomic_prodigal_proteins	1162	580	64.75	13.85	49.91
GCA_012269695.1_ASM1226969v1_genomic_prodigal_proteins	2043	GCA_002685515.1_ASM268551v1_genomic_prodigal_proteins	1286	639	63.91	13.44	49.69
GCA_012269695.1_ASM1226969v1_genomic_prodigal_proteins	2043	GCA_007828135.1_ASM782813v1_genomic_prodigal_proteins	2917	1120	65.91	12.93	54.82
GCA_012269695.1_ASM1226969v1_genomic_prodigal_proteins	2043	GCA_011047875.1_ASM1104787v1_genomic_prodigal_proteins	2810	625	52.41	11.50	30.59
GCA_012269695.1_ASM1226969v1_genomic_prodigal_proteins	2043	GCA_009840445.1_ASM984044v1_genomic_prodigal_proteins	2167	857	61.44	12.10	41.95
GCA_012269695.1_ASM1226969v1_genomic_prodigal_proteins	2043	GCA_003210995.1_ASM321099v1_genomic_prodigal_proteins	2385	856	64.84	14.05	41.90
GCA_012269695.1_ASM1226969v1_genomic_prodigal_proteins	2043	GCA_902616995.1_AG-919-L20_genomic_prodigal_proteins	654	206	65.64	15.10	31.50
GCA_012269695.1_ASM1226969v1_genomic_prodigal_proteins	2043	GCA_009845825.1_ASM984582v1_genomic_prodigal_proteins	2168	737	61.95	11.93	36.07
GCA_012269695.1_ASM1226969v1_genomic_prodigal_proteins	2043	GCA_000515235.1_ASM51523v1_genomic_prodigal_proteins	2873	1153	65.21	13.48	56.44
GCA_012269695.1_ASM1226969v1_genomic_prodigal_proteins	2043	GCA_003523965.1_ASM352396v1_genomic_prodigal_proteins	1735	572	61.59	12.46	32.97
GCA_012269695.1_ASM1226969v1_genomic_prodigal_proteins	2043	GCA_002684175.1_ASM268417v1_genomic_prodigal_proteins	1819	727	63.39	13.81	39.97
GCA_012269695.1_ASM1226969v1_genomic_prodigal_proteins	2043	GCA_011523295.1_ASM1152329v1_genomic_prodigal_proteins	2851	953	64.65	13.86	46.65
GCA_012269695.1_ASM1226969v1_genomic_prodigal_proteins	2043	GCA_003211015.1_ASM321101v1_genomic_prodigal_proteins	2128	866	64.85	13.19	42.39
GCA_012269695.1_ASM1226969v1_genomic_prodigal_proteins	2043	GCA_002006815.1_ASM200681v1_genomic_prodigal_proteins	1973	1102	70.74	12.66	55.85
GCA_001521855.1_ASM152185v1_genomic_prodigal_proteins	3144	GCA_009835965.1_ASM983596v1_genomic_prodigal_proteins	2105	932	53.47	12.34	44.28
GCA_001521855.1_ASM152185v1_genomic_prodigal_proteins	3144	GCA_012269695.1_ASM1226969v1_genomic_prodigal_proteins	2043	756	53.14	12.60	37.00
GCA_001521855.1_ASM152185v1_genomic_prodigal_proteins	3144	GCA_000737535.1_ASM73753v1_genomic_prodigal_proteins	3013	1087	53.42	12.90	36.08
GCA_001521855.1_ASM152185v1_genomic_prodigal_proteins	3144	GCA_000586015.1_SynSpo.0_genomic_prodigal_proteins	1907	731	54.29	12.98	38.33
GCA_001521855.1_ASM152185v1_genomic_prodigal_proteins	3144	GCA_002760345.1_ASM276034v1_genomic_prodigal_proteins	2731	1257	56.60	12.31	46.03
GCA_001521855.1_ASM152185v1_genomic_prodigal_proteins	3144	GCA_000013225.1_ASM1322v1_genomic_prodigal_proteins	2844	1281	56.68	12.29	45.04
GCA_001521855.1_ASM152185v1_genomic_prodigal_proteins	3144	GCA_000332275.1_ASM33227v1_genomic_prodigal_proteins	4564	1542	56.61	12.66	49.05
GCA_001521855.1_ASM152185v1_genomic_prodigal_proteins	3144	GCA_002252675.1_ASM225267v1_genomic_prodigal_proteins	3295	1198	53.84	12.80	38.10
GCA_001521855.1_ASM152185v1_genomic_prodigal_proteins	3144	GCA_000737575.1_ASM73757v1_genomic_prodigal_proteins	2662	1098	53.43	12.93	41.25
GCA_001521855.1_ASM152185v1_genomic_prodigal_proteins	3144	GCA_902596755.1_AG-916-D19_genomic_prodigal_proteins	1152	388	53.33	12.88	33.68
GCA_001521855.1_ASM152185v1_genomic_prodigal_proteins	3144	GCA_003211455.1_ASM321145v1_genomic_prodigal_proteins	1186	380	53.27	12.76	32.04
GCA_001521855.1_ASM152185v1_genomic_prodigal_proteins	3144	GCA_003208755.1_ASM320875v1_genomic_prodigal_proteins	690	235	53.40	13.59	34.06
GCA_001521855.1_ASM152185v1_genomic_prodigal_proteins	3144	GCA_007571215.1_ASM757121v1_genomic_prodigal_proteins	1879	900	53.36	12.27	47.90
GCA_001521855.1_ASM152185v1_genomic_prodigal_proteins	3144	GCA_001007635.1_ASM100763v1_genomic_prodigal_proteins	2333	849	53.54	12.35	36.39
GCA_001521855.1_ASM152185v1_genomic_prodigal_proteins	3144	GCA_000179255.1_ASM17925v1_genomic_prodigal_proteins	2729	1114	53.86	12.88	40.82
GCA_001521855.1_ASM152185v1_genomic_prodigal_proteins	3144	GCA_003208975.1_ASM320897v1_genomic_prodigal_proteins	1804	571	53.02	12.60	31.65
GCA_001521855.1_ASM152185v1_genomic_prodigal_proteins	3144	GCA_012103655.1_ASM1210365v1_genomic_prodigal_proteins	2723	1060	53.41	12.71	38.93
GCA_001521855.1_ASM152185v1_genomic_prodigal_proteins	3144	GCA_902582045.1_AG-912-B07_genomic_prodigal_proteins	196	35	51.45	12.84	17.86
GCA_001521855.1_ASM152185v1_genomic_prodigal_proteins	3144	GCA_000153045.1_ASM15304v1_genomic_prodigal_proteins	3242	1186	53.89	12.64	37.72
GCA_001521855.1_ASM152185v1_genomic_prodigal_proteins	3144	GCA_902549675.1_AG-903-B09_genomic_prodigal_proteins	836	265	55.53	13.72	31.70
GCA_001521855.1_ASM152185v1_genomic_prodigal_proteins	3144	GCA_002018045.1_ASM201804v1_genomic_prodigal_proteins	1559	721	54.43	12.26	46.25
GCA_001521855.1_ASM152185v1_genomic_prodigal_proteins	3144	GCA_004213055.1_ASM421305v1_genomic_prodigal_proteins	2241	953	53.56	12.68	42.53
GCA_001521855.1_ASM152185v1_genomic_prodigal_proteins	3144	GCA_007571085.1_ASM757108v1_genomic_prodigal_proteins	1784	892	53.21	12.35	50.00
GCA_001521855.1_ASM152185v1_genomic_prodigal_proteins	3144	GCA_009839805.1_ASM983980v1_genomic_prodigal_proteins	1848	589	51.89	11.53	31.87
GCA_001521855.1_ASM152185v1_genomic_prodigal_proteins	3144	GCA_003210375.1_ASM321037v1_genomic_prodigal_proteins	2155	785	52.90	12.76	36.43
GCA_001521855.1_ASM152185v1_genomic_prodigal_proteins	3144	GCA_004332415.1_ASM433241v1_genomic_prodigal_proteins	2408	1084	53.59	12.74	45.02
GCA_001521855.1_ASM152185v1_genomic_prodigal_proteins	3144	GCA_009836025.1_ASM983602v1_genomic_prodigal_proteins	2290	915	53.64	12.29	39.96
GCA_001521855.1_ASM152185v1_genomic_prodigal_proteins	3144	GCA_009843455.1_ASM984345v1_genomic_prodigal_proteins	2423	894	53.52	12.09	36.90
GCA_001521855.1_ASM152185v1_genomic_prodigal_proteins	3144	GCA_009843485.1_ASM984348v1_genomic_prodigal_proteins	2158	928	53.49	12.35	43.00
GCA_001521855.1_ASM152185v1_genomic_prodigal_proteins	3144	GCA_003283135.1_ASM328313v1_genomic_prodigal_proteins	459	96	52.00	14.07	20.92
GCA_001521855.1_ASM152185v1_genomic_prodigal_proteins	3144	GCA_902635485.1_AG-447-G23_genomic_prodigal_proteins	327	71	52.87	14.53	21.71
GCA_001521855.1_ASM152185v1_genomic_prodigal_proteins	3144	GCA_002760415.1_ASM276041v1_genomic_prodigal_proteins	2670	1247	56.51	12.35	46.70
GCA_001521855.1_ASM152185v1_genomic_prodigal_proteins	3144	GCA_002754935.1_ASM275493v1_genomic_prodigal_proteins	2664	1366	59.45	12.89	51.28
GCA_001521855.1_ASM152185v1_genomic_prodigal_proteins	3144	GCA_002171685.2_ASM217168v2_genomic_prodigal_proteins	811	422	53.76	12.27	52.03
GCA_001521855.1_ASM152185v1_genomic_prodigal_proteins	3144	GCA_000737595.1_ASM73759v1_genomic_prodigal_proteins	2774	1088	53.37	12.95	39.22
GCA_001521855.1_ASM152185v1_genomic_prodigal_proteins	3144	GCA_003331785.1_ASM333178v1_genomic_prodigal_proteins	2125	970	53.46	12.62	45.65
GCA_001521855.1_ASM152185v1_genomic_prodigal_proteins	3144	GCA_009842265.1_ASM984226v1_genomic_prodigal_proteins	2398	903	53.62	12.27	37.66
GCA_001521855.1_ASM152185v1_genomic_prodigal_proteins	3144	GCA_902579345.1_AG-911-L15_genomic_prodigal_proteins	248	46	53.50	15.48	18.55
GCA_001521855.1_ASM152185v1_genomic_prodigal_proteins	3144	GCA_000011345.1_ASM1134v1_genomic_prodigal_proteins	2520	1429	59.34	12.93	56.71
GCA_001521855.1_ASM152185v1_genomic_prodigal_proteins	3144	GCA_003210705.1_ASM321070v1_genomic_prodigal_proteins	2244	763	52.88	12.97	34.00
GCA_001521855.1_ASM152185v1_genomic_prodigal_proteins	3144	GCA_000019485.1_ASM1948v1_genomic_prodigal_proteins	3233	2776	97.59	5.93	88.30
GCA_001521855.1_ASM152185v1_genomic_prodigal_proteins	3144	GCA_003283055.1_ASM328305v1_genomic_prodigal_proteins	482	34	51.42	14.72	7.05
GCA_001521855.1_ASM152185v1_genomic_prodigal_proteins	3144	GCA_000010065.1_ASM1006v1_genomic_prodigal_proteins	2691	1488	59.52	12.78	55.30
GCA_001521855.1_ASM152185v1_genomic_prodigal_proteins	3144	GCA_000316685.1_ASM31668v1_genomic_prodigal_proteins	3706	1525	59.40	12.77	48.51
GCA_001521855.1_ASM152185v1_genomic_prodigal_proteins	3144	GCA_000063525.1_ASM6352v1_genomic_prodigal_proteins	2540	1129	53.78	13.03	44.45
GCA_001521855.1_ASM152185v1_genomic_prodigal_proteins	3144	GCA_003283165.1_ASM328316v1_genomic_prodigal_proteins	217	59	51.58	11.97	27.19
GCA_001521855.1_ASM152185v1_genomic_prodigal_proteins	3144	GCA_902540675.1_AG-359-E22_genomic_prodigal_proteins	584	167	52.93	13.78	28.60
GCA_001521855.1_ASM152185v1_genomic_prodigal_proteins	3144	GCA_011055065.1_ASM1105506v1_genomic_prodigal_proteins	2792	1234	56.64	12.33	44.20
GCA_001521855.1_ASM152185v1_genomic_prodigal_proteins	3144	GCA_000013205.1_ASM1320v1_genomic_prodigal_proteins	2750	1264	56.58	12.34	45.96
GCA_001521855.1_ASM152185v1_genomic_prodigal_proteins	3144	GCA_003539795.1_ASM353979v1_genomic_prodigal_proteins	2284	811	51.92	11.94	35.51
GCA_001521855.1_ASM152185v1_genomic_prodigal_proteins	3144	GCA_002171995.1_ASM217199v1_genomic_prodigal_proteins	1978	618	52.95	12.50	31.24
GCA_001521855.1_ASM152185v1_genomic_prodigal_proteins	3144	GCA_011523835.1_ASM1152383v1_genomic_prodigal_proteins	2468	913	52.98	12.36	36.99
GCA_001521855.1_ASM152185v1_genomic_prodigal_proteins	3144	GCA_002172175.1_ASM217217v1_genomic_prodigal_proteins	1846	701	52.64	12.06	37.97
GCA_001521855.1_ASM152185v1_genomic_prodigal_proteins	3144	GCA_003208835.1_ASM320883v1_genomic_prodigal_proteins	2208	798	53.05	12.65	36.14
GCA_001521855.1_ASM152185v1_genomic_prodigal_proteins	3144	GCA_902589915.1_AG-914-F20_genomic_prodigal_proteins	373	87	54.17	13.56	23.32
GCA_001521855.1_ASM152185v1_genomic_prodigal_proteins	3144	GCA_000485815.1_ASM48581v1_genomic_prodigal_proteins	3083	2431	83.96	11.17	78.85
GCA_001521855.1_ASM152185v1_genomic_prodigal_proteins	3144	GCA_008807075.1_ASM880707v1_genomic_prodigal_proteins	2925	1132	53.12	12.76	38.70
GCA_001521855.1_ASM152185v1_genomic_prodigal_proteins	3144	GCA_000179235.2_ASM17923v2_genomic_prodigal_proteins	3071	1179	53.93	12.80	38.39
GCA_001521855.1_ASM152185v1_genomic_prodigal_proteins	3144	GCA_003210795.1_ASM321079v1_genomic_prodigal_proteins	2239	798	52.45	12.49	35.64
GCA_001521855.1_ASM152185v1_genomic_prodigal_proteins	3144	GCA_002706715.1_ASM270671v1_genomic_prodigal_proteins	1148	579	53.51	12.81	50.44
GCA_001521855.1_ASM152185v1_genomic_prodigal_proteins	3144	GCA_003331245.1_ASM333124v1_genomic_prodigal_proteins	2021	911	52.84	12.32	45.08
GCA_001521855.1_ASM152185v1_genomic_prodigal_proteins	3144	GCA_009843385.1_ASM984338v1_genomic_prodigal_proteins	2085	767	53.98	12.32	36.79
GCA_001521855.1_ASM152185v1_genomic_prodigal_proteins	3144	GCA_003211205.1_ASM321120v1_genomic_prodigal_proteins	2288	828	53.16	12.94	36.19
GCA_001521855.1_ASM152185v1_genomic_prodigal_proteins	3144	GCA_000063505.1_ASM6350v1_genomic_prodigal_proteins	2558	1087	53.37	12.89	42.49
GCA_001521855.1_ASM152185v1_genomic_prodigal_proteins	3144	GCA_900474245.1_UW179B_genomic_prodigal_proteins	2743	1073	53.47	12.78	39.12
GCA_001521855.1_ASM152185v1_genomic_prodigal_proteins	3144	GCA_003210345.1_ASM321034v1_genomic_prodigal_proteins	1256	420	52.19	12.59	33.44
GCA_001521855.1_ASM152185v1_genomic_prodigal_proteins	3144	GCA_003210315.1_ASM321031v1_genomic_prodigal_proteins	1815	636	53.23	12.79	35.04
GCA_001521855.1_ASM152185v1_genomic_prodigal_proteins	3144	GCA_009836155.1_ASM983615v1_genomic_prodigal_proteins	1947	872	53.68	12.11	44.79
GCA_001521855.1_ASM152185v1_genomic_prodigal_proteins	3144	GCA_003990665.2_ASM399066v2_genomic_prodigal_proteins	2499	1429	59.43	12.90	57.18
GCA_001521855.1_ASM152185v1_genomic_prodigal_proteins	3144	GCA_003209135.1_ASM320913v1_genomic_prodigal_proteins	1719	568	52.07	12.32	33.04
GCA_001521855.1_ASM152185v1_genomic_prodigal_proteins	3144	GCA_009845105.1_ASM984510v1_genomic_prodigal_proteins	1941	725	53.33	12.26	37.35
GCA_001521855.1_ASM152185v1_genomic_prodigal_proteins	3144	GCA_002690325.1_ASM269032v1_genomic_prodigal_proteins	2554	978	52.34	12.49	38.29
GCA_001521855.1_ASM152185v1_genomic_prodigal_proteins	3144	GCA_000161795.2_ASM16179v2_genomic_prodigal_proteins	2407	1041	53.83	12.81	43.25
GCA_001521855.1_ASM152185v1_genomic_prodigal_proteins	3144	GCA_004211895.1_ASM421189v1_genomic_prodigal_proteins	954	446	53.18	12.89	46.75
GCA_001521855.1_ASM152185v1_genomic_prodigal_proteins	3144	GCA_003210735.1_ASM321073v1_genomic_prodigal_proteins	2337	780	52.35	12.64	33.38
GCA_001521855.1_ASM152185v1_genomic_prodigal_proteins	3144	GCA_003209035.1_ASM320903v1_genomic_prodigal_proteins	1803	582	52.74	12.93	32.28
GCA_001521855.1_ASM152185v1_genomic_prodigal_proteins	3144	GCA_003712085.1_ASM371208v1_genomic_prodigal_proteins	2745	1094	53.43	12.77	39.85
GCA_001521855.1_ASM152185v1_genomic_prodigal_proteins	3144	GCA_003212155.1_ASM321215v1_genomic_prodigal_proteins	262	58	54.37	15.25	22.14
GCA_001521855.1_ASM152185v1_genomic_prodigal_proteins	3144	GCA_001040845.1_ASM104084v1_genomic_prodigal_proteins	2917	1083	53.27	12.84	37.13
GCA_001521855.1_ASM152185v1_genomic_prodigal_proteins	3144	GCA_002018015.1_ASM201801v1_genomic_prodigal_proteins	1578	702	54.43	12.51	44.49
GCA_001521855.1_ASM152185v1_genomic_prodigal_proteins	3144	GCA_003211255.1_ASM321125v1_genomic_prodigal_proteins	1850	600	51.91	12.50	32.43
GCA_001521855.1_ASM152185v1_genomic_prodigal_proteins	3144	GCA_002721235.1_ASM272123v1_genomic_prodigal_proteins	3119	2735	98.08	4.77	87.69
GCA_001521855.1_ASM152185v1_genomic_prodigal_proteins	3144	GCA_009839305.1_ASM983930v1_genomic_prodigal_proteins	1816	682	54.48	12.50	37.56
GCA_001521855.1_ASM152185v1_genomic_prodigal_proteins	3144	GCA_011365345.1_ASM1136534v1_genomic_prodigal_proteins	2655	1074	53.76	12.86	40.45
GCA_001521855.1_ASM152185v1_genomic_prodigal_proteins	3144	GCA_001039265.1_ASM103926v1_genomic_prodigal_proteins	2832	809	55.47	12.88	28.57
GCA_001521855.1_ASM152185v1_genomic_prodigal_proteins	3144	GCA_001628325.1_ASM162832v1_genomic_prodigal_proteins	2129	960	53.49	12.45	45.09
GCA_001521855.1_ASM152185v1_genomic_prodigal_proteins	3144	GCA_003209215.1_ASM320921v1_genomic_prodigal_proteins	1679	557	53.96	13.12	33.17
GCA_001521855.1_ASM152185v1_genomic_prodigal_proteins	3144	GCA_002737305.1_ASM273730v1_genomic_prodigal_proteins	1951	864	54.65	12.68	44.28
GCA_001521855.1_ASM152185v1_genomic_prodigal_proteins	3144	GCA_003210515.1_ASM321051v1_genomic_prodigal_proteins	1673	617	52.50	12.74	36.88
GCA_001521855.1_ASM152185v1_genomic_prodigal_proteins	3144	GCA_011525445.1_ASM1152544v1_genomic_prodigal_proteins	3208	873	52.52	12.32	27.77
GCA_001521855.1_ASM152185v1_genomic_prodigal_proteins	3144	GCA_902599435.1_AG-916-N22_genomic_prodigal_proteins	793	274	55.25	13.02	34.55
GCA_001521855.1_ASM152185v1_genomic_prodigal_proteins	3144	GCA_003149585.1_ASM314958v1_genomic_prodigal_proteins	2600	1143	54.02	12.81	43.96
GCA_001521855.1_ASM152185v1_genomic_prodigal_proteins	3144	GCA_902560665.1_AG-905-O11_genomic_prodigal_proteins	401	98	55.96	14.12	24.44
GCA_001521855.1_ASM152185v1_genomic_prodigal_proteins	3144	GCA_003331795.1_ASM333179v1_genomic_prodigal_proteins	1948	896	53.65	12.97	46.00
GCA_001521855.1_ASM152185v1_genomic_prodigal_proteins	3144	GCA_002017955.1_ASM201795v1_genomic_prodigal_proteins	512	200	53.68	12.51	39.06
GCA_001521855.1_ASM152185v1_genomic_prodigal_proteins	3144	GCA_902584485.1_AG-912-O23_genomic_prodigal_proteins	535	149	53.39	13.33	27.85
GCA_001521855.1_ASM152185v1_genomic_prodigal_proteins	3144	GCA_902527915.1_AG-896-G19_genomic_prodigal_proteins	1003	340	53.47	13.32	33.90
GCA_001521855.1_ASM152185v1_genomic_prodigal_proteins	3144	GCA_902635365.1_AG-447-D19_genomic_prodigal_proteins	1690	509	53.86	12.74	30.12
GCA_001521855.1_ASM152185v1_genomic_prodigal_proteins	3144	GCA_900474085.1_UW86_genomic_prodigal_proteins	2403	1052	53.70	12.78	43.78
GCA_001521855.1_ASM152185v1_genomic_prodigal_proteins	3144	GCA_001885215.1_ASM188521v1_genomic_prodigal_proteins	2897	1178	53.73	12.52	40.66
GCA_001521855.1_ASM152185v1_genomic_prodigal_proteins	3144	GCA_902575935.1_AG-426-B22_genomic_prodigal_proteins	254	101	58.68	14.74	39.76
GCA_001521855.1_ASM152185v1_genomic_prodigal_proteins	3144	GCA_900474295.1_UW140_genomic_prodigal_proteins	2925	1086	53.43	12.89	37.13
GCA_001521855.1_ASM152185v1_genomic_prodigal_proteins	3144	GCA_003211565.1_ASM321156v1_genomic_prodigal_proteins	1489	485	53.25	13.11	32.57
GCA_001521855.1_ASM152185v1_genomic_prodigal_proteins	3144	GCA_003526105.1_ASM352610v1_genomic_prodigal_proteins	1581	569	54.29	12.48	35.99
GCA_001521855.1_ASM152185v1_genomic_prodigal_proteins	3144	GCA_002172935.1_ASM217293v1_genomic_prodigal_proteins	1996	835	52.65	12.52	41.83
GCA_001521855.1_ASM152185v1_genomic_prodigal_proteins	3144	GCA_003210335.1_ASM321033v1_genomic_prodigal_proteins	942	202	52.67	13.68	21.44
GCA_001521855.1_ASM152185v1_genomic_prodigal_proteins	3144	GCA_009846115.1_ASM984611v1_genomic_prodigal_proteins	2048	813	53.31	12.32	39.70
GCA_001521855.1_ASM152185v1_genomic_prodigal_proteins	3144	GCA_001693295.1_ASM169329v1_genomic_prodigal_proteins	3183	2808	97.95	4.98	89.31
GCA_001521855.1_ASM152185v1_genomic_prodigal_proteins	3144	GCA_900473965.1_UW179A_genomic_prodigal_proteins	3383	1077	53.36	13.00	34.26
GCA_001521855.1_ASM152185v1_genomic_prodigal_proteins	3144	GCA_003213755.1_ASM321375v1_genomic_prodigal_proteins	1050	384	53.44	13.28	36.57
GCA_001521855.1_ASM152185v1_genomic_prodigal_proteins	3144	GCA_003209155.1_ASM320915v1_genomic_prodigal_proteins	2305	802	53.22	12.73	34.79
GCA_001521855.1_ASM152185v1_genomic_prodigal_proteins	3144	GCA_003211515.1_ASM321151v1_genomic_prodigal_proteins	2451	711	52.56	12.87	29.01
GCA_001521855.1_ASM152185v1_genomic_prodigal_proteins	3144	GCA_002693285.1_ASM269328v1_genomic_prodigal_proteins	2440	930	52.90	12.72	38.11
GCA_001521855.1_ASM152185v1_genomic_prodigal_proteins	3144	GCA_003210555.1_ASM321055v1_genomic_prodigal_proteins	1847	588	53.07	12.64	31.84
GCA_001521855.1_ASM152185v1_genomic_prodigal_proteins	3144	GCA_000155595.1_ASM15559v1_genomic_prodigal_proteins	5270	1704	59.14	12.92	54.20
GCA_001521855.1_ASM152185v1_genomic_prodigal_proteins	3144	GCA_001007665.1_ASM100766v1_genomic_prodigal_proteins	2356	931	53.36	12.20	39.52
GCA_001521855.1_ASM152185v1_genomic_prodigal_proteins	3144	GCA_009919765.1_ASM991976v1_genomic_prodigal_proteins	2524	760	53.49	12.91	30.11
GCA_001521855.1_ASM152185v1_genomic_prodigal_proteins	3144	GCA_003331225.1_ASM333122v1_genomic_prodigal_proteins	2113	967	53.65	12.80	45.76
GCA_001521855.1_ASM152185v1_genomic_prodigal_proteins	3144	GCA_900177825.1_IMG-taxon_2708742468_annotated_assembly_genomic_prodigal_proteins	3317	2742	97.60	5.90	87.21
GCA_001521855.1_ASM152185v1_genomic_prodigal_proteins	3144	GCA_000195975.1_ASM19597v1_genomic_prodigal_proteins	2719	1089	53.48	12.89	40.05
GCA_001521855.1_ASM152185v1_genomic_prodigal_proteins	3144	GCA_902618885.1_AG-920-D15_genomic_prodigal_proteins	1178	417	53.97	13.34	35.40
GCA_001521855.1_ASM152185v1_genomic_prodigal_proteins	3144	GCA_003209165.1_ASM320916v1_genomic_prodigal_proteins	2711	928	53.68	12.87	34.23
GCA_001521855.1_ASM152185v1_genomic_prodigal_proteins	3144	GCA_001007625.1_ASM100762v1_genomic_prodigal_proteins	2478	817	54.20	12.27	32.97
GCA_001521855.1_ASM152185v1_genomic_prodigal_proteins	3144	GCA_008386235.1_ASM838623v1_genomic_prodigal_proteins	2571	1451	59.37	12.92	56.44
GCA_001521855.1_ASM152185v1_genomic_prodigal_proteins	3144	GCA_001631935.1_ASM163193v1_genomic_prodigal_proteins	3526	1059	53.44	12.88	33.68
GCA_001521855.1_ASM152185v1_genomic_prodigal_proteins	3144	GCA_002151525.1_ASM215152v1_genomic_prodigal_proteins	1628	780	53.79	12.77	47.91
GCA_001521855.1_ASM152185v1_genomic_prodigal_proteins	3144	GCA_000153065.1_ASM15306v1_genomic_prodigal_proteins	2704	1094	53.76	12.88	40.46
GCA_001521855.1_ASM152185v1_genomic_prodigal_proteins	3144	GCA_009837265.1_ASM983726v1_genomic_prodigal_proteins	2126	859	53.67	12.40	40.40
GCA_001521855.1_ASM152185v1_genomic_prodigal_proteins	3144	GCA_902533725.1_AG-898-C20_genomic_prodigal_proteins	421	96	55.36	15.10	22.80
GCA_001521855.1_ASM152185v1_genomic_prodigal_proteins	3144	GCA_002171075.2_ASM217107v2_genomic_prodigal_proteins	1919	818	52.34	12.54	42.63
GCA_001521855.1_ASM152185v1_genomic_prodigal_proteins	3144	GCA_002760395.1_ASM276039v1_genomic_prodigal_proteins	2661	1236	56.55	12.31	46.45
GCA_001521855.1_ASM152185v1_genomic_prodigal_proteins	3144	GCA_003209005.1_ASM320900v1_genomic_prodigal_proteins	2548	882	52.92	12.70	34.62
GCA_001521855.1_ASM152185v1_genomic_prodigal_proteins	3144	GCA_002017915.1_ASM201791v1_genomic_prodigal_proteins	623	270	55.29	13.18	43.34
GCA_001521855.1_ASM152185v1_genomic_prodigal_proteins	3144	GCA_900047545.1_m9_genomic_prodigal_proteins	1575	706	53.39	12.34	44.83
GCA_001521855.1_ASM152185v1_genomic_prodigal_proteins	3144	GCA_001632105.1_ASM163210v1_genomic_prodigal_proteins	3521	1060	53.37	12.81	33.72
GCA_001521855.1_ASM152185v1_genomic_prodigal_proteins	3144	GCA_004212765.1_ASM421276v1_genomic_prodigal_proteins	1162	540	53.11	12.58	46.47
GCA_001521855.1_ASM152185v1_genomic_prodigal_proteins	3144	GCA_002685515.1_ASM268551v1_genomic_prodigal_proteins	1286	566	52.08	12.50	44.01
GCA_001521855.1_ASM152185v1_genomic_prodigal_proteins	3144	GCA_007828135.1_ASM782813v1_genomic_prodigal_proteins	2917	1183	53.75	12.61	40.56
GCA_001521855.1_ASM152185v1_genomic_prodigal_proteins	3144	GCA_011047875.1_ASM1104787v1_genomic_prodigal_proteins	2810	1256	56.79	12.33	44.70
GCA_001521855.1_ASM152185v1_genomic_prodigal_proteins	3144	GCA_009840445.1_ASM984044v1_genomic_prodigal_proteins	2167	949	53.45	12.34	43.79
GCA_001521855.1_ASM152185v1_genomic_prodigal_proteins	3144	GCA_003210995.1_ASM321099v1_genomic_prodigal_proteins	2385	755	53.82	13.17	31.66
GCA_001521855.1_ASM152185v1_genomic_prodigal_proteins	3144	GCA_902616995.1_AG-919-L20_genomic_prodigal_proteins	654	210	53.13	13.44	32.11
GCA_001521855.1_ASM152185v1_genomic_prodigal_proteins	3144	GCA_009845825.1_ASM984582v1_genomic_prodigal_proteins	2168	807	53.85	12.18	37.22
GCA_001521855.1_ASM152185v1_genomic_prodigal_proteins	3144	GCA_000515235.1_ASM51523v1_genomic_prodigal_proteins	2873	1076	53.47	12.84	37.45
GCA_001521855.1_ASM152185v1_genomic_prodigal_proteins	3144	GCA_003523965.1_ASM352396v1_genomic_prodigal_proteins	1735	616	54.76	12.34	35.50
GCA_001521855.1_ASM152185v1_genomic_prodigal_proteins	3144	GCA_002684175.1_ASM268417v1_genomic_prodigal_proteins	1819	629	51.98	12.10	34.58
GCA_001521855.1_ASM152185v1_genomic_prodigal_proteins	3144	GCA_011523295.1_ASM1152329v1_genomic_prodigal_proteins	2851	822	51.48	12.18	28.83
GCA_001521855.1_ASM152185v1_genomic_prodigal_proteins	3144	GCA_003211015.1_ASM321101v1_genomic_prodigal_proteins	2128	776	52.76	12.82	36.47
GCA_001521855.1_ASM152185v1_genomic_prodigal_proteins	3144	GCA_002006815.1_ASM200681v1_genomic_prodigal_proteins	1973	989	53.68	12.86	50.13
GCA_000013225.1_ASM1322v1_genomic_prodigal_proteins	2844	GCA_000332275.1_ASM33227v1_genomic_prodigal_proteins	4564	1534	60.63	12.52	53.94
GCA_000013225.1_ASM1322v1_genomic_prodigal_proteins	2844	GCA_002252675.1_ASM225267v1_genomic_prodigal_proteins	3295	1006	53.25	12.15	35.37
GCA_000013225.1_ASM1322v1_genomic_prodigal_proteins	2844	GCA_000737575.1_ASM73757v1_genomic_prodigal_proteins	2662	937	53.20	12.01	35.20
GCA_000013225.1_ASM1322v1_genomic_prodigal_proteins	2844	GCA_902596755.1_AG-916-D19_genomic_prodigal_proteins	1152	331	53.21	11.87	28.73
GCA_000013225.1_ASM1322v1_genomic_prodigal_proteins	2844	GCA_003211455.1_ASM321145v1_genomic_prodigal_proteins	1186	310	52.40	11.96	26.14
GCA_000013225.1_ASM1322v1_genomic_prodigal_proteins	2844	GCA_003208755.1_ASM320875v1_genomic_prodigal_proteins	690	196	53.43	12.44	28.41
GCA_000013225.1_ASM1322v1_genomic_prodigal_proteins	2844	GCA_007571215.1_ASM757121v1_genomic_prodigal_proteins	1879	822	52.80	11.79	43.75
GCA_000013225.1_ASM1322v1_genomic_prodigal_proteins	2844	GCA_001007635.1_ASM100763v1_genomic_prodigal_proteins	2333	777	52.79	11.77	33.30
GCA_000013225.1_ASM1322v1_genomic_prodigal_proteins	2844	GCA_000179255.1_ASM17925v1_genomic_prodigal_proteins	2729	958	53.40	11.83	35.10
GCA_000013225.1_ASM1322v1_genomic_prodigal_proteins	2844	GCA_003208975.1_ASM320897v1_genomic_prodigal_proteins	1804	491	52.03	11.71	27.22
GCA_000013225.1_ASM1322v1_genomic_prodigal_proteins	2844	GCA_012103655.1_ASM1210365v1_genomic_prodigal_proteins	2723	914	52.73	11.99	33.57
GCA_000013225.1_ASM1322v1_genomic_prodigal_proteins	2844	GCA_902582045.1_AG-912-B07_genomic_prodigal_proteins	196	26	52.00	12.16	13.27
GCA_000013225.1_ASM1322v1_genomic_prodigal_proteins	2844	GCA_000153045.1_ASM15304v1_genomic_prodigal_proteins	3242	1009	53.27	12.07	35.48
GCA_000013225.1_ASM1322v1_genomic_prodigal_proteins	2844	GCA_902549675.1_AG-903-B09_genomic_prodigal_proteins	836	236	53.64	12.98	28.23
GCA_000013225.1_ASM1322v1_genomic_prodigal_proteins	2844	GCA_002018045.1_ASM201804v1_genomic_prodigal_proteins	1559	666	53.62	11.70	42.72
GCA_000013225.1_ASM1322v1_genomic_prodigal_proteins	2844	GCA_004213055.1_ASM421305v1_genomic_prodigal_proteins	2241	842	52.66	11.81	37.57
GCA_000013225.1_ASM1322v1_genomic_prodigal_proteins	2844	GCA_007571085.1_ASM757108v1_genomic_prodigal_proteins	1784	806	52.86	11.81	45.18
GCA_000013225.1_ASM1322v1_genomic_prodigal_proteins	2844	GCA_009839805.1_ASM983980v1_genomic_prodigal_proteins	1848	530	51.87	11.15	28.68
GCA_000013225.1_ASM1322v1_genomic_prodigal_proteins	2844	GCA_003210375.1_ASM321037v1_genomic_prodigal_proteins	2155	663	52.22	12.01	30.77
GCA_000013225.1_ASM1322v1_genomic_prodigal_proteins	2844	GCA_004332415.1_ASM433241v1_genomic_prodigal_proteins	2408	939	53.20	12.04	39.00
GCA_000013225.1_ASM1322v1_genomic_prodigal_proteins	2844	GCA_009836025.1_ASM983602v1_genomic_prodigal_proteins	2290	836	53.14	11.67	36.51
GCA_000013225.1_ASM1322v1_genomic_prodigal_proteins	2844	GCA_009843455.1_ASM984345v1_genomic_prodigal_proteins	2423	826	52.90	11.49	34.09
GCA_000013225.1_ASM1322v1_genomic_prodigal_proteins	2844	GCA_009843485.1_ASM984348v1_genomic_prodigal_proteins	2158	830	53.23	11.71	38.46
GCA_000013225.1_ASM1322v1_genomic_prodigal_proteins	2844	GCA_003283135.1_ASM328313v1_genomic_prodigal_proteins	459	82	51.40	13.28	17.86
GCA_000013225.1_ASM1322v1_genomic_prodigal_proteins	2844	GCA_902635485.1_AG-447-G23_genomic_prodigal_proteins	327	66	51.74	13.94	20.18
GCA_000013225.1_ASM1322v1_genomic_prodigal_proteins	2844	GCA_002760415.1_ASM276041v1_genomic_prodigal_proteins	2670	2285	87.65	8.56	85.58
GCA_000013225.1_ASM1322v1_genomic_prodigal_proteins	2844	GCA_002754935.1_ASM275493v1_genomic_prodigal_proteins	2664	1230	58.18	12.57	46.17
GCA_000013225.1_ASM1322v1_genomic_prodigal_proteins	2844	GCA_002171685.2_ASM217168v2_genomic_prodigal_proteins	811	378	53.05	11.57	46.61
GCA_000013225.1_ASM1322v1_genomic_prodigal_proteins	2844	GCA_000737595.1_ASM73759v1_genomic_prodigal_proteins	2774	942	52.97	12.05	33.96
GCA_000013225.1_ASM1322v1_genomic_prodigal_proteins	2844	GCA_003331785.1_ASM333178v1_genomic_prodigal_proteins	2125	853	52.73	11.91	40.14
GCA_000013225.1_ASM1322v1_genomic_prodigal_proteins	2844	GCA_009842265.1_ASM984226v1_genomic_prodigal_proteins	2398	830	53.11	11.69	34.61
GCA_000013225.1_ASM1322v1_genomic_prodigal_proteins	2844	GCA_902579345.1_AG-911-L15_genomic_prodigal_proteins	248	42	54.01	14.16	16.94
GCA_000013225.1_ASM1322v1_genomic_prodigal_proteins	2844	GCA_000011345.1_ASM1134v1_genomic_prodigal_proteins	2520	1287	58.22	12.96	51.07
GCA_000013225.1_ASM1322v1_genomic_prodigal_proteins	2844	GCA_003210705.1_ASM321070v1_genomic_prodigal_proteins	2244	638	52.73	11.87	28.43
GCA_000013225.1_ASM1322v1_genomic_prodigal_proteins	2844	GCA_000019485.1_ASM1948v1_genomic_prodigal_proteins	3233	1289	56.59	12.29	45.32
GCA_000013225.1_ASM1322v1_genomic_prodigal_proteins	2844	GCA_003283055.1_ASM328305v1_genomic_prodigal_proteins	482	34	49.69	13.48	7.05
GCA_000013225.1_ASM1322v1_genomic_prodigal_proteins	2844	GCA_000010065.1_ASM1006v1_genomic_prodigal_proteins	2691	1220	57.38	12.19	45.34
GCA_000013225.1_ASM1322v1_genomic_prodigal_proteins	2844	GCA_000316685.1_ASM31668v1_genomic_prodigal_proteins	3706	1306	57.55	12.37	45.92
GCA_000013225.1_ASM1322v1_genomic_prodigal_proteins	2844	GCA_000063525.1_ASM6352v1_genomic_prodigal_proteins	2540	957	53.46	12.06	37.68
GCA_000013225.1_ASM1322v1_genomic_prodigal_proteins	2844	GCA_003283165.1_ASM328316v1_genomic_prodigal_proteins	217	43	51.66	11.68	19.82
GCA_000013225.1_ASM1322v1_genomic_prodigal_proteins	2844	GCA_902540675.1_AG-359-E22_genomic_prodigal_proteins	584	152	52.51	12.88	26.03
GCA_000013225.1_ASM1322v1_genomic_prodigal_proteins	2844	GCA_011055065.1_ASM1105506v1_genomic_prodigal_proteins	2792	2302	94.11	5.40	82.45
GCA_000013225.1_ASM1322v1_genomic_prodigal_proteins	2844	GCA_000013205.1_ASM1320v1_genomic_prodigal_proteins	2750	2318	87.76	8.50	84.29
GCA_000013225.1_ASM1322v1_genomic_prodigal_proteins	2844	GCA_003539795.1_ASM353979v1_genomic_prodigal_proteins	2284	673	51.83	11.10	29.47
GCA_000013225.1_ASM1322v1_genomic_prodigal_proteins	2844	GCA_002171995.1_ASM217199v1_genomic_prodigal_proteins	1978	553	51.61	11.87	27.96
GCA_000013225.1_ASM1322v1_genomic_prodigal_proteins	2844	GCA_011523835.1_ASM1152383v1_genomic_prodigal_proteins	2468	785	52.47	11.82	31.81
GCA_000013225.1_ASM1322v1_genomic_prodigal_proteins	2844	GCA_002172175.1_ASM217217v1_genomic_prodigal_proteins	1846	605	51.92	11.63	32.77
GCA_000013225.1_ASM1322v1_genomic_prodigal_proteins	2844	GCA_003208835.1_ASM320883v1_genomic_prodigal_proteins	2208	683	52.48	11.90	30.93
GCA_000013225.1_ASM1322v1_genomic_prodigal_proteins	2844	GCA_902589915.1_AG-914-F20_genomic_prodigal_proteins	373	70	53.37	13.02	18.77
GCA_000013225.1_ASM1322v1_genomic_prodigal_proteins	2844	GCA_000485815.1_ASM48581v1_genomic_prodigal_proteins	3083	1245	56.57	12.26	43.78
GCA_000013225.1_ASM1322v1_genomic_prodigal_proteins	2844	GCA_008807075.1_ASM880707v1_genomic_prodigal_proteins	2925	950	53.04	12.26	33.40
GCA_000013225.1_ASM1322v1_genomic_prodigal_proteins	2844	GCA_000179235.2_ASM17923v2_genomic_prodigal_proteins	3071	1016	53.34	11.99	35.72
GCA_000013225.1_ASM1322v1_genomic_prodigal_proteins	2844	GCA_003210795.1_ASM321079v1_genomic_prodigal_proteins	2239	685	52.27	11.67	30.59
GCA_000013225.1_ASM1322v1_genomic_prodigal_proteins	2844	GCA_002706715.1_ASM270671v1_genomic_prodigal_proteins	1148	496	53.18	11.97	43.21
GCA_000013225.1_ASM1322v1_genomic_prodigal_proteins	2844	GCA_003331245.1_ASM333124v1_genomic_prodigal_proteins	2021	769	52.79	11.48	38.05
GCA_000013225.1_ASM1322v1_genomic_prodigal_proteins	2844	GCA_009843385.1_ASM984338v1_genomic_prodigal_proteins	2085	696	53.39	11.64	33.38
GCA_000013225.1_ASM1322v1_genomic_prodigal_proteins	2844	GCA_003211205.1_ASM321120v1_genomic_prodigal_proteins	2288	714	52.48	12.03	31.21
GCA_000013225.1_ASM1322v1_genomic_prodigal_proteins	2844	GCA_000063505.1_ASM6350v1_genomic_prodigal_proteins	2558	935	52.83	12.23	36.55
GCA_000013225.1_ASM1322v1_genomic_prodigal_proteins	2844	GCA_900474245.1_UW179B_genomic_prodigal_proteins	2743	927	52.72	12.03	33.80
GCA_000013225.1_ASM1322v1_genomic_prodigal_proteins	2844	GCA_003210345.1_ASM321034v1_genomic_prodigal_proteins	1256	347	52.00	12.33	27.63
GCA_000013225.1_ASM1322v1_genomic_prodigal_proteins	2844	GCA_003210315.1_ASM321031v1_genomic_prodigal_proteins	1815	553	52.62	12.18	30.47
GCA_000013225.1_ASM1322v1_genomic_prodigal_proteins	2844	GCA_009836155.1_ASM983615v1_genomic_prodigal_proteins	1947	798	53.24	11.44	40.99
GCA_000013225.1_ASM1322v1_genomic_prodigal_proteins	2844	GCA_003990665.2_ASM399066v2_genomic_prodigal_proteins	2499	1292	58.25	12.91	51.70
GCA_000013225.1_ASM1322v1_genomic_prodigal_proteins	2844	GCA_003209135.1_ASM320913v1_genomic_prodigal_proteins	1719	492	51.70	11.53	28.62
GCA_000013225.1_ASM1322v1_genomic_prodigal_proteins	2844	GCA_009845105.1_ASM984510v1_genomic_prodigal_proteins	1941	656	52.92	11.61	33.80
GCA_000013225.1_ASM1322v1_genomic_prodigal_proteins	2844	GCA_002690325.1_ASM269032v1_genomic_prodigal_proteins	2554	826	51.82	11.66	32.34
GCA_000013225.1_ASM1322v1_genomic_prodigal_proteins	2844	GCA_000161795.2_ASM16179v2_genomic_prodigal_proteins	2407	916	53.25	11.99	38.06
GCA_000013225.1_ASM1322v1_genomic_prodigal_proteins	2844	GCA_004211895.1_ASM421189v1_genomic_prodigal_proteins	954	387	52.71	11.96	40.57
GCA_000013225.1_ASM1322v1_genomic_prodigal_proteins	2844	GCA_003210735.1_ASM321073v1_genomic_prodigal_proteins	2337	670	52.05	12.05	28.67
GCA_000013225.1_ASM1322v1_genomic_prodigal_proteins	2844	GCA_003209035.1_ASM320903v1_genomic_prodigal_proteins	1803	507	52.39	12.07	28.12
GCA_000013225.1_ASM1322v1_genomic_prodigal_proteins	2844	GCA_003712085.1_ASM371208v1_genomic_prodigal_proteins	2745	928	52.97	11.88	33.81
GCA_000013225.1_ASM1322v1_genomic_prodigal_proteins	2844	GCA_003212155.1_ASM321215v1_genomic_prodigal_proteins	262	53	51.67	14.31	20.23
GCA_000013225.1_ASM1322v1_genomic_prodigal_proteins	2844	GCA_001040845.1_ASM104084v1_genomic_prodigal_proteins	2917	939	52.57	12.16	33.02
GCA_000013225.1_ASM1322v1_genomic_prodigal_proteins	2844	GCA_002018015.1_ASM201801v1_genomic_prodigal_proteins	1578	653	53.59	11.91	41.38
GCA_000013225.1_ASM1322v1_genomic_prodigal_proteins	2844	GCA_003211255.1_ASM321125v1_genomic_prodigal_proteins	1850	501	51.83	11.63	27.08
GCA_000013225.1_ASM1322v1_genomic_prodigal_proteins	2844	GCA_002721235.1_ASM272123v1_genomic_prodigal_proteins	3119	1281	56.64	12.22	45.04
GCA_000013225.1_ASM1322v1_genomic_prodigal_proteins	2844	GCA_009839305.1_ASM983930v1_genomic_prodigal_proteins	1816	616	54.03	11.99	33.92
GCA_000013225.1_ASM1322v1_genomic_prodigal_proteins	2844	GCA_011365345.1_ASM1136534v1_genomic_prodigal_proteins	2655	923	53.20	12.02	34.76
GCA_000013225.1_ASM1322v1_genomic_prodigal_proteins	2844	GCA_001039265.1_ASM103926v1_genomic_prodigal_proteins	2832	707	55.11	12.45	24.96
GCA_000013225.1_ASM1322v1_genomic_prodigal_proteins	2844	GCA_001628325.1_ASM162832v1_genomic_prodigal_proteins	2129	836	52.91	11.63	39.27
GCA_000013225.1_ASM1322v1_genomic_prodigal_proteins	2844	GCA_003209215.1_ASM320921v1_genomic_prodigal_proteins	1679	468	53.29	12.23	27.87
GCA_000013225.1_ASM1322v1_genomic_prodigal_proteins	2844	GCA_002737305.1_ASM273730v1_genomic_prodigal_proteins	1951	771	53.94	11.98	39.52
GCA_000013225.1_ASM1322v1_genomic_prodigal_proteins	2844	GCA_003210515.1_ASM321051v1_genomic_prodigal_proteins	1673	522	52.42	12.31	31.20
GCA_000013225.1_ASM1322v1_genomic_prodigal_proteins	2844	GCA_011525445.1_ASM1152544v1_genomic_prodigal_proteins	3208	745	51.76	11.78	26.20
GCA_000013225.1_ASM1322v1_genomic_prodigal_proteins	2844	GCA_902599435.1_AG-916-N22_genomic_prodigal_proteins	793	247	54.18	12.20	31.15
GCA_000013225.1_ASM1322v1_genomic_prodigal_proteins	2844	GCA_003149585.1_ASM314958v1_genomic_prodigal_proteins	2600	986	53.45	11.89	37.92
GCA_000013225.1_ASM1322v1_genomic_prodigal_proteins	2844	GCA_902560665.1_AG-905-O11_genomic_prodigal_proteins	401	86	54.13	14.07	21.45
GCA_000013225.1_ASM1322v1_genomic_prodigal_proteins	2844	GCA_003331795.1_ASM333179v1_genomic_prodigal_proteins	1948	776	53.13	12.12	39.84
GCA_000013225.1_ASM1322v1_genomic_prodigal_proteins	2844	GCA_002017955.1_ASM201795v1_genomic_prodigal_proteins	512	181	52.13	11.51	35.35
GCA_000013225.1_ASM1322v1_genomic_prodigal_proteins	2844	GCA_902584485.1_AG-912-O23_genomic_prodigal_proteins	535	129	52.16	12.33	24.11
GCA_000013225.1_ASM1322v1_genomic_prodigal_proteins	2844	GCA_902527915.1_AG-896-G19_genomic_prodigal_proteins	1003	271	53.11	12.37	27.02
GCA_000013225.1_ASM1322v1_genomic_prodigal_proteins	2844	GCA_902635365.1_AG-447-D19_genomic_prodigal_proteins	1690	443	52.95	12.03	26.21
GCA_000013225.1_ASM1322v1_genomic_prodigal_proteins	2844	GCA_900474085.1_UW86_genomic_prodigal_proteins	2403	917	53.21	11.97	38.16
GCA_000013225.1_ASM1322v1_genomic_prodigal_proteins	2844	GCA_001885215.1_ASM188521v1_genomic_prodigal_proteins	2897	984	53.27	12.00	34.60
GCA_000013225.1_ASM1322v1_genomic_prodigal_proteins	2844	GCA_902575935.1_AG-426-B22_genomic_prodigal_proteins	254	89	58.65	13.41	35.04
GCA_000013225.1_ASM1322v1_genomic_prodigal_proteins	2844	GCA_900474295.1_UW140_genomic_prodigal_proteins	2925	939	52.77	12.00	33.02
GCA_000013225.1_ASM1322v1_genomic_prodigal_proteins	2844	GCA_003211565.1_ASM321156v1_genomic_prodigal_proteins	1489	424	52.74	12.48	28.48
GCA_000013225.1_ASM1322v1_genomic_prodigal_proteins	2844	GCA_003526105.1_ASM352610v1_genomic_prodigal_proteins	1581	508	53.13	11.47	32.13
GCA_000013225.1_ASM1322v1_genomic_prodigal_proteins	2844	GCA_002172935.1_ASM217293v1_genomic_prodigal_proteins	1996	709	52.26	11.87	35.52
GCA_000013225.1_ASM1322v1_genomic_prodigal_proteins	2844	GCA_003210335.1_ASM321033v1_genomic_prodigal_proteins	942	167	51.98	12.42	17.73
GCA_000013225.1_ASM1322v1_genomic_prodigal_proteins	2844	GCA_009846115.1_ASM984611v1_genomic_prodigal_proteins	2048	720	53.21	11.65	35.16
GCA_000013225.1_ASM1322v1_genomic_prodigal_proteins	2844	GCA_001693295.1_ASM169329v1_genomic_prodigal_proteins	3183	1281	56.61	12.32	45.04
GCA_000013225.1_ASM1322v1_genomic_prodigal_proteins	2844	GCA_900473965.1_UW179A_genomic_prodigal_proteins	3383	920	52.84	11.99	32.35
GCA_000013225.1_ASM1322v1_genomic_prodigal_proteins	2844	GCA_003213755.1_ASM321375v1_genomic_prodigal_proteins	1050	328	52.87	12.76	31.24
GCA_000013225.1_ASM1322v1_genomic_prodigal_proteins	2844	GCA_003209155.1_ASM320915v1_genomic_prodigal_proteins	2305	694	52.80	11.69	30.11
GCA_000013225.1_ASM1322v1_genomic_prodigal_proteins	2844	GCA_003211515.1_ASM321151v1_genomic_prodigal_proteins	2451	612	52.09	12.11	24.97
GCA_000013225.1_ASM1322v1_genomic_prodigal_proteins	2844	GCA_002693285.1_ASM269328v1_genomic_prodigal_proteins	2440	804	52.36	11.91	32.95
GCA_000013225.1_ASM1322v1_genomic_prodigal_proteins	2844	GCA_003210555.1_ASM321055v1_genomic_prodigal_proteins	1847	513	52.49	11.92	27.77
GCA_000013225.1_ASM1322v1_genomic_prodigal_proteins	2844	GCA_000155595.1_ASM15559v1_genomic_prodigal_proteins	5270	1362	55.91	12.14	47.89
GCA_000013225.1_ASM1322v1_genomic_prodigal_proteins	2844	GCA_001007665.1_ASM100766v1_genomic_prodigal_proteins	2356	874	52.42	11.77	37.10
GCA_000013225.1_ASM1322v1_genomic_prodigal_proteins	2844	GCA_009919765.1_ASM991976v1_genomic_prodigal_proteins	2524	629	52.99	11.80	24.92
GCA_000013225.1_ASM1322v1_genomic_prodigal_proteins	2844	GCA_003331225.1_ASM333122v1_genomic_prodigal_proteins	2113	831	53.50	11.75	39.33
GCA_000013225.1_ASM1322v1_genomic_prodigal_proteins	2844	GCA_900177825.1_IMG-taxon_2708742468_annotated_assembly_genomic_prodigal_proteins	3317	1274	56.60	12.32	44.80
GCA_000013225.1_ASM1322v1_genomic_prodigal_proteins	2844	GCA_000195975.1_ASM19597v1_genomic_prodigal_proteins	2719	928	53.02	12.00	34.13
GCA_000013225.1_ASM1322v1_genomic_prodigal_proteins	2844	GCA_902618885.1_AG-920-D15_genomic_prodigal_proteins	1178	340	53.92	12.44	28.86
GCA_000013225.1_ASM1322v1_genomic_prodigal_proteins	2844	GCA_003209165.1_ASM320916v1_genomic_prodigal_proteins	2711	791	52.99	12.14	29.18
GCA_000013225.1_ASM1322v1_genomic_prodigal_proteins	2844	GCA_001007625.1_ASM100762v1_genomic_prodigal_proteins	2478	755	52.93	11.78	30.47
GCA_000013225.1_ASM1322v1_genomic_prodigal_proteins	2844	GCA_008386235.1_ASM838623v1_genomic_prodigal_proteins	2571	1315	58.02	12.91	51.15
GCA_000013225.1_ASM1322v1_genomic_prodigal_proteins	2844	GCA_001631935.1_ASM163193v1_genomic_prodigal_proteins	3526	925	52.75	11.96	32.52
GCA_000013225.1_ASM1322v1_genomic_prodigal_proteins	2844	GCA_002151525.1_ASM215152v1_genomic_prodigal_proteins	1628	692	53.24	11.95	42.51
GCA_000013225.1_ASM1322v1_genomic_prodigal_proteins	2844	GCA_000153065.1_ASM15306v1_genomic_prodigal_proteins	2704	950	53.31	12.09	35.13
GCA_000013225.1_ASM1322v1_genomic_prodigal_proteins	2844	GCA_009837265.1_ASM983726v1_genomic_prodigal_proteins	2126	775	53.34	11.79	36.45
GCA_000013225.1_ASM1322v1_genomic_prodigal_proteins	2844	GCA_902533725.1_AG-898-C20_genomic_prodigal_proteins	421	84	53.77	13.85	19.95
GCA_000013225.1_ASM1322v1_genomic_prodigal_proteins	2844	GCA_002171075.2_ASM217107v2_genomic_prodigal_proteins	1919	679	52.21	11.39	35.38
GCA_000013225.1_ASM1322v1_genomic_prodigal_proteins	2844	GCA_002760395.1_ASM276039v1_genomic_prodigal_proteins	2661	2250	87.81	8.30	84.55
GCA_000013225.1_ASM1322v1_genomic_prodigal_proteins	2844	GCA_003209005.1_ASM320900v1_genomic_prodigal_proteins	2548	765	52.26	11.83	30.02
GCA_000013225.1_ASM1322v1_genomic_prodigal_proteins	2844	GCA_002017915.1_ASM201791v1_genomic_prodigal_proteins	623	251	54.97	12.20	40.29
GCA_000013225.1_ASM1322v1_genomic_prodigal_proteins	2844	GCA_900047545.1_m9_genomic_prodigal_proteins	1575	651	52.69	11.82	41.33
GCA_000013225.1_ASM1322v1_genomic_prodigal_proteins	2844	GCA_001632105.1_ASM163210v1_genomic_prodigal_proteins	3521	923	52.68	11.90	32.45
GCA_000013225.1_ASM1322v1_genomic_prodigal_proteins	2844	GCA_004212765.1_ASM421276v1_genomic_prodigal_proteins	1162	448	53.32	12.07	38.55
GCA_000013225.1_ASM1322v1_genomic_prodigal_proteins	2844	GCA_002685515.1_ASM268551v1_genomic_prodigal_proteins	1286	479	52.42	11.43	37.25
GCA_000013225.1_ASM1322v1_genomic_prodigal_proteins	2844	GCA_007828135.1_ASM782813v1_genomic_prodigal_proteins	2917	986	53.34	12.10	34.67
GCA_000013225.1_ASM1322v1_genomic_prodigal_proteins	2844	GCA_011047875.1_ASM1104787v1_genomic_prodigal_proteins	2810	2362	94.16	5.45	84.06
GCA_000013225.1_ASM1322v1_genomic_prodigal_proteins	2844	GCA_009840445.1_ASM984044v1_genomic_prodigal_proteins	2167	849	53.22	11.74	39.18
GCA_000013225.1_ASM1322v1_genomic_prodigal_proteins	2844	GCA_003210995.1_ASM321099v1_genomic_prodigal_proteins	2385	657	52.92	12.13	27.55
GCA_000013225.1_ASM1322v1_genomic_prodigal_proteins	2844	GCA_902616995.1_AG-919-L20_genomic_prodigal_proteins	654	170	53.29	13.42	25.99
GCA_000013225.1_ASM1322v1_genomic_prodigal_proteins	2844	GCA_009845825.1_ASM984582v1_genomic_prodigal_proteins	2168	744	53.18	11.55	34.32
GCA_000013225.1_ASM1322v1_genomic_prodigal_proteins	2844	GCA_000515235.1_ASM51523v1_genomic_prodigal_proteins	2873	939	52.76	12.03	33.02
GCA_000013225.1_ASM1322v1_genomic_prodigal_proteins	2844	GCA_003523965.1_ASM352396v1_genomic_prodigal_proteins	1735	576	53.67	11.63	33.20
GCA_000013225.1_ASM1322v1_genomic_prodigal_proteins	2844	GCA_002684175.1_ASM268417v1_genomic_prodigal_proteins	1819	553	51.68	11.25	30.40
GCA_000013225.1_ASM1322v1_genomic_prodigal_proteins	2844	GCA_011523295.1_ASM1152329v1_genomic_prodigal_proteins	2851	693	51.22	11.37	24.37
GCA_000013225.1_ASM1322v1_genomic_prodigal_proteins	2844	GCA_003211015.1_ASM321101v1_genomic_prodigal_proteins	2128	681	52.23	11.74	32.00
GCA_000013225.1_ASM1322v1_genomic_prodigal_proteins	2844	GCA_002006815.1_ASM200681v1_genomic_prodigal_proteins	1973	874	52.99	11.89	44.30
GCA_009835965.1_ASM983596v1_genomic_prodigal_proteins	2105	GCA_012269695.1_ASM1226969v1_genomic_prodigal_proteins	2043	841	61.48	12.07	41.16
GCA_009835965.1_ASM983596v1_genomic_prodigal_proteins	2105	GCA_000737535.1_ASM73753v1_genomic_prodigal_proteins	3013	1160	61.25	12.76	55.11
GCA_009835965.1_ASM983596v1_genomic_prodigal_proteins	2105	GCA_000586015.1_SynSpo.0_genomic_prodigal_proteins	1907	1156	86.16	8.61	60.62
GCA_009835965.1_ASM983596v1_genomic_prodigal_proteins	2105	GCA_002760345.1_ASM276034v1_genomic_prodigal_proteins	2731	835	53.15	11.67	39.67
GCA_009835965.1_ASM983596v1_genomic_prodigal_proteins	2105	GCA_000013225.1_ASM1322v1_genomic_prodigal_proteins	2844	829	53.17	11.69	39.38
GCA_009835965.1_ASM983596v1_genomic_prodigal_proteins	2105	GCA_000332275.1_ASM33227v1_genomic_prodigal_proteins	4564	890	52.53	11.75	42.28
GCA_009835965.1_ASM983596v1_genomic_prodigal_proteins	2105	GCA_002252675.1_ASM225267v1_genomic_prodigal_proteins	3295	1178	62.59	12.30	55.96
GCA_009835965.1_ASM983596v1_genomic_prodigal_proteins	2105	GCA_000737575.1_ASM73757v1_genomic_prodigal_proteins	2662	1181	61.61	12.69	56.10
GCA_009835965.1_ASM983596v1_genomic_prodigal_proteins	2105	GCA_902596755.1_AG-916-D19_genomic_prodigal_proteins	1152	416	60.53	12.93	36.11
GCA_009835965.1_ASM983596v1_genomic_prodigal_proteins	2105	GCA_003211455.1_ASM321145v1_genomic_prodigal_proteins	1186	411	60.40	12.99	34.65
GCA_009835965.1_ASM983596v1_genomic_prodigal_proteins	2105	GCA_003208755.1_ASM320875v1_genomic_prodigal_proteins	690	248	60.53	12.82	35.94
GCA_009835965.1_ASM983596v1_genomic_prodigal_proteins	2105	GCA_007571215.1_ASM757121v1_genomic_prodigal_proteins	1879	1375	79.06	9.74	73.18
GCA_009835965.1_ASM983596v1_genomic_prodigal_proteins	2105	GCA_001007635.1_ASM100763v1_genomic_prodigal_proteins	2333	1349	85.67	8.99	64.09
GCA_009835965.1_ASM983596v1_genomic_prodigal_proteins	2105	GCA_000179255.1_ASM17925v1_genomic_prodigal_proteins	2729	1183	62.13	12.41	56.20
GCA_009835965.1_ASM983596v1_genomic_prodigal_proteins	2105	GCA_003208975.1_ASM320897v1_genomic_prodigal_proteins	1804	603	60.05	12.75	33.43
GCA_009835965.1_ASM983596v1_genomic_prodigal_proteins	2105	GCA_012103655.1_ASM1210365v1_genomic_prodigal_proteins	2723	1164	60.96	12.74	55.30
GCA_009835965.1_ASM983596v1_genomic_prodigal_proteins	2105	GCA_902582045.1_AG-912-B07_genomic_prodigal_proteins	196	41	59.76	12.81	20.92
GCA_009835965.1_ASM983596v1_genomic_prodigal_proteins	2105	GCA_000153045.1_ASM15304v1_genomic_prodigal_proteins	3242	1204	62.35	12.34	57.20
GCA_009835965.1_ASM983596v1_genomic_prodigal_proteins	2105	GCA_902549675.1_AG-903-B09_genomic_prodigal_proteins	836	298	61.31	13.02	35.65
GCA_009835965.1_ASM983596v1_genomic_prodigal_proteins	2105	GCA_002018045.1_ASM201804v1_genomic_prodigal_proteins	1559	1114	86.14	8.85	71.46
GCA_009835965.1_ASM983596v1_genomic_prodigal_proteins	2105	GCA_004213055.1_ASM421305v1_genomic_prodigal_proteins	2241	1055	61.47	12.67	50.12
GCA_009835965.1_ASM983596v1_genomic_prodigal_proteins	2105	GCA_007571085.1_ASM757108v1_genomic_prodigal_proteins	1784	1351	79.08	9.75	75.73
GCA_009835965.1_ASM983596v1_genomic_prodigal_proteins	2105	GCA_009839805.1_ASM983980v1_genomic_prodigal_proteins	1848	1048	85.82	8.71	56.71
GCA_009835965.1_ASM983596v1_genomic_prodigal_proteins	2105	GCA_003210375.1_ASM321037v1_genomic_prodigal_proteins	2155	859	60.14	12.77	40.81
GCA_009835965.1_ASM983596v1_genomic_prodigal_proteins	2105	GCA_004332415.1_ASM433241v1_genomic_prodigal_proteins	2408	1167	61.80	12.78	55.44
GCA_009835965.1_ASM983596v1_genomic_prodigal_proteins	2105	GCA_009836025.1_ASM983602v1_genomic_prodigal_proteins	2290	1497	87.07	8.41	71.12
GCA_009835965.1_ASM983596v1_genomic_prodigal_proteins	2105	GCA_009843455.1_ASM984345v1_genomic_prodigal_proteins	2423	1472	87.20	8.32	69.93
GCA_009835965.1_ASM983596v1_genomic_prodigal_proteins	2105	GCA_009843485.1_ASM984348v1_genomic_prodigal_proteins	2158	1866	99.26	2.82	88.65
GCA_009835965.1_ASM983596v1_genomic_prodigal_proteins	2105	GCA_003283135.1_ASM328313v1_genomic_prodigal_proteins	459	87	61.03	12.55	18.95
GCA_009835965.1_ASM983596v1_genomic_prodigal_proteins	2105	GCA_902635485.1_AG-447-G23_genomic_prodigal_proteins	327	72	60.75	15.08	22.02
GCA_009835965.1_ASM983596v1_genomic_prodigal_proteins	2105	GCA_002760415.1_ASM276041v1_genomic_prodigal_proteins	2670	822	53.28	11.65	39.05
GCA_009835965.1_ASM983596v1_genomic_prodigal_proteins	2105	GCA_002754935.1_ASM275493v1_genomic_prodigal_proteins	2664	875	54.13	12.13	41.57
GCA_009835965.1_ASM983596v1_genomic_prodigal_proteins	2105	GCA_002171685.2_ASM217168v2_genomic_prodigal_proteins	811	470	60.74	12.39	57.95
GCA_009835965.1_ASM983596v1_genomic_prodigal_proteins	2105	GCA_000737595.1_ASM73759v1_genomic_prodigal_proteins	2774	1191	61.08	12.83	56.58
GCA_009835965.1_ASM983596v1_genomic_prodigal_proteins	2105	GCA_003331785.1_ASM333178v1_genomic_prodigal_proteins	2125	1088	60.79	12.71	51.69
GCA_009835965.1_ASM983596v1_genomic_prodigal_proteins	2105	GCA_009842265.1_ASM984226v1_genomic_prodigal_proteins	2398	1487	87.24	8.12	70.64
GCA_009835965.1_ASM983596v1_genomic_prodigal_proteins	2105	GCA_902579345.1_AG-911-L15_genomic_prodigal_proteins	248	61	58.99	15.24	24.60
GCA_009835965.1_ASM983596v1_genomic_prodigal_proteins	2105	GCA_000011345.1_ASM1134v1_genomic_prodigal_proteins	2520	912	54.34	12.19	43.33
GCA_009835965.1_ASM983596v1_genomic_prodigal_proteins	2105	GCA_003210705.1_ASM321070v1_genomic_prodigal_proteins	2244	838	60.69	12.89	39.81
GCA_009835965.1_ASM983596v1_genomic_prodigal_proteins	2105	GCA_000019485.1_ASM1948v1_genomic_prodigal_proteins	3233	931	53.43	12.29	44.23
GCA_009835965.1_ASM983596v1_genomic_prodigal_proteins	2105	GCA_003283055.1_ASM328305v1_genomic_prodigal_proteins	482	44	59.35	14.98	9.13
GCA_009835965.1_ASM983596v1_genomic_prodigal_proteins	2105	GCA_000010065.1_ASM1006v1_genomic_prodigal_proteins	2691	987	55.58	12.62	46.89
GCA_009835965.1_ASM983596v1_genomic_prodigal_proteins	2105	GCA_000316685.1_ASM31668v1_genomic_prodigal_proteins	3706	935	53.54	12.20	44.42
GCA_009835965.1_ASM983596v1_genomic_prodigal_proteins	2105	GCA_000063525.1_ASM6352v1_genomic_prodigal_proteins	2540	1213	62.19	12.46	57.62
GCA_009835965.1_ASM983596v1_genomic_prodigal_proteins	2105	GCA_003283165.1_ASM328316v1_genomic_prodigal_proteins	217	48	59.46	11.92	22.12
GCA_009835965.1_ASM983596v1_genomic_prodigal_proteins	2105	GCA_902540675.1_AG-359-E22_genomic_prodigal_proteins	584	192	62.84	14.16	32.88
GCA_009835965.1_ASM983596v1_genomic_prodigal_proteins	2105	GCA_011055065.1_ASM1105506v1_genomic_prodigal_proteins	2792	797	53.10	11.71	37.86
GCA_009835965.1_ASM983596v1_genomic_prodigal_proteins	2105	GCA_000013205.1_ASM1320v1_genomic_prodigal_proteins	2750	835	53.20	11.68	39.67
GCA_009835965.1_ASM983596v1_genomic_prodigal_proteins	2105	GCA_003539795.1_ASM353979v1_genomic_prodigal_proteins	2284	887	59.90	12.18	42.14
GCA_009835965.1_ASM983596v1_genomic_prodigal_proteins	2105	GCA_002171995.1_ASM217199v1_genomic_prodigal_proteins	1978	687	60.95	12.60	34.73
GCA_009835965.1_ASM983596v1_genomic_prodigal_proteins	2105	GCA_011523835.1_ASM1152383v1_genomic_prodigal_proteins	2468	1004	60.85	12.75	47.70
GCA_009835965.1_ASM983596v1_genomic_prodigal_proteins	2105	GCA_002172175.1_ASM217217v1_genomic_prodigal_proteins	1846	760	60.37	12.38	41.17
GCA_009835965.1_ASM983596v1_genomic_prodigal_proteins	2105	GCA_003208835.1_ASM320883v1_genomic_prodigal_proteins	2208	868	60.66	13.04	41.24
GCA_009835965.1_ASM983596v1_genomic_prodigal_proteins	2105	GCA_902589915.1_AG-914-F20_genomic_prodigal_proteins	373	98	62.23	13.00	26.27
GCA_009835965.1_ASM983596v1_genomic_prodigal_proteins	2105	GCA_000485815.1_ASM48581v1_genomic_prodigal_proteins	3083	904	53.31	12.45	42.95
GCA_009835965.1_ASM983596v1_genomic_prodigal_proteins	2105	GCA_008807075.1_ASM880707v1_genomic_prodigal_proteins	2925	1155	62.02	12.66	54.87
GCA_009835965.1_ASM983596v1_genomic_prodigal_proteins	2105	GCA_000179235.2_ASM17923v2_genomic_prodigal_proteins	3071	1207	62.33	12.40	57.34
GCA_009835965.1_ASM983596v1_genomic_prodigal_proteins	2105	GCA_003210795.1_ASM321079v1_genomic_prodigal_proteins	2239	885	60.67	12.57	42.04
GCA_009835965.1_ASM983596v1_genomic_prodigal_proteins	2105	GCA_002706715.1_ASM270671v1_genomic_prodigal_proteins	1148	624	60.98	12.83	54.36
GCA_009835965.1_ASM983596v1_genomic_prodigal_proteins	2105	GCA_003331245.1_ASM333124v1_genomic_prodigal_proteins	2021	967	61.26	12.17	47.85
GCA_009835965.1_ASM983596v1_genomic_prodigal_proteins	2105	GCA_009843385.1_ASM984338v1_genomic_prodigal_proteins	2085	1270	87.02	8.58	60.91
GCA_009835965.1_ASM983596v1_genomic_prodigal_proteins	2105	GCA_003211205.1_ASM321120v1_genomic_prodigal_proteins	2288	906	60.81	12.90	43.04
GCA_009835965.1_ASM983596v1_genomic_prodigal_proteins	2105	GCA_000063505.1_ASM6350v1_genomic_prodigal_proteins	2558	1163	61.34	12.96	55.25
GCA_009835965.1_ASM983596v1_genomic_prodigal_proteins	2105	GCA_900474245.1_UW179B_genomic_prodigal_proteins	2743	1167	60.96	12.73	55.44
GCA_009835965.1_ASM983596v1_genomic_prodigal_proteins	2105	GCA_003210345.1_ASM321034v1_genomic_prodigal_proteins	1256	486	58.97	12.68	38.69
GCA_009835965.1_ASM983596v1_genomic_prodigal_proteins	2105	GCA_003210315.1_ASM321031v1_genomic_prodigal_proteins	1815	700	60.37	12.67	38.57
GCA_009835965.1_ASM983596v1_genomic_prodigal_proteins	2105	GCA_009836155.1_ASM983615v1_genomic_prodigal_proteins	1947	1391	87.40	7.98	71.44
GCA_009835965.1_ASM983596v1_genomic_prodigal_proteins	2105	GCA_003990665.2_ASM399066v2_genomic_prodigal_proteins	2499	912	54.38	12.13	43.33
GCA_009835965.1_ASM983596v1_genomic_prodigal_proteins	2105	GCA_003209135.1_ASM320913v1_genomic_prodigal_proteins	1719	610	59.92	12.66	35.49
GCA_009835965.1_ASM983596v1_genomic_prodigal_proteins	2105	GCA_009845105.1_ASM984510v1_genomic_prodigal_proteins	1941	1202	86.75	8.45	61.93
GCA_009835965.1_ASM983596v1_genomic_prodigal_proteins	2105	GCA_002690325.1_ASM269032v1_genomic_prodigal_proteins	2554	1069	60.10	12.56	50.78
GCA_009835965.1_ASM983596v1_genomic_prodigal_proteins	2105	GCA_000161795.2_ASM16179v2_genomic_prodigal_proteins	2407	1180	61.22	12.79	56.06
GCA_009835965.1_ASM983596v1_genomic_prodigal_proteins	2105	GCA_004211895.1_ASM421189v1_genomic_prodigal_proteins	954	491	61.12	12.53	51.47
GCA_009835965.1_ASM983596v1_genomic_prodigal_proteins	2105	GCA_003210735.1_ASM321073v1_genomic_prodigal_proteins	2337	865	60.24	12.80	41.09
GCA_009835965.1_ASM983596v1_genomic_prodigal_proteins	2105	GCA_003209035.1_ASM320903v1_genomic_prodigal_proteins	1803	647	60.80	12.70	35.88
GCA_009835965.1_ASM983596v1_genomic_prodigal_proteins	2105	GCA_003712085.1_ASM371208v1_genomic_prodigal_proteins	2745	1201	61.19	12.71	57.05
GCA_009835965.1_ASM983596v1_genomic_prodigal_proteins	2105	GCA_003212155.1_ASM321215v1_genomic_prodigal_proteins	262	74	60.35	15.55	28.24
GCA_009835965.1_ASM983596v1_genomic_prodigal_proteins	2105	GCA_001040845.1_ASM104084v1_genomic_prodigal_proteins	2917	1184	60.67	12.80	56.25
GCA_009835965.1_ASM983596v1_genomic_prodigal_proteins	2105	GCA_002018015.1_ASM201801v1_genomic_prodigal_proteins	1578	1106	86.21	8.61	70.09
GCA_009835965.1_ASM983596v1_genomic_prodigal_proteins	2105	GCA_003211255.1_ASM321125v1_genomic_prodigal_proteins	1850	663	60.14	12.52	35.84
GCA_009835965.1_ASM983596v1_genomic_prodigal_proteins	2105	GCA_002721235.1_ASM272123v1_genomic_prodigal_proteins	3119	932	53.35	12.33	44.28
GCA_009835965.1_ASM983596v1_genomic_prodigal_proteins	2105	GCA_009839305.1_ASM983930v1_genomic_prodigal_proteins	1816	1384	99.10	3.30	76.21
GCA_009835965.1_ASM983596v1_genomic_prodigal_proteins	2105	GCA_011365345.1_ASM1136534v1_genomic_prodigal_proteins	2655	1178	61.25	12.76	55.96
GCA_009835965.1_ASM983596v1_genomic_prodigal_proteins	2105	GCA_001039265.1_ASM103926v1_genomic_prodigal_proteins	2832	829	63.79	12.39	39.38
GCA_009835965.1_ASM983596v1_genomic_prodigal_proteins	2105	GCA_001628325.1_ASM162832v1_genomic_prodigal_proteins	2129	1077	61.37	12.56	51.16
GCA_009835965.1_ASM983596v1_genomic_prodigal_proteins	2105	GCA_003209215.1_ASM320921v1_genomic_prodigal_proteins	1679	596	60.78	12.78	35.50
GCA_009835965.1_ASM983596v1_genomic_prodigal_proteins	2105	GCA_002737305.1_ASM273730v1_genomic_prodigal_proteins	1951	941	62.58	12.45	48.23
GCA_009835965.1_ASM983596v1_genomic_prodigal_proteins	2105	GCA_003210515.1_ASM321051v1_genomic_prodigal_proteins	1673	657	60.27	12.81	39.27
GCA_009835965.1_ASM983596v1_genomic_prodigal_proteins	2105	GCA_011525445.1_ASM1152544v1_genomic_prodigal_proteins	3208	957	59.78	12.56	45.46
GCA_009835965.1_ASM983596v1_genomic_prodigal_proteins	2105	GCA_902599435.1_AG-916-N22_genomic_prodigal_proteins	793	284	62.50	12.55	35.81
GCA_009835965.1_ASM983596v1_genomic_prodigal_proteins	2105	GCA_003149585.1_ASM314958v1_genomic_prodigal_proteins	2600	1192	62.10	12.37	56.63
GCA_009835965.1_ASM983596v1_genomic_prodigal_proteins	2105	GCA_902560665.1_AG-905-O11_genomic_prodigal_proteins	401	118	59.96	13.29	29.43
GCA_009835965.1_ASM983596v1_genomic_prodigal_proteins	2105	GCA_003331795.1_ASM333179v1_genomic_prodigal_proteins	1948	984	62.18	12.54	50.51
GCA_009835965.1_ASM983596v1_genomic_prodigal_proteins	2105	GCA_002017955.1_ASM201795v1_genomic_prodigal_proteins	512	317	85.49	8.86	61.91
GCA_009835965.1_ASM983596v1_genomic_prodigal_proteins	2105	GCA_902584485.1_AG-912-O23_genomic_prodigal_proteins	535	154	59.99	13.40	28.79
GCA_009835965.1_ASM983596v1_genomic_prodigal_proteins	2105	GCA_902527915.1_AG-896-G19_genomic_prodigal_proteins	1003	360	61.63	12.84	35.89
GCA_009835965.1_ASM983596v1_genomic_prodigal_proteins	2105	GCA_902635365.1_AG-447-D19_genomic_prodigal_proteins	1690	566	60.90	13.20	33.49
GCA_009835965.1_ASM983596v1_genomic_prodigal_proteins	2105	GCA_900474085.1_UW86_genomic_prodigal_proteins	2403	1180	61.30	12.79	56.06
GCA_009835965.1_ASM983596v1_genomic_prodigal_proteins	2105	GCA_001885215.1_ASM188521v1_genomic_prodigal_proteins	2897	1207	62.31	12.15	57.34
GCA_009835965.1_ASM983596v1_genomic_prodigal_proteins	2105	GCA_902575935.1_AG-426-B22_genomic_prodigal_proteins	254	117	63.12	14.72	46.06
GCA_009835965.1_ASM983596v1_genomic_prodigal_proteins	2105	GCA_900474295.1_UW140_genomic_prodigal_proteins	2925	1183	61.32	12.81	56.20
GCA_009835965.1_ASM983596v1_genomic_prodigal_proteins	2105	GCA_003211565.1_ASM321156v1_genomic_prodigal_proteins	1489	520	61.34	12.88	34.92
GCA_009835965.1_ASM983596v1_genomic_prodigal_proteins	2105	GCA_003526105.1_ASM352610v1_genomic_prodigal_proteins	1581	653	61.94	12.76	41.30
GCA_009835965.1_ASM983596v1_genomic_prodigal_proteins	2105	GCA_002172935.1_ASM217293v1_genomic_prodigal_proteins	1996	913	60.80	12.63	45.74
GCA_009835965.1_ASM983596v1_genomic_prodigal_proteins	2105	GCA_003210335.1_ASM321033v1_genomic_prodigal_proteins	942	205	60.36	13.23	21.76
GCA_009835965.1_ASM983596v1_genomic_prodigal_proteins	2105	GCA_009846115.1_ASM984611v1_genomic_prodigal_proteins	2048	1653	99.15	3.24	80.71
GCA_009835965.1_ASM983596v1_genomic_prodigal_proteins	2105	GCA_001693295.1_ASM169329v1_genomic_prodigal_proteins	3183	935	53.30	12.35	44.42
GCA_009835965.1_ASM983596v1_genomic_prodigal_proteins	2105	GCA_900473965.1_UW179A_genomic_prodigal_proteins	3383	1159	60.99	12.80	55.06
GCA_009835965.1_ASM983596v1_genomic_prodigal_proteins	2105	GCA_003213755.1_ASM321375v1_genomic_prodigal_proteins	1050	420	61.92	12.69	40.00
GCA_009835965.1_ASM983596v1_genomic_prodigal_proteins	2105	GCA_003209155.1_ASM320915v1_genomic_prodigal_proteins	2305	883	60.69	12.64	41.95
GCA_009835965.1_ASM983596v1_genomic_prodigal_proteins	2105	GCA_003211515.1_ASM321151v1_genomic_prodigal_proteins	2451	749	60.50	12.66	35.58
GCA_009835965.1_ASM983596v1_genomic_prodigal_proteins	2105	GCA_002693285.1_ASM269328v1_genomic_prodigal_proteins	2440	1011	60.79	12.74	48.03
GCA_009835965.1_ASM983596v1_genomic_prodigal_proteins	2105	GCA_003210555.1_ASM321055v1_genomic_prodigal_proteins	1847	635	60.14	12.76	34.38
GCA_009835965.1_ASM983596v1_genomic_prodigal_proteins	2105	GCA_000155595.1_ASM15559v1_genomic_prodigal_proteins	5270	956	52.66	12.21	45.42
GCA_009835965.1_ASM983596v1_genomic_prodigal_proteins	2105	GCA_001007665.1_ASM100766v1_genomic_prodigal_proteins	2356	1512	87.96	7.64	71.83
GCA_009835965.1_ASM983596v1_genomic_prodigal_proteins	2105	GCA_009919765.1_ASM991976v1_genomic_prodigal_proteins	2524	819	62.17	12.55	38.91
GCA_009835965.1_ASM983596v1_genomic_prodigal_proteins	2105	GCA_003331225.1_ASM333122v1_genomic_prodigal_proteins	2113	1055	62.39	12.39	50.12
GCA_009835965.1_ASM983596v1_genomic_prodigal_proteins	2105	GCA_900177825.1_IMG-taxon_2708742468_annotated_assembly_genomic_prodigal_proteins	3317	925	53.38	12.31	43.94
GCA_009835965.1_ASM983596v1_genomic_prodigal_proteins	2105	GCA_000195975.1_ASM19597v1_genomic_prodigal_proteins	2719	1189	61.31	12.67	56.48
GCA_009835965.1_ASM983596v1_genomic_prodigal_proteins	2105	GCA_902618885.1_AG-920-D15_genomic_prodigal_proteins	1178	445	61.83	13.37	37.78
GCA_009835965.1_ASM983596v1_genomic_prodigal_proteins	2105	GCA_003209165.1_ASM320916v1_genomic_prodigal_proteins	2711	1004	61.06	12.81	47.70
GCA_009835965.1_ASM983596v1_genomic_prodigal_proteins	2105	GCA_001007625.1_ASM100762v1_genomic_prodigal_proteins	2478	1350	86.47	8.64	64.13
GCA_009835965.1_ASM983596v1_genomic_prodigal_proteins	2105	GCA_008386235.1_ASM838623v1_genomic_prodigal_proteins	2571	916	54.29	12.16	43.52
GCA_009835965.1_ASM983596v1_genomic_prodigal_proteins	2105	GCA_001631935.1_ASM163193v1_genomic_prodigal_proteins	3526	1161	61.09	12.68	55.15
GCA_009835965.1_ASM983596v1_genomic_prodigal_proteins	2105	GCA_002151525.1_ASM215152v1_genomic_prodigal_proteins	1628	842	61.22	12.77	51.72
GCA_009835965.1_ASM983596v1_genomic_prodigal_proteins	2105	GCA_000153065.1_ASM15306v1_genomic_prodigal_proteins	2704	1166	62.08	12.75	55.39
GCA_009835965.1_ASM983596v1_genomic_prodigal_proteins	2105	GCA_009837265.1_ASM983726v1_genomic_prodigal_proteins	2126	1746	99.22	3.00	82.95
GCA_009835965.1_ASM983596v1_genomic_prodigal_proteins	2105	GCA_902533725.1_AG-898-C20_genomic_prodigal_proteins	421	92	62.67	13.77	21.85
GCA_009835965.1_ASM983596v1_genomic_prodigal_proteins	2105	GCA_002171075.2_ASM217107v2_genomic_prodigal_proteins	1919	904	60.54	12.18	47.11
GCA_009835965.1_ASM983596v1_genomic_prodigal_proteins	2105	GCA_002760395.1_ASM276039v1_genomic_prodigal_proteins	2661	814	53.25	11.71	38.67
GCA_009835965.1_ASM983596v1_genomic_prodigal_proteins	2105	GCA_003209005.1_ASM320900v1_genomic_prodigal_proteins	2548	962	60.71	12.72	45.70
GCA_009835965.1_ASM983596v1_genomic_prodigal_proteins	2105	GCA_002017915.1_ASM201791v1_genomic_prodigal_proteins	623	402	86.96	8.93	64.53
GCA_009835965.1_ASM983596v1_genomic_prodigal_proteins	2105	GCA_900047545.1_m9_genomic_prodigal_proteins	1575	1166	91.02	6.28	74.03
GCA_009835965.1_ASM983596v1_genomic_prodigal_proteins	2105	GCA_001632105.1_ASM163210v1_genomic_prodigal_proteins	3521	1167	61.06	12.72	55.44
GCA_009835965.1_ASM983596v1_genomic_prodigal_proteins	2105	GCA_004212765.1_ASM421276v1_genomic_prodigal_proteins	1162	578	61.48	12.59	49.74
GCA_009835965.1_ASM983596v1_genomic_prodigal_proteins	2105	GCA_002685515.1_ASM268551v1_genomic_prodigal_proteins	1286	620	60.27	12.29	48.21
GCA_009835965.1_ASM983596v1_genomic_prodigal_proteins	2105	GCA_007828135.1_ASM782813v1_genomic_prodigal_proteins	2917	1208	62.29	12.17	57.39
GCA_009835965.1_ASM983596v1_genomic_prodigal_proteins	2105	GCA_011047875.1_ASM1104787v1_genomic_prodigal_proteins	2810	820	53.29	11.68	38.95
GCA_009835965.1_ASM983596v1_genomic_prodigal_proteins	2105	GCA_009840445.1_ASM984044v1_genomic_prodigal_proteins	2167	1951	99.93	0.56	92.68
GCA_009835965.1_ASM983596v1_genomic_prodigal_proteins	2105	GCA_003210995.1_ASM321099v1_genomic_prodigal_proteins	2385	845	60.98	12.86	40.14
GCA_009835965.1_ASM983596v1_genomic_prodigal_proteins	2105	GCA_902616995.1_AG-919-L20_genomic_prodigal_proteins	654	216	60.61	12.77	33.03
GCA_009835965.1_ASM983596v1_genomic_prodigal_proteins	2105	GCA_009845825.1_ASM984582v1_genomic_prodigal_proteins	2168	1314	87.21	8.48	62.42
GCA_009835965.1_ASM983596v1_genomic_prodigal_proteins	2105	GCA_000515235.1_ASM51523v1_genomic_prodigal_proteins	2873	1170	61.10	12.73	55.58
GCA_009835965.1_ASM983596v1_genomic_prodigal_proteins	2105	GCA_003523965.1_ASM352396v1_genomic_prodigal_proteins	1735	991	85.51	9.27	57.12
GCA_009835965.1_ASM983596v1_genomic_prodigal_proteins	2105	GCA_002684175.1_ASM268417v1_genomic_prodigal_proteins	1819	725	59.16	12.41	39.86
GCA_009835965.1_ASM983596v1_genomic_prodigal_proteins	2105	GCA_011523295.1_ASM1152329v1_genomic_prodigal_proteins	2851	890	59.76	12.32	42.28
GCA_009835965.1_ASM983596v1_genomic_prodigal_proteins	2105	GCA_003211015.1_ASM321101v1_genomic_prodigal_proteins	2128	854	60.64	12.48	40.57
GCA_009835965.1_ASM983596v1_genomic_prodigal_proteins	2105	GCA_002006815.1_ASM200681v1_genomic_prodigal_proteins	1973	1058	61.68	12.56	53.62
GCA_002760345.1_ASM276034v1_genomic_prodigal_proteins	2731	GCA_000013225.1_ASM1322v1_genomic_prodigal_proteins	2844	2282	87.74	8.36	83.56
GCA_002760345.1_ASM276034v1_genomic_prodigal_proteins	2731	GCA_000332275.1_ASM33227v1_genomic_prodigal_proteins	4564	1478	60.65	12.49	54.12
GCA_002760345.1_ASM276034v1_genomic_prodigal_proteins	2731	GCA_002252675.1_ASM225267v1_genomic_prodigal_proteins	3295	1005	53.53	12.11	36.80
GCA_002760345.1_ASM276034v1_genomic_prodigal_proteins	2731	GCA_000737575.1_ASM73757v1_genomic_prodigal_proteins	2662	930	53.36	11.95	34.94
GCA_002760345.1_ASM276034v1_genomic_prodigal_proteins	2731	GCA_902596755.1_AG-916-D19_genomic_prodigal_proteins	1152	339	53.18	11.77	29.43
GCA_002760345.1_ASM276034v1_genomic_prodigal_proteins	2731	GCA_003211455.1_ASM321145v1_genomic_prodigal_proteins	1186	301	52.79	11.85	25.38
GCA_002760345.1_ASM276034v1_genomic_prodigal_proteins	2731	GCA_003208755.1_ASM320875v1_genomic_prodigal_proteins	690	191	53.26	12.01	27.68
GCA_002760345.1_ASM276034v1_genomic_prodigal_proteins	2731	GCA_007571215.1_ASM757121v1_genomic_prodigal_proteins	1879	830	52.89	11.69	44.17
GCA_002760345.1_ASM276034v1_genomic_prodigal_proteins	2731	GCA_001007635.1_ASM100763v1_genomic_prodigal_proteins	2333	785	52.96	11.59	33.65
GCA_002760345.1_ASM276034v1_genomic_prodigal_proteins	2731	GCA_000179255.1_ASM17925v1_genomic_prodigal_proteins	2729	955	53.53	11.81	34.99
GCA_002760345.1_ASM276034v1_genomic_prodigal_proteins	2731	GCA_003208975.1_ASM320897v1_genomic_prodigal_proteins	1804	480	52.29	11.66	26.61
GCA_002760345.1_ASM276034v1_genomic_prodigal_proteins	2731	GCA_012103655.1_ASM1210365v1_genomic_prodigal_proteins	2723	932	52.55	12.00	34.23
GCA_002760345.1_ASM276034v1_genomic_prodigal_proteins	2731	GCA_902582045.1_AG-912-B07_genomic_prodigal_proteins	196	26	50.82	12.87	13.27
GCA_002760345.1_ASM276034v1_genomic_prodigal_proteins	2731	GCA_000153045.1_ASM15304v1_genomic_prodigal_proteins	3242	1002	53.60	12.02	36.69
GCA_002760345.1_ASM276034v1_genomic_prodigal_proteins	2731	GCA_902549675.1_AG-903-B09_genomic_prodigal_proteins	836	231	53.82	12.88	27.63
GCA_002760345.1_ASM276034v1_genomic_prodigal_proteins	2731	GCA_002018045.1_ASM201804v1_genomic_prodigal_proteins	1559	671	53.78	11.57	43.04
GCA_002760345.1_ASM276034v1_genomic_prodigal_proteins	2731	GCA_004213055.1_ASM421305v1_genomic_prodigal_proteins	2241	840	52.77	11.70	37.48
GCA_002760345.1_ASM276034v1_genomic_prodigal_proteins	2731	GCA_007571085.1_ASM757108v1_genomic_prodigal_proteins	1784	812	52.96	11.74	45.52
GCA_002760345.1_ASM276034v1_genomic_prodigal_proteins	2731	GCA_009839805.1_ASM983980v1_genomic_prodigal_proteins	1848	543	51.72	11.10	29.38
GCA_002760345.1_ASM276034v1_genomic_prodigal_proteins	2731	GCA_003210375.1_ASM321037v1_genomic_prodigal_proteins	2155	671	52.21	12.02	31.14
GCA_002760345.1_ASM276034v1_genomic_prodigal_proteins	2731	GCA_004332415.1_ASM433241v1_genomic_prodigal_proteins	2408	940	53.31	11.93	39.04
GCA_002760345.1_ASM276034v1_genomic_prodigal_proteins	2731	GCA_009836025.1_ASM983602v1_genomic_prodigal_proteins	2290	844	53.09	11.63	36.86
GCA_002760345.1_ASM276034v1_genomic_prodigal_proteins	2731	GCA_009843455.1_ASM984345v1_genomic_prodigal_proteins	2423	832	52.96	11.40	34.34
GCA_002760345.1_ASM276034v1_genomic_prodigal_proteins	2731	GCA_009843485.1_ASM984348v1_genomic_prodigal_proteins	2158	835	53.31	11.63	38.69
GCA_002760345.1_ASM276034v1_genomic_prodigal_proteins	2731	GCA_003283135.1_ASM328313v1_genomic_prodigal_proteins	459	79	52.52	12.91	17.21
GCA_002760345.1_ASM276034v1_genomic_prodigal_proteins	2731	GCA_902635485.1_AG-447-G23_genomic_prodigal_proteins	327	63	52.22	13.29	19.27
GCA_002760345.1_ASM276034v1_genomic_prodigal_proteins	2731	GCA_002760415.1_ASM276041v1_genomic_prodigal_proteins	2670	2420	98.65	4.28	90.64
GCA_002760345.1_ASM276034v1_genomic_prodigal_proteins	2731	GCA_002754935.1_ASM275493v1_genomic_prodigal_proteins	2664	1223	58.33	12.61	45.91
GCA_002760345.1_ASM276034v1_genomic_prodigal_proteins	2731	GCA_002171685.2_ASM217168v2_genomic_prodigal_proteins	811	371	53.25	11.50	45.75
GCA_002760345.1_ASM276034v1_genomic_prodigal_proteins	2731	GCA_000737595.1_ASM73759v1_genomic_prodigal_proteins	2774	935	53.17	11.94	34.24
GCA_002760345.1_ASM276034v1_genomic_prodigal_proteins	2731	GCA_003331785.1_ASM333178v1_genomic_prodigal_proteins	2125	853	52.85	11.74	40.14
GCA_002760345.1_ASM276034v1_genomic_prodigal_proteins	2731	GCA_009842265.1_ASM984226v1_genomic_prodigal_proteins	2398	832	53.24	11.57	34.70
GCA_002760345.1_ASM276034v1_genomic_prodigal_proteins	2731	GCA_902579345.1_AG-911-L15_genomic_prodigal_proteins	248	41	54.14	15.69	16.53
GCA_002760345.1_ASM276034v1_genomic_prodigal_proteins	2731	GCA_000011345.1_ASM1134v1_genomic_prodigal_proteins	2520	1273	58.52	12.78	50.52
GCA_002760345.1_ASM276034v1_genomic_prodigal_proteins	2731	GCA_003210705.1_ASM321070v1_genomic_prodigal_proteins	2244	636	52.68	11.78	28.34
GCA_002760345.1_ASM276034v1_genomic_prodigal_proteins	2731	GCA_000019485.1_ASM1948v1_genomic_prodigal_proteins	3233	1268	56.52	12.34	46.43
GCA_002760345.1_ASM276034v1_genomic_prodigal_proteins	2731	GCA_003283055.1_ASM328305v1_genomic_prodigal_proteins	482	34	49.57	13.54	7.05
GCA_002760345.1_ASM276034v1_genomic_prodigal_proteins	2731	GCA_000010065.1_ASM1006v1_genomic_prodigal_proteins	2691	1214	57.43	12.10	45.11
GCA_002760345.1_ASM276034v1_genomic_prodigal_proteins	2731	GCA_000316685.1_ASM31668v1_genomic_prodigal_proteins	3706	1277	57.62	12.33	46.76
GCA_002760345.1_ASM276034v1_genomic_prodigal_proteins	2731	GCA_000063525.1_ASM6352v1_genomic_prodigal_proteins	2540	949	53.69	12.00	37.36
GCA_002760345.1_ASM276034v1_genomic_prodigal_proteins	2731	GCA_003283165.1_ASM328316v1_genomic_prodigal_proteins	217	41	52.63	11.65	18.89
GCA_002760345.1_ASM276034v1_genomic_prodigal_proteins	2731	GCA_902540675.1_AG-359-E22_genomic_prodigal_proteins	584	151	52.94	12.84	25.86
GCA_002760345.1_ASM276034v1_genomic_prodigal_proteins	2731	GCA_011055065.1_ASM1105506v1_genomic_prodigal_proteins	2792	2150	86.89	8.08	78.73
GCA_002760345.1_ASM276034v1_genomic_prodigal_proteins	2731	GCA_000013205.1_ASM1320v1_genomic_prodigal_proteins	2750	2586	99.38	2.88	94.69
GCA_002760345.1_ASM276034v1_genomic_prodigal_proteins	2731	GCA_003539795.1_ASM353979v1_genomic_prodigal_proteins	2284	673	51.93	11.02	29.47
GCA_002760345.1_ASM276034v1_genomic_prodigal_proteins	2731	GCA_002171995.1_ASM217199v1_genomic_prodigal_proteins	1978	548	51.67	11.76	27.70
GCA_002760345.1_ASM276034v1_genomic_prodigal_proteins	2731	GCA_011523835.1_ASM1152383v1_genomic_prodigal_proteins	2468	786	52.54	11.73	31.85
GCA_002760345.1_ASM276034v1_genomic_prodigal_proteins	2731	GCA_002172175.1_ASM217217v1_genomic_prodigal_proteins	1846	601	52.00	11.57	32.56
GCA_002760345.1_ASM276034v1_genomic_prodigal_proteins	2731	GCA_003208835.1_ASM320883v1_genomic_prodigal_proteins	2208	682	52.59	11.80	30.89
GCA_002760345.1_ASM276034v1_genomic_prodigal_proteins	2731	GCA_902589915.1_AG-914-F20_genomic_prodigal_proteins	373	72	53.54	13.13	19.30
GCA_002760345.1_ASM276034v1_genomic_prodigal_proteins	2731	GCA_000485815.1_ASM48581v1_genomic_prodigal_proteins	3083	1214	56.64	12.28	44.45
GCA_002760345.1_ASM276034v1_genomic_prodigal_proteins	2731	GCA_008807075.1_ASM880707v1_genomic_prodigal_proteins	2925	944	53.33	12.13	34.57
GCA_002760345.1_ASM276034v1_genomic_prodigal_proteins	2731	GCA_000179235.2_ASM17923v2_genomic_prodigal_proteins	3071	1007	53.60	12.00	36.87
GCA_002760345.1_ASM276034v1_genomic_prodigal_proteins	2731	GCA_003210795.1_ASM321079v1_genomic_prodigal_proteins	2239	677	52.42	11.51	30.24
GCA_002760345.1_ASM276034v1_genomic_prodigal_proteins	2731	GCA_002706715.1_ASM270671v1_genomic_prodigal_proteins	1148	494	53.26	11.83	43.03
GCA_002760345.1_ASM276034v1_genomic_prodigal_proteins	2731	GCA_003331245.1_ASM333124v1_genomic_prodigal_proteins	2021	762	52.92	11.37	37.70
GCA_002760345.1_ASM276034v1_genomic_prodigal_proteins	2731	GCA_009843385.1_ASM984338v1_genomic_prodigal_proteins	2085	700	53.54	11.57	33.57
GCA_002760345.1_ASM276034v1_genomic_prodigal_proteins	2731	GCA_003211205.1_ASM321120v1_genomic_prodigal_proteins	2288	707	52.52	11.90	30.90
GCA_002760345.1_ASM276034v1_genomic_prodigal_proteins	2731	GCA_000063505.1_ASM6350v1_genomic_prodigal_proteins	2558	941	52.82	12.21	36.79
GCA_002760345.1_ASM276034v1_genomic_prodigal_proteins	2731	GCA_900474245.1_UW179B_genomic_prodigal_proteins	2743	940	52.64	11.97	34.42
GCA_002760345.1_ASM276034v1_genomic_prodigal_proteins	2731	GCA_003210345.1_ASM321034v1_genomic_prodigal_proteins	1256	358	52.02	12.28	28.50
GCA_002760345.1_ASM276034v1_genomic_prodigal_proteins	2731	GCA_003210315.1_ASM321031v1_genomic_prodigal_proteins	1815	554	52.65	12.12	30.52
GCA_002760345.1_ASM276034v1_genomic_prodigal_proteins	2731	GCA_009836155.1_ASM983615v1_genomic_prodigal_proteins	1947	799	53.32	11.39	41.04
GCA_002760345.1_ASM276034v1_genomic_prodigal_proteins	2731	GCA_003990665.2_ASM399066v2_genomic_prodigal_proteins	2499	1278	58.57	12.72	51.14
GCA_002760345.1_ASM276034v1_genomic_prodigal_proteins	2731	GCA_003209135.1_ASM320913v1_genomic_prodigal_proteins	1719	487	52.01	11.34	28.33
GCA_002760345.1_ASM276034v1_genomic_prodigal_proteins	2731	GCA_009845105.1_ASM984510v1_genomic_prodigal_proteins	1941	661	52.97	11.50	34.05
GCA_002760345.1_ASM276034v1_genomic_prodigal_proteins	2731	GCA_002690325.1_ASM269032v1_genomic_prodigal_proteins	2554	825	51.84	11.48	32.30
GCA_002760345.1_ASM276034v1_genomic_prodigal_proteins	2731	GCA_000161795.2_ASM16179v2_genomic_prodigal_proteins	2407	918	53.23	11.96	38.14
GCA_002760345.1_ASM276034v1_genomic_prodigal_proteins	2731	GCA_004211895.1_ASM421189v1_genomic_prodigal_proteins	954	390	52.54	12.02	40.88
GCA_002760345.1_ASM276034v1_genomic_prodigal_proteins	2731	GCA_003210735.1_ASM321073v1_genomic_prodigal_proteins	2337	662	52.23	11.82	28.33
GCA_002760345.1_ASM276034v1_genomic_prodigal_proteins	2731	GCA_003209035.1_ASM320903v1_genomic_prodigal_proteins	1803	499	52.59	11.93	27.68
GCA_002760345.1_ASM276034v1_genomic_prodigal_proteins	2731	GCA_003712085.1_ASM371208v1_genomic_prodigal_proteins	2745	930	52.92	11.84	34.05
GCA_002760345.1_ASM276034v1_genomic_prodigal_proteins	2731	GCA_003212155.1_ASM321215v1_genomic_prodigal_proteins	262	52	51.96	14.15	19.85
GCA_002760345.1_ASM276034v1_genomic_prodigal_proteins	2731	GCA_001040845.1_ASM104084v1_genomic_prodigal_proteins	2917	939	52.79	11.98	34.38
GCA_002760345.1_ASM276034v1_genomic_prodigal_proteins	2731	GCA_002018015.1_ASM201801v1_genomic_prodigal_proteins	1578	667	53.69	11.74	42.27
GCA_002760345.1_ASM276034v1_genomic_prodigal_proteins	2731	GCA_003211255.1_ASM321125v1_genomic_prodigal_proteins	1850	499	51.95	11.54	26.97
GCA_002760345.1_ASM276034v1_genomic_prodigal_proteins	2731	GCA_002721235.1_ASM272123v1_genomic_prodigal_proteins	3119	1250	56.63	12.27	45.77
GCA_002760345.1_ASM276034v1_genomic_prodigal_proteins	2731	GCA_009839305.1_ASM983930v1_genomic_prodigal_proteins	1816	615	54.07	11.96	33.87
GCA_002760345.1_ASM276034v1_genomic_prodigal_proteins	2731	GCA_011365345.1_ASM1136534v1_genomic_prodigal_proteins	2655	926	53.13	11.90	34.88
GCA_002760345.1_ASM276034v1_genomic_prodigal_proteins	2731	GCA_001039265.1_ASM103926v1_genomic_prodigal_proteins	2832	706	55.29	12.33	25.85
GCA_002760345.1_ASM276034v1_genomic_prodigal_proteins	2731	GCA_001628325.1_ASM162832v1_genomic_prodigal_proteins	2129	832	52.92	11.53	39.08
GCA_002760345.1_ASM276034v1_genomic_prodigal_proteins	2731	GCA_003209215.1_ASM320921v1_genomic_prodigal_proteins	1679	472	53.23	12.25	28.11
GCA_002760345.1_ASM276034v1_genomic_prodigal_proteins	2731	GCA_002737305.1_ASM273730v1_genomic_prodigal_proteins	1951	771	54.21	11.76	39.52
GCA_002760345.1_ASM276034v1_genomic_prodigal_proteins	2731	GCA_003210515.1_ASM321051v1_genomic_prodigal_proteins	1673	524	52.50	12.23	31.32
GCA_002760345.1_ASM276034v1_genomic_prodigal_proteins	2731	GCA_011525445.1_ASM1152544v1_genomic_prodigal_proteins	3208	751	51.69	11.73	27.50
GCA_002760345.1_ASM276034v1_genomic_prodigal_proteins	2731	GCA_902599435.1_AG-916-N22_genomic_prodigal_proteins	793	240	54.54	12.11	30.26
GCA_002760345.1_ASM276034v1_genomic_prodigal_proteins	2731	GCA_003149585.1_ASM314958v1_genomic_prodigal_proteins	2600	980	53.67	11.83	37.69
GCA_002760345.1_ASM276034v1_genomic_prodigal_proteins	2731	GCA_902560665.1_AG-905-O11_genomic_prodigal_proteins	401	82	54.30	14.33	20.45
GCA_002760345.1_ASM276034v1_genomic_prodigal_proteins	2731	GCA_003331795.1_ASM333179v1_genomic_prodigal_proteins	1948	773	53.21	12.12	39.68
GCA_002760345.1_ASM276034v1_genomic_prodigal_proteins	2731	GCA_002017955.1_ASM201795v1_genomic_prodigal_proteins	512	189	52.14	11.86	36.91
GCA_002760345.1_ASM276034v1_genomic_prodigal_proteins	2731	GCA_902584485.1_AG-912-O23_genomic_prodigal_proteins	535	130	52.24	12.46	24.30
GCA_002760345.1_ASM276034v1_genomic_prodigal_proteins	2731	GCA_902527915.1_AG-896-G19_genomic_prodigal_proteins	1003	272	53.14	12.45	27.12
GCA_002760345.1_ASM276034v1_genomic_prodigal_proteins	2731	GCA_902635365.1_AG-447-D19_genomic_prodigal_proteins	1690	440	53.11	11.98	26.04
GCA_002760345.1_ASM276034v1_genomic_prodigal_proteins	2731	GCA_900474085.1_UW86_genomic_prodigal_proteins	2403	917	53.26	11.87	38.16
GCA_002760345.1_ASM276034v1_genomic_prodigal_proteins	2731	GCA_001885215.1_ASM188521v1_genomic_prodigal_proteins	2897	983	53.51	11.88	35.99
GCA_002760345.1_ASM276034v1_genomic_prodigal_proteins	2731	GCA_902575935.1_AG-426-B22_genomic_prodigal_proteins	254	88	59.30	13.68	34.65
GCA_002760345.1_ASM276034v1_genomic_prodigal_proteins	2731	GCA_900474295.1_UW140_genomic_prodigal_proteins	2925	939	52.83	11.97	34.38
GCA_002760345.1_ASM276034v1_genomic_prodigal_proteins	2731	GCA_003211565.1_ASM321156v1_genomic_prodigal_proteins	1489	417	52.87	12.55	28.01
GCA_002760345.1_ASM276034v1_genomic_prodigal_proteins	2731	GCA_003526105.1_ASM352610v1_genomic_prodigal_proteins	1581	503	53.20	11.54	31.82
GCA_002760345.1_ASM276034v1_genomic_prodigal_proteins	2731	GCA_002172935.1_ASM217293v1_genomic_prodigal_proteins	1996	706	52.49	11.72	35.37
GCA_002760345.1_ASM276034v1_genomic_prodigal_proteins	2731	GCA_003210335.1_ASM321033v1_genomic_prodigal_proteins	942	168	52.66	12.70	17.83
GCA_002760345.1_ASM276034v1_genomic_prodigal_proteins	2731	GCA_009846115.1_ASM984611v1_genomic_prodigal_proteins	2048	719	53.32	11.48	35.11
GCA_002760345.1_ASM276034v1_genomic_prodigal_proteins	2731	GCA_001693295.1_ASM169329v1_genomic_prodigal_proteins	3183	1248	56.65	12.37	45.70
GCA_002760345.1_ASM276034v1_genomic_prodigal_proteins	2731	GCA_900473965.1_UW179A_genomic_prodigal_proteins	3383	920	52.94	12.08	33.69
GCA_002760345.1_ASM276034v1_genomic_prodigal_proteins	2731	GCA_003213755.1_ASM321375v1_genomic_prodigal_proteins	1050	320	53.30	12.72	30.48
GCA_002760345.1_ASM276034v1_genomic_prodigal_proteins	2731	GCA_003209155.1_ASM320915v1_genomic_prodigal_proteins	2305	686	52.84	11.59	29.76
GCA_002760345.1_ASM276034v1_genomic_prodigal_proteins	2731	GCA_003211515.1_ASM321151v1_genomic_prodigal_proteins	2451	608	52.36	11.96	24.81
GCA_002760345.1_ASM276034v1_genomic_prodigal_proteins	2731	GCA_002693285.1_ASM269328v1_genomic_prodigal_proteins	2440	799	52.52	11.76	32.75
GCA_002760345.1_ASM276034v1_genomic_prodigal_proteins	2731	GCA_003210555.1_ASM321055v1_genomic_prodigal_proteins	1847	514	52.64	11.70	27.83
GCA_002760345.1_ASM276034v1_genomic_prodigal_proteins	2731	GCA_000155595.1_ASM15559v1_genomic_prodigal_proteins	5270	1307	56.11	12.06	47.86
GCA_002760345.1_ASM276034v1_genomic_prodigal_proteins	2731	GCA_001007665.1_ASM100766v1_genomic_prodigal_proteins	2356	857	52.98	11.43	36.38
GCA_002760345.1_ASM276034v1_genomic_prodigal_proteins	2731	GCA_009919765.1_ASM991976v1_genomic_prodigal_proteins	2524	631	53.07	11.73	25.00
GCA_002760345.1_ASM276034v1_genomic_prodigal_proteins	2731	GCA_003331225.1_ASM333122v1_genomic_prodigal_proteins	2113	827	53.45	11.77	39.14
GCA_002760345.1_ASM276034v1_genomic_prodigal_proteins	2731	GCA_900177825.1_IMG-taxon_2708742468_annotated_assembly_genomic_prodigal_proteins	3317	1252	56.57	12.32	45.84
GCA_002760345.1_ASM276034v1_genomic_prodigal_proteins	2731	GCA_000195975.1_ASM19597v1_genomic_prodigal_proteins	2719	924	53.11	11.91	33.98
GCA_002760345.1_ASM276034v1_genomic_prodigal_proteins	2731	GCA_902618885.1_AG-920-D15_genomic_prodigal_proteins	1178	335	53.73	12.42	28.44
GCA_002760345.1_ASM276034v1_genomic_prodigal_proteins	2731	GCA_003209165.1_ASM320916v1_genomic_prodigal_proteins	2711	791	53.17	12.00	29.18
GCA_002760345.1_ASM276034v1_genomic_prodigal_proteins	2731	GCA_001007625.1_ASM100762v1_genomic_prodigal_proteins	2478	759	53.14	11.63	30.63
GCA_002760345.1_ASM276034v1_genomic_prodigal_proteins	2731	GCA_008386235.1_ASM838623v1_genomic_prodigal_proteins	2571	1293	58.46	12.72	50.29
GCA_002760345.1_ASM276034v1_genomic_prodigal_proteins	2731	GCA_001631935.1_ASM163193v1_genomic_prodigal_proteins	3526	911	52.98	11.95	33.36
GCA_002760345.1_ASM276034v1_genomic_prodigal_proteins	2731	GCA_002151525.1_ASM215152v1_genomic_prodigal_proteins	1628	695	53.25	11.89	42.69
GCA_002760345.1_ASM276034v1_genomic_prodigal_proteins	2731	GCA_000153065.1_ASM15306v1_genomic_prodigal_proteins	2704	954	53.49	12.10	35.28
GCA_002760345.1_ASM276034v1_genomic_prodigal_proteins	2731	GCA_009837265.1_ASM983726v1_genomic_prodigal_proteins	2126	779	53.37	11.70	36.64
GCA_002760345.1_ASM276034v1_genomic_prodigal_proteins	2731	GCA_902533725.1_AG-898-C20_genomic_prodigal_proteins	421	87	53.76	14.15	20.67
GCA_002760345.1_ASM276034v1_genomic_prodigal_proteins	2731	GCA_002171075.2_ASM217107v2_genomic_prodigal_proteins	1919	675	52.28	11.31	35.17
GCA_002760345.1_ASM276034v1_genomic_prodigal_proteins	2731	GCA_002760395.1_ASM276039v1_genomic_prodigal_proteins	2661	2394	98.68	4.02	89.97
GCA_002760345.1_ASM276034v1_genomic_prodigal_proteins	2731	GCA_003209005.1_ASM320900v1_genomic_prodigal_proteins	2548	764	52.22	11.80	29.98
GCA_002760345.1_ASM276034v1_genomic_prodigal_proteins	2731	GCA_002017915.1_ASM201791v1_genomic_prodigal_proteins	623	251	55.05	12.08	40.29
GCA_002760345.1_ASM276034v1_genomic_prodigal_proteins	2731	GCA_900047545.1_m9_genomic_prodigal_proteins	1575	653	52.90	11.74	41.46
GCA_002760345.1_ASM276034v1_genomic_prodigal_proteins	2731	GCA_001632105.1_ASM163210v1_genomic_prodigal_proteins	3521	914	52.84	11.90	33.47
GCA_002760345.1_ASM276034v1_genomic_prodigal_proteins	2731	GCA_004212765.1_ASM421276v1_genomic_prodigal_proteins	1162	448	53.33	11.97	38.55
GCA_002760345.1_ASM276034v1_genomic_prodigal_proteins	2731	GCA_002685515.1_ASM268551v1_genomic_prodigal_proteins	1286	485	51.87	11.46	37.71
GCA_002760345.1_ASM276034v1_genomic_prodigal_proteins	2731	GCA_007828135.1_ASM782813v1_genomic_prodigal_proteins	2917	985	53.58	11.98	36.07
GCA_002760345.1_ASM276034v1_genomic_prodigal_proteins	2731	GCA_011047875.1_ASM1104787v1_genomic_prodigal_proteins	2810	2189	86.99	8.07	80.15
GCA_002760345.1_ASM276034v1_genomic_prodigal_proteins	2731	GCA_009840445.1_ASM984044v1_genomic_prodigal_proteins	2167	859	53.24	11.77	39.64
GCA_002760345.1_ASM276034v1_genomic_prodigal_proteins	2731	GCA_003210995.1_ASM321099v1_genomic_prodigal_proteins	2385	647	53.06	11.97	27.13
GCA_002760345.1_ASM276034v1_genomic_prodigal_proteins	2731	GCA_902616995.1_AG-919-L20_genomic_prodigal_proteins	654	171	53.43	13.41	26.15
GCA_002760345.1_ASM276034v1_genomic_prodigal_proteins	2731	GCA_009845825.1_ASM984582v1_genomic_prodigal_proteins	2168	744	53.30	11.51	34.32
GCA_002760345.1_ASM276034v1_genomic_prodigal_proteins	2731	GCA_000515235.1_ASM51523v1_genomic_prodigal_proteins	2873	932	52.93	11.99	34.13
GCA_002760345.1_ASM276034v1_genomic_prodigal_proteins	2731	GCA_003523965.1_ASM352396v1_genomic_prodigal_proteins	1735	580	53.87	11.47	33.43
GCA_002760345.1_ASM276034v1_genomic_prodigal_proteins	2731	GCA_002684175.1_ASM268417v1_genomic_prodigal_proteins	1819	540	51.93	11.15	29.69
GCA_002760345.1_ASM276034v1_genomic_prodigal_proteins	2731	GCA_011523295.1_ASM1152329v1_genomic_prodigal_proteins	2851	698	51.30	11.21	25.56
GCA_002760345.1_ASM276034v1_genomic_prodigal_proteins	2731	GCA_003211015.1_ASM321101v1_genomic_prodigal_proteins	2128	677	52.39	11.72	31.81
GCA_002760345.1_ASM276034v1_genomic_prodigal_proteins	2731	GCA_002006815.1_ASM200681v1_genomic_prodigal_proteins	1973	873	53.08	11.97	44.25
GCA_000737535.1_ASM73753v1_genomic_prodigal_proteins	3013	GCA_000586015.1_SynSpo.0_genomic_prodigal_proteins	1907	927	61.89	13.28	48.61
GCA_000737535.1_ASM73753v1_genomic_prodigal_proteins	3013	GCA_002760345.1_ASM276034v1_genomic_prodigal_proteins	2731	928	52.99	12.00	33.98
GCA_000737535.1_ASM73753v1_genomic_prodigal_proteins	3013	GCA_000013225.1_ASM1322v1_genomic_prodigal_proteins	2844	944	52.78	12.09	33.19
GCA_000737535.1_ASM73753v1_genomic_prodigal_proteins	3013	GCA_000332275.1_ASM33227v1_genomic_prodigal_proteins	4564	1059	52.03	12.35	35.15
GCA_000737535.1_ASM73753v1_genomic_prodigal_proteins	3013	GCA_002252675.1_ASM225267v1_genomic_prodigal_proteins	3295	1619	66.40	13.87	53.73
GCA_000737535.1_ASM73753v1_genomic_prodigal_proteins	3013	GCA_000737575.1_ASM73757v1_genomic_prodigal_proteins	2662	2047	77.18	12.98	76.90
GCA_000737535.1_ASM73753v1_genomic_prodigal_proteins	3013	GCA_902596755.1_AG-916-D19_genomic_prodigal_proteins	1152	720	74.14	14.36	62.50
GCA_000737535.1_ASM73753v1_genomic_prodigal_proteins	3013	GCA_003211455.1_ASM321145v1_genomic_prodigal_proteins	1186	736	73.87	13.92	62.06
GCA_000737535.1_ASM73753v1_genomic_prodigal_proteins	3013	GCA_003208755.1_ASM320875v1_genomic_prodigal_proteins	690	443	74.64	12.87	64.20
GCA_000737535.1_ASM73753v1_genomic_prodigal_proteins	3013	GCA_007571215.1_ASM757121v1_genomic_prodigal_proteins	1879	1153	60.66	12.95	61.36
GCA_000737535.1_ASM73753v1_genomic_prodigal_proteins	3013	GCA_001007635.1_ASM100763v1_genomic_prodigal_proteins	2333	1066	61.16	12.66	45.69
GCA_000737535.1_ASM73753v1_genomic_prodigal_proteins	3013	GCA_000179255.1_ASM17925v1_genomic_prodigal_proteins	2729	1654	66.73	13.74	60.61
GCA_000737535.1_ASM73753v1_genomic_prodigal_proteins	3013	GCA_003208975.1_ASM320897v1_genomic_prodigal_proteins	1804	1070	74.21	13.62	59.31
GCA_000737535.1_ASM73753v1_genomic_prodigal_proteins	3013	GCA_012103655.1_ASM1210365v1_genomic_prodigal_proteins	2723	1828	70.28	13.68	67.13
GCA_000737535.1_ASM73753v1_genomic_prodigal_proteins	3013	GCA_902582045.1_AG-912-B07_genomic_prodigal_proteins	196	92	69.51	16.14	46.94
GCA_000737535.1_ASM73753v1_genomic_prodigal_proteins	3013	GCA_000153045.1_ASM15304v1_genomic_prodigal_proteins	3242	1669	66.54	13.71	55.39
GCA_000737535.1_ASM73753v1_genomic_prodigal_proteins	3013	GCA_902549675.1_AG-903-B09_genomic_prodigal_proteins	836	517	74.82	14.68	61.84
GCA_000737535.1_ASM73753v1_genomic_prodigal_proteins	3013	GCA_002018045.1_ASM201804v1_genomic_prodigal_proteins	1559	913	61.88	12.64	58.56
GCA_000737535.1_ASM73753v1_genomic_prodigal_proteins	3013	GCA_004213055.1_ASM421305v1_genomic_prodigal_proteins	2241	1581	71.14	13.63	70.55
GCA_000737535.1_ASM73753v1_genomic_prodigal_proteins	3013	GCA_007571085.1_ASM757108v1_genomic_prodigal_proteins	1784	1131	60.62	13.02	63.40
GCA_000737535.1_ASM73753v1_genomic_prodigal_proteins	3013	GCA_009839805.1_ASM983980v1_genomic_prodigal_proteins	1848	772	59.51	12.17	41.77
GCA_000737535.1_ASM73753v1_genomic_prodigal_proteins	3013	GCA_003210375.1_ASM321037v1_genomic_prodigal_proteins	2155	1417	73.89	13.08	65.75
GCA_000737535.1_ASM73753v1_genomic_prodigal_proteins	3013	GCA_004332415.1_ASM433241v1_genomic_prodigal_proteins	2408	1822	71.31	13.71	75.66
GCA_000737535.1_ASM73753v1_genomic_prodigal_proteins	3013	GCA_009836025.1_ASM983602v1_genomic_prodigal_proteins	2290	1159	61.35	12.60	50.61
GCA_000737535.1_ASM73753v1_genomic_prodigal_proteins	3013	GCA_009843455.1_ASM984345v1_genomic_prodigal_proteins	2423	1136	61.18	12.55	46.88
GCA_000737535.1_ASM73753v1_genomic_prodigal_proteins	3013	GCA_009843485.1_ASM984348v1_genomic_prodigal_proteins	2158	1162	61.22	12.83	53.85
GCA_000737535.1_ASM73753v1_genomic_prodigal_proteins	3013	GCA_003283135.1_ASM328313v1_genomic_prodigal_proteins	459	146	67.18	14.99	31.81
GCA_000737535.1_ASM73753v1_genomic_prodigal_proteins	3013	GCA_902635485.1_AG-447-G23_genomic_prodigal_proteins	327	148	71.48	14.62	45.26
GCA_000737535.1_ASM73753v1_genomic_prodigal_proteins	3013	GCA_002760415.1_ASM276041v1_genomic_prodigal_proteins	2670	919	52.95	12.03	34.42
GCA_000737535.1_ASM73753v1_genomic_prodigal_proteins	3013	GCA_002754935.1_ASM275493v1_genomic_prodigal_proteins	2664	978	53.69	12.66	36.71
GCA_000737535.1_ASM73753v1_genomic_prodigal_proteins	3013	GCA_002171685.2_ASM217168v2_genomic_prodigal_proteins	811	642	71.37	12.87	79.16
GCA_000737535.1_ASM73753v1_genomic_prodigal_proteins	3013	GCA_000737595.1_ASM73759v1_genomic_prodigal_proteins	2774	1950	75.28	13.48	70.30
GCA_000737535.1_ASM73753v1_genomic_prodigal_proteins	3013	GCA_003331785.1_ASM333178v1_genomic_prodigal_proteins	2125	1637	70.41	13.52	77.04
GCA_000737535.1_ASM73753v1_genomic_prodigal_proteins	3013	GCA_009842265.1_ASM984226v1_genomic_prodigal_proteins	2398	1153	61.27	12.62	48.08
GCA_000737535.1_ASM73753v1_genomic_prodigal_proteins	3013	GCA_902579345.1_AG-911-L15_genomic_prodigal_proteins	248	124	69.58	16.01	50.00
GCA_000737535.1_ASM73753v1_genomic_prodigal_proteins	3013	GCA_000011345.1_ASM1134v1_genomic_prodigal_proteins	2520	1019	53.83	12.68	40.44
GCA_000737535.1_ASM73753v1_genomic_prodigal_proteins	3013	GCA_003210705.1_ASM321070v1_genomic_prodigal_proteins	2244	1380	69.71	13.99	61.50
GCA_000737535.1_ASM73753v1_genomic_prodigal_proteins	3013	GCA_000019485.1_ASM1948v1_genomic_prodigal_proteins	3233	1085	53.38	12.96	36.01
GCA_000737535.1_ASM73753v1_genomic_prodigal_proteins	3013	GCA_003283055.1_ASM328305v1_genomic_prodigal_proteins	482	97	68.16	15.41	20.12
GCA_000737535.1_ASM73753v1_genomic_prodigal_proteins	3013	GCA_000010065.1_ASM1006v1_genomic_prodigal_proteins	2691	1205	55.67	13.21	44.78
GCA_000737535.1_ASM73753v1_genomic_prodigal_proteins	3013	GCA_000316685.1_ASM31668v1_genomic_prodigal_proteins	3706	1067	53.30	12.62	35.41
GCA_000737535.1_ASM73753v1_genomic_prodigal_proteins	3013	GCA_000063525.1_ASM6352v1_genomic_prodigal_proteins	2540	1661	65.70	14.22	65.39
GCA_000737535.1_ASM73753v1_genomic_prodigal_proteins	3013	GCA_003283165.1_ASM328316v1_genomic_prodigal_proteins	217	96	72.37	15.45	44.24
GCA_000737535.1_ASM73753v1_genomic_prodigal_proteins	3013	GCA_902540675.1_AG-359-E22_genomic_prodigal_proteins	584	322	75.48	15.27	55.14
GCA_000737535.1_ASM73753v1_genomic_prodigal_proteins	3013	GCA_011055065.1_ASM1105506v1_genomic_prodigal_proteins	2792	894	52.88	12.21	32.02
GCA_000737535.1_ASM73753v1_genomic_prodigal_proteins	3013	GCA_000013205.1_ASM1320v1_genomic_prodigal_proteins	2750	932	52.96	12.02	33.89
GCA_000737535.1_ASM73753v1_genomic_prodigal_proteins	3013	GCA_003539795.1_ASM353979v1_genomic_prodigal_proteins	2284	1532	76.19	12.36	67.08
GCA_000737535.1_ASM73753v1_genomic_prodigal_proteins	3013	GCA_002171995.1_ASM217199v1_genomic_prodigal_proteins	1978	1039	70.17	13.65	52.53
GCA_000737535.1_ASM73753v1_genomic_prodigal_proteins	3013	GCA_011523835.1_ASM1152383v1_genomic_prodigal_proteins	2468	1562	70.93	13.77	63.29
GCA_000737535.1_ASM73753v1_genomic_prodigal_proteins	3013	GCA_002172175.1_ASM217217v1_genomic_prodigal_proteins	1846	1057	64.78	14.18	57.26
GCA_000737535.1_ASM73753v1_genomic_prodigal_proteins	3013	GCA_003208835.1_ASM320883v1_genomic_prodigal_proteins	2208	1382	74.56	13.11	62.59
GCA_000737535.1_ASM73753v1_genomic_prodigal_proteins	3013	GCA_902589915.1_AG-914-F20_genomic_prodigal_proteins	373	155	75.33	15.85	41.55
GCA_000737535.1_ASM73753v1_genomic_prodigal_proteins	3013	GCA_000485815.1_ASM48581v1_genomic_prodigal_proteins	3083	1055	53.30	12.91	35.01
GCA_000737535.1_ASM73753v1_genomic_prodigal_proteins	3013	GCA_008807075.1_ASM880707v1_genomic_prodigal_proteins	2925	1664	66.13	13.75	56.89
GCA_000737535.1_ASM73753v1_genomic_prodigal_proteins	3013	GCA_000179235.2_ASM17923v2_genomic_prodigal_proteins	3071	1678	67.08	13.90	55.69
GCA_000737535.1_ASM73753v1_genomic_prodigal_proteins	3013	GCA_003210795.1_ASM321079v1_genomic_prodigal_proteins	2239	1451	73.97	13.49	64.81
GCA_000737535.1_ASM73753v1_genomic_prodigal_proteins	3013	GCA_002706715.1_ASM270671v1_genomic_prodigal_proteins	1148	911	74.96	13.16	79.36
GCA_000737535.1_ASM73753v1_genomic_prodigal_proteins	3013	GCA_003331245.1_ASM333124v1_genomic_prodigal_proteins	2021	1670	77.04	12.55	82.63
GCA_000737535.1_ASM73753v1_genomic_prodigal_proteins	3013	GCA_009843385.1_ASM984338v1_genomic_prodigal_proteins	2085	969	61.60	12.66	46.47
GCA_000737535.1_ASM73753v1_genomic_prodigal_proteins	3013	GCA_003211205.1_ASM321120v1_genomic_prodigal_proteins	2288	1428	70.24	13.83	62.41
GCA_000737535.1_ASM73753v1_genomic_prodigal_proteins	3013	GCA_000063505.1_ASM6350v1_genomic_prodigal_proteins	2558	1858	70.52	14.31	72.63
GCA_000737535.1_ASM73753v1_genomic_prodigal_proteins	3013	GCA_900474245.1_UW179B_genomic_prodigal_proteins	2743	1862	69.97	13.85	67.88
GCA_000737535.1_ASM73753v1_genomic_prodigal_proteins	3013	GCA_003210345.1_ASM321034v1_genomic_prodigal_proteins	1256	812	73.29	13.30	64.65
GCA_000737535.1_ASM73753v1_genomic_prodigal_proteins	3013	GCA_003210315.1_ASM321031v1_genomic_prodigal_proteins	1815	1117	68.85	14.11	61.54
GCA_000737535.1_ASM73753v1_genomic_prodigal_proteins	3013	GCA_009836155.1_ASM983615v1_genomic_prodigal_proteins	1947	1100	61.41	12.63	56.50
GCA_000737535.1_ASM73753v1_genomic_prodigal_proteins	3013	GCA_003990665.2_ASM399066v2_genomic_prodigal_proteins	2499	1020	53.83	12.68	40.82
GCA_000737535.1_ASM73753v1_genomic_prodigal_proteins	3013	GCA_003209135.1_ASM320913v1_genomic_prodigal_proteins	1719	1269	88.27	9.92	73.82
GCA_000737535.1_ASM73753v1_genomic_prodigal_proteins	3013	GCA_009845105.1_ASM984510v1_genomic_prodigal_proteins	1941	921	60.82	12.83	47.45
GCA_000737535.1_ASM73753v1_genomic_prodigal_proteins	3013	GCA_002690325.1_ASM269032v1_genomic_prodigal_proteins	2554	1789	73.56	13.23	70.05
GCA_000737535.1_ASM73753v1_genomic_prodigal_proteins	3013	GCA_000161795.2_ASM16179v2_genomic_prodigal_proteins	2407	1836	76.02	12.74	76.28
GCA_000737535.1_ASM73753v1_genomic_prodigal_proteins	3013	GCA_004211895.1_ASM421189v1_genomic_prodigal_proteins	954	730	76.63	12.29	76.52
GCA_000737535.1_ASM73753v1_genomic_prodigal_proteins	3013	GCA_003210735.1_ASM321073v1_genomic_prodigal_proteins	2337	1500	73.85	13.47	64.18
GCA_000737535.1_ASM73753v1_genomic_prodigal_proteins	3013	GCA_003209035.1_ASM320903v1_genomic_prodigal_proteins	1803	1128	73.63	13.80	62.56
GCA_000737535.1_ASM73753v1_genomic_prodigal_proteins	3013	GCA_003712085.1_ASM371208v1_genomic_prodigal_proteins	2745	1966	76.05	13.25	71.62
GCA_000737535.1_ASM73753v1_genomic_prodigal_proteins	3013	GCA_003212155.1_ASM321215v1_genomic_prodigal_proteins	262	111	62.62	17.31	42.37
GCA_000737535.1_ASM73753v1_genomic_prodigal_proteins	3013	GCA_001040845.1_ASM104084v1_genomic_prodigal_proteins	2917	1842	70.06	13.70	63.15
GCA_000737535.1_ASM73753v1_genomic_prodigal_proteins	3013	GCA_002018015.1_ASM201801v1_genomic_prodigal_proteins	1578	882	62.05	12.78	55.89
GCA_000737535.1_ASM73753v1_genomic_prodigal_proteins	3013	GCA_003211255.1_ASM321125v1_genomic_prodigal_proteins	1850	1113	73.34	13.65	60.16
GCA_000737535.1_ASM73753v1_genomic_prodigal_proteins	3013	GCA_002721235.1_ASM272123v1_genomic_prodigal_proteins	3119	1083	53.41	12.91	35.94
GCA_000737535.1_ASM73753v1_genomic_prodigal_proteins	3013	GCA_009839305.1_ASM983930v1_genomic_prodigal_proteins	1816	869	61.69	13.17	47.85
GCA_000737535.1_ASM73753v1_genomic_prodigal_proteins	3013	GCA_011365345.1_ASM1136534v1_genomic_prodigal_proteins	2655	2022	75.10	13.56	76.16
GCA_000737535.1_ASM73753v1_genomic_prodigal_proteins	3013	GCA_001039265.1_ASM103926v1_genomic_prodigal_proteins	2832	1100	68.26	13.83	38.84
GCA_000737535.1_ASM73753v1_genomic_prodigal_proteins	3013	GCA_001628325.1_ASM162832v1_genomic_prodigal_proteins	2129	1674	76.37	12.67	78.63
GCA_000737535.1_ASM73753v1_genomic_prodigal_proteins	3013	GCA_003209215.1_ASM320921v1_genomic_prodigal_proteins	1679	988	75.51	13.06	58.84
GCA_000737535.1_ASM73753v1_genomic_prodigal_proteins	3013	GCA_002737305.1_ASM273730v1_genomic_prodigal_proteins	1951	1233	66.87	13.66	63.20
GCA_000737535.1_ASM73753v1_genomic_prodigal_proteins	3013	GCA_003210515.1_ASM321051v1_genomic_prodigal_proteins	1673	1128	73.36	13.25	67.42
GCA_000737535.1_ASM73753v1_genomic_prodigal_proteins	3013	GCA_011525445.1_ASM1152544v1_genomic_prodigal_proteins	3208	1540	68.88	13.94	51.11
GCA_000737535.1_ASM73753v1_genomic_prodigal_proteins	3013	GCA_902599435.1_AG-916-N22_genomic_prodigal_proteins	793	512	75.87	13.64	64.56
GCA_000737535.1_ASM73753v1_genomic_prodigal_proteins	3013	GCA_003149585.1_ASM314958v1_genomic_prodigal_proteins	2600	1681	66.83	13.80	64.65
GCA_000737535.1_ASM73753v1_genomic_prodigal_proteins	3013	GCA_902560665.1_AG-905-O11_genomic_prodigal_proteins	401	216	74.77	14.88	53.87
GCA_000737535.1_ASM73753v1_genomic_prodigal_proteins	3013	GCA_003331795.1_ASM333179v1_genomic_prodigal_proteins	1948	1318	65.66	14.23	67.66
GCA_000737535.1_ASM73753v1_genomic_prodigal_proteins	3013	GCA_002017955.1_ASM201795v1_genomic_prodigal_proteins	512	258	61.67	12.50	50.39
GCA_000737535.1_ASM73753v1_genomic_prodigal_proteins	3013	GCA_902584485.1_AG-912-O23_genomic_prodigal_proteins	535	278	73.41	14.56	51.96
GCA_000737535.1_ASM73753v1_genomic_prodigal_proteins	3013	GCA_902527915.1_AG-896-G19_genomic_prodigal_proteins	1003	671	75.91	13.77	66.90
GCA_000737535.1_ASM73753v1_genomic_prodigal_proteins	3013	GCA_902635365.1_AG-447-D19_genomic_prodigal_proteins	1690	981	73.65	14.07	58.05
GCA_000737535.1_ASM73753v1_genomic_prodigal_proteins	3013	GCA_900474085.1_UW86_genomic_prodigal_proteins	2403	1858	76.07	12.96	77.32
GCA_000737535.1_ASM73753v1_genomic_prodigal_proteins	3013	GCA_001885215.1_ASM188521v1_genomic_prodigal_proteins	2897	1617	65.84	13.35	55.82
GCA_000737535.1_ASM73753v1_genomic_prodigal_proteins	3013	GCA_902575935.1_AG-426-B22_genomic_prodigal_proteins	254	164	77.81	14.53	64.57
GCA_000737535.1_ASM73753v1_genomic_prodigal_proteins	3013	GCA_900474295.1_UW140_genomic_prodigal_proteins	2925	1878	70.34	13.95	64.21
GCA_000737535.1_ASM73753v1_genomic_prodigal_proteins	3013	GCA_003211565.1_ASM321156v1_genomic_prodigal_proteins	1489	882	75.24	13.22	59.23
GCA_000737535.1_ASM73753v1_genomic_prodigal_proteins	3013	GCA_003526105.1_ASM352610v1_genomic_prodigal_proteins	1581	971	77.05	12.89	61.42
GCA_000737535.1_ASM73753v1_genomic_prodigal_proteins	3013	GCA_002172935.1_ASM217293v1_genomic_prodigal_proteins	1996	1417	69.74	13.92	70.99
GCA_000737535.1_ASM73753v1_genomic_prodigal_proteins	3013	GCA_003210335.1_ASM321033v1_genomic_prodigal_proteins	942	399	67.18	14.17	42.36
GCA_000737535.1_ASM73753v1_genomic_prodigal_proteins	3013	GCA_009846115.1_ASM984611v1_genomic_prodigal_proteins	2048	1032	61.11	12.83	50.39
GCA_000737535.1_ASM73753v1_genomic_prodigal_proteins	3013	GCA_001693295.1_ASM169329v1_genomic_prodigal_proteins	3183	1081	53.46	12.88	35.88
GCA_000737535.1_ASM73753v1_genomic_prodigal_proteins	3013	GCA_900473965.1_UW179A_genomic_prodigal_proteins	3383	1924	70.01	14.17	63.86
GCA_000737535.1_ASM73753v1_genomic_prodigal_proteins	3013	GCA_003213755.1_ASM321375v1_genomic_prodigal_proteins	1050	600	65.21	14.58	57.14
GCA_000737535.1_ASM73753v1_genomic_prodigal_proteins	3013	GCA_003209155.1_ASM320915v1_genomic_prodigal_proteins	2305	1417	69.82	13.89	61.48
GCA_000737535.1_ASM73753v1_genomic_prodigal_proteins	3013	GCA_003211515.1_ASM321151v1_genomic_prodigal_proteins	2451	1439	75.70	13.59	58.71
GCA_000737535.1_ASM73753v1_genomic_prodigal_proteins	3013	GCA_002693285.1_ASM269328v1_genomic_prodigal_proteins	2440	1622	69.98	13.97	66.48
GCA_000737535.1_ASM73753v1_genomic_prodigal_proteins	3013	GCA_003210555.1_ASM321055v1_genomic_prodigal_proteins	1847	1050	69.22	13.61	56.85
GCA_000737535.1_ASM73753v1_genomic_prodigal_proteins	3013	GCA_000155595.1_ASM15559v1_genomic_prodigal_proteins	5270	1123	52.90	12.90	37.27
GCA_000737535.1_ASM73753v1_genomic_prodigal_proteins	3013	GCA_001007665.1_ASM100766v1_genomic_prodigal_proteins	2356	1187	60.98	12.68	50.38
GCA_000737535.1_ASM73753v1_genomic_prodigal_proteins	3013	GCA_009919765.1_ASM991976v1_genomic_prodigal_proteins	2524	1111	65.90	13.90	44.02
GCA_000737535.1_ASM73753v1_genomic_prodigal_proteins	3013	GCA_003331225.1_ASM333122v1_genomic_prodigal_proteins	2113	1435	65.70	14.20	67.91
GCA_000737535.1_ASM73753v1_genomic_prodigal_proteins	3013	GCA_900177825.1_IMG-taxon_2708742468_annotated_assembly_genomic_prodigal_proteins	3317	1070	53.45	12.97	35.51
GCA_000737535.1_ASM73753v1_genomic_prodigal_proteins	3013	GCA_000195975.1_ASM19597v1_genomic_prodigal_proteins	2719	1955	76.37	13.10	71.90
GCA_000737535.1_ASM73753v1_genomic_prodigal_proteins	3013	GCA_902618885.1_AG-920-D15_genomic_prodigal_proteins	1178	777	75.79	14.48	65.96
GCA_000737535.1_ASM73753v1_genomic_prodigal_proteins	3013	GCA_003209165.1_ASM320916v1_genomic_prodigal_proteins	2711	1695	75.09	13.33	62.52
GCA_000737535.1_ASM73753v1_genomic_prodigal_proteins	3013	GCA_001007625.1_ASM100762v1_genomic_prodigal_proteins	2478	1035	61.54	12.74	41.77
GCA_000737535.1_ASM73753v1_genomic_prodigal_proteins	3013	GCA_008386235.1_ASM838623v1_genomic_prodigal_proteins	2571	1036	53.58	12.71	40.30
GCA_000737535.1_ASM73753v1_genomic_prodigal_proteins	3013	GCA_001631935.1_ASM163193v1_genomic_prodigal_proteins	3526	1896	69.90	14.27	62.93
GCA_000737535.1_ASM73753v1_genomic_prodigal_proteins	3013	GCA_002151525.1_ASM215152v1_genomic_prodigal_proteins	1628	1111	63.79	14.08	68.24
GCA_000737535.1_ASM73753v1_genomic_prodigal_proteins	3013	GCA_000153065.1_ASM15306v1_genomic_prodigal_proteins	2704	1771	71.58	13.52	65.50
GCA_000737535.1_ASM73753v1_genomic_prodigal_proteins	3013	GCA_009837265.1_ASM983726v1_genomic_prodigal_proteins	2126	1091	61.22	12.79	51.32
GCA_000737535.1_ASM73753v1_genomic_prodigal_proteins	3013	GCA_902533725.1_AG-898-C20_genomic_prodigal_proteins	421	183	73.43	14.47	43.47
GCA_000737535.1_ASM73753v1_genomic_prodigal_proteins	3013	GCA_002171075.2_ASM217107v2_genomic_prodigal_proteins	1919	1235	63.93	13.79	64.36
GCA_000737535.1_ASM73753v1_genomic_prodigal_proteins	3013	GCA_002760395.1_ASM276039v1_genomic_prodigal_proteins	2661	907	53.02	11.98	34.08
GCA_000737535.1_ASM73753v1_genomic_prodigal_proteins	3013	GCA_003209005.1_ASM320900v1_genomic_prodigal_proteins	2548	1579	69.75	13.96	61.97
GCA_000737535.1_ASM73753v1_genomic_prodigal_proteins	3013	GCA_002017915.1_ASM201791v1_genomic_prodigal_proteins	623	317	63.72	13.46	50.88
GCA_000737535.1_ASM73753v1_genomic_prodigal_proteins	3013	GCA_900047545.1_m9_genomic_prodigal_proteins	1575	907	61.13	12.83	57.59
GCA_000737535.1_ASM73753v1_genomic_prodigal_proteins	3013	GCA_001632105.1_ASM163210v1_genomic_prodigal_proteins	3521	1902	69.90	14.20	63.13
GCA_000737535.1_ASM73753v1_genomic_prodigal_proteins	3013	GCA_004212765.1_ASM421276v1_genomic_prodigal_proteins	1162	914	76.39	12.92	78.66
GCA_000737535.1_ASM73753v1_genomic_prodigal_proteins	3013	GCA_002685515.1_ASM268551v1_genomic_prodigal_proteins	1286	922	69.90	13.30	71.70
GCA_000737535.1_ASM73753v1_genomic_prodigal_proteins	3013	GCA_007828135.1_ASM782813v1_genomic_prodigal_proteins	2917	1618	65.89	13.38	55.47
GCA_000737535.1_ASM73753v1_genomic_prodigal_proteins	3013	GCA_011047875.1_ASM1104787v1_genomic_prodigal_proteins	2810	924	52.91	12.16	32.88
GCA_000737535.1_ASM73753v1_genomic_prodigal_proteins	3013	GCA_009840445.1_ASM984044v1_genomic_prodigal_proteins	2167	1193	61.18	12.84	55.05
GCA_000737535.1_ASM73753v1_genomic_prodigal_proteins	3013	GCA_003210995.1_ASM321099v1_genomic_prodigal_proteins	2385	1395	69.59	14.33	58.49
GCA_000737535.1_ASM73753v1_genomic_prodigal_proteins	3013	GCA_902616995.1_AG-919-L20_genomic_prodigal_proteins	654	404	75.20	13.81	61.77
GCA_000737535.1_ASM73753v1_genomic_prodigal_proteins	3013	GCA_009845825.1_ASM984582v1_genomic_prodigal_proteins	2168	1016	61.63	12.57	46.86
GCA_000737535.1_ASM73753v1_genomic_prodigal_proteins	3013	GCA_000515235.1_ASM51523v1_genomic_prodigal_proteins	2873	2347	88.90	8.85	81.69
GCA_000737535.1_ASM73753v1_genomic_prodigal_proteins	3013	GCA_003523965.1_ASM352396v1_genomic_prodigal_proteins	1735	773	62.29	12.98	44.55
GCA_000737535.1_ASM73753v1_genomic_prodigal_proteins	3013	GCA_002684175.1_ASM268417v1_genomic_prodigal_proteins	1819	1157	73.01	12.52	63.61
GCA_000737535.1_ASM73753v1_genomic_prodigal_proteins	3013	GCA_011523295.1_ASM1152329v1_genomic_prodigal_proteins	2851	1526	72.81	13.33	53.53
GCA_000737535.1_ASM73753v1_genomic_prodigal_proteins	3013	GCA_003211015.1_ASM321101v1_genomic_prodigal_proteins	2128	1362	70.04	13.90	64.00
GCA_000737535.1_ASM73753v1_genomic_prodigal_proteins	3013	GCA_002006815.1_ASM200681v1_genomic_prodigal_proteins	1973	1379	64.12	13.87	69.89
GCA_000153285.1_ASM15328v1_genomic_prodigal_proteins	2746	GCA_003211035.1_ASM321103v1_genomic_prodigal_proteins	530	325	68.71	13.97	61.32
GCA_000153285.1_ASM15328v1_genomic_prodigal_proteins	2746	GCA_001521855.1_ASM152185v1_genomic_prodigal_proteins	3144	1110	53.41	13.09	40.42
GCA_000153285.1_ASM15328v1_genomic_prodigal_proteins	2746	GCA_009835965.1_ASM983596v1_genomic_prodigal_proteins	2105	1175	61.41	13.06	55.82
GCA_000153285.1_ASM15328v1_genomic_prodigal_proteins	2746	GCA_012269695.1_ASM1226969v1_genomic_prodigal_proteins	2043	1158	65.15	13.56	56.68
GCA_000153285.1_ASM15328v1_genomic_prodigal_proteins	2746	GCA_000737535.1_ASM73753v1_genomic_prodigal_proteins	3013	1877	70.73	14.01	68.35
GCA_000153285.1_ASM15328v1_genomic_prodigal_proteins	2746	GCA_000586015.1_SynSpo.0_genomic_prodigal_proteins	1907	934	61.87	13.65	48.98
GCA_000153285.1_ASM15328v1_genomic_prodigal_proteins	2746	GCA_002760345.1_ASM276034v1_genomic_prodigal_proteins	2731	944	53.00	12.31	34.57
GCA_000153285.1_ASM15328v1_genomic_prodigal_proteins	2746	GCA_000013225.1_ASM1322v1_genomic_prodigal_proteins	2844	956	52.89	12.45	34.81
GCA_000153285.1_ASM15328v1_genomic_prodigal_proteins	2746	GCA_000332275.1_ASM33227v1_genomic_prodigal_proteins	4564	1051	52.10	12.55	38.27
GCA_000153285.1_ASM15328v1_genomic_prodigal_proteins	2746	GCA_002252675.1_ASM225267v1_genomic_prodigal_proteins	3295	1682	66.60	14.02	61.25
GCA_000153285.1_ASM15328v1_genomic_prodigal_proteins	2746	GCA_000737575.1_ASM73757v1_genomic_prodigal_proteins	2662	1919	71.85	13.85	72.09
GCA_000153285.1_ASM15328v1_genomic_prodigal_proteins	2746	GCA_902596755.1_AG-916-D19_genomic_prodigal_proteins	1152	674	70.98	14.44	58.51
GCA_000153285.1_ASM15328v1_genomic_prodigal_proteins	2746	GCA_003211455.1_ASM321145v1_genomic_prodigal_proteins	1186	668	70.43	14.32	56.32
GCA_000153285.1_ASM15328v1_genomic_prodigal_proteins	2746	GCA_003208755.1_ASM320875v1_genomic_prodigal_proteins	690	435	70.19	14.10	63.04
GCA_000153285.1_ASM15328v1_genomic_prodigal_proteins	2746	GCA_007571215.1_ASM757121v1_genomic_prodigal_proteins	1879	1167	60.53	13.13	62.11
GCA_000153285.1_ASM15328v1_genomic_prodigal_proteins	2746	GCA_001007635.1_ASM100763v1_genomic_prodigal_proteins	2333	1088	61.11	12.97	46.64
GCA_000153285.1_ASM15328v1_genomic_prodigal_proteins	2746	GCA_000179255.1_ASM17925v1_genomic_prodigal_proteins	2729	1733	66.88	14.07	63.50
GCA_000153285.1_ASM15328v1_genomic_prodigal_proteins	2746	GCA_003208975.1_ASM320897v1_genomic_prodigal_proteins	1804	971	70.25	14.14	53.82
GCA_000153285.1_ASM15328v1_genomic_prodigal_proteins	2746	GCA_012103655.1_ASM1210365v1_genomic_prodigal_proteins	2723	2005	74.03	12.97	73.63
GCA_000153285.1_ASM15328v1_genomic_prodigal_proteins	2746	GCA_902582045.1_AG-912-B07_genomic_prodigal_proteins	196	76	69.12	16.58	38.78
GCA_000153285.1_ASM15328v1_genomic_prodigal_proteins	2746	GCA_000153045.1_ASM15304v1_genomic_prodigal_proteins	3242	1732	66.24	14.02	63.07
GCA_000153285.1_ASM15328v1_genomic_prodigal_proteins	2746	GCA_902549675.1_AG-903-B09_genomic_prodigal_proteins	836	462	72.41	15.11	55.26
GCA_000153285.1_ASM15328v1_genomic_prodigal_proteins	2746	GCA_002018045.1_ASM201804v1_genomic_prodigal_proteins	1559	918	62.06	12.94	58.88
GCA_000153285.1_ASM15328v1_genomic_prodigal_proteins	2746	GCA_004213055.1_ASM421305v1_genomic_prodigal_proteins	2241	1664	73.41	13.18	74.25
GCA_000153285.1_ASM15328v1_genomic_prodigal_proteins	2746	GCA_007571085.1_ASM757108v1_genomic_prodigal_proteins	1784	1138	60.53	13.22	63.79
GCA_000153285.1_ASM15328v1_genomic_prodigal_proteins	2746	GCA_009839805.1_ASM983980v1_genomic_prodigal_proteins	1848	801	59.14	12.46	43.34
GCA_000153285.1_ASM15328v1_genomic_prodigal_proteins	2746	GCA_003210375.1_ASM321037v1_genomic_prodigal_proteins	2155	1343	69.60	13.92	62.32
GCA_000153285.1_ASM15328v1_genomic_prodigal_proteins	2746	GCA_004332415.1_ASM433241v1_genomic_prodigal_proteins	2408	1956	75.15	13.26	81.23
GCA_000153285.1_ASM15328v1_genomic_prodigal_proteins	2746	GCA_009836025.1_ASM983602v1_genomic_prodigal_proteins	2290	1186	61.19	13.02	51.79
GCA_000153285.1_ASM15328v1_genomic_prodigal_proteins	2746	GCA_009843455.1_ASM984345v1_genomic_prodigal_proteins	2423	1157	60.92	12.83	47.75
GCA_000153285.1_ASM15328v1_genomic_prodigal_proteins	2746	GCA_009843485.1_ASM984348v1_genomic_prodigal_proteins	2158	1181	61.38	13.14	54.73
GCA_000153285.1_ASM15328v1_genomic_prodigal_proteins	2746	GCA_003283135.1_ASM328313v1_genomic_prodigal_proteins	459	166	68.26	15.36	36.17
GCA_000153285.1_ASM15328v1_genomic_prodigal_proteins	2746	GCA_902635485.1_AG-447-G23_genomic_prodigal_proteins	327	137	69.97	15.42	41.90
GCA_000153285.1_ASM15328v1_genomic_prodigal_proteins	2746	GCA_002760415.1_ASM276041v1_genomic_prodigal_proteins	2670	931	52.98	12.35	34.87
GCA_000153285.1_ASM15328v1_genomic_prodigal_proteins	2746	GCA_002754935.1_ASM275493v1_genomic_prodigal_proteins	2664	999	53.57	12.82	37.50
GCA_000153285.1_ASM15328v1_genomic_prodigal_proteins	2746	GCA_002171685.2_ASM217168v2_genomic_prodigal_proteins	811	675	75.24	12.35	83.23
GCA_000153285.1_ASM15328v1_genomic_prodigal_proteins	2746	GCA_000737595.1_ASM73759v1_genomic_prodigal_proteins	2774	1904	71.15	14.12	69.34
GCA_000153285.1_ASM15328v1_genomic_prodigal_proteins	2746	GCA_003331785.1_ASM333178v1_genomic_prodigal_proteins	2125	1721	74.44	12.67	80.99
GCA_000153285.1_ASM15328v1_genomic_prodigal_proteins	2746	GCA_009842265.1_ASM984226v1_genomic_prodigal_proteins	2398	1175	61.14	12.90	49.00
GCA_000153285.1_ASM15328v1_genomic_prodigal_proteins	2746	GCA_902579345.1_AG-911-L15_genomic_prodigal_proteins	248	109	68.57	16.89	43.95
GCA_000153285.1_ASM15328v1_genomic_prodigal_proteins	2746	GCA_000011345.1_ASM1134v1_genomic_prodigal_proteins	2520	1042	53.83	12.73	41.35
GCA_000153285.1_ASM15328v1_genomic_prodigal_proteins	2746	GCA_003210705.1_ASM321070v1_genomic_prodigal_proteins	2244	1499	76.90	12.38	66.80
GCA_000153285.1_ASM15328v1_genomic_prodigal_proteins	2746	GCA_000019485.1_ASM1948v1_genomic_prodigal_proteins	3233	1110	53.30	13.20	40.42
GCA_000153285.1_ASM15328v1_genomic_prodigal_proteins	2746	GCA_003283055.1_ASM328305v1_genomic_prodigal_proteins	482	93	65.39	15.62	19.29
GCA_000153285.1_ASM15328v1_genomic_prodigal_proteins	2746	GCA_000010065.1_ASM1006v1_genomic_prodigal_proteins	2691	1233	55.71	13.40	45.82
GCA_000153285.1_ASM15328v1_genomic_prodigal_proteins	2746	GCA_000316685.1_ASM31668v1_genomic_prodigal_proteins	3706	1070	53.29	12.81	38.97
GCA_000153285.1_ASM15328v1_genomic_prodigal_proteins	2746	GCA_000063525.1_ASM6352v1_genomic_prodigal_proteins	2540	1708	65.84	14.39	67.24
GCA_000153285.1_ASM15328v1_genomic_prodigal_proteins	2746	GCA_003283165.1_ASM328316v1_genomic_prodigal_proteins	217	79	70.88	12.51	36.41
GCA_000153285.1_ASM15328v1_genomic_prodigal_proteins	2746	GCA_902540675.1_AG-359-E22_genomic_prodigal_proteins	584	300	71.40	15.45	51.37
GCA_000153285.1_ASM15328v1_genomic_prodigal_proteins	2746	GCA_011055065.1_ASM1105506v1_genomic_prodigal_proteins	2792	909	52.98	12.44	33.10
GCA_000153285.1_ASM15328v1_genomic_prodigal_proteins	2746	GCA_000013205.1_ASM1320v1_genomic_prodigal_proteins	2750	944	53.05	12.31	34.38
GCA_000153285.1_ASM15328v1_genomic_prodigal_proteins	2746	GCA_003539795.1_ASM353979v1_genomic_prodigal_proteins	2284	1445	70.43	13.33	63.27
GCA_000153285.1_ASM15328v1_genomic_prodigal_proteins	2746	GCA_002171995.1_ASM217199v1_genomic_prodigal_proteins	1978	1073	72.43	13.32	54.25
GCA_000153285.1_ASM15328v1_genomic_prodigal_proteins	2746	GCA_011523835.1_ASM1152383v1_genomic_prodigal_proteins	2468	1852	87.92	9.57	75.04
GCA_000153285.1_ASM15328v1_genomic_prodigal_proteins	2746	GCA_002172175.1_ASM217217v1_genomic_prodigal_proteins	1846	1074	64.49	13.73	58.18
GCA_000153285.1_ASM15328v1_genomic_prodigal_proteins	2746	GCA_003208835.1_ASM320883v1_genomic_prodigal_proteins	2208	1310	70.29	13.91	59.33
GCA_000153285.1_ASM15328v1_genomic_prodigal_proteins	2746	GCA_902589915.1_AG-914-F20_genomic_prodigal_proteins	373	145	73.01	15.14	38.87
GCA_000153285.1_ASM15328v1_genomic_prodigal_proteins	2746	GCA_000485815.1_ASM48581v1_genomic_prodigal_proteins	3083	1074	53.55	13.03	39.11
GCA_000153285.1_ASM15328v1_genomic_prodigal_proteins	2746	GCA_008807075.1_ASM880707v1_genomic_prodigal_proteins	2925	1718	66.02	14.06	62.56
GCA_000153285.1_ASM15328v1_genomic_prodigal_proteins	2746	GCA_000179235.2_ASM17923v2_genomic_prodigal_proteins	3071	1756	67.48	14.00	63.95
GCA_000153285.1_ASM15328v1_genomic_prodigal_proteins	2746	GCA_003210795.1_ASM321079v1_genomic_prodigal_proteins	2239	1347	70.40	14.05	60.16
GCA_000153285.1_ASM15328v1_genomic_prodigal_proteins	2746	GCA_002706715.1_ASM270671v1_genomic_prodigal_proteins	1148	881	70.80	13.66	76.74
GCA_000153285.1_ASM15328v1_genomic_prodigal_proteins	2746	GCA_003331245.1_ASM333124v1_genomic_prodigal_proteins	2021	1572	71.34	13.56	77.78
GCA_000153285.1_ASM15328v1_genomic_prodigal_proteins	2746	GCA_009843385.1_ASM984338v1_genomic_prodigal_proteins	2085	980	61.37	12.92	47.00
GCA_000153285.1_ASM15328v1_genomic_prodigal_proteins	2746	GCA_003211205.1_ASM321120v1_genomic_prodigal_proteins	2288	1529	77.24	12.39	66.83
GCA_000153285.1_ASM15328v1_genomic_prodigal_proteins	2746	GCA_000063505.1_ASM6350v1_genomic_prodigal_proteins	2558	2143	88.73	9.34	83.78
GCA_000153285.1_ASM15328v1_genomic_prodigal_proteins	2746	GCA_900474245.1_UW179B_genomic_prodigal_proteins	2743	1988	74.11	12.94	72.48
GCA_000153285.1_ASM15328v1_genomic_prodigal_proteins	2746	GCA_003210345.1_ASM321034v1_genomic_prodigal_proteins	1256	783	69.37	13.80	62.34
GCA_000153285.1_ASM15328v1_genomic_prodigal_proteins	2746	GCA_003210315.1_ASM321031v1_genomic_prodigal_proteins	1815	1201	72.97	13.25	66.17
GCA_000153285.1_ASM15328v1_genomic_prodigal_proteins	2746	GCA_009836155.1_ASM983615v1_genomic_prodigal_proteins	1947	1121	61.21	12.85	57.58
GCA_000153285.1_ASM15328v1_genomic_prodigal_proteins	2746	GCA_003990665.2_ASM399066v2_genomic_prodigal_proteins	2499	1044	53.77	12.75	41.78
GCA_000153285.1_ASM15328v1_genomic_prodigal_proteins	2746	GCA_003209135.1_ASM320913v1_genomic_prodigal_proteins	1719	995	69.26	14.05	57.88
GCA_000153285.1_ASM15328v1_genomic_prodigal_proteins	2746	GCA_009845105.1_ASM984510v1_genomic_prodigal_proteins	1941	942	60.60	12.92	48.53
GCA_000153285.1_ASM15328v1_genomic_prodigal_proteins	2746	GCA_002690325.1_ASM269032v1_genomic_prodigal_proteins	2554	1676	69.91	13.64	65.62
GCA_000153285.1_ASM15328v1_genomic_prodigal_proteins	2746	GCA_000161795.2_ASM16179v2_genomic_prodigal_proteins	2407	1789	71.69	13.88	74.32
GCA_000153285.1_ASM15328v1_genomic_prodigal_proteins	2746	GCA_004211895.1_ASM421189v1_genomic_prodigal_proteins	954	722	71.96	13.27	75.68
GCA_000153285.1_ASM15328v1_genomic_prodigal_proteins	2746	GCA_003210735.1_ASM321073v1_genomic_prodigal_proteins	2337	1372	69.73	13.86	58.71
GCA_000153285.1_ASM15328v1_genomic_prodigal_proteins	2746	GCA_003209035.1_ASM320903v1_genomic_prodigal_proteins	1803	1020	70.10	14.13	56.57
GCA_000153285.1_ASM15328v1_genomic_prodigal_proteins	2746	GCA_003712085.1_ASM371208v1_genomic_prodigal_proteins	2745	1856	71.72	13.90	67.61
GCA_000153285.1_ASM15328v1_genomic_prodigal_proteins	2746	GCA_003212155.1_ASM321215v1_genomic_prodigal_proteins	262	102	63.77	16.18	38.93
GCA_000153285.1_ASM15328v1_genomic_prodigal_proteins	2746	GCA_001040845.1_ASM104084v1_genomic_prodigal_proteins	2917	2006	73.86	13.06	73.05
GCA_000153285.1_ASM15328v1_genomic_prodigal_proteins	2746	GCA_002018015.1_ASM201801v1_genomic_prodigal_proteins	1578	900	61.93	13.09	57.03
GCA_000153285.1_ASM15328v1_genomic_prodigal_proteins	2746	GCA_003211255.1_ASM321125v1_genomic_prodigal_proteins	1850	1040	69.67	13.94	56.22
GCA_000153285.1_ASM15328v1_genomic_prodigal_proteins	2746	GCA_002721235.1_ASM272123v1_genomic_prodigal_proteins	3119	1114	53.34	13.02	40.57
GCA_000153285.1_ASM15328v1_genomic_prodigal_proteins	2746	GCA_009839305.1_ASM983930v1_genomic_prodigal_proteins	1816	882	61.78	13.39	48.57
GCA_000153285.1_ASM15328v1_genomic_prodigal_proteins	2746	GCA_011365345.1_ASM1136534v1_genomic_prodigal_proteins	2655	1887	71.21	14.15	71.07
GCA_000153285.1_ASM15328v1_genomic_prodigal_proteins	2746	GCA_001039265.1_ASM103926v1_genomic_prodigal_proteins	2832	1161	68.23	13.97	42.28
GCA_000153285.1_ASM15328v1_genomic_prodigal_proteins	2746	GCA_001628325.1_ASM162832v1_genomic_prodigal_proteins	2129	1616	71.75	13.61	75.90
GCA_000153285.1_ASM15328v1_genomic_prodigal_proteins	2746	GCA_003209215.1_ASM320921v1_genomic_prodigal_proteins	1679	934	71.32	14.12	55.63
GCA_000153285.1_ASM15328v1_genomic_prodigal_proteins	2746	GCA_002737305.1_ASM273730v1_genomic_prodigal_proteins	1951	1256	67.25	13.92	64.38
GCA_000153285.1_ASM15328v1_genomic_prodigal_proteins	2746	GCA_003210515.1_ASM321051v1_genomic_prodigal_proteins	1673	1050	69.67	13.74	62.76
GCA_000153285.1_ASM15328v1_genomic_prodigal_proteins	2746	GCA_011525445.1_ASM1152544v1_genomic_prodigal_proteins	3208	1633	72.42	13.21	59.47
GCA_000153285.1_ASM15328v1_genomic_prodigal_proteins	2746	GCA_902599435.1_AG-916-N22_genomic_prodigal_proteins	793	448	72.63	14.25	56.49
GCA_000153285.1_ASM15328v1_genomic_prodigal_proteins	2746	GCA_003149585.1_ASM314958v1_genomic_prodigal_proteins	2600	1763	66.91	14.17	67.81
GCA_000153285.1_ASM15328v1_genomic_prodigal_proteins	2746	GCA_902560665.1_AG-905-O11_genomic_prodigal_proteins	401	193	72.54	15.66	48.13
GCA_000153285.1_ASM15328v1_genomic_prodigal_proteins	2746	GCA_003331795.1_ASM333179v1_genomic_prodigal_proteins	1948	1355	65.65	14.59	69.56
GCA_000153285.1_ASM15328v1_genomic_prodigal_proteins	2746	GCA_002017955.1_ASM201795v1_genomic_prodigal_proteins	512	253	61.15	12.90	49.41
GCA_000153285.1_ASM15328v1_genomic_prodigal_proteins	2746	GCA_902584485.1_AG-912-O23_genomic_prodigal_proteins	535	259	71.79	15.03	48.41
GCA_000153285.1_ASM15328v1_genomic_prodigal_proteins	2746	GCA_902527915.1_AG-896-G19_genomic_prodigal_proteins	1003	595	71.53	14.16	59.32
GCA_000153285.1_ASM15328v1_genomic_prodigal_proteins	2746	GCA_902635365.1_AG-447-D19_genomic_prodigal_proteins	1690	901	70.44	14.02	53.31
GCA_000153285.1_ASM15328v1_genomic_prodigal_proteins	2746	GCA_900474085.1_UW86_genomic_prodigal_proteins	2403	1822	71.68	13.92	75.82
GCA_000153285.1_ASM15328v1_genomic_prodigal_proteins	2746	GCA_001885215.1_ASM188521v1_genomic_prodigal_proteins	2897	1679	65.95	13.62	61.14
GCA_000153285.1_ASM15328v1_genomic_prodigal_proteins	2746	GCA_902575935.1_AG-426-B22_genomic_prodigal_proteins	254	163	75.06	14.70	64.17
GCA_000153285.1_ASM15328v1_genomic_prodigal_proteins	2746	GCA_900474295.1_UW140_genomic_prodigal_proteins	2925	1959	72.93	13.42	71.34
GCA_000153285.1_ASM15328v1_genomic_prodigal_proteins	2746	GCA_003211565.1_ASM321156v1_genomic_prodigal_proteins	1489	836	70.73	14.31	56.15
GCA_000153285.1_ASM15328v1_genomic_prodigal_proteins	2746	GCA_003526105.1_ASM352610v1_genomic_prodigal_proteins	1581	958	72.08	13.79	60.59
GCA_000153285.1_ASM15328v1_genomic_prodigal_proteins	2746	GCA_002172935.1_ASM217293v1_genomic_prodigal_proteins	1996	1637	89.78	8.32	82.01
GCA_000153285.1_ASM15328v1_genomic_prodigal_proteins	2746	GCA_003210335.1_ASM321033v1_genomic_prodigal_proteins	942	427	73.85	14.03	45.33
GCA_000153285.1_ASM15328v1_genomic_prodigal_proteins	2746	GCA_009846115.1_ASM984611v1_genomic_prodigal_proteins	2048	1045	61.25	13.16	51.03
GCA_000153285.1_ASM15328v1_genomic_prodigal_proteins	2746	GCA_001693295.1_ASM169329v1_genomic_prodigal_proteins	3183	1110	53.33	13.12	40.42
GCA_000153285.1_ASM15328v1_genomic_prodigal_proteins	2746	GCA_900473965.1_UW179A_genomic_prodigal_proteins	3383	2039	77.28	12.39	74.25
GCA_000153285.1_ASM15328v1_genomic_prodigal_proteins	2746	GCA_003213755.1_ASM321375v1_genomic_prodigal_proteins	1050	594	65.26	14.92	56.57
GCA_000153285.1_ASM15328v1_genomic_prodigal_proteins	2746	GCA_003209155.1_ASM320915v1_genomic_prodigal_proteins	2305	1531	76.97	12.47	66.42
GCA_000153285.1_ASM15328v1_genomic_prodigal_proteins	2746	GCA_003211515.1_ASM321151v1_genomic_prodigal_proteins	2451	1244	69.40	14.06	50.75
GCA_000153285.1_ASM15328v1_genomic_prodigal_proteins	2746	GCA_002693285.1_ASM269328v1_genomic_prodigal_proteins	2440	1755	77.51	12.24	71.93
GCA_000153285.1_ASM15328v1_genomic_prodigal_proteins	2746	GCA_003210555.1_ASM321055v1_genomic_prodigal_proteins	1847	1127	73.26	13.00	61.02
GCA_000153285.1_ASM15328v1_genomic_prodigal_proteins	2746	GCA_000155595.1_ASM15559v1_genomic_prodigal_proteins	5270	1139	53.04	13.00	41.48
GCA_000153285.1_ASM15328v1_genomic_prodigal_proteins	2746	GCA_001007665.1_ASM100766v1_genomic_prodigal_proteins	2356	1209	60.77	13.03	51.32
GCA_000153285.1_ASM15328v1_genomic_prodigal_proteins	2746	GCA_009919765.1_ASM991976v1_genomic_prodigal_proteins	2524	1150	65.68	14.22	45.56
GCA_000153285.1_ASM15328v1_genomic_prodigal_proteins	2746	GCA_003331225.1_ASM333122v1_genomic_prodigal_proteins	2113	1468	65.70	14.17	69.47
GCA_000153285.1_ASM15328v1_genomic_prodigal_proteins	2746	GCA_900177825.1_IMG-taxon_2708742468_annotated_assembly_genomic_prodigal_proteins	3317	1093	53.35	13.22	39.80
GCA_000153285.1_ASM15328v1_genomic_prodigal_proteins	2746	GCA_000195975.1_ASM19597v1_genomic_prodigal_proteins	2719	1848	72.11	13.88	67.97
GCA_000153285.1_ASM15328v1_genomic_prodigal_proteins	2746	GCA_902618885.1_AG-920-D15_genomic_prodigal_proteins	1178	716	72.68	14.54	60.78
GCA_000153285.1_ASM15328v1_genomic_prodigal_proteins	2746	GCA_003209165.1_ASM320916v1_genomic_prodigal_proteins	2711	1563	71.22	14.02	57.65
GCA_000153285.1_ASM15328v1_genomic_prodigal_proteins	2746	GCA_001007625.1_ASM100762v1_genomic_prodigal_proteins	2478	1054	61.14	13.25	42.53
GCA_000153285.1_ASM15328v1_genomic_prodigal_proteins	2746	GCA_008386235.1_ASM838623v1_genomic_prodigal_proteins	2571	1045	53.50	12.91	40.65
GCA_000153285.1_ASM15328v1_genomic_prodigal_proteins	2746	GCA_001631935.1_ASM163193v1_genomic_prodigal_proteins	3526	2030	77.28	12.41	73.93
GCA_000153285.1_ASM15328v1_genomic_prodigal_proteins	2746	GCA_002151525.1_ASM215152v1_genomic_prodigal_proteins	1628	1152	64.16	14.25	70.76
GCA_000153285.1_ASM15328v1_genomic_prodigal_proteins	2746	GCA_000153065.1_ASM15306v1_genomic_prodigal_proteins	2704	1916	74.98	13.07	70.86
GCA_000153285.1_ASM15328v1_genomic_prodigal_proteins	2746	GCA_009837265.1_ASM983726v1_genomic_prodigal_proteins	2126	1107	61.32	13.13	52.07
GCA_000153285.1_ASM15328v1_genomic_prodigal_proteins	2746	GCA_902533725.1_AG-898-C20_genomic_prodigal_proteins	421	163	70.87	14.98	38.72
GCA_000153285.1_ASM15328v1_genomic_prodigal_proteins	2746	GCA_002171075.2_ASM217107v2_genomic_prodigal_proteins	1919	1254	64.23	13.70	65.35
GCA_000153285.1_ASM15328v1_genomic_prodigal_proteins	2746	GCA_002760395.1_ASM276039v1_genomic_prodigal_proteins	2661	921	53.01	12.37	34.61
GCA_000153285.1_ASM15328v1_genomic_prodigal_proteins	2746	GCA_003209005.1_ASM320900v1_genomic_prodigal_proteins	2548	1682	77.24	12.45	66.01
GCA_000153285.1_ASM15328v1_genomic_prodigal_proteins	2746	GCA_002017915.1_ASM201791v1_genomic_prodigal_proteins	623	324	63.90	13.65	52.01
GCA_000153285.1_ASM15328v1_genomic_prodigal_proteins	2746	GCA_900047545.1_m9_genomic_prodigal_proteins	1575	923	60.97	12.96	58.60
GCA_000153285.1_ASM15328v1_genomic_prodigal_proteins	2746	GCA_001632105.1_ASM163210v1_genomic_prodigal_proteins	3521	2034	77.30	12.40	74.07
GCA_000153285.1_ASM15328v1_genomic_prodigal_proteins	2746	GCA_004212765.1_ASM421276v1_genomic_prodigal_proteins	1162	878	71.37	13.80	75.56
GCA_000153285.1_ASM15328v1_genomic_prodigal_proteins	2746	GCA_002685515.1_ASM268551v1_genomic_prodigal_proteins	1286	998	77.24	11.72	77.60
GCA_000153285.1_ASM15328v1_genomic_prodigal_proteins	2746	GCA_007828135.1_ASM782813v1_genomic_prodigal_proteins	2917	1681	65.99	13.65	61.22
GCA_000153285.1_ASM15328v1_genomic_prodigal_proteins	2746	GCA_011047875.1_ASM1104787v1_genomic_prodigal_proteins	2810	936	53.01	12.47	34.09
GCA_000153285.1_ASM15328v1_genomic_prodigal_proteins	2746	GCA_009840445.1_ASM984044v1_genomic_prodigal_proteins	2167	1209	61.30	13.12	55.79
GCA_000153285.1_ASM15328v1_genomic_prodigal_proteins	2746	GCA_003210995.1_ASM321099v1_genomic_prodigal_proteins	2385	1500	77.00	12.62	62.89
GCA_000153285.1_ASM15328v1_genomic_prodigal_proteins	2746	GCA_902616995.1_AG-919-L20_genomic_prodigal_proteins	654	361	71.45	14.38	55.20
GCA_000153285.1_ASM15328v1_genomic_prodigal_proteins	2746	GCA_009845825.1_ASM984582v1_genomic_prodigal_proteins	2168	1034	61.46	12.91	47.69
GCA_000153285.1_ASM15328v1_genomic_prodigal_proteins	2746	GCA_000515235.1_ASM51523v1_genomic_prodigal_proteins	2873	1866	70.69	13.93	67.95
GCA_000153285.1_ASM15328v1_genomic_prodigal_proteins	2746	GCA_003523965.1_ASM352396v1_genomic_prodigal_proteins	1735	779	62.38	13.17	44.90
GCA_000153285.1_ASM15328v1_genomic_prodigal_proteins	2746	GCA_002684175.1_ASM268417v1_genomic_prodigal_proteins	1819	1100	68.45	13.17	60.47
GCA_000153285.1_ASM15328v1_genomic_prodigal_proteins	2746	GCA_011523295.1_ASM1152329v1_genomic_prodigal_proteins	2851	1452	69.47	13.82	52.88
GCA_000153285.1_ASM15328v1_genomic_prodigal_proteins	2746	GCA_003211015.1_ASM321101v1_genomic_prodigal_proteins	2128	1470	77.29	12.31	69.08
GCA_000153285.1_ASM15328v1_genomic_prodigal_proteins	2746	GCA_002006815.1_ASM200681v1_genomic_prodigal_proteins	1973	1435	64.43	14.11	72.73
GCA_902635485.1_AG-447-G23_genomic_prodigal_proteins	327	GCA_002760415.1_ASM276041v1_genomic_prodigal_proteins	2670	56	51.90	13.79	17.13
GCA_902635485.1_AG-447-G23_genomic_prodigal_proteins	327	GCA_002754935.1_ASM275493v1_genomic_prodigal_proteins	2664	61	54.78	14.83	18.65
GCA_902635485.1_AG-447-G23_genomic_prodigal_proteins	327	GCA_002171685.2_ASM217168v2_genomic_prodigal_proteins	811	20	59.54	13.09	6.12
GCA_902635485.1_AG-447-G23_genomic_prodigal_proteins	327	GCA_000737595.1_ASM73759v1_genomic_prodigal_proteins	2774	154	88.00	11.93	47.09
GCA_902635485.1_AG-447-G23_genomic_prodigal_proteins	327	GCA_003331785.1_ASM333178v1_genomic_prodigal_proteins	2125	124	66.87	15.64	37.92
GCA_902635485.1_AG-447-G23_genomic_prodigal_proteins	327	GCA_009842265.1_ASM984226v1_genomic_prodigal_proteins	2398	68	59.96	15.29	20.80
GCA_902635485.1_AG-447-G23_genomic_prodigal_proteins	327	GCA_902579345.1_AG-911-L15_genomic_prodigal_proteins	248	17	66.91	18.65	6.85
GCA_902635485.1_AG-447-G23_genomic_prodigal_proteins	327	GCA_000011345.1_ASM1134v1_genomic_prodigal_proteins	2520	62	54.77	14.52	18.96
GCA_902635485.1_AG-447-G23_genomic_prodigal_proteins	327	GCA_003210705.1_ASM321070v1_genomic_prodigal_proteins	2244	102	64.34	15.78	31.19
GCA_902635485.1_AG-447-G23_genomic_prodigal_proteins	327	GCA_000019485.1_ASM1948v1_genomic_prodigal_proteins	3233	67	52.81	14.74	20.49
GCA_902635485.1_AG-447-G23_genomic_prodigal_proteins	327	GCA_003283055.1_ASM328305v1_genomic_prodigal_proteins	482	21	60.57	16.26	6.42
GCA_902635485.1_AG-447-G23_genomic_prodigal_proteins	327	GCA_000010065.1_ASM1006v1_genomic_prodigal_proteins	2691	68	53.95	15.64	20.80
GCA_902635485.1_AG-447-G23_genomic_prodigal_proteins	327	GCA_000316685.1_ASM31668v1_genomic_prodigal_proteins	3706	66	53.27	15.29	20.18
GCA_902635485.1_AG-447-G23_genomic_prodigal_proteins	327	GCA_000063525.1_ASM6352v1_genomic_prodigal_proteins	2540	121	64.53	15.26	37.00
GCA_902635485.1_AG-447-G23_genomic_prodigal_proteins	327	GCA_003283165.1_ASM328316v1_genomic_prodigal_proteins	217	11	72.95	18.17	5.07
GCA_902635485.1_AG-447-G23_genomic_prodigal_proteins	327	GCA_902540675.1_AG-359-E22_genomic_prodigal_proteins	584	34	68.14	17.58	10.40
GCA_902635485.1_AG-447-G23_genomic_prodigal_proteins	327	GCA_011055065.1_ASM1105506v1_genomic_prodigal_proteins	2792	65	51.75	14.05	19.88
GCA_902635485.1_AG-447-G23_genomic_prodigal_proteins	327	GCA_000013205.1_ASM1320v1_genomic_prodigal_proteins	2750	63	52.28	13.28	19.27
GCA_902635485.1_AG-447-G23_genomic_prodigal_proteins	327	GCA_003539795.1_ASM353979v1_genomic_prodigal_proteins	2284	104	71.79	14.98	31.80
GCA_902635485.1_AG-447-G23_genomic_prodigal_proteins	327	GCA_002171995.1_ASM217199v1_genomic_prodigal_proteins	1978	88	66.56	16.31	26.91
GCA_902635485.1_AG-447-G23_genomic_prodigal_proteins	327	GCA_011523835.1_ASM1152383v1_genomic_prodigal_proteins	2468	104	66.85	16.22	31.80
GCA_902635485.1_AG-447-G23_genomic_prodigal_proteins	327	GCA_002172175.1_ASM217217v1_genomic_prodigal_proteins	1846	98	62.77	15.46	29.97
GCA_902635485.1_AG-447-G23_genomic_prodigal_proteins	327	GCA_003208835.1_ASM320883v1_genomic_prodigal_proteins	2208	81	69.86	16.29	24.77
GCA_902635485.1_AG-447-G23_genomic_prodigal_proteins	327	GCA_902589915.1_AG-914-F20_genomic_prodigal_proteins	373	15	65.68	14.52	4.59
GCA_902635485.1_AG-447-G23_genomic_prodigal_proteins	327	GCA_000485815.1_ASM48581v1_genomic_prodigal_proteins	3083	69	52.75	14.75	21.10
GCA_902635485.1_AG-447-G23_genomic_prodigal_proteins	327	GCA_008807075.1_ASM880707v1_genomic_prodigal_proteins	2925	106	64.04	14.92	32.42
GCA_902635485.1_AG-447-G23_genomic_prodigal_proteins	327	GCA_000179235.2_ASM17923v2_genomic_prodigal_proteins	3071	107	66.58	15.48	32.72
GCA_902635485.1_AG-447-G23_genomic_prodigal_proteins	327	GCA_003210795.1_ASM321079v1_genomic_prodigal_proteins	2239	128	72.20	15.78	39.14
GCA_902635485.1_AG-447-G23_genomic_prodigal_proteins	327	GCA_002706715.1_ASM270671v1_genomic_prodigal_proteins	1148	31	67.70	18.08	9.48
GCA_902635485.1_AG-447-G23_genomic_prodigal_proteins	327	GCA_003331245.1_ASM333124v1_genomic_prodigal_proteins	2021	112	70.63	15.11	34.25
GCA_902635485.1_AG-447-G23_genomic_prodigal_proteins	327	GCA_009843385.1_ASM984338v1_genomic_prodigal_proteins	2085	62	60.31	14.24	18.96
GCA_902635485.1_AG-447-G23_genomic_prodigal_proteins	327	GCA_003211205.1_ASM321120v1_genomic_prodigal_proteins	2288	109	64.83	14.79	33.33
GCA_902635485.1_AG-447-G23_genomic_prodigal_proteins	327	GCA_000063505.1_ASM6350v1_genomic_prodigal_proteins	2558	122	66.80	16.48	37.31
GCA_902635485.1_AG-447-G23_genomic_prodigal_proteins	327	GCA_900474245.1_UW179B_genomic_prodigal_proteins	2743	126	67.54	15.73	38.53
GCA_902635485.1_AG-447-G23_genomic_prodigal_proteins	327	GCA_003210345.1_ASM321034v1_genomic_prodigal_proteins	1256	78	69.16	14.56	23.85
GCA_902635485.1_AG-447-G23_genomic_prodigal_proteins	327	GCA_003210315.1_ASM321031v1_genomic_prodigal_proteins	1815	105	66.37	16.01	32.11
GCA_902635485.1_AG-447-G23_genomic_prodigal_proteins	327	GCA_009836155.1_ASM983615v1_genomic_prodigal_proteins	1947	66	61.02	14.85	20.18
GCA_902635485.1_AG-447-G23_genomic_prodigal_proteins	327	GCA_003990665.2_ASM399066v2_genomic_prodigal_proteins	2499	62	54.68	14.61	18.96
GCA_902635485.1_AG-447-G23_genomic_prodigal_proteins	327	GCA_003209135.1_ASM320913v1_genomic_prodigal_proteins	1719	86	66.37	15.37	26.30
GCA_902635485.1_AG-447-G23_genomic_prodigal_proteins	327	GCA_009845105.1_ASM984510v1_genomic_prodigal_proteins	1941	58	60.53	15.27	17.74
GCA_902635485.1_AG-447-G23_genomic_prodigal_proteins	327	GCA_002690325.1_ASM269032v1_genomic_prodigal_proteins	2554	140	70.51	15.15	42.81
GCA_902635485.1_AG-447-G23_genomic_prodigal_proteins	327	GCA_000161795.2_ASM16179v2_genomic_prodigal_proteins	2407	171	93.47	8.04	52.29
GCA_902635485.1_AG-447-G23_genomic_prodigal_proteins	327	GCA_004211895.1_ASM421189v1_genomic_prodigal_proteins	954	43	87.15	14.62	13.15
GCA_902635485.1_AG-447-G23_genomic_prodigal_proteins	327	GCA_003210735.1_ASM321073v1_genomic_prodigal_proteins	2337	131	73.10	15.17	40.06
GCA_902635485.1_AG-447-G23_genomic_prodigal_proteins	327	GCA_003209035.1_ASM320903v1_genomic_prodigal_proteins	1803	97	70.45	15.49	29.66
GCA_902635485.1_AG-447-G23_genomic_prodigal_proteins	327	GCA_003712085.1_ASM371208v1_genomic_prodigal_proteins	2745	159	75.59	14.53	48.62
GCA_902635485.1_AG-447-G23_genomic_prodigal_proteins	327	GCA_003212155.1_ASM321215v1_genomic_prodigal_proteins	262	26	59.12	16.32	9.92
GCA_902635485.1_AG-447-G23_genomic_prodigal_proteins	327	GCA_001040845.1_ASM104084v1_genomic_prodigal_proteins	2917	131	66.79	15.36	40.06
GCA_902635485.1_AG-447-G23_genomic_prodigal_proteins	327	GCA_002018015.1_ASM201801v1_genomic_prodigal_proteins	1578	47	60.84	15.42	14.37
GCA_902635485.1_AG-447-G23_genomic_prodigal_proteins	327	GCA_003211255.1_ASM321125v1_genomic_prodigal_proteins	1850	95	69.70	15.47	29.05
GCA_902635485.1_AG-447-G23_genomic_prodigal_proteins	327	GCA_002721235.1_ASM272123v1_genomic_prodigal_proteins	3119	69	53.43	14.47	21.10
GCA_902635485.1_AG-447-G23_genomic_prodigal_proteins	327	GCA_009839305.1_ASM983930v1_genomic_prodigal_proteins	1816	54	61.51	16.02	16.51
GCA_902635485.1_AG-447-G23_genomic_prodigal_proteins	327	GCA_011365345.1_ASM1136534v1_genomic_prodigal_proteins	2655	170	85.90	12.07	51.99
GCA_902635485.1_AG-447-G23_genomic_prodigal_proteins	327	GCA_001039265.1_ASM103926v1_genomic_prodigal_proteins	2832	85	67.06	15.91	25.99
GCA_902635485.1_AG-447-G23_genomic_prodigal_proteins	327	GCA_001628325.1_ASM162832v1_genomic_prodigal_proteins	2129	129	95.01	11.72	39.45
GCA_902635485.1_AG-447-G23_genomic_prodigal_proteins	327	GCA_003209215.1_ASM320921v1_genomic_prodigal_proteins	1679	100	88.44	13.97	30.58
GCA_902635485.1_AG-447-G23_genomic_prodigal_proteins	327	GCA_002737305.1_ASM273730v1_genomic_prodigal_proteins	1951	74	65.42	16.25	22.63
GCA_902635485.1_AG-447-G23_genomic_prodigal_proteins	327	GCA_003210515.1_ASM321051v1_genomic_prodigal_proteins	1673	129	72.40	14.69	39.45
GCA_902635485.1_AG-447-G23_genomic_prodigal_proteins	327	GCA_011525445.1_ASM1152544v1_genomic_prodigal_proteins	3208	113	68.73	15.21	34.56
GCA_902635485.1_AG-447-G23_genomic_prodigal_proteins	327	GCA_902599435.1_AG-916-N22_genomic_prodigal_proteins	793	53	76.89	13.14	16.21
GCA_902635485.1_AG-447-G23_genomic_prodigal_proteins	327	GCA_003149585.1_ASM314958v1_genomic_prodigal_proteins	2600	117	64.92	16.05	35.78
GCA_902635485.1_AG-447-G23_genomic_prodigal_proteins	327	GCA_902560665.1_AG-905-O11_genomic_prodigal_proteins	401	17	69.21	18.06	5.20
GCA_902635485.1_AG-447-G23_genomic_prodigal_proteins	327	GCA_003331795.1_ASM333179v1_genomic_prodigal_proteins	1948	102	63.59	15.21	31.19
GCA_902635485.1_AG-447-G23_genomic_prodigal_proteins	327	GCA_002017955.1_ASM201795v1_genomic_prodigal_proteins	512	8	57.81	12.53	2.45
GCA_902635485.1_AG-447-G23_genomic_prodigal_proteins	327	GCA_902584485.1_AG-912-O23_genomic_prodigal_proteins	535	42	75.90	15.79	12.84
GCA_902635485.1_AG-447-G23_genomic_prodigal_proteins	327	GCA_902527915.1_AG-896-G19_genomic_prodigal_proteins	1003	76	71.90	16.66	23.24
GCA_902635485.1_AG-447-G23_genomic_prodigal_proteins	327	GCA_902635365.1_AG-447-D19_genomic_prodigal_proteins	1690	87	70.29	17.63	26.61
GCA_902635485.1_AG-447-G23_genomic_prodigal_proteins	327	GCA_900474085.1_UW86_genomic_prodigal_proteins	2403	173	93.74	10.31	52.91
GCA_902635485.1_AG-447-G23_genomic_prodigal_proteins	327	GCA_001885215.1_ASM188521v1_genomic_prodigal_proteins	2897	104	64.46	14.61	31.80
GCA_902635485.1_AG-447-G23_genomic_prodigal_proteins	327	GCA_902575935.1_AG-426-B22_genomic_prodigal_proteins	254	10	65.34	13.90	3.94
GCA_902635485.1_AG-447-G23_genomic_prodigal_proteins	327	GCA_900474295.1_UW140_genomic_prodigal_proteins	2925	135	67.45	15.84	41.28
GCA_902635485.1_AG-447-G23_genomic_prodigal_proteins	327	GCA_003211565.1_ASM321156v1_genomic_prodigal_proteins	1489	113	91.45	10.68	34.56
GCA_902635485.1_AG-447-G23_genomic_prodigal_proteins	327	GCA_003526105.1_ASM352610v1_genomic_prodigal_proteins	1581	71	93.30	15.86	21.71
GCA_902635485.1_AG-447-G23_genomic_prodigal_proteins	327	GCA_002172935.1_ASM217293v1_genomic_prodigal_proteins	1996	89	68.41	16.09	27.22
GCA_902635485.1_AG-447-G23_genomic_prodigal_proteins	327	GCA_003210335.1_ASM321033v1_genomic_prodigal_proteins	942	62	62.40	15.67	18.96
GCA_902635485.1_AG-447-G23_genomic_prodigal_proteins	327	GCA_009846115.1_ASM984611v1_genomic_prodigal_proteins	2048	63	61.53	15.52	19.27
GCA_902635485.1_AG-447-G23_genomic_prodigal_proteins	327	GCA_001693295.1_ASM169329v1_genomic_prodigal_proteins	3183	66	53.06	14.68	20.18
GCA_902635485.1_AG-447-G23_genomic_prodigal_proteins	327	GCA_900473965.1_UW179A_genomic_prodigal_proteins	3383	148	66.79	15.43	45.26
GCA_902635485.1_AG-447-G23_genomic_prodigal_proteins	327	GCA_003213755.1_ASM321375v1_genomic_prodigal_proteins	1050	68	64.90	15.49	20.80
GCA_902635485.1_AG-447-G23_genomic_prodigal_proteins	327	GCA_003209155.1_ASM320915v1_genomic_prodigal_proteins	2305	95	67.45	14.99	29.05
GCA_902635485.1_AG-447-G23_genomic_prodigal_proteins	327	GCA_003211515.1_ASM321151v1_genomic_prodigal_proteins	2451	102	70.80	14.91	31.19
GCA_902635485.1_AG-447-G23_genomic_prodigal_proteins	327	GCA_002693285.1_ASM269328v1_genomic_prodigal_proteins	2440	137	67.86	15.64	41.90
GCA_902635485.1_AG-447-G23_genomic_prodigal_proteins	327	GCA_003210555.1_ASM321055v1_genomic_prodigal_proteins	1847	65	62.37	15.32	19.88
GCA_902635485.1_AG-447-G23_genomic_prodigal_proteins	327	GCA_000155595.1_ASM15559v1_genomic_prodigal_proteins	5270	76	52.28	13.69	23.24
GCA_902635485.1_AG-447-G23_genomic_prodigal_proteins	327	GCA_001007665.1_ASM100766v1_genomic_prodigal_proteins	2356	72	60.41	15.43	22.02
GCA_902635485.1_AG-447-G23_genomic_prodigal_proteins	327	GCA_009919765.1_ASM991976v1_genomic_prodigal_proteins	2524	93	62.40	15.39	28.44
GCA_902635485.1_AG-447-G23_genomic_prodigal_proteins	327	GCA_003331225.1_ASM333122v1_genomic_prodigal_proteins	2113	110	64.44	15.67	33.64
GCA_902635485.1_AG-447-G23_genomic_prodigal_proteins	327	GCA_900177825.1_IMG-taxon_2708742468_annotated_assembly_genomic_prodigal_proteins	3317	65	53.30	14.69	19.88
GCA_902635485.1_AG-447-G23_genomic_prodigal_proteins	327	GCA_000195975.1_ASM19597v1_genomic_prodigal_proteins	2719	156	73.73	15.79	47.71
GCA_902635485.1_AG-447-G23_genomic_prodigal_proteins	327	GCA_902618885.1_AG-920-D15_genomic_prodigal_proteins	1178	64	74.47	16.96	19.57
GCA_902635485.1_AG-447-G23_genomic_prodigal_proteins	327	GCA_003209165.1_ASM320916v1_genomic_prodigal_proteins	2711	153	87.35	11.50	46.79
GCA_902635485.1_AG-447-G23_genomic_prodigal_proteins	327	GCA_001007625.1_ASM100762v1_genomic_prodigal_proteins	2478	72	60.74	14.94	22.02
GCA_902635485.1_AG-447-G23_genomic_prodigal_proteins	327	GCA_008386235.1_ASM838623v1_genomic_prodigal_proteins	2571	66	52.95	15.31	20.18
GCA_902635485.1_AG-447-G23_genomic_prodigal_proteins	327	GCA_001631935.1_ASM163193v1_genomic_prodigal_proteins	3526	141	66.45	15.51	43.12
GCA_902635485.1_AG-447-G23_genomic_prodigal_proteins	327	GCA_002151525.1_ASM215152v1_genomic_prodigal_proteins	1628	76	63.20	15.27	23.24
GCA_902635485.1_AG-447-G23_genomic_prodigal_proteins	327	GCA_000153065.1_ASM15306v1_genomic_prodigal_proteins	2704	112	69.41	15.73	34.25
GCA_902635485.1_AG-447-G23_genomic_prodigal_proteins	327	GCA_009837265.1_ASM983726v1_genomic_prodigal_proteins	2126	67	60.28	15.11	20.49
GCA_902635485.1_AG-447-G23_genomic_prodigal_proteins	327	GCA_902533725.1_AG-898-C20_genomic_prodigal_proteins	421	24	86.42	17.65	7.34
GCA_902635485.1_AG-447-G23_genomic_prodigal_proteins	327	GCA_002171075.2_ASM217107v2_genomic_prodigal_proteins	1919	77	62.03	14.36	23.55
GCA_902635485.1_AG-447-G23_genomic_prodigal_proteins	327	GCA_002760395.1_ASM276039v1_genomic_prodigal_proteins	2661	56	51.96	13.78	17.13
GCA_902635485.1_AG-447-G23_genomic_prodigal_proteins	327	GCA_003209005.1_ASM320900v1_genomic_prodigal_proteins	2548	137	66.78	15.47	41.90
GCA_902635485.1_AG-447-G23_genomic_prodigal_proteins	327	GCA_002017915.1_ASM201791v1_genomic_prodigal_proteins	623	16	58.04	11.44	4.89
GCA_902635485.1_AG-447-G23_genomic_prodigal_proteins	327	GCA_900047545.1_m9_genomic_prodigal_proteins	1575	51	59.94	15.77	15.60
GCA_902635485.1_AG-447-G23_genomic_prodigal_proteins	327	GCA_001632105.1_ASM163210v1_genomic_prodigal_proteins	3521	143	65.99	15.86	43.73
GCA_902635485.1_AG-447-G23_genomic_prodigal_proteins	327	GCA_004212765.1_ASM421276v1_genomic_prodigal_proteins	1162	60	70.28	15.81	18.35
GCA_902635485.1_AG-447-G23_genomic_prodigal_proteins	327	GCA_002685515.1_ASM268551v1_genomic_prodigal_proteins	1286	63	65.21	16.24	19.27
GCA_902635485.1_AG-447-G23_genomic_prodigal_proteins	327	GCA_007828135.1_ASM782813v1_genomic_prodigal_proteins	2917	104	64.46	14.61	31.80
GCA_902635485.1_AG-447-G23_genomic_prodigal_proteins	327	GCA_011047875.1_ASM1104787v1_genomic_prodigal_proteins	2810	64	51.74	14.07	19.57
GCA_902635485.1_AG-447-G23_genomic_prodigal_proteins	327	GCA_009840445.1_ASM984044v1_genomic_prodigal_proteins	2167	70	60.71	15.36	21.41
GCA_902635485.1_AG-447-G23_genomic_prodigal_proteins	327	GCA_003210995.1_ASM321099v1_genomic_prodigal_proteins	2385	89	65.82	15.55	27.22
GCA_902635485.1_AG-447-G23_genomic_prodigal_proteins	327	GCA_902616995.1_AG-919-L20_genomic_prodigal_proteins	654	15	66.93	18.17	4.59
GCA_902635485.1_AG-447-G23_genomic_prodigal_proteins	327	GCA_009845825.1_ASM984582v1_genomic_prodigal_proteins	2168	63	60.73	14.17	19.27
GCA_902635485.1_AG-447-G23_genomic_prodigal_proteins	327	GCA_000515235.1_ASM51523v1_genomic_prodigal_proteins	2873	146	70.79	15.63	44.65
GCA_902635485.1_AG-447-G23_genomic_prodigal_proteins	327	GCA_003523965.1_ASM352396v1_genomic_prodigal_proteins	1735	54	60.89	15.44	16.51
GCA_902635485.1_AG-447-G23_genomic_prodigal_proteins	327	GCA_002684175.1_ASM268417v1_genomic_prodigal_proteins	1819	84	72.22	14.53	25.69
GCA_902635485.1_AG-447-G23_genomic_prodigal_proteins	327	GCA_011523295.1_ASM1152329v1_genomic_prodigal_proteins	2851	112	74.05	16.00	34.25
GCA_902635485.1_AG-447-G23_genomic_prodigal_proteins	327	GCA_003211015.1_ASM321101v1_genomic_prodigal_proteins	2128	109	66.93	15.30	33.33
GCA_902635485.1_AG-447-G23_genomic_prodigal_proteins	327	GCA_002006815.1_ASM200681v1_genomic_prodigal_proteins	1973	71	61.14	15.68	21.71
GCA_000332275.1_ASM33227v1_genomic_prodigal_proteins	4564	GCA_002252675.1_ASM225267v1_genomic_prodigal_proteins	3295	1141	52.51	12.14	34.63
GCA_000332275.1_ASM33227v1_genomic_prodigal_proteins	4564	GCA_000737575.1_ASM73757v1_genomic_prodigal_proteins	2662	1057	52.34	12.26	39.71
GCA_000332275.1_ASM33227v1_genomic_prodigal_proteins	4564	GCA_902596755.1_AG-916-D19_genomic_prodigal_proteins	1152	373	52.49	12.03	32.38
GCA_000332275.1_ASM33227v1_genomic_prodigal_proteins	4564	GCA_003211455.1_ASM321145v1_genomic_prodigal_proteins	1186	358	51.92	12.16	30.19
GCA_000332275.1_ASM33227v1_genomic_prodigal_proteins	4564	GCA_003208755.1_ASM320875v1_genomic_prodigal_proteins	690	215	52.49	12.50	31.16
GCA_000332275.1_ASM33227v1_genomic_prodigal_proteins	4564	GCA_007571215.1_ASM757121v1_genomic_prodigal_proteins	1879	873	52.28	11.76	46.46
GCA_000332275.1_ASM33227v1_genomic_prodigal_proteins	4564	GCA_001007635.1_ASM100763v1_genomic_prodigal_proteins	2333	844	52.28	11.75	36.18
GCA_000332275.1_ASM33227v1_genomic_prodigal_proteins	4564	GCA_000179255.1_ASM17925v1_genomic_prodigal_proteins	2729	1061	52.48	12.07	38.88
GCA_000332275.1_ASM33227v1_genomic_prodigal_proteins	4564	GCA_003208975.1_ASM320897v1_genomic_prodigal_proteins	1804	558	51.71	11.88	30.93
GCA_000332275.1_ASM33227v1_genomic_prodigal_proteins	4564	GCA_012103655.1_ASM1210365v1_genomic_prodigal_proteins	2723	1042	51.61	12.36	38.27
GCA_000332275.1_ASM33227v1_genomic_prodigal_proteins	4564	GCA_902582045.1_AG-912-B07_genomic_prodigal_proteins	196	40	51.98	12.72	20.41
GCA_000332275.1_ASM33227v1_genomic_prodigal_proteins	4564	GCA_000153045.1_ASM15304v1_genomic_prodigal_proteins	3242	1159	52.35	12.09	35.75
GCA_000332275.1_ASM33227v1_genomic_prodigal_proteins	4564	GCA_902549675.1_AG-903-B09_genomic_prodigal_proteins	836	269	53.74	13.08	32.18
GCA_000332275.1_ASM33227v1_genomic_prodigal_proteins	4564	GCA_002018045.1_ASM201804v1_genomic_prodigal_proteins	1559	712	53.04	11.75	45.67
GCA_000332275.1_ASM33227v1_genomic_prodigal_proteins	4564	GCA_004213055.1_ASM421305v1_genomic_prodigal_proteins	2241	919	51.87	12.03	41.01
GCA_000332275.1_ASM33227v1_genomic_prodigal_proteins	4564	GCA_007571085.1_ASM757108v1_genomic_prodigal_proteins	1784	859	52.37	11.84	48.15
GCA_000332275.1_ASM33227v1_genomic_prodigal_proteins	4564	GCA_009839805.1_ASM983980v1_genomic_prodigal_proteins	1848	569	51.10	11.18	30.79
GCA_000332275.1_ASM33227v1_genomic_prodigal_proteins	4564	GCA_003210375.1_ASM321037v1_genomic_prodigal_proteins	2155	734	51.85	12.12	34.06
GCA_000332275.1_ASM33227v1_genomic_prodigal_proteins	4564	GCA_004332415.1_ASM433241v1_genomic_prodigal_proteins	2408	1052	51.88	12.20	43.69
GCA_000332275.1_ASM33227v1_genomic_prodigal_proteins	4564	GCA_009836025.1_ASM983602v1_genomic_prodigal_proteins	2290	889	52.44	11.73	38.82
GCA_000332275.1_ASM33227v1_genomic_prodigal_proteins	4564	GCA_009843455.1_ASM984345v1_genomic_prodigal_proteins	2423	870	52.33	11.69	35.91
GCA_000332275.1_ASM33227v1_genomic_prodigal_proteins	4564	GCA_009843485.1_ASM984348v1_genomic_prodigal_proteins	2158	895	52.50	11.75	41.47
GCA_000332275.1_ASM33227v1_genomic_prodigal_proteins	4564	GCA_003283135.1_ASM328313v1_genomic_prodigal_proteins	459	93	50.42	13.34	20.26
GCA_000332275.1_ASM33227v1_genomic_prodigal_proteins	4564	GCA_902635485.1_AG-447-G23_genomic_prodigal_proteins	327	68	53.11	14.37	20.80
GCA_000332275.1_ASM33227v1_genomic_prodigal_proteins	4564	GCA_002760415.1_ASM276041v1_genomic_prodigal_proteins	2670	1467	60.62	12.45	54.94
GCA_000332275.1_ASM33227v1_genomic_prodigal_proteins	4564	GCA_002754935.1_ASM275493v1_genomic_prodigal_proteins	2664	1243	57.18	12.45	46.66
GCA_000332275.1_ASM33227v1_genomic_prodigal_proteins	4564	GCA_002171685.2_ASM217168v2_genomic_prodigal_proteins	811	404	52.34	11.75	49.82
GCA_000332275.1_ASM33227v1_genomic_prodigal_proteins	4564	GCA_000737595.1_ASM73759v1_genomic_prodigal_proteins	2774	1050	52.12	12.16	37.85
GCA_000332275.1_ASM33227v1_genomic_prodigal_proteins	4564	GCA_003331785.1_ASM333178v1_genomic_prodigal_proteins	2125	939	51.82	12.16	44.19
GCA_000332275.1_ASM33227v1_genomic_prodigal_proteins	4564	GCA_009842265.1_ASM984226v1_genomic_prodigal_proteins	2398	889	52.21	11.80	37.07
GCA_000332275.1_ASM33227v1_genomic_prodigal_proteins	4564	GCA_902579345.1_AG-911-L15_genomic_prodigal_proteins	248	54	52.42	12.99	21.77
GCA_000332275.1_ASM33227v1_genomic_prodigal_proteins	4564	GCA_000011345.1_ASM1134v1_genomic_prodigal_proteins	2520	1290	57.17	12.50	51.19
GCA_000332275.1_ASM33227v1_genomic_prodigal_proteins	4564	GCA_003210705.1_ASM321070v1_genomic_prodigal_proteins	2244	728	51.57	12.02	32.44
GCA_000332275.1_ASM33227v1_genomic_prodigal_proteins	4564	GCA_000019485.1_ASM1948v1_genomic_prodigal_proteins	3233	1551	56.67	12.56	47.97
GCA_000332275.1_ASM33227v1_genomic_prodigal_proteins	4564	GCA_003283055.1_ASM328305v1_genomic_prodigal_proteins	482	34	50.63	14.44	7.05
GCA_000332275.1_ASM33227v1_genomic_prodigal_proteins	4564	GCA_000010065.1_ASM1006v1_genomic_prodigal_proteins	2691	1345	56.99	12.22	49.98
GCA_000332275.1_ASM33227v1_genomic_prodigal_proteins	4564	GCA_000316685.1_ASM31668v1_genomic_prodigal_proteins	3706	1461	56.40	12.75	39.42
GCA_000332275.1_ASM33227v1_genomic_prodigal_proteins	4564	GCA_000063525.1_ASM6352v1_genomic_prodigal_proteins	2540	1074	52.35	12.24	42.28
GCA_000332275.1_ASM33227v1_genomic_prodigal_proteins	4564	GCA_003283165.1_ASM328316v1_genomic_prodigal_proteins	217	58	52.29	13.74	26.73
GCA_000332275.1_ASM33227v1_genomic_prodigal_proteins	4564	GCA_902540675.1_AG-359-E22_genomic_prodigal_proteins	584	167	52.42	12.85	28.60
GCA_000332275.1_ASM33227v1_genomic_prodigal_proteins	4564	GCA_011055065.1_ASM1105506v1_genomic_prodigal_proteins	2792	1468	60.75	12.50	52.58
GCA_000332275.1_ASM33227v1_genomic_prodigal_proteins	4564	GCA_000013205.1_ASM1320v1_genomic_prodigal_proteins	2750	1487	60.59	12.45	54.07
GCA_000332275.1_ASM33227v1_genomic_prodigal_proteins	4564	GCA_003539795.1_ASM353979v1_genomic_prodigal_proteins	2284	754	51.17	11.39	33.01
GCA_000332275.1_ASM33227v1_genomic_prodigal_proteins	4564	GCA_002171995.1_ASM217199v1_genomic_prodigal_proteins	1978	602	51.10	11.96	30.43
GCA_000332275.1_ASM33227v1_genomic_prodigal_proteins	4564	GCA_011523835.1_ASM1152383v1_genomic_prodigal_proteins	2468	870	51.78	11.82	35.25
GCA_000332275.1_ASM33227v1_genomic_prodigal_proteins	4564	GCA_002172175.1_ASM217217v1_genomic_prodigal_proteins	1846	677	51.29	11.75	36.67
GCA_000332275.1_ASM33227v1_genomic_prodigal_proteins	4564	GCA_003208835.1_ASM320883v1_genomic_prodigal_proteins	2208	758	51.78	12.13	34.33
GCA_000332275.1_ASM33227v1_genomic_prodigal_proteins	4564	GCA_902589915.1_AG-914-F20_genomic_prodigal_proteins	373	83	52.88	12.79	22.25
GCA_000332275.1_ASM33227v1_genomic_prodigal_proteins	4564	GCA_000485815.1_ASM48581v1_genomic_prodigal_proteins	3083	1441	56.77	12.40	46.74
GCA_000332275.1_ASM33227v1_genomic_prodigal_proteins	4564	GCA_008807075.1_ASM880707v1_genomic_prodigal_proteins	2925	1067	52.13	12.24	36.48
GCA_000332275.1_ASM33227v1_genomic_prodigal_proteins	4564	GCA_000179235.2_ASM17923v2_genomic_prodigal_proteins	3071	1101	52.58	12.09	35.85
GCA_000332275.1_ASM33227v1_genomic_prodigal_proteins	4564	GCA_003210795.1_ASM321079v1_genomic_prodigal_proteins	2239	767	51.40	11.73	34.26
GCA_000332275.1_ASM33227v1_genomic_prodigal_proteins	4564	GCA_002706715.1_ASM270671v1_genomic_prodigal_proteins	1148	546	52.40	12.31	47.56
GCA_000332275.1_ASM33227v1_genomic_prodigal_proteins	4564	GCA_003331245.1_ASM333124v1_genomic_prodigal_proteins	2021	854	51.88	11.81	42.26
GCA_000332275.1_ASM33227v1_genomic_prodigal_proteins	4564	GCA_009843385.1_ASM984338v1_genomic_prodigal_proteins	2085	744	52.63	11.86	35.68
GCA_000332275.1_ASM33227v1_genomic_prodigal_proteins	4564	GCA_003211205.1_ASM321120v1_genomic_prodigal_proteins	2288	795	51.58	12.29	34.75
GCA_000332275.1_ASM33227v1_genomic_prodigal_proteins	4564	GCA_000063505.1_ASM6350v1_genomic_prodigal_proteins	2558	1042	51.90	12.25	40.73
GCA_000332275.1_ASM33227v1_genomic_prodigal_proteins	4564	GCA_900474245.1_UW179B_genomic_prodigal_proteins	2743	1052	51.70	12.35	38.35
GCA_000332275.1_ASM33227v1_genomic_prodigal_proteins	4564	GCA_003210345.1_ASM321034v1_genomic_prodigal_proteins	1256	406	50.94	12.40	32.32
GCA_000332275.1_ASM33227v1_genomic_prodigal_proteins	4564	GCA_003210315.1_ASM321031v1_genomic_prodigal_proteins	1815	603	52.07	12.44	33.22
GCA_000332275.1_ASM33227v1_genomic_prodigal_proteins	4564	GCA_009836155.1_ASM983615v1_genomic_prodigal_proteins	1947	842	52.55	11.72	43.25
GCA_000332275.1_ASM33227v1_genomic_prodigal_proteins	4564	GCA_003990665.2_ASM399066v2_genomic_prodigal_proteins	2499	1288	57.30	12.38	51.54
GCA_000332275.1_ASM33227v1_genomic_prodigal_proteins	4564	GCA_003209135.1_ASM320913v1_genomic_prodigal_proteins	1719	542	50.66	11.82	31.53
GCA_000332275.1_ASM33227v1_genomic_prodigal_proteins	4564	GCA_009845105.1_ASM984510v1_genomic_prodigal_proteins	1941	700	52.28	11.79	36.06
GCA_000332275.1_ASM33227v1_genomic_prodigal_proteins	4564	GCA_002690325.1_ASM269032v1_genomic_prodigal_proteins	2554	932	50.96	11.86	36.49
GCA_000332275.1_ASM33227v1_genomic_prodigal_proteins	4564	GCA_000161795.2_ASM16179v2_genomic_prodigal_proteins	2407	1010	52.38	12.13	41.96
GCA_000332275.1_ASM33227v1_genomic_prodigal_proteins	4564	GCA_004211895.1_ASM421189v1_genomic_prodigal_proteins	954	417	51.80	12.25	43.71
GCA_000332275.1_ASM33227v1_genomic_prodigal_proteins	4564	GCA_003210735.1_ASM321073v1_genomic_prodigal_proteins	2337	772	51.23	12.00	33.03
GCA_000332275.1_ASM33227v1_genomic_prodigal_proteins	4564	GCA_003209035.1_ASM320903v1_genomic_prodigal_proteins	1803	575	51.77	12.54	31.89
GCA_000332275.1_ASM33227v1_genomic_prodigal_proteins	4564	GCA_003712085.1_ASM371208v1_genomic_prodigal_proteins	2745	1052	52.21	11.98	38.32
GCA_000332275.1_ASM33227v1_genomic_prodigal_proteins	4564	GCA_003212155.1_ASM321215v1_genomic_prodigal_proteins	262	70	52.29	14.33	26.72
GCA_000332275.1_ASM33227v1_genomic_prodigal_proteins	4564	GCA_001040845.1_ASM104084v1_genomic_prodigal_proteins	2917	1051	51.62	12.29	36.03
GCA_000332275.1_ASM33227v1_genomic_prodigal_proteins	4564	GCA_002018015.1_ASM201801v1_genomic_prodigal_proteins	1578	701	52.96	11.88	44.42
GCA_000332275.1_ASM33227v1_genomic_prodigal_proteins	4564	GCA_003211255.1_ASM321125v1_genomic_prodigal_proteins	1850	576	50.77	11.85	31.14
GCA_000332275.1_ASM33227v1_genomic_prodigal_proteins	4564	GCA_002721235.1_ASM272123v1_genomic_prodigal_proteins	3119	1533	56.59	12.53	49.15
GCA_000332275.1_ASM33227v1_genomic_prodigal_proteins	4564	GCA_009839305.1_ASM983930v1_genomic_prodigal_proteins	1816	662	53.34	12.04	36.45
GCA_000332275.1_ASM33227v1_genomic_prodigal_proteins	4564	GCA_011365345.1_ASM1136534v1_genomic_prodigal_proteins	2655	1035	52.24	12.16	38.98
GCA_000332275.1_ASM33227v1_genomic_prodigal_proteins	4564	GCA_001039265.1_ASM103926v1_genomic_prodigal_proteins	2832	777	53.63	12.26	27.44
GCA_000332275.1_ASM33227v1_genomic_prodigal_proteins	4564	GCA_001628325.1_ASM162832v1_genomic_prodigal_proteins	2129	922	52.10	11.90	43.31
GCA_000332275.1_ASM33227v1_genomic_prodigal_proteins	4564	GCA_003209215.1_ASM320921v1_genomic_prodigal_proteins	1679	535	52.56	12.29	31.86
GCA_000332275.1_ASM33227v1_genomic_prodigal_proteins	4564	GCA_002737305.1_ASM273730v1_genomic_prodigal_proteins	1951	826	53.10	11.93	42.34
GCA_000332275.1_ASM33227v1_genomic_prodigal_proteins	4564	GCA_003210515.1_ASM321051v1_genomic_prodigal_proteins	1673	574	51.60	12.00	34.31
GCA_000332275.1_ASM33227v1_genomic_prodigal_proteins	4564	GCA_011525445.1_ASM1152544v1_genomic_prodigal_proteins	3208	860	50.88	12.00	26.81
GCA_000332275.1_ASM33227v1_genomic_prodigal_proteins	4564	GCA_902599435.1_AG-916-N22_genomic_prodigal_proteins	793	276	53.96	12.26	34.80
GCA_000332275.1_ASM33227v1_genomic_prodigal_proteins	4564	GCA_003149585.1_ASM314958v1_genomic_prodigal_proteins	2600	1072	52.52	12.08	41.23
GCA_000332275.1_ASM33227v1_genomic_prodigal_proteins	4564	GCA_902560665.1_AG-905-O11_genomic_prodigal_proteins	401	101	54.69	13.67	25.19
GCA_000332275.1_ASM33227v1_genomic_prodigal_proteins	4564	GCA_003331795.1_ASM333179v1_genomic_prodigal_proteins	1948	854	52.28	12.27	43.84
GCA_000332275.1_ASM33227v1_genomic_prodigal_proteins	4564	GCA_002017955.1_ASM201795v1_genomic_prodigal_proteins	512	204	51.76	11.92	39.84
GCA_000332275.1_ASM33227v1_genomic_prodigal_proteins	4564	GCA_902584485.1_AG-912-O23_genomic_prodigal_proteins	535	148	52.08	13.04	27.66
GCA_000332275.1_ASM33227v1_genomic_prodigal_proteins	4564	GCA_902527915.1_AG-896-G19_genomic_prodigal_proteins	1003	330	52.39	12.50	32.90
GCA_000332275.1_ASM33227v1_genomic_prodigal_proteins	4564	GCA_902635365.1_AG-447-D19_genomic_prodigal_proteins	1690	507	51.96	12.36	30.00
GCA_000332275.1_ASM33227v1_genomic_prodigal_proteins	4564	GCA_900474085.1_UW86_genomic_prodigal_proteins	2403	1015	52.21	12.15	42.24
GCA_000332275.1_ASM33227v1_genomic_prodigal_proteins	4564	GCA_001885215.1_ASM188521v1_genomic_prodigal_proteins	2897	1122	52.35	11.95	38.73
GCA_000332275.1_ASM33227v1_genomic_prodigal_proteins	4564	GCA_902575935.1_AG-426-B22_genomic_prodigal_proteins	254	101	56.70	14.32	39.76
GCA_000332275.1_ASM33227v1_genomic_prodigal_proteins	4564	GCA_900474295.1_UW140_genomic_prodigal_proteins	2925	1042	51.82	12.23	35.62
GCA_000332275.1_ASM33227v1_genomic_prodigal_proteins	4564	GCA_003211565.1_ASM321156v1_genomic_prodigal_proteins	1489	460	52.34	12.55	30.89
GCA_000332275.1_ASM33227v1_genomic_prodigal_proteins	4564	GCA_003526105.1_ASM352610v1_genomic_prodigal_proteins	1581	536	53.23	11.49	33.90
GCA_000332275.1_ASM33227v1_genomic_prodigal_proteins	4564	GCA_002172935.1_ASM217293v1_genomic_prodigal_proteins	1996	783	51.31	11.75	39.23
GCA_000332275.1_ASM33227v1_genomic_prodigal_proteins	4564	GCA_003210335.1_ASM321033v1_genomic_prodigal_proteins	942	199	50.83	11.97	21.13
GCA_000332275.1_ASM33227v1_genomic_prodigal_proteins	4564	GCA_009846115.1_ASM984611v1_genomic_prodigal_proteins	2048	783	52.59	11.56	38.23
GCA_000332275.1_ASM33227v1_genomic_prodigal_proteins	4564	GCA_001693295.1_ASM169329v1_genomic_prodigal_proteins	3183	1527	56.69	12.56	47.97
GCA_000332275.1_ASM33227v1_genomic_prodigal_proteins	4564	GCA_900473965.1_UW179A_genomic_prodigal_proteins	3383	1045	51.77	12.24	30.89
GCA_000332275.1_ASM33227v1_genomic_prodigal_proteins	4564	GCA_003213755.1_ASM321375v1_genomic_prodigal_proteins	1050	378	52.02	12.42	36.00
GCA_000332275.1_ASM33227v1_genomic_prodigal_proteins	4564	GCA_003209155.1_ASM320915v1_genomic_prodigal_proteins	2305	775	51.81	12.08	33.62
GCA_000332275.1_ASM33227v1_genomic_prodigal_proteins	4564	GCA_003211515.1_ASM321151v1_genomic_prodigal_proteins	2451	669	51.72	12.34	27.29
GCA_000332275.1_ASM33227v1_genomic_prodigal_proteins	4564	GCA_002693285.1_ASM269328v1_genomic_prodigal_proteins	2440	897	51.61	11.88	36.76
GCA_000332275.1_ASM33227v1_genomic_prodigal_proteins	4564	GCA_003210555.1_ASM321055v1_genomic_prodigal_proteins	1847	571	52.03	12.15	30.91
GCA_000332275.1_ASM33227v1_genomic_prodigal_proteins	4564	GCA_000155595.1_ASM15559v1_genomic_prodigal_proteins	5270	1767	56.27	12.54	38.72
GCA_000332275.1_ASM33227v1_genomic_prodigal_proteins	4564	GCA_001007665.1_ASM100766v1_genomic_prodigal_proteins	2356	920	52.04	11.71	39.05
GCA_000332275.1_ASM33227v1_genomic_prodigal_proteins	4564	GCA_009919765.1_ASM991976v1_genomic_prodigal_proteins	2524	708	52.27	11.89	28.05
GCA_000332275.1_ASM33227v1_genomic_prodigal_proteins	4564	GCA_003331225.1_ASM333122v1_genomic_prodigal_proteins	2113	908	52.91	11.87	42.97
GCA_000332275.1_ASM33227v1_genomic_prodigal_proteins	4564	GCA_900177825.1_IMG-taxon_2708742468_annotated_assembly_genomic_prodigal_proteins	3317	1528	56.75	12.55	46.07
GCA_000332275.1_ASM33227v1_genomic_prodigal_proteins	4564	GCA_000195975.1_ASM19597v1_genomic_prodigal_proteins	2719	1044	52.26	12.13	38.40
GCA_000332275.1_ASM33227v1_genomic_prodigal_proteins	4564	GCA_902618885.1_AG-920-D15_genomic_prodigal_proteins	1178	397	53.03	12.61	33.70
GCA_000332275.1_ASM33227v1_genomic_prodigal_proteins	4564	GCA_003209165.1_ASM320916v1_genomic_prodigal_proteins	2711	877	52.23	12.08	32.35
GCA_000332275.1_ASM33227v1_genomic_prodigal_proteins	4564	GCA_001007625.1_ASM100762v1_genomic_prodigal_proteins	2478	805	52.47	11.95	32.49
GCA_000332275.1_ASM33227v1_genomic_prodigal_proteins	4564	GCA_008386235.1_ASM838623v1_genomic_prodigal_proteins	2571	1322	57.30	12.46	51.42
GCA_000332275.1_ASM33227v1_genomic_prodigal_proteins	4564	GCA_001631935.1_ASM163193v1_genomic_prodigal_proteins	3526	1032	51.79	12.21	29.27
GCA_000332275.1_ASM33227v1_genomic_prodigal_proteins	4564	GCA_002151525.1_ASM215152v1_genomic_prodigal_proteins	1628	739	52.30	12.01	45.39
GCA_000332275.1_ASM33227v1_genomic_prodigal_proteins	4564	GCA_000153065.1_ASM15306v1_genomic_prodigal_proteins	2704	1051	52.05	12.15	38.87
GCA_000332275.1_ASM33227v1_genomic_prodigal_proteins	4564	GCA_009837265.1_ASM983726v1_genomic_prodigal_proteins	2126	836	52.62	11.85	39.32
GCA_000332275.1_ASM33227v1_genomic_prodigal_proteins	4564	GCA_902533725.1_AG-898-C20_genomic_prodigal_proteins	421	89	54.69	12.48	21.14
GCA_000332275.1_ASM33227v1_genomic_prodigal_proteins	4564	GCA_002171075.2_ASM217107v2_genomic_prodigal_proteins	1919	765	51.55	11.55	39.86
GCA_000332275.1_ASM33227v1_genomic_prodigal_proteins	4564	GCA_002760395.1_ASM276039v1_genomic_prodigal_proteins	2661	1449	60.69	12.44	54.45
GCA_000332275.1_ASM33227v1_genomic_prodigal_proteins	4564	GCA_003209005.1_ASM320900v1_genomic_prodigal_proteins	2548	848	51.33	12.01	33.28
GCA_000332275.1_ASM33227v1_genomic_prodigal_proteins	4564	GCA_002017915.1_ASM201791v1_genomic_prodigal_proteins	623	280	53.69	12.35	44.94
GCA_000332275.1_ASM33227v1_genomic_prodigal_proteins	4564	GCA_900047545.1_m9_genomic_prodigal_proteins	1575	696	52.40	11.77	44.19
GCA_000332275.1_ASM33227v1_genomic_prodigal_proteins	4564	GCA_001632105.1_ASM163210v1_genomic_prodigal_proteins	3521	1035	51.65	12.11	29.40
GCA_000332275.1_ASM33227v1_genomic_prodigal_proteins	4564	GCA_004212765.1_ASM421276v1_genomic_prodigal_proteins	1162	499	52.25	12.21	42.94
GCA_000332275.1_ASM33227v1_genomic_prodigal_proteins	4564	GCA_002685515.1_ASM268551v1_genomic_prodigal_proteins	1286	526	50.79	11.69	40.90
GCA_000332275.1_ASM33227v1_genomic_prodigal_proteins	4564	GCA_007828135.1_ASM782813v1_genomic_prodigal_proteins	2917	1129	52.38	12.02	38.70
GCA_000332275.1_ASM33227v1_genomic_prodigal_proteins	4564	GCA_011047875.1_ASM1104787v1_genomic_prodigal_proteins	2810	1504	60.79	12.49	53.52
GCA_000332275.1_ASM33227v1_genomic_prodigal_proteins	4564	GCA_009840445.1_ASM984044v1_genomic_prodigal_proteins	2167	916	52.55	11.74	42.27
GCA_000332275.1_ASM33227v1_genomic_prodigal_proteins	4564	GCA_003210995.1_ASM321099v1_genomic_prodigal_proteins	2385	726	52.06	12.44	30.44
GCA_000332275.1_ASM33227v1_genomic_prodigal_proteins	4564	GCA_902616995.1_AG-919-L20_genomic_prodigal_proteins	654	192	53.19	12.99	29.36
GCA_000332275.1_ASM33227v1_genomic_prodigal_proteins	4564	GCA_009845825.1_ASM984582v1_genomic_prodigal_proteins	2168	770	52.77	11.49	35.52
GCA_000332275.1_ASM33227v1_genomic_prodigal_proteins	4564	GCA_000515235.1_ASM51523v1_genomic_prodigal_proteins	2873	1067	51.78	12.34	37.14
GCA_000332275.1_ASM33227v1_genomic_prodigal_proteins	4564	GCA_003523965.1_ASM352396v1_genomic_prodigal_proteins	1735	595	53.46	11.87	34.29
GCA_000332275.1_ASM33227v1_genomic_prodigal_proteins	4564	GCA_002684175.1_ASM268417v1_genomic_prodigal_proteins	1819	612	50.79	11.55	33.64
GCA_000332275.1_ASM33227v1_genomic_prodigal_proteins	4564	GCA_011523295.1_ASM1152329v1_genomic_prodigal_proteins	2851	787	50.46	11.56	27.60
GCA_000332275.1_ASM33227v1_genomic_prodigal_proteins	4564	GCA_003211015.1_ASM321101v1_genomic_prodigal_proteins	2128	739	51.31	11.88	34.73
GCA_000332275.1_ASM33227v1_genomic_prodigal_proteins	4564	GCA_002006815.1_ASM200681v1_genomic_prodigal_proteins	1973	930	52.13	12.08	47.14
GCA_902596755.1_AG-916-D19_genomic_prodigal_proteins	1152	GCA_003211455.1_ASM321145v1_genomic_prodigal_proteins	1186	262	74.85	16.07	22.74
GCA_902596755.1_AG-916-D19_genomic_prodigal_proteins	1152	GCA_003208755.1_ASM320875v1_genomic_prodigal_proteins	690	149	71.00	15.40	21.59
GCA_902596755.1_AG-916-D19_genomic_prodigal_proteins	1152	GCA_007571215.1_ASM757121v1_genomic_prodigal_proteins	1879	407	60.11	13.25	35.33
GCA_902596755.1_AG-916-D19_genomic_prodigal_proteins	1152	GCA_001007635.1_ASM100763v1_genomic_prodigal_proteins	2333	391	60.43	12.98	33.94
GCA_902596755.1_AG-916-D19_genomic_prodigal_proteins	1152	GCA_000179255.1_ASM17925v1_genomic_prodigal_proteins	2729	607	66.95	14.07	52.69
GCA_902596755.1_AG-916-D19_genomic_prodigal_proteins	1152	GCA_003208975.1_ASM320897v1_genomic_prodigal_proteins	1804	421	75.25	14.43	36.55
GCA_902596755.1_AG-916-D19_genomic_prodigal_proteins	1152	GCA_012103655.1_ASM1210365v1_genomic_prodigal_proteins	2723	647	69.82	13.76	56.16
GCA_902596755.1_AG-916-D19_genomic_prodigal_proteins	1152	GCA_902582045.1_AG-912-B07_genomic_prodigal_proteins	196	48	83.94	18.31	24.49
GCA_902596755.1_AG-916-D19_genomic_prodigal_proteins	1152	GCA_000153045.1_ASM15304v1_genomic_prodigal_proteins	3242	589	66.85	13.72	51.13
GCA_902596755.1_AG-916-D19_genomic_prodigal_proteins	1152	GCA_902549675.1_AG-903-B09_genomic_prodigal_proteins	836	265	87.67	13.49	31.70
GCA_902596755.1_AG-916-D19_genomic_prodigal_proteins	1152	GCA_002018045.1_ASM201804v1_genomic_prodigal_proteins	1559	326	60.88	13.23	28.30
GCA_902596755.1_AG-916-D19_genomic_prodigal_proteins	1152	GCA_004213055.1_ASM421305v1_genomic_prodigal_proteins	2241	560	70.63	14.31	48.61
GCA_902596755.1_AG-916-D19_genomic_prodigal_proteins	1152	GCA_007571085.1_ASM757108v1_genomic_prodigal_proteins	1784	398	60.20	13.21	34.55
GCA_902596755.1_AG-916-D19_genomic_prodigal_proteins	1152	GCA_009839805.1_ASM983980v1_genomic_prodigal_proteins	1848	267	58.77	12.59	23.18
GCA_902596755.1_AG-916-D19_genomic_prodigal_proteins	1152	GCA_003210375.1_ASM321037v1_genomic_prodigal_proteins	2155	527	73.38	14.30	45.75
GCA_902596755.1_AG-916-D19_genomic_prodigal_proteins	1152	GCA_004332415.1_ASM433241v1_genomic_prodigal_proteins	2408	646	71.34	13.89	56.08
GCA_902596755.1_AG-916-D19_genomic_prodigal_proteins	1152	GCA_009836025.1_ASM983602v1_genomic_prodigal_proteins	2290	405	60.70	13.27	35.16
GCA_902596755.1_AG-916-D19_genomic_prodigal_proteins	1152	GCA_009843455.1_ASM984345v1_genomic_prodigal_proteins	2423	402	60.57	13.23	34.90
GCA_902596755.1_AG-916-D19_genomic_prodigal_proteins	1152	GCA_009843485.1_ASM984348v1_genomic_prodigal_proteins	2158	420	60.42	13.03	36.46
GCA_902596755.1_AG-916-D19_genomic_prodigal_proteins	1152	GCA_003283135.1_ASM328313v1_genomic_prodigal_proteins	459	69	64.55	16.38	15.03
GCA_902596755.1_AG-916-D19_genomic_prodigal_proteins	1152	GCA_902635485.1_AG-447-G23_genomic_prodigal_proteins	327	98	75.55	15.66	29.97
GCA_902596755.1_AG-916-D19_genomic_prodigal_proteins	1152	GCA_002760415.1_ASM276041v1_genomic_prodigal_proteins	2670	328	52.76	11.62	28.47
GCA_902596755.1_AG-916-D19_genomic_prodigal_proteins	1152	GCA_002754935.1_ASM275493v1_genomic_prodigal_proteins	2664	364	52.94	12.48	31.60
GCA_902596755.1_AG-916-D19_genomic_prodigal_proteins	1152	GCA_002171685.2_ASM217168v2_genomic_prodigal_proteins	811	223	70.22	13.79	27.50
GCA_902596755.1_AG-916-D19_genomic_prodigal_proteins	1152	GCA_000737595.1_ASM73759v1_genomic_prodigal_proteins	2774	718	77.09	13.66	62.33
GCA_902596755.1_AG-916-D19_genomic_prodigal_proteins	1152	GCA_003331785.1_ASM333178v1_genomic_prodigal_proteins	2125	576	70.27	13.48	50.00
GCA_902596755.1_AG-916-D19_genomic_prodigal_proteins	1152	GCA_009842265.1_ASM984226v1_genomic_prodigal_proteins	2398	412	60.40	13.36	35.76
GCA_902596755.1_AG-916-D19_genomic_prodigal_proteins	1152	GCA_902579345.1_AG-911-L15_genomic_prodigal_proteins	248	83	85.06	18.95	33.47
GCA_902596755.1_AG-916-D19_genomic_prodigal_proteins	1152	GCA_000011345.1_ASM1134v1_genomic_prodigal_proteins	2520	375	53.46	12.50	32.55
GCA_902596755.1_AG-916-D19_genomic_prodigal_proteins	1152	GCA_003210705.1_ASM321070v1_genomic_prodigal_proteins	2244	475	68.90	14.07	41.23
GCA_902596755.1_AG-916-D19_genomic_prodigal_proteins	1152	GCA_000019485.1_ASM1948v1_genomic_prodigal_proteins	3233	393	53.08	12.88	34.11
GCA_902596755.1_AG-916-D19_genomic_prodigal_proteins	1152	GCA_003283055.1_ASM328305v1_genomic_prodigal_proteins	482	29	60.81	13.93	6.02
GCA_902596755.1_AG-916-D19_genomic_prodigal_proteins	1152	GCA_000010065.1_ASM1006v1_genomic_prodigal_proteins	2691	414	55.73	12.92	35.94
GCA_902596755.1_AG-916-D19_genomic_prodigal_proteins	1152	GCA_000316685.1_ASM31668v1_genomic_prodigal_proteins	3706	384	53.19	12.63	33.33
GCA_902596755.1_AG-916-D19_genomic_prodigal_proteins	1152	GCA_000063525.1_ASM6352v1_genomic_prodigal_proteins	2540	606	65.56	13.95	52.60
GCA_902596755.1_AG-916-D19_genomic_prodigal_proteins	1152	GCA_003283165.1_ASM328316v1_genomic_prodigal_proteins	217	46	70.27	16.76	21.20
GCA_902596755.1_AG-916-D19_genomic_prodigal_proteins	1152	GCA_902540675.1_AG-359-E22_genomic_prodigal_proteins	584	153	90.78	15.46	26.20
GCA_902596755.1_AG-916-D19_genomic_prodigal_proteins	1152	GCA_011055065.1_ASM1105506v1_genomic_prodigal_proteins	2792	316	52.90	11.83	27.43
GCA_902596755.1_AG-916-D19_genomic_prodigal_proteins	1152	GCA_000013205.1_ASM1320v1_genomic_prodigal_proteins	2750	338	52.98	11.58	29.34
GCA_902596755.1_AG-916-D19_genomic_prodigal_proteins	1152	GCA_003539795.1_ASM353979v1_genomic_prodigal_proteins	2284	540	75.76	14.33	46.88
GCA_902596755.1_AG-916-D19_genomic_prodigal_proteins	1152	GCA_002171995.1_ASM217199v1_genomic_prodigal_proteins	1978	390	70.27	13.79	33.85
GCA_902596755.1_AG-916-D19_genomic_prodigal_proteins	1152	GCA_011523835.1_ASM1152383v1_genomic_prodigal_proteins	2468	558	69.99	14.13	48.44
GCA_902596755.1_AG-916-D19_genomic_prodigal_proteins	1152	GCA_002172175.1_ASM217217v1_genomic_prodigal_proteins	1846	443	63.58	13.67	38.45
GCA_902596755.1_AG-916-D19_genomic_prodigal_proteins	1152	GCA_003208835.1_ASM320883v1_genomic_prodigal_proteins	2208	463	73.84	14.48	40.19
GCA_902596755.1_AG-916-D19_genomic_prodigal_proteins	1152	GCA_902589915.1_AG-914-F20_genomic_prodigal_proteins	373	115	89.06	14.98	30.83
GCA_902596755.1_AG-916-D19_genomic_prodigal_proteins	1152	GCA_000485815.1_ASM48581v1_genomic_prodigal_proteins	3083	370	53.54	12.91	32.12
GCA_902596755.1_AG-916-D19_genomic_prodigal_proteins	1152	GCA_008807075.1_ASM880707v1_genomic_prodigal_proteins	2925	598	65.31	14.07	51.91
GCA_902596755.1_AG-916-D19_genomic_prodigal_proteins	1152	GCA_000179235.2_ASM17923v2_genomic_prodigal_proteins	3071	602	67.39	13.70	52.26
GCA_902596755.1_AG-916-D19_genomic_prodigal_proteins	1152	GCA_003210795.1_ASM321079v1_genomic_prodigal_proteins	2239	588	77.69	12.71	51.04
GCA_902596755.1_AG-916-D19_genomic_prodigal_proteins	1152	GCA_002706715.1_ASM270671v1_genomic_prodigal_proteins	1148	343	77.62	13.60	29.88
GCA_902596755.1_AG-916-D19_genomic_prodigal_proteins	1152	GCA_003331245.1_ASM333124v1_genomic_prodigal_proteins	2021	614	76.34	13.98	53.30
GCA_902596755.1_AG-916-D19_genomic_prodigal_proteins	1152	GCA_009843385.1_ASM984338v1_genomic_prodigal_proteins	2085	340	60.68	13.48	29.51
GCA_902596755.1_AG-916-D19_genomic_prodigal_proteins	1152	GCA_003211205.1_ASM321120v1_genomic_prodigal_proteins	2288	537	69.04	14.08	46.61
GCA_902596755.1_AG-916-D19_genomic_prodigal_proteins	1152	GCA_000063505.1_ASM6350v1_genomic_prodigal_proteins	2558	679	70.47	14.59	58.94
GCA_902596755.1_AG-916-D19_genomic_prodigal_proteins	1152	GCA_900474245.1_UW179B_genomic_prodigal_proteins	2743	646	70.05	13.65	56.08
GCA_902596755.1_AG-916-D19_genomic_prodigal_proteins	1152	GCA_003210345.1_ASM321034v1_genomic_prodigal_proteins	1256	323	73.22	14.76	28.04
GCA_902596755.1_AG-916-D19_genomic_prodigal_proteins	1152	GCA_003210315.1_ASM321031v1_genomic_prodigal_proteins	1815	402	67.91	14.49	34.90
GCA_902596755.1_AG-916-D19_genomic_prodigal_proteins	1152	GCA_009836155.1_ASM983615v1_genomic_prodigal_proteins	1947	387	60.56	13.27	33.59
GCA_902596755.1_AG-916-D19_genomic_prodigal_proteins	1152	GCA_003990665.2_ASM399066v2_genomic_prodigal_proteins	2499	375	53.43	12.47	32.55
GCA_902596755.1_AG-916-D19_genomic_prodigal_proteins	1152	GCA_003209135.1_ASM320913v1_genomic_prodigal_proteins	1719	417	71.77	15.58	36.20
GCA_902596755.1_AG-916-D19_genomic_prodigal_proteins	1152	GCA_009845105.1_ASM984510v1_genomic_prodigal_proteins	1941	335	59.90	13.57	29.08
GCA_902596755.1_AG-916-D19_genomic_prodigal_proteins	1152	GCA_002690325.1_ASM269032v1_genomic_prodigal_proteins	2554	650	74.00	13.72	56.42
GCA_902596755.1_AG-916-D19_genomic_prodigal_proteins	1152	GCA_000161795.2_ASM16179v2_genomic_prodigal_proteins	2407	686	78.15	13.01	59.55
GCA_902596755.1_AG-916-D19_genomic_prodigal_proteins	1152	GCA_004211895.1_ASM421189v1_genomic_prodigal_proteins	954	252	75.78	14.87	26.42
GCA_902596755.1_AG-916-D19_genomic_prodigal_proteins	1152	GCA_003210735.1_ASM321073v1_genomic_prodigal_proteins	2337	577	76.96	12.70	50.09
GCA_902596755.1_AG-916-D19_genomic_prodigal_proteins	1152	GCA_003209035.1_ASM320903v1_genomic_prodigal_proteins	1803	478	76.02	14.03	41.49
GCA_902596755.1_AG-916-D19_genomic_prodigal_proteins	1152	GCA_003712085.1_ASM371208v1_genomic_prodigal_proteins	2745	884	96.47	7.80	76.74
GCA_902596755.1_AG-916-D19_genomic_prodigal_proteins	1152	GCA_003212155.1_ASM321215v1_genomic_prodigal_proteins	262	56	66.46	16.38	21.37
GCA_902596755.1_AG-916-D19_genomic_prodigal_proteins	1152	GCA_001040845.1_ASM104084v1_genomic_prodigal_proteins	2917	652	70.00	13.70	56.60
GCA_902596755.1_AG-916-D19_genomic_prodigal_proteins	1152	GCA_002018015.1_ASM201801v1_genomic_prodigal_proteins	1578	314	60.97	13.40	27.26
GCA_902596755.1_AG-916-D19_genomic_prodigal_proteins	1152	GCA_003211255.1_ASM321125v1_genomic_prodigal_proteins	1850	474	75.41	13.93	41.15
GCA_902596755.1_AG-916-D19_genomic_prodigal_proteins	1152	GCA_002721235.1_ASM272123v1_genomic_prodigal_proteins	3119	390	53.29	12.76	33.85
GCA_902596755.1_AG-916-D19_genomic_prodigal_proteins	1152	GCA_009839305.1_ASM983930v1_genomic_prodigal_proteins	1816	331	60.90	13.32	28.73
GCA_902596755.1_AG-916-D19_genomic_prodigal_proteins	1152	GCA_011365345.1_ASM1136534v1_genomic_prodigal_proteins	2655	717	77.23	13.62	62.24
GCA_902596755.1_AG-916-D19_genomic_prodigal_proteins	1152	GCA_001039265.1_ASM103926v1_genomic_prodigal_proteins	2832	402	68.49	13.87	34.90
GCA_902596755.1_AG-916-D19_genomic_prodigal_proteins	1152	GCA_001628325.1_ASM162832v1_genomic_prodigal_proteins	2129	631	77.51	13.64	54.77
GCA_902596755.1_AG-916-D19_genomic_prodigal_proteins	1152	GCA_003209215.1_ASM320921v1_genomic_prodigal_proteins	1679	433	76.66	14.10	37.59
GCA_902596755.1_AG-916-D19_genomic_prodigal_proteins	1152	GCA_002737305.1_ASM273730v1_genomic_prodigal_proteins	1951	439	66.50	14.26	38.11
GCA_902596755.1_AG-916-D19_genomic_prodigal_proteins	1152	GCA_003210515.1_ASM321051v1_genomic_prodigal_proteins	1673	408	73.78	14.12	35.42
GCA_902596755.1_AG-916-D19_genomic_prodigal_proteins	1152	GCA_011525445.1_ASM1152544v1_genomic_prodigal_proteins	3208	582	69.40	14.04	50.52
GCA_902596755.1_AG-916-D19_genomic_prodigal_proteins	1152	GCA_902599435.1_AG-916-N22_genomic_prodigal_proteins	793	222	87.70	14.09	27.99
GCA_902596755.1_AG-916-D19_genomic_prodigal_proteins	1152	GCA_003149585.1_ASM314958v1_genomic_prodigal_proteins	2600	606	66.78	14.22	52.60
GCA_902596755.1_AG-916-D19_genomic_prodigal_proteins	1152	GCA_902560665.1_AG-905-O11_genomic_prodigal_proteins	401	127	91.57	12.69	31.67
GCA_902596755.1_AG-916-D19_genomic_prodigal_proteins	1152	GCA_003331795.1_ASM333179v1_genomic_prodigal_proteins	1948	503	65.01	14.48	43.66
GCA_902596755.1_AG-916-D19_genomic_prodigal_proteins	1152	GCA_002017955.1_ASM201795v1_genomic_prodigal_proteins	512	87	60.66	13.52	16.99
GCA_902596755.1_AG-916-D19_genomic_prodigal_proteins	1152	GCA_902584485.1_AG-912-O23_genomic_prodigal_proteins	535	208	93.01	14.61	38.88
GCA_902596755.1_AG-916-D19_genomic_prodigal_proteins	1152	GCA_902527915.1_AG-896-G19_genomic_prodigal_proteins	1003	274	92.69	13.42	27.32
GCA_902596755.1_AG-916-D19_genomic_prodigal_proteins	1152	GCA_902635365.1_AG-447-D19_genomic_prodigal_proteins	1690	370	74.02	14.94	32.12
GCA_902596755.1_AG-916-D19_genomic_prodigal_proteins	1152	GCA_900474085.1_UW86_genomic_prodigal_proteins	2403	701	77.68	13.55	60.85
GCA_902596755.1_AG-916-D19_genomic_prodigal_proteins	1152	GCA_001885215.1_ASM188521v1_genomic_prodigal_proteins	2897	576	65.59	13.45	50.00
GCA_902596755.1_AG-916-D19_genomic_prodigal_proteins	1152	GCA_902575935.1_AG-426-B22_genomic_prodigal_proteins	254	86	76.53	14.51	33.86
GCA_902596755.1_AG-916-D19_genomic_prodigal_proteins	1152	GCA_900474295.1_UW140_genomic_prodigal_proteins	2925	677	70.49	14.12	58.77
GCA_902596755.1_AG-916-D19_genomic_prodigal_proteins	1152	GCA_003211565.1_ASM321156v1_genomic_prodigal_proteins	1489	345	76.76	14.50	29.95
GCA_902596755.1_AG-916-D19_genomic_prodigal_proteins	1152	GCA_003526105.1_ASM352610v1_genomic_prodigal_proteins	1581	400	77.31	14.05	34.72
GCA_902596755.1_AG-916-D19_genomic_prodigal_proteins	1152	GCA_002172935.1_ASM217293v1_genomic_prodigal_proteins	1996	492	69.27	14.10	42.71
GCA_902596755.1_AG-916-D19_genomic_prodigal_proteins	1152	GCA_003210335.1_ASM321033v1_genomic_prodigal_proteins	942	164	66.16	14.88	17.41
GCA_902596755.1_AG-916-D19_genomic_prodigal_proteins	1152	GCA_009846115.1_ASM984611v1_genomic_prodigal_proteins	2048	372	60.30	13.05	32.29
GCA_902596755.1_AG-916-D19_genomic_prodigal_proteins	1152	GCA_001693295.1_ASM169329v1_genomic_prodigal_proteins	3183	389	53.23	12.83	33.77
GCA_902596755.1_AG-916-D19_genomic_prodigal_proteins	1152	GCA_900473965.1_UW179A_genomic_prodigal_proteins	3383	669	69.42	13.93	58.07
GCA_902596755.1_AG-916-D19_genomic_prodigal_proteins	1152	GCA_003213755.1_ASM321375v1_genomic_prodigal_proteins	1050	236	65.07	15.00	22.48
GCA_902596755.1_AG-916-D19_genomic_prodigal_proteins	1152	GCA_003209155.1_ASM320915v1_genomic_prodigal_proteins	2305	507	69.08	13.99	44.01
GCA_902596755.1_AG-916-D19_genomic_prodigal_proteins	1152	GCA_003211515.1_ASM321151v1_genomic_prodigal_proteins	2451	530	72.64	15.17	46.01
GCA_902596755.1_AG-916-D19_genomic_prodigal_proteins	1152	GCA_002693285.1_ASM269328v1_genomic_prodigal_proteins	2440	592	69.74	14.06	51.39
GCA_902596755.1_AG-916-D19_genomic_prodigal_proteins	1152	GCA_003210555.1_ASM321055v1_genomic_prodigal_proteins	1847	427	68.48	14.24	37.07
GCA_902596755.1_AG-916-D19_genomic_prodigal_proteins	1152	GCA_000155595.1_ASM15559v1_genomic_prodigal_proteins	5270	410	52.80	12.72	35.59
GCA_902596755.1_AG-916-D19_genomic_prodigal_proteins	1152	GCA_001007665.1_ASM100766v1_genomic_prodigal_proteins	2356	425	60.15	13.16	36.89
GCA_902596755.1_AG-916-D19_genomic_prodigal_proteins	1152	GCA_009919765.1_ASM991976v1_genomic_prodigal_proteins	2524	436	64.42	14.52	37.85
GCA_902596755.1_AG-916-D19_genomic_prodigal_proteins	1152	GCA_003331225.1_ASM333122v1_genomic_prodigal_proteins	2113	537	64.74	14.04	46.61
GCA_902596755.1_AG-916-D19_genomic_prodigal_proteins	1152	GCA_900177825.1_IMG-taxon_2708742468_annotated_assembly_genomic_prodigal_proteins	3317	389	53.23	12.85	33.77
GCA_902596755.1_AG-916-D19_genomic_prodigal_proteins	1152	GCA_000195975.1_ASM19597v1_genomic_prodigal_proteins	2719	853	96.48	6.63	74.05
GCA_902596755.1_AG-916-D19_genomic_prodigal_proteins	1152	GCA_902618885.1_AG-920-D15_genomic_prodigal_proteins	1178	398	96.54	10.68	34.55
GCA_902596755.1_AG-916-D19_genomic_prodigal_proteins	1152	GCA_003209165.1_ASM320916v1_genomic_prodigal_proteins	2711	660	76.59	13.58	57.29
GCA_902596755.1_AG-916-D19_genomic_prodigal_proteins	1152	GCA_001007625.1_ASM100762v1_genomic_prodigal_proteins	2478	379	60.76	13.04	32.90
GCA_902596755.1_AG-916-D19_genomic_prodigal_proteins	1152	GCA_008386235.1_ASM838623v1_genomic_prodigal_proteins	2571	383	52.81	12.61	33.25
GCA_902596755.1_AG-916-D19_genomic_prodigal_proteins	1152	GCA_001631935.1_ASM163193v1_genomic_prodigal_proteins	3526	665	69.71	14.01	57.73
GCA_902596755.1_AG-916-D19_genomic_prodigal_proteins	1152	GCA_002151525.1_ASM215152v1_genomic_prodigal_proteins	1628	428	63.55	14.45	37.15
GCA_902596755.1_AG-916-D19_genomic_prodigal_proteins	1152	GCA_000153065.1_ASM15306v1_genomic_prodigal_proteins	2704	626	71.59	13.46	54.34
GCA_902596755.1_AG-916-D19_genomic_prodigal_proteins	1152	GCA_009837265.1_ASM983726v1_genomic_prodigal_proteins	2126	396	60.40	13.14	34.38
GCA_902596755.1_AG-916-D19_genomic_prodigal_proteins	1152	GCA_902533725.1_AG-898-C20_genomic_prodigal_proteins	421	74	71.29	19.16	17.58
GCA_902596755.1_AG-916-D19_genomic_prodigal_proteins	1152	GCA_002171075.2_ASM217107v2_genomic_prodigal_proteins	1919	416	64.24	13.56	36.11
GCA_902596755.1_AG-916-D19_genomic_prodigal_proteins	1152	GCA_002760395.1_ASM276039v1_genomic_prodigal_proteins	2661	327	52.87	11.63	28.39
GCA_902596755.1_AG-916-D19_genomic_prodigal_proteins	1152	GCA_003209005.1_ASM320900v1_genomic_prodigal_proteins	2548	551	68.86	14.17	47.83
GCA_902596755.1_AG-916-D19_genomic_prodigal_proteins	1152	GCA_002017915.1_ASM201791v1_genomic_prodigal_proteins	623	105	62.81	14.69	16.85
GCA_902596755.1_AG-916-D19_genomic_prodigal_proteins	1152	GCA_900047545.1_m9_genomic_prodigal_proteins	1575	320	60.29	13.26	27.78
GCA_902596755.1_AG-916-D19_genomic_prodigal_proteins	1152	GCA_001632105.1_ASM163210v1_genomic_prodigal_proteins	3521	667	69.73	13.97	57.90
GCA_902596755.1_AG-916-D19_genomic_prodigal_proteins	1152	GCA_004212765.1_ASM421276v1_genomic_prodigal_proteins	1162	354	88.80	12.04	30.73
GCA_902596755.1_AG-916-D19_genomic_prodigal_proteins	1152	GCA_002685515.1_ASM268551v1_genomic_prodigal_proteins	1286	294	67.22	14.16	25.52
GCA_902596755.1_AG-916-D19_genomic_prodigal_proteins	1152	GCA_007828135.1_ASM782813v1_genomic_prodigal_proteins	2917	576	65.67	13.49	50.00
GCA_902596755.1_AG-916-D19_genomic_prodigal_proteins	1152	GCA_011047875.1_ASM1104787v1_genomic_prodigal_proteins	2810	329	52.95	11.84	28.56
GCA_902596755.1_AG-916-D19_genomic_prodigal_proteins	1152	GCA_009840445.1_ASM984044v1_genomic_prodigal_proteins	2167	430	60.21	13.08	37.33
GCA_902596755.1_AG-916-D19_genomic_prodigal_proteins	1152	GCA_003210995.1_ASM321099v1_genomic_prodigal_proteins	2385	514	68.56	14.78	44.62
GCA_902596755.1_AG-916-D19_genomic_prodigal_proteins	1152	GCA_902616995.1_AG-919-L20_genomic_prodigal_proteins	654	197	91.57	13.18	30.12
GCA_902596755.1_AG-916-D19_genomic_prodigal_proteins	1152	GCA_009845825.1_ASM984582v1_genomic_prodigal_proteins	2168	368	60.76	13.19	31.94
GCA_902596755.1_AG-916-D19_genomic_prodigal_proteins	1152	GCA_000515235.1_ASM51523v1_genomic_prodigal_proteins	2873	744	73.75	14.55	64.58
GCA_902596755.1_AG-916-D19_genomic_prodigal_proteins	1152	GCA_003523965.1_ASM352396v1_genomic_prodigal_proteins	1735	295	61.99	13.16	25.61
GCA_902596755.1_AG-916-D19_genomic_prodigal_proteins	1152	GCA_002684175.1_ASM268417v1_genomic_prodigal_proteins	1819	421	72.87	13.06	36.55
GCA_902596755.1_AG-916-D19_genomic_prodigal_proteins	1152	GCA_011523295.1_ASM1152329v1_genomic_prodigal_proteins	2851	575	73.16	14.14	49.91
GCA_902596755.1_AG-916-D19_genomic_prodigal_proteins	1152	GCA_003211015.1_ASM321101v1_genomic_prodigal_proteins	2128	509	69.43	14.13	44.18
GCA_902596755.1_AG-916-D19_genomic_prodigal_proteins	1152	GCA_002006815.1_ASM200681v1_genomic_prodigal_proteins	1973	493	63.15	14.23	42.80
GCA_003208755.1_ASM320875v1_genomic_prodigal_proteins	690	GCA_007571215.1_ASM757121v1_genomic_prodigal_proteins	1879	248	60.62	13.15	35.94
GCA_003208755.1_ASM320875v1_genomic_prodigal_proteins	690	GCA_001007635.1_ASM100763v1_genomic_prodigal_proteins	2333	233	61.09	12.79	33.77
GCA_003208755.1_ASM320875v1_genomic_prodigal_proteins	690	GCA_000179255.1_ASM17925v1_genomic_prodigal_proteins	2729	378	65.99	14.39	54.78
GCA_003208755.1_ASM320875v1_genomic_prodigal_proteins	690	GCA_003208975.1_ASM320897v1_genomic_prodigal_proteins	1804	267	74.30	13.80	38.70
GCA_003208755.1_ASM320875v1_genomic_prodigal_proteins	690	GCA_012103655.1_ASM1210365v1_genomic_prodigal_proteins	2723	428	70.45	13.89	62.03
GCA_003208755.1_ASM320875v1_genomic_prodigal_proteins	690	GCA_902582045.1_AG-912-B07_genomic_prodigal_proteins	196	27	69.21	17.18	13.78
GCA_003208755.1_ASM320875v1_genomic_prodigal_proteins	690	GCA_000153045.1_ASM15304v1_genomic_prodigal_proteins	3242	376	67.02	14.85	54.49
GCA_003208755.1_ASM320875v1_genomic_prodigal_proteins	690	GCA_902549675.1_AG-903-B09_genomic_prodigal_proteins	836	92	74.39	15.05	13.33
GCA_003208755.1_ASM320875v1_genomic_prodigal_proteins	690	GCA_002018045.1_ASM201804v1_genomic_prodigal_proteins	1559	178	62.19	12.96	25.80
GCA_003208755.1_ASM320875v1_genomic_prodigal_proteins	690	GCA_004213055.1_ASM421305v1_genomic_prodigal_proteins	2241	373	70.99	13.89	54.06
GCA_003208755.1_ASM320875v1_genomic_prodigal_proteins	690	GCA_007571085.1_ASM757108v1_genomic_prodigal_proteins	1784	234	60.21	13.26	33.91
GCA_003208755.1_ASM320875v1_genomic_prodigal_proteins	690	GCA_009839805.1_ASM983980v1_genomic_prodigal_proteins	1848	170	58.48	12.44	24.64
GCA_003208755.1_ASM320875v1_genomic_prodigal_proteins	690	GCA_003210375.1_ASM321037v1_genomic_prodigal_proteins	2155	331	87.54	11.29	47.97
GCA_003208755.1_ASM320875v1_genomic_prodigal_proteins	690	GCA_004332415.1_ASM433241v1_genomic_prodigal_proteins	2408	411	70.60	13.85	59.57
GCA_003208755.1_ASM320875v1_genomic_prodigal_proteins	690	GCA_009836025.1_ASM983602v1_genomic_prodigal_proteins	2290	249	60.89	13.10	36.09
GCA_003208755.1_ASM320875v1_genomic_prodigal_proteins	690	GCA_009843455.1_ASM984345v1_genomic_prodigal_proteins	2423	239	60.62	13.11	34.64
GCA_003208755.1_ASM320875v1_genomic_prodigal_proteins	690	GCA_009843485.1_ASM984348v1_genomic_prodigal_proteins	2158	246	60.32	13.12	35.65
GCA_003208755.1_ASM320875v1_genomic_prodigal_proteins	690	GCA_003283135.1_ASM328313v1_genomic_prodigal_proteins	459	39	67.19	17.04	8.50
GCA_003208755.1_ASM320875v1_genomic_prodigal_proteins	690	GCA_902635485.1_AG-447-G23_genomic_prodigal_proteins	327	40	70.53	14.86	12.23
GCA_003208755.1_ASM320875v1_genomic_prodigal_proteins	690	GCA_002760415.1_ASM276041v1_genomic_prodigal_proteins	2670	185	53.25	11.82	26.81
GCA_003208755.1_ASM320875v1_genomic_prodigal_proteins	690	GCA_002754935.1_ASM275493v1_genomic_prodigal_proteins	2664	226	52.86	12.40	32.75
GCA_003208755.1_ASM320875v1_genomic_prodigal_proteins	690	GCA_002171685.2_ASM217168v2_genomic_prodigal_proteins	811	117	68.33	15.47	16.96
GCA_003208755.1_ASM320875v1_genomic_prodigal_proteins	690	GCA_000737595.1_ASM73759v1_genomic_prodigal_proteins	2774	459	76.19	13.08	66.52
GCA_003208755.1_ASM320875v1_genomic_prodigal_proteins	690	GCA_003331785.1_ASM333178v1_genomic_prodigal_proteins	2125	410	69.93	14.39	59.42
GCA_003208755.1_ASM320875v1_genomic_prodigal_proteins	690	GCA_009842265.1_ASM984226v1_genomic_prodigal_proteins	2398	246	60.37	13.24	35.65
GCA_003208755.1_ASM320875v1_genomic_prodigal_proteins	690	GCA_902579345.1_AG-911-L15_genomic_prodigal_proteins	248	21	62.02	15.68	8.47
GCA_003208755.1_ASM320875v1_genomic_prodigal_proteins	690	GCA_000011345.1_ASM1134v1_genomic_prodigal_proteins	2520	228	53.30	12.47	33.04
GCA_003208755.1_ASM320875v1_genomic_prodigal_proteins	690	GCA_003210705.1_ASM321070v1_genomic_prodigal_proteins	2244	310	68.07	14.81	44.93
GCA_003208755.1_ASM320875v1_genomic_prodigal_proteins	690	GCA_000019485.1_ASM1948v1_genomic_prodigal_proteins	3233	233	53.30	13.42	33.77
GCA_003208755.1_ASM320875v1_genomic_prodigal_proteins	690	GCA_003283055.1_ASM328305v1_genomic_prodigal_proteins	482	30	71.01	14.29	6.22
GCA_003208755.1_ASM320875v1_genomic_prodigal_proteins	690	GCA_000010065.1_ASM1006v1_genomic_prodigal_proteins	2691	267	55.64	12.99	38.70
GCA_003208755.1_ASM320875v1_genomic_prodigal_proteins	690	GCA_000316685.1_ASM31668v1_genomic_prodigal_proteins	3706	227	54.15	12.38	32.90
GCA_003208755.1_ASM320875v1_genomic_prodigal_proteins	690	GCA_000063525.1_ASM6352v1_genomic_prodigal_proteins	2540	383	65.63	14.26	55.51
GCA_003208755.1_ASM320875v1_genomic_prodigal_proteins	690	GCA_003283165.1_ASM328316v1_genomic_prodigal_proteins	217	12	65.34	17.35	5.53
GCA_003208755.1_ASM320875v1_genomic_prodigal_proteins	690	GCA_902540675.1_AG-359-E22_genomic_prodigal_proteins	584	76	66.32	16.14	13.01
GCA_003208755.1_ASM320875v1_genomic_prodigal_proteins	690	GCA_011055065.1_ASM1105506v1_genomic_prodigal_proteins	2792	186	53.26	12.20	26.96
GCA_003208755.1_ASM320875v1_genomic_prodigal_proteins	690	GCA_000013205.1_ASM1320v1_genomic_prodigal_proteins	2750	191	53.18	11.82	27.68
GCA_003208755.1_ASM320875v1_genomic_prodigal_proteins	690	GCA_003539795.1_ASM353979v1_genomic_prodigal_proteins	2284	357	73.20	13.03	51.74
GCA_003208755.1_ASM320875v1_genomic_prodigal_proteins	690	GCA_002171995.1_ASM217199v1_genomic_prodigal_proteins	1978	241	69.70	14.70	34.93
GCA_003208755.1_ASM320875v1_genomic_prodigal_proteins	690	GCA_011523835.1_ASM1152383v1_genomic_prodigal_proteins	2468	382	69.35	14.28	55.36
GCA_003208755.1_ASM320875v1_genomic_prodigal_proteins	690	GCA_002172175.1_ASM217217v1_genomic_prodigal_proteins	1846	248	64.13	14.16	35.94
GCA_003208755.1_ASM320875v1_genomic_prodigal_proteins	690	GCA_003208835.1_ASM320883v1_genomic_prodigal_proteins	2208	397	88.80	9.83	57.54
GCA_003208755.1_ASM320875v1_genomic_prodigal_proteins	690	GCA_902589915.1_AG-914-F20_genomic_prodigal_proteins	373	41	72.40	16.48	10.99
GCA_003208755.1_ASM320875v1_genomic_prodigal_proteins	690	GCA_000485815.1_ASM48581v1_genomic_prodigal_proteins	3083	221	53.56	13.19	32.03
GCA_003208755.1_ASM320875v1_genomic_prodigal_proteins	690	GCA_008807075.1_ASM880707v1_genomic_prodigal_proteins	2925	367	65.63	13.54	53.19
GCA_003208755.1_ASM320875v1_genomic_prodigal_proteins	690	GCA_000179235.2_ASM17923v2_genomic_prodigal_proteins	3071	377	66.70	14.04	54.64
GCA_003208755.1_ASM320875v1_genomic_prodigal_proteins	690	GCA_003210795.1_ASM321079v1_genomic_prodigal_proteins	2239	346	73.60	13.88	50.14
GCA_003208755.1_ASM320875v1_genomic_prodigal_proteins	690	GCA_002706715.1_ASM270671v1_genomic_prodigal_proteins	1148	187	75.26	14.02	27.10
GCA_003208755.1_ASM320875v1_genomic_prodigal_proteins	690	GCA_003331245.1_ASM333124v1_genomic_prodigal_proteins	2021	337	74.26	13.16	48.84
GCA_003208755.1_ASM320875v1_genomic_prodigal_proteins	690	GCA_009843385.1_ASM984338v1_genomic_prodigal_proteins	2085	220	60.45	13.38	31.88
GCA_003208755.1_ASM320875v1_genomic_prodigal_proteins	690	GCA_003211205.1_ASM321120v1_genomic_prodigal_proteins	2288	324	68.25	15.21	46.96
GCA_003208755.1_ASM320875v1_genomic_prodigal_proteins	690	GCA_000063505.1_ASM6350v1_genomic_prodigal_proteins	2558	422	70.22	13.98	61.16
GCA_003208755.1_ASM320875v1_genomic_prodigal_proteins	690	GCA_900474245.1_UW179B_genomic_prodigal_proteins	2743	426	70.50	13.89	61.74
GCA_003208755.1_ASM320875v1_genomic_prodigal_proteins	690	GCA_003210345.1_ASM321034v1_genomic_prodigal_proteins	1256	242	87.63	12.49	35.07
GCA_003208755.1_ASM320875v1_genomic_prodigal_proteins	690	GCA_003210315.1_ASM321031v1_genomic_prodigal_proteins	1815	309	69.80	14.45	44.78
GCA_003208755.1_ASM320875v1_genomic_prodigal_proteins	690	GCA_009836155.1_ASM983615v1_genomic_prodigal_proteins	1947	233	61.25	13.25	33.77
GCA_003208755.1_ASM320875v1_genomic_prodigal_proteins	690	GCA_003990665.2_ASM399066v2_genomic_prodigal_proteins	2499	228	53.30	12.47	33.04
GCA_003208755.1_ASM320875v1_genomic_prodigal_proteins	690	GCA_003209135.1_ASM320913v1_genomic_prodigal_proteins	1719	285	72.97	14.72	41.30
GCA_003208755.1_ASM320875v1_genomic_prodigal_proteins	690	GCA_009845105.1_ASM984510v1_genomic_prodigal_proteins	1941	184	60.31	12.95	26.67
GCA_003208755.1_ASM320875v1_genomic_prodigal_proteins	690	GCA_002690325.1_ASM269032v1_genomic_prodigal_proteins	2554	449	73.39	13.65	65.07
GCA_003208755.1_ASM320875v1_genomic_prodigal_proteins	690	GCA_000161795.2_ASM16179v2_genomic_prodigal_proteins	2407	445	76.98	12.75	64.49
GCA_003208755.1_ASM320875v1_genomic_prodigal_proteins	690	GCA_004211895.1_ASM421189v1_genomic_prodigal_proteins	954	198	77.13	14.00	28.70
GCA_003208755.1_ASM320875v1_genomic_prodigal_proteins	690	GCA_003210735.1_ASM321073v1_genomic_prodigal_proteins	2337	384	73.98	13.40	55.65
GCA_003208755.1_ASM320875v1_genomic_prodigal_proteins	690	GCA_003209035.1_ASM320903v1_genomic_prodigal_proteins	1803	272	72.49	14.81	39.42
GCA_003208755.1_ASM320875v1_genomic_prodigal_proteins	690	GCA_003712085.1_ASM371208v1_genomic_prodigal_proteins	2745	460	75.85	12.97	66.67
GCA_003208755.1_ASM320875v1_genomic_prodigal_proteins	690	GCA_003212155.1_ASM321215v1_genomic_prodigal_proteins	262	16	62.72	19.35	6.11
GCA_003208755.1_ASM320875v1_genomic_prodigal_proteins	690	GCA_001040845.1_ASM104084v1_genomic_prodigal_proteins	2917	435	69.96	13.96	63.04
GCA_003208755.1_ASM320875v1_genomic_prodigal_proteins	690	GCA_002018015.1_ASM201801v1_genomic_prodigal_proteins	1578	180	61.15	12.91	26.09
GCA_003208755.1_ASM320875v1_genomic_prodigal_proteins	690	GCA_003211255.1_ASM321125v1_genomic_prodigal_proteins	1850	284	72.60	14.01	41.16
GCA_003208755.1_ASM320875v1_genomic_prodigal_proteins	690	GCA_002721235.1_ASM272123v1_genomic_prodigal_proteins	3119	234	53.28	13.38	33.91
GCA_003208755.1_ASM320875v1_genomic_prodigal_proteins	690	GCA_009839305.1_ASM983930v1_genomic_prodigal_proteins	1816	198	60.82	13.11	28.70
GCA_003208755.1_ASM320875v1_genomic_prodigal_proteins	690	GCA_011365345.1_ASM1136534v1_genomic_prodigal_proteins	2655	481	76.30	12.71	69.71
GCA_003208755.1_ASM320875v1_genomic_prodigal_proteins	690	GCA_001039265.1_ASM103926v1_genomic_prodigal_proteins	2832	258	66.67	14.41	37.39
GCA_003208755.1_ASM320875v1_genomic_prodigal_proteins	690	GCA_001628325.1_ASM162832v1_genomic_prodigal_proteins	2129	418	76.96	13.17	60.58
GCA_003208755.1_ASM320875v1_genomic_prodigal_proteins	690	GCA_003209215.1_ASM320921v1_genomic_prodigal_proteins	1679	250	74.72	14.09	36.23
GCA_003208755.1_ASM320875v1_genomic_prodigal_proteins	690	GCA_002737305.1_ASM273730v1_genomic_prodigal_proteins	1951	290	65.86	14.63	42.03
GCA_003208755.1_ASM320875v1_genomic_prodigal_proteins	690	GCA_003210515.1_ASM321051v1_genomic_prodigal_proteins	1673	276	90.12	11.81	40.00
GCA_003208755.1_ASM320875v1_genomic_prodigal_proteins	690	GCA_011525445.1_ASM1152544v1_genomic_prodigal_proteins	3208	353	69.12	13.94	51.16
GCA_003208755.1_ASM320875v1_genomic_prodigal_proteins	690	GCA_902599435.1_AG-916-N22_genomic_prodigal_proteins	793	121	74.02	16.27	17.54
GCA_003208755.1_ASM320875v1_genomic_prodigal_proteins	690	GCA_003149585.1_ASM314958v1_genomic_prodigal_proteins	2600	385	66.06	14.63	55.80
GCA_003208755.1_ASM320875v1_genomic_prodigal_proteins	690	GCA_902560665.1_AG-905-O11_genomic_prodigal_proteins	401	66	73.69	16.06	16.46
GCA_003208755.1_ASM320875v1_genomic_prodigal_proteins	690	GCA_003331795.1_ASM333179v1_genomic_prodigal_proteins	1948	315	64.47	14.46	45.65
GCA_003208755.1_ASM320875v1_genomic_prodigal_proteins	690	GCA_002017955.1_ASM201795v1_genomic_prodigal_proteins	512	56	59.09	12.99	10.94
GCA_003208755.1_ASM320875v1_genomic_prodigal_proteins	690	GCA_902584485.1_AG-912-O23_genomic_prodigal_proteins	535	38	70.96	17.42	7.10
GCA_003208755.1_ASM320875v1_genomic_prodigal_proteins	690	GCA_902527915.1_AG-896-G19_genomic_prodigal_proteins	1003	227	75.13	14.29	32.90
GCA_003208755.1_ASM320875v1_genomic_prodigal_proteins	690	GCA_902635365.1_AG-447-D19_genomic_prodigal_proteins	1690	262	88.39	12.51	37.97
GCA_003208755.1_ASM320875v1_genomic_prodigal_proteins	690	GCA_900474085.1_UW86_genomic_prodigal_proteins	2403	461	76.68	12.99	66.81
GCA_003208755.1_ASM320875v1_genomic_prodigal_proteins	690	GCA_001885215.1_ASM188521v1_genomic_prodigal_proteins	2897	359	66.13	13.16	52.03
GCA_003208755.1_ASM320875v1_genomic_prodigal_proteins	690	GCA_902575935.1_AG-426-B22_genomic_prodigal_proteins	254	35	73.03	15.80	13.78
GCA_003208755.1_ASM320875v1_genomic_prodigal_proteins	690	GCA_900474295.1_UW140_genomic_prodigal_proteins	2925	431	70.81	13.52	62.46
GCA_003208755.1_ASM320875v1_genomic_prodigal_proteins	690	GCA_003211565.1_ASM321156v1_genomic_prodigal_proteins	1489	224	74.37	14.47	32.46
GCA_003208755.1_ASM320875v1_genomic_prodigal_proteins	690	GCA_003526105.1_ASM352610v1_genomic_prodigal_proteins	1581	240	76.48	14.07	34.78
GCA_003208755.1_ASM320875v1_genomic_prodigal_proteins	690	GCA_002172935.1_ASM217293v1_genomic_prodigal_proteins	1996	351	69.48	13.85	50.87
GCA_003208755.1_ASM320875v1_genomic_prodigal_proteins	690	GCA_003210335.1_ASM321033v1_genomic_prodigal_proteins	942	110	64.63	14.92	15.94
GCA_003208755.1_ASM320875v1_genomic_prodigal_proteins	690	GCA_009846115.1_ASM984611v1_genomic_prodigal_proteins	2048	220	59.95	13.04	31.88
GCA_003208755.1_ASM320875v1_genomic_prodigal_proteins	690	GCA_001693295.1_ASM169329v1_genomic_prodigal_proteins	3183	234	53.28	13.34	33.91
GCA_003208755.1_ASM320875v1_genomic_prodigal_proteins	690	GCA_900473965.1_UW179A_genomic_prodigal_proteins	3383	441	69.67	14.23	63.91
GCA_003208755.1_ASM320875v1_genomic_prodigal_proteins	690	GCA_003213755.1_ASM321375v1_genomic_prodigal_proteins	1050	134	66.75	13.87	19.42
GCA_003208755.1_ASM320875v1_genomic_prodigal_proteins	690	GCA_003209155.1_ASM320915v1_genomic_prodigal_proteins	2305	348	70.59	13.57	50.43
GCA_003208755.1_ASM320875v1_genomic_prodigal_proteins	690	GCA_003211515.1_ASM321151v1_genomic_prodigal_proteins	2451	262	73.00	13.84	37.97
GCA_003208755.1_ASM320875v1_genomic_prodigal_proteins	690	GCA_002693285.1_ASM269328v1_genomic_prodigal_proteins	2440	375	69.38	13.59	54.35
GCA_003208755.1_ASM320875v1_genomic_prodigal_proteins	690	GCA_003210555.1_ASM321055v1_genomic_prodigal_proteins	1847	262	69.14	14.46	37.97
GCA_003208755.1_ASM320875v1_genomic_prodigal_proteins	690	GCA_000155595.1_ASM15559v1_genomic_prodigal_proteins	5270	248	52.52	12.68	35.94
GCA_003208755.1_ASM320875v1_genomic_prodigal_proteins	690	GCA_001007665.1_ASM100766v1_genomic_prodigal_proteins	2356	258	60.08	13.05	37.39
GCA_003208755.1_ASM320875v1_genomic_prodigal_proteins	690	GCA_009919765.1_ASM991976v1_genomic_prodigal_proteins	2524	250	63.80	14.06	36.23
GCA_003208755.1_ASM320875v1_genomic_prodigal_proteins	690	GCA_003331225.1_ASM333122v1_genomic_prodigal_proteins	2113	329	64.93	13.70	47.68
GCA_003208755.1_ASM320875v1_genomic_prodigal_proteins	690	GCA_900177825.1_IMG-taxon_2708742468_annotated_assembly_genomic_prodigal_proteins	3317	230	53.34	13.43	33.33
GCA_003208755.1_ASM320875v1_genomic_prodigal_proteins	690	GCA_000195975.1_ASM19597v1_genomic_prodigal_proteins	2719	467	75.60	13.11	67.68
GCA_003208755.1_ASM320875v1_genomic_prodigal_proteins	690	GCA_902618885.1_AG-920-D15_genomic_prodigal_proteins	1178	243	74.21	14.50	35.22
GCA_003208755.1_ASM320875v1_genomic_prodigal_proteins	690	GCA_003209165.1_ASM320916v1_genomic_prodigal_proteins	2711	416	75.03	13.57	60.29
GCA_003208755.1_ASM320875v1_genomic_prodigal_proteins	690	GCA_001007625.1_ASM100762v1_genomic_prodigal_proteins	2478	235	60.25	13.38	34.06
GCA_003208755.1_ASM320875v1_genomic_prodigal_proteins	690	GCA_008386235.1_ASM838623v1_genomic_prodigal_proteins	2571	231	53.32	12.47	33.48
GCA_003208755.1_ASM320875v1_genomic_prodigal_proteins	690	GCA_001631935.1_ASM163193v1_genomic_prodigal_proteins	3526	442	69.71	14.14	64.06
GCA_003208755.1_ASM320875v1_genomic_prodigal_proteins	690	GCA_002151525.1_ASM215152v1_genomic_prodigal_proteins	1628	260	63.30	14.09	37.68
GCA_003208755.1_ASM320875v1_genomic_prodigal_proteins	690	GCA_000153065.1_ASM15306v1_genomic_prodigal_proteins	2704	405	70.57	13.69	58.70
GCA_003208755.1_ASM320875v1_genomic_prodigal_proteins	690	GCA_009837265.1_ASM983726v1_genomic_prodigal_proteins	2126	229	60.18	12.97	33.19
GCA_003208755.1_ASM320875v1_genomic_prodigal_proteins	690	GCA_902533725.1_AG-898-C20_genomic_prodigal_proteins	421	42	68.90	16.26	9.98
GCA_003208755.1_ASM320875v1_genomic_prodigal_proteins	690	GCA_002171075.2_ASM217107v2_genomic_prodigal_proteins	1919	301	63.23	13.00	43.62
GCA_003208755.1_ASM320875v1_genomic_prodigal_proteins	690	GCA_002760395.1_ASM276039v1_genomic_prodigal_proteins	2661	183	53.22	11.92	26.52
GCA_003208755.1_ASM320875v1_genomic_prodigal_proteins	690	GCA_003209005.1_ASM320900v1_genomic_prodigal_proteins	2548	382	69.60	14.52	55.36
GCA_003208755.1_ASM320875v1_genomic_prodigal_proteins	690	GCA_002017915.1_ASM201791v1_genomic_prodigal_proteins	623	60	62.47	12.47	9.63
GCA_003208755.1_ASM320875v1_genomic_prodigal_proteins	690	GCA_900047545.1_m9_genomic_prodigal_proteins	1575	210	61.45	13.48	30.43
GCA_003208755.1_ASM320875v1_genomic_prodigal_proteins	690	GCA_001632105.1_ASM163210v1_genomic_prodigal_proteins	3521	440	69.75	14.03	63.77
GCA_003208755.1_ASM320875v1_genomic_prodigal_proteins	690	GCA_004212765.1_ASM421276v1_genomic_prodigal_proteins	1162	239	74.75	13.90	34.64
GCA_003208755.1_ASM320875v1_genomic_prodigal_proteins	690	GCA_002685515.1_ASM268551v1_genomic_prodigal_proteins	1286	281	68.95	14.90	40.72
GCA_003208755.1_ASM320875v1_genomic_prodigal_proteins	690	GCA_007828135.1_ASM782813v1_genomic_prodigal_proteins	2917	360	66.21	13.24	52.17
GCA_003208755.1_ASM320875v1_genomic_prodigal_proteins	690	GCA_011047875.1_ASM1104787v1_genomic_prodigal_proteins	2810	187	53.38	12.05	27.10
GCA_003208755.1_ASM320875v1_genomic_prodigal_proteins	690	GCA_009840445.1_ASM984044v1_genomic_prodigal_proteins	2167	255	60.83	12.80	36.96
GCA_003208755.1_ASM320875v1_genomic_prodigal_proteins	690	GCA_003210995.1_ASM321099v1_genomic_prodigal_proteins	2385	296	67.76	14.86	42.90
GCA_003208755.1_ASM320875v1_genomic_prodigal_proteins	690	GCA_902616995.1_AG-919-L20_genomic_prodigal_proteins	654	98	71.82	16.48	14.98
GCA_003208755.1_ASM320875v1_genomic_prodigal_proteins	690	GCA_009845825.1_ASM984582v1_genomic_prodigal_proteins	2168	204	61.46	12.77	29.57
GCA_003208755.1_ASM320875v1_genomic_prodigal_proteins	690	GCA_000515235.1_ASM51523v1_genomic_prodigal_proteins	2873	449	74.11	12.96	65.07
GCA_003208755.1_ASM320875v1_genomic_prodigal_proteins	690	GCA_003523965.1_ASM352396v1_genomic_prodigal_proteins	1735	174	62.00	13.17	25.22
GCA_003208755.1_ASM320875v1_genomic_prodigal_proteins	690	GCA_002684175.1_ASM268417v1_genomic_prodigal_proteins	1819	295	72.63	13.19	42.75
GCA_003208755.1_ASM320875v1_genomic_prodigal_proteins	690	GCA_011523295.1_ASM1152329v1_genomic_prodigal_proteins	2851	363	72.64	13.48	52.61
GCA_003208755.1_ASM320875v1_genomic_prodigal_proteins	690	GCA_003211015.1_ASM321101v1_genomic_prodigal_proteins	2128	292	68.39	14.62	42.32
GCA_003208755.1_ASM320875v1_genomic_prodigal_proteins	690	GCA_002006815.1_ASM200681v1_genomic_prodigal_proteins	1973	314	63.98	13.70	45.51
GCA_000737575.1_ASM73757v1_genomic_prodigal_proteins	2662	GCA_902596755.1_AG-916-D19_genomic_prodigal_proteins	1152	717	76.88	14.06	62.24
GCA_000737575.1_ASM73757v1_genomic_prodigal_proteins	2662	GCA_003211455.1_ASM321145v1_genomic_prodigal_proteins	1186	715	76.05	13.37	60.29
GCA_000737575.1_ASM73757v1_genomic_prodigal_proteins	2662	GCA_003208755.1_ASM320875v1_genomic_prodigal_proteins	690	461	75.34	13.28	66.81
GCA_000737575.1_ASM73757v1_genomic_prodigal_proteins	2662	GCA_007571215.1_ASM757121v1_genomic_prodigal_proteins	1879	1170	61.13	12.84	62.27
GCA_000737575.1_ASM73757v1_genomic_prodigal_proteins	2662	GCA_001007635.1_ASM100763v1_genomic_prodigal_proteins	2333	1085	61.52	12.63	46.51
GCA_000737575.1_ASM73757v1_genomic_prodigal_proteins	2662	GCA_000179255.1_ASM17925v1_genomic_prodigal_proteins	2729	1689	67.01	13.83	63.45
GCA_000737575.1_ASM73757v1_genomic_prodigal_proteins	2662	GCA_003208975.1_ASM320897v1_genomic_prodigal_proteins	1804	1058	75.86	13.13	58.65
GCA_000737575.1_ASM73757v1_genomic_prodigal_proteins	2662	GCA_012103655.1_ASM1210365v1_genomic_prodigal_proteins	2723	1874	71.06	13.50	70.40
GCA_000737575.1_ASM73757v1_genomic_prodigal_proteins	2662	GCA_902582045.1_AG-912-B07_genomic_prodigal_proteins	196	79	74.05	15.16	40.31
GCA_000737575.1_ASM73757v1_genomic_prodigal_proteins	2662	GCA_000153045.1_ASM15304v1_genomic_prodigal_proteins	3242	1701	67.10	13.66	63.90
GCA_000737575.1_ASM73757v1_genomic_prodigal_proteins	2662	GCA_902549675.1_AG-903-B09_genomic_prodigal_proteins	836	499	78.06	13.95	59.69
GCA_000737575.1_ASM73757v1_genomic_prodigal_proteins	2662	GCA_002018045.1_ASM201804v1_genomic_prodigal_proteins	1559	930	62.28	12.64	59.65
GCA_000737575.1_ASM73757v1_genomic_prodigal_proteins	2662	GCA_004213055.1_ASM421305v1_genomic_prodigal_proteins	2241	1599	71.86	13.49	71.35
GCA_000737575.1_ASM73757v1_genomic_prodigal_proteins	2662	GCA_007571085.1_ASM757108v1_genomic_prodigal_proteins	1784	1144	61.17	12.89	64.13
GCA_000737575.1_ASM73757v1_genomic_prodigal_proteins	2662	GCA_009839805.1_ASM983980v1_genomic_prodigal_proteins	1848	788	59.84	12.13	42.64
GCA_000737575.1_ASM73757v1_genomic_prodigal_proteins	2662	GCA_003210375.1_ASM321037v1_genomic_prodigal_proteins	2155	1393	75.30	12.89	64.64
GCA_000737575.1_ASM73757v1_genomic_prodigal_proteins	2662	GCA_004332415.1_ASM433241v1_genomic_prodigal_proteins	2408	1811	72.32	13.56	75.21
GCA_000737575.1_ASM73757v1_genomic_prodigal_proteins	2662	GCA_009836025.1_ASM983602v1_genomic_prodigal_proteins	2290	1182	61.59	12.69	51.62
GCA_000737575.1_ASM73757v1_genomic_prodigal_proteins	2662	GCA_009843455.1_ASM984345v1_genomic_prodigal_proteins	2423	1162	61.38	12.64	47.96
GCA_000737575.1_ASM73757v1_genomic_prodigal_proteins	2662	GCA_009843485.1_ASM984348v1_genomic_prodigal_proteins	2158	1184	61.62	12.77	54.87
GCA_000737575.1_ASM73757v1_genomic_prodigal_proteins	2662	GCA_003283135.1_ASM328313v1_genomic_prodigal_proteins	459	147	67.53	14.74	32.03
GCA_000737575.1_ASM73757v1_genomic_prodigal_proteins	2662	GCA_902635485.1_AG-447-G23_genomic_prodigal_proteins	327	145	73.20	14.83	44.34
GCA_000737575.1_ASM73757v1_genomic_prodigal_proteins	2662	GCA_002760415.1_ASM276041v1_genomic_prodigal_proteins	2670	918	53.24	11.96	34.49
GCA_000737575.1_ASM73757v1_genomic_prodigal_proteins	2662	GCA_002754935.1_ASM275493v1_genomic_prodigal_proteins	2664	976	53.98	12.50	36.66
GCA_000737575.1_ASM73757v1_genomic_prodigal_proteins	2662	GCA_002171685.2_ASM217168v2_genomic_prodigal_proteins	811	654	71.91	12.83	80.64
GCA_000737575.1_ASM73757v1_genomic_prodigal_proteins	2662	GCA_000737595.1_ASM73759v1_genomic_prodigal_proteins	2774	1973	77.14	12.95	74.12
GCA_000737575.1_ASM73757v1_genomic_prodigal_proteins	2662	GCA_003331785.1_ASM333178v1_genomic_prodigal_proteins	2125	1657	71.07	13.34	77.98
GCA_000737575.1_ASM73757v1_genomic_prodigal_proteins	2662	GCA_009842265.1_ASM984226v1_genomic_prodigal_proteins	2398	1172	61.61	12.63	48.87
GCA_000737575.1_ASM73757v1_genomic_prodigal_proteins	2662	GCA_902579345.1_AG-911-L15_genomic_prodigal_proteins	248	113	74.13	15.74	45.56
GCA_000737575.1_ASM73757v1_genomic_prodigal_proteins	2662	GCA_000011345.1_ASM1134v1_genomic_prodigal_proteins	2520	1019	54.07	12.53	40.44
GCA_000737575.1_ASM73757v1_genomic_prodigal_proteins	2662	GCA_003210705.1_ASM321070v1_genomic_prodigal_proteins	2244	1385	70.32	13.97	61.72
GCA_000737575.1_ASM73757v1_genomic_prodigal_proteins	2662	GCA_000019485.1_ASM1948v1_genomic_prodigal_proteins	3233	1098	53.38	12.97	41.25
GCA_000737575.1_ASM73757v1_genomic_prodigal_proteins	2662	GCA_003283055.1_ASM328305v1_genomic_prodigal_proteins	482	88	70.81	15.01	18.26
GCA_000737575.1_ASM73757v1_genomic_prodigal_proteins	2662	GCA_000010065.1_ASM1006v1_genomic_prodigal_proteins	2691	1199	55.93	13.29	45.04
GCA_000737575.1_ASM73757v1_genomic_prodigal_proteins	2662	GCA_000316685.1_ASM31668v1_genomic_prodigal_proteins	3706	1048	53.54	12.61	39.37
GCA_000737575.1_ASM73757v1_genomic_prodigal_proteins	2662	GCA_000063525.1_ASM6352v1_genomic_prodigal_proteins	2540	1696	66.30	13.98	66.77
GCA_000737575.1_ASM73757v1_genomic_prodigal_proteins	2662	GCA_003283165.1_ASM328316v1_genomic_prodigal_proteins	217	78	74.92	15.42	35.94
GCA_000737575.1_ASM73757v1_genomic_prodigal_proteins	2662	GCA_902540675.1_AG-359-E22_genomic_prodigal_proteins	584	338	77.27	15.30	57.88
GCA_000737575.1_ASM73757v1_genomic_prodigal_proteins	2662	GCA_011055065.1_ASM1105506v1_genomic_prodigal_proteins	2792	896	53.22	12.07	33.66
GCA_000737575.1_ASM73757v1_genomic_prodigal_proteins	2662	GCA_000013205.1_ASM1320v1_genomic_prodigal_proteins	2750	930	53.33	11.94	34.94
GCA_000737575.1_ASM73757v1_genomic_prodigal_proteins	2662	GCA_003539795.1_ASM353979v1_genomic_prodigal_proteins	2284	1758	98.44	5.81	76.97
GCA_000737575.1_ASM73757v1_genomic_prodigal_proteins	2662	GCA_002171995.1_ASM217199v1_genomic_prodigal_proteins	1978	1048	70.90	13.63	52.98
GCA_000737575.1_ASM73757v1_genomic_prodigal_proteins	2662	GCA_011523835.1_ASM1152383v1_genomic_prodigal_proteins	2468	1621	72.97	14.05	65.68
GCA_000737575.1_ASM73757v1_genomic_prodigal_proteins	2662	GCA_002172175.1_ASM217217v1_genomic_prodigal_proteins	1846	1082	65.16	13.51	58.61
GCA_000737575.1_ASM73757v1_genomic_prodigal_proteins	2662	GCA_003208835.1_ASM320883v1_genomic_prodigal_proteins	2208	1378	76.00	12.87	62.41
GCA_000737575.1_ASM73757v1_genomic_prodigal_proteins	2662	GCA_902589915.1_AG-914-F20_genomic_prodigal_proteins	373	174	78.88	15.31	46.65
GCA_000737575.1_ASM73757v1_genomic_prodigal_proteins	2662	GCA_000485815.1_ASM48581v1_genomic_prodigal_proteins	3083	1046	53.46	12.92	39.29
GCA_000737575.1_ASM73757v1_genomic_prodigal_proteins	2662	GCA_008807075.1_ASM880707v1_genomic_prodigal_proteins	2925	1662	66.90	13.52	62.43
GCA_000737575.1_ASM73757v1_genomic_prodigal_proteins	2662	GCA_000179235.2_ASM17923v2_genomic_prodigal_proteins	3071	1686	67.80	13.76	63.34
GCA_000737575.1_ASM73757v1_genomic_prodigal_proteins	2662	GCA_003210795.1_ASM321079v1_genomic_prodigal_proteins	2239	1447	75.73	13.07	64.63
GCA_000737575.1_ASM73757v1_genomic_prodigal_proteins	2662	GCA_002706715.1_ASM270671v1_genomic_prodigal_proteins	1148	918	76.57	12.74	79.97
GCA_000737575.1_ASM73757v1_genomic_prodigal_proteins	2662	GCA_003331245.1_ASM333124v1_genomic_prodigal_proteins	2021	1927	99.23	3.26	95.35
GCA_000737575.1_ASM73757v1_genomic_prodigal_proteins	2662	GCA_009843385.1_ASM984338v1_genomic_prodigal_proteins	2085	979	61.90	12.69	46.95
GCA_000737575.1_ASM73757v1_genomic_prodigal_proteins	2662	GCA_003211205.1_ASM321120v1_genomic_prodigal_proteins	2288	1443	70.76	13.82	63.07
GCA_000737575.1_ASM73757v1_genomic_prodigal_proteins	2662	GCA_000063505.1_ASM6350v1_genomic_prodigal_proteins	2558	1865	71.90	14.03	72.91
GCA_000737575.1_ASM73757v1_genomic_prodigal_proteins	2662	GCA_900474245.1_UW179B_genomic_prodigal_proteins	2743	1873	70.80	13.67	70.36
GCA_000737575.1_ASM73757v1_genomic_prodigal_proteins	2662	GCA_003210345.1_ASM321034v1_genomic_prodigal_proteins	1256	800	74.88	12.78	63.69
GCA_000737575.1_ASM73757v1_genomic_prodigal_proteins	2662	GCA_003210315.1_ASM321031v1_genomic_prodigal_proteins	1815	1147	69.50	13.83	63.20
GCA_000737575.1_ASM73757v1_genomic_prodigal_proteins	2662	GCA_009836155.1_ASM983615v1_genomic_prodigal_proteins	1947	1122	61.70	12.61	57.63
GCA_000737575.1_ASM73757v1_genomic_prodigal_proteins	2662	GCA_003990665.2_ASM399066v2_genomic_prodigal_proteins	2499	1020	54.07	12.54	40.82
GCA_000737575.1_ASM73757v1_genomic_prodigal_proteins	2662	GCA_003209135.1_ASM320913v1_genomic_prodigal_proteins	1719	1090	76.23	13.34	63.41
GCA_000737575.1_ASM73757v1_genomic_prodigal_proteins	2662	GCA_009845105.1_ASM984510v1_genomic_prodigal_proteins	1941	943	61.07	12.79	48.58
GCA_000737575.1_ASM73757v1_genomic_prodigal_proteins	2662	GCA_002690325.1_ASM269032v1_genomic_prodigal_proteins	2554	1813	74.71	13.32	70.99
GCA_000737575.1_ASM73757v1_genomic_prodigal_proteins	2662	GCA_000161795.2_ASM16179v2_genomic_prodigal_proteins	2407	1884	77.45	12.66	78.27
GCA_000737575.1_ASM73757v1_genomic_prodigal_proteins	2662	GCA_004211895.1_ASM421189v1_genomic_prodigal_proteins	954	763	77.93	12.41	79.98
GCA_000737575.1_ASM73757v1_genomic_prodigal_proteins	2662	GCA_003210735.1_ASM321073v1_genomic_prodigal_proteins	2337	1498	75.78	12.85	64.10
GCA_000737575.1_ASM73757v1_genomic_prodigal_proteins	2662	GCA_003209035.1_ASM320903v1_genomic_prodigal_proteins	1803	1115	75.50	13.36	61.84
GCA_000737575.1_ASM73757v1_genomic_prodigal_proteins	2662	GCA_003712085.1_ASM371208v1_genomic_prodigal_proteins	2745	2031	78.41	12.78	76.30
GCA_000737575.1_ASM73757v1_genomic_prodigal_proteins	2662	GCA_003212155.1_ASM321215v1_genomic_prodigal_proteins	262	104	63.69	16.97	39.69
GCA_000737575.1_ASM73757v1_genomic_prodigal_proteins	2662	GCA_001040845.1_ASM104084v1_genomic_prodigal_proteins	2917	1871	70.58	13.76	70.29
GCA_000737575.1_ASM73757v1_genomic_prodigal_proteins	2662	GCA_002018015.1_ASM201801v1_genomic_prodigal_proteins	1578	899	62.36	12.73	56.97
GCA_000737575.1_ASM73757v1_genomic_prodigal_proteins	2662	GCA_003211255.1_ASM321125v1_genomic_prodigal_proteins	1850	1120	75.22	13.08	60.54
GCA_000737575.1_ASM73757v1_genomic_prodigal_proteins	2662	GCA_002721235.1_ASM272123v1_genomic_prodigal_proteins	3119	1096	53.48	12.88	41.17
GCA_000737575.1_ASM73757v1_genomic_prodigal_proteins	2662	GCA_009839305.1_ASM983930v1_genomic_prodigal_proteins	1816	882	62.24	13.10	48.57
GCA_000737575.1_ASM73757v1_genomic_prodigal_proteins	2662	GCA_011365345.1_ASM1136534v1_genomic_prodigal_proteins	2655	2023	76.78	13.21	76.20
GCA_000737575.1_ASM73757v1_genomic_prodigal_proteins	2662	GCA_001039265.1_ASM103926v1_genomic_prodigal_proteins	2832	1138	68.46	13.88	42.75
GCA_000737575.1_ASM73757v1_genomic_prodigal_proteins	2662	GCA_001628325.1_ASM162832v1_genomic_prodigal_proteins	2129	1731	78.03	12.41	81.31
GCA_000737575.1_ASM73757v1_genomic_prodigal_proteins	2662	GCA_003209215.1_ASM320921v1_genomic_prodigal_proteins	1679	1009	76.86	13.33	60.10
GCA_000737575.1_ASM73757v1_genomic_prodigal_proteins	2662	GCA_002737305.1_ASM273730v1_genomic_prodigal_proteins	1951	1247	67.17	13.75	63.92
GCA_000737575.1_ASM73757v1_genomic_prodigal_proteins	2662	GCA_003210515.1_ASM321051v1_genomic_prodigal_proteins	1673	1112	74.77	13.11	66.47
GCA_000737575.1_ASM73757v1_genomic_prodigal_proteins	2662	GCA_011525445.1_ASM1152544v1_genomic_prodigal_proteins	3208	1537	69.66	13.79	57.74
GCA_000737575.1_ASM73757v1_genomic_prodigal_proteins	2662	GCA_902599435.1_AG-916-N22_genomic_prodigal_proteins	793	506	78.64	13.45	63.81
GCA_000737575.1_ASM73757v1_genomic_prodigal_proteins	2662	GCA_003149585.1_ASM314958v1_genomic_prodigal_proteins	2600	1709	66.93	14.00	65.73
GCA_000737575.1_ASM73757v1_genomic_prodigal_proteins	2662	GCA_902560665.1_AG-905-O11_genomic_prodigal_proteins	401	225	78.08	13.75	56.11
GCA_000737575.1_ASM73757v1_genomic_prodigal_proteins	2662	GCA_003331795.1_ASM333179v1_genomic_prodigal_proteins	1948	1349	66.24	14.05	69.25
GCA_000737575.1_ASM73757v1_genomic_prodigal_proteins	2662	GCA_002017955.1_ASM201795v1_genomic_prodigal_proteins	512	263	61.53	12.64	51.37
GCA_000737575.1_ASM73757v1_genomic_prodigal_proteins	2662	GCA_902584485.1_AG-912-O23_genomic_prodigal_proteins	535	280	76.73	14.35	52.34
GCA_000737575.1_ASM73757v1_genomic_prodigal_proteins	2662	GCA_902527915.1_AG-896-G19_genomic_prodigal_proteins	1003	694	78.19	13.35	69.19
GCA_000737575.1_ASM73757v1_genomic_prodigal_proteins	2662	GCA_902635365.1_AG-447-D19_genomic_prodigal_proteins	1690	971	75.32	13.47	57.46
GCA_000737575.1_ASM73757v1_genomic_prodigal_proteins	2662	GCA_900474085.1_UW86_genomic_prodigal_proteins	2403	1923	77.81	12.61	80.02
GCA_000737575.1_ASM73757v1_genomic_prodigal_proteins	2662	GCA_001885215.1_ASM188521v1_genomic_prodigal_proteins	2897	1627	66.48	13.29	61.12
GCA_000737575.1_ASM73757v1_genomic_prodigal_proteins	2662	GCA_902575935.1_AG-426-B22_genomic_prodigal_proteins	254	174	81.15	12.67	68.50
GCA_000737575.1_ASM73757v1_genomic_prodigal_proteins	2662	GCA_900474295.1_UW140_genomic_prodigal_proteins	2925	1885	71.33	13.83	70.81
GCA_000737575.1_ASM73757v1_genomic_prodigal_proteins	2662	GCA_003211565.1_ASM321156v1_genomic_prodigal_proteins	1489	911	76.61	13.23	61.18
GCA_000737575.1_ASM73757v1_genomic_prodigal_proteins	2662	GCA_003526105.1_ASM352610v1_genomic_prodigal_proteins	1581	1016	78.35	12.56	64.26
GCA_000737575.1_ASM73757v1_genomic_prodigal_proteins	2662	GCA_002172935.1_ASM217293v1_genomic_prodigal_proteins	1996	1430	70.68	13.71	71.64
GCA_000737575.1_ASM73757v1_genomic_prodigal_proteins	2662	GCA_003210335.1_ASM321033v1_genomic_prodigal_proteins	942	399	67.74	14.49	42.36
GCA_000737575.1_ASM73757v1_genomic_prodigal_proteins	2662	GCA_009846115.1_ASM984611v1_genomic_prodigal_proteins	2048	1053	61.59	12.73	51.42
GCA_000737575.1_ASM73757v1_genomic_prodigal_proteins	2662	GCA_001693295.1_ASM169329v1_genomic_prodigal_proteins	3183	1092	53.40	12.95	41.02
GCA_000737575.1_ASM73757v1_genomic_prodigal_proteins	2662	GCA_900473965.1_UW179A_genomic_prodigal_proteins	3383	1892	70.83	13.98	71.07
GCA_000737575.1_ASM73757v1_genomic_prodigal_proteins	2662	GCA_003213755.1_ASM321375v1_genomic_prodigal_proteins	1050	598	65.81	14.31	56.95
GCA_000737575.1_ASM73757v1_genomic_prodigal_proteins	2662	GCA_003209155.1_ASM320915v1_genomic_prodigal_proteins	2305	1417	70.73	13.68	61.48
GCA_000737575.1_ASM73757v1_genomic_prodigal_proteins	2662	GCA_003211515.1_ASM321151v1_genomic_prodigal_proteins	2451	1340	75.00	13.64	54.67
GCA_000737575.1_ASM73757v1_genomic_prodigal_proteins	2662	GCA_002693285.1_ASM269328v1_genomic_prodigal_proteins	2440	1613	70.95	13.59	66.11
GCA_000737575.1_ASM73757v1_genomic_prodigal_proteins	2662	GCA_003210555.1_ASM321055v1_genomic_prodigal_proteins	1847	1074	70.00	13.41	58.15
GCA_000737575.1_ASM73757v1_genomic_prodigal_proteins	2662	GCA_000155595.1_ASM15559v1_genomic_prodigal_proteins	5270	1131	53.18	12.83	42.49
GCA_000737575.1_ASM73757v1_genomic_prodigal_proteins	2662	GCA_001007665.1_ASM100766v1_genomic_prodigal_proteins	2356	1208	61.10	12.77	51.27
GCA_000737575.1_ASM73757v1_genomic_prodigal_proteins	2662	GCA_009919765.1_ASM991976v1_genomic_prodigal_proteins	2524	1149	66.31	13.87	45.52
GCA_000737575.1_ASM73757v1_genomic_prodigal_proteins	2662	GCA_003331225.1_ASM333122v1_genomic_prodigal_proteins	2113	1484	66.16	14.06	70.23
GCA_000737575.1_ASM73757v1_genomic_prodigal_proteins	2662	GCA_900177825.1_IMG-taxon_2708742468_annotated_assembly_genomic_prodigal_proteins	3317	1084	53.43	12.98	40.72
GCA_000737575.1_ASM73757v1_genomic_prodigal_proteins	2662	GCA_000195975.1_ASM19597v1_genomic_prodigal_proteins	2719	2032	78.65	12.77	76.33
GCA_000737575.1_ASM73757v1_genomic_prodigal_proteins	2662	GCA_902618885.1_AG-920-D15_genomic_prodigal_proteins	1178	809	79.06	13.37	68.68
GCA_000737575.1_ASM73757v1_genomic_prodigal_proteins	2662	GCA_003209165.1_ASM320916v1_genomic_prodigal_proteins	2711	1664	76.78	12.97	62.51
GCA_000737575.1_ASM73757v1_genomic_prodigal_proteins	2662	GCA_001007625.1_ASM100762v1_genomic_prodigal_proteins	2478	1053	61.66	12.75	42.49
GCA_000737575.1_ASM73757v1_genomic_prodigal_proteins	2662	GCA_008386235.1_ASM838623v1_genomic_prodigal_proteins	2571	1018	53.98	12.57	39.60
GCA_000737575.1_ASM73757v1_genomic_prodigal_proteins	2662	GCA_001631935.1_ASM163193v1_genomic_prodigal_proteins	3526	1889	70.85	13.81	70.96
GCA_000737575.1_ASM73757v1_genomic_prodigal_proteins	2662	GCA_002151525.1_ASM215152v1_genomic_prodigal_proteins	1628	1112	64.44	13.92	68.30
GCA_000737575.1_ASM73757v1_genomic_prodigal_proteins	2662	GCA_000153065.1_ASM15306v1_genomic_prodigal_proteins	2704	1803	72.20	13.64	67.73
GCA_000737575.1_ASM73757v1_genomic_prodigal_proteins	2662	GCA_009837265.1_ASM983726v1_genomic_prodigal_proteins	2126	1111	61.64	12.75	52.26
GCA_000737575.1_ASM73757v1_genomic_prodigal_proteins	2662	GCA_902533725.1_AG-898-C20_genomic_prodigal_proteins	421	197	74.59	15.26	46.79
GCA_000737575.1_ASM73757v1_genomic_prodigal_proteins	2662	GCA_002171075.2_ASM217107v2_genomic_prodigal_proteins	1919	1276	64.52	13.71	66.49
GCA_000737575.1_ASM73757v1_genomic_prodigal_proteins	2662	GCA_002760395.1_ASM276039v1_genomic_prodigal_proteins	2661	905	53.33	11.95	34.01
GCA_000737575.1_ASM73757v1_genomic_prodigal_proteins	2662	GCA_003209005.1_ASM320900v1_genomic_prodigal_proteins	2548	1570	70.50	13.95	61.62
GCA_000737575.1_ASM73757v1_genomic_prodigal_proteins	2662	GCA_002017915.1_ASM201791v1_genomic_prodigal_proteins	623	327	64.05	13.36	52.49
GCA_000737575.1_ASM73757v1_genomic_prodigal_proteins	2662	GCA_900047545.1_m9_genomic_prodigal_proteins	1575	922	61.55	12.61	58.54
GCA_000737575.1_ASM73757v1_genomic_prodigal_proteins	2662	GCA_001632105.1_ASM163210v1_genomic_prodigal_proteins	3521	1896	70.85	13.74	71.22
GCA_000737575.1_ASM73757v1_genomic_prodigal_proteins	2662	GCA_004212765.1_ASM421276v1_genomic_prodigal_proteins	1162	947	78.20	12.51	81.50
GCA_000737575.1_ASM73757v1_genomic_prodigal_proteins	2662	GCA_002685515.1_ASM268551v1_genomic_prodigal_proteins	1286	927	70.27	13.43	72.08
GCA_000737575.1_ASM73757v1_genomic_prodigal_proteins	2662	GCA_007828135.1_ASM782813v1_genomic_prodigal_proteins	2917	1629	66.52	13.32	61.19
GCA_000737575.1_ASM73757v1_genomic_prodigal_proteins	2662	GCA_011047875.1_ASM1104787v1_genomic_prodigal_proteins	2810	920	53.30	12.04	34.56
GCA_000737575.1_ASM73757v1_genomic_prodigal_proteins	2662	GCA_009840445.1_ASM984044v1_genomic_prodigal_proteins	2167	1217	61.56	12.74	56.16
GCA_000737575.1_ASM73757v1_genomic_prodigal_proteins	2662	GCA_003210995.1_ASM321099v1_genomic_prodigal_proteins	2385	1389	70.56	14.23	58.24
GCA_000737575.1_ASM73757v1_genomic_prodigal_proteins	2662	GCA_902616995.1_AG-919-L20_genomic_prodigal_proteins	654	412	78.10	13.42	63.00
GCA_000737575.1_ASM73757v1_genomic_prodigal_proteins	2662	GCA_009845825.1_ASM984582v1_genomic_prodigal_proteins	2168	1032	61.94	12.54	47.60
GCA_000737575.1_ASM73757v1_genomic_prodigal_proteins	2662	GCA_000515235.1_ASM51523v1_genomic_prodigal_proteins	2873	2057	77.06	12.98	77.27
GCA_000737575.1_ASM73757v1_genomic_prodigal_proteins	2662	GCA_003523965.1_ASM352396v1_genomic_prodigal_proteins	1735	784	62.72	13.00	45.19
GCA_000737575.1_ASM73757v1_genomic_prodigal_proteins	2662	GCA_002684175.1_ASM268417v1_genomic_prodigal_proteins	1819	1167	74.38	12.34	64.16
GCA_000737575.1_ASM73757v1_genomic_prodigal_proteins	2662	GCA_011523295.1_ASM1152329v1_genomic_prodigal_proteins	2851	1547	74.22	13.08	58.11
GCA_000737575.1_ASM73757v1_genomic_prodigal_proteins	2662	GCA_003211015.1_ASM321101v1_genomic_prodigal_proteins	2128	1361	70.81	13.92	63.96
GCA_000737575.1_ASM73757v1_genomic_prodigal_proteins	2662	GCA_002006815.1_ASM200681v1_genomic_prodigal_proteins	1973	1400	64.42	13.84	70.96
GCA_003211455.1_ASM321145v1_genomic_prodigal_proteins	1186	GCA_003208755.1_ASM320875v1_genomic_prodigal_proteins	690	208	74.30	14.31	30.14
GCA_003211455.1_ASM321145v1_genomic_prodigal_proteins	1186	GCA_007571215.1_ASM757121v1_genomic_prodigal_proteins	1879	396	60.35	12.84	33.39
GCA_003211455.1_ASM321145v1_genomic_prodigal_proteins	1186	GCA_001007635.1_ASM100763v1_genomic_prodigal_proteins	2333	370	60.41	12.94	31.20
GCA_003211455.1_ASM321145v1_genomic_prodigal_proteins	1186	GCA_000179255.1_ASM17925v1_genomic_prodigal_proteins	2729	584	66.32	14.04	49.24
GCA_003211455.1_ASM321145v1_genomic_prodigal_proteins	1186	GCA_003208975.1_ASM320897v1_genomic_prodigal_proteins	1804	412	74.73	14.74	34.74
GCA_003211455.1_ASM321145v1_genomic_prodigal_proteins	1186	GCA_012103655.1_ASM1210365v1_genomic_prodigal_proteins	2723	659	69.09	14.04	55.56
GCA_003211455.1_ASM321145v1_genomic_prodigal_proteins	1186	GCA_902582045.1_AG-912-B07_genomic_prodigal_proteins	196	68	75.16	18.02	34.69
GCA_003211455.1_ASM321145v1_genomic_prodigal_proteins	1186	GCA_000153045.1_ASM15304v1_genomic_prodigal_proteins	3242	582	65.64	13.96	49.07
GCA_003211455.1_ASM321145v1_genomic_prodigal_proteins	1186	GCA_902549675.1_AG-903-B09_genomic_prodigal_proteins	836	211	76.52	16.07	25.24
GCA_003211455.1_ASM321145v1_genomic_prodigal_proteins	1186	GCA_002018045.1_ASM201804v1_genomic_prodigal_proteins	1559	310	61.99	12.97	26.14
GCA_003211455.1_ASM321145v1_genomic_prodigal_proteins	1186	GCA_004213055.1_ASM421305v1_genomic_prodigal_proteins	2241	532	70.09	14.62	44.86
GCA_003211455.1_ASM321145v1_genomic_prodigal_proteins	1186	GCA_007571085.1_ASM757108v1_genomic_prodigal_proteins	1784	386	60.33	13.07	32.55
GCA_003211455.1_ASM321145v1_genomic_prodigal_proteins	1186	GCA_009839805.1_ASM983980v1_genomic_prodigal_proteins	1848	279	58.50	12.58	23.52
GCA_003211455.1_ASM321145v1_genomic_prodigal_proteins	1186	GCA_003210375.1_ASM321037v1_genomic_prodigal_proteins	2155	532	73.93	14.06	44.86
GCA_003211455.1_ASM321145v1_genomic_prodigal_proteins	1186	GCA_004332415.1_ASM433241v1_genomic_prodigal_proteins	2408	624	70.59	13.91	52.61
GCA_003211455.1_ASM321145v1_genomic_prodigal_proteins	1186	GCA_009836025.1_ASM983602v1_genomic_prodigal_proteins	2290	406	60.54	13.08	34.23
GCA_003211455.1_ASM321145v1_genomic_prodigal_proteins	1186	GCA_009843455.1_ASM984345v1_genomic_prodigal_proteins	2423	400	60.30	13.04	33.73
GCA_003211455.1_ASM321145v1_genomic_prodigal_proteins	1186	GCA_009843485.1_ASM984348v1_genomic_prodigal_proteins	2158	411	60.32	13.08	34.65
GCA_003211455.1_ASM321145v1_genomic_prodigal_proteins	1186	GCA_003283135.1_ASM328313v1_genomic_prodigal_proteins	459	85	66.59	14.95	18.52
GCA_003211455.1_ASM321145v1_genomic_prodigal_proteins	1186	GCA_902635485.1_AG-447-G23_genomic_prodigal_proteins	327	93	86.02	15.62	28.44
GCA_003211455.1_ASM321145v1_genomic_prodigal_proteins	1186	GCA_002760415.1_ASM276041v1_genomic_prodigal_proteins	2670	304	52.55	12.03	25.63
GCA_003211455.1_ASM321145v1_genomic_prodigal_proteins	1186	GCA_002754935.1_ASM275493v1_genomic_prodigal_proteins	2664	322	53.27	12.66	27.15
GCA_003211455.1_ASM321145v1_genomic_prodigal_proteins	1186	GCA_002171685.2_ASM217168v2_genomic_prodigal_proteins	811	229	68.84	14.07	28.24
GCA_003211455.1_ASM321145v1_genomic_prodigal_proteins	1186	GCA_000737595.1_ASM73759v1_genomic_prodigal_proteins	2774	776	88.96	10.79	65.43
GCA_003211455.1_ASM321145v1_genomic_prodigal_proteins	1186	GCA_003331785.1_ASM333178v1_genomic_prodigal_proteins	2125	620	68.73	14.30	52.28
GCA_003211455.1_ASM321145v1_genomic_prodigal_proteins	1186	GCA_009842265.1_ASM984226v1_genomic_prodigal_proteins	2398	404	59.84	13.03	34.06
GCA_003211455.1_ASM321145v1_genomic_prodigal_proteins	1186	GCA_902579345.1_AG-911-L15_genomic_prodigal_proteins	248	76	73.77	17.60	30.65
GCA_003211455.1_ASM321145v1_genomic_prodigal_proteins	1186	GCA_000011345.1_ASM1134v1_genomic_prodigal_proteins	2520	338	53.36	12.53	28.50
GCA_003211455.1_ASM321145v1_genomic_prodigal_proteins	1186	GCA_003210705.1_ASM321070v1_genomic_prodigal_proteins	2244	511	68.85	14.38	43.09
GCA_003211455.1_ASM321145v1_genomic_prodigal_proteins	1186	GCA_000019485.1_ASM1948v1_genomic_prodigal_proteins	3233	383	53.19	12.87	32.29
GCA_003211455.1_ASM321145v1_genomic_prodigal_proteins	1186	GCA_003283055.1_ASM328305v1_genomic_prodigal_proteins	482	51	64.99	15.65	10.58
GCA_003211455.1_ASM321145v1_genomic_prodigal_proteins	1186	GCA_000010065.1_ASM1006v1_genomic_prodigal_proteins	2691	419	55.14	13.50	35.33
GCA_003211455.1_ASM321145v1_genomic_prodigal_proteins	1186	GCA_000316685.1_ASM31668v1_genomic_prodigal_proteins	3706	372	52.44	12.65	31.37
GCA_003211455.1_ASM321145v1_genomic_prodigal_proteins	1186	GCA_000063525.1_ASM6352v1_genomic_prodigal_proteins	2540	593	65.99	14.45	50.00
GCA_003211455.1_ASM321145v1_genomic_prodigal_proteins	1186	GCA_003283165.1_ASM328316v1_genomic_prodigal_proteins	217	32	69.15	19.46	14.75
GCA_003211455.1_ASM321145v1_genomic_prodigal_proteins	1186	GCA_902540675.1_AG-359-E22_genomic_prodigal_proteins	584	127	75.44	14.70	21.75
GCA_003211455.1_ASM321145v1_genomic_prodigal_proteins	1186	GCA_011055065.1_ASM1105506v1_genomic_prodigal_proteins	2792	300	52.38	12.02	25.30
GCA_003211455.1_ASM321145v1_genomic_prodigal_proteins	1186	GCA_000013205.1_ASM1320v1_genomic_prodigal_proteins	2750	303	52.74	11.87	25.55
GCA_003211455.1_ASM321145v1_genomic_prodigal_proteins	1186	GCA_003539795.1_ASM353979v1_genomic_prodigal_proteins	2284	528	74.36	12.87	44.52
GCA_003211455.1_ASM321145v1_genomic_prodigal_proteins	1186	GCA_002171995.1_ASM217199v1_genomic_prodigal_proteins	1978	409	69.38	14.63	34.49
GCA_003211455.1_ASM321145v1_genomic_prodigal_proteins	1186	GCA_011523835.1_ASM1152383v1_genomic_prodigal_proteins	2468	583	71.37	14.87	49.16
GCA_003211455.1_ASM321145v1_genomic_prodigal_proteins	1186	GCA_002172175.1_ASM217217v1_genomic_prodigal_proteins	1846	432	65.85	15.12	36.42
GCA_003211455.1_ASM321145v1_genomic_prodigal_proteins	1186	GCA_003208835.1_ASM320883v1_genomic_prodigal_proteins	2208	529	74.32	14.37	44.60
GCA_003211455.1_ASM321145v1_genomic_prodigal_proteins	1186	GCA_902589915.1_AG-914-F20_genomic_prodigal_proteins	373	62	74.00	17.71	16.62
GCA_003211455.1_ASM321145v1_genomic_prodigal_proteins	1186	GCA_000485815.1_ASM48581v1_genomic_prodigal_proteins	3083	369	52.87	13.00	31.11
GCA_003211455.1_ASM321145v1_genomic_prodigal_proteins	1186	GCA_008807075.1_ASM880707v1_genomic_prodigal_proteins	2925	552	65.73	13.59	46.54
GCA_003211455.1_ASM321145v1_genomic_prodigal_proteins	1186	GCA_000179235.2_ASM17923v2_genomic_prodigal_proteins	3071	576	66.83	13.66	48.57
GCA_003211455.1_ASM321145v1_genomic_prodigal_proteins	1186	GCA_003210795.1_ASM321079v1_genomic_prodigal_proteins	2239	563	74.55	15.00	47.47
GCA_003211455.1_ASM321145v1_genomic_prodigal_proteins	1186	GCA_002706715.1_ASM270671v1_genomic_prodigal_proteins	1148	305	74.79	15.08	26.57
GCA_003211455.1_ASM321145v1_genomic_prodigal_proteins	1186	GCA_003331245.1_ASM333124v1_genomic_prodigal_proteins	2021	605	76.03	12.74	51.01
GCA_003211455.1_ASM321145v1_genomic_prodigal_proteins	1186	GCA_009843385.1_ASM984338v1_genomic_prodigal_proteins	2085	352	59.90	13.34	29.68
GCA_003211455.1_ASM321145v1_genomic_prodigal_proteins	1186	GCA_003211205.1_ASM321120v1_genomic_prodigal_proteins	2288	564	68.99	14.47	47.55
GCA_003211455.1_ASM321145v1_genomic_prodigal_proteins	1186	GCA_000063505.1_ASM6350v1_genomic_prodigal_proteins	2558	650	70.43	14.31	54.81
GCA_003211455.1_ASM321145v1_genomic_prodigal_proteins	1186	GCA_900474245.1_UW179B_genomic_prodigal_proteins	2743	659	68.94	14.10	55.56
GCA_003211455.1_ASM321145v1_genomic_prodigal_proteins	1186	GCA_003210345.1_ASM321034v1_genomic_prodigal_proteins	1256	331	73.92	13.87	27.91
GCA_003211455.1_ASM321145v1_genomic_prodigal_proteins	1186	GCA_003210315.1_ASM321031v1_genomic_prodigal_proteins	1815	391	67.22	15.38	32.97
GCA_003211455.1_ASM321145v1_genomic_prodigal_proteins	1186	GCA_009836155.1_ASM983615v1_genomic_prodigal_proteins	1947	380	60.36	13.17	32.04
GCA_003211455.1_ASM321145v1_genomic_prodigal_proteins	1186	GCA_003990665.2_ASM399066v2_genomic_prodigal_proteins	2499	336	53.44	12.49	28.33
GCA_003211455.1_ASM321145v1_genomic_prodigal_proteins	1186	GCA_003209135.1_ASM320913v1_genomic_prodigal_proteins	1719	449	73.63	15.04	37.86
GCA_003211455.1_ASM321145v1_genomic_prodigal_proteins	1186	GCA_009845105.1_ASM984510v1_genomic_prodigal_proteins	1941	330	59.06	13.25	27.82
GCA_003211455.1_ASM321145v1_genomic_prodigal_proteins	1186	GCA_002690325.1_ASM269032v1_genomic_prodigal_proteins	2554	698	73.11	14.22	58.85
GCA_003211455.1_ASM321145v1_genomic_prodigal_proteins	1186	GCA_000161795.2_ASM16179v2_genomic_prodigal_proteins	2407	774	92.20	9.14	65.26
GCA_003211455.1_ASM321145v1_genomic_prodigal_proteins	1186	GCA_004211895.1_ASM421189v1_genomic_prodigal_proteins	954	294	91.98	11.83	30.82
GCA_003211455.1_ASM321145v1_genomic_prodigal_proteins	1186	GCA_003210735.1_ASM321073v1_genomic_prodigal_proteins	2337	564	74.15	14.59	47.55
GCA_003211455.1_ASM321145v1_genomic_prodigal_proteins	1186	GCA_003209035.1_ASM320903v1_genomic_prodigal_proteins	1803	431	74.26	15.24	36.34
GCA_003211455.1_ASM321145v1_genomic_prodigal_proteins	1186	GCA_003712085.1_ASM371208v1_genomic_prodigal_proteins	2745	733	77.00	13.69	61.80
GCA_003211455.1_ASM321145v1_genomic_prodigal_proteins	1186	GCA_003212155.1_ASM321215v1_genomic_prodigal_proteins	262	55	63.72	17.28	20.99
GCA_003211455.1_ASM321145v1_genomic_prodigal_proteins	1186	GCA_001040845.1_ASM104084v1_genomic_prodigal_proteins	2917	665	68.78	14.28	56.07
GCA_003211455.1_ASM321145v1_genomic_prodigal_proteins	1186	GCA_002018015.1_ASM201801v1_genomic_prodigal_proteins	1578	281	61.98	12.74	23.69
GCA_003211455.1_ASM321145v1_genomic_prodigal_proteins	1186	GCA_003211255.1_ASM321125v1_genomic_prodigal_proteins	1850	438	74.50	14.30	36.93
GCA_003211455.1_ASM321145v1_genomic_prodigal_proteins	1186	GCA_002721235.1_ASM272123v1_genomic_prodigal_proteins	3119	381	53.26	12.86	32.12
GCA_003211455.1_ASM321145v1_genomic_prodigal_proteins	1186	GCA_009839305.1_ASM983930v1_genomic_prodigal_proteins	1816	321	60.37	13.42	27.07
GCA_003211455.1_ASM321145v1_genomic_prodigal_proteins	1186	GCA_011365345.1_ASM1136534v1_genomic_prodigal_proteins	2655	820	88.26	9.46	69.14
GCA_003211455.1_ASM321145v1_genomic_prodigal_proteins	1186	GCA_001039265.1_ASM103926v1_genomic_prodigal_proteins	2832	345	66.83	14.40	29.09
GCA_003211455.1_ASM321145v1_genomic_prodigal_proteins	1186	GCA_001628325.1_ASM162832v1_genomic_prodigal_proteins	2129	677	93.77	8.90	57.08
GCA_003211455.1_ASM321145v1_genomic_prodigal_proteins	1186	GCA_003209215.1_ASM320921v1_genomic_prodigal_proteins	1679	439	90.40	10.72	37.02
GCA_003211455.1_ASM321145v1_genomic_prodigal_proteins	1186	GCA_002737305.1_ASM273730v1_genomic_prodigal_proteins	1951	423	66.30	13.99	35.67
GCA_003211455.1_ASM321145v1_genomic_prodigal_proteins	1186	GCA_003210515.1_ASM321051v1_genomic_prodigal_proteins	1673	448	73.87	14.76	37.77
GCA_003211455.1_ASM321145v1_genomic_prodigal_proteins	1186	GCA_011525445.1_ASM1152544v1_genomic_prodigal_proteins	3208	566	69.35	14.57	47.72
GCA_003211455.1_ASM321145v1_genomic_prodigal_proteins	1186	GCA_902599435.1_AG-916-N22_genomic_prodigal_proteins	793	209	75.64	17.32	26.36
GCA_003211455.1_ASM321145v1_genomic_prodigal_proteins	1186	GCA_003149585.1_ASM314958v1_genomic_prodigal_proteins	2600	579	66.34	13.84	48.82
GCA_003211455.1_ASM321145v1_genomic_prodigal_proteins	1186	GCA_902560665.1_AG-905-O11_genomic_prodigal_proteins	401	101	74.56	16.65	25.19
GCA_003211455.1_ASM321145v1_genomic_prodigal_proteins	1186	GCA_003331795.1_ASM333179v1_genomic_prodigal_proteins	1948	503	65.95	14.60	42.41
GCA_003211455.1_ASM321145v1_genomic_prodigal_proteins	1186	GCA_002017955.1_ASM201795v1_genomic_prodigal_proteins	512	88	61.59	12.67	17.19
GCA_003211455.1_ASM321145v1_genomic_prodigal_proteins	1186	GCA_902584485.1_AG-912-O23_genomic_prodigal_proteins	535	102	73.19	15.79	19.07
GCA_003211455.1_ASM321145v1_genomic_prodigal_proteins	1186	GCA_902527915.1_AG-896-G19_genomic_prodigal_proteins	1003	282	74.40	15.77	28.12
GCA_003211455.1_ASM321145v1_genomic_prodigal_proteins	1186	GCA_902635365.1_AG-447-D19_genomic_prodigal_proteins	1690	400	73.09	15.38	33.73
GCA_003211455.1_ASM321145v1_genomic_prodigal_proteins	1186	GCA_900474085.1_UW86_genomic_prodigal_proteins	2403	765	92.41	10.22	64.50
GCA_003211455.1_ASM321145v1_genomic_prodigal_proteins	1186	GCA_001885215.1_ASM188521v1_genomic_prodigal_proteins	2897	555	65.47	13.30	46.80
GCA_003211455.1_ASM321145v1_genomic_prodigal_proteins	1186	GCA_902575935.1_AG-426-B22_genomic_prodigal_proteins	254	59	86.89	15.27	23.23
GCA_003211455.1_ASM321145v1_genomic_prodigal_proteins	1186	GCA_900474295.1_UW140_genomic_prodigal_proteins	2925	663	69.82	14.49	55.90
GCA_003211455.1_ASM321145v1_genomic_prodigal_proteins	1186	GCA_003211565.1_ASM321156v1_genomic_prodigal_proteins	1489	446	90.07	12.33	37.61
GCA_003211455.1_ASM321145v1_genomic_prodigal_proteins	1186	GCA_003526105.1_ASM352610v1_genomic_prodigal_proteins	1581	405	91.88	13.29	34.15
GCA_003211455.1_ASM321145v1_genomic_prodigal_proteins	1186	GCA_002172935.1_ASM217293v1_genomic_prodigal_proteins	1996	475	68.58	14.47	40.05
GCA_003211455.1_ASM321145v1_genomic_prodigal_proteins	1186	GCA_003210335.1_ASM321033v1_genomic_prodigal_proteins	942	133	66.14	15.97	14.12
GCA_003211455.1_ASM321145v1_genomic_prodigal_proteins	1186	GCA_009846115.1_ASM984611v1_genomic_prodigal_proteins	2048	372	59.86	13.11	31.37
GCA_003211455.1_ASM321145v1_genomic_prodigal_proteins	1186	GCA_001693295.1_ASM169329v1_genomic_prodigal_proteins	3183	383	53.16	12.87	32.29
GCA_003211455.1_ASM321145v1_genomic_prodigal_proteins	1186	GCA_900473965.1_UW179A_genomic_prodigal_proteins	3383	698	69.69	14.08	58.85
GCA_003211455.1_ASM321145v1_genomic_prodigal_proteins	1186	GCA_003213755.1_ASM321375v1_genomic_prodigal_proteins	1050	234	63.74	15.69	22.29
GCA_003211455.1_ASM321145v1_genomic_prodigal_proteins	1186	GCA_003209155.1_ASM320915v1_genomic_prodigal_proteins	2305	514	69.94	14.22	43.34
GCA_003211455.1_ASM321145v1_genomic_prodigal_proteins	1186	GCA_003211515.1_ASM321151v1_genomic_prodigal_proteins	2451	532	73.31	14.71	44.86
GCA_003211455.1_ASM321145v1_genomic_prodigal_proteins	1186	GCA_002693285.1_ASM269328v1_genomic_prodigal_proteins	2440	569	69.84	14.25	47.98
GCA_003211455.1_ASM321145v1_genomic_prodigal_proteins	1186	GCA_003210555.1_ASM321055v1_genomic_prodigal_proteins	1847	415	67.62	14.28	34.99
GCA_003211455.1_ASM321145v1_genomic_prodigal_proteins	1186	GCA_000155595.1_ASM15559v1_genomic_prodigal_proteins	5270	395	52.85	12.59	33.31
GCA_003211455.1_ASM321145v1_genomic_prodigal_proteins	1186	GCA_001007665.1_ASM100766v1_genomic_prodigal_proteins	2356	413	59.96	13.12	34.82
GCA_003211455.1_ASM321145v1_genomic_prodigal_proteins	1186	GCA_009919765.1_ASM991976v1_genomic_prodigal_proteins	2524	443	65.81	15.28	37.35
GCA_003211455.1_ASM321145v1_genomic_prodigal_proteins	1186	GCA_003331225.1_ASM333122v1_genomic_prodigal_proteins	2113	513	66.56	14.43	43.25
GCA_003211455.1_ASM321145v1_genomic_prodigal_proteins	1186	GCA_900177825.1_IMG-taxon_2708742468_annotated_assembly_genomic_prodigal_proteins	3317	377	53.13	12.91	31.79
GCA_003211455.1_ASM321145v1_genomic_prodigal_proteins	1186	GCA_000195975.1_ASM19597v1_genomic_prodigal_proteins	2719	730	76.97	13.79	61.55
GCA_003211455.1_ASM321145v1_genomic_prodigal_proteins	1186	GCA_902618885.1_AG-920-D15_genomic_prodigal_proteins	1178	312	75.92	15.27	26.49
GCA_003211455.1_ASM321145v1_genomic_prodigal_proteins	1186	GCA_003209165.1_ASM320916v1_genomic_prodigal_proteins	2711	739	89.07	10.05	62.31
GCA_003211455.1_ASM321145v1_genomic_prodigal_proteins	1186	GCA_001007625.1_ASM100762v1_genomic_prodigal_proteins	2478	354	60.53	13.43	29.85
GCA_003211455.1_ASM321145v1_genomic_prodigal_proteins	1186	GCA_008386235.1_ASM838623v1_genomic_prodigal_proteins	2571	343	53.12	12.71	28.92
GCA_003211455.1_ASM321145v1_genomic_prodigal_proteins	1186	GCA_001631935.1_ASM163193v1_genomic_prodigal_proteins	3526	688	69.34	14.17	58.01
GCA_003211455.1_ASM321145v1_genomic_prodigal_proteins	1186	GCA_002151525.1_ASM215152v1_genomic_prodigal_proteins	1628	400	62.82	14.00	33.73
GCA_003211455.1_ASM321145v1_genomic_prodigal_proteins	1186	GCA_000153065.1_ASM15306v1_genomic_prodigal_proteins	2704	612	70.55	13.70	51.60
GCA_003211455.1_ASM321145v1_genomic_prodigal_proteins	1186	GCA_009837265.1_ASM983726v1_genomic_prodigal_proteins	2126	393	59.93	13.01	33.14
GCA_003211455.1_ASM321145v1_genomic_prodigal_proteins	1186	GCA_902533725.1_AG-898-C20_genomic_prodigal_proteins	421	102	87.97	12.34	24.23
GCA_003211455.1_ASM321145v1_genomic_prodigal_proteins	1186	GCA_002171075.2_ASM217107v2_genomic_prodigal_proteins	1919	423	65.33	14.34	35.67
GCA_003211455.1_ASM321145v1_genomic_prodigal_proteins	1186	GCA_002760395.1_ASM276039v1_genomic_prodigal_proteins	2661	295	52.34	11.95	24.87
GCA_003211455.1_ASM321145v1_genomic_prodigal_proteins	1186	GCA_003209005.1_ASM320900v1_genomic_prodigal_proteins	2548	546	69.12	14.30	46.04
GCA_003211455.1_ASM321145v1_genomic_prodigal_proteins	1186	GCA_002017915.1_ASM201791v1_genomic_prodigal_proteins	623	91	62.70	14.87	14.61
GCA_003211455.1_ASM321145v1_genomic_prodigal_proteins	1186	GCA_900047545.1_m9_genomic_prodigal_proteins	1575	303	59.84	13.14	25.55
GCA_003211455.1_ASM321145v1_genomic_prodigal_proteins	1186	GCA_001632105.1_ASM163210v1_genomic_prodigal_proteins	3521	690	69.41	14.15	58.18
GCA_003211455.1_ASM321145v1_genomic_prodigal_proteins	1186	GCA_004212765.1_ASM421276v1_genomic_prodigal_proteins	1162	345	75.21	14.55	29.69
GCA_003211455.1_ASM321145v1_genomic_prodigal_proteins	1186	GCA_002685515.1_ASM268551v1_genomic_prodigal_proteins	1286	333	68.93	14.26	28.08
GCA_003211455.1_ASM321145v1_genomic_prodigal_proteins	1186	GCA_007828135.1_ASM782813v1_genomic_prodigal_proteins	2917	555	65.47	13.30	46.80
GCA_003211455.1_ASM321145v1_genomic_prodigal_proteins	1186	GCA_011047875.1_ASM1104787v1_genomic_prodigal_proteins	2810	303	52.42	11.92	25.55
GCA_003211455.1_ASM321145v1_genomic_prodigal_proteins	1186	GCA_009840445.1_ASM984044v1_genomic_prodigal_proteins	2167	419	60.25	13.02	35.33
GCA_003211455.1_ASM321145v1_genomic_prodigal_proteins	1186	GCA_003210995.1_ASM321099v1_genomic_prodigal_proteins	2385	514	69.14	14.90	43.34
GCA_003211455.1_ASM321145v1_genomic_prodigal_proteins	1186	GCA_902616995.1_AG-919-L20_genomic_prodigal_proteins	654	102	73.51	16.07	15.60
GCA_003211455.1_ASM321145v1_genomic_prodigal_proteins	1186	GCA_009845825.1_ASM984582v1_genomic_prodigal_proteins	2168	357	60.75	12.92	30.10
GCA_003211455.1_ASM321145v1_genomic_prodigal_proteins	1186	GCA_000515235.1_ASM51523v1_genomic_prodigal_proteins	2873	732	73.99	13.78	61.72
GCA_003211455.1_ASM321145v1_genomic_prodigal_proteins	1186	GCA_003523965.1_ASM352396v1_genomic_prodigal_proteins	1735	289	61.47	13.47	24.37
GCA_003211455.1_ASM321145v1_genomic_prodigal_proteins	1186	GCA_002684175.1_ASM268417v1_genomic_prodigal_proteins	1819	419	74.03	13.21	35.33
GCA_003211455.1_ASM321145v1_genomic_prodigal_proteins	1186	GCA_011523295.1_ASM1152329v1_genomic_prodigal_proteins	2851	584	74.60	14.50	49.24
GCA_003211455.1_ASM321145v1_genomic_prodigal_proteins	1186	GCA_003211015.1_ASM321101v1_genomic_prodigal_proteins	2128	499	69.80	14.34	42.07
GCA_003211455.1_ASM321145v1_genomic_prodigal_proteins	1186	GCA_002006815.1_ASM200681v1_genomic_prodigal_proteins	1973	469	63.24	13.55	39.54
GCA_902582045.1_AG-912-B07_genomic_prodigal_proteins	196	GCA_000153045.1_ASM15304v1_genomic_prodigal_proteins	3242	54	61.78	15.83	27.55
GCA_902582045.1_AG-912-B07_genomic_prodigal_proteins	196	GCA_902549675.1_AG-903-B09_genomic_prodigal_proteins	836	78	87.35	15.58	39.80
GCA_902582045.1_AG-912-B07_genomic_prodigal_proteins	196	GCA_002018045.1_ASM201804v1_genomic_prodigal_proteins	1559	28	61.71	12.87	14.29
GCA_902582045.1_AG-912-B07_genomic_prodigal_proteins	196	GCA_004213055.1_ASM421305v1_genomic_prodigal_proteins	2241	41	68.25	15.00	20.92
GCA_902582045.1_AG-912-B07_genomic_prodigal_proteins	196	GCA_007571085.1_ASM757108v1_genomic_prodigal_proteins	1784	40	58.42	13.93	20.41
GCA_902582045.1_AG-912-B07_genomic_prodigal_proteins	196	GCA_009839805.1_ASM983980v1_genomic_prodigal_proteins	1848	30	55.50	11.60	15.31
GCA_902582045.1_AG-912-B07_genomic_prodigal_proteins	196	GCA_003210375.1_ASM321037v1_genomic_prodigal_proteins	2155	80	70.46	16.38	40.82
GCA_902582045.1_AG-912-B07_genomic_prodigal_proteins	196	GCA_004332415.1_ASM433241v1_genomic_prodigal_proteins	2408	69	67.84	15.82	35.20
GCA_902582045.1_AG-912-B07_genomic_prodigal_proteins	196	GCA_009836025.1_ASM983602v1_genomic_prodigal_proteins	2290	45	57.57	14.10	22.96
GCA_902582045.1_AG-912-B07_genomic_prodigal_proteins	196	GCA_009843455.1_ASM984345v1_genomic_prodigal_proteins	2423	44	57.80	13.95	22.45
GCA_902582045.1_AG-912-B07_genomic_prodigal_proteins	196	GCA_009843485.1_ASM984348v1_genomic_prodigal_proteins	2158	42	59.09	13.35	21.43
GCA_902582045.1_AG-912-B07_genomic_prodigal_proteins	196	GCA_003283135.1_ASM328313v1_genomic_prodigal_proteins	459	6	50.58	12.59	3.06
GCA_902582045.1_AG-912-B07_genomic_prodigal_proteins	196	GCA_902635485.1_AG-447-G23_genomic_prodigal_proteins	327	15	69.59	17.77	7.65
GCA_902582045.1_AG-912-B07_genomic_prodigal_proteins	196	GCA_002760415.1_ASM276041v1_genomic_prodigal_proteins	2670	26	50.88	12.80	13.27
GCA_902582045.1_AG-912-B07_genomic_prodigal_proteins	196	GCA_002754935.1_ASM275493v1_genomic_prodigal_proteins	2664	31	52.71	12.22	15.82
GCA_902582045.1_AG-912-B07_genomic_prodigal_proteins	196	GCA_002171685.2_ASM217168v2_genomic_prodigal_proteins	811	33	65.39	15.16	16.84
GCA_902582045.1_AG-912-B07_genomic_prodigal_proteins	196	GCA_000737595.1_ASM73759v1_genomic_prodigal_proteins	2774	90	74.01	17.77	45.92
GCA_902582045.1_AG-912-B07_genomic_prodigal_proteins	196	GCA_003331785.1_ASM333178v1_genomic_prodigal_proteins	2125	59	67.13	15.29	30.10
GCA_902582045.1_AG-912-B07_genomic_prodigal_proteins	196	GCA_009842265.1_ASM984226v1_genomic_prodigal_proteins	2398	42	56.55	14.11	21.43
GCA_902582045.1_AG-912-B07_genomic_prodigal_proteins	196	GCA_902579345.1_AG-911-L15_genomic_prodigal_proteins	248	94	98.13	7.27	47.96
GCA_902582045.1_AG-912-B07_genomic_prodigal_proteins	196	GCA_000011345.1_ASM1134v1_genomic_prodigal_proteins	2520	31	52.30	12.53	15.82
GCA_902582045.1_AG-912-B07_genomic_prodigal_proteins	196	GCA_003210705.1_ASM321070v1_genomic_prodigal_proteins	2244	69	70.22	15.15	35.20
GCA_902582045.1_AG-912-B07_genomic_prodigal_proteins	196	GCA_000019485.1_ASM1948v1_genomic_prodigal_proteins	3233	30	51.22	12.77	15.31
GCA_902582045.1_AG-912-B07_genomic_prodigal_proteins	196	GCA_003283055.1_ASM328305v1_genomic_prodigal_proteins	482	15	71.48	19.71	7.65
GCA_902582045.1_AG-912-B07_genomic_prodigal_proteins	196	GCA_000010065.1_ASM1006v1_genomic_prodigal_proteins	2691	45	56.25	12.85	22.96
GCA_902582045.1_AG-912-B07_genomic_prodigal_proteins	196	GCA_000316685.1_ASM31668v1_genomic_prodigal_proteins	3706	36	52.26	12.30	18.37
GCA_902582045.1_AG-912-B07_genomic_prodigal_proteins	196	GCA_000063525.1_ASM6352v1_genomic_prodigal_proteins	2540	69	67.18	14.80	35.20
GCA_902582045.1_AG-912-B07_genomic_prodigal_proteins	196	GCA_003283165.1_ASM328316v1_genomic_prodigal_proteins	217	12	62.52	17.20	6.12
GCA_902582045.1_AG-912-B07_genomic_prodigal_proteins	196	GCA_902540675.1_AG-359-E22_genomic_prodigal_proteins	584	39	89.69	18.81	19.90
GCA_902582045.1_AG-912-B07_genomic_prodigal_proteins	196	GCA_011055065.1_ASM1105506v1_genomic_prodigal_proteins	2792	24	52.50	12.06	12.24
GCA_902582045.1_AG-912-B07_genomic_prodigal_proteins	196	GCA_000013205.1_ASM1320v1_genomic_prodigal_proteins	2750	26	50.84	12.85	13.27
GCA_902582045.1_AG-912-B07_genomic_prodigal_proteins	196	GCA_003539795.1_ASM353979v1_genomic_prodigal_proteins	2284	33	70.52	15.55	16.84
GCA_902582045.1_AG-912-B07_genomic_prodigal_proteins	196	GCA_002171995.1_ASM217199v1_genomic_prodigal_proteins	1978	49	68.86	15.14	25.00
GCA_902582045.1_AG-912-B07_genomic_prodigal_proteins	196	GCA_011523835.1_ASM1152383v1_genomic_prodigal_proteins	2468	67	69.22	15.09	34.18
GCA_902582045.1_AG-912-B07_genomic_prodigal_proteins	196	GCA_002172175.1_ASM217217v1_genomic_prodigal_proteins	1846	41	66.18	16.01	20.92
GCA_902582045.1_AG-912-B07_genomic_prodigal_proteins	196	GCA_003208835.1_ASM320883v1_genomic_prodigal_proteins	2208	84	71.41	15.93	42.86
GCA_902582045.1_AG-912-B07_genomic_prodigal_proteins	196	GCA_902589915.1_AG-914-F20_genomic_prodigal_proteins	373	29	95.68	8.89	14.80
GCA_902582045.1_AG-912-B07_genomic_prodigal_proteins	196	GCA_000485815.1_ASM48581v1_genomic_prodigal_proteins	3083	34	51.97	13.02	17.35
GCA_902582045.1_AG-912-B07_genomic_prodigal_proteins	196	GCA_008807075.1_ASM880707v1_genomic_prodigal_proteins	2925	55	62.92	14.93	28.06
GCA_902582045.1_AG-912-B07_genomic_prodigal_proteins	196	GCA_000179235.2_ASM17923v2_genomic_prodigal_proteins	3071	56	63.96	15.13	28.57
GCA_902582045.1_AG-912-B07_genomic_prodigal_proteins	196	GCA_003210795.1_ASM321079v1_genomic_prodigal_proteins	2239	103	74.47	14.28	52.55
GCA_902582045.1_AG-912-B07_genomic_prodigal_proteins	196	GCA_002706715.1_ASM270671v1_genomic_prodigal_proteins	1148	59	77.38	13.98	30.10
GCA_902582045.1_AG-912-B07_genomic_prodigal_proteins	196	GCA_003331245.1_ASM333124v1_genomic_prodigal_proteins	2021	35	75.84	11.24	17.86
GCA_902582045.1_AG-912-B07_genomic_prodigal_proteins	196	GCA_009843385.1_ASM984338v1_genomic_prodigal_proteins	2085	37	58.98	13.64	18.88
GCA_902582045.1_AG-912-B07_genomic_prodigal_proteins	196	GCA_003211205.1_ASM321120v1_genomic_prodigal_proteins	2288	72	69.52	14.82	36.73
GCA_902582045.1_AG-912-B07_genomic_prodigal_proteins	196	GCA_000063505.1_ASM6350v1_genomic_prodigal_proteins	2558	80	68.97	16.13	40.82
GCA_902582045.1_AG-912-B07_genomic_prodigal_proteins	196	GCA_900474245.1_UW179B_genomic_prodigal_proteins	2743	75	67.49	14.98	38.27
GCA_902582045.1_AG-912-B07_genomic_prodigal_proteins	196	GCA_003210345.1_ASM321034v1_genomic_prodigal_proteins	1256	53	72.27	15.76	27.04
GCA_902582045.1_AG-912-B07_genomic_prodigal_proteins	196	GCA_003210315.1_ASM321031v1_genomic_prodigal_proteins	1815	53	69.89	16.57	27.04
GCA_902582045.1_AG-912-B07_genomic_prodigal_proteins	196	GCA_009836155.1_ASM983615v1_genomic_prodigal_proteins	1947	41	56.52	14.67	20.92
GCA_902582045.1_AG-912-B07_genomic_prodigal_proteins	196	GCA_003990665.2_ASM399066v2_genomic_prodigal_proteins	2499	31	52.50	12.31	15.82
GCA_902582045.1_AG-912-B07_genomic_prodigal_proteins	196	GCA_003209135.1_ASM320913v1_genomic_prodigal_proteins	1719	55	65.71	16.27	28.06
GCA_902582045.1_AG-912-B07_genomic_prodigal_proteins	196	GCA_009845105.1_ASM984510v1_genomic_prodigal_proteins	1941	36	56.44	14.26	18.37
GCA_902582045.1_AG-912-B07_genomic_prodigal_proteins	196	GCA_002690325.1_ASM269032v1_genomic_prodigal_proteins	2554	94	69.37	15.33	47.96
GCA_902582045.1_AG-912-B07_genomic_prodigal_proteins	196	GCA_000161795.2_ASM16179v2_genomic_prodigal_proteins	2407	80	79.42	13.99	40.82
GCA_902582045.1_AG-912-B07_genomic_prodigal_proteins	196	GCA_004211895.1_ASM421189v1_genomic_prodigal_proteins	954	13	67.93	20.13	6.63
GCA_902582045.1_AG-912-B07_genomic_prodigal_proteins	196	GCA_003210735.1_ASM321073v1_genomic_prodigal_proteins	2337	93	73.07	14.25	47.45
GCA_902582045.1_AG-912-B07_genomic_prodigal_proteins	196	GCA_003209035.1_ASM320903v1_genomic_prodigal_proteins	1803	78	74.51	14.79	39.80
GCA_902582045.1_AG-912-B07_genomic_prodigal_proteins	196	GCA_003712085.1_ASM371208v1_genomic_prodigal_proteins	2745	94	92.01	11.58	47.96
GCA_902582045.1_AG-912-B07_genomic_prodigal_proteins	196	GCA_003212155.1_ASM321215v1_genomic_prodigal_proteins	262	37	69.24	17.54	18.88
GCA_902582045.1_AG-912-B07_genomic_prodigal_proteins	196	GCA_001040845.1_ASM104084v1_genomic_prodigal_proteins	2917	77	69.30	14.70	39.29
GCA_902582045.1_AG-912-B07_genomic_prodigal_proteins	196	GCA_002018015.1_ASM201801v1_genomic_prodigal_proteins	1578	30	61.61	12.60	15.31
GCA_902582045.1_AG-912-B07_genomic_prodigal_proteins	196	GCA_003211255.1_ASM321125v1_genomic_prodigal_proteins	1850	84	73.29	15.02	42.86
GCA_902582045.1_AG-912-B07_genomic_prodigal_proteins	196	GCA_002721235.1_ASM272123v1_genomic_prodigal_proteins	3119	31	50.79	13.01	15.82
GCA_902582045.1_AG-912-B07_genomic_prodigal_proteins	196	GCA_009839305.1_ASM983930v1_genomic_prodigal_proteins	1816	30	58.93	13.34	15.31
GCA_902582045.1_AG-912-B07_genomic_prodigal_proteins	196	GCA_011365345.1_ASM1136534v1_genomic_prodigal_proteins	2655	93	75.94	16.26	47.45
GCA_902582045.1_AG-912-B07_genomic_prodigal_proteins	196	GCA_001039265.1_ASM103926v1_genomic_prodigal_proteins	2832	34	66.72	14.95	17.35
GCA_902582045.1_AG-912-B07_genomic_prodigal_proteins	196	GCA_001628325.1_ASM162832v1_genomic_prodigal_proteins	2129	60	74.16	14.74	30.61
GCA_902582045.1_AG-912-B07_genomic_prodigal_proteins	196	GCA_003209215.1_ASM320921v1_genomic_prodigal_proteins	1679	38	77.03	17.53	19.39
GCA_902582045.1_AG-912-B07_genomic_prodigal_proteins	196	GCA_002737305.1_ASM273730v1_genomic_prodigal_proteins	1951	32	65.41	16.07	16.33
GCA_902582045.1_AG-912-B07_genomic_prodigal_proteins	196	GCA_003210515.1_ASM321051v1_genomic_prodigal_proteins	1673	44	67.39	16.97	22.45
GCA_902582045.1_AG-912-B07_genomic_prodigal_proteins	196	GCA_011525445.1_ASM1152544v1_genomic_prodigal_proteins	3208	70	71.20	14.47	35.71
GCA_902582045.1_AG-912-B07_genomic_prodigal_proteins	196	GCA_902599435.1_AG-916-N22_genomic_prodigal_proteins	793	56	93.20	11.19	28.57
GCA_902582045.1_AG-912-B07_genomic_prodigal_proteins	196	GCA_003149585.1_ASM314958v1_genomic_prodigal_proteins	2600	59	63.31	15.13	30.10
GCA_902582045.1_AG-912-B07_genomic_prodigal_proteins	196	GCA_902560665.1_AG-905-O11_genomic_prodigal_proteins	401	56	95.26	10.38	28.57
GCA_902582045.1_AG-912-B07_genomic_prodigal_proteins	196	GCA_003331795.1_ASM333179v1_genomic_prodigal_proteins	1948	41	66.86	14.71	20.92
GCA_902582045.1_AG-912-B07_genomic_prodigal_proteins	196	GCA_002017955.1_ASM201795v1_genomic_prodigal_proteins	512	8	65.93	15.22	4.08
GCA_902582045.1_AG-912-B07_genomic_prodigal_proteins	196	GCA_902584485.1_AG-912-O23_genomic_prodigal_proteins	535	47	88.70	18.53	23.98
GCA_902582045.1_AG-912-B07_genomic_prodigal_proteins	196	GCA_902527915.1_AG-896-G19_genomic_prodigal_proteins	1003	50	92.18	14.98	25.51
GCA_902582045.1_AG-912-B07_genomic_prodigal_proteins	196	GCA_902635365.1_AG-447-D19_genomic_prodigal_proteins	1690	84	67.58	17.32	42.86
GCA_902582045.1_AG-912-B07_genomic_prodigal_proteins	196	GCA_900474085.1_UW86_genomic_prodigal_proteins	2403	75	76.22	15.49	38.27
GCA_902582045.1_AG-912-B07_genomic_prodigal_proteins	196	GCA_001885215.1_ASM188521v1_genomic_prodigal_proteins	2897	60	62.48	15.89	30.61
GCA_902582045.1_AG-912-B07_genomic_prodigal_proteins	196	GCA_902575935.1_AG-426-B22_genomic_prodigal_proteins	254	27	66.77	16.38	13.78
GCA_902582045.1_AG-912-B07_genomic_prodigal_proteins	196	GCA_900474295.1_UW140_genomic_prodigal_proteins	2925	77	69.80	15.27	39.29
GCA_902582045.1_AG-912-B07_genomic_prodigal_proteins	196	GCA_003211565.1_ASM321156v1_genomic_prodigal_proteins	1489	23	74.07	15.37	11.73
GCA_902582045.1_AG-912-B07_genomic_prodigal_proteins	196	GCA_003526105.1_ASM352610v1_genomic_prodigal_proteins	1581	24	74.06	14.91	12.24
GCA_902582045.1_AG-912-B07_genomic_prodigal_proteins	196	GCA_002172935.1_ASM217293v1_genomic_prodigal_proteins	1996	37	65.02	15.51	18.88
GCA_902582045.1_AG-912-B07_genomic_prodigal_proteins	196	GCA_003210335.1_ASM321033v1_genomic_prodigal_proteins	942	30	69.40	14.35	15.31
GCA_902582045.1_AG-912-B07_genomic_prodigal_proteins	196	GCA_009846115.1_ASM984611v1_genomic_prodigal_proteins	2048	37	59.70	12.90	18.88
GCA_902582045.1_AG-912-B07_genomic_prodigal_proteins	196	GCA_001693295.1_ASM169329v1_genomic_prodigal_proteins	3183	32	50.09	12.79	16.33
GCA_902582045.1_AG-912-B07_genomic_prodigal_proteins	196	GCA_900473965.1_UW179A_genomic_prodigal_proteins	3383	84	67.89	15.29	42.86
GCA_902582045.1_AG-912-B07_genomic_prodigal_proteins	196	GCA_003213755.1_ASM321375v1_genomic_prodigal_proteins	1050	64	67.28	15.33	32.65
GCA_902582045.1_AG-912-B07_genomic_prodigal_proteins	196	GCA_003209155.1_ASM320915v1_genomic_prodigal_proteins	2305	54	68.79	13.53	27.55
GCA_902582045.1_AG-912-B07_genomic_prodigal_proteins	196	GCA_003211515.1_ASM321151v1_genomic_prodigal_proteins	2451	73	69.85	16.89	37.24
GCA_902582045.1_AG-912-B07_genomic_prodigal_proteins	196	GCA_002693285.1_ASM269328v1_genomic_prodigal_proteins	2440	54	66.66	16.05	27.55
GCA_902582045.1_AG-912-B07_genomic_prodigal_proteins	196	GCA_003210555.1_ASM321055v1_genomic_prodigal_proteins	1847	39	69.45	18.12	19.90
GCA_902582045.1_AG-912-B07_genomic_prodigal_proteins	196	GCA_000155595.1_ASM15559v1_genomic_prodigal_proteins	5270	44	51.38	12.94	22.45
GCA_902582045.1_AG-912-B07_genomic_prodigal_proteins	196	GCA_001007665.1_ASM100766v1_genomic_prodigal_proteins	2356	41	59.60	13.58	20.92
GCA_902582045.1_AG-912-B07_genomic_prodigal_proteins	196	GCA_009919765.1_ASM991976v1_genomic_prodigal_proteins	2524	37	65.45	14.91	18.88
GCA_902582045.1_AG-912-B07_genomic_prodigal_proteins	196	GCA_003331225.1_ASM333122v1_genomic_prodigal_proteins	2113	49	67.53	16.05	25.00
GCA_902582045.1_AG-912-B07_genomic_prodigal_proteins	196	GCA_900177825.1_IMG-taxon_2708742468_annotated_assembly_genomic_prodigal_proteins	3317	31	51.02	12.61	15.82
GCA_902582045.1_AG-912-B07_genomic_prodigal_proteins	196	GCA_000195975.1_ASM19597v1_genomic_prodigal_proteins	2719	106	92.39	13.10	54.08
GCA_902582045.1_AG-912-B07_genomic_prodigal_proteins	196	GCA_902618885.1_AG-920-D15_genomic_prodigal_proteins	1178	58	90.11	15.93	29.59
GCA_902582045.1_AG-912-B07_genomic_prodigal_proteins	196	GCA_003209165.1_ASM320916v1_genomic_prodigal_proteins	2711	98	73.05	15.73	50.00
GCA_902582045.1_AG-912-B07_genomic_prodigal_proteins	196	GCA_001007625.1_ASM100762v1_genomic_prodigal_proteins	2478	36	58.62	14.98	18.37
GCA_902582045.1_AG-912-B07_genomic_prodigal_proteins	196	GCA_008386235.1_ASM838623v1_genomic_prodigal_proteins	2571	32	53.70	12.23	16.33
GCA_902582045.1_AG-912-B07_genomic_prodigal_proteins	196	GCA_001631935.1_ASM163193v1_genomic_prodigal_proteins	3526	77	69.08	15.09	39.29
GCA_902582045.1_AG-912-B07_genomic_prodigal_proteins	196	GCA_002151525.1_ASM215152v1_genomic_prodigal_proteins	1628	38	63.76	13.64	19.39
GCA_902582045.1_AG-912-B07_genomic_prodigal_proteins	196	GCA_000153065.1_ASM15306v1_genomic_prodigal_proteins	2704	62	65.55	17.74	31.63
GCA_902582045.1_AG-912-B07_genomic_prodigal_proteins	196	GCA_009837265.1_ASM983726v1_genomic_prodigal_proteins	2126	40	59.20	13.82	20.41
GCA_902582045.1_AG-912-B07_genomic_prodigal_proteins	196	GCA_902533725.1_AG-898-C20_genomic_prodigal_proteins	421	2	46.90	7.30	1.02
GCA_902582045.1_AG-912-B07_genomic_prodigal_proteins	196	GCA_002171075.2_ASM217107v2_genomic_prodigal_proteins	1919	47	62.41	17.86	23.98
GCA_902582045.1_AG-912-B07_genomic_prodigal_proteins	196	GCA_002760395.1_ASM276039v1_genomic_prodigal_proteins	2661	25	51.33	12.82	12.76
GCA_902582045.1_AG-912-B07_genomic_prodigal_proteins	196	GCA_003209005.1_ASM320900v1_genomic_prodigal_proteins	2548	62	69.48	15.76	31.63
GCA_902582045.1_AG-912-B07_genomic_prodigal_proteins	196	GCA_002017915.1_ASM201791v1_genomic_prodigal_proteins	623	10	67.28	11.34	5.10
GCA_902582045.1_AG-912-B07_genomic_prodigal_proteins	196	GCA_900047545.1_m9_genomic_prodigal_proteins	1575	34	59.00	14.51	17.35
GCA_902582045.1_AG-912-B07_genomic_prodigal_proteins	196	GCA_001632105.1_ASM163210v1_genomic_prodigal_proteins	3521	82	68.68	15.11	41.84
GCA_902582045.1_AG-912-B07_genomic_prodigal_proteins	196	GCA_004212765.1_ASM421276v1_genomic_prodigal_proteins	1162	18	85.95	15.39	9.18
GCA_902582045.1_AG-912-B07_genomic_prodigal_proteins	196	GCA_002685515.1_ASM268551v1_genomic_prodigal_proteins	1286	13	57.72	11.33	6.63
GCA_902582045.1_AG-912-B07_genomic_prodigal_proteins	196	GCA_007828135.1_ASM782813v1_genomic_prodigal_proteins	2917	60	62.48	15.89	30.61
GCA_902582045.1_AG-912-B07_genomic_prodigal_proteins	196	GCA_011047875.1_ASM1104787v1_genomic_prodigal_proteins	2810	25	52.30	11.86	12.76
GCA_902582045.1_AG-912-B07_genomic_prodigal_proteins	196	GCA_009840445.1_ASM984044v1_genomic_prodigal_proteins	2167	41	59.76	12.86	20.92
GCA_902582045.1_AG-912-B07_genomic_prodigal_proteins	196	GCA_003210995.1_ASM321099v1_genomic_prodigal_proteins	2385	65	70.82	15.11	33.16
GCA_902582045.1_AG-912-B07_genomic_prodigal_proteins	196	GCA_902616995.1_AG-919-L20_genomic_prodigal_proteins	654	47	93.12	14.86	23.98
GCA_902582045.1_AG-912-B07_genomic_prodigal_proteins	196	GCA_009845825.1_ASM984582v1_genomic_prodigal_proteins	2168	38	56.31	13.41	19.39
GCA_902582045.1_AG-912-B07_genomic_prodigal_proteins	196	GCA_000515235.1_ASM51523v1_genomic_prodigal_proteins	2873	100	67.55	16.77	51.02
GCA_902582045.1_AG-912-B07_genomic_prodigal_proteins	196	GCA_003523965.1_ASM352396v1_genomic_prodigal_proteins	1735	29	59.39	14.59	14.80
GCA_902582045.1_AG-912-B07_genomic_prodigal_proteins	196	GCA_002684175.1_ASM268417v1_genomic_prodigal_proteins	1819	56	75.16	11.61	28.57
GCA_902582045.1_AG-912-B07_genomic_prodigal_proteins	196	GCA_011523295.1_ASM1152329v1_genomic_prodigal_proteins	2851	73	68.52	15.17	37.24
GCA_902582045.1_AG-912-B07_genomic_prodigal_proteins	196	GCA_003211015.1_ASM321101v1_genomic_prodigal_proteins	2128	54	68.61	16.11	27.55
GCA_902582045.1_AG-912-B07_genomic_prodigal_proteins	196	GCA_002006815.1_ASM200681v1_genomic_prodigal_proteins	1973	52	64.60	14.35	26.53
GCA_001007635.1_ASM100763v1_genomic_prodigal_proteins	2333	GCA_000179255.1_ASM17925v1_genomic_prodigal_proteins	2729	1098	62.07	12.48	47.06
GCA_001007635.1_ASM100763v1_genomic_prodigal_proteins	2333	GCA_003208975.1_ASM320897v1_genomic_prodigal_proteins	1804	548	60.24	12.75	30.38
GCA_001007635.1_ASM100763v1_genomic_prodigal_proteins	2333	GCA_012103655.1_ASM1210365v1_genomic_prodigal_proteins	2723	1064	60.91	12.72	45.61
GCA_001007635.1_ASM100763v1_genomic_prodigal_proteins	2333	GCA_902582045.1_AG-912-B07_genomic_prodigal_proteins	196	30	62.14	12.28	15.31
GCA_001007635.1_ASM100763v1_genomic_prodigal_proteins	2333	GCA_000153045.1_ASM15304v1_genomic_prodigal_proteins	3242	1106	62.37	12.43	47.41
GCA_001007635.1_ASM100763v1_genomic_prodigal_proteins	2333	GCA_902549675.1_AG-903-B09_genomic_prodigal_proteins	836	261	60.98	13.16	31.22
GCA_001007635.1_ASM100763v1_genomic_prodigal_proteins	2333	GCA_002018045.1_ASM201804v1_genomic_prodigal_proteins	1559	1237	98.96	4.25	79.35
GCA_001007635.1_ASM100763v1_genomic_prodigal_proteins	2333	GCA_004213055.1_ASM421305v1_genomic_prodigal_proteins	2241	982	61.42	12.67	43.82
GCA_001007635.1_ASM100763v1_genomic_prodigal_proteins	2333	GCA_007571085.1_ASM757108v1_genomic_prodigal_proteins	1784	1242	78.92	9.80	69.62
GCA_001007635.1_ASM100763v1_genomic_prodigal_proteins	2333	GCA_009839805.1_ASM983980v1_genomic_prodigal_proteins	1848	927	85.95	8.04	50.16
GCA_001007635.1_ASM100763v1_genomic_prodigal_proteins	2333	GCA_003210375.1_ASM321037v1_genomic_prodigal_proteins	2155	776	60.23	12.81	36.01
GCA_001007635.1_ASM100763v1_genomic_prodigal_proteins	2333	GCA_004332415.1_ASM433241v1_genomic_prodigal_proteins	2408	1081	61.69	12.76	46.34
GCA_001007635.1_ASM100763v1_genomic_prodigal_proteins	2333	GCA_009836025.1_ASM983602v1_genomic_prodigal_proteins	2290	1349	86.61	8.45	58.91
GCA_001007635.1_ASM100763v1_genomic_prodigal_proteins	2333	GCA_009843455.1_ASM984345v1_genomic_prodigal_proteins	2423	1342	86.43	8.57	57.52
GCA_001007635.1_ASM100763v1_genomic_prodigal_proteins	2333	GCA_009843485.1_ASM984348v1_genomic_prodigal_proteins	2158	1358	85.57	9.11	62.93
GCA_001007635.1_ASM100763v1_genomic_prodigal_proteins	2333	GCA_003283135.1_ASM328313v1_genomic_prodigal_proteins	459	82	60.56	12.35	17.86
GCA_001007635.1_ASM100763v1_genomic_prodigal_proteins	2333	GCA_902635485.1_AG-447-G23_genomic_prodigal_proteins	327	66	61.12	15.24	20.18
GCA_001007635.1_ASM100763v1_genomic_prodigal_proteins	2333	GCA_002760415.1_ASM276041v1_genomic_prodigal_proteins	2670	777	52.97	11.63	33.30
GCA_001007635.1_ASM100763v1_genomic_prodigal_proteins	2333	GCA_002754935.1_ASM275493v1_genomic_prodigal_proteins	2664	817	53.94	12.09	35.02
GCA_001007635.1_ASM100763v1_genomic_prodigal_proteins	2333	GCA_002171685.2_ASM217168v2_genomic_prodigal_proteins	811	424	60.76	12.26	52.28
GCA_001007635.1_ASM100763v1_genomic_prodigal_proteins	2333	GCA_000737595.1_ASM73759v1_genomic_prodigal_proteins	2774	1089	61.04	12.85	46.68
GCA_001007635.1_ASM100763v1_genomic_prodigal_proteins	2333	GCA_003331785.1_ASM333178v1_genomic_prodigal_proteins	2125	999	61.00	12.67	47.01
GCA_001007635.1_ASM100763v1_genomic_prodigal_proteins	2333	GCA_009842265.1_ASM984226v1_genomic_prodigal_proteins	2398	1351	86.51	8.33	57.91
GCA_001007635.1_ASM100763v1_genomic_prodigal_proteins	2333	GCA_902579345.1_AG-911-L15_genomic_prodigal_proteins	248	40	61.03	15.66	16.13
GCA_001007635.1_ASM100763v1_genomic_prodigal_proteins	2333	GCA_000011345.1_ASM1134v1_genomic_prodigal_proteins	2520	843	54.30	12.07	36.13
GCA_001007635.1_ASM100763v1_genomic_prodigal_proteins	2333	GCA_003210705.1_ASM321070v1_genomic_prodigal_proteins	2244	753	60.85	12.82	33.56
GCA_001007635.1_ASM100763v1_genomic_prodigal_proteins	2333	GCA_000019485.1_ASM1948v1_genomic_prodigal_proteins	3233	856	53.44	12.40	36.69
GCA_001007635.1_ASM100763v1_genomic_prodigal_proteins	2333	GCA_003283055.1_ASM328305v1_genomic_prodigal_proteins	482	33	62.06	14.07	6.85
GCA_001007635.1_ASM100763v1_genomic_prodigal_proteins	2333	GCA_000010065.1_ASM1006v1_genomic_prodigal_proteins	2691	918	55.49	12.66	39.35
GCA_001007635.1_ASM100763v1_genomic_prodigal_proteins	2333	GCA_000316685.1_ASM31668v1_genomic_prodigal_proteins	3706	862	53.19	12.26	36.95
GCA_001007635.1_ASM100763v1_genomic_prodigal_proteins	2333	GCA_000063525.1_ASM6352v1_genomic_prodigal_proteins	2540	1104	62.34	12.50	47.32
GCA_001007635.1_ASM100763v1_genomic_prodigal_proteins	2333	GCA_003283165.1_ASM328316v1_genomic_prodigal_proteins	217	48	59.42	12.94	22.12
GCA_001007635.1_ASM100763v1_genomic_prodigal_proteins	2333	GCA_902540675.1_AG-359-E22_genomic_prodigal_proteins	584	175	62.59	14.18	29.97
GCA_001007635.1_ASM100763v1_genomic_prodigal_proteins	2333	GCA_011055065.1_ASM1105506v1_genomic_prodigal_proteins	2792	754	52.86	11.78	32.32
GCA_001007635.1_ASM100763v1_genomic_prodigal_proteins	2333	GCA_000013205.1_ASM1320v1_genomic_prodigal_proteins	2750	787	53.01	11.61	33.73
GCA_001007635.1_ASM100763v1_genomic_prodigal_proteins	2333	GCA_003539795.1_ASM353979v1_genomic_prodigal_proteins	2284	807	59.85	11.99	35.33
GCA_001007635.1_ASM100763v1_genomic_prodigal_proteins	2333	GCA_002171995.1_ASM217199v1_genomic_prodigal_proteins	1978	622	60.65	12.77	31.45
GCA_001007635.1_ASM100763v1_genomic_prodigal_proteins	2333	GCA_011523835.1_ASM1152383v1_genomic_prodigal_proteins	2468	925	60.66	12.88	39.65
GCA_001007635.1_ASM100763v1_genomic_prodigal_proteins	2333	GCA_002172175.1_ASM217217v1_genomic_prodigal_proteins	1846	684	60.85	12.21	37.05
GCA_001007635.1_ASM100763v1_genomic_prodigal_proteins	2333	GCA_003208835.1_ASM320883v1_genomic_prodigal_proteins	2208	805	60.44	13.15	36.46
GCA_001007635.1_ASM100763v1_genomic_prodigal_proteins	2333	GCA_902589915.1_AG-914-F20_genomic_prodigal_proteins	373	90	62.45	13.23	24.13
GCA_001007635.1_ASM100763v1_genomic_prodigal_proteins	2333	GCA_000485815.1_ASM48581v1_genomic_prodigal_proteins	3083	815	53.77	12.32	34.93
GCA_001007635.1_ASM100763v1_genomic_prodigal_proteins	2333	GCA_008807075.1_ASM880707v1_genomic_prodigal_proteins	2925	1056	62.02	12.60	45.26
GCA_001007635.1_ASM100763v1_genomic_prodigal_proteins	2333	GCA_000179235.2_ASM17923v2_genomic_prodigal_proteins	3071	1119	62.15	12.46	47.96
GCA_001007635.1_ASM100763v1_genomic_prodigal_proteins	2333	GCA_003210795.1_ASM321079v1_genomic_prodigal_proteins	2239	795	60.89	12.65	35.51
GCA_001007635.1_ASM100763v1_genomic_prodigal_proteins	2333	GCA_002706715.1_ASM270671v1_genomic_prodigal_proteins	1148	564	61.15	12.81	49.13
GCA_001007635.1_ASM100763v1_genomic_prodigal_proteins	2333	GCA_003331245.1_ASM333124v1_genomic_prodigal_proteins	2021	889	60.97	12.15	43.99
GCA_001007635.1_ASM100763v1_genomic_prodigal_proteins	2333	GCA_009843385.1_ASM984338v1_genomic_prodigal_proteins	2085	1161	86.32	9.06	55.68
GCA_001007635.1_ASM100763v1_genomic_prodigal_proteins	2333	GCA_003211205.1_ASM321120v1_genomic_prodigal_proteins	2288	832	60.86	13.08	36.36
GCA_001007635.1_ASM100763v1_genomic_prodigal_proteins	2333	GCA_000063505.1_ASM6350v1_genomic_prodigal_proteins	2558	1073	61.28	12.85	45.99
GCA_001007635.1_ASM100763v1_genomic_prodigal_proteins	2333	GCA_900474245.1_UW179B_genomic_prodigal_proteins	2743	1072	60.95	12.73	45.95
GCA_001007635.1_ASM100763v1_genomic_prodigal_proteins	2333	GCA_003210345.1_ASM321034v1_genomic_prodigal_proteins	1256	429	59.22	12.57	34.16
GCA_001007635.1_ASM100763v1_genomic_prodigal_proteins	2333	GCA_003210315.1_ASM321031v1_genomic_prodigal_proteins	1815	639	60.60	12.75	35.21
GCA_001007635.1_ASM100763v1_genomic_prodigal_proteins	2333	GCA_009836155.1_ASM983615v1_genomic_prodigal_proteins	1947	1268	86.91	8.08	65.13
GCA_001007635.1_ASM100763v1_genomic_prodigal_proteins	2333	GCA_003990665.2_ASM399066v2_genomic_prodigal_proteins	2499	842	54.32	12.04	36.09
GCA_001007635.1_ASM100763v1_genomic_prodigal_proteins	2333	GCA_003209135.1_ASM320913v1_genomic_prodigal_proteins	1719	560	59.94	12.58	32.58
GCA_001007635.1_ASM100763v1_genomic_prodigal_proteins	2333	GCA_009845105.1_ASM984510v1_genomic_prodigal_proteins	1941	1097	86.25	8.51	56.52
GCA_001007635.1_ASM100763v1_genomic_prodigal_proteins	2333	GCA_002690325.1_ASM269032v1_genomic_prodigal_proteins	2554	981	60.13	12.55	42.05
GCA_001007635.1_ASM100763v1_genomic_prodigal_proteins	2333	GCA_000161795.2_ASM16179v2_genomic_prodigal_proteins	2407	1068	61.48	12.64	45.78
GCA_001007635.1_ASM100763v1_genomic_prodigal_proteins	2333	GCA_004211895.1_ASM421189v1_genomic_prodigal_proteins	954	452	61.09	12.71	47.38
GCA_001007635.1_ASM100763v1_genomic_prodigal_proteins	2333	GCA_003210735.1_ASM321073v1_genomic_prodigal_proteins	2337	782	60.49	12.67	33.52
GCA_001007635.1_ASM100763v1_genomic_prodigal_proteins	2333	GCA_003209035.1_ASM320903v1_genomic_prodigal_proteins	1803	584	61.08	12.87	32.39
GCA_001007635.1_ASM100763v1_genomic_prodigal_proteins	2333	GCA_003712085.1_ASM371208v1_genomic_prodigal_proteins	2745	1091	61.21	12.60	46.76
GCA_001007635.1_ASM100763v1_genomic_prodigal_proteins	2333	GCA_003212155.1_ASM321215v1_genomic_prodigal_proteins	262	63	63.15	15.42	24.05
GCA_001007635.1_ASM100763v1_genomic_prodigal_proteins	2333	GCA_001040845.1_ASM104084v1_genomic_prodigal_proteins	2917	1086	60.67	12.88	46.55
GCA_001007635.1_ASM100763v1_genomic_prodigal_proteins	2333	GCA_002018015.1_ASM201801v1_genomic_prodigal_proteins	1578	1219	98.96	4.14	77.25
GCA_001007635.1_ASM100763v1_genomic_prodigal_proteins	2333	GCA_003211255.1_ASM321125v1_genomic_prodigal_proteins	1850	612	60.10	12.70	33.08
GCA_001007635.1_ASM100763v1_genomic_prodigal_proteins	2333	GCA_002721235.1_ASM272123v1_genomic_prodigal_proteins	3119	853	53.51	12.36	36.56
GCA_001007635.1_ASM100763v1_genomic_prodigal_proteins	2333	GCA_009839305.1_ASM983930v1_genomic_prodigal_proteins	1816	1025	85.86	8.93	56.44
GCA_001007635.1_ASM100763v1_genomic_prodigal_proteins	2333	GCA_011365345.1_ASM1136534v1_genomic_prodigal_proteins	2655	1071	61.36	12.73	45.91
GCA_001007635.1_ASM100763v1_genomic_prodigal_proteins	2333	GCA_001039265.1_ASM103926v1_genomic_prodigal_proteins	2832	780	63.46	12.37	33.43
GCA_001007635.1_ASM100763v1_genomic_prodigal_proteins	2333	GCA_001628325.1_ASM162832v1_genomic_prodigal_proteins	2129	986	61.52	12.50	46.31
GCA_001007635.1_ASM100763v1_genomic_prodigal_proteins	2333	GCA_003209215.1_ASM320921v1_genomic_prodigal_proteins	1679	550	60.62	12.74	32.76
GCA_001007635.1_ASM100763v1_genomic_prodigal_proteins	2333	GCA_002737305.1_ASM273730v1_genomic_prodigal_proteins	1951	875	62.47	12.40	44.85
GCA_001007635.1_ASM100763v1_genomic_prodigal_proteins	2333	GCA_003210515.1_ASM321051v1_genomic_prodigal_proteins	1673	620	60.31	12.80	37.06
GCA_001007635.1_ASM100763v1_genomic_prodigal_proteins	2333	GCA_011525445.1_ASM1152544v1_genomic_prodigal_proteins	3208	890	59.73	12.61	38.15
GCA_001007635.1_ASM100763v1_genomic_prodigal_proteins	2333	GCA_902599435.1_AG-916-N22_genomic_prodigal_proteins	793	259	62.90	12.21	32.66
GCA_001007635.1_ASM100763v1_genomic_prodigal_proteins	2333	GCA_003149585.1_ASM314958v1_genomic_prodigal_proteins	2600	1104	62.15	12.34	47.32
GCA_001007635.1_ASM100763v1_genomic_prodigal_proteins	2333	GCA_902560665.1_AG-905-O11_genomic_prodigal_proteins	401	104	60.72	14.14	25.94
GCA_001007635.1_ASM100763v1_genomic_prodigal_proteins	2333	GCA_003331795.1_ASM333179v1_genomic_prodigal_proteins	1948	890	62.43	12.41	45.69
GCA_001007635.1_ASM100763v1_genomic_prodigal_proteins	2333	GCA_002017955.1_ASM201795v1_genomic_prodigal_proteins	512	326	97.65	6.59	63.67
GCA_001007635.1_ASM100763v1_genomic_prodigal_proteins	2333	GCA_902584485.1_AG-912-O23_genomic_prodigal_proteins	535	138	61.05	13.33	25.79
GCA_001007635.1_ASM100763v1_genomic_prodigal_proteins	2333	GCA_902527915.1_AG-896-G19_genomic_prodigal_proteins	1003	323	61.84	13.06	32.20
GCA_001007635.1_ASM100763v1_genomic_prodigal_proteins	2333	GCA_902635365.1_AG-447-D19_genomic_prodigal_proteins	1690	496	61.51	12.97	29.35
GCA_001007635.1_ASM100763v1_genomic_prodigal_proteins	2333	GCA_900474085.1_UW86_genomic_prodigal_proteins	2403	1071	61.52	12.64	45.91
GCA_001007635.1_ASM100763v1_genomic_prodigal_proteins	2333	GCA_001885215.1_ASM188521v1_genomic_prodigal_proteins	2897	1122	61.73	12.56	48.09
GCA_001007635.1_ASM100763v1_genomic_prodigal_proteins	2333	GCA_902575935.1_AG-426-B22_genomic_prodigal_proteins	254	105	64.24	14.15	41.34
GCA_001007635.1_ASM100763v1_genomic_prodigal_proteins	2333	GCA_900474295.1_UW140_genomic_prodigal_proteins	2925	1083	61.28	12.80	46.42
GCA_001007635.1_ASM100763v1_genomic_prodigal_proteins	2333	GCA_003211565.1_ASM321156v1_genomic_prodigal_proteins	1489	468	61.36	12.46	31.43
GCA_001007635.1_ASM100763v1_genomic_prodigal_proteins	2333	GCA_003526105.1_ASM352610v1_genomic_prodigal_proteins	1581	585	62.15	12.75	37.00
GCA_001007635.1_ASM100763v1_genomic_prodigal_proteins	2333	GCA_002172935.1_ASM217293v1_genomic_prodigal_proteins	1996	841	60.56	12.55	42.13
GCA_001007635.1_ASM100763v1_genomic_prodigal_proteins	2333	GCA_003210335.1_ASM321033v1_genomic_prodigal_proteins	942	188	60.07	13.71	19.96
GCA_001007635.1_ASM100763v1_genomic_prodigal_proteins	2333	GCA_009846115.1_ASM984611v1_genomic_prodigal_proteins	2048	1212	85.70	8.81	59.18
GCA_001007635.1_ASM100763v1_genomic_prodigal_proteins	2333	GCA_001693295.1_ASM169329v1_genomic_prodigal_proteins	3183	854	53.50	12.34	36.61
GCA_001007635.1_ASM100763v1_genomic_prodigal_proteins	2333	GCA_900473965.1_UW179A_genomic_prodigal_proteins	3383	1069	60.94	12.77	45.82
GCA_001007635.1_ASM100763v1_genomic_prodigal_proteins	2333	GCA_003213755.1_ASM321375v1_genomic_prodigal_proteins	1050	370	62.13	12.79	35.24
GCA_001007635.1_ASM100763v1_genomic_prodigal_proteins	2333	GCA_003209155.1_ASM320915v1_genomic_prodigal_proteins	2305	794	60.96	12.73	34.45
GCA_001007635.1_ASM100763v1_genomic_prodigal_proteins	2333	GCA_003211515.1_ASM321151v1_genomic_prodigal_proteins	2451	687	60.76	12.50	29.45
GCA_001007635.1_ASM100763v1_genomic_prodigal_proteins	2333	GCA_002693285.1_ASM269328v1_genomic_prodigal_proteins	2440	936	60.78	12.88	40.12
GCA_001007635.1_ASM100763v1_genomic_prodigal_proteins	2333	GCA_003210555.1_ASM321055v1_genomic_prodigal_proteins	1847	580	60.32	12.77	31.40
GCA_001007635.1_ASM100763v1_genomic_prodigal_proteins	2333	GCA_000155595.1_ASM15559v1_genomic_prodigal_proteins	5270	877	52.44	12.28	37.59
GCA_001007635.1_ASM100763v1_genomic_prodigal_proteins	2333	GCA_001007665.1_ASM100766v1_genomic_prodigal_proteins	2356	1372	86.16	8.21	58.81
GCA_001007635.1_ASM100763v1_genomic_prodigal_proteins	2333	GCA_009919765.1_ASM991976v1_genomic_prodigal_proteins	2524	745	62.13	12.52	31.93
GCA_001007635.1_ASM100763v1_genomic_prodigal_proteins	2333	GCA_003331225.1_ASM333122v1_genomic_prodigal_proteins	2113	960	62.39	12.47	45.43
GCA_001007635.1_ASM100763v1_genomic_prodigal_proteins	2333	GCA_900177825.1_IMG-taxon_2708742468_annotated_assembly_genomic_prodigal_proteins	3317	846	53.44	12.42	36.26
GCA_001007635.1_ASM100763v1_genomic_prodigal_proteins	2333	GCA_000195975.1_ASM19597v1_genomic_prodigal_proteins	2719	1084	61.22	12.59	46.46
GCA_001007635.1_ASM100763v1_genomic_prodigal_proteins	2333	GCA_902618885.1_AG-920-D15_genomic_prodigal_proteins	1178	402	62.10	13.28	34.13
GCA_001007635.1_ASM100763v1_genomic_prodigal_proteins	2333	GCA_003209165.1_ASM320916v1_genomic_prodigal_proteins	2711	915	61.26	12.67	39.22
GCA_001007635.1_ASM100763v1_genomic_prodigal_proteins	2333	GCA_001007625.1_ASM100762v1_genomic_prodigal_proteins	2478	1234	86.65	8.55	52.89
GCA_001007635.1_ASM100763v1_genomic_prodigal_proteins	2333	GCA_008386235.1_ASM838623v1_genomic_prodigal_proteins	2571	856	54.03	12.09	36.69
GCA_001007635.1_ASM100763v1_genomic_prodigal_proteins	2333	GCA_001631935.1_ASM163193v1_genomic_prodigal_proteins	3526	1070	61.02	12.81	45.86
GCA_001007635.1_ASM100763v1_genomic_prodigal_proteins	2333	GCA_002151525.1_ASM215152v1_genomic_prodigal_proteins	1628	784	61.03	12.89	48.16
GCA_001007635.1_ASM100763v1_genomic_prodigal_proteins	2333	GCA_000153065.1_ASM15306v1_genomic_prodigal_proteins	2704	1077	61.96	12.76	46.16
GCA_001007635.1_ASM100763v1_genomic_prodigal_proteins	2333	GCA_009837265.1_ASM983726v1_genomic_prodigal_proteins	2126	1294	85.66	8.72	60.87
GCA_001007635.1_ASM100763v1_genomic_prodigal_proteins	2333	GCA_902533725.1_AG-898-C20_genomic_prodigal_proteins	421	86	61.81	14.09	20.43
GCA_001007635.1_ASM100763v1_genomic_prodigal_proteins	2333	GCA_002171075.2_ASM217107v2_genomic_prodigal_proteins	1919	833	60.86	12.02	43.41
GCA_001007635.1_ASM100763v1_genomic_prodigal_proteins	2333	GCA_002760395.1_ASM276039v1_genomic_prodigal_proteins	2661	766	53.08	11.67	32.83
GCA_001007635.1_ASM100763v1_genomic_prodigal_proteins	2333	GCA_003209005.1_ASM320900v1_genomic_prodigal_proteins	2548	863	60.74	12.75	36.99
GCA_001007635.1_ASM100763v1_genomic_prodigal_proteins	2333	GCA_002017915.1_ASM201791v1_genomic_prodigal_proteins	623	433	97.53	6.87	69.50
GCA_001007635.1_ASM100763v1_genomic_prodigal_proteins	2333	GCA_900047545.1_m9_genomic_prodigal_proteins	1575	1047	85.52	8.03	66.48
GCA_001007635.1_ASM100763v1_genomic_prodigal_proteins	2333	GCA_001632105.1_ASM163210v1_genomic_prodigal_proteins	3521	1074	60.92	12.85	46.04
GCA_001007635.1_ASM100763v1_genomic_prodigal_proteins	2333	GCA_004212765.1_ASM421276v1_genomic_prodigal_proteins	1162	522	61.21	12.38	44.92
GCA_001007635.1_ASM100763v1_genomic_prodigal_proteins	2333	GCA_002685515.1_ASM268551v1_genomic_prodigal_proteins	1286	564	59.90	12.61	43.86
GCA_001007635.1_ASM100763v1_genomic_prodigal_proteins	2333	GCA_007828135.1_ASM782813v1_genomic_prodigal_proteins	2917	1123	61.71	12.58	48.14
GCA_001007635.1_ASM100763v1_genomic_prodigal_proteins	2333	GCA_011047875.1_ASM1104787v1_genomic_prodigal_proteins	2810	772	52.95	11.73	33.09
GCA_001007635.1_ASM100763v1_genomic_prodigal_proteins	2333	GCA_009840445.1_ASM984044v1_genomic_prodigal_proteins	2167	1401	85.46	9.19	64.65
GCA_001007635.1_ASM100763v1_genomic_prodigal_proteins	2333	GCA_003210995.1_ASM321099v1_genomic_prodigal_proteins	2385	753	61.43	12.91	32.28
GCA_001007635.1_ASM100763v1_genomic_prodigal_proteins	2333	GCA_902616995.1_AG-919-L20_genomic_prodigal_proteins	654	195	60.73	12.72	29.82
GCA_001007635.1_ASM100763v1_genomic_prodigal_proteins	2333	GCA_009845825.1_ASM984582v1_genomic_prodigal_proteins	2168	1194	86.82	8.25	55.07
GCA_001007635.1_ASM100763v1_genomic_prodigal_proteins	2333	GCA_000515235.1_ASM51523v1_genomic_prodigal_proteins	2873	1059	61.26	12.52	45.39
GCA_001007635.1_ASM100763v1_genomic_prodigal_proteins	2333	GCA_003523965.1_ASM352396v1_genomic_prodigal_proteins	1735	908	85.52	8.64	52.33
GCA_001007635.1_ASM100763v1_genomic_prodigal_proteins	2333	GCA_002684175.1_ASM268417v1_genomic_prodigal_proteins	1819	655	59.29	12.32	36.01
GCA_001007635.1_ASM100763v1_genomic_prodigal_proteins	2333	GCA_011523295.1_ASM1152329v1_genomic_prodigal_proteins	2851	815	59.64	12.31	34.93
GCA_001007635.1_ASM100763v1_genomic_prodigal_proteins	2333	GCA_003211015.1_ASM321101v1_genomic_prodigal_proteins	2128	777	60.34	12.69	36.51
GCA_001007635.1_ASM100763v1_genomic_prodigal_proteins	2333	GCA_002006815.1_ASM200681v1_genomic_prodigal_proteins	1973	976	61.70	12.49	49.47
GCA_002252675.1_ASM225267v1_genomic_prodigal_proteins	3295	GCA_000737575.1_ASM73757v1_genomic_prodigal_proteins	2662	1648	66.83	13.79	61.91
GCA_002252675.1_ASM225267v1_genomic_prodigal_proteins	3295	GCA_902596755.1_AG-916-D19_genomic_prodigal_proteins	1152	586	66.23	13.77	50.87
GCA_002252675.1_ASM225267v1_genomic_prodigal_proteins	3295	GCA_003211455.1_ASM321145v1_genomic_prodigal_proteins	1186	567	65.69	13.50	47.81
GCA_002252675.1_ASM225267v1_genomic_prodigal_proteins	3295	GCA_003208755.1_ASM320875v1_genomic_prodigal_proteins	690	360	66.57	13.44	52.17
GCA_002252675.1_ASM225267v1_genomic_prodigal_proteins	3295	GCA_007571215.1_ASM757121v1_genomic_prodigal_proteins	1879	1147	62.25	12.36	61.04
GCA_002252675.1_ASM225267v1_genomic_prodigal_proteins	3295	GCA_001007635.1_ASM100763v1_genomic_prodigal_proteins	2333	1085	62.44	12.35	46.51
GCA_002252675.1_ASM225267v1_genomic_prodigal_proteins	3295	GCA_000179255.1_ASM17925v1_genomic_prodigal_proteins	2729	1733	70.04	13.36	63.50
GCA_002252675.1_ASM225267v1_genomic_prodigal_proteins	3295	GCA_003208975.1_ASM320897v1_genomic_prodigal_proteins	1804	825	65.93	13.68	45.73
GCA_002252675.1_ASM225267v1_genomic_prodigal_proteins	3295	GCA_012103655.1_ASM1210365v1_genomic_prodigal_proteins	2723	1638	66.13	13.91	60.15
GCA_002252675.1_ASM225267v1_genomic_prodigal_proteins	3295	GCA_902582045.1_AG-912-B07_genomic_prodigal_proteins	196	49	66.37	13.23	25.00
GCA_002252675.1_ASM225267v1_genomic_prodigal_proteins	3295	GCA_000153045.1_ASM15304v1_genomic_prodigal_proteins	3242	2014	71.52	12.83	62.12
GCA_002252675.1_ASM225267v1_genomic_prodigal_proteins	3295	GCA_902549675.1_AG-903-B09_genomic_prodigal_proteins	836	390	66.56	14.32	46.65
GCA_002252675.1_ASM225267v1_genomic_prodigal_proteins	3295	GCA_002018045.1_ASM201804v1_genomic_prodigal_proteins	1559	924	63.20	12.37	59.27
GCA_002252675.1_ASM225267v1_genomic_prodigal_proteins	3295	GCA_004213055.1_ASM421305v1_genomic_prodigal_proteins	2241	1407	67.44	13.51	62.78
GCA_002252675.1_ASM225267v1_genomic_prodigal_proteins	3295	GCA_007571085.1_ASM757108v1_genomic_prodigal_proteins	1784	1126	62.25	12.38	63.12
GCA_002252675.1_ASM225267v1_genomic_prodigal_proteins	3295	GCA_009839805.1_ASM983980v1_genomic_prodigal_proteins	1848	774	60.79	11.78	41.88
GCA_002252675.1_ASM225267v1_genomic_prodigal_proteins	3295	GCA_003210375.1_ASM321037v1_genomic_prodigal_proteins	2155	1140	65.51	13.66	52.90
GCA_002252675.1_ASM225267v1_genomic_prodigal_proteins	3295	GCA_004332415.1_ASM433241v1_genomic_prodigal_proteins	2408	1660	67.80	13.76	68.94
GCA_002252675.1_ASM225267v1_genomic_prodigal_proteins	3295	GCA_009836025.1_ASM983602v1_genomic_prodigal_proteins	2290	1175	62.60	12.30	51.31
GCA_002252675.1_ASM225267v1_genomic_prodigal_proteins	3295	GCA_009843455.1_ASM984345v1_genomic_prodigal_proteins	2423	1150	62.44	12.20	47.46
GCA_002252675.1_ASM225267v1_genomic_prodigal_proteins	3295	GCA_009843485.1_ASM984348v1_genomic_prodigal_proteins	2158	1183	62.61	12.37	54.82
GCA_002252675.1_ASM225267v1_genomic_prodigal_proteins	3295	GCA_003283135.1_ASM328313v1_genomic_prodigal_proteins	459	144	62.49	15.71	31.37
GCA_002252675.1_ASM225267v1_genomic_prodigal_proteins	3295	GCA_902635485.1_AG-447-G23_genomic_prodigal_proteins	327	117	62.38	15.73	35.78
GCA_002252675.1_ASM225267v1_genomic_prodigal_proteins	3295	GCA_002760415.1_ASM276041v1_genomic_prodigal_proteins	2670	989	53.42	11.98	37.04
GCA_002252675.1_ASM225267v1_genomic_prodigal_proteins	3295	GCA_002754935.1_ASM275493v1_genomic_prodigal_proteins	2664	1056	54.27	12.54	39.64
GCA_002252675.1_ASM225267v1_genomic_prodigal_proteins	3295	GCA_002171685.2_ASM217168v2_genomic_prodigal_proteins	811	586	67.65	13.03	72.26
GCA_002252675.1_ASM225267v1_genomic_prodigal_proteins	3295	GCA_000737595.1_ASM73759v1_genomic_prodigal_proteins	2774	1640	66.35	13.76	59.12
GCA_002252675.1_ASM225267v1_genomic_prodigal_proteins	3295	GCA_003331785.1_ASM333178v1_genomic_prodigal_proteins	2125	1462	66.69	13.48	68.80
GCA_002252675.1_ASM225267v1_genomic_prodigal_proteins	3295	GCA_009842265.1_ASM984226v1_genomic_prodigal_proteins	2398	1169	62.49	12.25	48.75
GCA_002252675.1_ASM225267v1_genomic_prodigal_proteins	3295	GCA_902579345.1_AG-911-L15_genomic_prodigal_proteins	248	62	65.04	16.44	25.00
GCA_002252675.1_ASM225267v1_genomic_prodigal_proteins	3295	GCA_000011345.1_ASM1134v1_genomic_prodigal_proteins	2520	1094	54.56	12.51	43.41
GCA_002252675.1_ASM225267v1_genomic_prodigal_proteins	3295	GCA_003210705.1_ASM321070v1_genomic_prodigal_proteins	2244	1193	65.56	13.69	53.16
GCA_002252675.1_ASM225267v1_genomic_prodigal_proteins	3295	GCA_000019485.1_ASM1948v1_genomic_prodigal_proteins	3233	1198	53.81	12.73	37.06
GCA_002252675.1_ASM225267v1_genomic_prodigal_proteins	3295	GCA_003283055.1_ASM328305v1_genomic_prodigal_proteins	482	78	60.05	16.25	16.18
GCA_002252675.1_ASM225267v1_genomic_prodigal_proteins	3295	GCA_000010065.1_ASM1006v1_genomic_prodigal_proteins	2691	1324	56.54	13.21	49.20
GCA_002252675.1_ASM225267v1_genomic_prodigal_proteins	3295	GCA_000316685.1_ASM31668v1_genomic_prodigal_proteins	3706	1215	53.60	12.60	36.87
GCA_002252675.1_ASM225267v1_genomic_prodigal_proteins	3295	GCA_000063525.1_ASM6352v1_genomic_prodigal_proteins	2540	1638	66.71	13.66	64.49
GCA_002252675.1_ASM225267v1_genomic_prodigal_proteins	3295	GCA_003283165.1_ASM328316v1_genomic_prodigal_proteins	217	71	66.76	14.76	32.72
GCA_002252675.1_ASM225267v1_genomic_prodigal_proteins	3295	GCA_902540675.1_AG-359-E22_genomic_prodigal_proteins	584	245	67.70	15.31	41.95
GCA_002252675.1_ASM225267v1_genomic_prodigal_proteins	3295	GCA_011055065.1_ASM1105506v1_genomic_prodigal_proteins	2792	964	53.40	12.25	34.53
GCA_002252675.1_ASM225267v1_genomic_prodigal_proteins	3295	GCA_000013205.1_ASM1320v1_genomic_prodigal_proteins	2750	1003	53.48	12.00	36.47
GCA_002252675.1_ASM225267v1_genomic_prodigal_proteins	3295	GCA_003539795.1_ASM353979v1_genomic_prodigal_proteins	2284	1241	65.59	13.29	54.33
GCA_002252675.1_ASM225267v1_genomic_prodigal_proteins	3295	GCA_002171995.1_ASM217199v1_genomic_prodigal_proteins	1978	925	66.48	13.55	46.76
GCA_002252675.1_ASM225267v1_genomic_prodigal_proteins	3295	GCA_011523835.1_ASM1152383v1_genomic_prodigal_proteins	2468	1388	66.51	13.54	56.24
GCA_002252675.1_ASM225267v1_genomic_prodigal_proteins	3295	GCA_002172175.1_ASM217217v1_genomic_prodigal_proteins	1846	1041	65.18	13.27	56.39
GCA_002252675.1_ASM225267v1_genomic_prodigal_proteins	3295	GCA_003208835.1_ASM320883v1_genomic_prodigal_proteins	2208	1144	66.45	13.60	51.81
GCA_002252675.1_ASM225267v1_genomic_prodigal_proteins	3295	GCA_902589915.1_AG-914-F20_genomic_prodigal_proteins	373	126	67.77	15.06	33.78
GCA_002252675.1_ASM225267v1_genomic_prodigal_proteins	3295	GCA_000485815.1_ASM48581v1_genomic_prodigal_proteins	3083	1149	53.85	12.73	37.27
GCA_002252675.1_ASM225267v1_genomic_prodigal_proteins	3295	GCA_008807075.1_ASM880707v1_genomic_prodigal_proteins	2925	1778	67.09	13.13	60.79
GCA_002252675.1_ASM225267v1_genomic_prodigal_proteins	3295	GCA_000179235.2_ASM17923v2_genomic_prodigal_proteins	3071	1868	70.90	13.16	60.83
GCA_002252675.1_ASM225267v1_genomic_prodigal_proteins	3295	GCA_003210795.1_ASM321079v1_genomic_prodigal_proteins	2239	1147	66.21	13.52	51.23
GCA_002252675.1_ASM225267v1_genomic_prodigal_proteins	3295	GCA_002706715.1_ASM270671v1_genomic_prodigal_proteins	1148	791	66.84	13.60	68.90
GCA_002252675.1_ASM225267v1_genomic_prodigal_proteins	3295	GCA_003331245.1_ASM333124v1_genomic_prodigal_proteins	2021	1348	66.53	13.34	66.70
GCA_002252675.1_ASM225267v1_genomic_prodigal_proteins	3295	GCA_009843385.1_ASM984338v1_genomic_prodigal_proteins	2085	975	62.91	12.29	46.76
GCA_002252675.1_ASM225267v1_genomic_prodigal_proteins	3295	GCA_003211205.1_ASM321120v1_genomic_prodigal_proteins	2288	1233	66.03	13.62	53.89
GCA_002252675.1_ASM225267v1_genomic_prodigal_proteins	3295	GCA_000063505.1_ASM6350v1_genomic_prodigal_proteins	2558	1649	66.80	13.93	64.46
GCA_002252675.1_ASM225267v1_genomic_prodigal_proteins	3295	GCA_900474245.1_UW179B_genomic_prodigal_proteins	2743	1652	66.09	13.94	60.23
GCA_002252675.1_ASM225267v1_genomic_prodigal_proteins	3295	GCA_003210345.1_ASM321034v1_genomic_prodigal_proteins	1256	652	65.13	13.44	51.91
GCA_002252675.1_ASM225267v1_genomic_prodigal_proteins	3295	GCA_003210315.1_ASM321031v1_genomic_prodigal_proteins	1815	970	65.06	13.88	53.44
GCA_002252675.1_ASM225267v1_genomic_prodigal_proteins	3295	GCA_009836155.1_ASM983615v1_genomic_prodigal_proteins	1947	1111	62.76	12.21	57.06
GCA_002252675.1_ASM225267v1_genomic_prodigal_proteins	3295	GCA_003990665.2_ASM399066v2_genomic_prodigal_proteins	2499	1099	54.52	12.49	43.98
GCA_002252675.1_ASM225267v1_genomic_prodigal_proteins	3295	GCA_003209135.1_ASM320913v1_genomic_prodigal_proteins	1719	837	65.65	13.41	48.69
GCA_002252675.1_ASM225267v1_genomic_prodigal_proteins	3295	GCA_009845105.1_ASM984510v1_genomic_prodigal_proteins	1941	932	62.16	12.35	48.02
GCA_002252675.1_ASM225267v1_genomic_prodigal_proteins	3295	GCA_002690325.1_ASM269032v1_genomic_prodigal_proteins	2554	1448	65.32	13.62	56.70
GCA_002252675.1_ASM225267v1_genomic_prodigal_proteins	3295	GCA_000161795.2_ASM16179v2_genomic_prodigal_proteins	2407	1538	67.07	13.43	63.90
GCA_002252675.1_ASM225267v1_genomic_prodigal_proteins	3295	GCA_004211895.1_ASM421189v1_genomic_prodigal_proteins	954	633	67.37	12.83	66.35
GCA_002252675.1_ASM225267v1_genomic_prodigal_proteins	3295	GCA_003210735.1_ASM321073v1_genomic_prodigal_proteins	2337	1169	65.57	13.66	50.02
GCA_002252675.1_ASM225267v1_genomic_prodigal_proteins	3295	GCA_003209035.1_ASM320903v1_genomic_prodigal_proteins	1803	865	65.46	14.19	47.98
GCA_002252675.1_ASM225267v1_genomic_prodigal_proteins	3295	GCA_003712085.1_ASM371208v1_genomic_prodigal_proteins	2745	1629	66.77	13.59	59.34
GCA_002252675.1_ASM225267v1_genomic_prodigal_proteins	3295	GCA_003212155.1_ASM321215v1_genomic_prodigal_proteins	262	94	64.11	16.00	35.88
GCA_002252675.1_ASM225267v1_genomic_prodigal_proteins	3295	GCA_001040845.1_ASM104084v1_genomic_prodigal_proteins	2917	1663	65.81	13.93	57.01
GCA_002252675.1_ASM225267v1_genomic_prodigal_proteins	3295	GCA_002018015.1_ASM201801v1_genomic_prodigal_proteins	1578	905	63.13	12.52	57.35
GCA_002252675.1_ASM225267v1_genomic_prodigal_proteins	3295	GCA_003211255.1_ASM321125v1_genomic_prodigal_proteins	1850	883	65.19	13.66	47.73
GCA_002252675.1_ASM225267v1_genomic_prodigal_proteins	3295	GCA_002721235.1_ASM272123v1_genomic_prodigal_proteins	3119	1197	53.81	12.71	38.38
GCA_002252675.1_ASM225267v1_genomic_prodigal_proteins	3295	GCA_009839305.1_ASM983930v1_genomic_prodigal_proteins	1816	885	62.82	12.85	48.73
GCA_002252675.1_ASM225267v1_genomic_prodigal_proteins	3295	GCA_011365345.1_ASM1136534v1_genomic_prodigal_proteins	2655	1619	66.47	13.71	60.98
GCA_002252675.1_ASM225267v1_genomic_prodigal_proteins	3295	GCA_001039265.1_ASM103926v1_genomic_prodigal_proteins	2832	1284	72.94	13.21	45.34
GCA_002252675.1_ASM225267v1_genomic_prodigal_proteins	3295	GCA_001628325.1_ASM162832v1_genomic_prodigal_proteins	2129	1429	67.03	13.40	67.12
GCA_002252675.1_ASM225267v1_genomic_prodigal_proteins	3295	GCA_003209215.1_ASM320921v1_genomic_prodigal_proteins	1679	815	66.89	13.55	48.54
GCA_002252675.1_ASM225267v1_genomic_prodigal_proteins	3295	GCA_002737305.1_ASM273730v1_genomic_prodigal_proteins	1951	1321	72.39	12.88	67.71
GCA_002252675.1_ASM225267v1_genomic_prodigal_proteins	3295	GCA_003210515.1_ASM321051v1_genomic_prodigal_proteins	1673	889	65.54	13.58	53.14
GCA_002252675.1_ASM225267v1_genomic_prodigal_proteins	3295	GCA_011525445.1_ASM1152544v1_genomic_prodigal_proteins	3208	1363	65.01	13.67	42.49
GCA_002252675.1_ASM225267v1_genomic_prodigal_proteins	3295	GCA_902599435.1_AG-916-N22_genomic_prodigal_proteins	793	384	68.09	14.16	48.42
GCA_002252675.1_ASM225267v1_genomic_prodigal_proteins	3295	GCA_003149585.1_ASM314958v1_genomic_prodigal_proteins	2600	1784	69.96	13.43	68.62
GCA_002252675.1_ASM225267v1_genomic_prodigal_proteins	3295	GCA_902560665.1_AG-905-O11_genomic_prodigal_proteins	401	163	66.98	14.63	40.65
GCA_002252675.1_ASM225267v1_genomic_prodigal_proteins	3295	GCA_003331795.1_ASM333179v1_genomic_prodigal_proteins	1948	1301	66.76	13.76	66.79
GCA_002252675.1_ASM225267v1_genomic_prodigal_proteins	3295	GCA_002017955.1_ASM201795v1_genomic_prodigal_proteins	512	263	62.24	12.75	51.37
GCA_002252675.1_ASM225267v1_genomic_prodigal_proteins	3295	GCA_902584485.1_AG-912-O23_genomic_prodigal_proteins	535	212	64.64	14.26	39.63
GCA_002252675.1_ASM225267v1_genomic_prodigal_proteins	3295	GCA_902527915.1_AG-896-G19_genomic_prodigal_proteins	1003	504	67.22	13.96	50.25
GCA_002252675.1_ASM225267v1_genomic_prodigal_proteins	3295	GCA_902635365.1_AG-447-D19_genomic_prodigal_proteins	1690	757	66.47	13.83	44.79
GCA_002252675.1_ASM225267v1_genomic_prodigal_proteins	3295	GCA_900474085.1_UW86_genomic_prodigal_proteins	2403	1561	67.03	13.49	64.96
GCA_002252675.1_ASM225267v1_genomic_prodigal_proteins	3295	GCA_001885215.1_ASM188521v1_genomic_prodigal_proteins	2897	1890	71.04	12.63	65.24
GCA_002252675.1_ASM225267v1_genomic_prodigal_proteins	3295	GCA_902575935.1_AG-426-B22_genomic_prodigal_proteins	254	134	69.79	14.72	52.76
GCA_002252675.1_ASM225267v1_genomic_prodigal_proteins	3295	GCA_900474295.1_UW140_genomic_prodigal_proteins	2925	1635	66.58	13.81	55.90
GCA_002252675.1_ASM225267v1_genomic_prodigal_proteins	3295	GCA_003211565.1_ASM321156v1_genomic_prodigal_proteins	1489	710	65.94	14.22	47.68
GCA_002252675.1_ASM225267v1_genomic_prodigal_proteins	3295	GCA_003526105.1_ASM352610v1_genomic_prodigal_proteins	1581	847	67.58	13.38	53.57
GCA_002252675.1_ASM225267v1_genomic_prodigal_proteins	3295	GCA_002172935.1_ASM217293v1_genomic_prodigal_proteins	1996	1285	65.90	13.74	64.38
GCA_002252675.1_ASM225267v1_genomic_prodigal_proteins	3295	GCA_003210335.1_ASM321033v1_genomic_prodigal_proteins	942	327	63.00	14.75	34.71
GCA_002252675.1_ASM225267v1_genomic_prodigal_proteins	3295	GCA_009846115.1_ASM984611v1_genomic_prodigal_proteins	2048	1043	62.41	12.43	50.93
GCA_002252675.1_ASM225267v1_genomic_prodigal_proteins	3295	GCA_001693295.1_ASM169329v1_genomic_prodigal_proteins	3183	1196	53.83	12.73	37.57
GCA_002252675.1_ASM225267v1_genomic_prodigal_proteins	3295	GCA_900473965.1_UW179A_genomic_prodigal_proteins	3383	1665	65.75	13.94	50.53
GCA_002252675.1_ASM225267v1_genomic_prodigal_proteins	3295	GCA_003213755.1_ASM321375v1_genomic_prodigal_proteins	1050	573	65.72	14.39	54.57
GCA_002252675.1_ASM225267v1_genomic_prodigal_proteins	3295	GCA_003209155.1_ASM320915v1_genomic_prodigal_proteins	2305	1231	65.66	13.61	53.41
GCA_002252675.1_ASM225267v1_genomic_prodigal_proteins	3295	GCA_003211515.1_ASM321151v1_genomic_prodigal_proteins	2451	1059	65.21	14.06	43.21
GCA_002252675.1_ASM225267v1_genomic_prodigal_proteins	3295	GCA_002693285.1_ASM269328v1_genomic_prodigal_proteins	2440	1434	65.92	13.67	58.77
GCA_002252675.1_ASM225267v1_genomic_prodigal_proteins	3295	GCA_003210555.1_ASM321055v1_genomic_prodigal_proteins	1847	938	64.98	13.83	50.79
GCA_002252675.1_ASM225267v1_genomic_prodigal_proteins	3295	GCA_000155595.1_ASM15559v1_genomic_prodigal_proteins	5270	1235	53.12	12.54	37.48
GCA_002252675.1_ASM225267v1_genomic_prodigal_proteins	3295	GCA_001007665.1_ASM100766v1_genomic_prodigal_proteins	2356	1198	62.29	12.39	50.85
GCA_002252675.1_ASM225267v1_genomic_prodigal_proteins	3295	GCA_009919765.1_ASM991976v1_genomic_prodigal_proteins	2524	1097	66.81	13.51	43.46
GCA_002252675.1_ASM225267v1_genomic_prodigal_proteins	3295	GCA_003331225.1_ASM333122v1_genomic_prodigal_proteins	2113	1417	66.86	13.42	67.06
GCA_002252675.1_ASM225267v1_genomic_prodigal_proteins	3295	GCA_900177825.1_IMG-taxon_2708742468_annotated_assembly_genomic_prodigal_proteins	3317	1177	53.90	12.74	35.72
GCA_002252675.1_ASM225267v1_genomic_prodigal_proteins	3295	GCA_000195975.1_ASM19597v1_genomic_prodigal_proteins	2719	1612	67.01	13.60	59.29
GCA_002252675.1_ASM225267v1_genomic_prodigal_proteins	3295	GCA_902618885.1_AG-920-D15_genomic_prodigal_proteins	1178	619	67.64	14.26	52.55
GCA_002252675.1_ASM225267v1_genomic_prodigal_proteins	3295	GCA_003209165.1_ASM320916v1_genomic_prodigal_proteins	2711	1374	66.55	13.76	50.68
GCA_002252675.1_ASM225267v1_genomic_prodigal_proteins	3295	GCA_001007625.1_ASM100762v1_genomic_prodigal_proteins	2478	1054	62.63	12.54	42.53
GCA_002252675.1_ASM225267v1_genomic_prodigal_proteins	3295	GCA_008386235.1_ASM838623v1_genomic_prodigal_proteins	2571	1110	54.36	12.57	43.17
GCA_002252675.1_ASM225267v1_genomic_prodigal_proteins	3295	GCA_001631935.1_ASM163193v1_genomic_prodigal_proteins	3526	1663	65.80	13.85	50.47
GCA_002252675.1_ASM225267v1_genomic_prodigal_proteins	3295	GCA_002151525.1_ASM215152v1_genomic_prodigal_proteins	1628	1171	66.21	13.74	71.93
GCA_002252675.1_ASM225267v1_genomic_prodigal_proteins	3295	GCA_000153065.1_ASM15306v1_genomic_prodigal_proteins	2704	1709	67.90	13.78	63.20
GCA_002252675.1_ASM225267v1_genomic_prodigal_proteins	3295	GCA_009837265.1_ASM983726v1_genomic_prodigal_proteins	2126	1104	62.58	12.35	51.93
GCA_002252675.1_ASM225267v1_genomic_prodigal_proteins	3295	GCA_902533725.1_AG-898-C20_genomic_prodigal_proteins	421	135	66.95	14.26	32.07
GCA_002252675.1_ASM225267v1_genomic_prodigal_proteins	3295	GCA_002171075.2_ASM217107v2_genomic_prodigal_proteins	1919	1217	64.99	13.15	63.42
GCA_002252675.1_ASM225267v1_genomic_prodigal_proteins	3295	GCA_002760395.1_ASM276039v1_genomic_prodigal_proteins	2661	977	53.48	11.98	36.72
GCA_002252675.1_ASM225267v1_genomic_prodigal_proteins	3295	GCA_003209005.1_ASM320900v1_genomic_prodigal_proteins	2548	1358	65.66	13.66	53.30
GCA_002252675.1_ASM225267v1_genomic_prodigal_proteins	3295	GCA_002017915.1_ASM201791v1_genomic_prodigal_proteins	623	325	64.45	13.28	52.17
GCA_002252675.1_ASM225267v1_genomic_prodigal_proteins	3295	GCA_900047545.1_m9_genomic_prodigal_proteins	1575	907	62.39	12.48	57.59
GCA_002252675.1_ASM225267v1_genomic_prodigal_proteins	3295	GCA_001632105.1_ASM163210v1_genomic_prodigal_proteins	3521	1668	65.81	13.75	50.62
GCA_002252675.1_ASM225267v1_genomic_prodigal_proteins	3295	GCA_004212765.1_ASM421276v1_genomic_prodigal_proteins	1162	772	67.14	13.12	66.44
GCA_002252675.1_ASM225267v1_genomic_prodigal_proteins	3295	GCA_002685515.1_ASM268551v1_genomic_prodigal_proteins	1286	860	65.32	13.23	66.87
GCA_002252675.1_ASM225267v1_genomic_prodigal_proteins	3295	GCA_007828135.1_ASM782813v1_genomic_prodigal_proteins	2917	1892	71.07	12.64	64.86
GCA_002252675.1_ASM225267v1_genomic_prodigal_proteins	3295	GCA_011047875.1_ASM1104787v1_genomic_prodigal_proteins	2810	991	53.39	12.14	35.27
GCA_002252675.1_ASM225267v1_genomic_prodigal_proteins	3295	GCA_009840445.1_ASM984044v1_genomic_prodigal_proteins	2167	1207	62.58	12.31	55.70
GCA_002252675.1_ASM225267v1_genomic_prodigal_proteins	3295	GCA_003210995.1_ASM321099v1_genomic_prodigal_proteins	2385	1185	66.00	13.82	49.69
GCA_002252675.1_ASM225267v1_genomic_prodigal_proteins	3295	GCA_902616995.1_AG-919-L20_genomic_prodigal_proteins	654	301	66.57	13.76	46.02
GCA_002252675.1_ASM225267v1_genomic_prodigal_proteins	3295	GCA_009845825.1_ASM984582v1_genomic_prodigal_proteins	2168	1020	62.72	12.16	47.05
GCA_002252675.1_ASM225267v1_genomic_prodigal_proteins	3295	GCA_000515235.1_ASM51523v1_genomic_prodigal_proteins	2873	1620	66.44	13.64	56.39
GCA_002252675.1_ASM225267v1_genomic_prodigal_proteins	3295	GCA_003523965.1_ASM352396v1_genomic_prodigal_proteins	1735	787	63.52	12.65	45.36
GCA_002252675.1_ASM225267v1_genomic_prodigal_proteins	3295	GCA_002684175.1_ASM268417v1_genomic_prodigal_proteins	1819	940	64.63	13.29	51.68
GCA_002252675.1_ASM225267v1_genomic_prodigal_proteins	3295	GCA_011523295.1_ASM1152329v1_genomic_prodigal_proteins	2851	1258	64.98	13.59	44.12
GCA_002252675.1_ASM225267v1_genomic_prodigal_proteins	3295	GCA_003211015.1_ASM321101v1_genomic_prodigal_proteins	2128	1182	65.81	13.45	55.55
GCA_002252675.1_ASM225267v1_genomic_prodigal_proteins	3295	GCA_002006815.1_ASM200681v1_genomic_prodigal_proteins	1973	1474	66.54	13.64	74.71
GCA_009839805.1_ASM983980v1_genomic_prodigal_proteins	1848	GCA_003210375.1_ASM321037v1_genomic_prodigal_proteins	2155	581	57.94	12.28	31.44
GCA_009839805.1_ASM983980v1_genomic_prodigal_proteins	1848	GCA_004332415.1_ASM433241v1_genomic_prodigal_proteins	2408	781	59.87	12.30	42.26
GCA_009839805.1_ASM983980v1_genomic_prodigal_proteins	1848	GCA_009836025.1_ASM983602v1_genomic_prodigal_proteins	2290	1419	99.89	0.92	76.79
GCA_009839805.1_ASM983980v1_genomic_prodigal_proteins	1848	GCA_009843455.1_ASM984345v1_genomic_prodigal_proteins	2423	1334	98.70	3.73	72.19
GCA_009839805.1_ASM983980v1_genomic_prodigal_proteins	1848	GCA_009843485.1_ASM984348v1_genomic_prodigal_proteins	2158	1044	85.67	8.79	56.49
GCA_009839805.1_ASM983980v1_genomic_prodigal_proteins	1848	GCA_003283135.1_ASM328313v1_genomic_prodigal_proteins	459	45	58.60	12.94	9.80
GCA_009839805.1_ASM983980v1_genomic_prodigal_proteins	1848	GCA_902635485.1_AG-447-G23_genomic_prodigal_proteins	327	49	58.44	13.86	14.98
GCA_009839805.1_ASM983980v1_genomic_prodigal_proteins	1848	GCA_002760415.1_ASM276041v1_genomic_prodigal_proteins	2670	536	51.86	11.15	29.00
GCA_009839805.1_ASM983980v1_genomic_prodigal_proteins	1848	GCA_002754935.1_ASM275493v1_genomic_prodigal_proteins	2664	582	52.08	11.51	31.49
GCA_009839805.1_ASM983980v1_genomic_prodigal_proteins	1848	GCA_002171685.2_ASM217168v2_genomic_prodigal_proteins	811	332	59.47	12.28	40.94
GCA_009839805.1_ASM983980v1_genomic_prodigal_proteins	1848	GCA_000737595.1_ASM73759v1_genomic_prodigal_proteins	2774	789	59.34	12.30	42.69
GCA_009839805.1_ASM983980v1_genomic_prodigal_proteins	1848	GCA_003331785.1_ASM333178v1_genomic_prodigal_proteins	2125	730	59.24	12.22	39.50
GCA_009839805.1_ASM983980v1_genomic_prodigal_proteins	1848	GCA_009842265.1_ASM984226v1_genomic_prodigal_proteins	2398	1169	97.32	5.70	63.26
GCA_009839805.1_ASM983980v1_genomic_prodigal_proteins	1848	GCA_902579345.1_AG-911-L15_genomic_prodigal_proteins	248	45	56.15	13.71	18.15
GCA_009839805.1_ASM983980v1_genomic_prodigal_proteins	1848	GCA_000011345.1_ASM1134v1_genomic_prodigal_proteins	2520	595	52.48	11.61	32.20
GCA_009839805.1_ASM983980v1_genomic_prodigal_proteins	1848	GCA_003210705.1_ASM321070v1_genomic_prodigal_proteins	2244	552	58.47	12.59	29.87
GCA_009839805.1_ASM983980v1_genomic_prodigal_proteins	1848	GCA_000019485.1_ASM1948v1_genomic_prodigal_proteins	3233	594	51.70	11.60	32.14
GCA_009839805.1_ASM983980v1_genomic_prodigal_proteins	1848	GCA_003283055.1_ASM328305v1_genomic_prodigal_proteins	482	28	57.56	16.18	5.81
GCA_009839805.1_ASM983980v1_genomic_prodigal_proteins	1848	GCA_000010065.1_ASM1006v1_genomic_prodigal_proteins	2691	659	53.64	12.16	35.66
GCA_009839805.1_ASM983980v1_genomic_prodigal_proteins	1848	GCA_000316685.1_ASM31668v1_genomic_prodigal_proteins	3706	607	51.60	11.64	32.85
GCA_009839805.1_ASM983980v1_genomic_prodigal_proteins	1848	GCA_000063525.1_ASM6352v1_genomic_prodigal_proteins	2540	796	60.40	11.93	43.07
GCA_009839805.1_ASM983980v1_genomic_prodigal_proteins	1848	GCA_003283165.1_ASM328316v1_genomic_prodigal_proteins	217	34	58.34	10.84	15.67
GCA_009839805.1_ASM983980v1_genomic_prodigal_proteins	1848	GCA_902540675.1_AG-359-E22_genomic_prodigal_proteins	584	127	61.07	13.52	21.75
GCA_009839805.1_ASM983980v1_genomic_prodigal_proteins	1848	GCA_011055065.1_ASM1105506v1_genomic_prodigal_proteins	2792	521	51.92	11.31	28.19
GCA_009839805.1_ASM983980v1_genomic_prodigal_proteins	1848	GCA_000013205.1_ASM1320v1_genomic_prodigal_proteins	2750	544	51.75	11.14	29.44
GCA_009839805.1_ASM983980v1_genomic_prodigal_proteins	1848	GCA_003539795.1_ASM353979v1_genomic_prodigal_proteins	2284	612	58.48	11.96	33.12
GCA_009839805.1_ASM983980v1_genomic_prodigal_proteins	1848	GCA_002171995.1_ASM217199v1_genomic_prodigal_proteins	1978	471	59.26	12.62	25.49
GCA_009839805.1_ASM983980v1_genomic_prodigal_proteins	1848	GCA_011523835.1_ASM1152383v1_genomic_prodigal_proteins	2468	701	59.41	12.55	37.93
GCA_009839805.1_ASM983980v1_genomic_prodigal_proteins	1848	GCA_002172175.1_ASM217217v1_genomic_prodigal_proteins	1846	513	58.56	11.98	27.79
GCA_009839805.1_ASM983980v1_genomic_prodigal_proteins	1848	GCA_003208835.1_ASM320883v1_genomic_prodigal_proteins	2208	585	58.89	12.20	31.66
GCA_009839805.1_ASM983980v1_genomic_prodigal_proteins	1848	GCA_902589915.1_AG-914-F20_genomic_prodigal_proteins	373	65	60.95	12.71	17.43
GCA_009839805.1_ASM983980v1_genomic_prodigal_proteins	1848	GCA_000485815.1_ASM48581v1_genomic_prodigal_proteins	3083	573	51.77	11.64	31.01
GCA_009839805.1_ASM983980v1_genomic_prodigal_proteins	1848	GCA_008807075.1_ASM880707v1_genomic_prodigal_proteins	2925	760	60.16	12.11	41.13
GCA_009839805.1_ASM983980v1_genomic_prodigal_proteins	1848	GCA_000179235.2_ASM17923v2_genomic_prodigal_proteins	3071	821	60.23	12.07	44.43
GCA_009839805.1_ASM983980v1_genomic_prodigal_proteins	1848	GCA_003210795.1_ASM321079v1_genomic_prodigal_proteins	2239	593	58.98	11.93	32.09
GCA_009839805.1_ASM983980v1_genomic_prodigal_proteins	1848	GCA_002706715.1_ASM270671v1_genomic_prodigal_proteins	1148	429	58.53	12.09	37.37
GCA_009839805.1_ASM983980v1_genomic_prodigal_proteins	1848	GCA_003331245.1_ASM333124v1_genomic_prodigal_proteins	2021	653	59.35	11.91	35.34
GCA_009839805.1_ASM983980v1_genomic_prodigal_proteins	1848	GCA_009843385.1_ASM984338v1_genomic_prodigal_proteins	2085	1175	98.46	4.76	63.58
GCA_009839805.1_ASM983980v1_genomic_prodigal_proteins	1848	GCA_003211205.1_ASM321120v1_genomic_prodigal_proteins	2288	617	58.66	12.58	33.39
GCA_009839805.1_ASM983980v1_genomic_prodigal_proteins	1848	GCA_000063505.1_ASM6350v1_genomic_prodigal_proteins	2558	780	59.52	12.39	42.21
GCA_009839805.1_ASM983980v1_genomic_prodigal_proteins	1848	GCA_900474245.1_UW179B_genomic_prodigal_proteins	2743	784	59.13	12.51	42.42
GCA_009839805.1_ASM983980v1_genomic_prodigal_proteins	1848	GCA_003210345.1_ASM321034v1_genomic_prodigal_proteins	1256	342	57.68	11.73	27.23
GCA_009839805.1_ASM983980v1_genomic_prodigal_proteins	1848	GCA_003210315.1_ASM321031v1_genomic_prodigal_proteins	1815	467	58.38	12.44	25.73
GCA_009839805.1_ASM983980v1_genomic_prodigal_proteins	1848	GCA_009836155.1_ASM983615v1_genomic_prodigal_proteins	1947	1141	98.76	3.77	61.74
GCA_009839805.1_ASM983980v1_genomic_prodigal_proteins	1848	GCA_003990665.2_ASM399066v2_genomic_prodigal_proteins	2499	598	52.45	11.65	32.36
GCA_009839805.1_ASM983980v1_genomic_prodigal_proteins	1848	GCA_003209135.1_ASM320913v1_genomic_prodigal_proteins	1719	404	58.02	12.07	23.50
GCA_009839805.1_ASM983980v1_genomic_prodigal_proteins	1848	GCA_009845105.1_ASM984510v1_genomic_prodigal_proteins	1941	1034	96.99	6.41	55.95
GCA_009839805.1_ASM983980v1_genomic_prodigal_proteins	1848	GCA_002690325.1_ASM269032v1_genomic_prodigal_proteins	2554	710	58.57	12.30	38.42
GCA_009839805.1_ASM983980v1_genomic_prodigal_proteins	1848	GCA_000161795.2_ASM16179v2_genomic_prodigal_proteins	2407	773	59.55	12.24	41.83
GCA_009839805.1_ASM983980v1_genomic_prodigal_proteins	1848	GCA_004211895.1_ASM421189v1_genomic_prodigal_proteins	954	336	59.63	12.41	35.22
GCA_009839805.1_ASM983980v1_genomic_prodigal_proteins	1848	GCA_003210735.1_ASM321073v1_genomic_prodigal_proteins	2337	572	58.45	12.16	30.95
GCA_009839805.1_ASM983980v1_genomic_prodigal_proteins	1848	GCA_003209035.1_ASM320903v1_genomic_prodigal_proteins	1803	423	59.41	12.28	23.46
GCA_009839805.1_ASM983980v1_genomic_prodigal_proteins	1848	GCA_003712085.1_ASM371208v1_genomic_prodigal_proteins	2745	784	59.63	12.07	42.42
GCA_009839805.1_ASM983980v1_genomic_prodigal_proteins	1848	GCA_003212155.1_ASM321215v1_genomic_prodigal_proteins	262	46	59.36	14.94	17.56
GCA_009839805.1_ASM983980v1_genomic_prodigal_proteins	1848	GCA_001040845.1_ASM104084v1_genomic_prodigal_proteins	2917	789	58.89	12.49	42.69
GCA_009839805.1_ASM983980v1_genomic_prodigal_proteins	1848	GCA_002018015.1_ASM201801v1_genomic_prodigal_proteins	1578	747	86.17	8.48	47.34
GCA_009839805.1_ASM983980v1_genomic_prodigal_proteins	1848	GCA_003211255.1_ASM321125v1_genomic_prodigal_proteins	1850	434	58.41	12.20	23.48
GCA_009839805.1_ASM983980v1_genomic_prodigal_proteins	1848	GCA_002721235.1_ASM272123v1_genomic_prodigal_proteins	3119	595	51.72	11.57	32.20
GCA_009839805.1_ASM983980v1_genomic_prodigal_proteins	1848	GCA_009839305.1_ASM983930v1_genomic_prodigal_proteins	1816	820	85.70	9.10	45.15
GCA_009839805.1_ASM983980v1_genomic_prodigal_proteins	1848	GCA_011365345.1_ASM1136534v1_genomic_prodigal_proteins	2655	779	59.57	12.26	42.15
GCA_009839805.1_ASM983980v1_genomic_prodigal_proteins	1848	GCA_001039265.1_ASM103926v1_genomic_prodigal_proteins	2832	553	61.82	12.35	29.92
GCA_009839805.1_ASM983980v1_genomic_prodigal_proteins	1848	GCA_001628325.1_ASM162832v1_genomic_prodigal_proteins	2129	708	59.77	12.08	38.31
GCA_009839805.1_ASM983980v1_genomic_prodigal_proteins	1848	GCA_003209215.1_ASM320921v1_genomic_prodigal_proteins	1679	391	59.12	12.15	23.29
GCA_009839805.1_ASM983980v1_genomic_prodigal_proteins	1848	GCA_002737305.1_ASM273730v1_genomic_prodigal_proteins	1951	640	60.48	12.40	34.63
GCA_009839805.1_ASM983980v1_genomic_prodigal_proteins	1848	GCA_003210515.1_ASM321051v1_genomic_prodigal_proteins	1673	459	58.25	12.35	27.44
GCA_009839805.1_ASM983980v1_genomic_prodigal_proteins	1848	GCA_011525445.1_ASM1152544v1_genomic_prodigal_proteins	3208	654	58.04	12.08	35.39
GCA_009839805.1_ASM983980v1_genomic_prodigal_proteins	1848	GCA_902599435.1_AG-916-N22_genomic_prodigal_proteins	793	195	61.30	12.42	24.59
GCA_009839805.1_ASM983980v1_genomic_prodigal_proteins	1848	GCA_003149585.1_ASM314958v1_genomic_prodigal_proteins	2600	797	60.09	12.23	43.13
GCA_009839805.1_ASM983980v1_genomic_prodigal_proteins	1848	GCA_902560665.1_AG-905-O11_genomic_prodigal_proteins	401	81	59.74	12.42	20.20
GCA_009839805.1_ASM983980v1_genomic_prodigal_proteins	1848	GCA_003331795.1_ASM333179v1_genomic_prodigal_proteins	1948	640	60.56	11.72	34.63
GCA_009839805.1_ASM983980v1_genomic_prodigal_proteins	1848	GCA_002017955.1_ASM201795v1_genomic_prodigal_proteins	512	213	85.28	8.84	41.60
GCA_009839805.1_ASM983980v1_genomic_prodigal_proteins	1848	GCA_902584485.1_AG-912-O23_genomic_prodigal_proteins	535	95	57.45	13.30	17.76
GCA_009839805.1_ASM983980v1_genomic_prodigal_proteins	1848	GCA_902527915.1_AG-896-G19_genomic_prodigal_proteins	1003	240	59.03	12.31	23.93
GCA_009839805.1_ASM983980v1_genomic_prodigal_proteins	1848	GCA_902635365.1_AG-447-D19_genomic_prodigal_proteins	1690	370	58.90	12.29	21.89
GCA_009839805.1_ASM983980v1_genomic_prodigal_proteins	1848	GCA_900474085.1_UW86_genomic_prodigal_proteins	2403	788	59.39	12.40	42.64
GCA_009839805.1_ASM983980v1_genomic_prodigal_proteins	1848	GCA_001885215.1_ASM188521v1_genomic_prodigal_proteins	2897	810	60.13	12.08	43.83
GCA_009839805.1_ASM983980v1_genomic_prodigal_proteins	1848	GCA_902575935.1_AG-426-B22_genomic_prodigal_proteins	254	79	60.24	13.86	31.10
GCA_009839805.1_ASM983980v1_genomic_prodigal_proteins	1848	GCA_900474295.1_UW140_genomic_prodigal_proteins	2925	768	59.63	12.23	41.56
GCA_009839805.1_ASM983980v1_genomic_prodigal_proteins	1848	GCA_003211565.1_ASM321156v1_genomic_prodigal_proteins	1489	362	59.85	13.07	24.31
GCA_009839805.1_ASM983980v1_genomic_prodigal_proteins	1848	GCA_003526105.1_ASM352610v1_genomic_prodigal_proteins	1581	436	59.81	11.94	27.58
GCA_009839805.1_ASM983980v1_genomic_prodigal_proteins	1848	GCA_002172935.1_ASM217293v1_genomic_prodigal_proteins	1996	627	59.00	12.15	33.93
GCA_009839805.1_ASM983980v1_genomic_prodigal_proteins	1848	GCA_003210335.1_ASM321033v1_genomic_prodigal_proteins	942	139	57.58	13.46	14.76
GCA_009839805.1_ASM983980v1_genomic_prodigal_proteins	1848	GCA_009846115.1_ASM984611v1_genomic_prodigal_proteins	2048	952	85.55	9.20	51.52
GCA_009839805.1_ASM983980v1_genomic_prodigal_proteins	1848	GCA_001693295.1_ASM169329v1_genomic_prodigal_proteins	3183	593	51.70	11.62	32.09
GCA_009839805.1_ASM983980v1_genomic_prodigal_proteins	1848	GCA_900473965.1_UW179A_genomic_prodigal_proteins	3383	786	59.03	12.42	42.53
GCA_009839805.1_ASM983980v1_genomic_prodigal_proteins	1848	GCA_003213755.1_ASM321375v1_genomic_prodigal_proteins	1050	291	60.75	12.44	27.71
GCA_009839805.1_ASM983980v1_genomic_prodigal_proteins	1848	GCA_003209155.1_ASM320915v1_genomic_prodigal_proteins	2305	575	58.52	12.15	31.11
GCA_009839805.1_ASM983980v1_genomic_prodigal_proteins	1848	GCA_003211515.1_ASM321151v1_genomic_prodigal_proteins	2451	497	58.35	11.87	26.89
GCA_009839805.1_ASM983980v1_genomic_prodigal_proteins	1848	GCA_002693285.1_ASM269328v1_genomic_prodigal_proteins	2440	688	58.68	12.42	37.23
GCA_009839805.1_ASM983980v1_genomic_prodigal_proteins	1848	GCA_003210555.1_ASM321055v1_genomic_prodigal_proteins	1847	427	58.79	12.73	23.12
GCA_009839805.1_ASM983980v1_genomic_prodigal_proteins	1848	GCA_000155595.1_ASM15559v1_genomic_prodigal_proteins	5270	605	51.03	11.52	32.74
GCA_009839805.1_ASM983980v1_genomic_prodigal_proteins	1848	GCA_001007665.1_ASM100766v1_genomic_prodigal_proteins	2356	1015	85.79	8.12	54.92
GCA_009839805.1_ASM983980v1_genomic_prodigal_proteins	1848	GCA_009919765.1_ASM991976v1_genomic_prodigal_proteins	2524	566	59.82	12.29	30.63
GCA_009839805.1_ASM983980v1_genomic_prodigal_proteins	1848	GCA_003331225.1_ASM333122v1_genomic_prodigal_proteins	2113	687	60.70	11.96	37.18
GCA_009839805.1_ASM983980v1_genomic_prodigal_proteins	1848	GCA_900177825.1_IMG-taxon_2708742468_annotated_assembly_genomic_prodigal_proteins	3317	593	51.66	11.61	32.09
GCA_009839805.1_ASM983980v1_genomic_prodigal_proteins	1848	GCA_000195975.1_ASM19597v1_genomic_prodigal_proteins	2719	779	59.64	12.06	42.15
GCA_009839805.1_ASM983980v1_genomic_prodigal_proteins	1848	GCA_902618885.1_AG-920-D15_genomic_prodigal_proteins	1178	296	60.15	12.33	25.13
GCA_009839805.1_ASM983980v1_genomic_prodigal_proteins	1848	GCA_003209165.1_ASM320916v1_genomic_prodigal_proteins	2711	666	59.10	12.15	36.04
GCA_009839805.1_ASM983980v1_genomic_prodigal_proteins	1848	GCA_001007625.1_ASM100762v1_genomic_prodigal_proteins	2478	930	87.06	7.92	50.32
GCA_009839805.1_ASM983980v1_genomic_prodigal_proteins	1848	GCA_008386235.1_ASM838623v1_genomic_prodigal_proteins	2571	595	52.38	11.64	32.20
GCA_009839805.1_ASM983980v1_genomic_prodigal_proteins	1848	GCA_001631935.1_ASM163193v1_genomic_prodigal_proteins	3526	788	58.90	12.48	42.64
GCA_009839805.1_ASM983980v1_genomic_prodigal_proteins	1848	GCA_002151525.1_ASM215152v1_genomic_prodigal_proteins	1628	583	59.29	12.58	35.81
GCA_009839805.1_ASM983980v1_genomic_prodigal_proteins	1848	GCA_000153065.1_ASM15306v1_genomic_prodigal_proteins	2704	786	60.22	12.25	42.53
GCA_009839805.1_ASM983980v1_genomic_prodigal_proteins	1848	GCA_009837265.1_ASM983726v1_genomic_prodigal_proteins	2126	1013	85.75	8.63	54.82
GCA_009839805.1_ASM983980v1_genomic_prodigal_proteins	1848	GCA_902533725.1_AG-898-C20_genomic_prodigal_proteins	421	50	60.04	12.04	11.88
GCA_009839805.1_ASM983980v1_genomic_prodigal_proteins	1848	GCA_002171075.2_ASM217107v2_genomic_prodigal_proteins	1919	607	58.94	12.04	32.85
GCA_009839805.1_ASM983980v1_genomic_prodigal_proteins	1848	GCA_002760395.1_ASM276039v1_genomic_prodigal_proteins	2661	531	51.85	11.17	28.73
GCA_009839805.1_ASM983980v1_genomic_prodigal_proteins	1848	GCA_003209005.1_ASM320900v1_genomic_prodigal_proteins	2548	665	58.67	12.56	35.98
GCA_009839805.1_ASM983980v1_genomic_prodigal_proteins	1848	GCA_002017915.1_ASM201791v1_genomic_prodigal_proteins	623	282	85.86	10.34	45.26
GCA_009839805.1_ASM983980v1_genomic_prodigal_proteins	1848	GCA_900047545.1_m9_genomic_prodigal_proteins	1575	810	85.41	8.45	51.43
GCA_009839805.1_ASM983980v1_genomic_prodigal_proteins	1848	GCA_001632105.1_ASM163210v1_genomic_prodigal_proteins	3521	790	58.92	12.51	42.75
GCA_009839805.1_ASM983980v1_genomic_prodigal_proteins	1848	GCA_004212765.1_ASM421276v1_genomic_prodigal_proteins	1162	375	59.20	12.29	32.27
GCA_009839805.1_ASM983980v1_genomic_prodigal_proteins	1848	GCA_002685515.1_ASM268551v1_genomic_prodigal_proteins	1286	425	58.61	12.51	33.05
GCA_009839805.1_ASM983980v1_genomic_prodigal_proteins	1848	GCA_007828135.1_ASM782813v1_genomic_prodigal_proteins	2917	810	60.13	12.08	43.83
GCA_009839805.1_ASM983980v1_genomic_prodigal_proteins	1848	GCA_011047875.1_ASM1104787v1_genomic_prodigal_proteins	2810	529	51.90	11.15	28.63
GCA_009839805.1_ASM983980v1_genomic_prodigal_proteins	1848	GCA_009840445.1_ASM984044v1_genomic_prodigal_proteins	2167	1045	85.66	8.62	56.55
GCA_009839805.1_ASM983980v1_genomic_prodigal_proteins	1848	GCA_003210995.1_ASM321099v1_genomic_prodigal_proteins	2385	562	59.05	12.63	30.41
GCA_009839805.1_ASM983980v1_genomic_prodigal_proteins	1848	GCA_902616995.1_AG-919-L20_genomic_prodigal_proteins	654	150	59.29	12.37	22.94
GCA_009839805.1_ASM983980v1_genomic_prodigal_proteins	1848	GCA_009845825.1_ASM984582v1_genomic_prodigal_proteins	2168	1204	98.48	5.34	65.15
GCA_009839805.1_ASM983980v1_genomic_prodigal_proteins	1848	GCA_000515235.1_ASM51523v1_genomic_prodigal_proteins	2873	780	59.37	12.29	42.21
GCA_009839805.1_ASM983980v1_genomic_prodigal_proteins	1848	GCA_003523965.1_ASM352396v1_genomic_prodigal_proteins	1735	729	88.91	8.32	42.02
GCA_009839805.1_ASM983980v1_genomic_prodigal_proteins	1848	GCA_002684175.1_ASM268417v1_genomic_prodigal_proteins	1819	488	57.42	12.20	26.83
GCA_009839805.1_ASM983980v1_genomic_prodigal_proteins	1848	GCA_011523295.1_ASM1152329v1_genomic_prodigal_proteins	2851	622	58.14	12.30	33.66
GCA_009839805.1_ASM983980v1_genomic_prodigal_proteins	1848	GCA_003211015.1_ASM321101v1_genomic_prodigal_proteins	2128	580	58.13	12.31	31.39
GCA_009839805.1_ASM983980v1_genomic_prodigal_proteins	1848	GCA_002006815.1_ASM200681v1_genomic_prodigal_proteins	1973	700	59.70	12.25	37.88
GCA_003208975.1_ASM320897v1_genomic_prodigal_proteins	1804	GCA_012103655.1_ASM1210365v1_genomic_prodigal_proteins	2723	953	69.79	13.70	52.83
GCA_003208975.1_ASM320897v1_genomic_prodigal_proteins	1804	GCA_902582045.1_AG-912-B07_genomic_prodigal_proteins	196	95	71.98	15.08	48.47
GCA_003208975.1_ASM320897v1_genomic_prodigal_proteins	1804	GCA_000153045.1_ASM15304v1_genomic_prodigal_proteins	3242	873	65.88	13.58	48.39
GCA_003208975.1_ASM320897v1_genomic_prodigal_proteins	1804	GCA_902549675.1_AG-903-B09_genomic_prodigal_proteins	836	319	76.98	15.20	38.16
GCA_003208975.1_ASM320897v1_genomic_prodigal_proteins	1804	GCA_002018045.1_ASM201804v1_genomic_prodigal_proteins	1559	470	60.76	12.79	30.15
GCA_003208975.1_ASM320897v1_genomic_prodigal_proteins	1804	GCA_004213055.1_ASM421305v1_genomic_prodigal_proteins	2241	813	70.49	13.92	45.07
GCA_003208975.1_ASM320897v1_genomic_prodigal_proteins	1804	GCA_007571085.1_ASM757108v1_genomic_prodigal_proteins	1784	580	59.66	12.86	32.51
GCA_003208975.1_ASM320897v1_genomic_prodigal_proteins	1804	GCA_009839805.1_ASM983980v1_genomic_prodigal_proteins	1848	394	58.80	11.95	21.84
GCA_003208975.1_ASM320897v1_genomic_prodigal_proteins	1804	GCA_003210375.1_ASM321037v1_genomic_prodigal_proteins	2155	811	74.07	13.57	44.96
GCA_003208975.1_ASM320897v1_genomic_prodigal_proteins	1804	GCA_004332415.1_ASM433241v1_genomic_prodigal_proteins	2408	915	71.20	13.36	50.72
GCA_003208975.1_ASM320897v1_genomic_prodigal_proteins	1804	GCA_009836025.1_ASM983602v1_genomic_prodigal_proteins	2290	597	60.30	12.66	33.09
GCA_003208975.1_ASM320897v1_genomic_prodigal_proteins	1804	GCA_009843455.1_ASM984345v1_genomic_prodigal_proteins	2423	577	60.15	12.52	31.98
GCA_003208975.1_ASM320897v1_genomic_prodigal_proteins	1804	GCA_009843485.1_ASM984348v1_genomic_prodigal_proteins	2158	608	59.80	12.78	33.70
GCA_003208975.1_ASM320897v1_genomic_prodigal_proteins	1804	GCA_003283135.1_ASM328313v1_genomic_prodigal_proteins	459	90	64.51	15.51	19.61
GCA_003208975.1_ASM320897v1_genomic_prodigal_proteins	1804	GCA_902635485.1_AG-447-G23_genomic_prodigal_proteins	327	107	69.95	16.63	32.72
GCA_003208975.1_ASM320897v1_genomic_prodigal_proteins	1804	GCA_002760415.1_ASM276041v1_genomic_prodigal_proteins	2670	476	52.25	11.62	26.39
GCA_003208975.1_ASM320897v1_genomic_prodigal_proteins	1804	GCA_002754935.1_ASM275493v1_genomic_prodigal_proteins	2664	510	53.31	12.12	28.27
GCA_003208975.1_ASM320897v1_genomic_prodigal_proteins	1804	GCA_002171685.2_ASM217168v2_genomic_prodigal_proteins	811	364	69.56	13.45	44.88
GCA_003208975.1_ASM320897v1_genomic_prodigal_proteins	1804	GCA_000737595.1_ASM73759v1_genomic_prodigal_proteins	2774	1045	76.26	13.70	57.93
GCA_003208975.1_ASM320897v1_genomic_prodigal_proteins	1804	GCA_003331785.1_ASM333178v1_genomic_prodigal_proteins	2125	865	69.34	13.79	47.95
GCA_003208975.1_ASM320897v1_genomic_prodigal_proteins	1804	GCA_009842265.1_ASM984226v1_genomic_prodigal_proteins	2398	593	59.87	12.73	32.87
GCA_003208975.1_ASM320897v1_genomic_prodigal_proteins	1804	GCA_902579345.1_AG-911-L15_genomic_prodigal_proteins	248	128	75.20	13.18	51.61
GCA_003208975.1_ASM320897v1_genomic_prodigal_proteins	1804	GCA_000011345.1_ASM1134v1_genomic_prodigal_proteins	2520	530	53.07	12.14	29.38
GCA_003208975.1_ASM320897v1_genomic_prodigal_proteins	1804	GCA_003210705.1_ASM321070v1_genomic_prodigal_proteins	2244	738	69.50	13.90	40.91
GCA_003208975.1_ASM320897v1_genomic_prodigal_proteins	1804	GCA_000019485.1_ASM1948v1_genomic_prodigal_proteins	3233	564	52.96	12.52	31.26
GCA_003208975.1_ASM320897v1_genomic_prodigal_proteins	1804	GCA_003283055.1_ASM328305v1_genomic_prodigal_proteins	482	54	64.83	14.39	11.20
GCA_003208975.1_ASM320897v1_genomic_prodigal_proteins	1804	GCA_000010065.1_ASM1006v1_genomic_prodigal_proteins	2691	626	55.06	12.82	34.70
GCA_003208975.1_ASM320897v1_genomic_prodigal_proteins	1804	GCA_000316685.1_ASM31668v1_genomic_prodigal_proteins	3706	569	52.61	11.99	31.54
GCA_003208975.1_ASM320897v1_genomic_prodigal_proteins	1804	GCA_000063525.1_ASM6352v1_genomic_prodigal_proteins	2540	869	65.56	14.19	48.17
GCA_003208975.1_ASM320897v1_genomic_prodigal_proteins	1804	GCA_003283165.1_ASM328316v1_genomic_prodigal_proteins	217	104	96.16	11.79	47.93
GCA_003208975.1_ASM320897v1_genomic_prodigal_proteins	1804	GCA_902540675.1_AG-359-E22_genomic_prodigal_proteins	584	240	77.79	14.21	41.10
GCA_003208975.1_ASM320897v1_genomic_prodigal_proteins	1804	GCA_011055065.1_ASM1105506v1_genomic_prodigal_proteins	2792	470	52.07	11.81	26.05
GCA_003208975.1_ASM320897v1_genomic_prodigal_proteins	1804	GCA_000013205.1_ASM1320v1_genomic_prodigal_proteins	2750	480	52.26	11.58	26.61
GCA_003208975.1_ASM320897v1_genomic_prodigal_proteins	1804	GCA_003539795.1_ASM353979v1_genomic_prodigal_proteins	2284	807	74.73	12.80	44.73
GCA_003208975.1_ASM320897v1_genomic_prodigal_proteins	1804	GCA_002171995.1_ASM217199v1_genomic_prodigal_proteins	1978	529	69.47	14.34	29.32
GCA_003208975.1_ASM320897v1_genomic_prodigal_proteins	1804	GCA_011523835.1_ASM1152383v1_genomic_prodigal_proteins	2468	837	70.48	13.72	46.40
GCA_003208975.1_ASM320897v1_genomic_prodigal_proteins	1804	GCA_002172175.1_ASM217217v1_genomic_prodigal_proteins	1846	569	64.44	14.09	31.54
GCA_003208975.1_ASM320897v1_genomic_prodigal_proteins	1804	GCA_003208835.1_ASM320883v1_genomic_prodigal_proteins	2208	794	74.37	13.52	44.01
GCA_003208975.1_ASM320897v1_genomic_prodigal_proteins	1804	GCA_902589915.1_AG-914-F20_genomic_prodigal_proteins	373	108	77.36	14.41	28.95
GCA_003208975.1_ASM320897v1_genomic_prodigal_proteins	1804	GCA_000485815.1_ASM48581v1_genomic_prodigal_proteins	3083	559	52.86	12.48	30.99
GCA_003208975.1_ASM320897v1_genomic_prodigal_proteins	1804	GCA_008807075.1_ASM880707v1_genomic_prodigal_proteins	2925	830	65.85	13.51	46.01
GCA_003208975.1_ASM320897v1_genomic_prodigal_proteins	1804	GCA_000179235.2_ASM17923v2_genomic_prodigal_proteins	3071	857	66.86	13.36	47.51
GCA_003208975.1_ASM320897v1_genomic_prodigal_proteins	1804	GCA_003210795.1_ASM321079v1_genomic_prodigal_proteins	2239	950	94.30	10.20	52.66
GCA_003208975.1_ASM320897v1_genomic_prodigal_proteins	1804	GCA_002706715.1_ASM270671v1_genomic_prodigal_proteins	1148	518	94.57	9.01	45.12
GCA_003208975.1_ASM320897v1_genomic_prodigal_proteins	1804	GCA_003331245.1_ASM333124v1_genomic_prodigal_proteins	2021	848	75.09	13.03	47.01
GCA_003208975.1_ASM320897v1_genomic_prodigal_proteins	1804	GCA_009843385.1_ASM984338v1_genomic_prodigal_proteins	2085	506	60.54	12.76	28.05
GCA_003208975.1_ASM320897v1_genomic_prodigal_proteins	1804	GCA_003211205.1_ASM321120v1_genomic_prodigal_proteins	2288	786	69.66	14.13	43.57
GCA_003208975.1_ASM320897v1_genomic_prodigal_proteins	1804	GCA_000063505.1_ASM6350v1_genomic_prodigal_proteins	2558	953	70.15	14.20	52.83
GCA_003208975.1_ASM320897v1_genomic_prodigal_proteins	1804	GCA_900474245.1_UW179B_genomic_prodigal_proteins	2743	951	69.57	13.69	52.72
GCA_003208975.1_ASM320897v1_genomic_prodigal_proteins	1804	GCA_003210345.1_ASM321034v1_genomic_prodigal_proteins	1256	451	73.34	14.09	35.91
GCA_003208975.1_ASM320897v1_genomic_prodigal_proteins	1804	GCA_003210315.1_ASM321031v1_genomic_prodigal_proteins	1815	617	68.70	13.73	34.20
GCA_003208975.1_ASM320897v1_genomic_prodigal_proteins	1804	GCA_009836155.1_ASM983615v1_genomic_prodigal_proteins	1947	574	60.44	12.74	31.82
GCA_003208975.1_ASM320897v1_genomic_prodigal_proteins	1804	GCA_003990665.2_ASM399066v2_genomic_prodigal_proteins	2499	528	53.14	12.11	29.27
GCA_003208975.1_ASM320897v1_genomic_prodigal_proteins	1804	GCA_003209135.1_ASM320913v1_genomic_prodigal_proteins	1719	636	72.89	14.16	37.00
GCA_003208975.1_ASM320897v1_genomic_prodigal_proteins	1804	GCA_009845105.1_ASM984510v1_genomic_prodigal_proteins	1941	475	59.78	12.60	26.33
GCA_003208975.1_ASM320897v1_genomic_prodigal_proteins	1804	GCA_002690325.1_ASM269032v1_genomic_prodigal_proteins	2554	985	73.31	13.55	54.60
GCA_003208975.1_ASM320897v1_genomic_prodigal_proteins	1804	GCA_000161795.2_ASM16179v2_genomic_prodigal_proteins	2407	1021	76.64	13.29	56.60
GCA_003208975.1_ASM320897v1_genomic_prodigal_proteins	1804	GCA_004211895.1_ASM421189v1_genomic_prodigal_proteins	954	368	76.42	12.97	38.57
GCA_003208975.1_ASM320897v1_genomic_prodigal_proteins	1804	GCA_003210735.1_ASM321073v1_genomic_prodigal_proteins	2337	1084	96.41	6.26	60.09
GCA_003208975.1_ASM320897v1_genomic_prodigal_proteins	1804	GCA_003209035.1_ASM320903v1_genomic_prodigal_proteins	1803	990	98.73	7.36	54.91
GCA_003208975.1_ASM320897v1_genomic_prodigal_proteins	1804	GCA_003712085.1_ASM371208v1_genomic_prodigal_proteins	2745	1070	77.82	12.67	59.31
GCA_003208975.1_ASM320897v1_genomic_prodigal_proteins	1804	GCA_003212155.1_ASM321215v1_genomic_prodigal_proteins	262	77	62.95	17.15	29.39
GCA_003208975.1_ASM320897v1_genomic_prodigal_proteins	1804	GCA_001040845.1_ASM104084v1_genomic_prodigal_proteins	2917	948	69.73	13.70	52.55
GCA_003208975.1_ASM320897v1_genomic_prodigal_proteins	1804	GCA_002018015.1_ASM201801v1_genomic_prodigal_proteins	1578	456	60.77	13.01	28.90
GCA_003208975.1_ASM320897v1_genomic_prodigal_proteins	1804	GCA_003211255.1_ASM321125v1_genomic_prodigal_proteins	1850	771	93.62	11.64	42.74
GCA_003208975.1_ASM320897v1_genomic_prodigal_proteins	1804	GCA_002721235.1_ASM272123v1_genomic_prodigal_proteins	3119	568	52.99	12.54	31.49
GCA_003208975.1_ASM320897v1_genomic_prodigal_proteins	1804	GCA_009839305.1_ASM983930v1_genomic_prodigal_proteins	1816	451	60.38	13.16	25.00
GCA_003208975.1_ASM320897v1_genomic_prodigal_proteins	1804	GCA_011365345.1_ASM1136534v1_genomic_prodigal_proteins	2655	1076	76.36	13.43	59.65
GCA_003208975.1_ASM320897v1_genomic_prodigal_proteins	1804	GCA_001039265.1_ASM103926v1_genomic_prodigal_proteins	2832	591	66.86	14.04	32.76
GCA_003208975.1_ASM320897v1_genomic_prodigal_proteins	1804	GCA_001628325.1_ASM162832v1_genomic_prodigal_proteins	2129	944	77.15	13.49	52.33
GCA_003208975.1_ASM320897v1_genomic_prodigal_proteins	1804	GCA_003209215.1_ASM320921v1_genomic_prodigal_proteins	1679	575	76.40	14.23	34.25
GCA_003208975.1_ASM320897v1_genomic_prodigal_proteins	1804	GCA_002737305.1_ASM273730v1_genomic_prodigal_proteins	1951	634	66.24	13.77	35.14
GCA_003208975.1_ASM320897v1_genomic_prodigal_proteins	1804	GCA_003210515.1_ASM321051v1_genomic_prodigal_proteins	1673	609	73.22	14.01	36.40
GCA_003208975.1_ASM320897v1_genomic_prodigal_proteins	1804	GCA_011525445.1_ASM1152544v1_genomic_prodigal_proteins	3208	811	69.10	13.83	44.96
GCA_003208975.1_ASM320897v1_genomic_prodigal_proteins	1804	GCA_902599435.1_AG-916-N22_genomic_prodigal_proteins	793	314	76.25	14.99	39.60
GCA_003208975.1_ASM320897v1_genomic_prodigal_proteins	1804	GCA_003149585.1_ASM314958v1_genomic_prodigal_proteins	2600	868	66.23	13.53	48.12
GCA_003208975.1_ASM320897v1_genomic_prodigal_proteins	1804	GCA_902560665.1_AG-905-O11_genomic_prodigal_proteins	401	173	76.99	14.40	43.14
GCA_003208975.1_ASM320897v1_genomic_prodigal_proteins	1804	GCA_003331795.1_ASM333179v1_genomic_prodigal_proteins	1948	710	65.34	14.32	39.36
GCA_003208975.1_ASM320897v1_genomic_prodigal_proteins	1804	GCA_002017955.1_ASM201795v1_genomic_prodigal_proteins	512	135	59.52	14.12	26.37
GCA_003208975.1_ASM320897v1_genomic_prodigal_proteins	1804	GCA_902584485.1_AG-912-O23_genomic_prodigal_proteins	535	155	72.97	16.96	28.97
GCA_003208975.1_ASM320897v1_genomic_prodigal_proteins	1804	GCA_902527915.1_AG-896-G19_genomic_prodigal_proteins	1003	416	76.58	13.81	41.48
GCA_003208975.1_ASM320897v1_genomic_prodigal_proteins	1804	GCA_902635365.1_AG-447-D19_genomic_prodigal_proteins	1690	582	73.40	14.75	34.44
GCA_003208975.1_ASM320897v1_genomic_prodigal_proteins	1804	GCA_900474085.1_UW86_genomic_prodigal_proteins	2403	1012	76.62	13.62	56.10
GCA_003208975.1_ASM320897v1_genomic_prodigal_proteins	1804	GCA_001885215.1_ASM188521v1_genomic_prodigal_proteins	2897	817	65.43	13.32	45.29
GCA_003208975.1_ASM320897v1_genomic_prodigal_proteins	1804	GCA_902575935.1_AG-426-B22_genomic_prodigal_proteins	254	110	76.61	15.42	43.31
GCA_003208975.1_ASM320897v1_genomic_prodigal_proteins	1804	GCA_900474295.1_UW140_genomic_prodigal_proteins	2925	984	70.15	13.82	54.55
GCA_003208975.1_ASM320897v1_genomic_prodigal_proteins	1804	GCA_003211565.1_ASM321156v1_genomic_prodigal_proteins	1489	533	75.61	13.90	35.80
GCA_003208975.1_ASM320897v1_genomic_prodigal_proteins	1804	GCA_003526105.1_ASM352610v1_genomic_prodigal_proteins	1581	570	77.61	13.59	36.05
GCA_003208975.1_ASM320897v1_genomic_prodigal_proteins	1804	GCA_002172935.1_ASM217293v1_genomic_prodigal_proteins	1996	714	68.72	14.10	39.58
GCA_003208975.1_ASM320897v1_genomic_prodigal_proteins	1804	GCA_003210335.1_ASM321033v1_genomic_prodigal_proteins	942	218	65.72	15.21	23.14
GCA_003208975.1_ASM320897v1_genomic_prodigal_proteins	1804	GCA_009846115.1_ASM984611v1_genomic_prodigal_proteins	2048	543	60.02	12.77	30.10
GCA_003208975.1_ASM320897v1_genomic_prodigal_proteins	1804	GCA_001693295.1_ASM169329v1_genomic_prodigal_proteins	3183	566	52.86	12.52	31.37
GCA_003208975.1_ASM320897v1_genomic_prodigal_proteins	1804	GCA_900473965.1_UW179A_genomic_prodigal_proteins	3383	1036	70.05	14.28	57.43
GCA_003208975.1_ASM320897v1_genomic_prodigal_proteins	1804	GCA_003213755.1_ASM321375v1_genomic_prodigal_proteins	1050	350	65.12	14.50	33.33
GCA_003208975.1_ASM320897v1_genomic_prodigal_proteins	1804	GCA_003209155.1_ASM320915v1_genomic_prodigal_proteins	2305	775	70.04	13.91	42.96
GCA_003208975.1_ASM320897v1_genomic_prodigal_proteins	1804	GCA_003211515.1_ASM321151v1_genomic_prodigal_proteins	2451	742	72.13	14.23	41.13
GCA_003208975.1_ASM320897v1_genomic_prodigal_proteins	1804	GCA_002693285.1_ASM269328v1_genomic_prodigal_proteins	2440	844	69.30	14.14	46.78
GCA_003208975.1_ASM320897v1_genomic_prodigal_proteins	1804	GCA_003210555.1_ASM321055v1_genomic_prodigal_proteins	1847	576	68.50	13.84	31.93
GCA_003208975.1_ASM320897v1_genomic_prodigal_proteins	1804	GCA_000155595.1_ASM15559v1_genomic_prodigal_proteins	5270	583	52.51	12.27	32.32
GCA_003208975.1_ASM320897v1_genomic_prodigal_proteins	1804	GCA_001007665.1_ASM100766v1_genomic_prodigal_proteins	2356	612	59.88	12.75	33.92
GCA_003208975.1_ASM320897v1_genomic_prodigal_proteins	1804	GCA_009919765.1_ASM991976v1_genomic_prodigal_proteins	2524	608	65.08	14.60	33.70
GCA_003208975.1_ASM320897v1_genomic_prodigal_proteins	1804	GCA_003331225.1_ASM333122v1_genomic_prodigal_proteins	2113	751	65.97	14.02	41.63
GCA_003208975.1_ASM320897v1_genomic_prodigal_proteins	1804	GCA_900177825.1_IMG-taxon_2708742468_annotated_assembly_genomic_prodigal_proteins	3317	557	53.01	12.52	30.88
GCA_003208975.1_ASM320897v1_genomic_prodigal_proteins	1804	GCA_000195975.1_ASM19597v1_genomic_prodigal_proteins	2719	1071	78.00	12.53	59.37
GCA_003208975.1_ASM320897v1_genomic_prodigal_proteins	1804	GCA_902618885.1_AG-920-D15_genomic_prodigal_proteins	1178	473	76.76	14.38	40.15
GCA_003208975.1_ASM320897v1_genomic_prodigal_proteins	1804	GCA_003209165.1_ASM320916v1_genomic_prodigal_proteins	2711	940	76.08	13.66	52.11
GCA_003208975.1_ASM320897v1_genomic_prodigal_proteins	1804	GCA_001007625.1_ASM100762v1_genomic_prodigal_proteins	2478	539	60.42	13.05	29.88
GCA_003208975.1_ASM320897v1_genomic_prodigal_proteins	1804	GCA_008386235.1_ASM838623v1_genomic_prodigal_proteins	2571	532	53.03	12.13	29.49
GCA_003208975.1_ASM320897v1_genomic_prodigal_proteins	1804	GCA_001631935.1_ASM163193v1_genomic_prodigal_proteins	3526	1007	70.00	13.92	55.82
GCA_003208975.1_ASM320897v1_genomic_prodigal_proteins	1804	GCA_002151525.1_ASM215152v1_genomic_prodigal_proteins	1628	566	63.52	13.48	34.77
GCA_003208975.1_ASM320897v1_genomic_prodigal_proteins	1804	GCA_000153065.1_ASM15306v1_genomic_prodigal_proteins	2704	888	71.16	13.22	49.22
GCA_003208975.1_ASM320897v1_genomic_prodigal_proteins	1804	GCA_009837265.1_ASM983726v1_genomic_prodigal_proteins	2126	565	59.92	12.86	31.32
GCA_003208975.1_ASM320897v1_genomic_prodigal_proteins	1804	GCA_902533725.1_AG-898-C20_genomic_prodigal_proteins	421	123	72.29	16.50	29.22
GCA_003208975.1_ASM320897v1_genomic_prodigal_proteins	1804	GCA_002171075.2_ASM217107v2_genomic_prodigal_proteins	1919	625	63.60	13.82	34.65
GCA_003208975.1_ASM320897v1_genomic_prodigal_proteins	1804	GCA_002760395.1_ASM276039v1_genomic_prodigal_proteins	2661	468	52.24	11.65	25.94
GCA_003208975.1_ASM320897v1_genomic_prodigal_proteins	1804	GCA_003209005.1_ASM320900v1_genomic_prodigal_proteins	2548	854	69.90	14.24	47.34
GCA_003208975.1_ASM320897v1_genomic_prodigal_proteins	1804	GCA_002017915.1_ASM201791v1_genomic_prodigal_proteins	623	146	61.44	13.82	23.43
GCA_003208975.1_ASM320897v1_genomic_prodigal_proteins	1804	GCA_900047545.1_m9_genomic_prodigal_proteins	1575	477	60.04	12.99	30.29
GCA_003208975.1_ASM320897v1_genomic_prodigal_proteins	1804	GCA_001632105.1_ASM163210v1_genomic_prodigal_proteins	3521	1015	69.95	13.96	56.26
GCA_003208975.1_ASM320897v1_genomic_prodigal_proteins	1804	GCA_004212765.1_ASM421276v1_genomic_prodigal_proteins	1162	457	77.31	12.91	39.33
GCA_003208975.1_ASM320897v1_genomic_prodigal_proteins	1804	GCA_002685515.1_ASM268551v1_genomic_prodigal_proteins	1286	532	68.84	14.08	41.37
GCA_003208975.1_ASM320897v1_genomic_prodigal_proteins	1804	GCA_007828135.1_ASM782813v1_genomic_prodigal_proteins	2917	817	65.49	13.36	45.29
GCA_003208975.1_ASM320897v1_genomic_prodigal_proteins	1804	GCA_011047875.1_ASM1104787v1_genomic_prodigal_proteins	2810	479	52.10	11.74	26.55
GCA_003208975.1_ASM320897v1_genomic_prodigal_proteins	1804	GCA_009840445.1_ASM984044v1_genomic_prodigal_proteins	2167	625	59.90	12.80	34.65
GCA_003208975.1_ASM320897v1_genomic_prodigal_proteins	1804	GCA_003210995.1_ASM321099v1_genomic_prodigal_proteins	2385	733	69.31	14.66	40.63
GCA_003208975.1_ASM320897v1_genomic_prodigal_proteins	1804	GCA_902616995.1_AG-919-L20_genomic_prodigal_proteins	654	252	75.49	14.38	38.53
GCA_003208975.1_ASM320897v1_genomic_prodigal_proteins	1804	GCA_009845825.1_ASM984582v1_genomic_prodigal_proteins	2168	528	60.07	12.63	29.27
GCA_003208975.1_ASM320897v1_genomic_prodigal_proteins	1804	GCA_000515235.1_ASM51523v1_genomic_prodigal_proteins	2873	1082	74.12	13.65	59.98
GCA_003208975.1_ASM320897v1_genomic_prodigal_proteins	1804	GCA_003523965.1_ASM352396v1_genomic_prodigal_proteins	1735	405	61.25	12.95	23.34
GCA_003208975.1_ASM320897v1_genomic_prodigal_proteins	1804	GCA_002684175.1_ASM268417v1_genomic_prodigal_proteins	1819	626	72.68	14.16	34.70
GCA_003208975.1_ASM320897v1_genomic_prodigal_proteins	1804	GCA_011523295.1_ASM1152329v1_genomic_prodigal_proteins	2851	806	72.71	13.65	44.68
GCA_003208975.1_ASM320897v1_genomic_prodigal_proteins	1804	GCA_003211015.1_ASM321101v1_genomic_prodigal_proteins	2128	749	69.73	13.80	41.52
GCA_003208975.1_ASM320897v1_genomic_prodigal_proteins	1804	GCA_002006815.1_ASM200681v1_genomic_prodigal_proteins	1973	702	63.77	13.52	38.91
GCA_902549675.1_AG-903-B09_genomic_prodigal_proteins	836	GCA_002018045.1_ASM201804v1_genomic_prodigal_proteins	1559	264	61.65	13.52	31.58
GCA_902549675.1_AG-903-B09_genomic_prodigal_proteins	836	GCA_004213055.1_ASM421305v1_genomic_prodigal_proteins	2241	365	71.71	13.98	43.66
GCA_902549675.1_AG-903-B09_genomic_prodigal_proteins	836	GCA_007571085.1_ASM757108v1_genomic_prodigal_proteins	1784	289	60.33	13.91	34.57
GCA_902549675.1_AG-903-B09_genomic_prodigal_proteins	836	GCA_009839805.1_ASM983980v1_genomic_prodigal_proteins	1848	205	58.92	12.99	24.52
GCA_902549675.1_AG-903-B09_genomic_prodigal_proteins	836	GCA_003210375.1_ASM321037v1_genomic_prodigal_proteins	2155	355	74.81	14.63	42.46
GCA_902549675.1_AG-903-B09_genomic_prodigal_proteins	836	GCA_004332415.1_ASM433241v1_genomic_prodigal_proteins	2408	432	71.69	14.30	51.67
GCA_902549675.1_AG-903-B09_genomic_prodigal_proteins	836	GCA_009836025.1_ASM983602v1_genomic_prodigal_proteins	2290	298	60.87	13.49	35.65
GCA_902549675.1_AG-903-B09_genomic_prodigal_proteins	836	GCA_009843455.1_ASM984345v1_genomic_prodigal_proteins	2423	293	60.94	13.02	35.05
GCA_902549675.1_AG-903-B09_genomic_prodigal_proteins	836	GCA_009843485.1_ASM984348v1_genomic_prodigal_proteins	2158	302	61.16	13.44	36.12
GCA_902549675.1_AG-903-B09_genomic_prodigal_proteins	836	GCA_003283135.1_ASM328313v1_genomic_prodigal_proteins	459	32	55.44	15.66	6.97
GCA_902549675.1_AG-903-B09_genomic_prodigal_proteins	836	GCA_902635485.1_AG-447-G23_genomic_prodigal_proteins	327	34	78.85	16.81	10.40
GCA_902549675.1_AG-903-B09_genomic_prodigal_proteins	836	GCA_002760415.1_ASM276041v1_genomic_prodigal_proteins	2670	219	53.32	12.56	26.20
GCA_902549675.1_AG-903-B09_genomic_prodigal_proteins	836	GCA_002754935.1_ASM275493v1_genomic_prodigal_proteins	2664	247	54.53	13.45	29.55
GCA_902549675.1_AG-903-B09_genomic_prodigal_proteins	836	GCA_002171685.2_ASM217168v2_genomic_prodigal_proteins	811	205	70.62	13.56	25.28
GCA_902549675.1_AG-903-B09_genomic_prodigal_proteins	836	GCA_000737595.1_ASM73759v1_genomic_prodigal_proteins	2774	493	77.87	14.33	58.97
GCA_902549675.1_AG-903-B09_genomic_prodigal_proteins	836	GCA_003331785.1_ASM333178v1_genomic_prodigal_proteins	2125	401	71.28	13.64	47.97
GCA_902549675.1_AG-903-B09_genomic_prodigal_proteins	836	GCA_009842265.1_ASM984226v1_genomic_prodigal_proteins	2398	300	60.79	13.38	35.89
GCA_902549675.1_AG-903-B09_genomic_prodigal_proteins	836	GCA_902579345.1_AG-911-L15_genomic_prodigal_proteins	248	101	89.68	14.26	40.73
GCA_902549675.1_AG-903-B09_genomic_prodigal_proteins	836	GCA_000011345.1_ASM1134v1_genomic_prodigal_proteins	2520	254	54.43	13.45	30.38
GCA_902549675.1_AG-903-B09_genomic_prodigal_proteins	836	GCA_003210705.1_ASM321070v1_genomic_prodigal_proteins	2244	318	69.85	15.21	38.04
GCA_902549675.1_AG-903-B09_genomic_prodigal_proteins	836	GCA_000019485.1_ASM1948v1_genomic_prodigal_proteins	3233	266	55.34	13.40	31.82
GCA_902549675.1_AG-903-B09_genomic_prodigal_proteins	836	GCA_003283055.1_ASM328305v1_genomic_prodigal_proteins	482	24	63.46	15.99	4.98
GCA_902549675.1_AG-903-B09_genomic_prodigal_proteins	836	GCA_000010065.1_ASM1006v1_genomic_prodigal_proteins	2691	294	56.36	14.00	35.17
GCA_902549675.1_AG-903-B09_genomic_prodigal_proteins	836	GCA_000316685.1_ASM31668v1_genomic_prodigal_proteins	3706	257	54.03	13.57	30.74
GCA_902549675.1_AG-903-B09_genomic_prodigal_proteins	836	GCA_000063525.1_ASM6352v1_genomic_prodigal_proteins	2540	421	66.42	14.50	50.36
GCA_902549675.1_AG-903-B09_genomic_prodigal_proteins	836	GCA_003283165.1_ASM328316v1_genomic_prodigal_proteins	217	55	72.59	14.15	25.35
GCA_902549675.1_AG-903-B09_genomic_prodigal_proteins	836	GCA_902540675.1_AG-359-E22_genomic_prodigal_proteins	584	125	83.25	17.78	21.40
GCA_902549675.1_AG-903-B09_genomic_prodigal_proteins	836	GCA_011055065.1_ASM1105506v1_genomic_prodigal_proteins	2792	222	53.22	12.56	26.56
GCA_902549675.1_AG-903-B09_genomic_prodigal_proteins	836	GCA_000013205.1_ASM1320v1_genomic_prodigal_proteins	2750	229	53.44	12.47	27.39
GCA_902549675.1_AG-903-B09_genomic_prodigal_proteins	836	GCA_003539795.1_ASM353979v1_genomic_prodigal_proteins	2284	339	77.82	13.14	40.55
GCA_902549675.1_AG-903-B09_genomic_prodigal_proteins	836	GCA_002171995.1_ASM217199v1_genomic_prodigal_proteins	1978	281	70.86	14.59	33.61
GCA_902549675.1_AG-903-B09_genomic_prodigal_proteins	836	GCA_011523835.1_ASM1152383v1_genomic_prodigal_proteins	2468	376	71.04	14.23	44.98
GCA_902549675.1_AG-903-B09_genomic_prodigal_proteins	836	GCA_002172175.1_ASM217217v1_genomic_prodigal_proteins	1846	258	65.14	14.29	30.86
GCA_902549675.1_AG-903-B09_genomic_prodigal_proteins	836	GCA_003208835.1_ASM320883v1_genomic_prodigal_proteins	2208	341	74.57	14.89	40.79
GCA_902549675.1_AG-903-B09_genomic_prodigal_proteins	836	GCA_902589915.1_AG-914-F20_genomic_prodigal_proteins	373	78	86.40	18.04	20.91
GCA_902549675.1_AG-903-B09_genomic_prodigal_proteins	836	GCA_000485815.1_ASM48581v1_genomic_prodigal_proteins	3083	260	54.63	13.48	31.10
GCA_902549675.1_AG-903-B09_genomic_prodigal_proteins	836	GCA_008807075.1_ASM880707v1_genomic_prodigal_proteins	2925	406	65.86	14.20	48.56
GCA_902549675.1_AG-903-B09_genomic_prodigal_proteins	836	GCA_000179235.2_ASM17923v2_genomic_prodigal_proteins	3071	414	67.80	13.73	49.52
GCA_902549675.1_AG-903-B09_genomic_prodigal_proteins	836	GCA_003210795.1_ASM321079v1_genomic_prodigal_proteins	2239	394	77.14	14.16	47.13
GCA_902549675.1_AG-903-B09_genomic_prodigal_proteins	836	GCA_002706715.1_ASM270671v1_genomic_prodigal_proteins	1148	260	77.25	14.63	31.10
GCA_902549675.1_AG-903-B09_genomic_prodigal_proteins	836	GCA_003331245.1_ASM333124v1_genomic_prodigal_proteins	2021	405	77.82	13.10	48.44
GCA_902549675.1_AG-903-B09_genomic_prodigal_proteins	836	GCA_009843385.1_ASM984338v1_genomic_prodigal_proteins	2085	245	61.40	13.61	29.31
GCA_902549675.1_AG-903-B09_genomic_prodigal_proteins	836	GCA_003211205.1_ASM321120v1_genomic_prodigal_proteins	2288	388	70.81	14.69	46.41
GCA_902549675.1_AG-903-B09_genomic_prodigal_proteins	836	GCA_000063505.1_ASM6350v1_genomic_prodigal_proteins	2558	441	71.59	14.54	52.75
GCA_902549675.1_AG-903-B09_genomic_prodigal_proteins	836	GCA_900474245.1_UW179B_genomic_prodigal_proteins	2743	445	70.85	14.28	53.23
GCA_902549675.1_AG-903-B09_genomic_prodigal_proteins	836	GCA_003210345.1_ASM321034v1_genomic_prodigal_proteins	1256	185	74.92	15.03	22.13
GCA_902549675.1_AG-903-B09_genomic_prodigal_proteins	836	GCA_003210315.1_ASM321031v1_genomic_prodigal_proteins	1815	239	68.64	15.66	28.59
GCA_902549675.1_AG-903-B09_genomic_prodigal_proteins	836	GCA_009836155.1_ASM983615v1_genomic_prodigal_proteins	1947	282	60.80	13.32	33.73
GCA_902549675.1_AG-903-B09_genomic_prodigal_proteins	836	GCA_003990665.2_ASM399066v2_genomic_prodigal_proteins	2499	256	54.35	13.46	30.62
GCA_902549675.1_AG-903-B09_genomic_prodigal_proteins	836	GCA_003209135.1_ASM320913v1_genomic_prodigal_proteins	1719	283	72.71	16.18	33.85
GCA_902549675.1_AG-903-B09_genomic_prodigal_proteins	836	GCA_009845105.1_ASM984510v1_genomic_prodigal_proteins	1941	239	59.55	13.48	28.59
GCA_902549675.1_AG-903-B09_genomic_prodigal_proteins	836	GCA_002690325.1_ASM269032v1_genomic_prodigal_proteins	2554	448	74.44	14.21	53.59
GCA_902549675.1_AG-903-B09_genomic_prodigal_proteins	836	GCA_000161795.2_ASM16179v2_genomic_prodigal_proteins	2407	465	79.05	13.83	55.62
GCA_902549675.1_AG-903-B09_genomic_prodigal_proteins	836	GCA_004211895.1_ASM421189v1_genomic_prodigal_proteins	954	170	77.04	14.77	20.33
GCA_902549675.1_AG-903-B09_genomic_prodigal_proteins	836	GCA_003210735.1_ASM321073v1_genomic_prodigal_proteins	2337	440	77.76	13.68	52.63
GCA_902549675.1_AG-903-B09_genomic_prodigal_proteins	836	GCA_003209035.1_ASM320903v1_genomic_prodigal_proteins	1803	317	77.73	14.04	37.92
GCA_902549675.1_AG-903-B09_genomic_prodigal_proteins	836	GCA_003712085.1_ASM371208v1_genomic_prodigal_proteins	2745	538	89.40	10.90	64.35
GCA_902549675.1_AG-903-B09_genomic_prodigal_proteins	836	GCA_003212155.1_ASM321215v1_genomic_prodigal_proteins	262	41	64.79	19.34	15.65
GCA_902549675.1_AG-903-B09_genomic_prodigal_proteins	836	GCA_001040845.1_ASM104084v1_genomic_prodigal_proteins	2917	445	70.79	13.83	53.23
GCA_902549675.1_AG-903-B09_genomic_prodigal_proteins	836	GCA_002018015.1_ASM201801v1_genomic_prodigal_proteins	1578	245	61.77	13.58	29.31
GCA_902549675.1_AG-903-B09_genomic_prodigal_proteins	836	GCA_003211255.1_ASM321125v1_genomic_prodigal_proteins	1850	314	74.87	15.10	37.56
GCA_902549675.1_AG-903-B09_genomic_prodigal_proteins	836	GCA_002721235.1_ASM272123v1_genomic_prodigal_proteins	3119	262	55.11	13.48	31.34
GCA_902549675.1_AG-903-B09_genomic_prodigal_proteins	836	GCA_009839305.1_ASM983930v1_genomic_prodigal_proteins	1816	221	61.47	14.09	26.44
GCA_902549675.1_AG-903-B09_genomic_prodigal_proteins	836	GCA_011365345.1_ASM1136534v1_genomic_prodigal_proteins	2655	502	78.01	14.47	60.05
GCA_902549675.1_AG-903-B09_genomic_prodigal_proteins	836	GCA_001039265.1_ASM103926v1_genomic_prodigal_proteins	2832	273	68.06	14.36	32.66
GCA_902549675.1_AG-903-B09_genomic_prodigal_proteins	836	GCA_001628325.1_ASM162832v1_genomic_prodigal_proteins	2129	404	78.31	14.11	48.33
GCA_902549675.1_AG-903-B09_genomic_prodigal_proteins	836	GCA_003209215.1_ASM320921v1_genomic_prodigal_proteins	1679	277	77.23	14.88	33.13
GCA_902549675.1_AG-903-B09_genomic_prodigal_proteins	836	GCA_002737305.1_ASM273730v1_genomic_prodigal_proteins	1951	302	66.50	14.48	36.12
GCA_902549675.1_AG-903-B09_genomic_prodigal_proteins	836	GCA_003210515.1_ASM321051v1_genomic_prodigal_proteins	1673	236	73.09	14.85	28.23
GCA_902549675.1_AG-903-B09_genomic_prodigal_proteins	836	GCA_011525445.1_ASM1152544v1_genomic_prodigal_proteins	3208	390	70.53	14.70	46.65
GCA_902549675.1_AG-903-B09_genomic_prodigal_proteins	836	GCA_902599435.1_AG-916-N22_genomic_prodigal_proteins	793	239	93.90	14.33	30.14
GCA_902549675.1_AG-903-B09_genomic_prodigal_proteins	836	GCA_003149585.1_ASM314958v1_genomic_prodigal_proteins	2600	417	67.44	14.07	49.88
GCA_902549675.1_AG-903-B09_genomic_prodigal_proteins	836	GCA_902560665.1_AG-905-O11_genomic_prodigal_proteins	401	123	88.22	13.66	30.67
GCA_902549675.1_AG-903-B09_genomic_prodigal_proteins	836	GCA_003331795.1_ASM333179v1_genomic_prodigal_proteins	1948	334	66.42	14.97	39.95
GCA_902549675.1_AG-903-B09_genomic_prodigal_proteins	836	GCA_002017955.1_ASM201795v1_genomic_prodigal_proteins	512	100	61.81	13.58	19.53
GCA_902549675.1_AG-903-B09_genomic_prodigal_proteins	836	GCA_902584485.1_AG-912-O23_genomic_prodigal_proteins	535	154	86.07	15.44	28.79
GCA_902549675.1_AG-903-B09_genomic_prodigal_proteins	836	GCA_902527915.1_AG-896-G19_genomic_prodigal_proteins	1003	178	85.20	16.22	21.29
GCA_902549675.1_AG-903-B09_genomic_prodigal_proteins	836	GCA_902635365.1_AG-447-D19_genomic_prodigal_proteins	1690	309	73.12	15.80	36.96
GCA_902549675.1_AG-903-B09_genomic_prodigal_proteins	836	GCA_900474085.1_UW86_genomic_prodigal_proteins	2403	466	78.09	14.94	55.74
GCA_902549675.1_AG-903-B09_genomic_prodigal_proteins	836	GCA_001885215.1_ASM188521v1_genomic_prodigal_proteins	2897	388	65.97	13.97	46.41
GCA_902549675.1_AG-903-B09_genomic_prodigal_proteins	836	GCA_902575935.1_AG-426-B22_genomic_prodigal_proteins	254	68	79.04	15.57	26.77
GCA_902549675.1_AG-903-B09_genomic_prodigal_proteins	836	GCA_900474295.1_UW140_genomic_prodigal_proteins	2925	450	71.94	13.79	53.83
GCA_902549675.1_AG-903-B09_genomic_prodigal_proteins	836	GCA_003211565.1_ASM321156v1_genomic_prodigal_proteins	1489	254	77.52	15.77	30.38
GCA_902549675.1_AG-903-B09_genomic_prodigal_proteins	836	GCA_003526105.1_ASM352610v1_genomic_prodigal_proteins	1581	243	78.86	14.69	29.07
GCA_902549675.1_AG-903-B09_genomic_prodigal_proteins	836	GCA_002172935.1_ASM217293v1_genomic_prodigal_proteins	1996	332	70.14	14.50	39.71
GCA_902549675.1_AG-903-B09_genomic_prodigal_proteins	836	GCA_003210335.1_ASM321033v1_genomic_prodigal_proteins	942	79	64.15	16.32	9.45
GCA_902549675.1_AG-903-B09_genomic_prodigal_proteins	836	GCA_009846115.1_ASM984611v1_genomic_prodigal_proteins	2048	271	61.05	13.89	32.42
GCA_902549675.1_AG-903-B09_genomic_prodigal_proteins	836	GCA_001693295.1_ASM169329v1_genomic_prodigal_proteins	3183	260	55.28	13.48	31.10
GCA_902549675.1_AG-903-B09_genomic_prodigal_proteins	836	GCA_900473965.1_UW179A_genomic_prodigal_proteins	3383	467	71.01	14.06	55.86
GCA_902549675.1_AG-903-B09_genomic_prodigal_proteins	836	GCA_003213755.1_ASM321375v1_genomic_prodigal_proteins	1050	214	66.07	14.90	25.60
GCA_902549675.1_AG-903-B09_genomic_prodigal_proteins	836	GCA_003209155.1_ASM320915v1_genomic_prodigal_proteins	2305	363	70.83	14.09	43.42
GCA_902549675.1_AG-903-B09_genomic_prodigal_proteins	836	GCA_003211515.1_ASM321151v1_genomic_prodigal_proteins	2451	374	73.79	15.31	44.74
GCA_902549675.1_AG-903-B09_genomic_prodigal_proteins	836	GCA_002693285.1_ASM269328v1_genomic_prodigal_proteins	2440	399	70.55	14.83	47.73
GCA_902549675.1_AG-903-B09_genomic_prodigal_proteins	836	GCA_003210555.1_ASM321055v1_genomic_prodigal_proteins	1847	267	69.64	13.90	31.94
GCA_902549675.1_AG-903-B09_genomic_prodigal_proteins	836	GCA_000155595.1_ASM15559v1_genomic_prodigal_proteins	5270	288	54.00	13.41	34.45
GCA_902549675.1_AG-903-B09_genomic_prodigal_proteins	836	GCA_001007665.1_ASM100766v1_genomic_prodigal_proteins	2356	308	60.29	13.99	36.84
GCA_902549675.1_AG-903-B09_genomic_prodigal_proteins	836	GCA_009919765.1_ASM991976v1_genomic_prodigal_proteins	2524	283	65.90	14.72	33.85
GCA_902549675.1_AG-903-B09_genomic_prodigal_proteins	836	GCA_003331225.1_ASM333122v1_genomic_prodigal_proteins	2113	362	66.45	14.56	43.30
GCA_902549675.1_AG-903-B09_genomic_prodigal_proteins	836	GCA_900177825.1_IMG-taxon_2708742468_annotated_assembly_genomic_prodigal_proteins	3317	264	55.27	13.42	31.58
GCA_902549675.1_AG-903-B09_genomic_prodigal_proteins	836	GCA_000195975.1_ASM19597v1_genomic_prodigal_proteins	2719	553	90.24	10.17	66.15
GCA_902549675.1_AG-903-B09_genomic_prodigal_proteins	836	GCA_902618885.1_AG-920-D15_genomic_prodigal_proteins	1178	244	89.98	10.99	29.19
GCA_902549675.1_AG-903-B09_genomic_prodigal_proteins	836	GCA_003209165.1_ASM320916v1_genomic_prodigal_proteins	2711	481	76.21	15.49	57.54
GCA_902549675.1_AG-903-B09_genomic_prodigal_proteins	836	GCA_001007625.1_ASM100762v1_genomic_prodigal_proteins	2478	261	61.73	13.51	31.22
GCA_902549675.1_AG-903-B09_genomic_prodigal_proteins	836	GCA_008386235.1_ASM838623v1_genomic_prodigal_proteins	2571	259	54.54	13.21	30.98
GCA_902549675.1_AG-903-B09_genomic_prodigal_proteins	836	GCA_001631935.1_ASM163193v1_genomic_prodigal_proteins	3526	455	70.74	14.28	54.43
GCA_902549675.1_AG-903-B09_genomic_prodigal_proteins	836	GCA_002151525.1_ASM215152v1_genomic_prodigal_proteins	1628	295	65.04	14.89	35.29
GCA_902549675.1_AG-903-B09_genomic_prodigal_proteins	836	GCA_000153065.1_ASM15306v1_genomic_prodigal_proteins	2704	428	71.64	14.21	51.20
GCA_902549675.1_AG-903-B09_genomic_prodigal_proteins	836	GCA_009837265.1_ASM983726v1_genomic_prodigal_proteins	2126	289	61.38	13.64	34.57
GCA_902549675.1_AG-903-B09_genomic_prodigal_proteins	836	GCA_902533725.1_AG-898-C20_genomic_prodigal_proteins	421	57	77.07	18.36	13.54
GCA_902549675.1_AG-903-B09_genomic_prodigal_proteins	836	GCA_002171075.2_ASM217107v2_genomic_prodigal_proteins	1919	304	65.01	14.29	36.36
GCA_902549675.1_AG-903-B09_genomic_prodigal_proteins	836	GCA_002760395.1_ASM276039v1_genomic_prodigal_proteins	2661	217	53.47	12.49	25.96
GCA_902549675.1_AG-903-B09_genomic_prodigal_proteins	836	GCA_003209005.1_ASM320900v1_genomic_prodigal_proteins	2548	399	70.26	14.33	47.73
GCA_902549675.1_AG-903-B09_genomic_prodigal_proteins	836	GCA_002017915.1_ASM201791v1_genomic_prodigal_proteins	623	103	63.10	13.78	16.53
GCA_902549675.1_AG-903-B09_genomic_prodigal_proteins	836	GCA_900047545.1_m9_genomic_prodigal_proteins	1575	222	60.19	13.59	26.56
GCA_902549675.1_AG-903-B09_genomic_prodigal_proteins	836	GCA_001632105.1_ASM163210v1_genomic_prodigal_proteins	3521	460	70.71	14.13	55.02
GCA_902549675.1_AG-903-B09_genomic_prodigal_proteins	836	GCA_004212765.1_ASM421276v1_genomic_prodigal_proteins	1162	227	95.40	13.77	27.15
GCA_902549675.1_AG-903-B09_genomic_prodigal_proteins	836	GCA_002685515.1_ASM268551v1_genomic_prodigal_proteins	1286	190	67.44	14.21	22.73
GCA_902549675.1_AG-903-B09_genomic_prodigal_proteins	836	GCA_007828135.1_ASM782813v1_genomic_prodigal_proteins	2917	390	66.13	14.08	46.65
GCA_902549675.1_AG-903-B09_genomic_prodigal_proteins	836	GCA_011047875.1_ASM1104787v1_genomic_prodigal_proteins	2810	232	53.37	12.58	27.75
GCA_902549675.1_AG-903-B09_genomic_prodigal_proteins	836	GCA_009840445.1_ASM984044v1_genomic_prodigal_proteins	2167	306	61.06	13.28	36.60
GCA_902549675.1_AG-903-B09_genomic_prodigal_proteins	836	GCA_003210995.1_ASM321099v1_genomic_prodigal_proteins	2385	383	70.18	14.88	45.81
GCA_902549675.1_AG-903-B09_genomic_prodigal_proteins	836	GCA_902616995.1_AG-919-L20_genomic_prodigal_proteins	654	156	89.52	11.37	23.85
GCA_902549675.1_AG-903-B09_genomic_prodigal_proteins	836	GCA_009845825.1_ASM984582v1_genomic_prodigal_proteins	2168	261	61.01	13.06	31.22
GCA_902549675.1_AG-903-B09_genomic_prodigal_proteins	836	GCA_000515235.1_ASM51523v1_genomic_prodigal_proteins	2873	530	74.07	15.02	63.40
GCA_902549675.1_AG-903-B09_genomic_prodigal_proteins	836	GCA_003523965.1_ASM352396v1_genomic_prodigal_proteins	1735	204	62.07	14.04	24.40
GCA_902549675.1_AG-903-B09_genomic_prodigal_proteins	836	GCA_002684175.1_ASM268417v1_genomic_prodigal_proteins	1819	321	73.43	13.01	38.40
GCA_902549675.1_AG-903-B09_genomic_prodigal_proteins	836	GCA_011523295.1_ASM1152329v1_genomic_prodigal_proteins	2851	358	73.02	14.97	42.82
GCA_902549675.1_AG-903-B09_genomic_prodigal_proteins	836	GCA_003211015.1_ASM321101v1_genomic_prodigal_proteins	2128	302	70.44	14.57	36.12
GCA_902549675.1_AG-903-B09_genomic_prodigal_proteins	836	GCA_002006815.1_ASM200681v1_genomic_prodigal_proteins	1973	350	64.50	14.71	41.87
GCA_000179255.1_ASM17925v1_genomic_prodigal_proteins	2729	GCA_003208975.1_ASM320897v1_genomic_prodigal_proteins	1804	870	66.01	13.71	48.23
GCA_000179255.1_ASM17925v1_genomic_prodigal_proteins	2729	GCA_012103655.1_ASM1210365v1_genomic_prodigal_proteins	2723	1678	66.84	13.75	61.62
GCA_000179255.1_ASM17925v1_genomic_prodigal_proteins	2729	GCA_902582045.1_AG-912-B07_genomic_prodigal_proteins	196	64	66.14	14.25	32.65
GCA_000179255.1_ASM17925v1_genomic_prodigal_proteins	2729	GCA_000153045.1_ASM15304v1_genomic_prodigal_proteins	3242	1744	70.17	12.85	63.91
GCA_000179255.1_ASM17925v1_genomic_prodigal_proteins	2729	GCA_902549675.1_AG-903-B09_genomic_prodigal_proteins	836	413	67.42	14.01	49.40
GCA_000179255.1_ASM17925v1_genomic_prodigal_proteins	2729	GCA_002018045.1_ASM201804v1_genomic_prodigal_proteins	1559	926	62.84	12.40	59.40
GCA_000179255.1_ASM17925v1_genomic_prodigal_proteins	2729	GCA_004213055.1_ASM421305v1_genomic_prodigal_proteins	2241	1503	67.36	13.95	67.07
GCA_000179255.1_ASM17925v1_genomic_prodigal_proteins	2729	GCA_007571085.1_ASM757108v1_genomic_prodigal_proteins	1784	1152	61.56	12.58	64.57
GCA_000179255.1_ASM17925v1_genomic_prodigal_proteins	2729	GCA_009839805.1_ASM983980v1_genomic_prodigal_proteins	1848	792	60.04	12.24	42.86
GCA_000179255.1_ASM17925v1_genomic_prodigal_proteins	2729	GCA_003210375.1_ASM321037v1_genomic_prodigal_proteins	2155	1196	65.97	13.84	55.50
GCA_000179255.1_ASM17925v1_genomic_prodigal_proteins	2729	GCA_004332415.1_ASM433241v1_genomic_prodigal_proteins	2408	1720	68.03	14.08	71.43
GCA_000179255.1_ASM17925v1_genomic_prodigal_proteins	2729	GCA_009836025.1_ASM983602v1_genomic_prodigal_proteins	2290	1180	62.00	12.49	51.53
GCA_000179255.1_ASM17925v1_genomic_prodigal_proteins	2729	GCA_009843455.1_ASM984345v1_genomic_prodigal_proteins	2423	1160	61.78	12.39	47.87
GCA_000179255.1_ASM17925v1_genomic_prodigal_proteins	2729	GCA_009843485.1_ASM984348v1_genomic_prodigal_proteins	2158	1183	62.15	12.46	54.82
GCA_000179255.1_ASM17925v1_genomic_prodigal_proteins	2729	GCA_003283135.1_ASM328313v1_genomic_prodigal_proteins	459	132	62.72	16.50	28.76
GCA_000179255.1_ASM17925v1_genomic_prodigal_proteins	2729	GCA_902635485.1_AG-447-G23_genomic_prodigal_proteins	327	116	65.39	15.65	35.47
GCA_000179255.1_ASM17925v1_genomic_prodigal_proteins	2729	GCA_002760415.1_ASM276041v1_genomic_prodigal_proteins	2670	942	53.40	11.78	35.28
GCA_000179255.1_ASM17925v1_genomic_prodigal_proteins	2729	GCA_002754935.1_ASM275493v1_genomic_prodigal_proteins	2664	1011	54.03	12.49	37.95
GCA_000179255.1_ASM17925v1_genomic_prodigal_proteins	2729	GCA_002171685.2_ASM217168v2_genomic_prodigal_proteins	811	612	67.38	13.49	75.46
GCA_000179255.1_ASM17925v1_genomic_prodigal_proteins	2729	GCA_000737595.1_ASM73759v1_genomic_prodigal_proteins	2774	1692	66.81	13.95	62.00
GCA_000179255.1_ASM17925v1_genomic_prodigal_proteins	2729	GCA_003331785.1_ASM333178v1_genomic_prodigal_proteins	2125	1508	66.85	13.58	70.96
GCA_000179255.1_ASM17925v1_genomic_prodigal_proteins	2729	GCA_009842265.1_ASM984226v1_genomic_prodigal_proteins	2398	1174	61.89	12.34	48.96
GCA_000179255.1_ASM17925v1_genomic_prodigal_proteins	2729	GCA_902579345.1_AG-911-L15_genomic_prodigal_proteins	248	89	64.10	15.27	35.89
GCA_000179255.1_ASM17925v1_genomic_prodigal_proteins	2729	GCA_000011345.1_ASM1134v1_genomic_prodigal_proteins	2520	1050	54.26	12.48	41.67
GCA_000179255.1_ASM17925v1_genomic_prodigal_proteins	2729	GCA_003210705.1_ASM321070v1_genomic_prodigal_proteins	2244	1242	65.77	14.09	55.35
GCA_000179255.1_ASM17925v1_genomic_prodigal_proteins	2729	GCA_000019485.1_ASM1948v1_genomic_prodigal_proteins	3233	1111	53.88	12.84	40.71
GCA_000179255.1_ASM17925v1_genomic_prodigal_proteins	2729	GCA_003283055.1_ASM328305v1_genomic_prodigal_proteins	482	69	59.77	16.67	14.32
GCA_000179255.1_ASM17925v1_genomic_prodigal_proteins	2729	GCA_000010065.1_ASM1006v1_genomic_prodigal_proteins	2691	1227	56.26	12.94	45.60
GCA_000179255.1_ASM17925v1_genomic_prodigal_proteins	2729	GCA_000316685.1_ASM31668v1_genomic_prodigal_proteins	3706	1092	53.77	12.56	40.01
GCA_000179255.1_ASM17925v1_genomic_prodigal_proteins	2729	GCA_000063525.1_ASM6352v1_genomic_prodigal_proteins	2540	1701	67.27	13.61	66.97
GCA_000179255.1_ASM17925v1_genomic_prodigal_proteins	2729	GCA_003283165.1_ASM328316v1_genomic_prodigal_proteins	217	74	66.07	14.55	34.10
GCA_000179255.1_ASM17925v1_genomic_prodigal_proteins	2729	GCA_902540675.1_AG-359-E22_genomic_prodigal_proteins	584	263	67.32	14.85	45.03
GCA_000179255.1_ASM17925v1_genomic_prodigal_proteins	2729	GCA_011055065.1_ASM1105506v1_genomic_prodigal_proteins	2792	923	53.20	11.89	33.82
GCA_000179255.1_ASM17925v1_genomic_prodigal_proteins	2729	GCA_000013205.1_ASM1320v1_genomic_prodigal_proteins	2750	954	53.47	11.75	34.96
GCA_000179255.1_ASM17925v1_genomic_prodigal_proteins	2729	GCA_003539795.1_ASM353979v1_genomic_prodigal_proteins	2284	1271	65.65	13.31	55.65
GCA_000179255.1_ASM17925v1_genomic_prodigal_proteins	2729	GCA_002171995.1_ASM217199v1_genomic_prodigal_proteins	1978	967	66.51	13.65	48.89
GCA_000179255.1_ASM17925v1_genomic_prodigal_proteins	2729	GCA_011523835.1_ASM1152383v1_genomic_prodigal_proteins	2468	1466	66.51	13.74	59.40
GCA_000179255.1_ASM17925v1_genomic_prodigal_proteins	2729	GCA_002172175.1_ASM217217v1_genomic_prodigal_proteins	1846	1076	65.58	13.36	58.29
GCA_000179255.1_ASM17925v1_genomic_prodigal_proteins	2729	GCA_003208835.1_ASM320883v1_genomic_prodigal_proteins	2208	1197	66.51	13.83	54.21
GCA_000179255.1_ASM17925v1_genomic_prodigal_proteins	2729	GCA_902589915.1_AG-914-F20_genomic_prodigal_proteins	373	134	68.36	14.39	35.92
GCA_000179255.1_ASM17925v1_genomic_prodigal_proteins	2729	GCA_000485815.1_ASM48581v1_genomic_prodigal_proteins	3083	1087	53.73	12.98	39.83
GCA_000179255.1_ASM17925v1_genomic_prodigal_proteins	2729	GCA_008807075.1_ASM880707v1_genomic_prodigal_proteins	2925	1658	66.20	13.26	60.75
GCA_000179255.1_ASM17925v1_genomic_prodigal_proteins	2729	GCA_000179235.2_ASM17923v2_genomic_prodigal_proteins	3071	1989	78.67	12.77	72.88
GCA_000179255.1_ASM17925v1_genomic_prodigal_proteins	2729	GCA_003210795.1_ASM321079v1_genomic_prodigal_proteins	2239	1219	66.07	13.96	54.44
GCA_000179255.1_ASM17925v1_genomic_prodigal_proteins	2729	GCA_002706715.1_ASM270671v1_genomic_prodigal_proteins	1148	820	66.99	13.89	71.43
GCA_000179255.1_ASM17925v1_genomic_prodigal_proteins	2729	GCA_003331245.1_ASM333124v1_genomic_prodigal_proteins	2021	1387	66.79	13.50	68.63
GCA_000179255.1_ASM17925v1_genomic_prodigal_proteins	2729	GCA_009843385.1_ASM984338v1_genomic_prodigal_proteins	2085	997	62.03	12.57	47.82
GCA_000179255.1_ASM17925v1_genomic_prodigal_proteins	2729	GCA_003211205.1_ASM321120v1_genomic_prodigal_proteins	2288	1311	66.19	13.91	57.30
GCA_000179255.1_ASM17925v1_genomic_prodigal_proteins	2729	GCA_000063505.1_ASM6350v1_genomic_prodigal_proteins	2558	1689	67.06	13.96	66.03
GCA_000179255.1_ASM17925v1_genomic_prodigal_proteins	2729	GCA_900474245.1_UW179B_genomic_prodigal_proteins	2743	1696	66.65	13.80	62.15
GCA_000179255.1_ASM17925v1_genomic_prodigal_proteins	2729	GCA_003210345.1_ASM321034v1_genomic_prodigal_proteins	1256	683	65.62	13.36	54.38
GCA_000179255.1_ASM17925v1_genomic_prodigal_proteins	2729	GCA_003210315.1_ASM321031v1_genomic_prodigal_proteins	1815	1006	65.35	13.98	55.43
GCA_000179255.1_ASM17925v1_genomic_prodigal_proteins	2729	GCA_009836155.1_ASM983615v1_genomic_prodigal_proteins	1947	1120	62.09	12.28	57.52
GCA_000179255.1_ASM17925v1_genomic_prodigal_proteins	2729	GCA_003990665.2_ASM399066v2_genomic_prodigal_proteins	2499	1054	54.25	12.49	42.18
GCA_000179255.1_ASM17925v1_genomic_prodigal_proteins	2729	GCA_003209135.1_ASM320913v1_genomic_prodigal_proteins	1719	861	65.44	13.72	50.09
GCA_000179255.1_ASM17925v1_genomic_prodigal_proteins	2729	GCA_009845105.1_ASM984510v1_genomic_prodigal_proteins	1941	940	61.53	12.50	48.43
GCA_000179255.1_ASM17925v1_genomic_prodigal_proteins	2729	GCA_002690325.1_ASM269032v1_genomic_prodigal_proteins	2554	1502	65.93	13.75	58.81
GCA_000179255.1_ASM17925v1_genomic_prodigal_proteins	2729	GCA_000161795.2_ASM16179v2_genomic_prodigal_proteins	2407	1623	67.43	13.81	67.43
GCA_000179255.1_ASM17925v1_genomic_prodigal_proteins	2729	GCA_004211895.1_ASM421189v1_genomic_prodigal_proteins	954	668	67.32	13.36	70.02
GCA_000179255.1_ASM17925v1_genomic_prodigal_proteins	2729	GCA_003210735.1_ASM321073v1_genomic_prodigal_proteins	2337	1222	65.82	13.62	52.29
GCA_000179255.1_ASM17925v1_genomic_prodigal_proteins	2729	GCA_003209035.1_ASM320903v1_genomic_prodigal_proteins	1803	894	65.83	13.96	49.58
GCA_000179255.1_ASM17925v1_genomic_prodigal_proteins	2729	GCA_003712085.1_ASM371208v1_genomic_prodigal_proteins	2745	1669	67.45	13.76	61.16
GCA_000179255.1_ASM17925v1_genomic_prodigal_proteins	2729	GCA_003212155.1_ASM321215v1_genomic_prodigal_proteins	262	112	63.58	16.52	42.75
GCA_000179255.1_ASM17925v1_genomic_prodigal_proteins	2729	GCA_001040845.1_ASM104084v1_genomic_prodigal_proteins	2917	1699	66.43	13.88	62.26
GCA_000179255.1_ASM17925v1_genomic_prodigal_proteins	2729	GCA_002018015.1_ASM201801v1_genomic_prodigal_proteins	1578	910	62.75	12.52	57.67
GCA_000179255.1_ASM17925v1_genomic_prodigal_proteins	2729	GCA_003211255.1_ASM321125v1_genomic_prodigal_proteins	1850	927	65.70	14.13	50.11
GCA_000179255.1_ASM17925v1_genomic_prodigal_proteins	2729	GCA_002721235.1_ASM272123v1_genomic_prodigal_proteins	3119	1114	53.87	12.80	40.82
GCA_000179255.1_ASM17925v1_genomic_prodigal_proteins	2729	GCA_009839305.1_ASM983930v1_genomic_prodigal_proteins	1816	891	62.27	12.86	49.06
GCA_000179255.1_ASM17925v1_genomic_prodigal_proteins	2729	GCA_011365345.1_ASM1136534v1_genomic_prodigal_proteins	2655	1681	66.88	14.05	63.31
GCA_000179255.1_ASM17925v1_genomic_prodigal_proteins	2729	GCA_001039265.1_ASM103926v1_genomic_prodigal_proteins	2832	1197	72.64	13.72	43.86
GCA_000179255.1_ASM17925v1_genomic_prodigal_proteins	2729	GCA_001628325.1_ASM162832v1_genomic_prodigal_proteins	2129	1501	67.61	13.77	70.50
GCA_000179255.1_ASM17925v1_genomic_prodigal_proteins	2729	GCA_003209215.1_ASM320921v1_genomic_prodigal_proteins	1679	836	67.25	13.75	49.79
GCA_000179255.1_ASM17925v1_genomic_prodigal_proteins	2729	GCA_002737305.1_ASM273730v1_genomic_prodigal_proteins	1951	1323	72.83	12.97	67.81
GCA_000179255.1_ASM17925v1_genomic_prodigal_proteins	2729	GCA_003210515.1_ASM321051v1_genomic_prodigal_proteins	1673	946	65.78	13.84	56.55
GCA_000179255.1_ASM17925v1_genomic_prodigal_proteins	2729	GCA_011525445.1_ASM1152544v1_genomic_prodigal_proteins	3208	1402	65.70	13.64	51.37
GCA_000179255.1_ASM17925v1_genomic_prodigal_proteins	2729	GCA_902599435.1_AG-916-N22_genomic_prodigal_proteins	793	415	68.00	14.52	52.33
GCA_000179255.1_ASM17925v1_genomic_prodigal_proteins	2729	GCA_003149585.1_ASM314958v1_genomic_prodigal_proteins	2600	2265	97.67	5.66	87.12
GCA_000179255.1_ASM17925v1_genomic_prodigal_proteins	2729	GCA_902560665.1_AG-905-O11_genomic_prodigal_proteins	401	170	66.97	15.14	42.39
GCA_000179255.1_ASM17925v1_genomic_prodigal_proteins	2729	GCA_003331795.1_ASM333179v1_genomic_prodigal_proteins	1948	1354	67.17	13.74	69.51
GCA_000179255.1_ASM17925v1_genomic_prodigal_proteins	2729	GCA_002017955.1_ASM201795v1_genomic_prodigal_proteins	512	267	61.53	12.61	52.15
GCA_000179255.1_ASM17925v1_genomic_prodigal_proteins	2729	GCA_902584485.1_AG-912-O23_genomic_prodigal_proteins	535	232	65.67	14.63	43.36
GCA_000179255.1_ASM17925v1_genomic_prodigal_proteins	2729	GCA_902527915.1_AG-896-G19_genomic_prodigal_proteins	1003	523	67.00	13.92	52.14
GCA_000179255.1_ASM17925v1_genomic_prodigal_proteins	2729	GCA_902635365.1_AG-447-D19_genomic_prodigal_proteins	1690	790	66.87	13.95	46.75
GCA_000179255.1_ASM17925v1_genomic_prodigal_proteins	2729	GCA_900474085.1_UW86_genomic_prodigal_proteins	2403	1637	67.51	13.86	68.12
GCA_000179255.1_ASM17925v1_genomic_prodigal_proteins	2729	GCA_001885215.1_ASM188521v1_genomic_prodigal_proteins	2897	1706	69.37	12.64	62.51
GCA_000179255.1_ASM17925v1_genomic_prodigal_proteins	2729	GCA_902575935.1_AG-426-B22_genomic_prodigal_proteins	254	150	70.71	14.27	59.06
GCA_000179255.1_ASM17925v1_genomic_prodigal_proteins	2729	GCA_900474295.1_UW140_genomic_prodigal_proteins	2925	1724	67.08	13.94	63.17
GCA_000179255.1_ASM17925v1_genomic_prodigal_proteins	2729	GCA_003211565.1_ASM321156v1_genomic_prodigal_proteins	1489	751	66.29	13.99	50.44
GCA_000179255.1_ASM17925v1_genomic_prodigal_proteins	2729	GCA_003526105.1_ASM352610v1_genomic_prodigal_proteins	1581	882	68.13	13.96	55.79
GCA_000179255.1_ASM17925v1_genomic_prodigal_proteins	2729	GCA_002172935.1_ASM217293v1_genomic_prodigal_proteins	1996	1314	66.25	13.79	65.83
GCA_000179255.1_ASM17925v1_genomic_prodigal_proteins	2729	GCA_003210335.1_ASM321033v1_genomic_prodigal_proteins	942	347	63.99	14.54	36.84
GCA_000179255.1_ASM17925v1_genomic_prodigal_proteins	2729	GCA_009846115.1_ASM984611v1_genomic_prodigal_proteins	2048	1046	62.08	12.49	51.07
GCA_000179255.1_ASM17925v1_genomic_prodigal_proteins	2729	GCA_001693295.1_ASM169329v1_genomic_prodigal_proteins	3183	1122	53.73	12.89	41.11
GCA_000179255.1_ASM17925v1_genomic_prodigal_proteins	2729	GCA_900473965.1_UW179A_genomic_prodigal_proteins	3383	1714	66.20	14.03	62.81
GCA_000179255.1_ASM17925v1_genomic_prodigal_proteins	2729	GCA_003213755.1_ASM321375v1_genomic_prodigal_proteins	1050	592	66.37	14.28	56.38
GCA_000179255.1_ASM17925v1_genomic_prodigal_proteins	2729	GCA_003209155.1_ASM320915v1_genomic_prodigal_proteins	2305	1277	66.21	13.85	55.40
GCA_000179255.1_ASM17925v1_genomic_prodigal_proteins	2729	GCA_003211515.1_ASM321151v1_genomic_prodigal_proteins	2451	1079	65.79	14.07	44.02
GCA_000179255.1_ASM17925v1_genomic_prodigal_proteins	2729	GCA_002693285.1_ASM269328v1_genomic_prodigal_proteins	2440	1469	66.40	13.86	60.20
GCA_000179255.1_ASM17925v1_genomic_prodigal_proteins	2729	GCA_003210555.1_ASM321055v1_genomic_prodigal_proteins	1847	974	65.78	13.77	52.73
GCA_000179255.1_ASM17925v1_genomic_prodigal_proteins	2729	GCA_000155595.1_ASM15559v1_genomic_prodigal_proteins	5270	1155	53.28	12.70	42.32
GCA_000179255.1_ASM17925v1_genomic_prodigal_proteins	2729	GCA_001007665.1_ASM100766v1_genomic_prodigal_proteins	2356	1206	61.71	12.52	51.19
GCA_000179255.1_ASM17925v1_genomic_prodigal_proteins	2729	GCA_009919765.1_ASM991976v1_genomic_prodigal_proteins	2524	1172	67.16	13.91	46.43
GCA_000179255.1_ASM17925v1_genomic_prodigal_proteins	2729	GCA_003331225.1_ASM333122v1_genomic_prodigal_proteins	2113	1444	67.14	13.50	68.34
GCA_000179255.1_ASM17925v1_genomic_prodigal_proteins	2729	GCA_900177825.1_IMG-taxon_2708742468_annotated_assembly_genomic_prodigal_proteins	3317	1097	53.93	12.87	40.20
GCA_000179255.1_ASM17925v1_genomic_prodigal_proteins	2729	GCA_000195975.1_ASM19597v1_genomic_prodigal_proteins	2719	1663	67.40	13.66	61.16
GCA_000179255.1_ASM17925v1_genomic_prodigal_proteins	2729	GCA_902618885.1_AG-920-D15_genomic_prodigal_proteins	1178	632	67.73	14.52	53.65
GCA_000179255.1_ASM17925v1_genomic_prodigal_proteins	2729	GCA_003209165.1_ASM320916v1_genomic_prodigal_proteins	2711	1411	66.82	13.90	52.05
GCA_000179255.1_ASM17925v1_genomic_prodigal_proteins	2729	GCA_001007625.1_ASM100762v1_genomic_prodigal_proteins	2478	1059	62.09	12.64	42.74
GCA_000179255.1_ASM17925v1_genomic_prodigal_proteins	2729	GCA_008386235.1_ASM838623v1_genomic_prodigal_proteins	2571	1062	54.02	12.57	41.31
GCA_000179255.1_ASM17925v1_genomic_prodigal_proteins	2729	GCA_001631935.1_ASM163193v1_genomic_prodigal_proteins	3526	1707	66.32	14.02	62.55
GCA_000179255.1_ASM17925v1_genomic_prodigal_proteins	2729	GCA_002151525.1_ASM215152v1_genomic_prodigal_proteins	1628	1158	65.83	13.96	71.13
GCA_000179255.1_ASM17925v1_genomic_prodigal_proteins	2729	GCA_000153065.1_ASM15306v1_genomic_prodigal_proteins	2704	1684	68.29	13.77	62.28
GCA_000179255.1_ASM17925v1_genomic_prodigal_proteins	2729	GCA_009837265.1_ASM983726v1_genomic_prodigal_proteins	2126	1115	62.08	12.45	52.45
GCA_000179255.1_ASM17925v1_genomic_prodigal_proteins	2729	GCA_902533725.1_AG-898-C20_genomic_prodigal_proteins	421	143	67.56	14.02	33.97
GCA_000179255.1_ASM17925v1_genomic_prodigal_proteins	2729	GCA_002171075.2_ASM217107v2_genomic_prodigal_proteins	1919	1247	65.19	13.30	64.98
GCA_000179255.1_ASM17925v1_genomic_prodigal_proteins	2729	GCA_002760395.1_ASM276039v1_genomic_prodigal_proteins	2661	932	53.46	11.75	35.02
GCA_000179255.1_ASM17925v1_genomic_prodigal_proteins	2729	GCA_003209005.1_ASM320900v1_genomic_prodigal_proteins	2548	1400	66.21	13.74	54.95
GCA_000179255.1_ASM17925v1_genomic_prodigal_proteins	2729	GCA_002017915.1_ASM201791v1_genomic_prodigal_proteins	623	325	64.51	13.18	52.17
GCA_000179255.1_ASM17925v1_genomic_prodigal_proteins	2729	GCA_900047545.1_m9_genomic_prodigal_proteins	1575	921	61.80	12.51	58.48
GCA_000179255.1_ASM17925v1_genomic_prodigal_proteins	2729	GCA_001632105.1_ASM163210v1_genomic_prodigal_proteins	3521	1718	66.29	14.04	62.95
GCA_000179255.1_ASM17925v1_genomic_prodigal_proteins	2729	GCA_004212765.1_ASM421276v1_genomic_prodigal_proteins	1162	801	67.25	13.31	68.93
GCA_000179255.1_ASM17925v1_genomic_prodigal_proteins	2729	GCA_002685515.1_ASM268551v1_genomic_prodigal_proteins	1286	874	65.70	13.55	67.96
GCA_000179255.1_ASM17925v1_genomic_prodigal_proteins	2729	GCA_007828135.1_ASM782813v1_genomic_prodigal_proteins	2917	1706	69.38	12.64	62.51
GCA_000179255.1_ASM17925v1_genomic_prodigal_proteins	2729	GCA_011047875.1_ASM1104787v1_genomic_prodigal_proteins	2810	954	53.24	11.89	34.96
GCA_000179255.1_ASM17925v1_genomic_prodigal_proteins	2729	GCA_009840445.1_ASM984044v1_genomic_prodigal_proteins	2167	1208	62.06	12.42	55.75
GCA_000179255.1_ASM17925v1_genomic_prodigal_proteins	2729	GCA_003210995.1_ASM321099v1_genomic_prodigal_proteins	2385	1226	66.35	14.15	51.40
GCA_000179255.1_ASM17925v1_genomic_prodigal_proteins	2729	GCA_902616995.1_AG-919-L20_genomic_prodigal_proteins	654	318	66.99	13.58	48.62
GCA_000179255.1_ASM17925v1_genomic_prodigal_proteins	2729	GCA_009845825.1_ASM984582v1_genomic_prodigal_proteins	2168	1031	62.13	12.41	47.56
GCA_000179255.1_ASM17925v1_genomic_prodigal_proteins	2729	GCA_000515235.1_ASM51523v1_genomic_prodigal_proteins	2873	1644	66.61	13.74	60.24
GCA_000179255.1_ASM17925v1_genomic_prodigal_proteins	2729	GCA_003523965.1_ASM352396v1_genomic_prodigal_proteins	1735	787	62.83	12.77	45.36
GCA_000179255.1_ASM17925v1_genomic_prodigal_proteins	2729	GCA_002684175.1_ASM268417v1_genomic_prodigal_proteins	1819	988	64.64	13.40	54.32
GCA_000179255.1_ASM17925v1_genomic_prodigal_proteins	2729	GCA_011523295.1_ASM1152329v1_genomic_prodigal_proteins	2851	1300	65.57	13.63	47.64
GCA_000179255.1_ASM17925v1_genomic_prodigal_proteins	2729	GCA_003211015.1_ASM321101v1_genomic_prodigal_proteins	2128	1231	66.38	13.63	57.85
GCA_000179255.1_ASM17925v1_genomic_prodigal_proteins	2729	GCA_002006815.1_ASM200681v1_genomic_prodigal_proteins	1973	1430	66.44	13.60	72.48
GCA_002018045.1_ASM201804v1_genomic_prodigal_proteins	1559	GCA_004213055.1_ASM421305v1_genomic_prodigal_proteins	2241	825	62.24	12.77	52.92
GCA_002018045.1_ASM201804v1_genomic_prodigal_proteins	1559	GCA_007571085.1_ASM757108v1_genomic_prodigal_proteins	1784	1043	79.58	9.66	66.90
GCA_002018045.1_ASM201804v1_genomic_prodigal_proteins	1559	GCA_009839805.1_ASM983980v1_genomic_prodigal_proteins	1848	784	86.39	8.10	50.29
GCA_002018045.1_ASM201804v1_genomic_prodigal_proteins	1559	GCA_003210375.1_ASM321037v1_genomic_prodigal_proteins	2155	656	60.77	12.71	42.08
GCA_002018045.1_ASM201804v1_genomic_prodigal_proteins	1559	GCA_004332415.1_ASM433241v1_genomic_prodigal_proteins	2408	921	62.49	12.75	59.08
GCA_002018045.1_ASM201804v1_genomic_prodigal_proteins	1559	GCA_009836025.1_ASM983602v1_genomic_prodigal_proteins	2290	1124	87.26	7.71	72.10
GCA_002018045.1_ASM201804v1_genomic_prodigal_proteins	1559	GCA_009843455.1_ASM984345v1_genomic_prodigal_proteins	2423	1117	87.02	8.08	71.65
GCA_002018045.1_ASM201804v1_genomic_prodigal_proteins	1559	GCA_009843485.1_ASM984348v1_genomic_prodigal_proteins	2158	1122	85.97	9.23	71.97
GCA_002018045.1_ASM201804v1_genomic_prodigal_proteins	1559	GCA_003283135.1_ASM328313v1_genomic_prodigal_proteins	459	61	61.80	13.04	13.29
GCA_002018045.1_ASM201804v1_genomic_prodigal_proteins	1559	GCA_902635485.1_AG-447-G23_genomic_prodigal_proteins	327	48	60.84	15.05	14.68
GCA_002018045.1_ASM201804v1_genomic_prodigal_proteins	1559	GCA_002760415.1_ASM276041v1_genomic_prodigal_proteins	2670	667	53.82	11.53	42.78
GCA_002018045.1_ASM201804v1_genomic_prodigal_proteins	1559	GCA_002754935.1_ASM275493v1_genomic_prodigal_proteins	2664	698	54.80	12.17	44.77
GCA_002018045.1_ASM201804v1_genomic_prodigal_proteins	1559	GCA_002171685.2_ASM217168v2_genomic_prodigal_proteins	811	358	61.23	12.60	44.14
GCA_002018045.1_ASM201804v1_genomic_prodigal_proteins	1559	GCA_000737595.1_ASM73759v1_genomic_prodigal_proteins	2774	915	62.06	12.73	58.69
GCA_002018045.1_ASM201804v1_genomic_prodigal_proteins	1559	GCA_003331785.1_ASM333178v1_genomic_prodigal_proteins	2125	844	61.69	12.70	54.14
GCA_002018045.1_ASM201804v1_genomic_prodigal_proteins	1559	GCA_009842265.1_ASM984226v1_genomic_prodigal_proteins	2398	1112	86.81	8.56	71.33
GCA_002018045.1_ASM201804v1_genomic_prodigal_proteins	1559	GCA_902579345.1_AG-911-L15_genomic_prodigal_proteins	248	44	59.84	15.94	17.74
GCA_002018045.1_ASM201804v1_genomic_prodigal_proteins	1559	GCA_000011345.1_ASM1134v1_genomic_prodigal_proteins	2520	714	54.97	12.12	45.80
GCA_002018045.1_ASM201804v1_genomic_prodigal_proteins	1559	GCA_003210705.1_ASM321070v1_genomic_prodigal_proteins	2244	635	61.47	12.80	40.73
GCA_002018045.1_ASM201804v1_genomic_prodigal_proteins	1559	GCA_000019485.1_ASM1948v1_genomic_prodigal_proteins	3233	727	54.41	12.29	46.63
GCA_002018045.1_ASM201804v1_genomic_prodigal_proteins	1559	GCA_003283055.1_ASM328305v1_genomic_prodigal_proteins	482	20	59.09	15.75	4.15
GCA_002018045.1_ASM201804v1_genomic_prodigal_proteins	1559	GCA_000010065.1_ASM1006v1_genomic_prodigal_proteins	2691	779	56.27	12.59	49.97
GCA_002018045.1_ASM201804v1_genomic_prodigal_proteins	1559	GCA_000316685.1_ASM31668v1_genomic_prodigal_proteins	3706	737	53.83	12.38	47.27
GCA_002018045.1_ASM201804v1_genomic_prodigal_proteins	1559	GCA_000063525.1_ASM6352v1_genomic_prodigal_proteins	2540	945	63.05	12.60	60.62
GCA_002018045.1_ASM201804v1_genomic_prodigal_proteins	1559	GCA_003283165.1_ASM328316v1_genomic_prodigal_proteins	217	46	59.89	13.55	21.20
GCA_002018045.1_ASM201804v1_genomic_prodigal_proteins	1559	GCA_902540675.1_AG-359-E22_genomic_prodigal_proteins	584	165	62.41	14.67	28.25
GCA_002018045.1_ASM201804v1_genomic_prodigal_proteins	1559	GCA_011055065.1_ASM1105506v1_genomic_prodigal_proteins	2792	641	53.81	11.62	41.12
GCA_002018045.1_ASM201804v1_genomic_prodigal_proteins	1559	GCA_000013205.1_ASM1320v1_genomic_prodigal_proteins	2750	674	53.83	11.59	43.23
GCA_002018045.1_ASM201804v1_genomic_prodigal_proteins	1559	GCA_003539795.1_ASM353979v1_genomic_prodigal_proteins	2284	692	60.39	12.03	44.39
GCA_002018045.1_ASM201804v1_genomic_prodigal_proteins	1559	GCA_002171995.1_ASM217199v1_genomic_prodigal_proteins	1978	552	61.50	13.03	35.41
GCA_002018045.1_ASM201804v1_genomic_prodigal_proteins	1559	GCA_011523835.1_ASM1152383v1_genomic_prodigal_proteins	2468	788	61.71	12.74	50.55
GCA_002018045.1_ASM201804v1_genomic_prodigal_proteins	1559	GCA_002172175.1_ASM217217v1_genomic_prodigal_proteins	1846	601	61.68	12.28	38.55
GCA_002018045.1_ASM201804v1_genomic_prodigal_proteins	1559	GCA_003208835.1_ASM320883v1_genomic_prodigal_proteins	2208	687	61.05	13.12	44.07
GCA_002018045.1_ASM201804v1_genomic_prodigal_proteins	1559	GCA_902589915.1_AG-914-F20_genomic_prodigal_proteins	373	80	64.06	12.93	21.45
GCA_002018045.1_ASM201804v1_genomic_prodigal_proteins	1559	GCA_000485815.1_ASM48581v1_genomic_prodigal_proteins	3083	714	54.26	12.36	45.80
GCA_002018045.1_ASM201804v1_genomic_prodigal_proteins	1559	GCA_008807075.1_ASM880707v1_genomic_prodigal_proteins	2925	892	62.91	12.55	57.22
GCA_002018045.1_ASM201804v1_genomic_prodigal_proteins	1559	GCA_000179235.2_ASM17923v2_genomic_prodigal_proteins	3071	943	63.18	12.26	60.49
GCA_002018045.1_ASM201804v1_genomic_prodigal_proteins	1559	GCA_003210795.1_ASM321079v1_genomic_prodigal_proteins	2239	667	61.67	12.48	42.78
GCA_002018045.1_ASM201804v1_genomic_prodigal_proteins	1559	GCA_002706715.1_ASM270671v1_genomic_prodigal_proteins	1148	484	61.66	12.59	42.16
GCA_002018045.1_ASM201804v1_genomic_prodigal_proteins	1559	GCA_003331245.1_ASM333124v1_genomic_prodigal_proteins	2021	759	61.81	12.27	48.69
GCA_002018045.1_ASM201804v1_genomic_prodigal_proteins	1559	GCA_009843385.1_ASM984338v1_genomic_prodigal_proteins	2085	963	86.97	8.56	61.77
GCA_002018045.1_ASM201804v1_genomic_prodigal_proteins	1559	GCA_003211205.1_ASM321120v1_genomic_prodigal_proteins	2288	743	61.71	12.93	47.66
GCA_002018045.1_ASM201804v1_genomic_prodigal_proteins	1559	GCA_000063505.1_ASM6350v1_genomic_prodigal_proteins	2558	908	62.23	12.75	58.24
GCA_002018045.1_ASM201804v1_genomic_prodigal_proteins	1559	GCA_900474245.1_UW179B_genomic_prodigal_proteins	2743	915	61.69	12.75	58.69
GCA_002018045.1_ASM201804v1_genomic_prodigal_proteins	1559	GCA_003210345.1_ASM321034v1_genomic_prodigal_proteins	1256	359	59.16	12.73	28.58
GCA_002018045.1_ASM201804v1_genomic_prodigal_proteins	1559	GCA_003210315.1_ASM321031v1_genomic_prodigal_proteins	1815	542	61.40	12.65	34.77
GCA_002018045.1_ASM201804v1_genomic_prodigal_proteins	1559	GCA_009836155.1_ASM983615v1_genomic_prodigal_proteins	1947	1058	87.19	8.28	67.86
GCA_002018045.1_ASM201804v1_genomic_prodigal_proteins	1559	GCA_003990665.2_ASM399066v2_genomic_prodigal_proteins	2499	716	54.94	12.13	45.93
GCA_002018045.1_ASM201804v1_genomic_prodigal_proteins	1559	GCA_003209135.1_ASM320913v1_genomic_prodigal_proteins	1719	489	60.62	12.96	31.37
GCA_002018045.1_ASM201804v1_genomic_prodigal_proteins	1559	GCA_009845105.1_ASM984510v1_genomic_prodigal_proteins	1941	894	86.50	9.01	57.34
GCA_002018045.1_ASM201804v1_genomic_prodigal_proteins	1559	GCA_002690325.1_ASM269032v1_genomic_prodigal_proteins	2554	830	60.92	12.55	53.24
GCA_002018045.1_ASM201804v1_genomic_prodigal_proteins	1559	GCA_000161795.2_ASM16179v2_genomic_prodigal_proteins	2407	913	62.20	12.62	58.56
GCA_002018045.1_ASM201804v1_genomic_prodigal_proteins	1559	GCA_004211895.1_ASM421189v1_genomic_prodigal_proteins	954	370	62.49	12.72	38.78
GCA_002018045.1_ASM201804v1_genomic_prodigal_proteins	1559	GCA_003210735.1_ASM321073v1_genomic_prodigal_proteins	2337	651	60.76	12.84	41.76
GCA_002018045.1_ASM201804v1_genomic_prodigal_proteins	1559	GCA_003209035.1_ASM320903v1_genomic_prodigal_proteins	1803	516	61.67	13.22	33.10
GCA_002018045.1_ASM201804v1_genomic_prodigal_proteins	1559	GCA_003712085.1_ASM371208v1_genomic_prodigal_proteins	2745	939	61.95	12.68	60.23
GCA_002018045.1_ASM201804v1_genomic_prodigal_proteins	1559	GCA_003212155.1_ASM321215v1_genomic_prodigal_proteins	262	56	64.34	14.50	21.37
GCA_002018045.1_ASM201804v1_genomic_prodigal_proteins	1559	GCA_001040845.1_ASM104084v1_genomic_prodigal_proteins	2917	928	61.32	12.99	59.53
GCA_002018045.1_ASM201804v1_genomic_prodigal_proteins	1559	GCA_002018015.1_ASM201801v1_genomic_prodigal_proteins	1578	1083	98.95	3.81	69.47
GCA_002018045.1_ASM201804v1_genomic_prodigal_proteins	1559	GCA_003211255.1_ASM321125v1_genomic_prodigal_proteins	1850	520	60.57	12.76	33.35
GCA_002018045.1_ASM201804v1_genomic_prodigal_proteins	1559	GCA_002721235.1_ASM272123v1_genomic_prodigal_proteins	3119	728	54.42	12.27	46.70
GCA_002018045.1_ASM201804v1_genomic_prodigal_proteins	1559	GCA_009839305.1_ASM983930v1_genomic_prodigal_proteins	1816	835	86.24	9.32	53.56
GCA_002018045.1_ASM201804v1_genomic_prodigal_proteins	1559	GCA_011365345.1_ASM1136534v1_genomic_prodigal_proteins	2655	912	62.28	12.69	58.50
GCA_002018045.1_ASM201804v1_genomic_prodigal_proteins	1559	GCA_001039265.1_ASM103926v1_genomic_prodigal_proteins	2832	680	64.11	12.18	43.62
GCA_002018045.1_ASM201804v1_genomic_prodigal_proteins	1559	GCA_001628325.1_ASM162832v1_genomic_prodigal_proteins	2129	829	62.41	12.37	53.18
GCA_002018045.1_ASM201804v1_genomic_prodigal_proteins	1559	GCA_003209215.1_ASM320921v1_genomic_prodigal_proteins	1679	453	61.75	12.36	29.06
GCA_002018045.1_ASM201804v1_genomic_prodigal_proteins	1559	GCA_002737305.1_ASM273730v1_genomic_prodigal_proteins	1951	737	63.23	12.29	47.27
GCA_002018045.1_ASM201804v1_genomic_prodigal_proteins	1559	GCA_003210515.1_ASM321051v1_genomic_prodigal_proteins	1673	515	60.95	12.65	33.03
GCA_002018045.1_ASM201804v1_genomic_prodigal_proteins	1559	GCA_011525445.1_ASM1152544v1_genomic_prodigal_proteins	3208	745	60.50	12.43	47.79
GCA_002018045.1_ASM201804v1_genomic_prodigal_proteins	1559	GCA_902599435.1_AG-916-N22_genomic_prodigal_proteins	793	243	63.31	12.42	30.64
GCA_002018045.1_ASM201804v1_genomic_prodigal_proteins	1559	GCA_003149585.1_ASM314958v1_genomic_prodigal_proteins	2600	938	62.91	12.38	60.17
GCA_002018045.1_ASM201804v1_genomic_prodigal_proteins	1559	GCA_902560665.1_AG-905-O11_genomic_prodigal_proteins	401	94	62.60	14.56	23.44
GCA_002018045.1_ASM201804v1_genomic_prodigal_proteins	1559	GCA_003331795.1_ASM333179v1_genomic_prodigal_proteins	1948	777	63.42	12.63	49.84
GCA_002018045.1_ASM201804v1_genomic_prodigal_proteins	1559	GCA_002017955.1_ASM201795v1_genomic_prodigal_proteins	512	333	97.84	6.44	65.04
GCA_002018045.1_ASM201804v1_genomic_prodigal_proteins	1559	GCA_902584485.1_AG-912-O23_genomic_prodigal_proteins	535	116	61.02	14.13	21.68
GCA_002018045.1_ASM201804v1_genomic_prodigal_proteins	1559	GCA_902527915.1_AG-896-G19_genomic_prodigal_proteins	1003	254	63.05	12.91	25.32
GCA_002018045.1_ASM201804v1_genomic_prodigal_proteins	1559	GCA_902635365.1_AG-447-D19_genomic_prodigal_proteins	1690	439	61.69	12.98	28.16
GCA_002018045.1_ASM201804v1_genomic_prodigal_proteins	1559	GCA_900474085.1_UW86_genomic_prodigal_proteins	2403	908	62.37	12.59	58.24
GCA_002018045.1_ASM201804v1_genomic_prodigal_proteins	1559	GCA_001885215.1_ASM188521v1_genomic_prodigal_proteins	2897	944	62.68	12.36	60.55
GCA_002018045.1_ASM201804v1_genomic_prodigal_proteins	1559	GCA_902575935.1_AG-426-B22_genomic_prodigal_proteins	254	100	64.83	14.29	39.37
GCA_002018045.1_ASM201804v1_genomic_prodigal_proteins	1559	GCA_900474295.1_UW140_genomic_prodigal_proteins	2925	921	62.03	12.77	59.08
GCA_002018045.1_ASM201804v1_genomic_prodigal_proteins	1559	GCA_003211565.1_ASM321156v1_genomic_prodigal_proteins	1489	399	62.47	12.41	26.80
GCA_002018045.1_ASM201804v1_genomic_prodigal_proteins	1559	GCA_003526105.1_ASM352610v1_genomic_prodigal_proteins	1581	500	62.76	12.52	32.07
GCA_002018045.1_ASM201804v1_genomic_prodigal_proteins	1559	GCA_002172935.1_ASM217293v1_genomic_prodigal_proteins	1996	704	61.48	12.69	45.16
GCA_002018045.1_ASM201804v1_genomic_prodigal_proteins	1559	GCA_003210335.1_ASM321033v1_genomic_prodigal_proteins	942	151	61.61	13.52	16.03
GCA_002018045.1_ASM201804v1_genomic_prodigal_proteins	1559	GCA_009846115.1_ASM984611v1_genomic_prodigal_proteins	2048	991	85.82	9.42	63.57
GCA_002018045.1_ASM201804v1_genomic_prodigal_proteins	1559	GCA_001693295.1_ASM169329v1_genomic_prodigal_proteins	3183	725	54.44	12.26	46.50
GCA_002018045.1_ASM201804v1_genomic_prodigal_proteins	1559	GCA_900473965.1_UW179A_genomic_prodigal_proteins	3383	914	61.67	12.68	58.63
GCA_002018045.1_ASM201804v1_genomic_prodigal_proteins	1559	GCA_003213755.1_ASM321375v1_genomic_prodigal_proteins	1050	332	62.73	12.51	31.62
GCA_002018045.1_ASM201804v1_genomic_prodigal_proteins	1559	GCA_003209155.1_ASM320915v1_genomic_prodigal_proteins	2305	679	61.84	12.81	43.55
GCA_002018045.1_ASM201804v1_genomic_prodigal_proteins	1559	GCA_003211515.1_ASM321151v1_genomic_prodigal_proteins	2451	577	61.26	12.51	37.01
GCA_002018045.1_ASM201804v1_genomic_prodigal_proteins	1559	GCA_002693285.1_ASM269328v1_genomic_prodigal_proteins	2440	798	61.67	12.69	51.19
GCA_002018045.1_ASM201804v1_genomic_prodigal_proteins	1559	GCA_003210555.1_ASM321055v1_genomic_prodigal_proteins	1847	485	61.08	12.89	31.11
GCA_002018045.1_ASM201804v1_genomic_prodigal_proteins	1559	GCA_000155595.1_ASM15559v1_genomic_prodigal_proteins	5270	746	53.35	12.33	47.85
GCA_002018045.1_ASM201804v1_genomic_prodigal_proteins	1559	GCA_001007665.1_ASM100766v1_genomic_prodigal_proteins	2356	1136	86.48	8.35	72.87
GCA_002018045.1_ASM201804v1_genomic_prodigal_proteins	1559	GCA_009919765.1_ASM991976v1_genomic_prodigal_proteins	2524	645	63.09	12.67	41.37
GCA_002018045.1_ASM201804v1_genomic_prodigal_proteins	1559	GCA_003331225.1_ASM333122v1_genomic_prodigal_proteins	2113	821	63.29	12.55	52.66
GCA_002018045.1_ASM201804v1_genomic_prodigal_proteins	1559	GCA_900177825.1_IMG-taxon_2708742468_annotated_assembly_genomic_prodigal_proteins	3317	717	54.43	12.30	45.99
GCA_002018045.1_ASM201804v1_genomic_prodigal_proteins	1559	GCA_000195975.1_ASM19597v1_genomic_prodigal_proteins	2719	931	62.08	12.62	59.72
GCA_002018045.1_ASM201804v1_genomic_prodigal_proteins	1559	GCA_902618885.1_AG-920-D15_genomic_prodigal_proteins	1178	365	63.18	13.42	30.98
GCA_002018045.1_ASM201804v1_genomic_prodigal_proteins	1559	GCA_003209165.1_ASM320916v1_genomic_prodigal_proteins	2711	795	61.95	12.60	50.99
GCA_002018045.1_ASM201804v1_genomic_prodigal_proteins	1559	GCA_001007625.1_ASM100762v1_genomic_prodigal_proteins	2478	1033	86.90	8.60	66.26
GCA_002018045.1_ASM201804v1_genomic_prodigal_proteins	1559	GCA_008386235.1_ASM838623v1_genomic_prodigal_proteins	2571	726	54.65	12.16	46.57
GCA_002018045.1_ASM201804v1_genomic_prodigal_proteins	1559	GCA_001631935.1_ASM163193v1_genomic_prodigal_proteins	3526	913	61.77	12.76	58.56
GCA_002018045.1_ASM201804v1_genomic_prodigal_proteins	1559	GCA_002151525.1_ASM215152v1_genomic_prodigal_proteins	1628	696	61.58	12.78	44.64
GCA_002018045.1_ASM201804v1_genomic_prodigal_proteins	1559	GCA_000153065.1_ASM15306v1_genomic_prodigal_proteins	2704	921	62.63	12.84	59.08
GCA_002018045.1_ASM201804v1_genomic_prodigal_proteins	1559	GCA_009837265.1_ASM983726v1_genomic_prodigal_proteins	2126	1061	85.92	9.33	68.06
GCA_002018045.1_ASM201804v1_genomic_prodigal_proteins	1559	GCA_902533725.1_AG-898-C20_genomic_prodigal_proteins	421	76	62.42	12.10	18.05
GCA_002018045.1_ASM201804v1_genomic_prodigal_proteins	1559	GCA_002171075.2_ASM217107v2_genomic_prodigal_proteins	1919	702	61.73	12.11	45.03
GCA_002018045.1_ASM201804v1_genomic_prodigal_proteins	1559	GCA_002760395.1_ASM276039v1_genomic_prodigal_proteins	2661	657	53.91	11.59	42.14
GCA_002018045.1_ASM201804v1_genomic_prodigal_proteins	1559	GCA_003209005.1_ASM320900v1_genomic_prodigal_proteins	2548	767	61.48	12.70	49.20
GCA_002018045.1_ASM201804v1_genomic_prodigal_proteins	1559	GCA_002017915.1_ASM201791v1_genomic_prodigal_proteins	623	412	97.47	7.74	66.13
GCA_002018045.1_ASM201804v1_genomic_prodigal_proteins	1559	GCA_900047545.1_m9_genomic_prodigal_proteins	1575	860	85.90	8.16	55.16
GCA_002018045.1_ASM201804v1_genomic_prodigal_proteins	1559	GCA_001632105.1_ASM163210v1_genomic_prodigal_proteins	3521	917	61.68	12.80	58.82
GCA_002018045.1_ASM201804v1_genomic_prodigal_proteins	1559	GCA_004212765.1_ASM421276v1_genomic_prodigal_proteins	1162	429	62.43	12.36	36.92
GCA_002018045.1_ASM201804v1_genomic_prodigal_proteins	1559	GCA_002685515.1_ASM268551v1_genomic_prodigal_proteins	1286	496	60.58	12.55	38.57
GCA_002018045.1_ASM201804v1_genomic_prodigal_proteins	1559	GCA_007828135.1_ASM782813v1_genomic_prodigal_proteins	2917	946	62.65	12.38	60.68
GCA_002018045.1_ASM201804v1_genomic_prodigal_proteins	1559	GCA_011047875.1_ASM1104787v1_genomic_prodigal_proteins	2810	660	53.80	11.66	42.33
GCA_002018045.1_ASM201804v1_genomic_prodigal_proteins	1559	GCA_009840445.1_ASM984044v1_genomic_prodigal_proteins	2167	1155	86.03	8.96	74.09
GCA_002018045.1_ASM201804v1_genomic_prodigal_proteins	1559	GCA_003210995.1_ASM321099v1_genomic_prodigal_proteins	2385	657	61.85	13.00	42.14
GCA_002018045.1_ASM201804v1_genomic_prodigal_proteins	1559	GCA_902616995.1_AG-919-L20_genomic_prodigal_proteins	654	177	61.45	13.22	27.06
GCA_002018045.1_ASM201804v1_genomic_prodigal_proteins	1559	GCA_009845825.1_ASM984582v1_genomic_prodigal_proteins	2168	998	87.26	8.01	64.02
GCA_002018045.1_ASM201804v1_genomic_prodigal_proteins	1559	GCA_000515235.1_ASM51523v1_genomic_prodigal_proteins	2873	910	61.83	12.63	58.37
GCA_002018045.1_ASM201804v1_genomic_prodigal_proteins	1559	GCA_003523965.1_ASM352396v1_genomic_prodigal_proteins	1735	786	85.74	9.07	50.42
GCA_002018045.1_ASM201804v1_genomic_prodigal_proteins	1559	GCA_002684175.1_ASM268417v1_genomic_prodigal_proteins	1819	567	59.95	12.41	36.37
GCA_002018045.1_ASM201804v1_genomic_prodigal_proteins	1559	GCA_011523295.1_ASM1152329v1_genomic_prodigal_proteins	2851	691	60.37	12.44	44.32
GCA_002018045.1_ASM201804v1_genomic_prodigal_proteins	1559	GCA_003211015.1_ASM321101v1_genomic_prodigal_proteins	2128	674	61.04	12.65	43.23
GCA_002018045.1_ASM201804v1_genomic_prodigal_proteins	1559	GCA_002006815.1_ASM200681v1_genomic_prodigal_proteins	1973	828	62.57	12.42	53.11
GCA_007571215.1_ASM757121v1_genomic_prodigal_proteins	1879	GCA_001007635.1_ASM100763v1_genomic_prodigal_proteins	2333	1274	78.76	10.09	67.80
GCA_007571215.1_ASM757121v1_genomic_prodigal_proteins	1879	GCA_000179255.1_ASM17925v1_genomic_prodigal_proteins	2729	1181	61.61	12.52	62.85
GCA_007571215.1_ASM757121v1_genomic_prodigal_proteins	1879	GCA_003208975.1_ASM320897v1_genomic_prodigal_proteins	1804	588	59.61	12.90	32.59
GCA_007571215.1_ASM757121v1_genomic_prodigal_proteins	1879	GCA_012103655.1_ASM1210365v1_genomic_prodigal_proteins	2723	1156	60.52	12.86	61.52
GCA_007571215.1_ASM757121v1_genomic_prodigal_proteins	1879	GCA_902582045.1_AG-912-B07_genomic_prodigal_proteins	196	40	57.70	13.26	20.41
GCA_007571215.1_ASM757121v1_genomic_prodigal_proteins	1879	GCA_000153045.1_ASM15304v1_genomic_prodigal_proteins	3242	1183	61.94	12.50	62.96
GCA_007571215.1_ASM757121v1_genomic_prodigal_proteins	1879	GCA_902549675.1_AG-903-B09_genomic_prodigal_proteins	836	303	60.50	13.72	36.24
GCA_007571215.1_ASM757121v1_genomic_prodigal_proteins	1879	GCA_002018045.1_ASM201804v1_genomic_prodigal_proteins	1559	1069	79.32	10.15	68.57
GCA_007571215.1_ASM757121v1_genomic_prodigal_proteins	1879	GCA_004213055.1_ASM421305v1_genomic_prodigal_proteins	2241	1044	61.09	12.99	55.56
GCA_007571215.1_ASM757121v1_genomic_prodigal_proteins	1879	GCA_007571085.1_ASM757108v1_genomic_prodigal_proteins	1784	1556	99.56	1.71	87.22
GCA_007571215.1_ASM757121v1_genomic_prodigal_proteins	1879	GCA_009839805.1_ASM983980v1_genomic_prodigal_proteins	1848	961	77.82	9.87	52.00
GCA_007571215.1_ASM757121v1_genomic_prodigal_proteins	1879	GCA_003210375.1_ASM321037v1_genomic_prodigal_proteins	2155	862	59.54	12.83	45.88
GCA_007571215.1_ASM757121v1_genomic_prodigal_proteins	1879	GCA_004332415.1_ASM433241v1_genomic_prodigal_proteins	2408	1160	61.20	13.03	61.73
GCA_007571215.1_ASM757121v1_genomic_prodigal_proteins	1879	GCA_009836025.1_ASM983602v1_genomic_prodigal_proteins	2290	1394	79.10	9.89	74.19
GCA_007571215.1_ASM757121v1_genomic_prodigal_proteins	1879	GCA_009843455.1_ASM984345v1_genomic_prodigal_proteins	2423	1368	78.95	9.99	72.80
GCA_007571215.1_ASM757121v1_genomic_prodigal_proteins	1879	GCA_009843485.1_ASM984348v1_genomic_prodigal_proteins	2158	1384	78.95	9.92	73.66
GCA_007571215.1_ASM757121v1_genomic_prodigal_proteins	1879	GCA_003283135.1_ASM328313v1_genomic_prodigal_proteins	459	85	60.24	13.25	18.52
GCA_007571215.1_ASM757121v1_genomic_prodigal_proteins	1879	GCA_902635485.1_AG-447-G23_genomic_prodigal_proteins	327	63	61.56	15.11	19.27
GCA_007571215.1_ASM757121v1_genomic_prodigal_proteins	1879	GCA_002760415.1_ASM276041v1_genomic_prodigal_proteins	2670	812	53.06	11.66	43.21
GCA_007571215.1_ASM757121v1_genomic_prodigal_proteins	1879	GCA_002754935.1_ASM275493v1_genomic_prodigal_proteins	2664	860	53.83	12.15	45.77
GCA_007571215.1_ASM757121v1_genomic_prodigal_proteins	1879	GCA_002171685.2_ASM217168v2_genomic_prodigal_proteins	811	455	60.28	12.61	56.10
GCA_007571215.1_ASM757121v1_genomic_prodigal_proteins	1879	GCA_000737595.1_ASM73759v1_genomic_prodigal_proteins	2774	1171	60.65	12.93	62.32
GCA_007571215.1_ASM757121v1_genomic_prodigal_proteins	1879	GCA_003331785.1_ASM333178v1_genomic_prodigal_proteins	2125	1083	60.57	12.86	57.64
GCA_007571215.1_ASM757121v1_genomic_prodigal_proteins	1879	GCA_009842265.1_ASM984226v1_genomic_prodigal_proteins	2398	1394	78.97	10.12	74.19
GCA_007571215.1_ASM757121v1_genomic_prodigal_proteins	1879	GCA_902579345.1_AG-911-L15_genomic_prodigal_proteins	248	57	59.11	14.97	22.98
GCA_007571215.1_ASM757121v1_genomic_prodigal_proteins	1879	GCA_000011345.1_ASM1134v1_genomic_prodigal_proteins	2520	885	54.24	12.15	47.10
GCA_007571215.1_ASM757121v1_genomic_prodigal_proteins	1879	GCA_003210705.1_ASM321070v1_genomic_prodigal_proteins	2244	826	59.85	13.13	43.96
GCA_007571215.1_ASM757121v1_genomic_prodigal_proteins	1879	GCA_000019485.1_ASM1948v1_genomic_prodigal_proteins	3233	905	53.25	12.33	48.16
GCA_007571215.1_ASM757121v1_genomic_prodigal_proteins	1879	GCA_003283055.1_ASM328305v1_genomic_prodigal_proteins	482	34	58.59	15.20	7.05
GCA_007571215.1_ASM757121v1_genomic_prodigal_proteins	1879	GCA_000010065.1_ASM1006v1_genomic_prodigal_proteins	2691	970	55.22	12.61	51.62
GCA_007571215.1_ASM757121v1_genomic_prodigal_proteins	1879	GCA_000316685.1_ASM31668v1_genomic_prodigal_proteins	3706	913	53.30	12.28	48.59
GCA_007571215.1_ASM757121v1_genomic_prodigal_proteins	1879	GCA_000063525.1_ASM6352v1_genomic_prodigal_proteins	2540	1196	61.87	12.60	63.65
GCA_007571215.1_ASM757121v1_genomic_prodigal_proteins	1879	GCA_003283165.1_ASM328316v1_genomic_prodigal_proteins	217	52	57.48	13.49	23.96
GCA_007571215.1_ASM757121v1_genomic_prodigal_proteins	1879	GCA_902540675.1_AG-359-E22_genomic_prodigal_proteins	584	189	62.25	15.05	32.36
GCA_007571215.1_ASM757121v1_genomic_prodigal_proteins	1879	GCA_011055065.1_ASM1105506v1_genomic_prodigal_proteins	2792	788	52.80	11.94	41.94
GCA_007571215.1_ASM757121v1_genomic_prodigal_proteins	1879	GCA_000013205.1_ASM1320v1_genomic_prodigal_proteins	2750	832	52.93	11.71	44.28
GCA_007571215.1_ASM757121v1_genomic_prodigal_proteins	1879	GCA_003539795.1_ASM353979v1_genomic_prodigal_proteins	2284	869	59.54	12.33	46.25
GCA_007571215.1_ASM757121v1_genomic_prodigal_proteins	1879	GCA_002171995.1_ASM217199v1_genomic_prodigal_proteins	1978	674	60.31	13.06	35.87
GCA_007571215.1_ASM757121v1_genomic_prodigal_proteins	1879	GCA_011523835.1_ASM1152383v1_genomic_prodigal_proteins	2468	986	60.59	12.81	52.47
GCA_007571215.1_ASM757121v1_genomic_prodigal_proteins	1879	GCA_002172175.1_ASM217217v1_genomic_prodigal_proteins	1846	738	60.49	12.18	39.98
GCA_007571215.1_ASM757121v1_genomic_prodigal_proteins	1879	GCA_003208835.1_ASM320883v1_genomic_prodigal_proteins	2208	855	60.35	13.12	45.50
GCA_007571215.1_ASM757121v1_genomic_prodigal_proteins	1879	GCA_902589915.1_AG-914-F20_genomic_prodigal_proteins	373	88	62.15	12.90	23.59
GCA_007571215.1_ASM757121v1_genomic_prodigal_proteins	1879	GCA_000485815.1_ASM48581v1_genomic_prodigal_proteins	3083	869	53.57	12.36	46.25
GCA_007571215.1_ASM757121v1_genomic_prodigal_proteins	1879	GCA_008807075.1_ASM880707v1_genomic_prodigal_proteins	2925	1123	61.40	12.80	59.77
GCA_007571215.1_ASM757121v1_genomic_prodigal_proteins	1879	GCA_000179235.2_ASM17923v2_genomic_prodigal_proteins	3071	1188	61.94	12.49	63.23
GCA_007571215.1_ASM757121v1_genomic_prodigal_proteins	1879	GCA_003210795.1_ASM321079v1_genomic_prodigal_proteins	2239	873	60.21	12.73	46.46
GCA_007571215.1_ASM757121v1_genomic_prodigal_proteins	1879	GCA_002706715.1_ASM270671v1_genomic_prodigal_proteins	1148	625	60.26	13.13	54.44
GCA_007571215.1_ASM757121v1_genomic_prodigal_proteins	1879	GCA_003331245.1_ASM333124v1_genomic_prodigal_proteins	2021	955	60.72	12.41	50.82
GCA_007571215.1_ASM757121v1_genomic_prodigal_proteins	1879	GCA_009843385.1_ASM984338v1_genomic_prodigal_proteins	2085	1172	79.03	10.30	62.37
GCA_007571215.1_ASM757121v1_genomic_prodigal_proteins	1879	GCA_003211205.1_ASM321120v1_genomic_prodigal_proteins	2288	893	60.30	13.16	47.53
GCA_007571215.1_ASM757121v1_genomic_prodigal_proteins	1879	GCA_000063505.1_ASM6350v1_genomic_prodigal_proteins	2558	1145	60.76	13.06	60.94
GCA_007571215.1_ASM757121v1_genomic_prodigal_proteins	1879	GCA_900474245.1_UW179B_genomic_prodigal_proteins	2743	1168	60.41	13.05	62.16
GCA_007571215.1_ASM757121v1_genomic_prodigal_proteins	1879	GCA_003210345.1_ASM321034v1_genomic_prodigal_proteins	1256	458	58.65	12.79	36.46
GCA_007571215.1_ASM757121v1_genomic_prodigal_proteins	1879	GCA_003210315.1_ASM321031v1_genomic_prodigal_proteins	1815	684	59.86	13.04	37.69
GCA_007571215.1_ASM757121v1_genomic_prodigal_proteins	1879	GCA_009836155.1_ASM983615v1_genomic_prodigal_proteins	1947	1310	79.32	9.71	69.72
GCA_007571215.1_ASM757121v1_genomic_prodigal_proteins	1879	GCA_003990665.2_ASM399066v2_genomic_prodigal_proteins	2499	885	54.24	12.15	47.10
GCA_007571215.1_ASM757121v1_genomic_prodigal_proteins	1879	GCA_003209135.1_ASM320913v1_genomic_prodigal_proteins	1719	606	59.73	12.94	35.25
GCA_007571215.1_ASM757121v1_genomic_prodigal_proteins	1879	GCA_009845105.1_ASM984510v1_genomic_prodigal_proteins	1941	1124	78.71	10.20	59.82
GCA_007571215.1_ASM757121v1_genomic_prodigal_proteins	1879	GCA_002690325.1_ASM269032v1_genomic_prodigal_proteins	2554	1053	59.70	12.87	56.04
GCA_007571215.1_ASM757121v1_genomic_prodigal_proteins	1879	GCA_000161795.2_ASM16179v2_genomic_prodigal_proteins	2407	1159	60.87	12.89	61.68
GCA_007571215.1_ASM757121v1_genomic_prodigal_proteins	1879	GCA_004211895.1_ASM421189v1_genomic_prodigal_proteins	954	485	61.10	12.74	50.84
GCA_007571215.1_ASM757121v1_genomic_prodigal_proteins	1879	GCA_003210735.1_ASM321073v1_genomic_prodigal_proteins	2337	849	59.89	12.98	45.18
GCA_007571215.1_ASM757121v1_genomic_prodigal_proteins	1879	GCA_003209035.1_ASM320903v1_genomic_prodigal_proteins	1803	632	60.13	13.10	35.05
GCA_007571215.1_ASM757121v1_genomic_prodigal_proteins	1879	GCA_003712085.1_ASM371208v1_genomic_prodigal_proteins	2745	1170	60.88	12.96	62.27
GCA_007571215.1_ASM757121v1_genomic_prodigal_proteins	1879	GCA_003212155.1_ASM321215v1_genomic_prodigal_proteins	262	77	59.18	15.77	29.39
GCA_007571215.1_ASM757121v1_genomic_prodigal_proteins	1879	GCA_001040845.1_ASM104084v1_genomic_prodigal_proteins	2917	1166	60.37	12.88	62.05
GCA_007571215.1_ASM757121v1_genomic_prodigal_proteins	1879	GCA_002018015.1_ASM201801v1_genomic_prodigal_proteins	1578	1054	79.17	10.24	66.79
GCA_007571215.1_ASM757121v1_genomic_prodigal_proteins	1879	GCA_003211255.1_ASM321125v1_genomic_prodigal_proteins	1850	650	59.55	12.94	35.14
GCA_007571215.1_ASM757121v1_genomic_prodigal_proteins	1879	GCA_002721235.1_ASM272123v1_genomic_prodigal_proteins	3119	901	53.45	12.30	47.95
GCA_007571215.1_ASM757121v1_genomic_prodigal_proteins	1879	GCA_009839305.1_ASM983930v1_genomic_prodigal_proteins	1816	1041	79.26	10.01	57.32
GCA_007571215.1_ASM757121v1_genomic_prodigal_proteins	1879	GCA_011365345.1_ASM1136534v1_genomic_prodigal_proteins	2655	1165	60.81	12.95	62.00
GCA_007571215.1_ASM757121v1_genomic_prodigal_proteins	1879	GCA_001039265.1_ASM103926v1_genomic_prodigal_proteins	2832	810	63.35	12.61	43.11
GCA_007571215.1_ASM757121v1_genomic_prodigal_proteins	1879	GCA_001628325.1_ASM162832v1_genomic_prodigal_proteins	2129	1059	60.96	12.74	56.36
GCA_007571215.1_ASM757121v1_genomic_prodigal_proteins	1879	GCA_003209215.1_ASM320921v1_genomic_prodigal_proteins	1679	588	60.37	12.88	35.02
GCA_007571215.1_ASM757121v1_genomic_prodigal_proteins	1879	GCA_002737305.1_ASM273730v1_genomic_prodigal_proteins	1951	930	62.14	12.55	49.49
GCA_007571215.1_ASM757121v1_genomic_prodigal_proteins	1879	GCA_003210515.1_ASM321051v1_genomic_prodigal_proteins	1673	652	59.87	13.15	38.97
GCA_007571215.1_ASM757121v1_genomic_prodigal_proteins	1879	GCA_011525445.1_ASM1152544v1_genomic_prodigal_proteins	3208	952	59.24	12.72	50.67
GCA_007571215.1_ASM757121v1_genomic_prodigal_proteins	1879	GCA_902599435.1_AG-916-N22_genomic_prodigal_proteins	793	281	61.96	12.86	35.44
GCA_007571215.1_ASM757121v1_genomic_prodigal_proteins	1879	GCA_003149585.1_ASM314958v1_genomic_prodigal_proteins	2600	1183	61.69	12.43	62.96
GCA_007571215.1_ASM757121v1_genomic_prodigal_proteins	1879	GCA_902560665.1_AG-905-O11_genomic_prodigal_proteins	401	113	60.45	14.15	28.18
GCA_007571215.1_ASM757121v1_genomic_prodigal_proteins	1879	GCA_003331795.1_ASM333179v1_genomic_prodigal_proteins	1948	960	61.99	12.59	51.09
GCA_007571215.1_ASM757121v1_genomic_prodigal_proteins	1879	GCA_002017955.1_ASM201795v1_genomic_prodigal_proteins	512	296	78.31	10.23	57.81
GCA_007571215.1_ASM757121v1_genomic_prodigal_proteins	1879	GCA_902584485.1_AG-912-O23_genomic_prodigal_proteins	535	148	59.51	13.58	27.66
GCA_007571215.1_ASM757121v1_genomic_prodigal_proteins	1879	GCA_902527915.1_AG-896-G19_genomic_prodigal_proteins	1003	352	61.88	13.08	35.09
GCA_007571215.1_ASM757121v1_genomic_prodigal_proteins	1879	GCA_902635365.1_AG-447-D19_genomic_prodigal_proteins	1690	553	60.20	13.27	32.72
GCA_007571215.1_ASM757121v1_genomic_prodigal_proteins	1879	GCA_900474085.1_UW86_genomic_prodigal_proteins	2403	1165	60.75	12.98	62.00
GCA_007571215.1_ASM757121v1_genomic_prodigal_proteins	1879	GCA_001885215.1_ASM188521v1_genomic_prodigal_proteins	2897	1190	61.49	12.56	63.33
GCA_007571215.1_ASM757121v1_genomic_prodigal_proteins	1879	GCA_902575935.1_AG-426-B22_genomic_prodigal_proteins	254	112	63.02	14.79	44.09
GCA_007571215.1_ASM757121v1_genomic_prodigal_proteins	1879	GCA_900474295.1_UW140_genomic_prodigal_proteins	2925	1157	61.00	12.87	61.58
GCA_007571215.1_ASM757121v1_genomic_prodigal_proteins	1879	GCA_003211565.1_ASM321156v1_genomic_prodigal_proteins	1489	504	60.61	12.93	33.85
GCA_007571215.1_ASM757121v1_genomic_prodigal_proteins	1879	GCA_003526105.1_ASM352610v1_genomic_prodigal_proteins	1581	635	61.84	12.68	40.16
GCA_007571215.1_ASM757121v1_genomic_prodigal_proteins	1879	GCA_002172935.1_ASM217293v1_genomic_prodigal_proteins	1996	897	60.16	12.82	47.74
GCA_007571215.1_ASM757121v1_genomic_prodigal_proteins	1879	GCA_003210335.1_ASM321033v1_genomic_prodigal_proteins	942	207	59.15	13.60	21.97
GCA_007571215.1_ASM757121v1_genomic_prodigal_proteins	1879	GCA_009846115.1_ASM984611v1_genomic_prodigal_proteins	2048	1231	78.87	10.04	65.51
GCA_007571215.1_ASM757121v1_genomic_prodigal_proteins	1879	GCA_001693295.1_ASM169329v1_genomic_prodigal_proteins	3183	898	53.38	12.30	47.79
GCA_007571215.1_ASM757121v1_genomic_prodigal_proteins	1879	GCA_900473965.1_UW179A_genomic_prodigal_proteins	3383	1145	60.44	13.01	60.94
GCA_007571215.1_ASM757121v1_genomic_prodigal_proteins	1879	GCA_003213755.1_ASM321375v1_genomic_prodigal_proteins	1050	410	61.37	12.80	39.05
GCA_007571215.1_ASM757121v1_genomic_prodigal_proteins	1879	GCA_003209155.1_ASM320915v1_genomic_prodigal_proteins	2305	860	60.56	12.87	45.77
GCA_007571215.1_ASM757121v1_genomic_prodigal_proteins	1879	GCA_003211515.1_ASM321151v1_genomic_prodigal_proteins	2451	731	60.33	12.53	38.90
GCA_007571215.1_ASM757121v1_genomic_prodigal_proteins	1879	GCA_002693285.1_ASM269328v1_genomic_prodigal_proteins	2440	1009	60.39	13.04	53.70
GCA_007571215.1_ASM757121v1_genomic_prodigal_proteins	1879	GCA_003210555.1_ASM321055v1_genomic_prodigal_proteins	1847	617	59.78	13.08	33.41
GCA_007571215.1_ASM757121v1_genomic_prodigal_proteins	1879	GCA_000155595.1_ASM15559v1_genomic_prodigal_proteins	5270	927	52.55	12.13	49.33
GCA_007571215.1_ASM757121v1_genomic_prodigal_proteins	1879	GCA_001007665.1_ASM100766v1_genomic_prodigal_proteins	2356	1410	78.90	9.88	75.04
GCA_007571215.1_ASM757121v1_genomic_prodigal_proteins	1879	GCA_009919765.1_ASM991976v1_genomic_prodigal_proteins	2524	802	61.92	12.68	42.68
GCA_007571215.1_ASM757121v1_genomic_prodigal_proteins	1879	GCA_003331225.1_ASM333122v1_genomic_prodigal_proteins	2113	1032	62.15	12.46	54.92
GCA_007571215.1_ASM757121v1_genomic_prodigal_proteins	1879	GCA_900177825.1_IMG-taxon_2708742468_annotated_assembly_genomic_prodigal_proteins	3317	895	53.24	12.34	47.63
GCA_007571215.1_ASM757121v1_genomic_prodigal_proteins	1879	GCA_000195975.1_ASM19597v1_genomic_prodigal_proteins	2719	1161	60.96	12.89	61.79
GCA_007571215.1_ASM757121v1_genomic_prodigal_proteins	1879	GCA_902618885.1_AG-920-D15_genomic_prodigal_proteins	1178	428	61.72	13.70	36.33
GCA_007571215.1_ASM757121v1_genomic_prodigal_proteins	1879	GCA_003209165.1_ASM320916v1_genomic_prodigal_proteins	2711	993	60.67	12.89	52.85
GCA_007571215.1_ASM757121v1_genomic_prodigal_proteins	1879	GCA_001007625.1_ASM100762v1_genomic_prodigal_proteins	2478	1260	79.11	10.28	67.06
GCA_007571215.1_ASM757121v1_genomic_prodigal_proteins	1879	GCA_008386235.1_ASM838623v1_genomic_prodigal_proteins	2571	883	54.03	12.21	46.99
GCA_007571215.1_ASM757121v1_genomic_prodigal_proteins	1879	GCA_001631935.1_ASM163193v1_genomic_prodigal_proteins	3526	1146	60.46	12.98	60.99
GCA_007571215.1_ASM757121v1_genomic_prodigal_proteins	1879	GCA_002151525.1_ASM215152v1_genomic_prodigal_proteins	1628	838	60.87	12.95	51.47
GCA_007571215.1_ASM757121v1_genomic_prodigal_proteins	1879	GCA_000153065.1_ASM15306v1_genomic_prodigal_proteins	2704	1145	61.53	12.86	60.94
GCA_007571215.1_ASM757121v1_genomic_prodigal_proteins	1879	GCA_009837265.1_ASM983726v1_genomic_prodigal_proteins	2126	1305	78.89	9.89	69.45
GCA_007571215.1_ASM757121v1_genomic_prodigal_proteins	1879	GCA_902533725.1_AG-898-C20_genomic_prodigal_proteins	421	97	61.70	14.09	23.04
GCA_007571215.1_ASM757121v1_genomic_prodigal_proteins	1879	GCA_002171075.2_ASM217107v2_genomic_prodigal_proteins	1919	887	60.44	12.22	47.21
GCA_007571215.1_ASM757121v1_genomic_prodigal_proteins	1879	GCA_002760395.1_ASM276039v1_genomic_prodigal_proteins	2661	803	53.07	11.70	42.74
GCA_007571215.1_ASM757121v1_genomic_prodigal_proteins	1879	GCA_003209005.1_ASM320900v1_genomic_prodigal_proteins	2548	942	60.25	13.03	50.13
GCA_007571215.1_ASM757121v1_genomic_prodigal_proteins	1879	GCA_002017915.1_ASM201791v1_genomic_prodigal_proteins	623	381	80.22	10.75	61.16
GCA_007571215.1_ASM757121v1_genomic_prodigal_proteins	1879	GCA_900047545.1_m9_genomic_prodigal_proteins	1575	1068	78.93	9.57	67.81
GCA_007571215.1_ASM757121v1_genomic_prodigal_proteins	1879	GCA_001632105.1_ASM163210v1_genomic_prodigal_proteins	3521	1150	60.45	13.01	61.20
GCA_007571215.1_ASM757121v1_genomic_prodigal_proteins	1879	GCA_004212765.1_ASM421276v1_genomic_prodigal_proteins	1162	577	60.48	12.70	49.66
GCA_007571215.1_ASM757121v1_genomic_prodigal_proteins	1879	GCA_002685515.1_ASM268551v1_genomic_prodigal_proteins	1286	605	59.78	12.66	47.05
GCA_007571215.1_ASM757121v1_genomic_prodigal_proteins	1879	GCA_007828135.1_ASM782813v1_genomic_prodigal_proteins	2917	1190	61.49	12.56	63.33
GCA_007571215.1_ASM757121v1_genomic_prodigal_proteins	1879	GCA_011047875.1_ASM1104787v1_genomic_prodigal_proteins	2810	816	52.89	11.89	43.43
GCA_007571215.1_ASM757121v1_genomic_prodigal_proteins	1879	GCA_009840445.1_ASM984044v1_genomic_prodigal_proteins	2167	1413	78.92	9.89	75.20
GCA_007571215.1_ASM757121v1_genomic_prodigal_proteins	1879	GCA_003210995.1_ASM321099v1_genomic_prodigal_proteins	2385	829	60.48	13.29	44.12
GCA_007571215.1_ASM757121v1_genomic_prodigal_proteins	1879	GCA_902616995.1_AG-919-L20_genomic_prodigal_proteins	654	201	59.75	13.52	30.73
GCA_007571215.1_ASM757121v1_genomic_prodigal_proteins	1879	GCA_009845825.1_ASM984582v1_genomic_prodigal_proteins	2168	1219	79.28	9.82	64.87
GCA_007571215.1_ASM757121v1_genomic_prodigal_proteins	1879	GCA_000515235.1_ASM51523v1_genomic_prodigal_proteins	2873	1155	60.72	12.85	61.47
GCA_007571215.1_ASM757121v1_genomic_prodigal_proteins	1879	GCA_003523965.1_ASM352396v1_genomic_prodigal_proteins	1735	949	78.65	10.12	54.70
GCA_007571215.1_ASM757121v1_genomic_prodigal_proteins	1879	GCA_002684175.1_ASM268417v1_genomic_prodigal_proteins	1819	707	58.73	12.68	38.87
GCA_007571215.1_ASM757121v1_genomic_prodigal_proteins	1879	GCA_011523295.1_ASM1152329v1_genomic_prodigal_proteins	2851	876	59.30	12.51	46.62
GCA_007571215.1_ASM757121v1_genomic_prodigal_proteins	1879	GCA_003211015.1_ASM321101v1_genomic_prodigal_proteins	2128	836	59.87	12.81	44.49
GCA_007571215.1_ASM757121v1_genomic_prodigal_proteins	1879	GCA_002006815.1_ASM200681v1_genomic_prodigal_proteins	1973	1052	61.23	12.72	55.99
GCA_007571085.1_ASM757108v1_genomic_prodigal_proteins	1784	GCA_009839805.1_ASM983980v1_genomic_prodigal_proteins	1848	947	77.83	10.05	53.08
GCA_007571085.1_ASM757108v1_genomic_prodigal_proteins	1784	GCA_003210375.1_ASM321037v1_genomic_prodigal_proteins	2155	844	59.59	12.87	47.31
GCA_007571085.1_ASM757108v1_genomic_prodigal_proteins	1784	GCA_004332415.1_ASM433241v1_genomic_prodigal_proteins	2408	1131	61.24	13.03	63.40
GCA_007571085.1_ASM757108v1_genomic_prodigal_proteins	1784	GCA_009836025.1_ASM983602v1_genomic_prodigal_proteins	2290	1361	79.12	9.86	76.29
GCA_007571085.1_ASM757108v1_genomic_prodigal_proteins	1784	GCA_009843455.1_ASM984345v1_genomic_prodigal_proteins	2423	1344	79.02	9.97	75.34
GCA_007571085.1_ASM757108v1_genomic_prodigal_proteins	1784	GCA_009843485.1_ASM984348v1_genomic_prodigal_proteins	2158	1366	78.99	9.96	76.57
GCA_007571085.1_ASM757108v1_genomic_prodigal_proteins	1784	GCA_003283135.1_ASM328313v1_genomic_prodigal_proteins	459	83	60.67	13.09	18.08
GCA_007571085.1_ASM757108v1_genomic_prodigal_proteins	1784	GCA_902635485.1_AG-447-G23_genomic_prodigal_proteins	327	64	61.97	15.13	19.57
GCA_007571085.1_ASM757108v1_genomic_prodigal_proteins	1784	GCA_002760415.1_ASM276041v1_genomic_prodigal_proteins	2670	792	53.13	11.70	44.39
GCA_007571085.1_ASM757108v1_genomic_prodigal_proteins	1784	GCA_002754935.1_ASM275493v1_genomic_prodigal_proteins	2664	847	53.92	12.13	47.48
GCA_007571085.1_ASM757108v1_genomic_prodigal_proteins	1784	GCA_002171685.2_ASM217168v2_genomic_prodigal_proteins	811	450	60.26	12.75	55.49
GCA_007571085.1_ASM757108v1_genomic_prodigal_proteins	1784	GCA_000737595.1_ASM73759v1_genomic_prodigal_proteins	2774	1151	60.67	12.97	64.52
GCA_007571085.1_ASM757108v1_genomic_prodigal_proteins	1784	GCA_003331785.1_ASM333178v1_genomic_prodigal_proteins	2125	1061	60.48	12.95	59.47
GCA_007571085.1_ASM757108v1_genomic_prodigal_proteins	1784	GCA_009842265.1_ASM984226v1_genomic_prodigal_proteins	2398	1362	79.02	10.04	76.35
GCA_007571085.1_ASM757108v1_genomic_prodigal_proteins	1784	GCA_902579345.1_AG-911-L15_genomic_prodigal_proteins	248	58	58.74	15.10	23.39
GCA_007571085.1_ASM757108v1_genomic_prodigal_proteins	1784	GCA_000011345.1_ASM1134v1_genomic_prodigal_proteins	2520	864	54.34	12.15	48.43
GCA_007571085.1_ASM757108v1_genomic_prodigal_proteins	1784	GCA_003210705.1_ASM321070v1_genomic_prodigal_proteins	2244	814	59.84	13.25	45.63
GCA_007571085.1_ASM757108v1_genomic_prodigal_proteins	1784	GCA_000019485.1_ASM1948v1_genomic_prodigal_proteins	3233	893	53.20	12.39	50.06
GCA_007571085.1_ASM757108v1_genomic_prodigal_proteins	1784	GCA_003283055.1_ASM328305v1_genomic_prodigal_proteins	482	35	59.89	15.78	7.26
GCA_007571085.1_ASM757108v1_genomic_prodigal_proteins	1784	GCA_000010065.1_ASM1006v1_genomic_prodigal_proteins	2691	950	55.25	12.60	53.25
GCA_007571085.1_ASM757108v1_genomic_prodigal_proteins	1784	GCA_000316685.1_ASM31668v1_genomic_prodigal_proteins	3706	895	53.34	12.39	50.17
GCA_007571085.1_ASM757108v1_genomic_prodigal_proteins	1784	GCA_000063525.1_ASM6352v1_genomic_prodigal_proteins	2540	1176	61.80	12.63	65.92
GCA_007571085.1_ASM757108v1_genomic_prodigal_proteins	1784	GCA_003283165.1_ASM328316v1_genomic_prodigal_proteins	217	53	58.94	12.76	24.42
GCA_007571085.1_ASM757108v1_genomic_prodigal_proteins	1784	GCA_902540675.1_AG-359-E22_genomic_prodigal_proteins	584	184	62.30	14.88	31.51
GCA_007571085.1_ASM757108v1_genomic_prodigal_proteins	1784	GCA_011055065.1_ASM1105506v1_genomic_prodigal_proteins	2792	776	52.84	11.95	43.50
GCA_007571085.1_ASM757108v1_genomic_prodigal_proteins	1784	GCA_000013205.1_ASM1320v1_genomic_prodigal_proteins	2750	814	52.95	11.76	45.63
GCA_007571085.1_ASM757108v1_genomic_prodigal_proteins	1784	GCA_003539795.1_ASM353979v1_genomic_prodigal_proteins	2284	851	59.54	12.41	47.70
GCA_007571085.1_ASM757108v1_genomic_prodigal_proteins	1784	GCA_002171995.1_ASM217199v1_genomic_prodigal_proteins	1978	662	60.34	13.15	37.11
GCA_007571085.1_ASM757108v1_genomic_prodigal_proteins	1784	GCA_011523835.1_ASM1152383v1_genomic_prodigal_proteins	2468	961	60.60	12.90	53.87
GCA_007571085.1_ASM757108v1_genomic_prodigal_proteins	1784	GCA_002172175.1_ASM217217v1_genomic_prodigal_proteins	1846	727	60.34	12.07	40.75
GCA_007571085.1_ASM757108v1_genomic_prodigal_proteins	1784	GCA_003208835.1_ASM320883v1_genomic_prodigal_proteins	2208	839	60.39	13.10	47.03
GCA_007571085.1_ASM757108v1_genomic_prodigal_proteins	1784	GCA_902589915.1_AG-914-F20_genomic_prodigal_proteins	373	88	62.27	13.33	23.59
GCA_007571085.1_ASM757108v1_genomic_prodigal_proteins	1784	GCA_000485815.1_ASM48581v1_genomic_prodigal_proteins	3083	859	53.45	12.39	48.15
GCA_007571085.1_ASM757108v1_genomic_prodigal_proteins	1784	GCA_008807075.1_ASM880707v1_genomic_prodigal_proteins	2925	1099	61.44	12.83	61.60
GCA_007571085.1_ASM757108v1_genomic_prodigal_proteins	1784	GCA_000179235.2_ASM17923v2_genomic_prodigal_proteins	3071	1165	61.97	12.48	65.30
GCA_007571085.1_ASM757108v1_genomic_prodigal_proteins	1784	GCA_003210795.1_ASM321079v1_genomic_prodigal_proteins	2239	841	60.31	12.76	47.14
GCA_007571085.1_ASM757108v1_genomic_prodigal_proteins	1784	GCA_002706715.1_ASM270671v1_genomic_prodigal_proteins	1148	603	60.42	13.11	52.53
GCA_007571085.1_ASM757108v1_genomic_prodigal_proteins	1784	GCA_003331245.1_ASM333124v1_genomic_prodigal_proteins	2021	939	60.75	12.39	52.63
GCA_007571085.1_ASM757108v1_genomic_prodigal_proteins	1784	GCA_009843385.1_ASM984338v1_genomic_prodigal_proteins	2085	1153	79.08	10.31	64.63
GCA_007571085.1_ASM757108v1_genomic_prodigal_proteins	1784	GCA_003211205.1_ASM321120v1_genomic_prodigal_proteins	2288	875	60.21	13.21	49.05
GCA_007571085.1_ASM757108v1_genomic_prodigal_proteins	1784	GCA_000063505.1_ASM6350v1_genomic_prodigal_proteins	2558	1123	60.73	13.12	62.95
GCA_007571085.1_ASM757108v1_genomic_prodigal_proteins	1784	GCA_900474245.1_UW179B_genomic_prodigal_proteins	2743	1145	60.48	13.09	64.18
GCA_007571085.1_ASM757108v1_genomic_prodigal_proteins	1784	GCA_003210345.1_ASM321034v1_genomic_prodigal_proteins	1256	440	58.63	12.76	35.03
GCA_007571085.1_ASM757108v1_genomic_prodigal_proteins	1784	GCA_003210315.1_ASM321031v1_genomic_prodigal_proteins	1815	685	59.90	12.93	38.40
GCA_007571085.1_ASM757108v1_genomic_prodigal_proteins	1784	GCA_009836155.1_ASM983615v1_genomic_prodigal_proteins	1947	1288	79.34	9.67	72.20
GCA_007571085.1_ASM757108v1_genomic_prodigal_proteins	1784	GCA_003990665.2_ASM399066v2_genomic_prodigal_proteins	2499	866	54.29	12.17	48.54
GCA_007571085.1_ASM757108v1_genomic_prodigal_proteins	1784	GCA_003209135.1_ASM320913v1_genomic_prodigal_proteins	1719	593	59.68	12.91	34.50
GCA_007571085.1_ASM757108v1_genomic_prodigal_proteins	1784	GCA_009845105.1_ASM984510v1_genomic_prodigal_proteins	1941	1091	78.78	10.20	61.15
GCA_007571085.1_ASM757108v1_genomic_prodigal_proteins	1784	GCA_002690325.1_ASM269032v1_genomic_prodigal_proteins	2554	1029	59.67	12.82	57.68
GCA_007571085.1_ASM757108v1_genomic_prodigal_proteins	1784	GCA_000161795.2_ASM16179v2_genomic_prodigal_proteins	2407	1134	60.86	12.93	63.57
GCA_007571085.1_ASM757108v1_genomic_prodigal_proteins	1784	GCA_004211895.1_ASM421189v1_genomic_prodigal_proteins	954	471	61.06	12.45	49.37
GCA_007571085.1_ASM757108v1_genomic_prodigal_proteins	1784	GCA_003210735.1_ASM321073v1_genomic_prodigal_proteins	2337	824	59.97	13.02	46.19
GCA_007571085.1_ASM757108v1_genomic_prodigal_proteins	1784	GCA_003209035.1_ASM320903v1_genomic_prodigal_proteins	1803	620	60.27	13.12	34.75
GCA_007571085.1_ASM757108v1_genomic_prodigal_proteins	1784	GCA_003712085.1_ASM371208v1_genomic_prodigal_proteins	2745	1147	60.96	12.97	64.29
GCA_007571085.1_ASM757108v1_genomic_prodigal_proteins	1784	GCA_003212155.1_ASM321215v1_genomic_prodigal_proteins	262	76	60.08	15.84	29.01
GCA_007571085.1_ASM757108v1_genomic_prodigal_proteins	1784	GCA_001040845.1_ASM104084v1_genomic_prodigal_proteins	2917	1141	60.39	12.95	63.96
GCA_007571085.1_ASM757108v1_genomic_prodigal_proteins	1784	GCA_002018015.1_ASM201801v1_genomic_prodigal_proteins	1578	1028	79.20	9.98	65.15
GCA_007571085.1_ASM757108v1_genomic_prodigal_proteins	1784	GCA_003211255.1_ASM321125v1_genomic_prodigal_proteins	1850	641	59.36	12.94	35.93
GCA_007571085.1_ASM757108v1_genomic_prodigal_proteins	1784	GCA_002721235.1_ASM272123v1_genomic_prodigal_proteins	3119	890	53.30	12.32	49.89
GCA_007571085.1_ASM757108v1_genomic_prodigal_proteins	1784	GCA_009839305.1_ASM983930v1_genomic_prodigal_proteins	1816	1022	79.29	9.91	57.29
GCA_007571085.1_ASM757108v1_genomic_prodigal_proteins	1784	GCA_011365345.1_ASM1136534v1_genomic_prodigal_proteins	2655	1141	60.84	13.04	63.96
GCA_007571085.1_ASM757108v1_genomic_prodigal_proteins	1784	GCA_001039265.1_ASM103926v1_genomic_prodigal_proteins	2832	808	63.31	12.63	45.29
GCA_007571085.1_ASM757108v1_genomic_prodigal_proteins	1784	GCA_001628325.1_ASM162832v1_genomic_prodigal_proteins	2129	1038	60.99	12.79	58.18
GCA_007571085.1_ASM757108v1_genomic_prodigal_proteins	1784	GCA_003209215.1_ASM320921v1_genomic_prodigal_proteins	1679	575	60.36	13.01	34.25
GCA_007571085.1_ASM757108v1_genomic_prodigal_proteins	1784	GCA_002737305.1_ASM273730v1_genomic_prodigal_proteins	1951	913	62.22	12.53	51.18
GCA_007571085.1_ASM757108v1_genomic_prodigal_proteins	1784	GCA_003210515.1_ASM321051v1_genomic_prodigal_proteins	1673	645	59.72	13.14	38.55
GCA_007571085.1_ASM757108v1_genomic_prodigal_proteins	1784	GCA_011525445.1_ASM1152544v1_genomic_prodigal_proteins	3208	931	59.25	12.74	52.19
GCA_007571085.1_ASM757108v1_genomic_prodigal_proteins	1784	GCA_902599435.1_AG-916-N22_genomic_prodigal_proteins	793	274	61.96	13.00	34.55
GCA_007571085.1_ASM757108v1_genomic_prodigal_proteins	1784	GCA_003149585.1_ASM314958v1_genomic_prodigal_proteins	2600	1160	61.67	12.50	65.02
GCA_007571085.1_ASM757108v1_genomic_prodigal_proteins	1784	GCA_902560665.1_AG-905-O11_genomic_prodigal_proteins	401	113	60.59	14.41	28.18
GCA_007571085.1_ASM757108v1_genomic_prodigal_proteins	1784	GCA_003331795.1_ASM333179v1_genomic_prodigal_proteins	1948	937	61.90	12.55	52.52
GCA_007571085.1_ASM757108v1_genomic_prodigal_proteins	1784	GCA_002017955.1_ASM201795v1_genomic_prodigal_proteins	512	283	78.42	10.07	55.27
GCA_007571085.1_ASM757108v1_genomic_prodigal_proteins	1784	GCA_902584485.1_AG-912-O23_genomic_prodigal_proteins	535	147	59.74	14.00	27.48
GCA_007571085.1_ASM757108v1_genomic_prodigal_proteins	1784	GCA_902527915.1_AG-896-G19_genomic_prodigal_proteins	1003	338	61.50	13.26	33.70
GCA_007571085.1_ASM757108v1_genomic_prodigal_proteins	1784	GCA_902635365.1_AG-447-D19_genomic_prodigal_proteins	1690	535	60.31	13.38	31.66
GCA_007571085.1_ASM757108v1_genomic_prodigal_proteins	1784	GCA_900474085.1_UW86_genomic_prodigal_proteins	2403	1140	60.74	13.05	63.90
GCA_007571085.1_ASM757108v1_genomic_prodigal_proteins	1784	GCA_001885215.1_ASM188521v1_genomic_prodigal_proteins	2897	1169	61.51	12.55	65.53
GCA_007571085.1_ASM757108v1_genomic_prodigal_proteins	1784	GCA_902575935.1_AG-426-B22_genomic_prodigal_proteins	254	108	62.80	15.21	42.52
GCA_007571085.1_ASM757108v1_genomic_prodigal_proteins	1784	GCA_900474295.1_UW140_genomic_prodigal_proteins	2925	1132	61.03	12.92	63.45
GCA_007571085.1_ASM757108v1_genomic_prodigal_proteins	1784	GCA_003211565.1_ASM321156v1_genomic_prodigal_proteins	1489	504	60.70	12.88	33.85
GCA_007571085.1_ASM757108v1_genomic_prodigal_proteins	1784	GCA_003526105.1_ASM352610v1_genomic_prodigal_proteins	1581	617	62.02	12.60	39.03
GCA_007571085.1_ASM757108v1_genomic_prodigal_proteins	1784	GCA_002172935.1_ASM217293v1_genomic_prodigal_proteins	1996	869	60.23	12.90	48.71
GCA_007571085.1_ASM757108v1_genomic_prodigal_proteins	1784	GCA_003210335.1_ASM321033v1_genomic_prodigal_proteins	942	205	58.91	13.44	21.76
GCA_007571085.1_ASM757108v1_genomic_prodigal_proteins	1784	GCA_009846115.1_ASM984611v1_genomic_prodigal_proteins	2048	1209	78.89	9.95	67.77
GCA_007571085.1_ASM757108v1_genomic_prodigal_proteins	1784	GCA_001693295.1_ASM169329v1_genomic_prodigal_proteins	3183	892	53.22	12.37	50.00
GCA_007571085.1_ASM757108v1_genomic_prodigal_proteins	1784	GCA_900473965.1_UW179A_genomic_prodigal_proteins	3383	1124	60.34	13.14	63.00
GCA_007571085.1_ASM757108v1_genomic_prodigal_proteins	1784	GCA_003213755.1_ASM321375v1_genomic_prodigal_proteins	1050	418	61.34	12.90	39.81
GCA_007571085.1_ASM757108v1_genomic_prodigal_proteins	1784	GCA_003209155.1_ASM320915v1_genomic_prodigal_proteins	2305	850	60.37	12.97	47.65
GCA_007571085.1_ASM757108v1_genomic_prodigal_proteins	1784	GCA_003211515.1_ASM321151v1_genomic_prodigal_proteins	2451	713	60.30	12.68	39.97
GCA_007571085.1_ASM757108v1_genomic_prodigal_proteins	1784	GCA_002693285.1_ASM269328v1_genomic_prodigal_proteins	2440	992	60.32	13.10	55.61
GCA_007571085.1_ASM757108v1_genomic_prodigal_proteins	1784	GCA_003210555.1_ASM321055v1_genomic_prodigal_proteins	1847	612	59.64	13.08	34.30
GCA_007571085.1_ASM757108v1_genomic_prodigal_proteins	1784	GCA_000155595.1_ASM15559v1_genomic_prodigal_proteins	5270	917	52.62	12.20	51.40
GCA_007571085.1_ASM757108v1_genomic_prodigal_proteins	1784	GCA_001007665.1_ASM100766v1_genomic_prodigal_proteins	2356	1375	79.15	9.42	77.07
GCA_007571085.1_ASM757108v1_genomic_prodigal_proteins	1784	GCA_009919765.1_ASM991976v1_genomic_prodigal_proteins	2524	784	61.85	12.77	43.95
GCA_007571085.1_ASM757108v1_genomic_prodigal_proteins	1784	GCA_003331225.1_ASM333122v1_genomic_prodigal_proteins	2113	1012	62.05	12.42	56.73
GCA_007571085.1_ASM757108v1_genomic_prodigal_proteins	1784	GCA_900177825.1_IMG-taxon_2708742468_annotated_assembly_genomic_prodigal_proteins	3317	884	53.19	12.39	49.55
GCA_007571085.1_ASM757108v1_genomic_prodigal_proteins	1784	GCA_000195975.1_ASM19597v1_genomic_prodigal_proteins	2719	1138	61.05	12.91	63.79
GCA_007571085.1_ASM757108v1_genomic_prodigal_proteins	1784	GCA_902618885.1_AG-920-D15_genomic_prodigal_proteins	1178	417	61.66	13.75	35.40
GCA_007571085.1_ASM757108v1_genomic_prodigal_proteins	1784	GCA_003209165.1_ASM320916v1_genomic_prodigal_proteins	2711	975	60.61	12.95	54.65
GCA_007571085.1_ASM757108v1_genomic_prodigal_proteins	1784	GCA_001007625.1_ASM100762v1_genomic_prodigal_proteins	2478	1242	79.18	10.19	69.62
GCA_007571085.1_ASM757108v1_genomic_prodigal_proteins	1784	GCA_008386235.1_ASM838623v1_genomic_prodigal_proteins	2571	865	54.07	12.21	48.49
GCA_007571085.1_ASM757108v1_genomic_prodigal_proteins	1784	GCA_001631935.1_ASM163193v1_genomic_prodigal_proteins	3526	1124	60.44	13.02	63.00
GCA_007571085.1_ASM757108v1_genomic_prodigal_proteins	1784	GCA_002151525.1_ASM215152v1_genomic_prodigal_proteins	1628	820	60.73	13.05	50.37
GCA_007571085.1_ASM757108v1_genomic_prodigal_proteins	1784	GCA_000153065.1_ASM15306v1_genomic_prodigal_proteins	2704	1121	61.56	12.92	62.84
GCA_007571085.1_ASM757108v1_genomic_prodigal_proteins	1784	GCA_009837265.1_ASM983726v1_genomic_prodigal_proteins	2126	1285	78.86	10.00	72.03
GCA_007571085.1_ASM757108v1_genomic_prodigal_proteins	1784	GCA_902533725.1_AG-898-C20_genomic_prodigal_proteins	421	99	61.56	13.98	23.52
GCA_007571085.1_ASM757108v1_genomic_prodigal_proteins	1784	GCA_002171075.2_ASM217107v2_genomic_prodigal_proteins	1919	874	60.30	12.22	48.99
GCA_007571085.1_ASM757108v1_genomic_prodigal_proteins	1784	GCA_002760395.1_ASM276039v1_genomic_prodigal_proteins	2661	783	53.09	11.74	43.89
GCA_007571085.1_ASM757108v1_genomic_prodigal_proteins	1784	GCA_003209005.1_ASM320900v1_genomic_prodigal_proteins	2548	926	60.17	13.08	51.91
GCA_007571085.1_ASM757108v1_genomic_prodigal_proteins	1784	GCA_002017915.1_ASM201791v1_genomic_prodigal_proteins	623	366	80.40	10.21	58.75
GCA_007571085.1_ASM757108v1_genomic_prodigal_proteins	1784	GCA_900047545.1_m9_genomic_prodigal_proteins	1575	1050	79.04	9.57	66.67
GCA_007571085.1_ASM757108v1_genomic_prodigal_proteins	1784	GCA_001632105.1_ASM163210v1_genomic_prodigal_proteins	3521	1128	60.41	13.07	63.23
GCA_007571085.1_ASM757108v1_genomic_prodigal_proteins	1784	GCA_004212765.1_ASM421276v1_genomic_prodigal_proteins	1162	563	60.55	12.66	48.45
GCA_007571085.1_ASM757108v1_genomic_prodigal_proteins	1784	GCA_002685515.1_ASM268551v1_genomic_prodigal_proteins	1286	585	59.79	12.60	45.49
GCA_007571085.1_ASM757108v1_genomic_prodigal_proteins	1784	GCA_007828135.1_ASM782813v1_genomic_prodigal_proteins	2917	1169	61.51	12.55	65.53
GCA_007571085.1_ASM757108v1_genomic_prodigal_proteins	1784	GCA_011047875.1_ASM1104787v1_genomic_prodigal_proteins	2810	805	52.92	11.91	45.12
GCA_007571085.1_ASM757108v1_genomic_prodigal_proteins	1784	GCA_009840445.1_ASM984044v1_genomic_prodigal_proteins	2167	1384	78.96	9.83	77.58
GCA_007571085.1_ASM757108v1_genomic_prodigal_proteins	1784	GCA_003210995.1_ASM321099v1_genomic_prodigal_proteins	2385	822	60.43	13.36	46.08
GCA_007571085.1_ASM757108v1_genomic_prodigal_proteins	1784	GCA_902616995.1_AG-919-L20_genomic_prodigal_proteins	654	190	59.51	13.48	29.05
GCA_007571085.1_ASM757108v1_genomic_prodigal_proteins	1784	GCA_009845825.1_ASM984582v1_genomic_prodigal_proteins	2168	1189	79.36	9.71	66.65
GCA_007571085.1_ASM757108v1_genomic_prodigal_proteins	1784	GCA_000515235.1_ASM51523v1_genomic_prodigal_proteins	2873	1132	60.71	12.90	63.45
GCA_007571085.1_ASM757108v1_genomic_prodigal_proteins	1784	GCA_003523965.1_ASM352396v1_genomic_prodigal_proteins	1735	928	78.52	10.25	53.49
GCA_007571085.1_ASM757108v1_genomic_prodigal_proteins	1784	GCA_002684175.1_ASM268417v1_genomic_prodigal_proteins	1819	687	58.96	12.58	38.51
GCA_007571085.1_ASM757108v1_genomic_prodigal_proteins	1784	GCA_011523295.1_ASM1152329v1_genomic_prodigal_proteins	2851	852	59.34	12.59	47.76
GCA_007571085.1_ASM757108v1_genomic_prodigal_proteins	1784	GCA_003211015.1_ASM321101v1_genomic_prodigal_proteins	2128	830	59.92	12.79	46.52
GCA_007571085.1_ASM757108v1_genomic_prodigal_proteins	1784	GCA_002006815.1_ASM200681v1_genomic_prodigal_proteins	1973	1026	61.27	12.73	57.51
GCA_004213055.1_ASM421305v1_genomic_prodigal_proteins	2241	GCA_007571085.1_ASM757108v1_genomic_prodigal_proteins	1784	1018	61.02	13.00	57.06
GCA_004213055.1_ASM421305v1_genomic_prodigal_proteins	2241	GCA_009839805.1_ASM983980v1_genomic_prodigal_proteins	1848	698	59.84	12.41	37.77
GCA_004213055.1_ASM421305v1_genomic_prodigal_proteins	2241	GCA_003210375.1_ASM321037v1_genomic_prodigal_proteins	2155	1157	70.26	13.66	53.69
GCA_004213055.1_ASM421305v1_genomic_prodigal_proteins	2241	GCA_004332415.1_ASM433241v1_genomic_prodigal_proteins	2408	1660	76.33	12.68	74.07
GCA_004213055.1_ASM421305v1_genomic_prodigal_proteins	2241	GCA_009836025.1_ASM983602v1_genomic_prodigal_proteins	2290	1043	61.45	12.72	46.54
GCA_004213055.1_ASM421305v1_genomic_prodigal_proteins	2241	GCA_009843455.1_ASM984345v1_genomic_prodigal_proteins	2423	1025	61.23	12.63	45.74
GCA_004213055.1_ASM421305v1_genomic_prodigal_proteins	2241	GCA_009843485.1_ASM984348v1_genomic_prodigal_proteins	2158	1053	61.45	12.77	48.80
GCA_004213055.1_ASM421305v1_genomic_prodigal_proteins	2241	GCA_003283135.1_ASM328313v1_genomic_prodigal_proteins	459	130	70.83	14.65	28.32
GCA_004213055.1_ASM421305v1_genomic_prodigal_proteins	2241	GCA_902635485.1_AG-447-G23_genomic_prodigal_proteins	327	98	67.92	17.46	29.97
GCA_004213055.1_ASM421305v1_genomic_prodigal_proteins	2241	GCA_002760415.1_ASM276041v1_genomic_prodigal_proteins	2670	831	52.77	11.71	37.08
GCA_004213055.1_ASM421305v1_genomic_prodigal_proteins	2241	GCA_002754935.1_ASM275493v1_genomic_prodigal_proteins	2664	870	53.75	12.29	38.82
GCA_004213055.1_ASM421305v1_genomic_prodigal_proteins	2241	GCA_002171685.2_ASM217168v2_genomic_prodigal_proteins	811	625	74.25	12.39	77.07
GCA_004213055.1_ASM421305v1_genomic_prodigal_proteins	2241	GCA_000737595.1_ASM73759v1_genomic_prodigal_proteins	2774	1602	71.38	13.70	71.49
GCA_004213055.1_ASM421305v1_genomic_prodigal_proteins	2241	GCA_003331785.1_ASM333178v1_genomic_prodigal_proteins	2125	1525	73.63	12.97	71.76
GCA_004213055.1_ASM421305v1_genomic_prodigal_proteins	2241	GCA_009842265.1_ASM984226v1_genomic_prodigal_proteins	2398	1044	61.33	12.63	46.59
GCA_004213055.1_ASM421305v1_genomic_prodigal_proteins	2241	GCA_902579345.1_AG-911-L15_genomic_prodigal_proteins	248	72	66.22	16.47	29.03
GCA_004213055.1_ASM421305v1_genomic_prodigal_proteins	2241	GCA_000011345.1_ASM1134v1_genomic_prodigal_proteins	2520	904	53.82	12.32	40.34
GCA_004213055.1_ASM421305v1_genomic_prodigal_proteins	2241	GCA_003210705.1_ASM321070v1_genomic_prodigal_proteins	2244	1237	72.70	13.58	55.20
GCA_004213055.1_ASM421305v1_genomic_prodigal_proteins	2241	GCA_000019485.1_ASM1948v1_genomic_prodigal_proteins	3233	951	53.56	12.77	42.44
GCA_004213055.1_ASM421305v1_genomic_prodigal_proteins	2241	GCA_003283055.1_ASM328305v1_genomic_prodigal_proteins	482	68	63.82	16.00	14.11
GCA_004213055.1_ASM421305v1_genomic_prodigal_proteins	2241	GCA_000010065.1_ASM1006v1_genomic_prodigal_proteins	2691	1063	55.61	13.03	47.43
GCA_004213055.1_ASM421305v1_genomic_prodigal_proteins	2241	GCA_000316685.1_ASM31668v1_genomic_prodigal_proteins	3706	940	53.29	12.33	41.95
GCA_004213055.1_ASM421305v1_genomic_prodigal_proteins	2241	GCA_000063525.1_ASM6352v1_genomic_prodigal_proteins	2540	1461	65.89	14.12	65.19
GCA_004213055.1_ASM421305v1_genomic_prodigal_proteins	2241	GCA_003283165.1_ASM328316v1_genomic_prodigal_proteins	217	52	67.84	16.65	23.96
GCA_004213055.1_ASM421305v1_genomic_prodigal_proteins	2241	GCA_902540675.1_AG-359-E22_genomic_prodigal_proteins	584	246	72.47	15.18	42.12
GCA_004213055.1_ASM421305v1_genomic_prodigal_proteins	2241	GCA_011055065.1_ASM1105506v1_genomic_prodigal_proteins	2792	800	52.76	11.82	35.70
GCA_004213055.1_ASM421305v1_genomic_prodigal_proteins	2241	GCA_000013205.1_ASM1320v1_genomic_prodigal_proteins	2750	839	52.80	11.71	37.44
GCA_004213055.1_ASM421305v1_genomic_prodigal_proteins	2241	GCA_003539795.1_ASM353979v1_genomic_prodigal_proteins	2284	1245	70.62	13.16	55.56
GCA_004213055.1_ASM421305v1_genomic_prodigal_proteins	2241	GCA_002171995.1_ASM217199v1_genomic_prodigal_proteins	1978	1161	99.22	3.21	58.70
GCA_004213055.1_ASM421305v1_genomic_prodigal_proteins	2241	GCA_011523835.1_ASM1152383v1_genomic_prodigal_proteins	2468	1445	72.93	13.37	64.48
GCA_004213055.1_ASM421305v1_genomic_prodigal_proteins	2241	GCA_002172175.1_ASM217217v1_genomic_prodigal_proteins	1846	934	64.12	13.89	50.60
GCA_004213055.1_ASM421305v1_genomic_prodigal_proteins	2241	GCA_003208835.1_ASM320883v1_genomic_prodigal_proteins	2208	1138	71.06	13.72	51.54
GCA_004213055.1_ASM421305v1_genomic_prodigal_proteins	2241	GCA_902589915.1_AG-914-F20_genomic_prodigal_proteins	373	111	72.22	15.33	29.76
GCA_004213055.1_ASM421305v1_genomic_prodigal_proteins	2241	GCA_000485815.1_ASM48581v1_genomic_prodigal_proteins	3083	927	53.48	12.79	41.37
GCA_004213055.1_ASM421305v1_genomic_prodigal_proteins	2241	GCA_008807075.1_ASM880707v1_genomic_prodigal_proteins	2925	1451	66.41	13.51	64.75
GCA_004213055.1_ASM421305v1_genomic_prodigal_proteins	2241	GCA_000179235.2_ASM17923v2_genomic_prodigal_proteins	3071	1520	67.81	13.67	67.83
GCA_004213055.1_ASM421305v1_genomic_prodigal_proteins	2241	GCA_003210795.1_ASM321079v1_genomic_prodigal_proteins	2239	1181	70.67	13.79	52.75
GCA_004213055.1_ASM421305v1_genomic_prodigal_proteins	2241	GCA_002706715.1_ASM270671v1_genomic_prodigal_proteins	1148	792	71.18	13.75	68.99
GCA_004213055.1_ASM421305v1_genomic_prodigal_proteins	2241	GCA_003331245.1_ASM333124v1_genomic_prodigal_proteins	2021	1363	71.41	13.38	67.44
GCA_004213055.1_ASM421305v1_genomic_prodigal_proteins	2241	GCA_009843385.1_ASM984338v1_genomic_prodigal_proteins	2085	884	61.44	12.85	42.40
GCA_004213055.1_ASM421305v1_genomic_prodigal_proteins	2241	GCA_003211205.1_ASM321120v1_genomic_prodigal_proteins	2288	1284	72.84	13.47	57.30
GCA_004213055.1_ASM421305v1_genomic_prodigal_proteins	2241	GCA_000063505.1_ASM6350v1_genomic_prodigal_proteins	2558	1636	73.71	13.37	73.00
GCA_004213055.1_ASM421305v1_genomic_prodigal_proteins	2241	GCA_900474245.1_UW179B_genomic_prodigal_proteins	2743	1658	73.51	13.00	73.98
GCA_004213055.1_ASM421305v1_genomic_prodigal_proteins	2241	GCA_003210345.1_ASM321034v1_genomic_prodigal_proteins	1256	648	69.25	13.59	51.59
GCA_004213055.1_ASM421305v1_genomic_prodigal_proteins	2241	GCA_003210315.1_ASM321031v1_genomic_prodigal_proteins	1815	1023	72.21	13.20	56.36
GCA_004213055.1_ASM421305v1_genomic_prodigal_proteins	2241	GCA_009836155.1_ASM983615v1_genomic_prodigal_proteins	1947	998	61.60	12.66	51.26
GCA_004213055.1_ASM421305v1_genomic_prodigal_proteins	2241	GCA_003990665.2_ASM399066v2_genomic_prodigal_proteins	2499	908	53.78	12.34	40.52
GCA_004213055.1_ASM421305v1_genomic_prodigal_proteins	2241	GCA_003209135.1_ASM320913v1_genomic_prodigal_proteins	1719	877	70.01	13.69	51.02
GCA_004213055.1_ASM421305v1_genomic_prodigal_proteins	2241	GCA_009845105.1_ASM984510v1_genomic_prodigal_proteins	1941	837	61.11	12.91	43.12
GCA_004213055.1_ASM421305v1_genomic_prodigal_proteins	2241	GCA_002690325.1_ASM269032v1_genomic_prodigal_proteins	2554	1485	70.36	13.72	66.27
GCA_004213055.1_ASM421305v1_genomic_prodigal_proteins	2241	GCA_000161795.2_ASM16179v2_genomic_prodigal_proteins	2407	1540	71.94	13.55	68.72
GCA_004213055.1_ASM421305v1_genomic_prodigal_proteins	2241	GCA_004211895.1_ASM421189v1_genomic_prodigal_proteins	954	672	72.24	13.03	70.44
GCA_004213055.1_ASM421305v1_genomic_prodigal_proteins	2241	GCA_003210735.1_ASM321073v1_genomic_prodigal_proteins	2337	1177	70.03	13.84	52.52
GCA_004213055.1_ASM421305v1_genomic_prodigal_proteins	2241	GCA_003209035.1_ASM320903v1_genomic_prodigal_proteins	1803	873	70.46	13.92	48.42
GCA_004213055.1_ASM421305v1_genomic_prodigal_proteins	2241	GCA_003712085.1_ASM371208v1_genomic_prodigal_proteins	2745	1582	71.90	13.53	70.59
GCA_004213055.1_ASM421305v1_genomic_prodigal_proteins	2241	GCA_003212155.1_ASM321215v1_genomic_prodigal_proteins	262	82	61.88	16.34	31.30
GCA_004213055.1_ASM421305v1_genomic_prodigal_proteins	2241	GCA_001040845.1_ASM104084v1_genomic_prodigal_proteins	2917	1671	73.38	13.00	74.56
GCA_004213055.1_ASM421305v1_genomic_prodigal_proteins	2241	GCA_002018015.1_ASM201801v1_genomic_prodigal_proteins	1578	804	62.46	12.76	50.95
GCA_004213055.1_ASM421305v1_genomic_prodigal_proteins	2241	GCA_003211255.1_ASM321125v1_genomic_prodigal_proteins	1850	880	69.88	13.70	47.57
GCA_004213055.1_ASM421305v1_genomic_prodigal_proteins	2241	GCA_002721235.1_ASM272123v1_genomic_prodigal_proteins	3119	953	53.57	12.72	42.53
GCA_004213055.1_ASM421305v1_genomic_prodigal_proteins	2241	GCA_009839305.1_ASM983930v1_genomic_prodigal_proteins	1816	791	61.78	13.24	43.56
GCA_004213055.1_ASM421305v1_genomic_prodigal_proteins	2241	GCA_011365345.1_ASM1136534v1_genomic_prodigal_proteins	2655	1624	71.34	13.84	72.47
GCA_004213055.1_ASM421305v1_genomic_prodigal_proteins	2241	GCA_001039265.1_ASM103926v1_genomic_prodigal_proteins	2832	996	68.96	13.58	44.44
GCA_004213055.1_ASM421305v1_genomic_prodigal_proteins	2241	GCA_001628325.1_ASM162832v1_genomic_prodigal_proteins	2129	1428	72.07	13.51	67.07
GCA_004213055.1_ASM421305v1_genomic_prodigal_proteins	2241	GCA_003209215.1_ASM320921v1_genomic_prodigal_proteins	1679	796	71.42	13.70	47.41
GCA_004213055.1_ASM421305v1_genomic_prodigal_proteins	2241	GCA_002737305.1_ASM273730v1_genomic_prodigal_proteins	1951	1130	67.67	13.79	57.92
GCA_004213055.1_ASM421305v1_genomic_prodigal_proteins	2241	GCA_003210515.1_ASM321051v1_genomic_prodigal_proteins	1673	930	69.73	13.84	55.59
GCA_004213055.1_ASM421305v1_genomic_prodigal_proteins	2241	GCA_011525445.1_ASM1152544v1_genomic_prodigal_proteins	3208	1369	71.85	13.20	61.09
GCA_004213055.1_ASM421305v1_genomic_prodigal_proteins	2241	GCA_902599435.1_AG-916-N22_genomic_prodigal_proteins	793	380	72.44	14.03	47.92
GCA_004213055.1_ASM421305v1_genomic_prodigal_proteins	2241	GCA_003149585.1_ASM314958v1_genomic_prodigal_proteins	2600	1526	67.40	13.93	68.09
GCA_004213055.1_ASM421305v1_genomic_prodigal_proteins	2241	GCA_902560665.1_AG-905-O11_genomic_prodigal_proteins	401	153	71.41	14.91	38.15
GCA_004213055.1_ASM421305v1_genomic_prodigal_proteins	2241	GCA_003331795.1_ASM333179v1_genomic_prodigal_proteins	1948	1175	65.53	14.46	60.32
GCA_004213055.1_ASM421305v1_genomic_prodigal_proteins	2241	GCA_002017955.1_ASM201795v1_genomic_prodigal_proteins	512	221	61.43	12.78	43.16
GCA_004213055.1_ASM421305v1_genomic_prodigal_proteins	2241	GCA_902584485.1_AG-912-O23_genomic_prodigal_proteins	535	202	69.76	14.79	37.76
GCA_004213055.1_ASM421305v1_genomic_prodigal_proteins	2241	GCA_902527915.1_AG-896-G19_genomic_prodigal_proteins	1003	490	71.68	13.69	48.85
GCA_004213055.1_ASM421305v1_genomic_prodigal_proteins	2241	GCA_902635365.1_AG-447-D19_genomic_prodigal_proteins	1690	776	71.33	13.99	45.92
GCA_004213055.1_ASM421305v1_genomic_prodigal_proteins	2241	GCA_900474085.1_UW86_genomic_prodigal_proteins	2403	1556	71.83	13.67	69.43
GCA_004213055.1_ASM421305v1_genomic_prodigal_proteins	2241	GCA_001885215.1_ASM188521v1_genomic_prodigal_proteins	2897	1442	66.39	13.33	64.35
GCA_004213055.1_ASM421305v1_genomic_prodigal_proteins	2241	GCA_902575935.1_AG-426-B22_genomic_prodigal_proteins	254	139	75.25	13.25	54.72
GCA_004213055.1_ASM421305v1_genomic_prodigal_proteins	2241	GCA_900474295.1_UW140_genomic_prodigal_proteins	2925	1987	95.94	5.96	88.67
GCA_004213055.1_ASM421305v1_genomic_prodigal_proteins	2241	GCA_003211565.1_ASM321156v1_genomic_prodigal_proteins	1489	723	70.70	13.82	48.56
GCA_004213055.1_ASM421305v1_genomic_prodigal_proteins	2241	GCA_003526105.1_ASM352610v1_genomic_prodigal_proteins	1581	860	72.72	13.53	54.40
GCA_004213055.1_ASM421305v1_genomic_prodigal_proteins	2241	GCA_002172935.1_ASM217293v1_genomic_prodigal_proteins	1996	1320	72.58	13.18	66.13
GCA_004213055.1_ASM421305v1_genomic_prodigal_proteins	2241	GCA_003210335.1_ASM321033v1_genomic_prodigal_proteins	942	352	69.61	14.61	37.37
GCA_004213055.1_ASM421305v1_genomic_prodigal_proteins	2241	GCA_009846115.1_ASM984611v1_genomic_prodigal_proteins	2048	937	61.40	12.76	45.75
GCA_004213055.1_ASM421305v1_genomic_prodigal_proteins	2241	GCA_001693295.1_ASM169329v1_genomic_prodigal_proteins	3183	949	53.57	12.73	42.35
GCA_004213055.1_ASM421305v1_genomic_prodigal_proteins	2241	GCA_900473965.1_UW179A_genomic_prodigal_proteins	3383	1697	73.09	13.43	75.73
GCA_004213055.1_ASM421305v1_genomic_prodigal_proteins	2241	GCA_003213755.1_ASM321375v1_genomic_prodigal_proteins	1050	480	65.07	14.61	45.71
GCA_004213055.1_ASM421305v1_genomic_prodigal_proteins	2241	GCA_003209155.1_ASM320915v1_genomic_prodigal_proteins	2305	1310	72.72	13.53	58.46
GCA_004213055.1_ASM421305v1_genomic_prodigal_proteins	2241	GCA_003211515.1_ASM321151v1_genomic_prodigal_proteins	2451	1047	69.89	14.08	46.72
GCA_004213055.1_ASM421305v1_genomic_prodigal_proteins	2241	GCA_002693285.1_ASM269328v1_genomic_prodigal_proteins	2440	1485	73.15	13.24	66.27
GCA_004213055.1_ASM421305v1_genomic_prodigal_proteins	2241	GCA_003210555.1_ASM321055v1_genomic_prodigal_proteins	1847	962	72.53	13.17	52.08
GCA_004213055.1_ASM421305v1_genomic_prodigal_proteins	2241	GCA_000155595.1_ASM15559v1_genomic_prodigal_proteins	5270	1000	52.70	12.67	44.62
GCA_004213055.1_ASM421305v1_genomic_prodigal_proteins	2241	GCA_001007665.1_ASM100766v1_genomic_prodigal_proteins	2356	1078	61.24	12.73	48.10
GCA_004213055.1_ASM421305v1_genomic_prodigal_proteins	2241	GCA_009919765.1_ASM991976v1_genomic_prodigal_proteins	2524	993	65.71	14.11	44.31
GCA_004213055.1_ASM421305v1_genomic_prodigal_proteins	2241	GCA_003331225.1_ASM333122v1_genomic_prodigal_proteins	2113	1291	65.65	14.03	61.10
GCA_004213055.1_ASM421305v1_genomic_prodigal_proteins	2241	GCA_900177825.1_IMG-taxon_2708742468_annotated_assembly_genomic_prodigal_proteins	3317	942	53.56	12.77	42.03
GCA_004213055.1_ASM421305v1_genomic_prodigal_proteins	2241	GCA_000195975.1_ASM19597v1_genomic_prodigal_proteins	2719	1579	71.80	13.50	70.46
GCA_004213055.1_ASM421305v1_genomic_prodigal_proteins	2241	GCA_902618885.1_AG-920-D15_genomic_prodigal_proteins	1178	616	71.89	14.56	52.29
GCA_004213055.1_ASM421305v1_genomic_prodigal_proteins	2241	GCA_003209165.1_ASM320916v1_genomic_prodigal_proteins	2711	1350	71.20	13.87	60.24
GCA_004213055.1_ASM421305v1_genomic_prodigal_proteins	2241	GCA_001007625.1_ASM100762v1_genomic_prodigal_proteins	2478	953	61.42	12.99	42.53
GCA_004213055.1_ASM421305v1_genomic_prodigal_proteins	2241	GCA_008386235.1_ASM838623v1_genomic_prodigal_proteins	2571	918	53.59	12.37	40.96
GCA_004213055.1_ASM421305v1_genomic_prodigal_proteins	2241	GCA_001631935.1_ASM163193v1_genomic_prodigal_proteins	3526	1698	72.96	13.56	75.77
GCA_004213055.1_ASM421305v1_genomic_prodigal_proteins	2241	GCA_002151525.1_ASM215152v1_genomic_prodigal_proteins	1628	993	64.03	13.99	61.00
GCA_004213055.1_ASM421305v1_genomic_prodigal_proteins	2241	GCA_000153065.1_ASM15306v1_genomic_prodigal_proteins	2704	1643	76.04	12.64	73.32
GCA_004213055.1_ASM421305v1_genomic_prodigal_proteins	2241	GCA_009837265.1_ASM983726v1_genomic_prodigal_proteins	2126	990	61.32	12.65	46.57
GCA_004213055.1_ASM421305v1_genomic_prodigal_proteins	2241	GCA_902533725.1_AG-898-C20_genomic_prodigal_proteins	421	141	69.61	14.72	33.49
GCA_004213055.1_ASM421305v1_genomic_prodigal_proteins	2241	GCA_002171075.2_ASM217107v2_genomic_prodigal_proteins	1919	1100	64.12	13.66	57.32
GCA_004213055.1_ASM421305v1_genomic_prodigal_proteins	2241	GCA_002760395.1_ASM276039v1_genomic_prodigal_proteins	2661	819	52.80	11.72	36.55
GCA_004213055.1_ASM421305v1_genomic_prodigal_proteins	2241	GCA_003209005.1_ASM320900v1_genomic_prodigal_proteins	2548	1415	73.09	13.14	63.14
GCA_004213055.1_ASM421305v1_genomic_prodigal_proteins	2241	GCA_002017915.1_ASM201791v1_genomic_prodigal_proteins	623	296	63.31	13.97	47.51
GCA_004213055.1_ASM421305v1_genomic_prodigal_proteins	2241	GCA_900047545.1_m9_genomic_prodigal_proteins	1575	821	61.44	12.80	52.13
GCA_004213055.1_ASM421305v1_genomic_prodigal_proteins	2241	GCA_001632105.1_ASM163210v1_genomic_prodigal_proteins	3521	1711	72.91	13.61	76.35
GCA_004213055.1_ASM421305v1_genomic_prodigal_proteins	2241	GCA_004212765.1_ASM421276v1_genomic_prodigal_proteins	1162	793	71.35	13.47	68.24
GCA_004213055.1_ASM421305v1_genomic_prodigal_proteins	2241	GCA_002685515.1_ASM268551v1_genomic_prodigal_proteins	1286	887	72.61	12.91	68.97
GCA_004213055.1_ASM421305v1_genomic_prodigal_proteins	2241	GCA_007828135.1_ASM782813v1_genomic_prodigal_proteins	2917	1443	66.37	13.35	64.39
GCA_004213055.1_ASM421305v1_genomic_prodigal_proteins	2241	GCA_011047875.1_ASM1104787v1_genomic_prodigal_proteins	2810	822	52.81	11.80	36.68
GCA_004213055.1_ASM421305v1_genomic_prodigal_proteins	2241	GCA_009840445.1_ASM984044v1_genomic_prodigal_proteins	2167	1082	61.40	12.72	49.93
GCA_004213055.1_ASM421305v1_genomic_prodigal_proteins	2241	GCA_003210995.1_ASM321099v1_genomic_prodigal_proteins	2385	1270	72.82	13.83	56.67
GCA_004213055.1_ASM421305v1_genomic_prodigal_proteins	2241	GCA_902616995.1_AG-919-L20_genomic_prodigal_proteins	654	325	70.35	13.89	49.69
GCA_004213055.1_ASM421305v1_genomic_prodigal_proteins	2241	GCA_009845825.1_ASM984582v1_genomic_prodigal_proteins	2168	918	61.56	12.63	42.34
GCA_004213055.1_ASM421305v1_genomic_prodigal_proteins	2241	GCA_000515235.1_ASM51523v1_genomic_prodigal_proteins	2873	1598	71.09	13.63	71.31
GCA_004213055.1_ASM421305v1_genomic_prodigal_proteins	2241	GCA_003523965.1_ASM352396v1_genomic_prodigal_proteins	1735	704	62.40	12.93	40.58
GCA_004213055.1_ASM421305v1_genomic_prodigal_proteins	2241	GCA_002684175.1_ASM268417v1_genomic_prodigal_proteins	1819	997	68.91	13.12	54.81
GCA_004213055.1_ASM421305v1_genomic_prodigal_proteins	2241	GCA_011523295.1_ASM1152329v1_genomic_prodigal_proteins	2851	1272	70.48	13.66	56.76
GCA_004213055.1_ASM421305v1_genomic_prodigal_proteins	2241	GCA_003211015.1_ASM321101v1_genomic_prodigal_proteins	2128	1227	73.08	13.08	57.66
GCA_004213055.1_ASM421305v1_genomic_prodigal_proteins	2241	GCA_002006815.1_ASM200681v1_genomic_prodigal_proteins	1973	1223	64.67	13.79	61.99
GCA_003210375.1_ASM321037v1_genomic_prodigal_proteins	2155	GCA_004332415.1_ASM433241v1_genomic_prodigal_proteins	2408	1282	70.39	13.56	59.49
GCA_003210375.1_ASM321037v1_genomic_prodigal_proteins	2155	GCA_009836025.1_ASM983602v1_genomic_prodigal_proteins	2290	852	60.18	12.74	39.54
GCA_003210375.1_ASM321037v1_genomic_prodigal_proteins	2155	GCA_009843455.1_ASM984345v1_genomic_prodigal_proteins	2423	844	59.84	12.69	39.16
GCA_003210375.1_ASM321037v1_genomic_prodigal_proteins	2155	GCA_009843485.1_ASM984348v1_genomic_prodigal_proteins	2158	855	60.17	12.83	39.68
GCA_003210375.1_ASM321037v1_genomic_prodigal_proteins	2155	GCA_003283135.1_ASM328313v1_genomic_prodigal_proteins	459	105	66.47	15.83	22.88
GCA_003210375.1_ASM321037v1_genomic_prodigal_proteins	2155	GCA_902635485.1_AG-447-G23_genomic_prodigal_proteins	327	107	70.11	15.80	32.72
GCA_003210375.1_ASM321037v1_genomic_prodigal_proteins	2155	GCA_002760415.1_ASM276041v1_genomic_prodigal_proteins	2670	658	52.23	11.91	30.53
GCA_003210375.1_ASM321037v1_genomic_prodigal_proteins	2155	GCA_002754935.1_ASM275493v1_genomic_prodigal_proteins	2664	723	53.06	12.36	33.55
GCA_003210375.1_ASM321037v1_genomic_prodigal_proteins	2155	GCA_002171685.2_ASM217168v2_genomic_prodigal_proteins	811	508	70.34	13.63	62.64
GCA_003210375.1_ASM321037v1_genomic_prodigal_proteins	2155	GCA_000737595.1_ASM73759v1_genomic_prodigal_proteins	2774	1417	76.05	12.84	65.75
GCA_003210375.1_ASM321037v1_genomic_prodigal_proteins	2155	GCA_003331785.1_ASM333178v1_genomic_prodigal_proteins	2125	1237	69.87	13.71	58.21
GCA_003210375.1_ASM321037v1_genomic_prodigal_proteins	2155	GCA_009842265.1_ASM984226v1_genomic_prodigal_proteins	2398	856	60.00	12.70	39.72
GCA_003210375.1_ASM321037v1_genomic_prodigal_proteins	2155	GCA_902579345.1_AG-911-L15_genomic_prodigal_proteins	248	112	69.12	16.15	45.16
GCA_003210375.1_ASM321037v1_genomic_prodigal_proteins	2155	GCA_000011345.1_ASM1134v1_genomic_prodigal_proteins	2520	738	53.55	12.32	34.25
GCA_003210375.1_ASM321037v1_genomic_prodigal_proteins	2155	GCA_003210705.1_ASM321070v1_genomic_prodigal_proteins	2244	1014	69.04	13.90	47.05
GCA_003210375.1_ASM321037v1_genomic_prodigal_proteins	2155	GCA_000019485.1_ASM1948v1_genomic_prodigal_proteins	3233	785	52.77	12.76	36.43
GCA_003210375.1_ASM321037v1_genomic_prodigal_proteins	2155	GCA_003283055.1_ASM328305v1_genomic_prodigal_proteins	482	90	69.86	15.85	18.67
GCA_003210375.1_ASM321037v1_genomic_prodigal_proteins	2155	GCA_000010065.1_ASM1006v1_genomic_prodigal_proteins	2691	866	55.10	12.88	40.19
GCA_003210375.1_ASM321037v1_genomic_prodigal_proteins	2155	GCA_000316685.1_ASM31668v1_genomic_prodigal_proteins	3706	764	53.12	12.24	35.45
GCA_003210375.1_ASM321037v1_genomic_prodigal_proteins	2155	GCA_000063525.1_ASM6352v1_genomic_prodigal_proteins	2540	1193	65.04	14.27	55.36
GCA_003210375.1_ASM321037v1_genomic_prodigal_proteins	2155	GCA_003283165.1_ASM328316v1_genomic_prodigal_proteins	217	69	74.21	14.79	31.80
GCA_003210375.1_ASM321037v1_genomic_prodigal_proteins	2155	GCA_902540675.1_AG-359-E22_genomic_prodigal_proteins	584	276	74.44	14.69	47.26
GCA_003210375.1_ASM321037v1_genomic_prodigal_proteins	2155	GCA_011055065.1_ASM1105506v1_genomic_prodigal_proteins	2792	637	51.90	12.11	29.56
GCA_003210375.1_ASM321037v1_genomic_prodigal_proteins	2155	GCA_000013205.1_ASM1320v1_genomic_prodigal_proteins	2750	669	52.14	11.92	31.04
GCA_003210375.1_ASM321037v1_genomic_prodigal_proteins	2155	GCA_003539795.1_ASM353979v1_genomic_prodigal_proteins	2284	1078	74.08	12.89	50.02
GCA_003210375.1_ASM321037v1_genomic_prodigal_proteins	2155	GCA_002171995.1_ASM217199v1_genomic_prodigal_proteins	1978	762	69.80	13.79	38.52
GCA_003210375.1_ASM321037v1_genomic_prodigal_proteins	2155	GCA_011523835.1_ASM1152383v1_genomic_prodigal_proteins	2468	1158	69.91	13.69	53.74
GCA_003210375.1_ASM321037v1_genomic_prodigal_proteins	2155	GCA_002172175.1_ASM217217v1_genomic_prodigal_proteins	1846	786	63.22	13.94	42.58
GCA_003210375.1_ASM321037v1_genomic_prodigal_proteins	2155	GCA_003208835.1_ASM320883v1_genomic_prodigal_proteins	2208	1336	95.63	6.45	62.00
GCA_003210375.1_ASM321037v1_genomic_prodigal_proteins	2155	GCA_902589915.1_AG-914-F20_genomic_prodigal_proteins	373	107	74.09	15.23	28.69
GCA_003210375.1_ASM321037v1_genomic_prodigal_proteins	2155	GCA_000485815.1_ASM48581v1_genomic_prodigal_proteins	3083	770	52.93	12.66	35.73
GCA_003210375.1_ASM321037v1_genomic_prodigal_proteins	2155	GCA_008807075.1_ASM880707v1_genomic_prodigal_proteins	2925	1182	64.76	13.76	54.85
GCA_003210375.1_ASM321037v1_genomic_prodigal_proteins	2155	GCA_000179235.2_ASM17923v2_genomic_prodigal_proteins	3071	1195	66.20	13.79	55.45
GCA_003210375.1_ASM321037v1_genomic_prodigal_proteins	2155	GCA_003210795.1_ASM321079v1_genomic_prodigal_proteins	2239	1145	74.02	13.31	53.13
GCA_003210375.1_ASM321037v1_genomic_prodigal_proteins	2155	GCA_002706715.1_ASM270671v1_genomic_prodigal_proteins	1148	713	75.10	13.11	62.11
GCA_003210375.1_ASM321037v1_genomic_prodigal_proteins	2155	GCA_003331245.1_ASM333124v1_genomic_prodigal_proteins	2021	1149	74.80	12.82	56.85
GCA_003210375.1_ASM321037v1_genomic_prodigal_proteins	2155	GCA_009843385.1_ASM984338v1_genomic_prodigal_proteins	2085	710	60.08	12.93	34.05
GCA_003210375.1_ASM321037v1_genomic_prodigal_proteins	2155	GCA_003211205.1_ASM321120v1_genomic_prodigal_proteins	2288	1053	69.32	14.07	48.86
GCA_003210375.1_ASM321037v1_genomic_prodigal_proteins	2155	GCA_000063505.1_ASM6350v1_genomic_prodigal_proteins	2558	1312	69.81	14.00	60.88
GCA_003210375.1_ASM321037v1_genomic_prodigal_proteins	2155	GCA_900474245.1_UW179B_genomic_prodigal_proteins	2743	1349	69.56	13.92	62.60
GCA_003210375.1_ASM321037v1_genomic_prodigal_proteins	2155	GCA_003210345.1_ASM321034v1_genomic_prodigal_proteins	1256	734	95.52	7.60	58.44
GCA_003210375.1_ASM321037v1_genomic_prodigal_proteins	2155	GCA_003210315.1_ASM321031v1_genomic_prodigal_proteins	1815	830	68.67	14.20	45.73
GCA_003210375.1_ASM321037v1_genomic_prodigal_proteins	2155	GCA_009836155.1_ASM983615v1_genomic_prodigal_proteins	1947	810	60.13	12.68	41.60
GCA_003210375.1_ASM321037v1_genomic_prodigal_proteins	2155	GCA_003990665.2_ASM399066v2_genomic_prodigal_proteins	2499	739	53.58	12.29	34.29
GCA_003210375.1_ASM321037v1_genomic_prodigal_proteins	2155	GCA_003209135.1_ASM320913v1_genomic_prodigal_proteins	1719	776	72.88	13.44	45.14
GCA_003210375.1_ASM321037v1_genomic_prodigal_proteins	2155	GCA_009845105.1_ASM984510v1_genomic_prodigal_proteins	1941	687	59.68	12.81	35.39
GCA_003210375.1_ASM321037v1_genomic_prodigal_proteins	2155	GCA_002690325.1_ASM269032v1_genomic_prodigal_proteins	2554	1339	73.19	13.53	62.13
GCA_003210375.1_ASM321037v1_genomic_prodigal_proteins	2155	GCA_000161795.2_ASM16179v2_genomic_prodigal_proteins	2407	1394	76.36	12.71	64.69
GCA_003210375.1_ASM321037v1_genomic_prodigal_proteins	2155	GCA_004211895.1_ASM421189v1_genomic_prodigal_proteins	954	549	76.79	12.40	57.55
GCA_003210375.1_ASM321037v1_genomic_prodigal_proteins	2155	GCA_003210735.1_ASM321073v1_genomic_prodigal_proteins	2337	1134	73.77	13.30	52.62
GCA_003210375.1_ASM321037v1_genomic_prodigal_proteins	2155	GCA_003209035.1_ASM320903v1_genomic_prodigal_proteins	1803	844	73.11	13.97	46.81
GCA_003210375.1_ASM321037v1_genomic_prodigal_proteins	2155	GCA_003712085.1_ASM371208v1_genomic_prodigal_proteins	2745	1419	75.61	12.92	65.85
GCA_003210375.1_ASM321037v1_genomic_prodigal_proteins	2155	GCA_003212155.1_ASM321215v1_genomic_prodigal_proteins	262	106	63.72	16.64	40.46
GCA_003210375.1_ASM321037v1_genomic_prodigal_proteins	2155	GCA_001040845.1_ASM104084v1_genomic_prodigal_proteins	2917	1349	69.60	13.81	62.60
GCA_003210375.1_ASM321037v1_genomic_prodigal_proteins	2155	GCA_002018015.1_ASM201801v1_genomic_prodigal_proteins	1578	645	61.00	12.92	40.87
GCA_003210375.1_ASM321037v1_genomic_prodigal_proteins	2155	GCA_003211255.1_ASM321125v1_genomic_prodigal_proteins	1850	796	73.41	13.30	43.03
GCA_003210375.1_ASM321037v1_genomic_prodigal_proteins	2155	GCA_002721235.1_ASM272123v1_genomic_prodigal_proteins	3119	787	52.80	12.69	36.52
GCA_003210375.1_ASM321037v1_genomic_prodigal_proteins	2155	GCA_009839305.1_ASM983930v1_genomic_prodigal_proteins	1816	636	60.45	13.14	35.02
GCA_003210375.1_ASM321037v1_genomic_prodigal_proteins	2155	GCA_011365345.1_ASM1136534v1_genomic_prodigal_proteins	2655	1437	76.31	12.76	66.68
GCA_003210375.1_ASM321037v1_genomic_prodigal_proteins	2155	GCA_001039265.1_ASM103926v1_genomic_prodigal_proteins	2832	777	67.45	13.70	36.06
GCA_003210375.1_ASM321037v1_genomic_prodigal_proteins	2155	GCA_001628325.1_ASM162832v1_genomic_prodigal_proteins	2129	1252	76.95	12.33	58.81
GCA_003210375.1_ASM321037v1_genomic_prodigal_proteins	2155	GCA_003209215.1_ASM320921v1_genomic_prodigal_proteins	1679	786	76.02	12.88	46.81
GCA_003210375.1_ASM321037v1_genomic_prodigal_proteins	2155	GCA_002737305.1_ASM273730v1_genomic_prodigal_proteins	1951	900	65.81	13.82	46.13
GCA_003210375.1_ASM321037v1_genomic_prodigal_proteins	2155	GCA_003210515.1_ASM321051v1_genomic_prodigal_proteins	1673	940	88.64	10.01	56.19
GCA_003210375.1_ASM321037v1_genomic_prodigal_proteins	2155	GCA_011525445.1_ASM1152544v1_genomic_prodigal_proteins	3208	1080	68.26	13.69	50.12
GCA_003210375.1_ASM321037v1_genomic_prodigal_proteins	2155	GCA_902599435.1_AG-916-N22_genomic_prodigal_proteins	793	375	76.01	14.33	47.29
GCA_003210375.1_ASM321037v1_genomic_prodigal_proteins	2155	GCA_003149585.1_ASM314958v1_genomic_prodigal_proteins	2600	1208	65.81	13.98	56.06
GCA_003210375.1_ASM321037v1_genomic_prodigal_proteins	2155	GCA_902560665.1_AG-905-O11_genomic_prodigal_proteins	401	162	73.61	14.66	40.40
GCA_003210375.1_ASM321037v1_genomic_prodigal_proteins	2155	GCA_003331795.1_ASM333179v1_genomic_prodigal_proteins	1948	960	64.93	14.31	49.28
GCA_003210375.1_ASM321037v1_genomic_prodigal_proteins	2155	GCA_002017955.1_ASM201795v1_genomic_prodigal_proteins	512	187	59.83	12.57	36.52
GCA_003210375.1_ASM321037v1_genomic_prodigal_proteins	2155	GCA_902584485.1_AG-912-O23_genomic_prodigal_proteins	535	201	72.47	15.00	37.57
GCA_003210375.1_ASM321037v1_genomic_prodigal_proteins	2155	GCA_902527915.1_AG-896-G19_genomic_prodigal_proteins	1003	487	73.89	14.32	48.55
GCA_003210375.1_ASM321037v1_genomic_prodigal_proteins	2155	GCA_902635365.1_AG-447-D19_genomic_prodigal_proteins	1690	887	87.77	11.00	52.49
GCA_003210375.1_ASM321037v1_genomic_prodigal_proteins	2155	GCA_900474085.1_UW86_genomic_prodigal_proteins	2403	1402	76.64	12.53	65.06
GCA_003210375.1_ASM321037v1_genomic_prodigal_proteins	2155	GCA_001885215.1_ASM188521v1_genomic_prodigal_proteins	2897	1154	64.97	13.51	53.55
GCA_003210375.1_ASM321037v1_genomic_prodigal_proteins	2155	GCA_902575935.1_AG-426-B22_genomic_prodigal_proteins	254	151	78.31	12.92	59.45
GCA_003210375.1_ASM321037v1_genomic_prodigal_proteins	2155	GCA_900474295.1_UW140_genomic_prodigal_proteins	2925	1347	70.05	13.72	62.51
GCA_003210375.1_ASM321037v1_genomic_prodigal_proteins	2155	GCA_003211565.1_ASM321156v1_genomic_prodigal_proteins	1489	660	75.35	13.15	44.33
GCA_003210375.1_ASM321037v1_genomic_prodigal_proteins	2155	GCA_003526105.1_ASM352610v1_genomic_prodigal_proteins	1581	742	77.52	12.53	46.93
GCA_003210375.1_ASM321037v1_genomic_prodigal_proteins	2155	GCA_002172935.1_ASM217293v1_genomic_prodigal_proteins	1996	1009	68.95	13.87	50.55
GCA_003210375.1_ASM321037v1_genomic_prodigal_proteins	2155	GCA_003210335.1_ASM321033v1_genomic_prodigal_proteins	942	284	67.45	14.19	30.15
GCA_003210375.1_ASM321037v1_genomic_prodigal_proteins	2155	GCA_009846115.1_ASM984611v1_genomic_prodigal_proteins	2048	771	60.16	12.83	37.65
GCA_003210375.1_ASM321037v1_genomic_prodigal_proteins	2155	GCA_001693295.1_ASM169329v1_genomic_prodigal_proteins	3183	785	52.75	12.71	36.43
GCA_003210375.1_ASM321037v1_genomic_prodigal_proteins	2155	GCA_900473965.1_UW179A_genomic_prodigal_proteins	3383	1362	69.38	14.13	63.20
GCA_003210375.1_ASM321037v1_genomic_prodigal_proteins	2155	GCA_003213755.1_ASM321375v1_genomic_prodigal_proteins	1050	413	64.10	14.98	39.33
GCA_003210375.1_ASM321037v1_genomic_prodigal_proteins	2155	GCA_003209155.1_ASM320915v1_genomic_prodigal_proteins	2305	1055	69.46	13.97	48.96
GCA_003210375.1_ASM321037v1_genomic_prodigal_proteins	2155	GCA_003211515.1_ASM321151v1_genomic_prodigal_proteins	2451	966	72.58	13.54	44.83
GCA_003210375.1_ASM321037v1_genomic_prodigal_proteins	2155	GCA_002693285.1_ASM269328v1_genomic_prodigal_proteins	2440	1199	69.20	13.81	55.64
GCA_003210375.1_ASM321037v1_genomic_prodigal_proteins	2155	GCA_003210555.1_ASM321055v1_genomic_prodigal_proteins	1847	792	68.99	13.88	42.88
GCA_003210375.1_ASM321037v1_genomic_prodigal_proteins	2155	GCA_000155595.1_ASM15559v1_genomic_prodigal_proteins	5270	814	52.16	12.50	37.77
GCA_003210375.1_ASM321037v1_genomic_prodigal_proteins	2155	GCA_001007665.1_ASM100766v1_genomic_prodigal_proteins	2356	879	59.92	12.68	40.79
GCA_003210375.1_ASM321037v1_genomic_prodigal_proteins	2155	GCA_009919765.1_ASM991976v1_genomic_prodigal_proteins	2524	830	64.73	14.22	38.52
GCA_003210375.1_ASM321037v1_genomic_prodigal_proteins	2155	GCA_003331225.1_ASM333122v1_genomic_prodigal_proteins	2113	1056	64.83	14.09	49.98
GCA_003210375.1_ASM321037v1_genomic_prodigal_proteins	2155	GCA_900177825.1_IMG-taxon_2708742468_annotated_assembly_genomic_prodigal_proteins	3317	771	52.89	12.75	35.78
GCA_003210375.1_ASM321037v1_genomic_prodigal_proteins	2155	GCA_000195975.1_ASM19597v1_genomic_prodigal_proteins	2719	1398	75.69	12.98	64.87
GCA_003210375.1_ASM321037v1_genomic_prodigal_proteins	2155	GCA_902618885.1_AG-920-D15_genomic_prodigal_proteins	1178	575	74.86	14.32	48.81
GCA_003210375.1_ASM321037v1_genomic_prodigal_proteins	2155	GCA_003209165.1_ASM320916v1_genomic_prodigal_proteins	2711	1265	75.72	12.85	58.70
GCA_003210375.1_ASM321037v1_genomic_prodigal_proteins	2155	GCA_001007625.1_ASM100762v1_genomic_prodigal_proteins	2478	786	60.42	12.72	36.47
GCA_003210375.1_ASM321037v1_genomic_prodigal_proteins	2155	GCA_008386235.1_ASM838623v1_genomic_prodigal_proteins	2571	742	53.55	12.30	34.43
GCA_003210375.1_ASM321037v1_genomic_prodigal_proteins	2155	GCA_001631935.1_ASM163193v1_genomic_prodigal_proteins	3526	1368	69.35	14.18	63.48
GCA_003210375.1_ASM321037v1_genomic_prodigal_proteins	2155	GCA_002151525.1_ASM215152v1_genomic_prodigal_proteins	1628	812	62.73	13.84	49.88
GCA_003210375.1_ASM321037v1_genomic_prodigal_proteins	2155	GCA_000153065.1_ASM15306v1_genomic_prodigal_proteins	2704	1259	70.24	13.54	58.42
GCA_003210375.1_ASM321037v1_genomic_prodigal_proteins	2155	GCA_009837265.1_ASM983726v1_genomic_prodigal_proteins	2126	800	60.17	12.73	37.63
GCA_003210375.1_ASM321037v1_genomic_prodigal_proteins	2155	GCA_902533725.1_AG-898-C20_genomic_prodigal_proteins	421	138	74.44	14.10	32.78
GCA_003210375.1_ASM321037v1_genomic_prodigal_proteins	2155	GCA_002171075.2_ASM217107v2_genomic_prodigal_proteins	1919	872	63.34	13.82	45.44
GCA_003210375.1_ASM321037v1_genomic_prodigal_proteins	2155	GCA_002760395.1_ASM276039v1_genomic_prodigal_proteins	2661	652	52.18	11.93	30.26
GCA_003210375.1_ASM321037v1_genomic_prodigal_proteins	2155	GCA_003209005.1_ASM320900v1_genomic_prodigal_proteins	2548	1135	69.14	14.15	52.67
GCA_003210375.1_ASM321037v1_genomic_prodigal_proteins	2155	GCA_002017915.1_ASM201791v1_genomic_prodigal_proteins	623	235	62.76	13.42	37.72
GCA_003210375.1_ASM321037v1_genomic_prodigal_proteins	2155	GCA_900047545.1_m9_genomic_prodigal_proteins	1575	686	59.89	12.92	43.56
GCA_003210375.1_ASM321037v1_genomic_prodigal_proteins	2155	GCA_001632105.1_ASM163210v1_genomic_prodigal_proteins	3521	1373	69.33	14.22	63.71
GCA_003210375.1_ASM321037v1_genomic_prodigal_proteins	2155	GCA_004212765.1_ASM421276v1_genomic_prodigal_proteins	1162	664	75.69	13.24	57.14
GCA_003210375.1_ASM321037v1_genomic_prodigal_proteins	2155	GCA_002685515.1_ASM268551v1_genomic_prodigal_proteins	1286	663	68.60	13.86	51.56
GCA_003210375.1_ASM321037v1_genomic_prodigal_proteins	2155	GCA_007828135.1_ASM782813v1_genomic_prodigal_proteins	2917	1154	64.97	13.51	53.55
GCA_003210375.1_ASM321037v1_genomic_prodigal_proteins	2155	GCA_011047875.1_ASM1104787v1_genomic_prodigal_proteins	2810	660	52.01	12.13	30.63
GCA_003210375.1_ASM321037v1_genomic_prodigal_proteins	2155	GCA_009840445.1_ASM984044v1_genomic_prodigal_proteins	2167	885	60.02	12.80	41.07
GCA_003210375.1_ASM321037v1_genomic_prodigal_proteins	2155	GCA_003210995.1_ASM321099v1_genomic_prodigal_proteins	2385	1006	69.26	14.27	46.68
GCA_003210375.1_ASM321037v1_genomic_prodigal_proteins	2155	GCA_902616995.1_AG-919-L20_genomic_prodigal_proteins	654	333	73.19	14.57	50.92
GCA_003210375.1_ASM321037v1_genomic_prodigal_proteins	2155	GCA_009845825.1_ASM984582v1_genomic_prodigal_proteins	2168	751	60.25	12.60	34.85
GCA_003210375.1_ASM321037v1_genomic_prodigal_proteins	2155	GCA_000515235.1_ASM51523v1_genomic_prodigal_proteins	2873	1415	73.95	12.98	65.66
GCA_003210375.1_ASM321037v1_genomic_prodigal_proteins	2155	GCA_003523965.1_ASM352396v1_genomic_prodigal_proteins	1735	553	61.45	12.88	31.87
GCA_003210375.1_ASM321037v1_genomic_prodigal_proteins	2155	GCA_002684175.1_ASM268417v1_genomic_prodigal_proteins	1819	850	73.90	12.09	46.73
GCA_003210375.1_ASM321037v1_genomic_prodigal_proteins	2155	GCA_011523295.1_ASM1152329v1_genomic_prodigal_proteins	2851	1115	72.53	13.43	51.74
GCA_003210375.1_ASM321037v1_genomic_prodigal_proteins	2155	GCA_003211015.1_ASM321101v1_genomic_prodigal_proteins	2128	995	69.69	13.75	46.76
GCA_003210375.1_ASM321037v1_genomic_prodigal_proteins	2155	GCA_002006815.1_ASM200681v1_genomic_prodigal_proteins	1973	997	63.13	13.77	50.53
GCA_902579345.1_AG-911-L15_genomic_prodigal_proteins	248	GCA_000011345.1_ASM1134v1_genomic_prodigal_proteins	2520	41	53.72	14.96	16.53
GCA_902579345.1_AG-911-L15_genomic_prodigal_proteins	248	GCA_003210705.1_ASM321070v1_genomic_prodigal_proteins	2244	83	67.93	15.92	33.47
GCA_902579345.1_AG-911-L15_genomic_prodigal_proteins	248	GCA_000019485.1_ASM1948v1_genomic_prodigal_proteins	3233	44	53.31	14.41	17.74
GCA_902579345.1_AG-911-L15_genomic_prodigal_proteins	248	GCA_003283055.1_ASM328305v1_genomic_prodigal_proteins	482	10	67.08	17.25	4.03
GCA_902579345.1_AG-911-L15_genomic_prodigal_proteins	248	GCA_000010065.1_ASM1006v1_genomic_prodigal_proteins	2691	53	53.44	15.28	21.37
GCA_902579345.1_AG-911-L15_genomic_prodigal_proteins	248	GCA_000316685.1_ASM31668v1_genomic_prodigal_proteins	3706	48	53.39	14.54	19.35
GCA_902579345.1_AG-911-L15_genomic_prodigal_proteins	248	GCA_000063525.1_ASM6352v1_genomic_prodigal_proteins	2540	88	65.15	14.99	35.48
GCA_902579345.1_AG-911-L15_genomic_prodigal_proteins	248	GCA_003283165.1_ASM328316v1_genomic_prodigal_proteins	217	28	78.71	14.47	12.90
GCA_902579345.1_AG-911-L15_genomic_prodigal_proteins	248	GCA_902540675.1_AG-359-E22_genomic_prodigal_proteins	584	51	92.39	15.07	20.56
GCA_902579345.1_AG-911-L15_genomic_prodigal_proteins	248	GCA_011055065.1_ASM1105506v1_genomic_prodigal_proteins	2792	41	52.37	14.12	16.53
GCA_902579345.1_AG-911-L15_genomic_prodigal_proteins	248	GCA_000013205.1_ASM1320v1_genomic_prodigal_proteins	2750	39	52.59	14.32	15.73
GCA_902579345.1_AG-911-L15_genomic_prodigal_proteins	248	GCA_003539795.1_ASM353979v1_genomic_prodigal_proteins	2284	54	73.27	16.06	21.77
GCA_902579345.1_AG-911-L15_genomic_prodigal_proteins	248	GCA_002171995.1_ASM217199v1_genomic_prodigal_proteins	1978	72	67.94	16.06	29.03
GCA_902579345.1_AG-911-L15_genomic_prodigal_proteins	248	GCA_011523835.1_ASM1152383v1_genomic_prodigal_proteins	2468	102	67.55	15.90	41.13
GCA_902579345.1_AG-911-L15_genomic_prodigal_proteins	248	GCA_002172175.1_ASM217217v1_genomic_prodigal_proteins	1846	65	63.05	16.26	26.21
GCA_902579345.1_AG-911-L15_genomic_prodigal_proteins	248	GCA_003208835.1_ASM320883v1_genomic_prodigal_proteins	2208	94	70.01	14.78	37.90
GCA_902579345.1_AG-911-L15_genomic_prodigal_proteins	248	GCA_902589915.1_AG-914-F20_genomic_prodigal_proteins	373	39	92.73	15.65	15.73
GCA_902579345.1_AG-911-L15_genomic_prodigal_proteins	248	GCA_000485815.1_ASM48581v1_genomic_prodigal_proteins	3083	51	52.62	14.44	20.56
GCA_902579345.1_AG-911-L15_genomic_prodigal_proteins	248	GCA_008807075.1_ASM880707v1_genomic_prodigal_proteins	2925	75	61.00	16.76	30.24
GCA_902579345.1_AG-911-L15_genomic_prodigal_proteins	248	GCA_000179235.2_ASM17923v2_genomic_prodigal_proteins	3071	72	64.04	15.88	29.03
GCA_902579345.1_AG-911-L15_genomic_prodigal_proteins	248	GCA_003210795.1_ASM321079v1_genomic_prodigal_proteins	2239	122	74.65	13.35	49.19
GCA_902579345.1_AG-911-L15_genomic_prodigal_proteins	248	GCA_002706715.1_ASM270671v1_genomic_prodigal_proteins	1148	68	73.15	16.23	27.42
GCA_902579345.1_AG-911-L15_genomic_prodigal_proteins	248	GCA_003331245.1_ASM333124v1_genomic_prodigal_proteins	2021	81	74.74	14.34	32.66
GCA_902579345.1_AG-911-L15_genomic_prodigal_proteins	248	GCA_009843385.1_ASM984338v1_genomic_prodigal_proteins	2085	53	59.06	15.17	21.37
GCA_902579345.1_AG-911-L15_genomic_prodigal_proteins	248	GCA_003211205.1_ASM321120v1_genomic_prodigal_proteins	2288	104	67.16	15.84	41.94
GCA_902579345.1_AG-911-L15_genomic_prodigal_proteins	248	GCA_000063505.1_ASM6350v1_genomic_prodigal_proteins	2558	111	66.79	16.74	44.76
GCA_902579345.1_AG-911-L15_genomic_prodigal_proteins	248	GCA_900474245.1_UW179B_genomic_prodigal_proteins	2743	103	65.63	15.77	41.53
GCA_902579345.1_AG-911-L15_genomic_prodigal_proteins	248	GCA_003210345.1_ASM321034v1_genomic_prodigal_proteins	1256	50	67.24	18.79	20.16
GCA_902579345.1_AG-911-L15_genomic_prodigal_proteins	248	GCA_003210315.1_ASM321031v1_genomic_prodigal_proteins	1815	71	66.22	17.22	28.63
GCA_902579345.1_AG-911-L15_genomic_prodigal_proteins	248	GCA_009836155.1_ASM983615v1_genomic_prodigal_proteins	1947	61	57.84	14.93	24.60
GCA_902579345.1_AG-911-L15_genomic_prodigal_proteins	248	GCA_003990665.2_ASM399066v2_genomic_prodigal_proteins	2499	41	53.73	14.94	16.53
GCA_902579345.1_AG-911-L15_genomic_prodigal_proteins	248	GCA_003209135.1_ASM320913v1_genomic_prodigal_proteins	1719	72	66.78	16.20	29.03
GCA_902579345.1_AG-911-L15_genomic_prodigal_proteins	248	GCA_009845105.1_ASM984510v1_genomic_prodigal_proteins	1941	53	57.03	15.15	21.37
GCA_902579345.1_AG-911-L15_genomic_prodigal_proteins	248	GCA_002690325.1_ASM269032v1_genomic_prodigal_proteins	2554	122	68.80	15.16	49.19
GCA_902579345.1_AG-911-L15_genomic_prodigal_proteins	248	GCA_000161795.2_ASM16179v2_genomic_prodigal_proteins	2407	106	76.13	14.49	42.74
GCA_902579345.1_AG-911-L15_genomic_prodigal_proteins	248	GCA_004211895.1_ASM421189v1_genomic_prodigal_proteins	954	33	71.84	17.88	13.31
GCA_902579345.1_AG-911-L15_genomic_prodigal_proteins	248	GCA_003210735.1_ASM321073v1_genomic_prodigal_proteins	2337	118	73.44	14.28	47.58
GCA_902579345.1_AG-911-L15_genomic_prodigal_proteins	248	GCA_003209035.1_ASM320903v1_genomic_prodigal_proteins	1803	126	75.87	14.06	50.81
GCA_902579345.1_AG-911-L15_genomic_prodigal_proteins	248	GCA_003712085.1_ASM371208v1_genomic_prodigal_proteins	2745	132	91.69	14.60	53.23
GCA_902579345.1_AG-911-L15_genomic_prodigal_proteins	248	GCA_003212155.1_ASM321215v1_genomic_prodigal_proteins	262	32	69.34	16.98	12.90
GCA_902579345.1_AG-911-L15_genomic_prodigal_proteins	248	GCA_001040845.1_ASM104084v1_genomic_prodigal_proteins	2917	105	67.94	15.16	42.34
GCA_902579345.1_AG-911-L15_genomic_prodigal_proteins	248	GCA_002018015.1_ASM201801v1_genomic_prodigal_proteins	1578	41	63.14	15.29	16.53
GCA_902579345.1_AG-911-L15_genomic_prodigal_proteins	248	GCA_003211255.1_ASM321125v1_genomic_prodigal_proteins	1850	94	73.05	14.61	37.90
GCA_902579345.1_AG-911-L15_genomic_prodigal_proteins	248	GCA_002721235.1_ASM272123v1_genomic_prodigal_proteins	3119	43	53.44	14.09	17.34
GCA_902579345.1_AG-911-L15_genomic_prodigal_proteins	248	GCA_009839305.1_ASM983930v1_genomic_prodigal_proteins	1816	43	57.73	16.63	17.34
GCA_902579345.1_AG-911-L15_genomic_prodigal_proteins	248	GCA_011365345.1_ASM1136534v1_genomic_prodigal_proteins	2655	114	74.47	15.89	45.97
GCA_902579345.1_AG-911-L15_genomic_prodigal_proteins	248	GCA_001039265.1_ASM103926v1_genomic_prodigal_proteins	2832	52	64.98	16.72	20.97
GCA_902579345.1_AG-911-L15_genomic_prodigal_proteins	248	GCA_001628325.1_ASM162832v1_genomic_prodigal_proteins	2129	95	72.71	14.30	38.31
GCA_902579345.1_AG-911-L15_genomic_prodigal_proteins	248	GCA_003209215.1_ASM320921v1_genomic_prodigal_proteins	1679	56	71.32	18.50	22.58
GCA_902579345.1_AG-911-L15_genomic_prodigal_proteins	248	GCA_002737305.1_ASM273730v1_genomic_prodigal_proteins	1951	47	62.66	16.82	18.95
GCA_902579345.1_AG-911-L15_genomic_prodigal_proteins	248	GCA_003210515.1_ASM321051v1_genomic_prodigal_proteins	1673	62	68.13	17.53	25.00
GCA_902579345.1_AG-911-L15_genomic_prodigal_proteins	248	GCA_011525445.1_ASM1152544v1_genomic_prodigal_proteins	3208	96	71.63	17.17	38.71
GCA_902579345.1_AG-911-L15_genomic_prodigal_proteins	248	GCA_902599435.1_AG-916-N22_genomic_prodigal_proteins	793	59	90.24	14.65	23.79
GCA_902579345.1_AG-911-L15_genomic_prodigal_proteins	248	GCA_003149585.1_ASM314958v1_genomic_prodigal_proteins	2600	72	62.84	15.53	29.03
GCA_902579345.1_AG-911-L15_genomic_prodigal_proteins	248	GCA_902560665.1_AG-905-O11_genomic_prodigal_proteins	401	78	93.81	12.97	31.45
GCA_902579345.1_AG-911-L15_genomic_prodigal_proteins	248	GCA_003331795.1_ASM333179v1_genomic_prodigal_proteins	1948	76	64.56	15.58	30.65
GCA_902579345.1_AG-911-L15_genomic_prodigal_proteins	248	GCA_002017955.1_ASM201795v1_genomic_prodigal_proteins	512	18	65.84	14.42	7.26
GCA_902579345.1_AG-911-L15_genomic_prodigal_proteins	248	GCA_902584485.1_AG-912-O23_genomic_prodigal_proteins	535	52	90.70	14.47	20.97
GCA_902579345.1_AG-911-L15_genomic_prodigal_proteins	248	GCA_902527915.1_AG-896-G19_genomic_prodigal_proteins	1003	63	92.32	15.81	25.40
GCA_902579345.1_AG-911-L15_genomic_prodigal_proteins	248	GCA_902635365.1_AG-447-D19_genomic_prodigal_proteins	1690	85	67.76	16.71	34.27
GCA_902579345.1_AG-911-L15_genomic_prodigal_proteins	248	GCA_900474085.1_UW86_genomic_prodigal_proteins	2403	107	72.63	15.70	43.15
GCA_902579345.1_AG-911-L15_genomic_prodigal_proteins	248	GCA_001885215.1_ASM188521v1_genomic_prodigal_proteins	2897	82	62.18	16.22	33.06
GCA_902579345.1_AG-911-L15_genomic_prodigal_proteins	248	GCA_902575935.1_AG-426-B22_genomic_prodigal_proteins	254	32	70.19	16.53	12.90
GCA_902579345.1_AG-911-L15_genomic_prodigal_proteins	248	GCA_900474295.1_UW140_genomic_prodigal_proteins	2925	110	68.25	15.76	44.35
GCA_902579345.1_AG-911-L15_genomic_prodigal_proteins	248	GCA_003211565.1_ASM321156v1_genomic_prodigal_proteins	1489	40	73.62	17.61	16.13
GCA_902579345.1_AG-911-L15_genomic_prodigal_proteins	248	GCA_003526105.1_ASM352610v1_genomic_prodigal_proteins	1581	57	75.10	15.03	22.98
GCA_902579345.1_AG-911-L15_genomic_prodigal_proteins	248	GCA_002172935.1_ASM217293v1_genomic_prodigal_proteins	1996	69	62.53	17.04	27.82
GCA_902579345.1_AG-911-L15_genomic_prodigal_proteins	248	GCA_003210335.1_ASM321033v1_genomic_prodigal_proteins	942	37	64.97	19.10	14.92
GCA_902579345.1_AG-911-L15_genomic_prodigal_proteins	248	GCA_009846115.1_ASM984611v1_genomic_prodigal_proteins	2048	55	59.81	15.95	22.18
GCA_902579345.1_AG-911-L15_genomic_prodigal_proteins	248	GCA_001693295.1_ASM169329v1_genomic_prodigal_proteins	3183	44	53.00	14.43	17.74
GCA_902579345.1_AG-911-L15_genomic_prodigal_proteins	248	GCA_900473965.1_UW179A_genomic_prodigal_proteins	3383	108	67.61	15.46	43.55
GCA_902579345.1_AG-911-L15_genomic_prodigal_proteins	248	GCA_003213755.1_ASM321375v1_genomic_prodigal_proteins	1050	68	65.25	15.93	27.42
GCA_902579345.1_AG-911-L15_genomic_prodigal_proteins	248	GCA_003209155.1_ASM320915v1_genomic_prodigal_proteins	2305	102	67.49	15.70	41.13
GCA_902579345.1_AG-911-L15_genomic_prodigal_proteins	248	GCA_003211515.1_ASM321151v1_genomic_prodigal_proteins	2451	109	70.60	14.24	43.95
GCA_902579345.1_AG-911-L15_genomic_prodigal_proteins	248	GCA_002693285.1_ASM269328v1_genomic_prodigal_proteins	2440	90	66.79	16.11	36.29
GCA_902579345.1_AG-911-L15_genomic_prodigal_proteins	248	GCA_003210555.1_ASM321055v1_genomic_prodigal_proteins	1847	50	65.19	18.36	20.16
GCA_902579345.1_AG-911-L15_genomic_prodigal_proteins	248	GCA_000155595.1_ASM15559v1_genomic_prodigal_proteins	5270	57	51.34	13.81	22.98
GCA_902579345.1_AG-911-L15_genomic_prodigal_proteins	248	GCA_001007665.1_ASM100766v1_genomic_prodigal_proteins	2356	57	59.37	15.28	22.98
GCA_902579345.1_AG-911-L15_genomic_prodigal_proteins	248	GCA_009919765.1_ASM991976v1_genomic_prodigal_proteins	2524	52	62.37	16.06	20.97
GCA_902579345.1_AG-911-L15_genomic_prodigal_proteins	248	GCA_003331225.1_ASM333122v1_genomic_prodigal_proteins	2113	85	65.86	15.28	34.27
GCA_902579345.1_AG-911-L15_genomic_prodigal_proteins	248	GCA_900177825.1_IMG-taxon_2708742468_annotated_assembly_genomic_prodigal_proteins	3317	45	53.13	14.30	18.15
GCA_902579345.1_AG-911-L15_genomic_prodigal_proteins	248	GCA_000195975.1_ASM19597v1_genomic_prodigal_proteins	2719	141	93.80	12.18	56.85
GCA_902579345.1_AG-911-L15_genomic_prodigal_proteins	248	GCA_902618885.1_AG-920-D15_genomic_prodigal_proteins	1178	72	88.63	18.57	29.03
GCA_902579345.1_AG-911-L15_genomic_prodigal_proteins	248	GCA_003209165.1_ASM320916v1_genomic_prodigal_proteins	2711	115	72.04	15.01	46.37
GCA_902579345.1_AG-911-L15_genomic_prodigal_proteins	248	GCA_001007625.1_ASM100762v1_genomic_prodigal_proteins	2478	53	58.21	15.26	21.37
GCA_902579345.1_AG-911-L15_genomic_prodigal_proteins	248	GCA_008386235.1_ASM838623v1_genomic_prodigal_proteins	2571	42	52.43	15.66	16.94
GCA_902579345.1_AG-911-L15_genomic_prodigal_proteins	248	GCA_001631935.1_ASM163193v1_genomic_prodigal_proteins	3526	104	67.10	15.90	41.94
GCA_902579345.1_AG-911-L15_genomic_prodigal_proteins	248	GCA_002151525.1_ASM215152v1_genomic_prodigal_proteins	1628	59	64.57	15.15	23.79
GCA_902579345.1_AG-911-L15_genomic_prodigal_proteins	248	GCA_000153065.1_ASM15306v1_genomic_prodigal_proteins	2704	85	65.21	16.23	34.27
GCA_902579345.1_AG-911-L15_genomic_prodigal_proteins	248	GCA_009837265.1_ASM983726v1_genomic_prodigal_proteins	2126	60	58.66	15.98	24.19
GCA_902579345.1_AG-911-L15_genomic_prodigal_proteins	248	GCA_902533725.1_AG-898-C20_genomic_prodigal_proteins	421	10	68.28	21.59	4.03
GCA_902579345.1_AG-911-L15_genomic_prodigal_proteins	248	GCA_002171075.2_ASM217107v2_genomic_prodigal_proteins	1919	62	63.08	17.12	25.00
GCA_902579345.1_AG-911-L15_genomic_prodigal_proteins	248	GCA_002760395.1_ASM276039v1_genomic_prodigal_proteins	2661	37	52.80	14.50	14.92
GCA_902579345.1_AG-911-L15_genomic_prodigal_proteins	248	GCA_003209005.1_ASM320900v1_genomic_prodigal_proteins	2548	75	64.61	16.16	30.24
GCA_902579345.1_AG-911-L15_genomic_prodigal_proteins	248	GCA_002017915.1_ASM201791v1_genomic_prodigal_proteins	623	18	62.71	17.44	7.26
GCA_902579345.1_AG-911-L15_genomic_prodigal_proteins	248	GCA_900047545.1_m9_genomic_prodigal_proteins	1575	39	57.37	14.75	15.73
GCA_902579345.1_AG-911-L15_genomic_prodigal_proteins	248	GCA_001632105.1_ASM163210v1_genomic_prodigal_proteins	3521	105	66.78	16.17	42.34
GCA_902579345.1_AG-911-L15_genomic_prodigal_proteins	248	GCA_004212765.1_ASM421276v1_genomic_prodigal_proteins	1162	48	85.58	15.14	19.35
GCA_902579345.1_AG-911-L15_genomic_prodigal_proteins	248	GCA_002685515.1_ASM268551v1_genomic_prodigal_proteins	1286	33	59.40	14.30	13.31
GCA_902579345.1_AG-911-L15_genomic_prodigal_proteins	248	GCA_007828135.1_ASM782813v1_genomic_prodigal_proteins	2917	81	62.32	16.26	32.66
GCA_902579345.1_AG-911-L15_genomic_prodigal_proteins	248	GCA_011047875.1_ASM1104787v1_genomic_prodigal_proteins	2810	42	52.26	13.97	16.94
GCA_902579345.1_AG-911-L15_genomic_prodigal_proteins	248	GCA_009840445.1_ASM984044v1_genomic_prodigal_proteins	2167	59	58.79	15.10	23.79
GCA_902579345.1_AG-911-L15_genomic_prodigal_proteins	248	GCA_003210995.1_ASM321099v1_genomic_prodigal_proteins	2385	98	67.59	16.36	39.52
GCA_902579345.1_AG-911-L15_genomic_prodigal_proteins	248	GCA_902616995.1_AG-919-L20_genomic_prodigal_proteins	654	70	93.38	14.87	28.23
GCA_902579345.1_AG-911-L15_genomic_prodigal_proteins	248	GCA_009845825.1_ASM984582v1_genomic_prodigal_proteins	2168	54	58.26	15.28	21.77
GCA_902579345.1_AG-911-L15_genomic_prodigal_proteins	248	GCA_000515235.1_ASM51523v1_genomic_prodigal_proteins	2873	127	69.10	15.87	51.21
GCA_902579345.1_AG-911-L15_genomic_prodigal_proteins	248	GCA_003523965.1_ASM352396v1_genomic_prodigal_proteins	1735	49	58.64	16.88	19.76
GCA_902579345.1_AG-911-L15_genomic_prodigal_proteins	248	GCA_002684175.1_ASM268417v1_genomic_prodigal_proteins	1819	75	72.59	14.85	30.24
GCA_902579345.1_AG-911-L15_genomic_prodigal_proteins	248	GCA_011523295.1_ASM1152329v1_genomic_prodigal_proteins	2851	94	67.69	14.23	37.90
GCA_902579345.1_AG-911-L15_genomic_prodigal_proteins	248	GCA_003211015.1_ASM321101v1_genomic_prodigal_proteins	2128	64	67.25	16.08	25.81
GCA_902579345.1_AG-911-L15_genomic_prodigal_proteins	248	GCA_002006815.1_ASM200681v1_genomic_prodigal_proteins	1973	61	61.21	15.32	24.60
GCA_009843485.1_ASM984348v1_genomic_prodigal_proteins	2158	GCA_003283135.1_ASM328313v1_genomic_prodigal_proteins	459	87	60.90	12.69	18.95
GCA_009843485.1_ASM984348v1_genomic_prodigal_proteins	2158	GCA_902635485.1_AG-447-G23_genomic_prodigal_proteins	327	70	60.80	15.23	21.41
GCA_009843485.1_ASM984348v1_genomic_prodigal_proteins	2158	GCA_002760415.1_ASM276041v1_genomic_prodigal_proteins	2670	823	53.29	11.59	38.14
GCA_009843485.1_ASM984348v1_genomic_prodigal_proteins	2158	GCA_002754935.1_ASM275493v1_genomic_prodigal_proteins	2664	873	54.16	12.13	40.45
GCA_009843485.1_ASM984348v1_genomic_prodigal_proteins	2158	GCA_002171685.2_ASM217168v2_genomic_prodigal_proteins	811	472	60.68	12.36	58.20
GCA_009843485.1_ASM984348v1_genomic_prodigal_proteins	2158	GCA_000737595.1_ASM73759v1_genomic_prodigal_proteins	2774	1187	61.04	12.93	55.00
GCA_009843485.1_ASM984348v1_genomic_prodigal_proteins	2158	GCA_003331785.1_ASM333178v1_genomic_prodigal_proteins	2125	1087	60.77	12.76	51.15
GCA_009843485.1_ASM984348v1_genomic_prodigal_proteins	2158	GCA_009842265.1_ASM984226v1_genomic_prodigal_proteins	2398	1504	87.07	8.14	69.69
GCA_009843485.1_ASM984348v1_genomic_prodigal_proteins	2158	GCA_902579345.1_AG-911-L15_genomic_prodigal_proteins	248	62	58.61	15.63	25.00
GCA_009843485.1_ASM984348v1_genomic_prodigal_proteins	2158	GCA_000011345.1_ASM1134v1_genomic_prodigal_proteins	2520	911	54.36	12.19	42.22
GCA_009843485.1_ASM984348v1_genomic_prodigal_proteins	2158	GCA_003210705.1_ASM321070v1_genomic_prodigal_proteins	2244	839	60.55	12.90	38.88
GCA_009843485.1_ASM984348v1_genomic_prodigal_proteins	2158	GCA_000019485.1_ASM1948v1_genomic_prodigal_proteins	3233	930	53.42	12.31	43.10
GCA_009843485.1_ASM984348v1_genomic_prodigal_proteins	2158	GCA_003283055.1_ASM328305v1_genomic_prodigal_proteins	482	41	60.16	14.81	8.51
GCA_009843485.1_ASM984348v1_genomic_prodigal_proteins	2158	GCA_000010065.1_ASM1006v1_genomic_prodigal_proteins	2691	989	55.50	12.67	45.83
GCA_009843485.1_ASM984348v1_genomic_prodigal_proteins	2158	GCA_000316685.1_ASM31668v1_genomic_prodigal_proteins	3706	943	53.40	12.28	43.70
GCA_009843485.1_ASM984348v1_genomic_prodigal_proteins	2158	GCA_000063525.1_ASM6352v1_genomic_prodigal_proteins	2540	1216	62.14	12.54	56.35
GCA_009843485.1_ASM984348v1_genomic_prodigal_proteins	2158	GCA_003283165.1_ASM328316v1_genomic_prodigal_proteins	217	53	59.58	12.10	24.42
GCA_009843485.1_ASM984348v1_genomic_prodigal_proteins	2158	GCA_902540675.1_AG-359-E22_genomic_prodigal_proteins	584	191	62.73	13.99	32.71
GCA_009843485.1_ASM984348v1_genomic_prodigal_proteins	2158	GCA_011055065.1_ASM1105506v1_genomic_prodigal_proteins	2792	792	53.18	11.70	36.70
GCA_009843485.1_ASM984348v1_genomic_prodigal_proteins	2158	GCA_000013205.1_ASM1320v1_genomic_prodigal_proteins	2750	835	53.29	11.61	38.69
GCA_009843485.1_ASM984348v1_genomic_prodigal_proteins	2158	GCA_003539795.1_ASM353979v1_genomic_prodigal_proteins	2284	887	59.77	12.22	41.10
GCA_009843485.1_ASM984348v1_genomic_prodigal_proteins	2158	GCA_002171995.1_ASM217199v1_genomic_prodigal_proteins	1978	685	61.03	12.70	34.63
GCA_009843485.1_ASM984348v1_genomic_prodigal_proteins	2158	GCA_011523835.1_ASM1152383v1_genomic_prodigal_proteins	2468	1007	60.70	12.82	46.66
GCA_009843485.1_ASM984348v1_genomic_prodigal_proteins	2158	GCA_002172175.1_ASM217217v1_genomic_prodigal_proteins	1846	763	60.28	12.48	41.33
GCA_009843485.1_ASM984348v1_genomic_prodigal_proteins	2158	GCA_003208835.1_ASM320883v1_genomic_prodigal_proteins	2208	868	60.57	13.04	40.22
GCA_009843485.1_ASM984348v1_genomic_prodigal_proteins	2158	GCA_902589915.1_AG-914-F20_genomic_prodigal_proteins	373	97	62.25	13.08	26.01
GCA_009843485.1_ASM984348v1_genomic_prodigal_proteins	2158	GCA_000485815.1_ASM48581v1_genomic_prodigal_proteins	3083	904	53.31	12.48	41.89
GCA_009843485.1_ASM984348v1_genomic_prodigal_proteins	2158	GCA_008807075.1_ASM880707v1_genomic_prodigal_proteins	2925	1161	61.92	12.71	53.80
GCA_009843485.1_ASM984348v1_genomic_prodigal_proteins	2158	GCA_000179235.2_ASM17923v2_genomic_prodigal_proteins	3071	1213	62.25	12.48	56.21
GCA_009843485.1_ASM984348v1_genomic_prodigal_proteins	2158	GCA_003210795.1_ASM321079v1_genomic_prodigal_proteins	2239	876	60.65	12.67	40.59
GCA_009843485.1_ASM984348v1_genomic_prodigal_proteins	2158	GCA_002706715.1_ASM270671v1_genomic_prodigal_proteins	1148	624	60.77	12.85	54.36
GCA_009843485.1_ASM984348v1_genomic_prodigal_proteins	2158	GCA_003331245.1_ASM333124v1_genomic_prodigal_proteins	2021	964	61.18	12.23	47.70
GCA_009843485.1_ASM984348v1_genomic_prodigal_proteins	2158	GCA_009843385.1_ASM984338v1_genomic_prodigal_proteins	2085	1278	86.79	8.84	61.29
GCA_009843485.1_ASM984348v1_genomic_prodigal_proteins	2158	GCA_003211205.1_ASM321120v1_genomic_prodigal_proteins	2288	908	60.79	12.93	42.08
GCA_009843485.1_ASM984348v1_genomic_prodigal_proteins	2158	GCA_000063505.1_ASM6350v1_genomic_prodigal_proteins	2558	1160	61.32	13.04	53.75
GCA_009843485.1_ASM984348v1_genomic_prodigal_proteins	2158	GCA_900474245.1_UW179B_genomic_prodigal_proteins	2743	1173	60.90	12.82	54.36
GCA_009843485.1_ASM984348v1_genomic_prodigal_proteins	2158	GCA_003210345.1_ASM321034v1_genomic_prodigal_proteins	1256	481	59.07	12.73	38.30
GCA_009843485.1_ASM984348v1_genomic_prodigal_proteins	2158	GCA_003210315.1_ASM321031v1_genomic_prodigal_proteins	1815	706	60.31	12.82	38.90
GCA_009843485.1_ASM984348v1_genomic_prodigal_proteins	2158	GCA_009836155.1_ASM983615v1_genomic_prodigal_proteins	1947	1399	87.22	8.16	71.85
GCA_009843485.1_ASM984348v1_genomic_prodigal_proteins	2158	GCA_003990665.2_ASM399066v2_genomic_prodigal_proteins	2499	910	54.37	12.16	42.17
GCA_009843485.1_ASM984348v1_genomic_prodigal_proteins	2158	GCA_003209135.1_ASM320913v1_genomic_prodigal_proteins	1719	614	59.70	12.83	35.72
GCA_009843485.1_ASM984348v1_genomic_prodigal_proteins	2158	GCA_009845105.1_ASM984510v1_genomic_prodigal_proteins	1941	1217	86.59	8.51	62.70
GCA_009843485.1_ASM984348v1_genomic_prodigal_proteins	2158	GCA_002690325.1_ASM269032v1_genomic_prodigal_proteins	2554	1073	59.99	12.64	49.72
GCA_009843485.1_ASM984348v1_genomic_prodigal_proteins	2158	GCA_000161795.2_ASM16179v2_genomic_prodigal_proteins	2407	1176	61.28	12.83	54.49
GCA_009843485.1_ASM984348v1_genomic_prodigal_proteins	2158	GCA_004211895.1_ASM421189v1_genomic_prodigal_proteins	954	491	61.05	12.63	51.47
GCA_009843485.1_ASM984348v1_genomic_prodigal_proteins	2158	GCA_003210735.1_ASM321073v1_genomic_prodigal_proteins	2337	866	60.21	12.90	40.13
GCA_009843485.1_ASM984348v1_genomic_prodigal_proteins	2158	GCA_003209035.1_ASM320903v1_genomic_prodigal_proteins	1803	645	60.75	12.73	35.77
GCA_009843485.1_ASM984348v1_genomic_prodigal_proteins	2158	GCA_003712085.1_ASM371208v1_genomic_prodigal_proteins	2745	1201	61.22	12.75	55.65
GCA_009843485.1_ASM984348v1_genomic_prodigal_proteins	2158	GCA_003212155.1_ASM321215v1_genomic_prodigal_proteins	262	75	60.30	15.39	28.63
GCA_009843485.1_ASM984348v1_genomic_prodigal_proteins	2158	GCA_001040845.1_ASM104084v1_genomic_prodigal_proteins	2917	1188	60.67	12.89	55.05
GCA_009843485.1_ASM984348v1_genomic_prodigal_proteins	2158	GCA_002018015.1_ASM201801v1_genomic_prodigal_proteins	1578	1112	86.00	8.88	70.47
GCA_009843485.1_ASM984348v1_genomic_prodigal_proteins	2158	GCA_003211255.1_ASM321125v1_genomic_prodigal_proteins	1850	657	60.17	12.65	35.51
GCA_009843485.1_ASM984348v1_genomic_prodigal_proteins	2158	GCA_002721235.1_ASM272123v1_genomic_prodigal_proteins	3119	930	53.37	12.33	43.10
GCA_009843485.1_ASM984348v1_genomic_prodigal_proteins	2158	GCA_009839305.1_ASM983930v1_genomic_prodigal_proteins	1816	1473	99.84	0.77	81.11
GCA_009843485.1_ASM984348v1_genomic_prodigal_proteins	2158	GCA_011365345.1_ASM1136534v1_genomic_prodigal_proteins	2655	1178	61.32	12.85	54.59
GCA_009843485.1_ASM984348v1_genomic_prodigal_proteins	2158	GCA_001039265.1_ASM103926v1_genomic_prodigal_proteins	2832	836	63.60	12.57	38.74
GCA_009843485.1_ASM984348v1_genomic_prodigal_proteins	2158	GCA_001628325.1_ASM162832v1_genomic_prodigal_proteins	2129	1074	61.40	12.67	50.45
GCA_009843485.1_ASM984348v1_genomic_prodigal_proteins	2158	GCA_003209215.1_ASM320921v1_genomic_prodigal_proteins	1679	601	60.61	12.80	35.80
GCA_009843485.1_ASM984348v1_genomic_prodigal_proteins	2158	GCA_002737305.1_ASM273730v1_genomic_prodigal_proteins	1951	943	62.61	12.48	48.33
GCA_009843485.1_ASM984348v1_genomic_prodigal_proteins	2158	GCA_003210515.1_ASM321051v1_genomic_prodigal_proteins	1673	658	60.30	12.95	39.33
GCA_009843485.1_ASM984348v1_genomic_prodigal_proteins	2158	GCA_011525445.1_ASM1152544v1_genomic_prodigal_proteins	3208	954	59.66	12.55	44.21
GCA_009843485.1_ASM984348v1_genomic_prodigal_proteins	2158	GCA_902599435.1_AG-916-N22_genomic_prodigal_proteins	793	286	62.58	12.94	36.07
GCA_009843485.1_ASM984348v1_genomic_prodigal_proteins	2158	GCA_003149585.1_ASM314958v1_genomic_prodigal_proteins	2600	1197	62.12	12.49	55.47
GCA_009843485.1_ASM984348v1_genomic_prodigal_proteins	2158	GCA_902560665.1_AG-905-O11_genomic_prodigal_proteins	401	119	60.23	13.59	29.68
GCA_009843485.1_ASM984348v1_genomic_prodigal_proteins	2158	GCA_003331795.1_ASM333179v1_genomic_prodigal_proteins	1948	978	62.10	12.59	50.21
GCA_009843485.1_ASM984348v1_genomic_prodigal_proteins	2158	GCA_002017955.1_ASM201795v1_genomic_prodigal_proteins	512	326	85.24	9.21	63.67
GCA_009843485.1_ASM984348v1_genomic_prodigal_proteins	2158	GCA_902584485.1_AG-912-O23_genomic_prodigal_proteins	535	156	60.36	13.45	29.16
GCA_009843485.1_ASM984348v1_genomic_prodigal_proteins	2158	GCA_902527915.1_AG-896-G19_genomic_prodigal_proteins	1003	361	61.85	13.06	35.99
GCA_009843485.1_ASM984348v1_genomic_prodigal_proteins	2158	GCA_902635365.1_AG-447-D19_genomic_prodigal_proteins	1690	561	60.84	13.27	33.20
GCA_009843485.1_ASM984348v1_genomic_prodigal_proteins	2158	GCA_900474085.1_UW86_genomic_prodigal_proteins	2403	1178	61.33	12.84	54.59
GCA_009843485.1_ASM984348v1_genomic_prodigal_proteins	2158	GCA_001885215.1_ASM188521v1_genomic_prodigal_proteins	2897	1209	62.22	12.27	56.02
GCA_009843485.1_ASM984348v1_genomic_prodigal_proteins	2158	GCA_902575935.1_AG-426-B22_genomic_prodigal_proteins	254	115	63.26	14.94	45.28
GCA_009843485.1_ASM984348v1_genomic_prodigal_proteins	2158	GCA_900474295.1_UW140_genomic_prodigal_proteins	2925	1187	61.26	12.88	55.00
GCA_009843485.1_ASM984348v1_genomic_prodigal_proteins	2158	GCA_003211565.1_ASM321156v1_genomic_prodigal_proteins	1489	516	61.34	12.90	34.65
GCA_009843485.1_ASM984348v1_genomic_prodigal_proteins	2158	GCA_003526105.1_ASM352610v1_genomic_prodigal_proteins	1581	647	61.88	12.81	40.92
GCA_009843485.1_ASM984348v1_genomic_prodigal_proteins	2158	GCA_002172935.1_ASM217293v1_genomic_prodigal_proteins	1996	913	60.65	12.71	45.74
GCA_009843485.1_ASM984348v1_genomic_prodigal_proteins	2158	GCA_003210335.1_ASM321033v1_genomic_prodigal_proteins	942	207	59.70	13.66	21.97
GCA_009843485.1_ASM984348v1_genomic_prodigal_proteins	2158	GCA_009846115.1_ASM984611v1_genomic_prodigal_proteins	2048	1752	99.87	0.91	85.55
GCA_009843485.1_ASM984348v1_genomic_prodigal_proteins	2158	GCA_001693295.1_ASM169329v1_genomic_prodigal_proteins	3183	932	53.31	12.36	43.19
GCA_009843485.1_ASM984348v1_genomic_prodigal_proteins	2158	GCA_900473965.1_UW179A_genomic_prodigal_proteins	3383	1164	60.93	12.88	53.94
GCA_009843485.1_ASM984348v1_genomic_prodigal_proteins	2158	GCA_003213755.1_ASM321375v1_genomic_prodigal_proteins	1050	417	61.90	12.77	39.71
GCA_009843485.1_ASM984348v1_genomic_prodigal_proteins	2158	GCA_003209155.1_ASM320915v1_genomic_prodigal_proteins	2305	886	60.65	12.78	41.06
GCA_009843485.1_ASM984348v1_genomic_prodigal_proteins	2158	GCA_003211515.1_ASM321151v1_genomic_prodigal_proteins	2451	750	60.44	12.74	34.75
GCA_009843485.1_ASM984348v1_genomic_prodigal_proteins	2158	GCA_002693285.1_ASM269328v1_genomic_prodigal_proteins	2440	1013	60.72	12.82	46.94
GCA_009843485.1_ASM984348v1_genomic_prodigal_proteins	2158	GCA_003210555.1_ASM321055v1_genomic_prodigal_proteins	1847	641	60.18	12.83	34.70
GCA_009843485.1_ASM984348v1_genomic_prodigal_proteins	2158	GCA_000155595.1_ASM15559v1_genomic_prodigal_proteins	5270	961	52.65	12.25	44.53
GCA_009843485.1_ASM984348v1_genomic_prodigal_proteins	2158	GCA_001007665.1_ASM100766v1_genomic_prodigal_proteins	2356	1520	87.87	7.83	70.44
GCA_009843485.1_ASM984348v1_genomic_prodigal_proteins	2158	GCA_009919765.1_ASM991976v1_genomic_prodigal_proteins	2524	815	62.11	12.58	37.77
GCA_009843485.1_ASM984348v1_genomic_prodigal_proteins	2158	GCA_003331225.1_ASM333122v1_genomic_prodigal_proteins	2113	1052	62.34	12.46	49.79
GCA_009843485.1_ASM984348v1_genomic_prodigal_proteins	2158	GCA_900177825.1_IMG-taxon_2708742468_annotated_assembly_genomic_prodigal_proteins	3317	924	53.38	12.33	42.82
GCA_009843485.1_ASM984348v1_genomic_prodigal_proteins	2158	GCA_000195975.1_ASM19597v1_genomic_prodigal_proteins	2719	1193	61.30	12.79	55.28
GCA_009843485.1_ASM984348v1_genomic_prodigal_proteins	2158	GCA_902618885.1_AG-920-D15_genomic_prodigal_proteins	1178	448	61.67	13.47	38.03
GCA_009843485.1_ASM984348v1_genomic_prodigal_proteins	2158	GCA_003209165.1_ASM320916v1_genomic_prodigal_proteins	2711	1004	61.05	12.88	46.52
GCA_009843485.1_ASM984348v1_genomic_prodigal_proteins	2158	GCA_001007625.1_ASM100762v1_genomic_prodigal_proteins	2478	1346	86.31	9.05	62.37
GCA_009843485.1_ASM984348v1_genomic_prodigal_proteins	2158	GCA_008386235.1_ASM838623v1_genomic_prodigal_proteins	2571	914	54.24	12.16	42.35
GCA_009843485.1_ASM984348v1_genomic_prodigal_proteins	2158	GCA_001631935.1_ASM163193v1_genomic_prodigal_proteins	3526	1163	61.04	12.72	53.89
GCA_009843485.1_ASM984348v1_genomic_prodigal_proteins	2158	GCA_002151525.1_ASM215152v1_genomic_prodigal_proteins	1628	850	61.10	12.88	52.21
GCA_009843485.1_ASM984348v1_genomic_prodigal_proteins	2158	GCA_000153065.1_ASM15306v1_genomic_prodigal_proteins	2704	1172	62.02	12.85	54.31
GCA_009843485.1_ASM984348v1_genomic_prodigal_proteins	2158	GCA_009837265.1_ASM983726v1_genomic_prodigal_proteins	2126	1875	99.94	0.58	88.19
GCA_009843485.1_ASM984348v1_genomic_prodigal_proteins	2158	GCA_902533725.1_AG-898-C20_genomic_prodigal_proteins	421	96	62.53	13.61	22.80
GCA_009843485.1_ASM984348v1_genomic_prodigal_proteins	2158	GCA_002171075.2_ASM217107v2_genomic_prodigal_proteins	1919	904	60.55	12.26	47.11
GCA_009843485.1_ASM984348v1_genomic_prodigal_proteins	2158	GCA_002760395.1_ASM276039v1_genomic_prodigal_proteins	2661	815	53.25	11.64	37.77
GCA_009843485.1_ASM984348v1_genomic_prodigal_proteins	2158	GCA_003209005.1_ASM320900v1_genomic_prodigal_proteins	2548	964	60.68	12.73	44.67
GCA_009843485.1_ASM984348v1_genomic_prodigal_proteins	2158	GCA_002017915.1_ASM201791v1_genomic_prodigal_proteins	623	403	86.67	9.46	64.69
GCA_009843485.1_ASM984348v1_genomic_prodigal_proteins	2158	GCA_900047545.1_m9_genomic_prodigal_proteins	1575	1165	90.97	6.52	73.97
GCA_009843485.1_ASM984348v1_genomic_prodigal_proteins	2158	GCA_001632105.1_ASM163210v1_genomic_prodigal_proteins	3521	1169	61.00	12.77	54.17
GCA_009843485.1_ASM984348v1_genomic_prodigal_proteins	2158	GCA_004212765.1_ASM421276v1_genomic_prodigal_proteins	1162	574	61.21	12.63	49.40
GCA_009843485.1_ASM984348v1_genomic_prodigal_proteins	2158	GCA_002685515.1_ASM268551v1_genomic_prodigal_proteins	1286	617	60.14	12.33	47.98
GCA_009843485.1_ASM984348v1_genomic_prodigal_proteins	2158	GCA_007828135.1_ASM782813v1_genomic_prodigal_proteins	2917	1210	62.20	12.29	56.07
GCA_009843485.1_ASM984348v1_genomic_prodigal_proteins	2158	GCA_011047875.1_ASM1104787v1_genomic_prodigal_proteins	2810	821	53.37	11.64	38.04
GCA_009843485.1_ASM984348v1_genomic_prodigal_proteins	2158	GCA_009840445.1_ASM984044v1_genomic_prodigal_proteins	2167	1870	99.26	3.05	86.65
GCA_009843485.1_ASM984348v1_genomic_prodigal_proteins	2158	GCA_003210995.1_ASM321099v1_genomic_prodigal_proteins	2385	846	60.85	12.91	39.20
GCA_009843485.1_ASM984348v1_genomic_prodigal_proteins	2158	GCA_902616995.1_AG-919-L20_genomic_prodigal_proteins	654	212	60.53	12.89	32.42
GCA_009843485.1_ASM984348v1_genomic_prodigal_proteins	2158	GCA_009845825.1_ASM984582v1_genomic_prodigal_proteins	2168	1323	87.02	8.58	61.31
GCA_009843485.1_ASM984348v1_genomic_prodigal_proteins	2158	GCA_000515235.1_ASM51523v1_genomic_prodigal_proteins	2873	1172	61.02	12.80	54.31
GCA_009843485.1_ASM984348v1_genomic_prodigal_proteins	2158	GCA_003523965.1_ASM352396v1_genomic_prodigal_proteins	1735	1002	85.52	9.14	57.75
GCA_009843485.1_ASM984348v1_genomic_prodigal_proteins	2158	GCA_002684175.1_ASM268417v1_genomic_prodigal_proteins	1819	725	59.03	12.48	39.86
GCA_009843485.1_ASM984348v1_genomic_prodigal_proteins	2158	GCA_011523295.1_ASM1152329v1_genomic_prodigal_proteins	2851	887	59.69	12.42	41.10
GCA_009843485.1_ASM984348v1_genomic_prodigal_proteins	2158	GCA_003211015.1_ASM321101v1_genomic_prodigal_proteins	2128	866	60.64	12.53	40.70
GCA_009843485.1_ASM984348v1_genomic_prodigal_proteins	2158	GCA_002006815.1_ASM200681v1_genomic_prodigal_proteins	1973	1062	61.58	12.68	53.83
GCA_003283135.1_ASM328313v1_genomic_prodigal_proteins	459	GCA_902635485.1_AG-447-G23_genomic_prodigal_proteins	327	20	62.09	13.62	6.12
GCA_003283135.1_ASM328313v1_genomic_prodigal_proteins	459	GCA_002760415.1_ASM276041v1_genomic_prodigal_proteins	2670	79	52.35	13.03	17.21
GCA_003283135.1_ASM328313v1_genomic_prodigal_proteins	459	GCA_002754935.1_ASM275493v1_genomic_prodigal_proteins	2664	82	51.91	13.31	17.86
GCA_003283135.1_ASM328313v1_genomic_prodigal_proteins	459	GCA_002171685.2_ASM217168v2_genomic_prodigal_proteins	811	25	68.68	22.13	5.45
GCA_003283135.1_ASM328313v1_genomic_prodigal_proteins	459	GCA_000737595.1_ASM73759v1_genomic_prodigal_proteins	2774	146	67.42	15.21	31.81
GCA_003283135.1_ASM328313v1_genomic_prodigal_proteins	459	GCA_003331785.1_ASM333178v1_genomic_prodigal_proteins	2125	158	79.69	14.73	34.42
GCA_003283135.1_ASM328313v1_genomic_prodigal_proteins	459	GCA_009842265.1_ASM984226v1_genomic_prodigal_proteins	2398	87	60.93	12.68	18.95
GCA_003283135.1_ASM328313v1_genomic_prodigal_proteins	459	GCA_902579345.1_AG-911-L15_genomic_prodigal_proteins	248	2	56.80	10.90	0.81
GCA_003283135.1_ASM328313v1_genomic_prodigal_proteins	459	GCA_000011345.1_ASM1134v1_genomic_prodigal_proteins	2520	84	52.30	13.43	18.30
GCA_003283135.1_ASM328313v1_genomic_prodigal_proteins	459	GCA_003210705.1_ASM321070v1_genomic_prodigal_proteins	2244	137	67.40	14.87	29.85
GCA_003283135.1_ASM328313v1_genomic_prodigal_proteins	459	GCA_000019485.1_ASM1948v1_genomic_prodigal_proteins	3233	94	52.02	14.15	20.48
GCA_003283135.1_ASM328313v1_genomic_prodigal_proteins	459	GCA_003283055.1_ASM328305v1_genomic_prodigal_proteins	482	22	63.40	14.88	4.79
GCA_003283135.1_ASM328313v1_genomic_prodigal_proteins	459	GCA_000010065.1_ASM1006v1_genomic_prodigal_proteins	2691	99	54.51	13.86	21.57
GCA_003283135.1_ASM328313v1_genomic_prodigal_proteins	459	GCA_000316685.1_ASM31668v1_genomic_prodigal_proteins	3706	97	52.06	12.56	21.13
GCA_003283135.1_ASM328313v1_genomic_prodigal_proteins	459	GCA_000063525.1_ASM6352v1_genomic_prodigal_proteins	2540	131	63.65	15.12	28.54
GCA_003283135.1_ASM328313v1_genomic_prodigal_proteins	459	GCA_003283165.1_ASM328316v1_genomic_prodigal_proteins	217	8	54.18	18.86	3.69
GCA_003283135.1_ASM328313v1_genomic_prodigal_proteins	459	GCA_902540675.1_AG-359-E22_genomic_prodigal_proteins	584	15	55.55	16.29	3.27
GCA_003283135.1_ASM328313v1_genomic_prodigal_proteins	459	GCA_011055065.1_ASM1105506v1_genomic_prodigal_proteins	2792	79	51.61	13.30	17.21
GCA_003283135.1_ASM328313v1_genomic_prodigal_proteins	459	GCA_000013205.1_ASM1320v1_genomic_prodigal_proteins	2750	79	52.50	12.91	17.21
GCA_003283135.1_ASM328313v1_genomic_prodigal_proteins	459	GCA_003539795.1_ASM353979v1_genomic_prodigal_proteins	2284	112	67.32	15.03	24.40
GCA_003283135.1_ASM328313v1_genomic_prodigal_proteins	459	GCA_002171995.1_ASM217199v1_genomic_prodigal_proteins	1978	87	67.74	16.72	18.95
GCA_003283135.1_ASM328313v1_genomic_prodigal_proteins	459	GCA_011523835.1_ASM1152383v1_genomic_prodigal_proteins	2468	137	68.30	16.31	29.85
GCA_003283135.1_ASM328313v1_genomic_prodigal_proteins	459	GCA_002172175.1_ASM217217v1_genomic_prodigal_proteins	1846	77	59.06	16.17	16.78
GCA_003283135.1_ASM328313v1_genomic_prodigal_proteins	459	GCA_003208835.1_ASM320883v1_genomic_prodigal_proteins	2208	102	67.83	16.16	22.22
GCA_003283135.1_ASM328313v1_genomic_prodigal_proteins	459	GCA_902589915.1_AG-914-F20_genomic_prodigal_proteins	373	18	66.11	14.56	4.83
GCA_003283135.1_ASM328313v1_genomic_prodigal_proteins	459	GCA_000485815.1_ASM48581v1_genomic_prodigal_proteins	3083	88	53.09	13.74	19.17
GCA_003283135.1_ASM328313v1_genomic_prodigal_proteins	459	GCA_008807075.1_ASM880707v1_genomic_prodigal_proteins	2925	125	63.71	14.58	27.23
GCA_003283135.1_ASM328313v1_genomic_prodigal_proteins	459	GCA_000179235.2_ASM17923v2_genomic_prodigal_proteins	3071	132	63.20	16.28	28.76
GCA_003283135.1_ASM328313v1_genomic_prodigal_proteins	459	GCA_003210795.1_ASM321079v1_genomic_prodigal_proteins	2239	101	66.24	16.12	22.00
GCA_003283135.1_ASM328313v1_genomic_prodigal_proteins	459	GCA_002706715.1_ASM270671v1_genomic_prodigal_proteins	1148	57	70.92	14.96	12.42
GCA_003283135.1_ASM328313v1_genomic_prodigal_proteins	459	GCA_003331245.1_ASM333124v1_genomic_prodigal_proteins	2021	127	67.93	14.76	27.67
GCA_003283135.1_ASM328313v1_genomic_prodigal_proteins	459	GCA_009843385.1_ASM984338v1_genomic_prodigal_proteins	2085	77	60.04	13.59	16.78
GCA_003283135.1_ASM328313v1_genomic_prodigal_proteins	459	GCA_003211205.1_ASM321120v1_genomic_prodigal_proteins	2288	131	69.01	14.98	28.54
GCA_003283135.1_ASM328313v1_genomic_prodigal_proteins	459	GCA_000063505.1_ASM6350v1_genomic_prodigal_proteins	2558	154	69.34	14.97	33.55
GCA_003283135.1_ASM328313v1_genomic_prodigal_proteins	459	GCA_900474245.1_UW179B_genomic_prodigal_proteins	2743	184	78.74	14.63	40.09
GCA_003283135.1_ASM328313v1_genomic_prodigal_proteins	459	GCA_003210345.1_ASM321034v1_genomic_prodigal_proteins	1256	42	60.19	13.36	9.15
GCA_003283135.1_ASM328313v1_genomic_prodigal_proteins	459	GCA_003210315.1_ASM321031v1_genomic_prodigal_proteins	1815	146	80.79	13.79	31.81
GCA_003283135.1_ASM328313v1_genomic_prodigal_proteins	459	GCA_009836155.1_ASM983615v1_genomic_prodigal_proteins	1947	83	60.80	13.18	18.08
GCA_003283135.1_ASM328313v1_genomic_prodigal_proteins	459	GCA_003990665.2_ASM399066v2_genomic_prodigal_proteins	2499	83	52.55	13.29	18.08
GCA_003283135.1_ASM328313v1_genomic_prodigal_proteins	459	GCA_003209135.1_ASM320913v1_genomic_prodigal_proteins	1719	94	67.36	14.87	20.48
GCA_003283135.1_ASM328313v1_genomic_prodigal_proteins	459	GCA_009845105.1_ASM984510v1_genomic_prodigal_proteins	1941	65	59.01	13.77	14.16
GCA_003283135.1_ASM328313v1_genomic_prodigal_proteins	459	GCA_002690325.1_ASM269032v1_genomic_prodigal_proteins	2554	135	66.86	14.84	29.41
GCA_003283135.1_ASM328313v1_genomic_prodigal_proteins	459	GCA_000161795.2_ASM16179v2_genomic_prodigal_proteins	2407	143	67.60	15.28	31.15
GCA_003283135.1_ASM328313v1_genomic_prodigal_proteins	459	GCA_004211895.1_ASM421189v1_genomic_prodigal_proteins	954	63	71.83	14.77	13.73
GCA_003283135.1_ASM328313v1_genomic_prodigal_proteins	459	GCA_003210735.1_ASM321073v1_genomic_prodigal_proteins	2337	110	63.77	15.45	23.97
GCA_003283135.1_ASM328313v1_genomic_prodigal_proteins	459	GCA_003209035.1_ASM320903v1_genomic_prodigal_proteins	1803	78	62.91	15.04	16.99
GCA_003283135.1_ASM328313v1_genomic_prodigal_proteins	459	GCA_003712085.1_ASM371208v1_genomic_prodigal_proteins	2745	151	67.73	15.01	32.90
GCA_003283135.1_ASM328313v1_genomic_prodigal_proteins	459	GCA_003212155.1_ASM321215v1_genomic_prodigal_proteins	262	21	63.17	15.80	8.02
GCA_003283135.1_ASM328313v1_genomic_prodigal_proteins	459	GCA_001040845.1_ASM104084v1_genomic_prodigal_proteins	2917	199	79.26	12.68	43.36
GCA_003283135.1_ASM328313v1_genomic_prodigal_proteins	459	GCA_002018015.1_ASM201801v1_genomic_prodigal_proteins	1578	69	59.98	12.49	15.03
GCA_003283135.1_ASM328313v1_genomic_prodigal_proteins	459	GCA_003211255.1_ASM321125v1_genomic_prodigal_proteins	1850	97	65.95	14.46	21.13
GCA_003283135.1_ASM328313v1_genomic_prodigal_proteins	459	GCA_002721235.1_ASM272123v1_genomic_prodigal_proteins	3119	92	52.56	13.92	20.04
GCA_003283135.1_ASM328313v1_genomic_prodigal_proteins	459	GCA_009839305.1_ASM983930v1_genomic_prodigal_proteins	1816	72	60.46	13.16	15.69
GCA_003283135.1_ASM328313v1_genomic_prodigal_proteins	459	GCA_011365345.1_ASM1136534v1_genomic_prodigal_proteins	2655	157	66.92	15.34	34.20
GCA_003283135.1_ASM328313v1_genomic_prodigal_proteins	459	GCA_001039265.1_ASM103926v1_genomic_prodigal_proteins	2832	85	65.31	16.21	18.52
GCA_003283135.1_ASM328313v1_genomic_prodigal_proteins	459	GCA_001628325.1_ASM162832v1_genomic_prodigal_proteins	2129	123	68.56	14.40	26.80
GCA_003283135.1_ASM328313v1_genomic_prodigal_proteins	459	GCA_003209215.1_ASM320921v1_genomic_prodigal_proteins	1679	51	69.60	13.56	11.11
GCA_003283135.1_ASM328313v1_genomic_prodigal_proteins	459	GCA_002737305.1_ASM273730v1_genomic_prodigal_proteins	1951	99	64.33	15.45	21.57
GCA_003283135.1_ASM328313v1_genomic_prodigal_proteins	459	GCA_003210515.1_ASM321051v1_genomic_prodigal_proteins	1673	117	67.19	16.33	25.49
GCA_003283135.1_ASM328313v1_genomic_prodigal_proteins	459	GCA_011525445.1_ASM1152544v1_genomic_prodigal_proteins	3208	149	75.64	15.34	32.46
GCA_003283135.1_ASM328313v1_genomic_prodigal_proteins	459	GCA_902599435.1_AG-916-N22_genomic_prodigal_proteins	793	40	63.97	13.32	8.71
GCA_003283135.1_ASM328313v1_genomic_prodigal_proteins	459	GCA_003149585.1_ASM314958v1_genomic_prodigal_proteins	2600	129	63.27	16.51	28.10
GCA_003283135.1_ASM328313v1_genomic_prodigal_proteins	459	GCA_902560665.1_AG-905-O11_genomic_prodigal_proteins	401	13	63.71	15.45	3.24
GCA_003283135.1_ASM328313v1_genomic_prodigal_proteins	459	GCA_003331795.1_ASM333179v1_genomic_prodigal_proteins	1948	81	60.57	15.57	17.65
GCA_003283135.1_ASM328313v1_genomic_prodigal_proteins	459	GCA_002017955.1_ASM201795v1_genomic_prodigal_proteins	512	19	58.73	11.94	4.14
GCA_003283135.1_ASM328313v1_genomic_prodigal_proteins	459	GCA_902584485.1_AG-912-O23_genomic_prodigal_proteins	535	32	61.56	17.82	6.97
GCA_003283135.1_ASM328313v1_genomic_prodigal_proteins	459	GCA_902527915.1_AG-896-G19_genomic_prodigal_proteins	1003	50	60.93	14.56	10.89
GCA_003283135.1_ASM328313v1_genomic_prodigal_proteins	459	GCA_902635365.1_AG-447-D19_genomic_prodigal_proteins	1690	85	66.53	15.36	18.52
GCA_003283135.1_ASM328313v1_genomic_prodigal_proteins	459	GCA_900474085.1_UW86_genomic_prodigal_proteins	2403	139	68.38	14.46	30.28
GCA_003283135.1_ASM328313v1_genomic_prodigal_proteins	459	GCA_001885215.1_ASM188521v1_genomic_prodigal_proteins	2897	132	63.04	15.49	28.76
GCA_003283135.1_ASM328313v1_genomic_prodigal_proteins	459	GCA_902575935.1_AG-426-B22_genomic_prodigal_proteins	254	16	67.69	14.12	6.30
GCA_003283135.1_ASM328313v1_genomic_prodigal_proteins	459	GCA_900474295.1_UW140_genomic_prodigal_proteins	2925	159	70.29	14.26	34.64
GCA_003283135.1_ASM328313v1_genomic_prodigal_proteins	459	GCA_003211565.1_ASM321156v1_genomic_prodigal_proteins	1489	96	67.01	15.39	20.92
GCA_003283135.1_ASM328313v1_genomic_prodigal_proteins	459	GCA_003526105.1_ASM352610v1_genomic_prodigal_proteins	1581	71	65.69	17.56	15.47
GCA_003283135.1_ASM328313v1_genomic_prodigal_proteins	459	GCA_002172935.1_ASM217293v1_genomic_prodigal_proteins	1996	112	68.85	15.02	24.40
GCA_003283135.1_ASM328313v1_genomic_prodigal_proteins	459	GCA_003210335.1_ASM321033v1_genomic_prodigal_proteins	942	55	63.76	17.82	11.98
GCA_003283135.1_ASM328313v1_genomic_prodigal_proteins	459	GCA_009846115.1_ASM984611v1_genomic_prodigal_proteins	2048	71	60.33	12.64	15.47
GCA_003283135.1_ASM328313v1_genomic_prodigal_proteins	459	GCA_001693295.1_ASM169329v1_genomic_prodigal_proteins	3183	92	52.34	14.04	20.04
GCA_003283135.1_ASM328313v1_genomic_prodigal_proteins	459	GCA_900473965.1_UW179A_genomic_prodigal_proteins	3383	192	68.41	15.19	41.83
GCA_003283135.1_ASM328313v1_genomic_prodigal_proteins	459	GCA_003213755.1_ASM321375v1_genomic_prodigal_proteins	1050	60	62.28	14.36	13.07
GCA_003283135.1_ASM328313v1_genomic_prodigal_proteins	459	GCA_003209155.1_ASM320915v1_genomic_prodigal_proteins	2305	166	70.42	14.10	36.17
GCA_003283135.1_ASM328313v1_genomic_prodigal_proteins	459	GCA_003211515.1_ASM321151v1_genomic_prodigal_proteins	2451	121	66.96	14.97	26.36
GCA_003283135.1_ASM328313v1_genomic_prodigal_proteins	459	GCA_002693285.1_ASM269328v1_genomic_prodigal_proteins	2440	151	69.69	15.40	32.90
GCA_003283135.1_ASM328313v1_genomic_prodigal_proteins	459	GCA_003210555.1_ASM321055v1_genomic_prodigal_proteins	1847	97	75.05	17.30	21.13
GCA_003283135.1_ASM328313v1_genomic_prodigal_proteins	459	GCA_000155595.1_ASM15559v1_genomic_prodigal_proteins	5270	96	51.85	13.64	20.92
GCA_003283135.1_ASM328313v1_genomic_prodigal_proteins	459	GCA_001007665.1_ASM100766v1_genomic_prodigal_proteins	2356	87	59.86	13.45	18.95
GCA_003283135.1_ASM328313v1_genomic_prodigal_proteins	459	GCA_009919765.1_ASM991976v1_genomic_prodigal_proteins	2524	69	62.11	16.29	15.03
GCA_003283135.1_ASM328313v1_genomic_prodigal_proteins	459	GCA_003331225.1_ASM333122v1_genomic_prodigal_proteins	2113	111	62.79	14.34	24.18
GCA_003283135.1_ASM328313v1_genomic_prodigal_proteins	459	GCA_900177825.1_IMG-taxon_2708742468_annotated_assembly_genomic_prodigal_proteins	3317	93	52.16	14.15	20.26
GCA_003283135.1_ASM328313v1_genomic_prodigal_proteins	459	GCA_000195975.1_ASM19597v1_genomic_prodigal_proteins	2719	145	67.82	15.02	31.59
GCA_003283135.1_ASM328313v1_genomic_prodigal_proteins	459	GCA_902618885.1_AG-920-D15_genomic_prodigal_proteins	1178	64	66.22	15.21	13.94
GCA_003283135.1_ASM328313v1_genomic_prodigal_proteins	459	GCA_003209165.1_ASM320916v1_genomic_prodigal_proteins	2711	134	66.83	15.33	29.19
GCA_003283135.1_ASM328313v1_genomic_prodigal_proteins	459	GCA_001007625.1_ASM100762v1_genomic_prodigal_proteins	2478	80	61.60	12.97	17.43
GCA_003283135.1_ASM328313v1_genomic_prodigal_proteins	459	GCA_008386235.1_ASM838623v1_genomic_prodigal_proteins	2571	84	51.86	13.64	18.30
GCA_003283135.1_ASM328313v1_genomic_prodigal_proteins	459	GCA_001631935.1_ASM163193v1_genomic_prodigal_proteins	3526	193	69.32	14.76	42.05
GCA_003283135.1_ASM328313v1_genomic_prodigal_proteins	459	GCA_002151525.1_ASM215152v1_genomic_prodigal_proteins	1628	76	62.22	16.44	16.56
GCA_003283135.1_ASM328313v1_genomic_prodigal_proteins	459	GCA_000153065.1_ASM15306v1_genomic_prodigal_proteins	2704	144	69.84	15.10	31.37
GCA_003283135.1_ASM328313v1_genomic_prodigal_proteins	459	GCA_009837265.1_ASM983726v1_genomic_prodigal_proteins	2126	82	61.02	12.51	17.86
GCA_003283135.1_ASM328313v1_genomic_prodigal_proteins	459	GCA_902533725.1_AG-898-C20_genomic_prodigal_proteins	421	14	61.54	9.29	3.33
GCA_003283135.1_ASM328313v1_genomic_prodigal_proteins	459	GCA_002171075.2_ASM217107v2_genomic_prodigal_proteins	1919	82	60.86	13.83	17.86
GCA_003283135.1_ASM328313v1_genomic_prodigal_proteins	459	GCA_002760395.1_ASM276039v1_genomic_prodigal_proteins	2661	75	52.86	12.86	16.34
GCA_003283135.1_ASM328313v1_genomic_prodigal_proteins	459	GCA_003209005.1_ASM320900v1_genomic_prodigal_proteins	2548	165	67.89	15.39	35.95
GCA_003283135.1_ASM328313v1_genomic_prodigal_proteins	459	GCA_002017915.1_ASM201791v1_genomic_prodigal_proteins	623	23	56.91	15.25	5.01
GCA_003283135.1_ASM328313v1_genomic_prodigal_proteins	459	GCA_900047545.1_m9_genomic_prodigal_proteins	1575	72	60.29	12.60	15.69
GCA_003283135.1_ASM328313v1_genomic_prodigal_proteins	459	GCA_001632105.1_ASM163210v1_genomic_prodigal_proteins	3521	197	69.36	14.64	42.92
GCA_003283135.1_ASM328313v1_genomic_prodigal_proteins	459	GCA_004212765.1_ASM421276v1_genomic_prodigal_proteins	1162	81	69.57	15.29	17.65
GCA_003283135.1_ASM328313v1_genomic_prodigal_proteins	459	GCA_002685515.1_ASM268551v1_genomic_prodigal_proteins	1286	97	68.45	14.90	21.13
GCA_003283135.1_ASM328313v1_genomic_prodigal_proteins	459	GCA_007828135.1_ASM782813v1_genomic_prodigal_proteins	2917	132	63.04	15.49	28.76
GCA_003283135.1_ASM328313v1_genomic_prodigal_proteins	459	GCA_011047875.1_ASM1104787v1_genomic_prodigal_proteins	2810	81	51.60	13.21	17.65
GCA_003283135.1_ASM328313v1_genomic_prodigal_proteins	459	GCA_009840445.1_ASM984044v1_genomic_prodigal_proteins	2167	88	61.14	12.64	19.17
GCA_003283135.1_ASM328313v1_genomic_prodigal_proteins	459	GCA_003210995.1_ASM321099v1_genomic_prodigal_proteins	2385	140	67.63	15.49	30.50
GCA_003283135.1_ASM328313v1_genomic_prodigal_proteins	459	GCA_902616995.1_AG-919-L20_genomic_prodigal_proteins	654	23	63.05	18.96	5.01
GCA_003283135.1_ASM328313v1_genomic_prodigal_proteins	459	GCA_009845825.1_ASM984582v1_genomic_prodigal_proteins	2168	72	60.03	13.75	15.69
GCA_003283135.1_ASM328313v1_genomic_prodigal_proteins	459	GCA_000515235.1_ASM51523v1_genomic_prodigal_proteins	2873	152	67.46	14.96	33.12
GCA_003283135.1_ASM328313v1_genomic_prodigal_proteins	459	GCA_003523965.1_ASM352396v1_genomic_prodigal_proteins	1735	63	62.35	12.83	13.73
GCA_003283135.1_ASM328313v1_genomic_prodigal_proteins	459	GCA_002684175.1_ASM268417v1_genomic_prodigal_proteins	1819	79	66.69	14.80	17.21
GCA_003283135.1_ASM328313v1_genomic_prodigal_proteins	459	GCA_011523295.1_ASM1152329v1_genomic_prodigal_proteins	2851	103	66.10	15.72	22.44
GCA_003283135.1_ASM328313v1_genomic_prodigal_proteins	459	GCA_003211015.1_ASM321101v1_genomic_prodigal_proteins	2128	152	70.05	15.29	33.12
GCA_003283135.1_ASM328313v1_genomic_prodigal_proteins	459	GCA_002006815.1_ASM200681v1_genomic_prodigal_proteins	1973	109	62.71	14.65	23.75
GCA_002171685.2_ASM217168v2_genomic_prodigal_proteins	811	GCA_000737595.1_ASM73759v1_genomic_prodigal_proteins	2774	662	71.23	13.14	81.63
GCA_002171685.2_ASM217168v2_genomic_prodigal_proteins	811	GCA_003331785.1_ASM333178v1_genomic_prodigal_proteins	2125	743	98.40	3.06	91.62
GCA_002171685.2_ASM217168v2_genomic_prodigal_proteins	811	GCA_009842265.1_ASM984226v1_genomic_prodigal_proteins	2398	462	60.65	12.16	56.97
GCA_002171685.2_ASM217168v2_genomic_prodigal_proteins	811	GCA_902579345.1_AG-911-L15_genomic_prodigal_proteins	248	49	68.05	15.63	19.76
GCA_002171685.2_ASM217168v2_genomic_prodigal_proteins	811	GCA_000011345.1_ASM1134v1_genomic_prodigal_proteins	2520	404	54.01	11.79	49.82
GCA_002171685.2_ASM217168v2_genomic_prodigal_proteins	811	GCA_003210705.1_ASM321070v1_genomic_prodigal_proteins	2244	487	74.18	12.36	60.05
GCA_002171685.2_ASM217168v2_genomic_prodigal_proteins	811	GCA_000019485.1_ASM1948v1_genomic_prodigal_proteins	3233	419	53.93	12.15	51.66
GCA_002171685.2_ASM217168v2_genomic_prodigal_proteins	811	GCA_003283055.1_ASM328305v1_genomic_prodigal_proteins	482	20	66.28	18.25	4.15
GCA_002171685.2_ASM217168v2_genomic_prodigal_proteins	811	GCA_000010065.1_ASM1006v1_genomic_prodigal_proteins	2691	479	55.99	12.56	59.06
GCA_002171685.2_ASM217168v2_genomic_prodigal_proteins	811	GCA_000316685.1_ASM31668v1_genomic_prodigal_proteins	3706	413	53.67	11.85	50.92
GCA_002171685.2_ASM217168v2_genomic_prodigal_proteins	811	GCA_000063525.1_ASM6352v1_genomic_prodigal_proteins	2540	607	66.23	13.27	74.85
GCA_002171685.2_ASM217168v2_genomic_prodigal_proteins	811	GCA_003283165.1_ASM328316v1_genomic_prodigal_proteins	217	30	72.12	7.91	13.82
GCA_002171685.2_ASM217168v2_genomic_prodigal_proteins	811	GCA_902540675.1_AG-359-E22_genomic_prodigal_proteins	584	109	73.65	15.57	18.66
GCA_002171685.2_ASM217168v2_genomic_prodigal_proteins	811	GCA_011055065.1_ASM1105506v1_genomic_prodigal_proteins	2792	363	52.67	11.43	44.76
GCA_002171685.2_ASM217168v2_genomic_prodigal_proteins	811	GCA_000013205.1_ASM1320v1_genomic_prodigal_proteins	2750	374	53.26	11.52	46.12
GCA_002171685.2_ASM217168v2_genomic_prodigal_proteins	811	GCA_003539795.1_ASM353979v1_genomic_prodigal_proteins	2284	510	70.17	13.07	62.89
GCA_002171685.2_ASM217168v2_genomic_prodigal_proteins	811	GCA_002171995.1_ASM217199v1_genomic_prodigal_proteins	1978	382	73.05	13.44	47.10
GCA_002171685.2_ASM217168v2_genomic_prodigal_proteins	811	GCA_011523835.1_ASM1152383v1_genomic_prodigal_proteins	2468	572	75.18	12.43	70.53
GCA_002171685.2_ASM217168v2_genomic_prodigal_proteins	811	GCA_002172175.1_ASM217217v1_genomic_prodigal_proteins	1846	395	64.20	13.69	48.71
GCA_002171685.2_ASM217168v2_genomic_prodigal_proteins	811	GCA_003208835.1_ASM320883v1_genomic_prodigal_proteins	2208	522	70.64	13.49	64.36
GCA_002171685.2_ASM217168v2_genomic_prodigal_proteins	811	GCA_902589915.1_AG-914-F20_genomic_prodigal_proteins	373	69	71.30	12.06	18.50
GCA_002171685.2_ASM217168v2_genomic_prodigal_proteins	811	GCA_000485815.1_ASM48581v1_genomic_prodigal_proteins	3083	409	53.81	12.24	50.43
GCA_002171685.2_ASM217168v2_genomic_prodigal_proteins	811	GCA_008807075.1_ASM880707v1_genomic_prodigal_proteins	2925	597	66.61	12.98	73.61
GCA_002171685.2_ASM217168v2_genomic_prodigal_proteins	811	GCA_000179235.2_ASM17923v2_genomic_prodigal_proteins	3071	631	67.72	13.27	77.81
GCA_002171685.2_ASM217168v2_genomic_prodigal_proteins	811	GCA_003210795.1_ASM321079v1_genomic_prodigal_proteins	2239	497	69.88	13.51	61.28
GCA_002171685.2_ASM217168v2_genomic_prodigal_proteins	811	GCA_002706715.1_ASM270671v1_genomic_prodigal_proteins	1148	457	69.81	13.22	56.35
GCA_002171685.2_ASM217168v2_genomic_prodigal_proteins	811	GCA_003331245.1_ASM333124v1_genomic_prodigal_proteins	2021	561	71.32	12.67	69.17
GCA_002171685.2_ASM217168v2_genomic_prodigal_proteins	811	GCA_009843385.1_ASM984338v1_genomic_prodigal_proteins	2085	401	61.03	12.28	49.45
GCA_002171685.2_ASM217168v2_genomic_prodigal_proteins	811	GCA_003211205.1_ASM321120v1_genomic_prodigal_proteins	2288	526	74.28	12.67	64.86
GCA_002171685.2_ASM217168v2_genomic_prodigal_proteins	811	GCA_000063505.1_ASM6350v1_genomic_prodigal_proteins	2558	673	75.43	12.53	82.98
GCA_002171685.2_ASM217168v2_genomic_prodigal_proteins	811	GCA_900474245.1_UW179B_genomic_prodigal_proteins	2743	719	91.10	7.84	88.66
GCA_002171685.2_ASM217168v2_genomic_prodigal_proteins	811	GCA_003210345.1_ASM321034v1_genomic_prodigal_proteins	1256	285	69.06	13.32	35.14
GCA_002171685.2_ASM217168v2_genomic_prodigal_proteins	811	GCA_003210315.1_ASM321031v1_genomic_prodigal_proteins	1815	381	90.37	10.75	46.98
GCA_002171685.2_ASM217168v2_genomic_prodigal_proteins	811	GCA_009836155.1_ASM983615v1_genomic_prodigal_proteins	1947	442	60.87	12.19	54.50
GCA_002171685.2_ASM217168v2_genomic_prodigal_proteins	811	GCA_003990665.2_ASM399066v2_genomic_prodigal_proteins	2499	404	54.02	11.78	49.82
GCA_002171685.2_ASM217168v2_genomic_prodigal_proteins	811	GCA_003209135.1_ASM320913v1_genomic_prodigal_proteins	1719	338	69.21	13.82	41.68
GCA_002171685.2_ASM217168v2_genomic_prodigal_proteins	811	GCA_009845105.1_ASM984510v1_genomic_prodigal_proteins	1941	389	60.87	12.16	47.97
GCA_002171685.2_ASM217168v2_genomic_prodigal_proteins	811	GCA_002690325.1_ASM269032v1_genomic_prodigal_proteins	2554	583	70.30	12.98	71.89
GCA_002171685.2_ASM217168v2_genomic_prodigal_proteins	811	GCA_000161795.2_ASM16179v2_genomic_prodigal_proteins	2407	640	71.72	13.04	78.91
GCA_002171685.2_ASM217168v2_genomic_prodigal_proteins	811	GCA_004211895.1_ASM421189v1_genomic_prodigal_proteins	954	289	71.41	13.15	35.64
GCA_002171685.2_ASM217168v2_genomic_prodigal_proteins	811	GCA_003210735.1_ASM321073v1_genomic_prodigal_proteins	2337	432	69.30	13.59	53.27
GCA_002171685.2_ASM217168v2_genomic_prodigal_proteins	811	GCA_003209035.1_ASM320903v1_genomic_prodigal_proteins	1803	394	69.38	13.58	48.58
GCA_002171685.2_ASM217168v2_genomic_prodigal_proteins	811	GCA_003712085.1_ASM371208v1_genomic_prodigal_proteins	2745	646	71.84	12.82	79.65
GCA_002171685.2_ASM217168v2_genomic_prodigal_proteins	811	GCA_003212155.1_ASM321215v1_genomic_prodigal_proteins	262	25	58.40	16.44	9.54
GCA_002171685.2_ASM217168v2_genomic_prodigal_proteins	811	GCA_001040845.1_ASM104084v1_genomic_prodigal_proteins	2917	717	91.16	6.83	88.41
GCA_002171685.2_ASM217168v2_genomic_prodigal_proteins	811	GCA_002018015.1_ASM201801v1_genomic_prodigal_proteins	1578	349	61.43	12.60	43.03
GCA_002171685.2_ASM217168v2_genomic_prodigal_proteins	811	GCA_003211255.1_ASM321125v1_genomic_prodigal_proteins	1850	357	68.82	13.67	44.02
GCA_002171685.2_ASM217168v2_genomic_prodigal_proteins	811	GCA_002721235.1_ASM272123v1_genomic_prodigal_proteins	3119	423	53.81	12.23	52.16
GCA_002171685.2_ASM217168v2_genomic_prodigal_proteins	811	GCA_009839305.1_ASM983930v1_genomic_prodigal_proteins	1816	368	61.28	12.86	45.38
GCA_002171685.2_ASM217168v2_genomic_prodigal_proteins	811	GCA_011365345.1_ASM1136534v1_genomic_prodigal_proteins	2655	664	71.32	13.26	81.87
GCA_002171685.2_ASM217168v2_genomic_prodigal_proteins	811	GCA_001039265.1_ASM103926v1_genomic_prodigal_proteins	2832	435	68.62	13.80	53.64
GCA_002171685.2_ASM217168v2_genomic_prodigal_proteins	811	GCA_001628325.1_ASM162832v1_genomic_prodigal_proteins	2129	588	71.85	13.04	72.50
GCA_002171685.2_ASM217168v2_genomic_prodigal_proteins	811	GCA_003209215.1_ASM320921v1_genomic_prodigal_proteins	1679	316	71.71	14.27	38.96
GCA_002171685.2_ASM217168v2_genomic_prodigal_proteins	811	GCA_002737305.1_ASM273730v1_genomic_prodigal_proteins	1951	478	67.65	13.64	58.94
GCA_002171685.2_ASM217168v2_genomic_prodigal_proteins	811	GCA_003210515.1_ASM321051v1_genomic_prodigal_proteins	1673	341	69.19	13.28	42.05
GCA_002171685.2_ASM217168v2_genomic_prodigal_proteins	811	GCA_011525445.1_ASM1152544v1_genomic_prodigal_proteins	3208	583	83.13	10.20	71.89
GCA_002171685.2_ASM217168v2_genomic_prodigal_proteins	811	GCA_902599435.1_AG-916-N22_genomic_prodigal_proteins	793	182	73.30	14.30	22.95
GCA_002171685.2_ASM217168v2_genomic_prodigal_proteins	811	GCA_003149585.1_ASM314958v1_genomic_prodigal_proteins	2600	628	67.46	13.49	77.44
GCA_002171685.2_ASM217168v2_genomic_prodigal_proteins	811	GCA_902560665.1_AG-905-O11_genomic_prodigal_proteins	401	83	70.10	13.69	20.70
GCA_002171685.2_ASM217168v2_genomic_prodigal_proteins	811	GCA_003331795.1_ASM333179v1_genomic_prodigal_proteins	1948	517	66.09	13.72	63.75
GCA_002171685.2_ASM217168v2_genomic_prodigal_proteins	811	GCA_002017955.1_ASM201795v1_genomic_prodigal_proteins	512	92	59.98	12.65	17.97
GCA_002171685.2_ASM217168v2_genomic_prodigal_proteins	811	GCA_902584485.1_AG-912-O23_genomic_prodigal_proteins	535	101	66.95	13.66	18.88
GCA_002171685.2_ASM217168v2_genomic_prodigal_proteins	811	GCA_902527915.1_AG-896-G19_genomic_prodigal_proteins	1003	175	68.87	13.66	21.58
GCA_002171685.2_ASM217168v2_genomic_prodigal_proteins	811	GCA_902635365.1_AG-447-D19_genomic_prodigal_proteins	1690	373	70.79	14.12	45.99
GCA_002171685.2_ASM217168v2_genomic_prodigal_proteins	811	GCA_900474085.1_UW86_genomic_prodigal_proteins	2403	645	71.84	13.06	79.53
GCA_002171685.2_ASM217168v2_genomic_prodigal_proteins	811	GCA_001885215.1_ASM188521v1_genomic_prodigal_proteins	2897	602	66.72	13.07	74.23
GCA_002171685.2_ASM217168v2_genomic_prodigal_proteins	811	GCA_902575935.1_AG-426-B22_genomic_prodigal_proteins	254	81	73.84	15.35	31.89
GCA_002171685.2_ASM217168v2_genomic_prodigal_proteins	811	GCA_900474295.1_UW140_genomic_prodigal_proteins	2925	676	73.91	12.49	83.35
GCA_002171685.2_ASM217168v2_genomic_prodigal_proteins	811	GCA_003211565.1_ASM321156v1_genomic_prodigal_proteins	1489	317	70.87	13.99	39.09
GCA_002171685.2_ASM217168v2_genomic_prodigal_proteins	811	GCA_003526105.1_ASM352610v1_genomic_prodigal_proteins	1581	369	72.44	12.87	45.50
GCA_002171685.2_ASM217168v2_genomic_prodigal_proteins	811	GCA_002172935.1_ASM217293v1_genomic_prodigal_proteins	1996	566	74.43	12.80	69.79
GCA_002171685.2_ASM217168v2_genomic_prodigal_proteins	811	GCA_003210335.1_ASM321033v1_genomic_prodigal_proteins	942	88	66.62	16.96	10.85
GCA_002171685.2_ASM217168v2_genomic_prodigal_proteins	811	GCA_009846115.1_ASM984611v1_genomic_prodigal_proteins	2048	414	60.93	12.35	51.05
GCA_002171685.2_ASM217168v2_genomic_prodigal_proteins	811	GCA_001693295.1_ASM169329v1_genomic_prodigal_proteins	3183	419	53.85	12.18	51.66
GCA_002171685.2_ASM217168v2_genomic_prodigal_proteins	811	GCA_900473965.1_UW179A_genomic_prodigal_proteins	3383	683	74.46	12.55	84.22
GCA_002171685.2_ASM217168v2_genomic_prodigal_proteins	811	GCA_003213755.1_ASM321375v1_genomic_prodigal_proteins	1050	201	64.40	14.83	24.78
GCA_002171685.2_ASM217168v2_genomic_prodigal_proteins	811	GCA_003209155.1_ASM320915v1_genomic_prodigal_proteins	2305	520	73.75	12.87	64.12
GCA_002171685.2_ASM217168v2_genomic_prodigal_proteins	811	GCA_003211515.1_ASM321151v1_genomic_prodigal_proteins	2451	407	69.97	13.20	50.18
GCA_002171685.2_ASM217168v2_genomic_prodigal_proteins	811	GCA_002693285.1_ASM269328v1_genomic_prodigal_proteins	2440	543	74.43	12.85	66.95
GCA_002171685.2_ASM217168v2_genomic_prodigal_proteins	811	GCA_003210555.1_ASM321055v1_genomic_prodigal_proteins	1847	442	90.39	11.36	54.50
GCA_002171685.2_ASM217168v2_genomic_prodigal_proteins	811	GCA_000155595.1_ASM15559v1_genomic_prodigal_proteins	5270	418	53.50	11.70	51.54
GCA_002171685.2_ASM217168v2_genomic_prodigal_proteins	811	GCA_001007665.1_ASM100766v1_genomic_prodigal_proteins	2356	472	60.58	12.08	58.20
GCA_002171685.2_ASM217168v2_genomic_prodigal_proteins	811	GCA_009919765.1_ASM991976v1_genomic_prodigal_proteins	2524	415	65.95	13.74	51.17
GCA_002171685.2_ASM217168v2_genomic_prodigal_proteins	811	GCA_003331225.1_ASM333122v1_genomic_prodigal_proteins	2113	522	66.14	13.55	64.36
GCA_002171685.2_ASM217168v2_genomic_prodigal_proteins	811	GCA_900177825.1_IMG-taxon_2708742468_annotated_assembly_genomic_prodigal_proteins	3317	412	54.04	12.17	50.80
GCA_002171685.2_ASM217168v2_genomic_prodigal_proteins	811	GCA_000195975.1_ASM19597v1_genomic_prodigal_proteins	2719	642	72.01	12.67	79.16
GCA_002171685.2_ASM217168v2_genomic_prodigal_proteins	811	GCA_902618885.1_AG-920-D15_genomic_prodigal_proteins	1178	284	71.77	14.07	35.02
GCA_002171685.2_ASM217168v2_genomic_prodigal_proteins	811	GCA_003209165.1_ASM320916v1_genomic_prodigal_proteins	2711	571	71.49	13.00	70.41
GCA_002171685.2_ASM217168v2_genomic_prodigal_proteins	811	GCA_001007625.1_ASM100762v1_genomic_prodigal_proteins	2478	423	60.87	12.46	52.16
GCA_002171685.2_ASM217168v2_genomic_prodigal_proteins	811	GCA_008386235.1_ASM838623v1_genomic_prodigal_proteins	2571	404	53.96	11.93	49.82
GCA_002171685.2_ASM217168v2_genomic_prodigal_proteins	811	GCA_001631935.1_ASM163193v1_genomic_prodigal_proteins	3526	679	74.46	12.45	83.72
GCA_002171685.2_ASM217168v2_genomic_prodigal_proteins	811	GCA_002151525.1_ASM215152v1_genomic_prodigal_proteins	1628	421	63.94	13.53	51.91
GCA_002171685.2_ASM217168v2_genomic_prodigal_proteins	811	GCA_000153065.1_ASM15306v1_genomic_prodigal_proteins	2704	648	75.09	12.33	79.90
GCA_002171685.2_ASM217168v2_genomic_prodigal_proteins	811	GCA_009837265.1_ASM983726v1_genomic_prodigal_proteins	2126	445	60.67	12.50	54.87
GCA_002171685.2_ASM217168v2_genomic_prodigal_proteins	811	GCA_902533725.1_AG-898-C20_genomic_prodigal_proteins	421	39	71.21	13.03	9.26
GCA_002171685.2_ASM217168v2_genomic_prodigal_proteins	811	GCA_002171075.2_ASM217107v2_genomic_prodigal_proteins	1919	482	63.99	13.59	59.43
GCA_002171685.2_ASM217168v2_genomic_prodigal_proteins	811	GCA_002760395.1_ASM276039v1_genomic_prodigal_proteins	2661	367	53.31	11.57	45.25
GCA_002171685.2_ASM217168v2_genomic_prodigal_proteins	811	GCA_003209005.1_ASM320900v1_genomic_prodigal_proteins	2548	543	74.12	12.64	66.95
GCA_002171685.2_ASM217168v2_genomic_prodigal_proteins	811	GCA_002017915.1_ASM201791v1_genomic_prodigal_proteins	623	131	63.03	14.76	21.03
GCA_002171685.2_ASM217168v2_genomic_prodigal_proteins	811	GCA_900047545.1_m9_genomic_prodigal_proteins	1575	365	60.56	12.91	45.01
GCA_002171685.2_ASM217168v2_genomic_prodigal_proteins	811	GCA_001632105.1_ASM163210v1_genomic_prodigal_proteins	3521	684	74.51	12.37	84.34
GCA_002171685.2_ASM217168v2_genomic_prodigal_proteins	811	GCA_004212765.1_ASM421276v1_genomic_prodigal_proteins	1162	294	71.19	14.06	36.25
GCA_002171685.2_ASM217168v2_genomic_prodigal_proteins	811	GCA_002685515.1_ASM268551v1_genomic_prodigal_proteins	1286	356	73.18	13.13	43.90
GCA_002171685.2_ASM217168v2_genomic_prodigal_proteins	811	GCA_007828135.1_ASM782813v1_genomic_prodigal_proteins	2917	602	66.71	13.08	74.23
GCA_002171685.2_ASM217168v2_genomic_prodigal_proteins	811	GCA_011047875.1_ASM1104787v1_genomic_prodigal_proteins	2810	379	52.98	11.57	46.73
GCA_002171685.2_ASM217168v2_genomic_prodigal_proteins	811	GCA_009840445.1_ASM984044v1_genomic_prodigal_proteins	2167	477	60.72	12.31	58.82
GCA_002171685.2_ASM217168v2_genomic_prodigal_proteins	811	GCA_003210995.1_ASM321099v1_genomic_prodigal_proteins	2385	562	74.30	12.74	69.30
GCA_002171685.2_ASM217168v2_genomic_prodigal_proteins	811	GCA_902616995.1_AG-919-L20_genomic_prodigal_proteins	654	172	68.92	13.71	26.30
GCA_002171685.2_ASM217168v2_genomic_prodigal_proteins	811	GCA_009845825.1_ASM984582v1_genomic_prodigal_proteins	2168	409	61.03	12.32	50.43
GCA_002171685.2_ASM217168v2_genomic_prodigal_proteins	811	GCA_000515235.1_ASM51523v1_genomic_prodigal_proteins	2873	654	71.21	12.99	80.64
GCA_002171685.2_ASM217168v2_genomic_prodigal_proteins	811	GCA_003523965.1_ASM352396v1_genomic_prodigal_proteins	1735	324	61.48	12.42	39.95
GCA_002171685.2_ASM217168v2_genomic_prodigal_proteins	811	GCA_002684175.1_ASM268417v1_genomic_prodigal_proteins	1819	442	68.48	12.58	54.50
GCA_002171685.2_ASM217168v2_genomic_prodigal_proteins	811	GCA_011523295.1_ASM1152329v1_genomic_prodigal_proteins	2851	487	69.99	13.24	60.05
GCA_002171685.2_ASM217168v2_genomic_prodigal_proteins	811	GCA_003211015.1_ASM321101v1_genomic_prodigal_proteins	2128	493	73.56	12.32	60.79
GCA_002171685.2_ASM217168v2_genomic_prodigal_proteins	811	GCA_002006815.1_ASM200681v1_genomic_prodigal_proteins	1973	496	64.70	13.70	61.16
GCA_004332415.1_ASM433241v1_genomic_prodigal_proteins	2408	GCA_009836025.1_ASM983602v1_genomic_prodigal_proteins	2290	1172	61.69	12.76	51.18
GCA_004332415.1_ASM433241v1_genomic_prodigal_proteins	2408	GCA_009843455.1_ASM984345v1_genomic_prodigal_proteins	2423	1150	61.43	12.72	47.76
GCA_004332415.1_ASM433241v1_genomic_prodigal_proteins	2408	GCA_009843485.1_ASM984348v1_genomic_prodigal_proteins	2158	1175	61.70	12.84	54.45
GCA_004332415.1_ASM433241v1_genomic_prodigal_proteins	2408	GCA_003283135.1_ASM328313v1_genomic_prodigal_proteins	459	132	71.12	14.71	28.76
GCA_004332415.1_ASM433241v1_genomic_prodigal_proteins	2408	GCA_902635485.1_AG-447-G23_genomic_prodigal_proteins	327	110	69.33	15.25	33.64
GCA_004332415.1_ASM433241v1_genomic_prodigal_proteins	2408	GCA_002760415.1_ASM276041v1_genomic_prodigal_proteins	2670	931	53.11	11.91	38.66
GCA_004332415.1_ASM433241v1_genomic_prodigal_proteins	2408	GCA_002754935.1_ASM275493v1_genomic_prodigal_proteins	2664	987	54.07	12.42	40.99
GCA_004332415.1_ASM433241v1_genomic_prodigal_proteins	2408	GCA_002171685.2_ASM217168v2_genomic_prodigal_proteins	811	665	75.15	12.17	82.00
GCA_004332415.1_ASM433241v1_genomic_prodigal_proteins	2408	GCA_000737595.1_ASM73759v1_genomic_prodigal_proteins	2774	1809	71.73	13.62	75.12
GCA_004332415.1_ASM433241v1_genomic_prodigal_proteins	2408	GCA_003331785.1_ASM333178v1_genomic_prodigal_proteins	2125	1666	74.31	12.69	78.40
GCA_004332415.1_ASM433241v1_genomic_prodigal_proteins	2408	GCA_009842265.1_ASM984226v1_genomic_prodigal_proteins	2398	1165	61.61	12.67	48.58
GCA_004332415.1_ASM433241v1_genomic_prodigal_proteins	2408	GCA_902579345.1_AG-911-L15_genomic_prodigal_proteins	248	91	67.37	15.98	36.69
GCA_004332415.1_ASM433241v1_genomic_prodigal_proteins	2408	GCA_000011345.1_ASM1134v1_genomic_prodigal_proteins	2520	1038	54.02	12.51	43.11
GCA_004332415.1_ASM433241v1_genomic_prodigal_proteins	2408	GCA_003210705.1_ASM321070v1_genomic_prodigal_proteins	2244	1384	73.64	13.07	61.68
GCA_004332415.1_ASM433241v1_genomic_prodigal_proteins	2408	GCA_000019485.1_ASM1948v1_genomic_prodigal_proteins	3233	1084	53.52	12.76	45.02
GCA_004332415.1_ASM433241v1_genomic_prodigal_proteins	2408	GCA_003283055.1_ASM328305v1_genomic_prodigal_proteins	482	74	65.42	16.47	15.35
GCA_004332415.1_ASM433241v1_genomic_prodigal_proteins	2408	GCA_000010065.1_ASM1006v1_genomic_prodigal_proteins	2691	1217	55.85	13.09	50.54
GCA_004332415.1_ASM433241v1_genomic_prodigal_proteins	2408	GCA_000316685.1_ASM31668v1_genomic_prodigal_proteins	3706	1071	53.39	12.60	44.48
GCA_004332415.1_ASM433241v1_genomic_prodigal_proteins	2408	GCA_000063525.1_ASM6352v1_genomic_prodigal_proteins	2540	1673	66.54	14.12	69.48
GCA_004332415.1_ASM433241v1_genomic_prodigal_proteins	2408	GCA_003283165.1_ASM328316v1_genomic_prodigal_proteins	217	74	71.78	12.60	34.10
GCA_004332415.1_ASM433241v1_genomic_prodigal_proteins	2408	GCA_902540675.1_AG-359-E22_genomic_prodigal_proteins	584	283	72.43	14.93	48.46
GCA_004332415.1_ASM433241v1_genomic_prodigal_proteins	2408	GCA_011055065.1_ASM1105506v1_genomic_prodigal_proteins	2792	892	53.14	12.04	37.04
GCA_004332415.1_ASM433241v1_genomic_prodigal_proteins	2408	GCA_000013205.1_ASM1320v1_genomic_prodigal_proteins	2750	941	53.26	11.86	39.08
GCA_004332415.1_ASM433241v1_genomic_prodigal_proteins	2408	GCA_003539795.1_ASM353979v1_genomic_prodigal_proteins	2284	1377	71.03	13.20	60.29
GCA_004332415.1_ASM433241v1_genomic_prodigal_proteins	2408	GCA_002171995.1_ASM217199v1_genomic_prodigal_proteins	1978	1087	75.33	13.03	54.95
GCA_004332415.1_ASM433241v1_genomic_prodigal_proteins	2408	GCA_011523835.1_ASM1152383v1_genomic_prodigal_proteins	2468	1655	74.37	13.44	68.73
GCA_004332415.1_ASM433241v1_genomic_prodigal_proteins	2408	GCA_002172175.1_ASM217217v1_genomic_prodigal_proteins	1846	1068	64.81	13.74	57.85
GCA_004332415.1_ASM433241v1_genomic_prodigal_proteins	2408	GCA_003208835.1_ASM320883v1_genomic_prodigal_proteins	2208	1266	71.14	13.68	57.34
GCA_004332415.1_ASM433241v1_genomic_prodigal_proteins	2408	GCA_902589915.1_AG-914-F20_genomic_prodigal_proteins	373	135	73.22	15.64	36.19
GCA_004332415.1_ASM433241v1_genomic_prodigal_proteins	2408	GCA_000485815.1_ASM48581v1_genomic_prodigal_proteins	3083	1061	53.68	12.84	44.06
GCA_004332415.1_ASM433241v1_genomic_prodigal_proteins	2408	GCA_008807075.1_ASM880707v1_genomic_prodigal_proteins	2925	1670	67.10	13.87	69.35
GCA_004332415.1_ASM433241v1_genomic_prodigal_proteins	2408	GCA_000179235.2_ASM17923v2_genomic_prodigal_proteins	3071	1782	68.77	13.98	74.00
GCA_004332415.1_ASM433241v1_genomic_prodigal_proteins	2408	GCA_003210795.1_ASM321079v1_genomic_prodigal_proteins	2239	1293	71.03	13.65	57.75
GCA_004332415.1_ASM433241v1_genomic_prodigal_proteins	2408	GCA_002706715.1_ASM270671v1_genomic_prodigal_proteins	1148	884	71.48	13.47	77.00
GCA_004332415.1_ASM433241v1_genomic_prodigal_proteins	2408	GCA_003331245.1_ASM333124v1_genomic_prodigal_proteins	2021	1497	71.89	13.29	74.07
GCA_004332415.1_ASM433241v1_genomic_prodigal_proteins	2408	GCA_009843385.1_ASM984338v1_genomic_prodigal_proteins	2085	970	61.95	12.79	46.52
GCA_004332415.1_ASM433241v1_genomic_prodigal_proteins	2408	GCA_003211205.1_ASM321120v1_genomic_prodigal_proteins	2288	1428	73.89	13.01	62.41
GCA_004332415.1_ASM433241v1_genomic_prodigal_proteins	2408	GCA_000063505.1_ASM6350v1_genomic_prodigal_proteins	2558	1974	75.06	13.43	81.98
GCA_004332415.1_ASM433241v1_genomic_prodigal_proteins	2408	GCA_900474245.1_UW179B_genomic_prodigal_proteins	2743	1900	74.18	13.21	78.90
GCA_004332415.1_ASM433241v1_genomic_prodigal_proteins	2408	GCA_003210345.1_ASM321034v1_genomic_prodigal_proteins	1256	739	69.59	13.52	58.84
GCA_004332415.1_ASM433241v1_genomic_prodigal_proteins	2408	GCA_003210315.1_ASM321031v1_genomic_prodigal_proteins	1815	1115	72.94	13.22	61.43
GCA_004332415.1_ASM433241v1_genomic_prodigal_proteins	2408	GCA_009836155.1_ASM983615v1_genomic_prodigal_proteins	1947	1111	61.87	12.64	57.06
GCA_004332415.1_ASM433241v1_genomic_prodigal_proteins	2408	GCA_003990665.2_ASM399066v2_genomic_prodigal_proteins	2499	1043	54.00	12.51	43.31
GCA_004332415.1_ASM433241v1_genomic_prodigal_proteins	2408	GCA_003209135.1_ASM320913v1_genomic_prodigal_proteins	1719	966	70.19	13.67	56.20
GCA_004332415.1_ASM433241v1_genomic_prodigal_proteins	2408	GCA_009845105.1_ASM984510v1_genomic_prodigal_proteins	1941	930	61.35	12.81	47.91
GCA_004332415.1_ASM433241v1_genomic_prodigal_proteins	2408	GCA_002690325.1_ASM269032v1_genomic_prodigal_proteins	2554	1641	70.36	13.63	68.15
GCA_004332415.1_ASM433241v1_genomic_prodigal_proteins	2408	GCA_000161795.2_ASM16179v2_genomic_prodigal_proteins	2407	1719	72.31	13.34	71.42
GCA_004332415.1_ASM433241v1_genomic_prodigal_proteins	2408	GCA_004211895.1_ASM421189v1_genomic_prodigal_proteins	954	705	72.37	13.33	73.90
GCA_004332415.1_ASM433241v1_genomic_prodigal_proteins	2408	GCA_003210735.1_ASM321073v1_genomic_prodigal_proteins	2337	1312	70.52	13.58	56.14
GCA_004332415.1_ASM433241v1_genomic_prodigal_proteins	2408	GCA_003209035.1_ASM320903v1_genomic_prodigal_proteins	1803	962	70.38	14.01	53.36
GCA_004332415.1_ASM433241v1_genomic_prodigal_proteins	2408	GCA_003712085.1_ASM371208v1_genomic_prodigal_proteins	2745	1793	72.16	13.49	74.46
GCA_004332415.1_ASM433241v1_genomic_prodigal_proteins	2408	GCA_003212155.1_ASM321215v1_genomic_prodigal_proteins	262	105	63.43	16.69	40.08
GCA_004332415.1_ASM433241v1_genomic_prodigal_proteins	2408	GCA_001040845.1_ASM104084v1_genomic_prodigal_proteins	2917	1860	74.01	12.89	77.24
GCA_004332415.1_ASM433241v1_genomic_prodigal_proteins	2408	GCA_002018015.1_ASM201801v1_genomic_prodigal_proteins	1578	899	62.39	12.95	56.97
GCA_004332415.1_ASM433241v1_genomic_prodigal_proteins	2408	GCA_003211255.1_ASM321125v1_genomic_prodigal_proteins	1850	999	70.17	13.84	54.00
GCA_004332415.1_ASM433241v1_genomic_prodigal_proteins	2408	GCA_002721235.1_ASM272123v1_genomic_prodigal_proteins	3119	1086	53.52	12.69	45.10
GCA_004332415.1_ASM433241v1_genomic_prodigal_proteins	2408	GCA_009839305.1_ASM983930v1_genomic_prodigal_proteins	1816	875	62.17	13.08	48.18
GCA_004332415.1_ASM433241v1_genomic_prodigal_proteins	2408	GCA_011365345.1_ASM1136534v1_genomic_prodigal_proteins	2655	1812	71.59	13.83	75.25
GCA_004332415.1_ASM433241v1_genomic_prodigal_proteins	2408	GCA_001039265.1_ASM103926v1_genomic_prodigal_proteins	2832	1156	69.68	13.80	48.01
GCA_004332415.1_ASM433241v1_genomic_prodigal_proteins	2408	GCA_001628325.1_ASM162832v1_genomic_prodigal_proteins	2129	1573	72.49	13.31	73.88
GCA_004332415.1_ASM433241v1_genomic_prodigal_proteins	2408	GCA_003209215.1_ASM320921v1_genomic_prodigal_proteins	1679	890	71.78	13.53	53.01
GCA_004332415.1_ASM433241v1_genomic_prodigal_proteins	2408	GCA_002737305.1_ASM273730v1_genomic_prodigal_proteins	1951	1254	68.40	13.65	64.27
GCA_004332415.1_ASM433241v1_genomic_prodigal_proteins	2408	GCA_003210515.1_ASM321051v1_genomic_prodigal_proteins	1673	1009	70.19	13.67	60.31
GCA_004332415.1_ASM433241v1_genomic_prodigal_proteins	2408	GCA_011525445.1_ASM1152544v1_genomic_prodigal_proteins	3208	1535	72.29	13.16	63.75
GCA_004332415.1_ASM433241v1_genomic_prodigal_proteins	2408	GCA_902599435.1_AG-916-N22_genomic_prodigal_proteins	793	429	72.90	14.03	54.10
GCA_004332415.1_ASM433241v1_genomic_prodigal_proteins	2408	GCA_003149585.1_ASM314958v1_genomic_prodigal_proteins	2600	1768	68.29	14.19	73.42
GCA_004332415.1_ASM433241v1_genomic_prodigal_proteins	2408	GCA_902560665.1_AG-905-O11_genomic_prodigal_proteins	401	185	71.21	14.92	46.13
GCA_004332415.1_ASM433241v1_genomic_prodigal_proteins	2408	GCA_003331795.1_ASM333179v1_genomic_prodigal_proteins	1948	1340	66.31	14.26	68.79
GCA_004332415.1_ASM433241v1_genomic_prodigal_proteins	2408	GCA_002017955.1_ASM201795v1_genomic_prodigal_proteins	512	258	61.66	13.03	50.39
GCA_004332415.1_ASM433241v1_genomic_prodigal_proteins	2408	GCA_902584485.1_AG-912-O23_genomic_prodigal_proteins	535	247	70.86	14.78	46.17
GCA_004332415.1_ASM433241v1_genomic_prodigal_proteins	2408	GCA_902527915.1_AG-896-G19_genomic_prodigal_proteins	1003	561	72.27	13.46	55.93
GCA_004332415.1_ASM433241v1_genomic_prodigal_proteins	2408	GCA_902635365.1_AG-447-D19_genomic_prodigal_proteins	1690	854	71.35	13.57	50.53
GCA_004332415.1_ASM433241v1_genomic_prodigal_proteins	2408	GCA_900474085.1_UW86_genomic_prodigal_proteins	2403	1759	72.28	13.55	73.20
GCA_004332415.1_ASM433241v1_genomic_prodigal_proteins	2408	GCA_001885215.1_ASM188521v1_genomic_prodigal_proteins	2897	1662	67.20	13.42	69.02
GCA_004332415.1_ASM433241v1_genomic_prodigal_proteins	2408	GCA_902575935.1_AG-426-B22_genomic_prodigal_proteins	254	147	75.05	13.70	57.87
GCA_004332415.1_ASM433241v1_genomic_prodigal_proteins	2408	GCA_900474295.1_UW140_genomic_prodigal_proteins	2925	1902	75.85	12.83	78.99
GCA_004332415.1_ASM433241v1_genomic_prodigal_proteins	2408	GCA_003211565.1_ASM321156v1_genomic_prodigal_proteins	1489	786	71.30	13.82	52.79
GCA_004332415.1_ASM433241v1_genomic_prodigal_proteins	2408	GCA_003526105.1_ASM352610v1_genomic_prodigal_proteins	1581	934	72.89	13.31	59.08
GCA_004332415.1_ASM433241v1_genomic_prodigal_proteins	2408	GCA_002172935.1_ASM217293v1_genomic_prodigal_proteins	1996	1512	74.11	13.23	75.75
GCA_004332415.1_ASM433241v1_genomic_prodigal_proteins	2408	GCA_003210335.1_ASM321033v1_genomic_prodigal_proteins	942	379	70.70	13.88	40.23
GCA_004332415.1_ASM433241v1_genomic_prodigal_proteins	2408	GCA_009846115.1_ASM984611v1_genomic_prodigal_proteins	2048	1041	61.54	12.84	50.83
GCA_004332415.1_ASM433241v1_genomic_prodigal_proteins	2408	GCA_001693295.1_ASM169329v1_genomic_prodigal_proteins	3183	1081	53.52	12.72	44.89
GCA_004332415.1_ASM433241v1_genomic_prodigal_proteins	2408	GCA_900473965.1_UW179A_genomic_prodigal_proteins	3383	1875	73.93	13.12	77.87
GCA_004332415.1_ASM433241v1_genomic_prodigal_proteins	2408	GCA_003213755.1_ASM321375v1_genomic_prodigal_proteins	1050	582	65.91	14.25	55.43
GCA_004332415.1_ASM433241v1_genomic_prodigal_proteins	2408	GCA_003209155.1_ASM320915v1_genomic_prodigal_proteins	2305	1415	73.93	13.04	61.39
GCA_004332415.1_ASM433241v1_genomic_prodigal_proteins	2408	GCA_003211515.1_ASM321151v1_genomic_prodigal_proteins	2451	1160	70.34	13.89	48.17
GCA_004332415.1_ASM433241v1_genomic_prodigal_proteins	2408	GCA_002693285.1_ASM269328v1_genomic_prodigal_proteins	2440	1661	73.98	13.16	68.98
GCA_004332415.1_ASM433241v1_genomic_prodigal_proteins	2408	GCA_003210555.1_ASM321055v1_genomic_prodigal_proteins	1847	1051	73.39	12.89	56.90
GCA_004332415.1_ASM433241v1_genomic_prodigal_proteins	2408	GCA_000155595.1_ASM15559v1_genomic_prodigal_proteins	5270	1124	53.03	12.76	46.68
GCA_004332415.1_ASM433241v1_genomic_prodigal_proteins	2408	GCA_001007665.1_ASM100766v1_genomic_prodigal_proteins	2356	1200	61.40	12.79	50.93
GCA_004332415.1_ASM433241v1_genomic_prodigal_proteins	2408	GCA_009919765.1_ASM991976v1_genomic_prodigal_proteins	2524	1137	66.35	14.04	47.22
GCA_004332415.1_ASM433241v1_genomic_prodigal_proteins	2408	GCA_003331225.1_ASM333122v1_genomic_prodigal_proteins	2113	1453	66.39	13.96	68.76
GCA_004332415.1_ASM433241v1_genomic_prodigal_proteins	2408	GCA_900177825.1_IMG-taxon_2708742468_annotated_assembly_genomic_prodigal_proteins	3317	1072	53.54	12.77	44.52
GCA_004332415.1_ASM433241v1_genomic_prodigal_proteins	2408	GCA_000195975.1_ASM19597v1_genomic_prodigal_proteins	2719	1777	72.43	13.41	73.80
GCA_004332415.1_ASM433241v1_genomic_prodigal_proteins	2408	GCA_902618885.1_AG-920-D15_genomic_prodigal_proteins	1178	668	72.73	14.41	56.71
GCA_004332415.1_ASM433241v1_genomic_prodigal_proteins	2408	GCA_003209165.1_ASM320916v1_genomic_prodigal_proteins	2711	1505	71.64	13.55	62.50
GCA_004332415.1_ASM433241v1_genomic_prodigal_proteins	2408	GCA_001007625.1_ASM100762v1_genomic_prodigal_proteins	2478	1040	61.79	12.94	43.19
GCA_004332415.1_ASM433241v1_genomic_prodigal_proteins	2408	GCA_008386235.1_ASM838623v1_genomic_prodigal_proteins	2571	1042	53.89	12.60	43.27
GCA_004332415.1_ASM433241v1_genomic_prodigal_proteins	2408	GCA_001631935.1_ASM163193v1_genomic_prodigal_proteins	3526	1877	74.07	13.14	77.95
GCA_004332415.1_ASM433241v1_genomic_prodigal_proteins	2408	GCA_002151525.1_ASM215152v1_genomic_prodigal_proteins	1628	1144	64.59	14.22	70.27
GCA_004332415.1_ASM433241v1_genomic_prodigal_proteins	2408	GCA_000153065.1_ASM15306v1_genomic_prodigal_proteins	2704	1975	81.76	11.54	82.02
GCA_004332415.1_ASM433241v1_genomic_prodigal_proteins	2408	GCA_009837265.1_ASM983726v1_genomic_prodigal_proteins	2126	1102	61.66	12.80	51.83
GCA_004332415.1_ASM433241v1_genomic_prodigal_proteins	2408	GCA_902533725.1_AG-898-C20_genomic_prodigal_proteins	421	154	70.55	14.47	36.58
GCA_004332415.1_ASM433241v1_genomic_prodigal_proteins	2408	GCA_002171075.2_ASM217107v2_genomic_prodigal_proteins	1919	1244	64.52	13.67	64.83
GCA_004332415.1_ASM433241v1_genomic_prodigal_proteins	2408	GCA_002760395.1_ASM276039v1_genomic_prodigal_proteins	2661	919	53.19	11.90	38.16
GCA_004332415.1_ASM433241v1_genomic_prodigal_proteins	2408	GCA_003209005.1_ASM320900v1_genomic_prodigal_proteins	2548	1543	74.01	12.93	64.08
GCA_004332415.1_ASM433241v1_genomic_prodigal_proteins	2408	GCA_002017915.1_ASM201791v1_genomic_prodigal_proteins	623	321	64.28	13.51	51.52
GCA_004332415.1_ASM433241v1_genomic_prodigal_proteins	2408	GCA_900047545.1_m9_genomic_prodigal_proteins	1575	907	61.67	12.80	57.59
GCA_004332415.1_ASM433241v1_genomic_prodigal_proteins	2408	GCA_001632105.1_ASM163210v1_genomic_prodigal_proteins	3521	1887	74.05	13.15	78.36
GCA_004332415.1_ASM433241v1_genomic_prodigal_proteins	2408	GCA_004212765.1_ASM421276v1_genomic_prodigal_proteins	1162	850	72.00	13.45	73.15
GCA_004332415.1_ASM433241v1_genomic_prodigal_proteins	2408	GCA_002685515.1_ASM268551v1_genomic_prodigal_proteins	1286	956	73.76	12.53	74.34
GCA_004332415.1_ASM433241v1_genomic_prodigal_proteins	2408	GCA_007828135.1_ASM782813v1_genomic_prodigal_proteins	2917	1660	67.25	13.42	68.94
GCA_004332415.1_ASM433241v1_genomic_prodigal_proteins	2408	GCA_011047875.1_ASM1104787v1_genomic_prodigal_proteins	2810	916	53.21	12.06	38.04
GCA_004332415.1_ASM433241v1_genomic_prodigal_proteins	2408	GCA_009840445.1_ASM984044v1_genomic_prodigal_proteins	2167	1202	61.76	12.81	55.47
GCA_004332415.1_ASM433241v1_genomic_prodigal_proteins	2408	GCA_003210995.1_ASM321099v1_genomic_prodigal_proteins	2385	1381	73.70	13.42	57.90
GCA_004332415.1_ASM433241v1_genomic_prodigal_proteins	2408	GCA_902616995.1_AG-919-L20_genomic_prodigal_proteins	654	348	72.10	13.17	53.21
GCA_004332415.1_ASM433241v1_genomic_prodigal_proteins	2408	GCA_009845825.1_ASM984582v1_genomic_prodigal_proteins	2168	1018	61.98	12.63	46.96
GCA_004332415.1_ASM433241v1_genomic_prodigal_proteins	2408	GCA_000515235.1_ASM51523v1_genomic_prodigal_proteins	2873	1801	71.27	13.57	74.79
GCA_004332415.1_ASM433241v1_genomic_prodigal_proteins	2408	GCA_003523965.1_ASM352396v1_genomic_prodigal_proteins	1735	771	62.86	13.07	44.44
GCA_004332415.1_ASM433241v1_genomic_prodigal_proteins	2408	GCA_002684175.1_ASM268417v1_genomic_prodigal_proteins	1819	1067	69.18	12.89	58.66
GCA_004332415.1_ASM433241v1_genomic_prodigal_proteins	2408	GCA_011523295.1_ASM1152329v1_genomic_prodigal_proteins	2851	1396	70.56	13.58	57.97
GCA_004332415.1_ASM433241v1_genomic_prodigal_proteins	2408	GCA_003211015.1_ASM321101v1_genomic_prodigal_proteins	2128	1345	74.23	13.02	63.20
GCA_004332415.1_ASM433241v1_genomic_prodigal_proteins	2408	GCA_002006815.1_ASM200681v1_genomic_prodigal_proteins	1973	1431	65.13	13.86	72.53
GCA_002760415.1_ASM276041v1_genomic_prodigal_proteins	2670	GCA_002754935.1_ASM275493v1_genomic_prodigal_proteins	2664	1207	58.31	12.58	45.31
GCA_002760415.1_ASM276041v1_genomic_prodigal_proteins	2670	GCA_002171685.2_ASM217168v2_genomic_prodigal_proteins	811	370	53.42	11.51	45.62
GCA_002760415.1_ASM276041v1_genomic_prodigal_proteins	2670	GCA_000737595.1_ASM73759v1_genomic_prodigal_proteins	2774	923	53.12	11.94	34.57
GCA_002760415.1_ASM276041v1_genomic_prodigal_proteins	2670	GCA_003331785.1_ASM333178v1_genomic_prodigal_proteins	2125	848	52.78	11.75	39.91
GCA_002760415.1_ASM276041v1_genomic_prodigal_proteins	2670	GCA_009842265.1_ASM984226v1_genomic_prodigal_proteins	2398	819	53.28	11.54	34.15
GCA_002760415.1_ASM276041v1_genomic_prodigal_proteins	2670	GCA_902579345.1_AG-911-L15_genomic_prodigal_proteins	248	40	53.38	15.05	16.13
GCA_002760415.1_ASM276041v1_genomic_prodigal_proteins	2670	GCA_000011345.1_ASM1134v1_genomic_prodigal_proteins	2520	1259	58.47	12.74	49.96
GCA_002760415.1_ASM276041v1_genomic_prodigal_proteins	2670	GCA_003210705.1_ASM321070v1_genomic_prodigal_proteins	2244	633	52.74	11.84	28.21
GCA_002760415.1_ASM276041v1_genomic_prodigal_proteins	2670	GCA_000019485.1_ASM1948v1_genomic_prodigal_proteins	3233	1254	56.37	12.42	46.97
GCA_002760415.1_ASM276041v1_genomic_prodigal_proteins	2670	GCA_003283055.1_ASM328305v1_genomic_prodigal_proteins	482	32	49.98	13.60	6.64
GCA_002760415.1_ASM276041v1_genomic_prodigal_proteins	2670	GCA_000010065.1_ASM1006v1_genomic_prodigal_proteins	2691	1200	57.48	12.08	44.94
GCA_002760415.1_ASM276041v1_genomic_prodigal_proteins	2670	GCA_000316685.1_ASM31668v1_genomic_prodigal_proteins	3706	1272	57.48	12.34	47.64
GCA_002760415.1_ASM276041v1_genomic_prodigal_proteins	2670	GCA_000063525.1_ASM6352v1_genomic_prodigal_proteins	2540	938	53.63	11.97	36.93
GCA_002760415.1_ASM276041v1_genomic_prodigal_proteins	2670	GCA_003283165.1_ASM328316v1_genomic_prodigal_proteins	217	34	51.86	11.63	15.67
GCA_002760415.1_ASM276041v1_genomic_prodigal_proteins	2670	GCA_902540675.1_AG-359-E22_genomic_prodigal_proteins	584	150	53.00	12.87	25.68
GCA_002760415.1_ASM276041v1_genomic_prodigal_proteins	2670	GCA_011055065.1_ASM1105506v1_genomic_prodigal_proteins	2792	2125	86.78	8.22	79.59
GCA_002760415.1_ASM276041v1_genomic_prodigal_proteins	2670	GCA_000013205.1_ASM1320v1_genomic_prodigal_proteins	2750	2434	98.63	4.33	91.16
GCA_002760415.1_ASM276041v1_genomic_prodigal_proteins	2670	GCA_003539795.1_ASM353979v1_genomic_prodigal_proteins	2284	664	51.81	11.09	29.07
GCA_002760415.1_ASM276041v1_genomic_prodigal_proteins	2670	GCA_002171995.1_ASM217199v1_genomic_prodigal_proteins	1978	546	51.80	11.78	27.60
GCA_002760415.1_ASM276041v1_genomic_prodigal_proteins	2670	GCA_011523835.1_ASM1152383v1_genomic_prodigal_proteins	2468	782	52.50	11.80	31.69
GCA_002760415.1_ASM276041v1_genomic_prodigal_proteins	2670	GCA_002172175.1_ASM217217v1_genomic_prodigal_proteins	1846	591	52.00	11.52	32.02
GCA_002760415.1_ASM276041v1_genomic_prodigal_proteins	2670	GCA_003208835.1_ASM320883v1_genomic_prodigal_proteins	2208	681	52.54	11.85	30.84
GCA_002760415.1_ASM276041v1_genomic_prodigal_proteins	2670	GCA_902589915.1_AG-914-F20_genomic_prodigal_proteins	373	73	53.63	13.11	19.57
GCA_002760415.1_ASM276041v1_genomic_prodigal_proteins	2670	GCA_000485815.1_ASM48581v1_genomic_prodigal_proteins	3083	1209	56.58	12.27	45.28
GCA_002760415.1_ASM276041v1_genomic_prodigal_proteins	2670	GCA_008807075.1_ASM880707v1_genomic_prodigal_proteins	2925	928	53.35	12.09	34.76
GCA_002760415.1_ASM276041v1_genomic_prodigal_proteins	2670	GCA_000179235.2_ASM17923v2_genomic_prodigal_proteins	3071	999	53.48	12.03	37.42
GCA_002760415.1_ASM276041v1_genomic_prodigal_proteins	2670	GCA_003210795.1_ASM321079v1_genomic_prodigal_proteins	2239	669	52.42	11.48	29.88
GCA_002760415.1_ASM276041v1_genomic_prodigal_proteins	2670	GCA_002706715.1_ASM270671v1_genomic_prodigal_proteins	1148	493	53.26	11.92	42.94
GCA_002760415.1_ASM276041v1_genomic_prodigal_proteins	2670	GCA_003331245.1_ASM333124v1_genomic_prodigal_proteins	2021	750	52.88	11.43	37.11
GCA_002760415.1_ASM276041v1_genomic_prodigal_proteins	2670	GCA_009843385.1_ASM984338v1_genomic_prodigal_proteins	2085	691	53.56	11.59	33.14
GCA_002760415.1_ASM276041v1_genomic_prodigal_proteins	2670	GCA_003211205.1_ASM321120v1_genomic_prodigal_proteins	2288	702	52.54	11.89	30.68
GCA_002760415.1_ASM276041v1_genomic_prodigal_proteins	2670	GCA_000063505.1_ASM6350v1_genomic_prodigal_proteins	2558	932	52.86	12.17	36.43
GCA_002760415.1_ASM276041v1_genomic_prodigal_proteins	2670	GCA_900474245.1_UW179B_genomic_prodigal_proteins	2743	928	52.60	11.96	34.76
GCA_002760415.1_ASM276041v1_genomic_prodigal_proteins	2670	GCA_003210345.1_ASM321034v1_genomic_prodigal_proteins	1256	349	52.05	12.13	27.79
GCA_002760415.1_ASM276041v1_genomic_prodigal_proteins	2670	GCA_003210315.1_ASM321031v1_genomic_prodigal_proteins	1815	549	52.73	12.10	30.25
GCA_002760415.1_ASM276041v1_genomic_prodigal_proteins	2670	GCA_009836155.1_ASM983615v1_genomic_prodigal_proteins	1947	787	53.35	11.44	40.42
GCA_002760415.1_ASM276041v1_genomic_prodigal_proteins	2670	GCA_003990665.2_ASM399066v2_genomic_prodigal_proteins	2499	1263	58.45	12.69	50.54
GCA_002760415.1_ASM276041v1_genomic_prodigal_proteins	2670	GCA_003209135.1_ASM320913v1_genomic_prodigal_proteins	1719	480	51.86	11.29	27.92
GCA_002760415.1_ASM276041v1_genomic_prodigal_proteins	2670	GCA_009845105.1_ASM984510v1_genomic_prodigal_proteins	1941	655	52.99	11.53	33.75
GCA_002760415.1_ASM276041v1_genomic_prodigal_proteins	2670	GCA_002690325.1_ASM269032v1_genomic_prodigal_proteins	2554	814	51.84	11.51	31.87
GCA_002760415.1_ASM276041v1_genomic_prodigal_proteins	2670	GCA_000161795.2_ASM16179v2_genomic_prodigal_proteins	2407	904	53.22	11.94	37.56
GCA_002760415.1_ASM276041v1_genomic_prodigal_proteins	2670	GCA_004211895.1_ASM421189v1_genomic_prodigal_proteins	954	390	52.66	12.08	40.88
GCA_002760415.1_ASM276041v1_genomic_prodigal_proteins	2670	GCA_003210735.1_ASM321073v1_genomic_prodigal_proteins	2337	652	52.26	11.83	27.90
GCA_002760415.1_ASM276041v1_genomic_prodigal_proteins	2670	GCA_003209035.1_ASM320903v1_genomic_prodigal_proteins	1803	492	52.59	11.98	27.29
GCA_002760415.1_ASM276041v1_genomic_prodigal_proteins	2670	GCA_003712085.1_ASM371208v1_genomic_prodigal_proteins	2745	919	52.80	11.87	34.42
GCA_002760415.1_ASM276041v1_genomic_prodigal_proteins	2670	GCA_003212155.1_ASM321215v1_genomic_prodigal_proteins	262	52	51.98	14.14	19.85
GCA_002760415.1_ASM276041v1_genomic_prodigal_proteins	2670	GCA_001040845.1_ASM104084v1_genomic_prodigal_proteins	2917	922	52.79	11.93	34.53
GCA_002760415.1_ASM276041v1_genomic_prodigal_proteins	2670	GCA_002018015.1_ASM201801v1_genomic_prodigal_proteins	1578	662	53.63	11.74	41.95
GCA_002760415.1_ASM276041v1_genomic_prodigal_proteins	2670	GCA_003211255.1_ASM321125v1_genomic_prodigal_proteins	1850	498	51.89	11.55	26.92
GCA_002760415.1_ASM276041v1_genomic_prodigal_proteins	2670	GCA_002721235.1_ASM272123v1_genomic_prodigal_proteins	3119	1240	56.49	12.32	46.44
GCA_002760415.1_ASM276041v1_genomic_prodigal_proteins	2670	GCA_009839305.1_ASM983930v1_genomic_prodigal_proteins	1816	609	54.16	11.97	33.54
GCA_002760415.1_ASM276041v1_genomic_prodigal_proteins	2670	GCA_011365345.1_ASM1136534v1_genomic_prodigal_proteins	2655	911	53.10	11.90	34.31
GCA_002760415.1_ASM276041v1_genomic_prodigal_proteins	2670	GCA_001039265.1_ASM103926v1_genomic_prodigal_proteins	2832	694	55.25	12.31	25.99
GCA_002760415.1_ASM276041v1_genomic_prodigal_proteins	2670	GCA_001628325.1_ASM162832v1_genomic_prodigal_proteins	2129	820	52.90	11.56	38.52
GCA_002760415.1_ASM276041v1_genomic_prodigal_proteins	2670	GCA_003209215.1_ASM320921v1_genomic_prodigal_proteins	1679	464	53.21	12.22	27.64
GCA_002760415.1_ASM276041v1_genomic_prodigal_proteins	2670	GCA_002737305.1_ASM273730v1_genomic_prodigal_proteins	1951	764	54.19	11.74	39.16
GCA_002760415.1_ASM276041v1_genomic_prodigal_proteins	2670	GCA_003210515.1_ASM321051v1_genomic_prodigal_proteins	1673	515	52.30	12.20	30.78
GCA_002760415.1_ASM276041v1_genomic_prodigal_proteins	2670	GCA_011525445.1_ASM1152544v1_genomic_prodigal_proteins	3208	741	51.73	11.73	27.75
GCA_002760415.1_ASM276041v1_genomic_prodigal_proteins	2670	GCA_902599435.1_AG-916-N22_genomic_prodigal_proteins	793	240	54.49	12.10	30.26
GCA_002760415.1_ASM276041v1_genomic_prodigal_proteins	2670	GCA_003149585.1_ASM314958v1_genomic_prodigal_proteins	2600	971	53.58	11.83	37.35
GCA_002760415.1_ASM276041v1_genomic_prodigal_proteins	2670	GCA_902560665.1_AG-905-O11_genomic_prodigal_proteins	401	82	54.30	14.32	20.45
GCA_002760415.1_ASM276041v1_genomic_prodigal_proteins	2670	GCA_003331795.1_ASM333179v1_genomic_prodigal_proteins	1948	764	53.16	12.08	39.22
GCA_002760415.1_ASM276041v1_genomic_prodigal_proteins	2670	GCA_002017955.1_ASM201795v1_genomic_prodigal_proteins	512	185	52.23	11.72	36.13
GCA_002760415.1_ASM276041v1_genomic_prodigal_proteins	2670	GCA_902584485.1_AG-912-O23_genomic_prodigal_proteins	535	122	51.76	12.58	22.80
GCA_002760415.1_ASM276041v1_genomic_prodigal_proteins	2670	GCA_902527915.1_AG-896-G19_genomic_prodigal_proteins	1003	269	53.22	12.45	26.82
GCA_002760415.1_ASM276041v1_genomic_prodigal_proteins	2670	GCA_902635365.1_AG-447-D19_genomic_prodigal_proteins	1690	436	53.14	12.06	25.80
GCA_002760415.1_ASM276041v1_genomic_prodigal_proteins	2670	GCA_900474085.1_UW86_genomic_prodigal_proteins	2403	905	53.20	11.89	37.66
GCA_002760415.1_ASM276041v1_genomic_prodigal_proteins	2670	GCA_001885215.1_ASM188521v1_genomic_prodigal_proteins	2897	980	53.50	11.84	36.70
GCA_002760415.1_ASM276041v1_genomic_prodigal_proteins	2670	GCA_902575935.1_AG-426-B22_genomic_prodigal_proteins	254	87	58.90	13.56	34.25
GCA_002760415.1_ASM276041v1_genomic_prodigal_proteins	2670	GCA_900474295.1_UW140_genomic_prodigal_proteins	2925	927	52.80	11.92	34.72
GCA_002760415.1_ASM276041v1_genomic_prodigal_proteins	2670	GCA_003211565.1_ASM321156v1_genomic_prodigal_proteins	1489	411	52.82	12.49	27.60
GCA_002760415.1_ASM276041v1_genomic_prodigal_proteins	2670	GCA_003526105.1_ASM352610v1_genomic_prodigal_proteins	1581	501	53.22	11.56	31.69
GCA_002760415.1_ASM276041v1_genomic_prodigal_proteins	2670	GCA_002172935.1_ASM217293v1_genomic_prodigal_proteins	1996	694	52.49	11.70	34.77
GCA_002760415.1_ASM276041v1_genomic_prodigal_proteins	2670	GCA_003210335.1_ASM321033v1_genomic_prodigal_proteins	942	166	52.07	12.43	17.62
GCA_002760415.1_ASM276041v1_genomic_prodigal_proteins	2670	GCA_009846115.1_ASM984611v1_genomic_prodigal_proteins	2048	710	53.34	11.45	34.67
GCA_002760415.1_ASM276041v1_genomic_prodigal_proteins	2670	GCA_001693295.1_ASM169329v1_genomic_prodigal_proteins	3183	1235	56.51	12.42	46.25
GCA_002760415.1_ASM276041v1_genomic_prodigal_proteins	2670	GCA_900473965.1_UW179A_genomic_prodigal_proteins	3383	905	52.94	12.04	33.90
GCA_002760415.1_ASM276041v1_genomic_prodigal_proteins	2670	GCA_003213755.1_ASM321375v1_genomic_prodigal_proteins	1050	319	53.30	12.68	30.38
GCA_002760415.1_ASM276041v1_genomic_prodigal_proteins	2670	GCA_003209155.1_ASM320915v1_genomic_prodigal_proteins	2305	678	52.84	11.64	29.41
GCA_002760415.1_ASM276041v1_genomic_prodigal_proteins	2670	GCA_003211515.1_ASM321151v1_genomic_prodigal_proteins	2451	608	52.30	11.92	24.81
GCA_002760415.1_ASM276041v1_genomic_prodigal_proteins	2670	GCA_002693285.1_ASM269328v1_genomic_prodigal_proteins	2440	797	52.45	11.79	32.66
GCA_002760415.1_ASM276041v1_genomic_prodigal_proteins	2670	GCA_003210555.1_ASM321055v1_genomic_prodigal_proteins	1847	505	52.70	11.68	27.34
GCA_002760415.1_ASM276041v1_genomic_prodigal_proteins	2670	GCA_000155595.1_ASM15559v1_genomic_prodigal_proteins	5270	1289	56.08	12.00	48.28
GCA_002760415.1_ASM276041v1_genomic_prodigal_proteins	2670	GCA_001007665.1_ASM100766v1_genomic_prodigal_proteins	2356	846	53.02	11.43	35.91
GCA_002760415.1_ASM276041v1_genomic_prodigal_proteins	2670	GCA_009919765.1_ASM991976v1_genomic_prodigal_proteins	2524	627	53.09	11.72	24.84
GCA_002760415.1_ASM276041v1_genomic_prodigal_proteins	2670	GCA_003331225.1_ASM333122v1_genomic_prodigal_proteins	2113	818	53.43	11.78	38.71
GCA_002760415.1_ASM276041v1_genomic_prodigal_proteins	2670	GCA_900177825.1_IMG-taxon_2708742468_annotated_assembly_genomic_prodigal_proteins	3317	1237	56.41	12.41	46.33
GCA_002760415.1_ASM276041v1_genomic_prodigal_proteins	2670	GCA_000195975.1_ASM19597v1_genomic_prodigal_proteins	2719	913	53.02	11.91	34.19
GCA_002760415.1_ASM276041v1_genomic_prodigal_proteins	2670	GCA_902618885.1_AG-920-D15_genomic_prodigal_proteins	1178	333	53.63	12.50	28.27
GCA_002760415.1_ASM276041v1_genomic_prodigal_proteins	2670	GCA_003209165.1_ASM320916v1_genomic_prodigal_proteins	2711	780	53.03	12.01	29.21
GCA_002760415.1_ASM276041v1_genomic_prodigal_proteins	2670	GCA_001007625.1_ASM100762v1_genomic_prodigal_proteins	2478	751	53.24	11.62	30.31
GCA_002760415.1_ASM276041v1_genomic_prodigal_proteins	2670	GCA_008386235.1_ASM838623v1_genomic_prodigal_proteins	2571	1279	58.29	12.76	49.75
GCA_002760415.1_ASM276041v1_genomic_prodigal_proteins	2670	GCA_001631935.1_ASM163193v1_genomic_prodigal_proteins	3526	898	52.93	11.90	33.63
GCA_002760415.1_ASM276041v1_genomic_prodigal_proteins	2670	GCA_002151525.1_ASM215152v1_genomic_prodigal_proteins	1628	683	53.16	11.81	41.95
GCA_002760415.1_ASM276041v1_genomic_prodigal_proteins	2670	GCA_000153065.1_ASM15306v1_genomic_prodigal_proteins	2704	939	53.46	12.05	35.17
GCA_002760415.1_ASM276041v1_genomic_prodigal_proteins	2670	GCA_009837265.1_ASM983726v1_genomic_prodigal_proteins	2126	769	53.37	11.66	36.17
GCA_002760415.1_ASM276041v1_genomic_prodigal_proteins	2670	GCA_902533725.1_AG-898-C20_genomic_prodigal_proteins	421	86	53.43	13.80	20.43
GCA_002760415.1_ASM276041v1_genomic_prodigal_proteins	2670	GCA_002171075.2_ASM217107v2_genomic_prodigal_proteins	1919	667	52.22	11.33	34.76
GCA_002760415.1_ASM276041v1_genomic_prodigal_proteins	2670	GCA_002760395.1_ASM276039v1_genomic_prodigal_proteins	2661	2444	99.39	2.27	91.85
GCA_002760415.1_ASM276041v1_genomic_prodigal_proteins	2670	GCA_003209005.1_ASM320900v1_genomic_prodigal_proteins	2548	755	52.30	11.83	29.63
GCA_002760415.1_ASM276041v1_genomic_prodigal_proteins	2670	GCA_002017915.1_ASM201791v1_genomic_prodigal_proteins	623	247	55.35	11.97	39.65
GCA_002760415.1_ASM276041v1_genomic_prodigal_proteins	2670	GCA_900047545.1_m9_genomic_prodigal_proteins	1575	651	53.00	11.77	41.33
GCA_002760415.1_ASM276041v1_genomic_prodigal_proteins	2670	GCA_001632105.1_ASM163210v1_genomic_prodigal_proteins	3521	901	52.79	11.85	33.75
GCA_002760415.1_ASM276041v1_genomic_prodigal_proteins	2670	GCA_004212765.1_ASM421276v1_genomic_prodigal_proteins	1162	444	53.27	12.02	38.21
GCA_002760415.1_ASM276041v1_genomic_prodigal_proteins	2670	GCA_002685515.1_ASM268551v1_genomic_prodigal_proteins	1286	483	51.89	11.52	37.56
GCA_002760415.1_ASM276041v1_genomic_prodigal_proteins	2670	GCA_007828135.1_ASM782813v1_genomic_prodigal_proteins	2917	982	53.57	11.93	36.78
GCA_002760415.1_ASM276041v1_genomic_prodigal_proteins	2670	GCA_011047875.1_ASM1104787v1_genomic_prodigal_proteins	2810	2169	86.89	8.19	81.24
GCA_002760415.1_ASM276041v1_genomic_prodigal_proteins	2670	GCA_009840445.1_ASM984044v1_genomic_prodigal_proteins	2167	846	53.31	11.69	39.04
GCA_002760415.1_ASM276041v1_genomic_prodigal_proteins	2670	GCA_003210995.1_ASM321099v1_genomic_prodigal_proteins	2385	638	53.01	12.02	26.75
GCA_002760415.1_ASM276041v1_genomic_prodigal_proteins	2670	GCA_902616995.1_AG-919-L20_genomic_prodigal_proteins	654	170	53.30	13.28	25.99
GCA_002760415.1_ASM276041v1_genomic_prodigal_proteins	2670	GCA_009845825.1_ASM984582v1_genomic_prodigal_proteins	2168	733	53.35	11.46	33.81
GCA_002760415.1_ASM276041v1_genomic_prodigal_proteins	2670	GCA_000515235.1_ASM51523v1_genomic_prodigal_proteins	2873	920	52.94	11.98	34.46
GCA_002760415.1_ASM276041v1_genomic_prodigal_proteins	2670	GCA_003523965.1_ASM352396v1_genomic_prodigal_proteins	1735	564	53.88	11.46	32.51
GCA_002760415.1_ASM276041v1_genomic_prodigal_proteins	2670	GCA_002684175.1_ASM268417v1_genomic_prodigal_proteins	1819	534	51.87	11.16	29.36
GCA_002760415.1_ASM276041v1_genomic_prodigal_proteins	2670	GCA_011523295.1_ASM1152329v1_genomic_prodigal_proteins	2851	688	51.28	11.21	25.77
GCA_002760415.1_ASM276041v1_genomic_prodigal_proteins	2670	GCA_003211015.1_ASM321101v1_genomic_prodigal_proteins	2128	664	52.27	11.74	31.20
GCA_002760415.1_ASM276041v1_genomic_prodigal_proteins	2670	GCA_002006815.1_ASM200681v1_genomic_prodigal_proteins	1973	860	53.06	11.90	43.59
GCA_009836025.1_ASM983602v1_genomic_prodigal_proteins	2290	GCA_009843455.1_ASM984345v1_genomic_prodigal_proteins	2423	1883	98.80	3.59	82.23
GCA_009836025.1_ASM983602v1_genomic_prodigal_proteins	2290	GCA_009843485.1_ASM984348v1_genomic_prodigal_proteins	2158	1509	87.00	8.50	69.93
GCA_009836025.1_ASM983602v1_genomic_prodigal_proteins	2290	GCA_003283135.1_ASM328313v1_genomic_prodigal_proteins	459	84	60.00	13.42	18.30
GCA_009836025.1_ASM983602v1_genomic_prodigal_proteins	2290	GCA_902635485.1_AG-447-G23_genomic_prodigal_proteins	327	69	61.15	14.80	21.10
GCA_009836025.1_ASM983602v1_genomic_prodigal_proteins	2290	GCA_002760415.1_ASM276041v1_genomic_prodigal_proteins	2670	832	53.12	11.62	36.33
GCA_009836025.1_ASM983602v1_genomic_prodigal_proteins	2290	GCA_002754935.1_ASM275493v1_genomic_prodigal_proteins	2664	884	53.88	12.11	38.60
GCA_009836025.1_ASM983602v1_genomic_prodigal_proteins	2290	GCA_002171685.2_ASM217168v2_genomic_prodigal_proteins	811	457	60.91	12.32	56.35
GCA_009836025.1_ASM983602v1_genomic_prodigal_proteins	2290	GCA_000737595.1_ASM73759v1_genomic_prodigal_proteins	2774	1179	61.10	12.80	51.48
GCA_009836025.1_ASM983602v1_genomic_prodigal_proteins	2290	GCA_003331785.1_ASM333178v1_genomic_prodigal_proteins	2125	1078	61.10	12.63	50.73
GCA_009836025.1_ASM983602v1_genomic_prodigal_proteins	2290	GCA_009842265.1_ASM984226v1_genomic_prodigal_proteins	2398	1675	97.40	5.50	73.14
GCA_009836025.1_ASM983602v1_genomic_prodigal_proteins	2290	GCA_902579345.1_AG-911-L15_genomic_prodigal_proteins	248	64	58.54	15.45	25.81
GCA_009836025.1_ASM983602v1_genomic_prodigal_proteins	2290	GCA_000011345.1_ASM1134v1_genomic_prodigal_proteins	2520	916	54.12	12.22	40.00
GCA_009836025.1_ASM983602v1_genomic_prodigal_proteins	2290	GCA_003210705.1_ASM321070v1_genomic_prodigal_proteins	2244	834	60.36	13.00	37.17
GCA_009836025.1_ASM983602v1_genomic_prodigal_proteins	2290	GCA_000019485.1_ASM1948v1_genomic_prodigal_proteins	3233	923	53.47	12.31	40.31
GCA_009836025.1_ASM983602v1_genomic_prodigal_proteins	2290	GCA_003283055.1_ASM328305v1_genomic_prodigal_proteins	482	39	60.24	15.85	8.09
GCA_009836025.1_ASM983602v1_genomic_prodigal_proteins	2290	GCA_000010065.1_ASM1006v1_genomic_prodigal_proteins	2691	998	55.44	12.65	43.58
GCA_009836025.1_ASM983602v1_genomic_prodigal_proteins	2290	GCA_000316685.1_ASM31668v1_genomic_prodigal_proteins	3706	931	53.41	12.16	40.66
GCA_009836025.1_ASM983602v1_genomic_prodigal_proteins	2290	GCA_000063525.1_ASM6352v1_genomic_prodigal_proteins	2540	1205	62.07	12.47	52.62
GCA_009836025.1_ASM983602v1_genomic_prodigal_proteins	2290	GCA_003283165.1_ASM328316v1_genomic_prodigal_proteins	217	54	58.96	12.33	24.88
GCA_009836025.1_ASM983602v1_genomic_prodigal_proteins	2290	GCA_902540675.1_AG-359-E22_genomic_prodigal_proteins	584	189	61.88	14.52	32.36
GCA_009836025.1_ASM983602v1_genomic_prodigal_proteins	2290	GCA_011055065.1_ASM1105506v1_genomic_prodigal_proteins	2792	806	53.26	11.66	35.20
GCA_009836025.1_ASM983602v1_genomic_prodigal_proteins	2290	GCA_000013205.1_ASM1320v1_genomic_prodigal_proteins	2750	845	53.09	11.61	36.90
GCA_009836025.1_ASM983602v1_genomic_prodigal_proteins	2290	GCA_003539795.1_ASM353979v1_genomic_prodigal_proteins	2284	881	59.88	12.22	38.57
GCA_009836025.1_ASM983602v1_genomic_prodigal_proteins	2290	GCA_002171995.1_ASM217199v1_genomic_prodigal_proteins	1978	676	60.93	12.65	34.18
GCA_009836025.1_ASM983602v1_genomic_prodigal_proteins	2290	GCA_011523835.1_ASM1152383v1_genomic_prodigal_proteins	2468	1012	60.73	12.75	44.19
GCA_009836025.1_ASM983602v1_genomic_prodigal_proteins	2290	GCA_002172175.1_ASM217217v1_genomic_prodigal_proteins	1846	762	60.48	12.31	41.28
GCA_009836025.1_ASM983602v1_genomic_prodigal_proteins	2290	GCA_003208835.1_ASM320883v1_genomic_prodigal_proteins	2208	858	60.78	12.88	38.86
GCA_009836025.1_ASM983602v1_genomic_prodigal_proteins	2290	GCA_902589915.1_AG-914-F20_genomic_prodigal_proteins	373	89	63.27	13.12	23.86
GCA_009836025.1_ASM983602v1_genomic_prodigal_proteins	2290	GCA_000485815.1_ASM48581v1_genomic_prodigal_proteins	3083	884	53.57	12.36	38.60
GCA_009836025.1_ASM983602v1_genomic_prodigal_proteins	2290	GCA_008807075.1_ASM880707v1_genomic_prodigal_proteins	2925	1140	61.99	12.62	49.78
GCA_009836025.1_ASM983602v1_genomic_prodigal_proteins	2290	GCA_000179235.2_ASM17923v2_genomic_prodigal_proteins	3071	1214	62.18	12.39	53.01
GCA_009836025.1_ASM983602v1_genomic_prodigal_proteins	2290	GCA_003210795.1_ASM321079v1_genomic_prodigal_proteins	2239	871	60.75	12.48	38.90
GCA_009836025.1_ASM983602v1_genomic_prodigal_proteins	2290	GCA_002706715.1_ASM270671v1_genomic_prodigal_proteins	1148	627	60.85	12.85	54.62
GCA_009836025.1_ASM983602v1_genomic_prodigal_proteins	2290	GCA_003331245.1_ASM333124v1_genomic_prodigal_proteins	2021	966	61.04	12.30	47.80
GCA_009836025.1_ASM983602v1_genomic_prodigal_proteins	2290	GCA_009843385.1_ASM984338v1_genomic_prodigal_proteins	2085	1590	98.63	4.49	76.26
GCA_009836025.1_ASM983602v1_genomic_prodigal_proteins	2290	GCA_003211205.1_ASM321120v1_genomic_prodigal_proteins	2288	907	60.50	13.06	39.64
GCA_009836025.1_ASM983602v1_genomic_prodigal_proteins	2290	GCA_000063505.1_ASM6350v1_genomic_prodigal_proteins	2558	1164	61.30	12.84	50.83
GCA_009836025.1_ASM983602v1_genomic_prodigal_proteins	2290	GCA_900474245.1_UW179B_genomic_prodigal_proteins	2743	1168	60.88	12.85	51.00
GCA_009836025.1_ASM983602v1_genomic_prodigal_proteins	2290	GCA_003210345.1_ASM321034v1_genomic_prodigal_proteins	1256	470	59.52	12.42	37.42
GCA_009836025.1_ASM983602v1_genomic_prodigal_proteins	2290	GCA_003210315.1_ASM321031v1_genomic_prodigal_proteins	1815	693	60.25	12.81	38.18
GCA_009836025.1_ASM983602v1_genomic_prodigal_proteins	2290	GCA_009836155.1_ASM983615v1_genomic_prodigal_proteins	1947	1612	98.87	3.00	82.79
GCA_009836025.1_ASM983602v1_genomic_prodigal_proteins	2290	GCA_003990665.2_ASM399066v2_genomic_prodigal_proteins	2499	914	54.16	12.21	39.91
GCA_009836025.1_ASM983602v1_genomic_prodigal_proteins	2290	GCA_003209135.1_ASM320913v1_genomic_prodigal_proteins	1719	615	59.97	12.68	35.78
GCA_009836025.1_ASM983602v1_genomic_prodigal_proteins	2290	GCA_009845105.1_ASM984510v1_genomic_prodigal_proteins	1941	1328	97.33	5.26	68.42
GCA_009836025.1_ASM983602v1_genomic_prodigal_proteins	2290	GCA_002690325.1_ASM269032v1_genomic_prodigal_proteins	2554	1060	60.13	12.65	46.29
GCA_009836025.1_ASM983602v1_genomic_prodigal_proteins	2290	GCA_000161795.2_ASM16179v2_genomic_prodigal_proteins	2407	1158	61.37	12.72	50.57
GCA_009836025.1_ASM983602v1_genomic_prodigal_proteins	2290	GCA_004211895.1_ASM421189v1_genomic_prodigal_proteins	954	488	60.99	12.61	51.15
GCA_009836025.1_ASM983602v1_genomic_prodigal_proteins	2290	GCA_003210735.1_ASM321073v1_genomic_prodigal_proteins	2337	860	60.40	12.72	37.55
GCA_009836025.1_ASM983602v1_genomic_prodigal_proteins	2290	GCA_003209035.1_ASM320903v1_genomic_prodigal_proteins	1803	628	60.87	12.80	34.83
GCA_009836025.1_ASM983602v1_genomic_prodigal_proteins	2290	GCA_003712085.1_ASM371208v1_genomic_prodigal_proteins	2745	1181	61.38	12.66	51.57
GCA_009836025.1_ASM983602v1_genomic_prodigal_proteins	2290	GCA_003212155.1_ASM321215v1_genomic_prodigal_proteins	262	72	59.84	15.58	27.48
GCA_009836025.1_ASM983602v1_genomic_prodigal_proteins	2290	GCA_001040845.1_ASM104084v1_genomic_prodigal_proteins	2917	1181	60.65	12.88	51.57
GCA_009836025.1_ASM983602v1_genomic_prodigal_proteins	2290	GCA_002018015.1_ASM201801v1_genomic_prodigal_proteins	1578	1114	87.14	7.92	70.60
GCA_009836025.1_ASM983602v1_genomic_prodigal_proteins	2290	GCA_003211255.1_ASM321125v1_genomic_prodigal_proteins	1850	645	60.35	12.65	34.86
GCA_009836025.1_ASM983602v1_genomic_prodigal_proteins	2290	GCA_002721235.1_ASM272123v1_genomic_prodigal_proteins	3119	921	53.48	12.27	40.22
GCA_009836025.1_ASM983602v1_genomic_prodigal_proteins	2290	GCA_009839305.1_ASM983930v1_genomic_prodigal_proteins	1816	1125	86.97	8.55	61.95
GCA_009836025.1_ASM983602v1_genomic_prodigal_proteins	2290	GCA_011365345.1_ASM1136534v1_genomic_prodigal_proteins	2655	1171	61.29	12.78	51.14
GCA_009836025.1_ASM983602v1_genomic_prodigal_proteins	2290	GCA_001039265.1_ASM103926v1_genomic_prodigal_proteins	2832	821	63.70	12.47	35.85
GCA_009836025.1_ASM983602v1_genomic_prodigal_proteins	2290	GCA_001628325.1_ASM162832v1_genomic_prodigal_proteins	2129	1062	61.55	12.49	49.88
GCA_009836025.1_ASM983602v1_genomic_prodigal_proteins	2290	GCA_003209215.1_ASM320921v1_genomic_prodigal_proteins	1679	593	61.15	12.45	35.32
GCA_009836025.1_ASM983602v1_genomic_prodigal_proteins	2290	GCA_002737305.1_ASM273730v1_genomic_prodigal_proteins	1951	941	62.49	12.53	48.23
GCA_009836025.1_ASM983602v1_genomic_prodigal_proteins	2290	GCA_003210515.1_ASM321051v1_genomic_prodigal_proteins	1673	656	59.97	13.04	39.21
GCA_009836025.1_ASM983602v1_genomic_prodigal_proteins	2290	GCA_011525445.1_ASM1152544v1_genomic_prodigal_proteins	3208	956	59.73	12.53	41.75
GCA_009836025.1_ASM983602v1_genomic_prodigal_proteins	2290	GCA_902599435.1_AG-916-N22_genomic_prodigal_proteins	793	282	62.84	12.79	35.56
GCA_009836025.1_ASM983602v1_genomic_prodigal_proteins	2290	GCA_003149585.1_ASM314958v1_genomic_prodigal_proteins	2600	1184	62.09	12.44	51.70
GCA_009836025.1_ASM983602v1_genomic_prodigal_proteins	2290	GCA_902560665.1_AG-905-O11_genomic_prodigal_proteins	401	117	61.56	13.42	29.18
GCA_009836025.1_ASM983602v1_genomic_prodigal_proteins	2290	GCA_003331795.1_ASM333179v1_genomic_prodigal_proteins	1948	971	62.22	12.37	49.85
GCA_009836025.1_ASM983602v1_genomic_prodigal_proteins	2290	GCA_002017955.1_ASM201795v1_genomic_prodigal_proteins	512	313	86.25	8.48	61.13
GCA_009836025.1_ASM983602v1_genomic_prodigal_proteins	2290	GCA_902584485.1_AG-912-O23_genomic_prodigal_proteins	535	150	60.23	13.71	28.04
GCA_009836025.1_ASM983602v1_genomic_prodigal_proteins	2290	GCA_902527915.1_AG-896-G19_genomic_prodigal_proteins	1003	355	62.03	12.92	35.39
GCA_009836025.1_ASM983602v1_genomic_prodigal_proteins	2290	GCA_902635365.1_AG-447-D19_genomic_prodigal_proteins	1690	562	60.92	13.04	33.25
GCA_009836025.1_ASM983602v1_genomic_prodigal_proteins	2290	GCA_900474085.1_UW86_genomic_prodigal_proteins	2403	1166	61.38	12.77	50.92
GCA_009836025.1_ASM983602v1_genomic_prodigal_proteins	2290	GCA_001885215.1_ASM188521v1_genomic_prodigal_proteins	2897	1204	61.99	12.43	52.58
GCA_009836025.1_ASM983602v1_genomic_prodigal_proteins	2290	GCA_902575935.1_AG-426-B22_genomic_prodigal_proteins	254	113	63.56	14.59	44.49
GCA_009836025.1_ASM983602v1_genomic_prodigal_proteins	2290	GCA_900474295.1_UW140_genomic_prodigal_proteins	2925	1163	61.31	12.73	50.79
GCA_009836025.1_ASM983602v1_genomic_prodigal_proteins	2290	GCA_003211565.1_ASM321156v1_genomic_prodigal_proteins	1489	510	61.21	12.99	34.25
GCA_009836025.1_ASM983602v1_genomic_prodigal_proteins	2290	GCA_003526105.1_ASM352610v1_genomic_prodigal_proteins	1581	629	62.11	12.69	39.78
GCA_009836025.1_ASM983602v1_genomic_prodigal_proteins	2290	GCA_002172935.1_ASM217293v1_genomic_prodigal_proteins	1996	927	60.42	12.66	46.44
GCA_009836025.1_ASM983602v1_genomic_prodigal_proteins	2290	GCA_003210335.1_ASM321033v1_genomic_prodigal_proteins	942	213	59.60	13.95	22.61
GCA_009836025.1_ASM983602v1_genomic_prodigal_proteins	2290	GCA_009846115.1_ASM984611v1_genomic_prodigal_proteins	2048	1336	86.79	8.66	65.23
GCA_009836025.1_ASM983602v1_genomic_prodigal_proteins	2290	GCA_001693295.1_ASM169329v1_genomic_prodigal_proteins	3183	919	53.54	12.30	40.13
GCA_009836025.1_ASM983602v1_genomic_prodigal_proteins	2290	GCA_900473965.1_UW179A_genomic_prodigal_proteins	3383	1160	60.86	12.86	50.66
GCA_009836025.1_ASM983602v1_genomic_prodigal_proteins	2290	GCA_003213755.1_ASM321375v1_genomic_prodigal_proteins	1050	420	61.44	12.51	40.00
GCA_009836025.1_ASM983602v1_genomic_prodigal_proteins	2290	GCA_003209155.1_ASM320915v1_genomic_prodigal_proteins	2305	878	60.51	12.89	38.34
GCA_009836025.1_ASM983602v1_genomic_prodigal_proteins	2290	GCA_003211515.1_ASM321151v1_genomic_prodigal_proteins	2451	736	60.77	12.42	32.14
GCA_009836025.1_ASM983602v1_genomic_prodigal_proteins	2290	GCA_002693285.1_ASM269328v1_genomic_prodigal_proteins	2440	1025	60.61	12.86	44.76
GCA_009836025.1_ASM983602v1_genomic_prodigal_proteins	2290	GCA_003210555.1_ASM321055v1_genomic_prodigal_proteins	1847	608	60.38	12.88	32.92
GCA_009836025.1_ASM983602v1_genomic_prodigal_proteins	2290	GCA_000155595.1_ASM15559v1_genomic_prodigal_proteins	5270	943	52.75	12.23	41.18
GCA_009836025.1_ASM983602v1_genomic_prodigal_proteins	2290	GCA_001007665.1_ASM100766v1_genomic_prodigal_proteins	2356	1489	86.57	8.49	65.02
GCA_009836025.1_ASM983602v1_genomic_prodigal_proteins	2290	GCA_009919765.1_ASM991976v1_genomic_prodigal_proteins	2524	809	62.01	12.53	35.33
GCA_009836025.1_ASM983602v1_genomic_prodigal_proteins	2290	GCA_003331225.1_ASM333122v1_genomic_prodigal_proteins	2113	1042	62.36	12.27	49.31
GCA_009836025.1_ASM983602v1_genomic_prodigal_proteins	2290	GCA_900177825.1_IMG-taxon_2708742468_annotated_assembly_genomic_prodigal_proteins	3317	916	53.44	12.33	40.00
GCA_009836025.1_ASM983602v1_genomic_prodigal_proteins	2290	GCA_000195975.1_ASM19597v1_genomic_prodigal_proteins	2719	1170	61.44	12.64	51.09
GCA_009836025.1_ASM983602v1_genomic_prodigal_proteins	2290	GCA_902618885.1_AG-920-D15_genomic_prodigal_proteins	1178	439	62.23	13.31	37.27
GCA_009836025.1_ASM983602v1_genomic_prodigal_proteins	2290	GCA_003209165.1_ASM320916v1_genomic_prodigal_proteins	2711	999	61.10	12.79	43.62
GCA_009836025.1_ASM983602v1_genomic_prodigal_proteins	2290	GCA_001007625.1_ASM100762v1_genomic_prodigal_proteins	2478	1337	87.82	8.10	58.38
GCA_009836025.1_ASM983602v1_genomic_prodigal_proteins	2290	GCA_008386235.1_ASM838623v1_genomic_prodigal_proteins	2571	921	53.99	12.17	40.22
GCA_009836025.1_ASM983602v1_genomic_prodigal_proteins	2290	GCA_001631935.1_ASM163193v1_genomic_prodigal_proteins	3526	1168	60.83	12.87	51.00
GCA_009836025.1_ASM983602v1_genomic_prodigal_proteins	2290	GCA_002151525.1_ASM215152v1_genomic_prodigal_proteins	1628	844	61.01	12.91	51.84
GCA_009836025.1_ASM983602v1_genomic_prodigal_proteins	2290	GCA_000153065.1_ASM15306v1_genomic_prodigal_proteins	2704	1168	62.07	12.65	51.00
GCA_009836025.1_ASM983602v1_genomic_prodigal_proteins	2290	GCA_009837265.1_ASM983726v1_genomic_prodigal_proteins	2126	1417	86.98	8.55	66.65
GCA_009836025.1_ASM983602v1_genomic_prodigal_proteins	2290	GCA_902533725.1_AG-898-C20_genomic_prodigal_proteins	421	92	63.49	12.84	21.85
GCA_009836025.1_ASM983602v1_genomic_prodigal_proteins	2290	GCA_002171075.2_ASM217107v2_genomic_prodigal_proteins	1919	897	60.53	12.26	46.74
GCA_009836025.1_ASM983602v1_genomic_prodigal_proteins	2290	GCA_002760395.1_ASM276039v1_genomic_prodigal_proteins	2661	824	53.11	11.65	35.98
GCA_009836025.1_ASM983602v1_genomic_prodigal_proteins	2290	GCA_003209005.1_ASM320900v1_genomic_prodigal_proteins	2548	966	60.50	12.89	42.18
GCA_009836025.1_ASM983602v1_genomic_prodigal_proteins	2290	GCA_002017915.1_ASM201791v1_genomic_prodigal_proteins	623	407	87.07	9.31	65.33
GCA_009836025.1_ASM983602v1_genomic_prodigal_proteins	2290	GCA_900047545.1_m9_genomic_prodigal_proteins	1575	1125	86.36	8.03	71.43
GCA_009836025.1_ASM983602v1_genomic_prodigal_proteins	2290	GCA_001632105.1_ASM163210v1_genomic_prodigal_proteins	3521	1174	60.76	12.93	51.27
GCA_009836025.1_ASM983602v1_genomic_prodigal_proteins	2290	GCA_004212765.1_ASM421276v1_genomic_prodigal_proteins	1162	567	61.35	12.39	48.80
GCA_009836025.1_ASM983602v1_genomic_prodigal_proteins	2290	GCA_002685515.1_ASM268551v1_genomic_prodigal_proteins	1286	618	59.79	12.63	48.06
GCA_009836025.1_ASM983602v1_genomic_prodigal_proteins	2290	GCA_007828135.1_ASM782813v1_genomic_prodigal_proteins	2917	1204	61.99	12.43	52.58
GCA_009836025.1_ASM983602v1_genomic_prodigal_proteins	2290	GCA_011047875.1_ASM1104787v1_genomic_prodigal_proteins	2810	825	53.27	11.54	36.03
GCA_009836025.1_ASM983602v1_genomic_prodigal_proteins	2290	GCA_009840445.1_ASM984044v1_genomic_prodigal_proteins	2167	1525	86.96	8.58	70.37
GCA_009836025.1_ASM983602v1_genomic_prodigal_proteins	2290	GCA_003210995.1_ASM321099v1_genomic_prodigal_proteins	2385	840	60.83	13.17	36.68
GCA_009836025.1_ASM983602v1_genomic_prodigal_proteins	2290	GCA_902616995.1_AG-919-L20_genomic_prodigal_proteins	654	205	61.52	12.96	31.35
GCA_009836025.1_ASM983602v1_genomic_prodigal_proteins	2290	GCA_009845825.1_ASM984582v1_genomic_prodigal_proteins	2168	1664	98.81	4.43	76.75
GCA_009836025.1_ASM983602v1_genomic_prodigal_proteins	2290	GCA_000515235.1_ASM51523v1_genomic_prodigal_proteins	2873	1164	61.16	12.62	50.83
GCA_009836025.1_ASM983602v1_genomic_prodigal_proteins	2290	GCA_003523965.1_ASM352396v1_genomic_prodigal_proteins	1735	1017	89.81	7.57	58.62
GCA_009836025.1_ASM983602v1_genomic_prodigal_proteins	2290	GCA_002684175.1_ASM268417v1_genomic_prodigal_proteins	1819	713	59.19	12.42	39.20
GCA_009836025.1_ASM983602v1_genomic_prodigal_proteins	2290	GCA_011523295.1_ASM1152329v1_genomic_prodigal_proteins	2851	892	59.52	12.50	38.95
GCA_009836025.1_ASM983602v1_genomic_prodigal_proteins	2290	GCA_003211015.1_ASM321101v1_genomic_prodigal_proteins	2128	855	60.00	12.92	40.18
GCA_009836025.1_ASM983602v1_genomic_prodigal_proteins	2290	GCA_002006815.1_ASM200681v1_genomic_prodigal_proteins	1973	1062	61.45	12.66	53.83
GCA_009843455.1_ASM984345v1_genomic_prodigal_proteins	2423	GCA_009843485.1_ASM984348v1_genomic_prodigal_proteins	2158	1498	86.92	8.59	69.42
GCA_009843455.1_ASM984345v1_genomic_prodigal_proteins	2423	GCA_003283135.1_ASM328313v1_genomic_prodigal_proteins	459	85	61.11	13.23	18.52
GCA_009843455.1_ASM984345v1_genomic_prodigal_proteins	2423	GCA_902635485.1_AG-447-G23_genomic_prodigal_proteins	327	67	60.05	13.95	20.49
GCA_009843455.1_ASM984345v1_genomic_prodigal_proteins	2423	GCA_002760415.1_ASM276041v1_genomic_prodigal_proteins	2670	823	53.03	11.48	33.97
GCA_009843455.1_ASM984345v1_genomic_prodigal_proteins	2423	GCA_002754935.1_ASM275493v1_genomic_prodigal_proteins	2664	860	53.92	12.06	35.49
GCA_009843455.1_ASM984345v1_genomic_prodigal_proteins	2423	GCA_002171685.2_ASM217168v2_genomic_prodigal_proteins	811	463	60.79	12.32	57.09
GCA_009843455.1_ASM984345v1_genomic_prodigal_proteins	2423	GCA_000737595.1_ASM73759v1_genomic_prodigal_proteins	2774	1159	60.94	12.76	47.83
GCA_009843455.1_ASM984345v1_genomic_prodigal_proteins	2423	GCA_003331785.1_ASM333178v1_genomic_prodigal_proteins	2125	1058	61.00	12.54	49.79
GCA_009843455.1_ASM984345v1_genomic_prodigal_proteins	2423	GCA_009842265.1_ASM984226v1_genomic_prodigal_proteins	2398	1702	97.49	5.90	70.98
GCA_009843455.1_ASM984345v1_genomic_prodigal_proteins	2423	GCA_902579345.1_AG-911-L15_genomic_prodigal_proteins	248	61	58.26	15.12	24.60
GCA_009843455.1_ASM984345v1_genomic_prodigal_proteins	2423	GCA_000011345.1_ASM1134v1_genomic_prodigal_proteins	2520	896	54.04	12.12	36.98
GCA_009843455.1_ASM984345v1_genomic_prodigal_proteins	2423	GCA_003210705.1_ASM321070v1_genomic_prodigal_proteins	2244	819	60.23	12.98	36.50
GCA_009843455.1_ASM984345v1_genomic_prodigal_proteins	2423	GCA_000019485.1_ASM1948v1_genomic_prodigal_proteins	3233	901	53.45	12.20	37.19
GCA_009843455.1_ASM984345v1_genomic_prodigal_proteins	2423	GCA_003283055.1_ASM328305v1_genomic_prodigal_proteins	482	39	60.67	15.41	8.09
GCA_009843455.1_ASM984345v1_genomic_prodigal_proteins	2423	GCA_000010065.1_ASM1006v1_genomic_prodigal_proteins	2691	975	55.36	12.52	40.24
GCA_009843455.1_ASM984345v1_genomic_prodigal_proteins	2423	GCA_000316685.1_ASM31668v1_genomic_prodigal_proteins	3706	918	53.39	12.09	37.89
GCA_009843455.1_ASM984345v1_genomic_prodigal_proteins	2423	GCA_000063525.1_ASM6352v1_genomic_prodigal_proteins	2540	1183	61.97	12.36	48.82
GCA_009843455.1_ASM984345v1_genomic_prodigal_proteins	2423	GCA_003283165.1_ASM328316v1_genomic_prodigal_proteins	217	52	59.26	12.47	23.96
GCA_009843455.1_ASM984345v1_genomic_prodigal_proteins	2423	GCA_902540675.1_AG-359-E22_genomic_prodigal_proteins	584	186	61.98	14.47	31.85
GCA_009843455.1_ASM984345v1_genomic_prodigal_proteins	2423	GCA_011055065.1_ASM1105506v1_genomic_prodigal_proteins	2792	800	53.00	11.66	33.02
GCA_009843455.1_ASM984345v1_genomic_prodigal_proteins	2423	GCA_000013205.1_ASM1320v1_genomic_prodigal_proteins	2750	836	53.02	11.46	34.50
GCA_009843455.1_ASM984345v1_genomic_prodigal_proteins	2423	GCA_003539795.1_ASM353979v1_genomic_prodigal_proteins	2284	867	59.68	12.26	37.96
GCA_009843455.1_ASM984345v1_genomic_prodigal_proteins	2423	GCA_002171995.1_ASM217199v1_genomic_prodigal_proteins	1978	669	60.81	12.63	33.82
GCA_009843455.1_ASM984345v1_genomic_prodigal_proteins	2423	GCA_011523835.1_ASM1152383v1_genomic_prodigal_proteins	2468	994	60.64	12.71	41.02
GCA_009843455.1_ASM984345v1_genomic_prodigal_proteins	2423	GCA_002172175.1_ASM217217v1_genomic_prodigal_proteins	1846	758	60.20	12.38	41.06
GCA_009843455.1_ASM984345v1_genomic_prodigal_proteins	2423	GCA_003208835.1_ASM320883v1_genomic_prodigal_proteins	2208	851	60.54	12.89	38.54
GCA_009843455.1_ASM984345v1_genomic_prodigal_proteins	2423	GCA_902589915.1_AG-914-F20_genomic_prodigal_proteins	373	92	62.81	13.09	24.66
GCA_009843455.1_ASM984345v1_genomic_prodigal_proteins	2423	GCA_000485815.1_ASM48581v1_genomic_prodigal_proteins	3083	867	53.45	12.28	35.78
GCA_009843455.1_ASM984345v1_genomic_prodigal_proteins	2423	GCA_008807075.1_ASM880707v1_genomic_prodigal_proteins	2925	1117	61.86	12.53	46.10
GCA_009843455.1_ASM984345v1_genomic_prodigal_proteins	2423	GCA_000179235.2_ASM17923v2_genomic_prodigal_proteins	3071	1197	61.97	12.30	49.40
GCA_009843455.1_ASM984345v1_genomic_prodigal_proteins	2423	GCA_003210795.1_ASM321079v1_genomic_prodigal_proteins	2239	850	60.70	12.39	37.96
GCA_009843455.1_ASM984345v1_genomic_prodigal_proteins	2423	GCA_002706715.1_ASM270671v1_genomic_prodigal_proteins	1148	604	60.69	12.70	52.61
GCA_009843455.1_ASM984345v1_genomic_prodigal_proteins	2423	GCA_003331245.1_ASM333124v1_genomic_prodigal_proteins	2021	954	60.88	12.32	47.20
GCA_009843455.1_ASM984345v1_genomic_prodigal_proteins	2423	GCA_009843385.1_ASM984338v1_genomic_prodigal_proteins	2085	1633	98.73	3.89	78.32
GCA_009843455.1_ASM984345v1_genomic_prodigal_proteins	2423	GCA_003211205.1_ASM321120v1_genomic_prodigal_proteins	2288	894	60.49	13.05	39.07
GCA_009843455.1_ASM984345v1_genomic_prodigal_proteins	2423	GCA_000063505.1_ASM6350v1_genomic_prodigal_proteins	2558	1148	61.11	12.83	47.38
GCA_009843455.1_ASM984345v1_genomic_prodigal_proteins	2423	GCA_900474245.1_UW179B_genomic_prodigal_proteins	2743	1148	60.74	12.75	47.38
GCA_009843455.1_ASM984345v1_genomic_prodigal_proteins	2423	GCA_003210345.1_ASM321034v1_genomic_prodigal_proteins	1256	458	59.17	12.40	36.46
GCA_009843455.1_ASM984345v1_genomic_prodigal_proteins	2423	GCA_003210315.1_ASM321031v1_genomic_prodigal_proteins	1815	682	60.37	12.80	37.58
GCA_009843455.1_ASM984345v1_genomic_prodigal_proteins	2423	GCA_009836155.1_ASM983615v1_genomic_prodigal_proteins	1947	1685	99.54	2.07	86.54
GCA_009843455.1_ASM984345v1_genomic_prodigal_proteins	2423	GCA_003990665.2_ASM399066v2_genomic_prodigal_proteins	2499	895	54.08	12.11	36.94
GCA_009843455.1_ASM984345v1_genomic_prodigal_proteins	2423	GCA_003209135.1_ASM320913v1_genomic_prodigal_proteins	1719	609	59.92	12.63	35.43
GCA_009843455.1_ASM984345v1_genomic_prodigal_proteins	2423	GCA_009845105.1_ASM984510v1_genomic_prodigal_proteins	1941	1375	97.65	5.15	70.84
GCA_009843455.1_ASM984345v1_genomic_prodigal_proteins	2423	GCA_002690325.1_ASM269032v1_genomic_prodigal_proteins	2554	1038	60.08	12.62	42.84
GCA_009843455.1_ASM984345v1_genomic_prodigal_proteins	2423	GCA_000161795.2_ASM16179v2_genomic_prodigal_proteins	2407	1137	61.23	12.64	47.24
GCA_009843455.1_ASM984345v1_genomic_prodigal_proteins	2423	GCA_004211895.1_ASM421189v1_genomic_prodigal_proteins	954	482	61.08	12.56	50.52
GCA_009843455.1_ASM984345v1_genomic_prodigal_proteins	2423	GCA_003210735.1_ASM321073v1_genomic_prodigal_proteins	2337	843	60.28	12.72	36.07
GCA_009843455.1_ASM984345v1_genomic_prodigal_proteins	2423	GCA_003209035.1_ASM320903v1_genomic_prodigal_proteins	1803	624	60.94	12.88	34.61
GCA_009843455.1_ASM984345v1_genomic_prodigal_proteins	2423	GCA_003712085.1_ASM371208v1_genomic_prodigal_proteins	2745	1164	61.25	12.55	48.04
GCA_009843455.1_ASM984345v1_genomic_prodigal_proteins	2423	GCA_003212155.1_ASM321215v1_genomic_prodigal_proteins	262	71	59.61	15.26	27.10
GCA_009843455.1_ASM984345v1_genomic_prodigal_proteins	2423	GCA_001040845.1_ASM104084v1_genomic_prodigal_proteins	2917	1162	60.57	12.81	47.96
GCA_009843455.1_ASM984345v1_genomic_prodigal_proteins	2423	GCA_002018015.1_ASM201801v1_genomic_prodigal_proteins	1578	1091	87.02	7.96	69.14
GCA_009843455.1_ASM984345v1_genomic_prodigal_proteins	2423	GCA_003211255.1_ASM321125v1_genomic_prodigal_proteins	1850	635	60.32	12.66	34.32
GCA_009843455.1_ASM984345v1_genomic_prodigal_proteins	2423	GCA_002721235.1_ASM272123v1_genomic_prodigal_proteins	3119	901	53.46	12.18	37.19
GCA_009843455.1_ASM984345v1_genomic_prodigal_proteins	2423	GCA_009839305.1_ASM983930v1_genomic_prodigal_proteins	1816	1122	86.89	8.90	61.78
GCA_009843455.1_ASM984345v1_genomic_prodigal_proteins	2423	GCA_011365345.1_ASM1136534v1_genomic_prodigal_proteins	2655	1148	61.13	12.72	47.38
GCA_009843455.1_ASM984345v1_genomic_prodigal_proteins	2423	GCA_001039265.1_ASM103926v1_genomic_prodigal_proteins	2832	796	63.66	12.23	32.85
GCA_009843455.1_ASM984345v1_genomic_prodigal_proteins	2423	GCA_001628325.1_ASM162832v1_genomic_prodigal_proteins	2129	1040	61.47	12.43	48.85
GCA_009843455.1_ASM984345v1_genomic_prodigal_proteins	2423	GCA_003209215.1_ASM320921v1_genomic_prodigal_proteins	1679	565	60.92	12.21	33.65
GCA_009843455.1_ASM984345v1_genomic_prodigal_proteins	2423	GCA_002737305.1_ASM273730v1_genomic_prodigal_proteins	1951	923	62.31	12.50	47.31
GCA_009843455.1_ASM984345v1_genomic_prodigal_proteins	2423	GCA_003210515.1_ASM321051v1_genomic_prodigal_proteins	1673	651	59.81	12.93	38.91
GCA_009843455.1_ASM984345v1_genomic_prodigal_proteins	2423	GCA_011525445.1_ASM1152544v1_genomic_prodigal_proteins	3208	940	59.57	12.55	38.79
GCA_009843455.1_ASM984345v1_genomic_prodigal_proteins	2423	GCA_902599435.1_AG-916-N22_genomic_prodigal_proteins	793	281	62.83	12.63	35.44
GCA_009843455.1_ASM984345v1_genomic_prodigal_proteins	2423	GCA_003149585.1_ASM314958v1_genomic_prodigal_proteins	2600	1167	61.88	12.36	48.16
GCA_009843455.1_ASM984345v1_genomic_prodigal_proteins	2423	GCA_902560665.1_AG-905-O11_genomic_prodigal_proteins	401	115	60.73	13.25	28.68
GCA_009843455.1_ASM984345v1_genomic_prodigal_proteins	2423	GCA_003331795.1_ASM333179v1_genomic_prodigal_proteins	1948	954	62.15	12.35	48.97
GCA_009843455.1_ASM984345v1_genomic_prodigal_proteins	2423	GCA_002017955.1_ASM201795v1_genomic_prodigal_proteins	512	314	86.02	8.93	61.33
GCA_009843455.1_ASM984345v1_genomic_prodigal_proteins	2423	GCA_902584485.1_AG-912-O23_genomic_prodigal_proteins	535	151	59.91	13.43	28.22
GCA_009843455.1_ASM984345v1_genomic_prodigal_proteins	2423	GCA_902527915.1_AG-896-G19_genomic_prodigal_proteins	1003	343	61.81	12.61	34.20
GCA_009843455.1_ASM984345v1_genomic_prodigal_proteins	2423	GCA_902635365.1_AG-447-D19_genomic_prodigal_proteins	1690	541	60.64	13.12	32.01
GCA_009843455.1_ASM984345v1_genomic_prodigal_proteins	2423	GCA_900474085.1_UW86_genomic_prodigal_proteins	2403	1145	61.20	12.74	47.65
GCA_009843455.1_ASM984345v1_genomic_prodigal_proteins	2423	GCA_001885215.1_ASM188521v1_genomic_prodigal_proteins	2897	1189	61.93	12.29	49.07
GCA_009843455.1_ASM984345v1_genomic_prodigal_proteins	2423	GCA_902575935.1_AG-426-B22_genomic_prodigal_proteins	254	110	63.19	14.45	43.31
GCA_009843455.1_ASM984345v1_genomic_prodigal_proteins	2423	GCA_900474295.1_UW140_genomic_prodigal_proteins	2925	1141	61.24	12.62	47.09
GCA_009843455.1_ASM984345v1_genomic_prodigal_proteins	2423	GCA_003211565.1_ASM321156v1_genomic_prodigal_proteins	1489	502	61.15	13.05	33.71
GCA_009843455.1_ASM984345v1_genomic_prodigal_proteins	2423	GCA_003526105.1_ASM352610v1_genomic_prodigal_proteins	1581	616	61.90	12.63	38.96
GCA_009843455.1_ASM984345v1_genomic_prodigal_proteins	2423	GCA_002172935.1_ASM217293v1_genomic_prodigal_proteins	1996	897	60.38	12.62	44.94
GCA_009843455.1_ASM984345v1_genomic_prodigal_proteins	2423	GCA_003210335.1_ASM321033v1_genomic_prodigal_proteins	942	209	59.36	13.85	22.19
GCA_009843455.1_ASM984345v1_genomic_prodigal_proteins	2423	GCA_009846115.1_ASM984611v1_genomic_prodigal_proteins	2048	1325	86.69	8.88	64.70
GCA_009843455.1_ASM984345v1_genomic_prodigal_proteins	2423	GCA_001693295.1_ASM169329v1_genomic_prodigal_proteins	3183	899	53.47	12.23	37.10
GCA_009843455.1_ASM984345v1_genomic_prodigal_proteins	2423	GCA_900473965.1_UW179A_genomic_prodigal_proteins	3383	1142	60.81	12.80	47.13
GCA_009843455.1_ASM984345v1_genomic_prodigal_proteins	2423	GCA_003213755.1_ASM321375v1_genomic_prodigal_proteins	1050	404	61.58	12.39	38.48
GCA_009843455.1_ASM984345v1_genomic_prodigal_proteins	2423	GCA_003209155.1_ASM320915v1_genomic_prodigal_proteins	2305	861	60.59	12.74	37.35
GCA_009843455.1_ASM984345v1_genomic_prodigal_proteins	2423	GCA_003211515.1_ASM321151v1_genomic_prodigal_proteins	2451	727	60.59	12.44	30.00
GCA_009843455.1_ASM984345v1_genomic_prodigal_proteins	2423	GCA_002693285.1_ASM269328v1_genomic_prodigal_proteins	2440	1007	60.48	12.75	41.56
GCA_009843455.1_ASM984345v1_genomic_prodigal_proteins	2423	GCA_003210555.1_ASM321055v1_genomic_prodigal_proteins	1847	610	60.43	12.68	33.03
GCA_009843455.1_ASM984345v1_genomic_prodigal_proteins	2423	GCA_000155595.1_ASM15559v1_genomic_prodigal_proteins	5270	926	52.55	12.15	38.22
GCA_009843455.1_ASM984345v1_genomic_prodigal_proteins	2423	GCA_001007665.1_ASM100766v1_genomic_prodigal_proteins	2356	1464	86.60	8.27	62.14
GCA_009843455.1_ASM984345v1_genomic_prodigal_proteins	2423	GCA_009919765.1_ASM991976v1_genomic_prodigal_proteins	2524	789	61.98	12.45	32.56
GCA_009843455.1_ASM984345v1_genomic_prodigal_proteins	2423	GCA_003331225.1_ASM333122v1_genomic_prodigal_proteins	2113	1021	62.30	12.19	48.32
GCA_009843455.1_ASM984345v1_genomic_prodigal_proteins	2423	GCA_900177825.1_IMG-taxon_2708742468_annotated_assembly_genomic_prodigal_proteins	3317	895	53.40	12.23	36.94
GCA_009843455.1_ASM984345v1_genomic_prodigal_proteins	2423	GCA_000195975.1_ASM19597v1_genomic_prodigal_proteins	2719	1155	61.30	12.52	47.67
GCA_009843455.1_ASM984345v1_genomic_prodigal_proteins	2423	GCA_902618885.1_AG-920-D15_genomic_prodigal_proteins	1178	434	62.08	13.36	36.84
GCA_009843455.1_ASM984345v1_genomic_prodigal_proteins	2423	GCA_003209165.1_ASM320916v1_genomic_prodigal_proteins	2711	985	60.95	12.61	40.65
GCA_009843455.1_ASM984345v1_genomic_prodigal_proteins	2423	GCA_001007625.1_ASM100762v1_genomic_prodigal_proteins	2478	1340	87.68	8.02	55.30
GCA_009843455.1_ASM984345v1_genomic_prodigal_proteins	2423	GCA_008386235.1_ASM838623v1_genomic_prodigal_proteins	2571	903	53.87	12.11	37.27
GCA_009843455.1_ASM984345v1_genomic_prodigal_proteins	2423	GCA_001631935.1_ASM163193v1_genomic_prodigal_proteins	3526	1150	60.83	12.76	47.46
GCA_009843455.1_ASM984345v1_genomic_prodigal_proteins	2423	GCA_002151525.1_ASM215152v1_genomic_prodigal_proteins	1628	827	61.02	12.69	50.80
GCA_009843455.1_ASM984345v1_genomic_prodigal_proteins	2423	GCA_000153065.1_ASM15306v1_genomic_prodigal_proteins	2704	1143	62.00	12.57	47.17
GCA_009843455.1_ASM984345v1_genomic_prodigal_proteins	2423	GCA_009837265.1_ASM983726v1_genomic_prodigal_proteins	2126	1398	86.99	8.44	65.76
GCA_009843455.1_ASM984345v1_genomic_prodigal_proteins	2423	GCA_902533725.1_AG-898-C20_genomic_prodigal_proteins	421	88	62.13	12.03	20.90
GCA_009843455.1_ASM984345v1_genomic_prodigal_proteins	2423	GCA_002171075.2_ASM217107v2_genomic_prodigal_proteins	1919	887	60.46	12.17	46.22
GCA_009843455.1_ASM984345v1_genomic_prodigal_proteins	2423	GCA_002760395.1_ASM276039v1_genomic_prodigal_proteins	2661	814	53.01	11.51	33.59
GCA_009843455.1_ASM984345v1_genomic_prodigal_proteins	2423	GCA_003209005.1_ASM320900v1_genomic_prodigal_proteins	2548	949	60.40	12.81	39.17
GCA_009843455.1_ASM984345v1_genomic_prodigal_proteins	2423	GCA_002017915.1_ASM201791v1_genomic_prodigal_proteins	623	394	87.45	8.65	63.24
GCA_009843455.1_ASM984345v1_genomic_prodigal_proteins	2423	GCA_900047545.1_m9_genomic_prodigal_proteins	1575	1117	86.36	8.09	70.92
GCA_009843455.1_ASM984345v1_genomic_prodigal_proteins	2423	GCA_001632105.1_ASM163210v1_genomic_prodigal_proteins	3521	1154	60.78	12.82	47.63
GCA_009843455.1_ASM984345v1_genomic_prodigal_proteins	2423	GCA_004212765.1_ASM421276v1_genomic_prodigal_proteins	1162	560	61.25	12.50	48.19
GCA_009843455.1_ASM984345v1_genomic_prodigal_proteins	2423	GCA_002685515.1_ASM268551v1_genomic_prodigal_proteins	1286	609	59.66	12.50	47.36
GCA_009843455.1_ASM984345v1_genomic_prodigal_proteins	2423	GCA_007828135.1_ASM782813v1_genomic_prodigal_proteins	2917	1190	61.91	12.31	49.11
GCA_009843455.1_ASM984345v1_genomic_prodigal_proteins	2423	GCA_011047875.1_ASM1104787v1_genomic_prodigal_proteins	2810	814	52.99	11.50	33.59
GCA_009843455.1_ASM984345v1_genomic_prodigal_proteins	2423	GCA_009840445.1_ASM984044v1_genomic_prodigal_proteins	2167	1506	87.07	8.46	69.50
GCA_009843455.1_ASM984345v1_genomic_prodigal_proteins	2423	GCA_003210995.1_ASM321099v1_genomic_prodigal_proteins	2385	825	60.71	13.02	34.59
GCA_009843455.1_ASM984345v1_genomic_prodigal_proteins	2423	GCA_902616995.1_AG-919-L20_genomic_prodigal_proteins	654	202	60.54	12.75	30.89
GCA_009843455.1_ASM984345v1_genomic_prodigal_proteins	2423	GCA_009845825.1_ASM984582v1_genomic_prodigal_proteins	2168	1708	98.86	3.64	78.78
GCA_009843455.1_ASM984345v1_genomic_prodigal_proteins	2423	GCA_000515235.1_ASM51523v1_genomic_prodigal_proteins	2873	1148	61.05	12.61	47.38
GCA_009843455.1_ASM984345v1_genomic_prodigal_proteins	2423	GCA_003523965.1_ASM352396v1_genomic_prodigal_proteins	1735	1007	89.71	8.09	58.04
GCA_009843455.1_ASM984345v1_genomic_prodigal_proteins	2423	GCA_002684175.1_ASM268417v1_genomic_prodigal_proteins	1819	698	59.07	12.26	38.37
GCA_009843455.1_ASM984345v1_genomic_prodigal_proteins	2423	GCA_011523295.1_ASM1152329v1_genomic_prodigal_proteins	2851	866	59.46	12.52	35.74
GCA_009843455.1_ASM984345v1_genomic_prodigal_proteins	2423	GCA_003211015.1_ASM321101v1_genomic_prodigal_proteins	2128	842	60.02	12.81	39.57
GCA_009843455.1_ASM984345v1_genomic_prodigal_proteins	2423	GCA_002006815.1_ASM200681v1_genomic_prodigal_proteins	1973	1048	61.56	12.54	53.12
GCA_002754935.1_ASM275493v1_genomic_prodigal_proteins	2664	GCA_002171685.2_ASM217168v2_genomic_prodigal_proteins	811	378	54.08	11.66	46.61
GCA_002754935.1_ASM275493v1_genomic_prodigal_proteins	2664	GCA_000737595.1_ASM73759v1_genomic_prodigal_proteins	2774	980	53.88	12.51	36.79
GCA_002754935.1_ASM275493v1_genomic_prodigal_proteins	2664	GCA_003331785.1_ASM333178v1_genomic_prodigal_proteins	2125	894	53.52	12.19	42.07
GCA_002754935.1_ASM275493v1_genomic_prodigal_proteins	2664	GCA_009842265.1_ASM984226v1_genomic_prodigal_proteins	2398	868	53.84	12.16	36.20
GCA_002754935.1_ASM275493v1_genomic_prodigal_proteins	2664	GCA_902579345.1_AG-911-L15_genomic_prodigal_proteins	248	39	52.90	16.23	15.73
GCA_002754935.1_ASM275493v1_genomic_prodigal_proteins	2664	GCA_000011345.1_ASM1134v1_genomic_prodigal_proteins	2520	1980	80.45	10.59	78.57
GCA_002754935.1_ASM275493v1_genomic_prodigal_proteins	2664	GCA_003210705.1_ASM321070v1_genomic_prodigal_proteins	2244	686	53.00	12.44	30.57
GCA_002754935.1_ASM275493v1_genomic_prodigal_proteins	2664	GCA_000019485.1_ASM1948v1_genomic_prodigal_proteins	3233	1361	59.34	12.93	51.09
GCA_002754935.1_ASM275493v1_genomic_prodigal_proteins	2664	GCA_003283055.1_ASM328305v1_genomic_prodigal_proteins	482	35	49.08	14.20	7.26
GCA_002754935.1_ASM275493v1_genomic_prodigal_proteins	2664	GCA_000010065.1_ASM1006v1_genomic_prodigal_proteins	2691	1320	60.08	12.69	49.55
GCA_002754935.1_ASM275493v1_genomic_prodigal_proteins	2664	GCA_000316685.1_ASM31668v1_genomic_prodigal_proteins	3706	1824	65.97	13.72	68.47
GCA_002754935.1_ASM275493v1_genomic_prodigal_proteins	2664	GCA_000063525.1_ASM6352v1_genomic_prodigal_proteins	2540	1008	54.40	12.54	39.69
GCA_002754935.1_ASM275493v1_genomic_prodigal_proteins	2664	GCA_003283165.1_ASM328316v1_genomic_prodigal_proteins	217	45	50.98	12.43	20.74
GCA_002754935.1_ASM275493v1_genomic_prodigal_proteins	2664	GCA_902540675.1_AG-359-E22_genomic_prodigal_proteins	584	146	54.78	13.13	25.00
GCA_002754935.1_ASM275493v1_genomic_prodigal_proteins	2664	GCA_011055065.1_ASM1105506v1_genomic_prodigal_proteins	2792	1178	58.05	12.70	44.22
GCA_002754935.1_ASM275493v1_genomic_prodigal_proteins	2664	GCA_000013205.1_ASM1320v1_genomic_prodigal_proteins	2750	1221	58.32	12.57	45.83
GCA_002754935.1_ASM275493v1_genomic_prodigal_proteins	2664	GCA_003539795.1_ASM353979v1_genomic_prodigal_proteins	2284	728	52.59	11.59	31.87
GCA_002754935.1_ASM275493v1_genomic_prodigal_proteins	2664	GCA_002171995.1_ASM217199v1_genomic_prodigal_proteins	1978	561	53.18	12.37	28.36
GCA_002754935.1_ASM275493v1_genomic_prodigal_proteins	2664	GCA_011523835.1_ASM1152383v1_genomic_prodigal_proteins	2468	832	53.27	12.03	33.71
GCA_002754935.1_ASM275493v1_genomic_prodigal_proteins	2664	GCA_002172175.1_ASM217217v1_genomic_prodigal_proteins	1846	627	53.17	11.83	33.97
GCA_002754935.1_ASM275493v1_genomic_prodigal_proteins	2664	GCA_003208835.1_ASM320883v1_genomic_prodigal_proteins	2208	733	53.45	12.41	33.20
GCA_002754935.1_ASM275493v1_genomic_prodigal_proteins	2664	GCA_902589915.1_AG-914-F20_genomic_prodigal_proteins	373	79	54.72	13.45	21.18
GCA_002754935.1_ASM275493v1_genomic_prodigal_proteins	2664	GCA_000485815.1_ASM48581v1_genomic_prodigal_proteins	3083	1331	59.24	12.98	49.96
GCA_002754935.1_ASM275493v1_genomic_prodigal_proteins	2664	GCA_008807075.1_ASM880707v1_genomic_prodigal_proteins	2925	1001	53.98	12.38	37.58
GCA_002754935.1_ASM275493v1_genomic_prodigal_proteins	2664	GCA_000179235.2_ASM17923v2_genomic_prodigal_proteins	3071	1056	54.37	12.36	39.64
GCA_002754935.1_ASM275493v1_genomic_prodigal_proteins	2664	GCA_003210795.1_ASM321079v1_genomic_prodigal_proteins	2239	723	52.82	12.06	32.29
GCA_002754935.1_ASM275493v1_genomic_prodigal_proteins	2664	GCA_002706715.1_ASM270671v1_genomic_prodigal_proteins	1148	534	53.77	12.58	46.52
GCA_002754935.1_ASM275493v1_genomic_prodigal_proteins	2664	GCA_003331245.1_ASM333124v1_genomic_prodigal_proteins	2021	811	53.37	11.94	40.13
GCA_002754935.1_ASM275493v1_genomic_prodigal_proteins	2664	GCA_009843385.1_ASM984338v1_genomic_prodigal_proteins	2085	736	54.27	12.12	35.30
GCA_002754935.1_ASM275493v1_genomic_prodigal_proteins	2664	GCA_003211205.1_ASM321120v1_genomic_prodigal_proteins	2288	756	53.39	12.42	33.04
GCA_002754935.1_ASM275493v1_genomic_prodigal_proteins	2664	GCA_000063505.1_ASM6350v1_genomic_prodigal_proteins	2558	987	53.47	12.56	38.58
GCA_002754935.1_ASM275493v1_genomic_prodigal_proteins	2664	GCA_900474245.1_UW179B_genomic_prodigal_proteins	2743	987	53.37	12.53	37.05
GCA_002754935.1_ASM275493v1_genomic_prodigal_proteins	2664	GCA_003210345.1_ASM321034v1_genomic_prodigal_proteins	1256	391	52.09	12.14	31.13
GCA_002754935.1_ASM275493v1_genomic_prodigal_proteins	2664	GCA_003210315.1_ASM321031v1_genomic_prodigal_proteins	1815	580	53.46	12.41	31.96
GCA_002754935.1_ASM275493v1_genomic_prodigal_proteins	2664	GCA_009836155.1_ASM983615v1_genomic_prodigal_proteins	1947	839	53.99	12.00	43.09
GCA_002754935.1_ASM275493v1_genomic_prodigal_proteins	2664	GCA_003990665.2_ASM399066v2_genomic_prodigal_proteins	2499	1988	80.42	10.71	79.55
GCA_002754935.1_ASM275493v1_genomic_prodigal_proteins	2664	GCA_003209135.1_ASM320913v1_genomic_prodigal_proteins	1719	525	52.09	12.04	30.54
GCA_002754935.1_ASM275493v1_genomic_prodigal_proteins	2664	GCA_009845105.1_ASM984510v1_genomic_prodigal_proteins	1941	702	53.62	12.23	36.17
GCA_002754935.1_ASM275493v1_genomic_prodigal_proteins	2664	GCA_002690325.1_ASM269032v1_genomic_prodigal_proteins	2554	875	52.71	12.06	34.26
GCA_002754935.1_ASM275493v1_genomic_prodigal_proteins	2664	GCA_000161795.2_ASM16179v2_genomic_prodigal_proteins	2407	946	54.19	12.43	39.30
GCA_002754935.1_ASM275493v1_genomic_prodigal_proteins	2664	GCA_004211895.1_ASM421189v1_genomic_prodigal_proteins	954	411	53.21	12.30	43.08
GCA_002754935.1_ASM275493v1_genomic_prodigal_proteins	2664	GCA_003210735.1_ASM321073v1_genomic_prodigal_proteins	2337	706	52.62	12.36	30.21
GCA_002754935.1_ASM275493v1_genomic_prodigal_proteins	2664	GCA_003209035.1_ASM320903v1_genomic_prodigal_proteins	1803	518	53.03	12.69	28.73
GCA_002754935.1_ASM275493v1_genomic_prodigal_proteins	2664	GCA_003712085.1_ASM371208v1_genomic_prodigal_proteins	2745	1003	53.33	12.42	37.65
GCA_002754935.1_ASM275493v1_genomic_prodigal_proteins	2664	GCA_003212155.1_ASM321215v1_genomic_prodigal_proteins	262	52	53.00	15.28	19.85
GCA_002754935.1_ASM275493v1_genomic_prodigal_proteins	2664	GCA_001040845.1_ASM104084v1_genomic_prodigal_proteins	2917	985	53.40	12.37	36.97
GCA_002754935.1_ASM275493v1_genomic_prodigal_proteins	2664	GCA_002018015.1_ASM201801v1_genomic_prodigal_proteins	1578	687	54.54	12.31	43.54
GCA_002754935.1_ASM275493v1_genomic_prodigal_proteins	2664	GCA_003211255.1_ASM321125v1_genomic_prodigal_proteins	1850	533	52.24	12.03	28.81
GCA_002754935.1_ASM275493v1_genomic_prodigal_proteins	2664	GCA_002721235.1_ASM272123v1_genomic_prodigal_proteins	3119	1369	59.34	12.85	51.39
GCA_002754935.1_ASM275493v1_genomic_prodigal_proteins	2664	GCA_009839305.1_ASM983930v1_genomic_prodigal_proteins	1816	655	54.95	12.54	36.07
GCA_002754935.1_ASM275493v1_genomic_prodigal_proteins	2664	GCA_011365345.1_ASM1136534v1_genomic_prodigal_proteins	2655	956	54.05	12.40	36.01
GCA_002754935.1_ASM275493v1_genomic_prodigal_proteins	2664	GCA_001039265.1_ASM103926v1_genomic_prodigal_proteins	2832	761	56.15	12.87	28.57
GCA_002754935.1_ASM275493v1_genomic_prodigal_proteins	2664	GCA_001628325.1_ASM162832v1_genomic_prodigal_proteins	2129	865	53.95	12.06	40.63
GCA_002754935.1_ASM275493v1_genomic_prodigal_proteins	2664	GCA_003209215.1_ASM320921v1_genomic_prodigal_proteins	1679	488	54.19	12.77	29.06
GCA_002754935.1_ASM275493v1_genomic_prodigal_proteins	2664	GCA_002737305.1_ASM273730v1_genomic_prodigal_proteins	1951	803	55.03	12.27	41.16
GCA_002754935.1_ASM275493v1_genomic_prodigal_proteins	2664	GCA_003210515.1_ASM321051v1_genomic_prodigal_proteins	1673	545	53.06	12.38	32.58
GCA_002754935.1_ASM275493v1_genomic_prodigal_proteins	2664	GCA_011525445.1_ASM1152544v1_genomic_prodigal_proteins	3208	803	52.77	12.26	30.14
GCA_002754935.1_ASM275493v1_genomic_prodigal_proteins	2664	GCA_902599435.1_AG-916-N22_genomic_prodigal_proteins	793	248	55.88	12.43	31.27
GCA_002754935.1_ASM275493v1_genomic_prodigal_proteins	2664	GCA_003149585.1_ASM314958v1_genomic_prodigal_proteins	2600	1046	54.02	12.50	40.23
GCA_002754935.1_ASM275493v1_genomic_prodigal_proteins	2664	GCA_902560665.1_AG-905-O11_genomic_prodigal_proteins	401	93	54.68	14.76	23.19
GCA_002754935.1_ASM275493v1_genomic_prodigal_proteins	2664	GCA_003331795.1_ASM333179v1_genomic_prodigal_proteins	1948	806	54.26	12.36	41.38
GCA_002754935.1_ASM275493v1_genomic_prodigal_proteins	2664	GCA_002017955.1_ASM201795v1_genomic_prodigal_proteins	512	196	53.95	12.97	38.28
GCA_002754935.1_ASM275493v1_genomic_prodigal_proteins	2664	GCA_902584485.1_AG-912-O23_genomic_prodigal_proteins	535	119	54.05	13.03	22.24
GCA_002754935.1_ASM275493v1_genomic_prodigal_proteins	2664	GCA_902527915.1_AG-896-G19_genomic_prodigal_proteins	1003	300	53.25	12.85	29.91
GCA_002754935.1_ASM275493v1_genomic_prodigal_proteins	2664	GCA_902635365.1_AG-447-D19_genomic_prodigal_proteins	1690	472	53.73	12.58	27.93
GCA_002754935.1_ASM275493v1_genomic_prodigal_proteins	2664	GCA_900474085.1_UW86_genomic_prodigal_proteins	2403	949	54.11	12.37	39.49
GCA_002754935.1_ASM275493v1_genomic_prodigal_proteins	2664	GCA_001885215.1_ASM188521v1_genomic_prodigal_proteins	2897	1039	54.04	12.20	39.00
GCA_002754935.1_ASM275493v1_genomic_prodigal_proteins	2664	GCA_902575935.1_AG-426-B22_genomic_prodigal_proteins	254	91	59.02	13.99	35.83
GCA_002754935.1_ASM275493v1_genomic_prodigal_proteins	2664	GCA_900474295.1_UW140_genomic_prodigal_proteins	2925	971	53.77	12.53	36.45
GCA_002754935.1_ASM275493v1_genomic_prodigal_proteins	2664	GCA_003211565.1_ASM321156v1_genomic_prodigal_proteins	1489	418	53.95	12.62	28.07
GCA_002754935.1_ASM275493v1_genomic_prodigal_proteins	2664	GCA_003526105.1_ASM352610v1_genomic_prodigal_proteins	1581	530	54.56	12.01	33.52
GCA_002754935.1_ASM275493v1_genomic_prodigal_proteins	2664	GCA_002172935.1_ASM217293v1_genomic_prodigal_proteins	1996	755	52.97	12.14	37.83
GCA_002754935.1_ASM275493v1_genomic_prodigal_proteins	2664	GCA_003210335.1_ASM321033v1_genomic_prodigal_proteins	942	186	51.69	12.73	19.75
GCA_002754935.1_ASM275493v1_genomic_prodigal_proteins	2664	GCA_009846115.1_ASM984611v1_genomic_prodigal_proteins	2048	763	54.02	12.07	37.26
GCA_002754935.1_ASM275493v1_genomic_prodigal_proteins	2664	GCA_001693295.1_ASM169329v1_genomic_prodigal_proteins	3183	1369	59.31	12.92	51.39
GCA_002754935.1_ASM275493v1_genomic_prodigal_proteins	2664	GCA_900473965.1_UW179A_genomic_prodigal_proteins	3383	980	53.25	12.56	36.79
GCA_002754935.1_ASM275493v1_genomic_prodigal_proteins	2664	GCA_003213755.1_ASM321375v1_genomic_prodigal_proteins	1050	356	54.21	12.91	33.90
GCA_002754935.1_ASM275493v1_genomic_prodigal_proteins	2664	GCA_003209155.1_ASM320915v1_genomic_prodigal_proteins	2305	734	53.29	12.23	31.84
GCA_002754935.1_ASM275493v1_genomic_prodigal_proteins	2664	GCA_003211515.1_ASM321151v1_genomic_prodigal_proteins	2451	623	53.15	12.49	25.42
GCA_002754935.1_ASM275493v1_genomic_prodigal_proteins	2664	GCA_002693285.1_ASM269328v1_genomic_prodigal_proteins	2440	841	53.33	12.40	34.47
GCA_002754935.1_ASM275493v1_genomic_prodigal_proteins	2664	GCA_003210555.1_ASM321055v1_genomic_prodigal_proteins	1847	548	52.86	12.24	29.67
GCA_002754935.1_ASM275493v1_genomic_prodigal_proteins	2664	GCA_000155595.1_ASM15559v1_genomic_prodigal_proteins	5270	1354	58.12	12.97	50.83
GCA_002754935.1_ASM275493v1_genomic_prodigal_proteins	2664	GCA_001007665.1_ASM100766v1_genomic_prodigal_proteins	2356	893	53.69	12.11	37.90
GCA_002754935.1_ASM275493v1_genomic_prodigal_proteins	2664	GCA_009919765.1_ASM991976v1_genomic_prodigal_proteins	2524	673	54.24	12.40	26.66
GCA_002754935.1_ASM275493v1_genomic_prodigal_proteins	2664	GCA_003331225.1_ASM333122v1_genomic_prodigal_proteins	2113	873	54.14	12.39	41.32
GCA_002754935.1_ASM275493v1_genomic_prodigal_proteins	2664	GCA_900177825.1_IMG-taxon_2708742468_annotated_assembly_genomic_prodigal_proteins	3317	1347	59.38	12.89	50.56
GCA_002754935.1_ASM275493v1_genomic_prodigal_proteins	2664	GCA_000195975.1_ASM19597v1_genomic_prodigal_proteins	2719	996	53.42	12.51	37.39
GCA_002754935.1_ASM275493v1_genomic_prodigal_proteins	2664	GCA_902618885.1_AG-920-D15_genomic_prodigal_proteins	1178	383	53.41	13.18	32.51
GCA_002754935.1_ASM275493v1_genomic_prodigal_proteins	2664	GCA_003209165.1_ASM320916v1_genomic_prodigal_proteins	2711	821	53.90	12.49	30.82
GCA_002754935.1_ASM275493v1_genomic_prodigal_proteins	2664	GCA_001007625.1_ASM100762v1_genomic_prodigal_proteins	2478	787	54.51	12.23	31.76
GCA_002754935.1_ASM275493v1_genomic_prodigal_proteins	2664	GCA_008386235.1_ASM838623v1_genomic_prodigal_proteins	2571	2032	81.31	10.27	79.04
GCA_002754935.1_ASM275493v1_genomic_prodigal_proteins	2664	GCA_001631935.1_ASM163193v1_genomic_prodigal_proteins	3526	970	53.38	12.56	36.41
GCA_002754935.1_ASM275493v1_genomic_prodigal_proteins	2664	GCA_002151525.1_ASM215152v1_genomic_prodigal_proteins	1628	736	53.90	12.42	45.21
GCA_002754935.1_ASM275493v1_genomic_prodigal_proteins	2664	GCA_000153065.1_ASM15306v1_genomic_prodigal_proteins	2704	1013	54.06	12.45	38.03
GCA_002754935.1_ASM275493v1_genomic_prodigal_proteins	2664	GCA_009837265.1_ASM983726v1_genomic_prodigal_proteins	2126	824	54.08	12.12	38.76
GCA_002754935.1_ASM275493v1_genomic_prodigal_proteins	2664	GCA_902533725.1_AG-898-C20_genomic_prodigal_proteins	421	79	54.90	13.56	18.76
GCA_002754935.1_ASM275493v1_genomic_prodigal_proteins	2664	GCA_002171075.2_ASM217107v2_genomic_prodigal_proteins	1919	714	52.95	12.00	37.21
GCA_002754935.1_ASM275493v1_genomic_prodigal_proteins	2664	GCA_002760395.1_ASM276039v1_genomic_prodigal_proteins	2661	1194	58.27	12.54	44.87
GCA_002754935.1_ASM275493v1_genomic_prodigal_proteins	2664	GCA_003209005.1_ASM320900v1_genomic_prodigal_proteins	2548	811	52.73	12.41	31.83
GCA_002754935.1_ASM275493v1_genomic_prodigal_proteins	2664	GCA_002017915.1_ASM201791v1_genomic_prodigal_proteins	623	260	55.43	13.11	41.73
GCA_002754935.1_ASM275493v1_genomic_prodigal_proteins	2664	GCA_900047545.1_m9_genomic_prodigal_proteins	1575	676	53.77	12.14	42.92
GCA_002754935.1_ASM275493v1_genomic_prodigal_proteins	2664	GCA_001632105.1_ASM163210v1_genomic_prodigal_proteins	3521	973	53.17	12.49	36.52
GCA_002754935.1_ASM275493v1_genomic_prodigal_proteins	2664	GCA_004212765.1_ASM421276v1_genomic_prodigal_proteins	1162	489	53.69	12.26	42.08
GCA_002754935.1_ASM275493v1_genomic_prodigal_proteins	2664	GCA_002685515.1_ASM268551v1_genomic_prodigal_proteins	1286	527	52.46	12.01	40.98
GCA_002754935.1_ASM275493v1_genomic_prodigal_proteins	2664	GCA_007828135.1_ASM782813v1_genomic_prodigal_proteins	2917	1042	54.10	12.29	39.11
GCA_002754935.1_ASM275493v1_genomic_prodigal_proteins	2664	GCA_011047875.1_ASM1104787v1_genomic_prodigal_proteins	2810	1206	58.13	12.66	45.27
GCA_002754935.1_ASM275493v1_genomic_prodigal_proteins	2664	GCA_009840445.1_ASM984044v1_genomic_prodigal_proteins	2167	895	54.05	12.20	41.30
GCA_002754935.1_ASM275493v1_genomic_prodigal_proteins	2664	GCA_003210995.1_ASM321099v1_genomic_prodigal_proteins	2385	693	53.66	12.77	29.06
GCA_002754935.1_ASM275493v1_genomic_prodigal_proteins	2664	GCA_902616995.1_AG-919-L20_genomic_prodigal_proteins	654	181	53.21	13.25	27.68
GCA_002754935.1_ASM275493v1_genomic_prodigal_proteins	2664	GCA_009845825.1_ASM984582v1_genomic_prodigal_proteins	2168	771	54.11	12.00	35.56
GCA_002754935.1_ASM275493v1_genomic_prodigal_proteins	2664	GCA_000515235.1_ASM51523v1_genomic_prodigal_proteins	2873	989	53.50	12.53	37.12
GCA_002754935.1_ASM275493v1_genomic_prodigal_proteins	2664	GCA_003523965.1_ASM352396v1_genomic_prodigal_proteins	1735	584	55.32	12.15	33.66
GCA_002754935.1_ASM275493v1_genomic_prodigal_proteins	2664	GCA_002684175.1_ASM268417v1_genomic_prodigal_proteins	1819	570	52.19	11.67	31.34
GCA_002754935.1_ASM275493v1_genomic_prodigal_proteins	2664	GCA_011523295.1_ASM1152329v1_genomic_prodigal_proteins	2851	757	51.82	11.93	28.42
GCA_002754935.1_ASM275493v1_genomic_prodigal_proteins	2664	GCA_003211015.1_ASM321101v1_genomic_prodigal_proteins	2128	711	52.63	12.30	33.41
GCA_002754935.1_ASM275493v1_genomic_prodigal_proteins	2664	GCA_002006815.1_ASM200681v1_genomic_prodigal_proteins	1973	928	53.95	12.28	47.03
GCA_012103655.1_ASM1210365v1_genomic_prodigal_proteins	2723	GCA_902582045.1_AG-912-B07_genomic_prodigal_proteins	196	74	67.50	14.48	37.76
GCA_012103655.1_ASM1210365v1_genomic_prodigal_proteins	2723	GCA_000153045.1_ASM15304v1_genomic_prodigal_proteins	3242	1672	66.34	13.58	61.40
GCA_012103655.1_ASM1210365v1_genomic_prodigal_proteins	2723	GCA_902549675.1_AG-903-B09_genomic_prodigal_proteins	836	438	70.82	13.86	52.39
GCA_012103655.1_ASM1210365v1_genomic_prodigal_proteins	2723	GCA_002018045.1_ASM201804v1_genomic_prodigal_proteins	1559	905	61.64	12.70	58.05
GCA_012103655.1_ASM1210365v1_genomic_prodigal_proteins	2723	GCA_004213055.1_ASM421305v1_genomic_prodigal_proteins	2241	1679	73.66	13.04	74.92
GCA_012103655.1_ASM1210365v1_genomic_prodigal_proteins	2723	GCA_007571085.1_ASM757108v1_genomic_prodigal_proteins	1784	1130	60.54	12.93	63.34
GCA_012103655.1_ASM1210365v1_genomic_prodigal_proteins	2723	GCA_009839805.1_ASM983980v1_genomic_prodigal_proteins	1848	777	59.14	12.43	42.05
GCA_012103655.1_ASM1210365v1_genomic_prodigal_proteins	2723	GCA_003210375.1_ASM321037v1_genomic_prodigal_proteins	2155	1339	69.77	13.77	62.13
GCA_012103655.1_ASM1210365v1_genomic_prodigal_proteins	2723	GCA_004332415.1_ASM433241v1_genomic_prodigal_proteins	2408	1875	74.01	13.02	77.87
GCA_012103655.1_ASM1210365v1_genomic_prodigal_proteins	2723	GCA_009836025.1_ASM983602v1_genomic_prodigal_proteins	2290	1154	60.88	12.75	50.39
GCA_012103655.1_ASM1210365v1_genomic_prodigal_proteins	2723	GCA_009843455.1_ASM984345v1_genomic_prodigal_proteins	2423	1134	60.74	12.70	46.80
GCA_012103655.1_ASM1210365v1_genomic_prodigal_proteins	2723	GCA_009843485.1_ASM984348v1_genomic_prodigal_proteins	2158	1169	60.83	12.77	54.17
GCA_012103655.1_ASM1210365v1_genomic_prodigal_proteins	2723	GCA_003283135.1_ASM328313v1_genomic_prodigal_proteins	459	180	78.51	15.24	39.22
GCA_012103655.1_ASM1210365v1_genomic_prodigal_proteins	2723	GCA_902635485.1_AG-447-G23_genomic_prodigal_proteins	327	125	67.63	15.69	38.23
GCA_012103655.1_ASM1210365v1_genomic_prodigal_proteins	2723	GCA_002760415.1_ASM276041v1_genomic_prodigal_proteins	2670	919	52.48	11.95	34.42
GCA_012103655.1_ASM1210365v1_genomic_prodigal_proteins	2723	GCA_002754935.1_ASM275493v1_genomic_prodigal_proteins	2664	970	53.50	12.38	36.41
GCA_012103655.1_ASM1210365v1_genomic_prodigal_proteins	2723	GCA_002171685.2_ASM217168v2_genomic_prodigal_proteins	811	715	91.31	7.78	88.16
GCA_012103655.1_ASM1210365v1_genomic_prodigal_proteins	2723	GCA_000737595.1_ASM73759v1_genomic_prodigal_proteins	2774	1845	70.57	13.67	67.76
GCA_012103655.1_ASM1210365v1_genomic_prodigal_proteins	2723	GCA_003331785.1_ASM333178v1_genomic_prodigal_proteins	2125	1907	91.19	8.24	89.74
GCA_012103655.1_ASM1210365v1_genomic_prodigal_proteins	2723	GCA_009842265.1_ASM984226v1_genomic_prodigal_proteins	2398	1156	60.74	12.71	48.21
GCA_012103655.1_ASM1210365v1_genomic_prodigal_proteins	2723	GCA_902579345.1_AG-911-L15_genomic_prodigal_proteins	248	98	66.48	15.36	39.52
GCA_012103655.1_ASM1210365v1_genomic_prodigal_proteins	2723	GCA_000011345.1_ASM1134v1_genomic_prodigal_proteins	2520	1012	53.54	12.45	40.16
GCA_012103655.1_ASM1210365v1_genomic_prodigal_proteins	2723	GCA_003210705.1_ASM321070v1_genomic_prodigal_proteins	2244	1484	73.11	13.12	66.13
GCA_012103655.1_ASM1210365v1_genomic_prodigal_proteins	2723	GCA_000019485.1_ASM1948v1_genomic_prodigal_proteins	3233	1062	53.34	12.69	39.00
GCA_012103655.1_ASM1210365v1_genomic_prodigal_proteins	2723	GCA_003283055.1_ASM328305v1_genomic_prodigal_proteins	482	93	63.52	15.59	19.29
GCA_012103655.1_ASM1210365v1_genomic_prodigal_proteins	2723	GCA_000010065.1_ASM1006v1_genomic_prodigal_proteins	2691	1197	55.32	13.11	44.48
GCA_012103655.1_ASM1210365v1_genomic_prodigal_proteins	2723	GCA_000316685.1_ASM31668v1_genomic_prodigal_proteins	3706	1057	52.98	12.34	38.82
GCA_012103655.1_ASM1210365v1_genomic_prodigal_proteins	2723	GCA_000063525.1_ASM6352v1_genomic_prodigal_proteins	2540	1682	65.24	14.21	66.22
GCA_012103655.1_ASM1210365v1_genomic_prodigal_proteins	2723	GCA_003283165.1_ASM328316v1_genomic_prodigal_proteins	217	73	72.28	14.31	33.64
GCA_012103655.1_ASM1210365v1_genomic_prodigal_proteins	2723	GCA_902540675.1_AG-359-E22_genomic_prodigal_proteins	584	293	71.02	15.40	50.17
GCA_012103655.1_ASM1210365v1_genomic_prodigal_proteins	2723	GCA_011055065.1_ASM1105506v1_genomic_prodigal_proteins	2792	880	52.59	12.16	32.32
GCA_012103655.1_ASM1210365v1_genomic_prodigal_proteins	2723	GCA_000013205.1_ASM1320v1_genomic_prodigal_proteins	2750	931	52.50	11.95	34.19
GCA_012103655.1_ASM1210365v1_genomic_prodigal_proteins	2723	GCA_003539795.1_ASM353979v1_genomic_prodigal_proteins	2284	1399	69.72	13.21	61.25
GCA_012103655.1_ASM1210365v1_genomic_prodigal_proteins	2723	GCA_002171995.1_ASM217199v1_genomic_prodigal_proteins	1978	1078	72.77	13.17	54.50
GCA_012103655.1_ASM1210365v1_genomic_prodigal_proteins	2723	GCA_011523835.1_ASM1152383v1_genomic_prodigal_proteins	2468	1687	73.82	13.03	68.35
GCA_012103655.1_ASM1210365v1_genomic_prodigal_proteins	2723	GCA_002172175.1_ASM217217v1_genomic_prodigal_proteins	1846	1067	63.67	13.76	57.80
GCA_012103655.1_ASM1210365v1_genomic_prodigal_proteins	2723	GCA_003208835.1_ASM320883v1_genomic_prodigal_proteins	2208	1326	70.44	13.74	60.05
GCA_012103655.1_ASM1210365v1_genomic_prodigal_proteins	2723	GCA_902589915.1_AG-914-F20_genomic_prodigal_proteins	373	133	70.78	15.09	35.66
GCA_012103655.1_ASM1210365v1_genomic_prodigal_proteins	2723	GCA_000485815.1_ASM48581v1_genomic_prodigal_proteins	3083	1031	53.32	12.72	37.86
GCA_012103655.1_ASM1210365v1_genomic_prodigal_proteins	2723	GCA_008807075.1_ASM880707v1_genomic_prodigal_proteins	2925	1666	65.76	13.74	61.18
GCA_012103655.1_ASM1210365v1_genomic_prodigal_proteins	2723	GCA_000179235.2_ASM17923v2_genomic_prodigal_proteins	3071	1702	67.16	13.71	62.50
GCA_012103655.1_ASM1210365v1_genomic_prodigal_proteins	2723	GCA_003210795.1_ASM321079v1_genomic_prodigal_proteins	2239	1338	69.65	13.74	59.76
GCA_012103655.1_ASM1210365v1_genomic_prodigal_proteins	2723	GCA_002706715.1_ASM270671v1_genomic_prodigal_proteins	1148	885	70.37	13.56	77.09
GCA_012103655.1_ASM1210365v1_genomic_prodigal_proteins	2723	GCA_003331245.1_ASM333124v1_genomic_prodigal_proteins	2021	1539	70.77	13.30	76.15
GCA_012103655.1_ASM1210365v1_genomic_prodigal_proteins	2723	GCA_009843385.1_ASM984338v1_genomic_prodigal_proteins	2085	962	61.06	12.88	46.14
GCA_012103655.1_ASM1210365v1_genomic_prodigal_proteins	2723	GCA_003211205.1_ASM321120v1_genomic_prodigal_proteins	2288	1504	73.43	12.96	65.73
GCA_012103655.1_ASM1210365v1_genomic_prodigal_proteins	2723	GCA_000063505.1_ASM6350v1_genomic_prodigal_proteins	2558	1971	74.16	13.19	77.05
GCA_012103655.1_ASM1210365v1_genomic_prodigal_proteins	2723	GCA_900474245.1_UW179B_genomic_prodigal_proteins	2743	2347	97.49	6.24	86.19
GCA_012103655.1_ASM1210365v1_genomic_prodigal_proteins	2723	GCA_003210345.1_ASM321034v1_genomic_prodigal_proteins	1256	770	68.85	13.66	61.31
GCA_012103655.1_ASM1210365v1_genomic_prodigal_proteins	2723	GCA_003210315.1_ASM321031v1_genomic_prodigal_proteins	1815	1349	89.95	9.89	74.33
GCA_012103655.1_ASM1210365v1_genomic_prodigal_proteins	2723	GCA_009836155.1_ASM983615v1_genomic_prodigal_proteins	1947	1094	61.07	12.67	56.19
GCA_012103655.1_ASM1210365v1_genomic_prodigal_proteins	2723	GCA_003990665.2_ASM399066v2_genomic_prodigal_proteins	2499	1012	53.55	12.46	40.50
GCA_012103655.1_ASM1210365v1_genomic_prodigal_proteins	2723	GCA_003209135.1_ASM320913v1_genomic_prodigal_proteins	1719	983	68.93	13.84	57.18
GCA_012103655.1_ASM1210365v1_genomic_prodigal_proteins	2723	GCA_009845105.1_ASM984510v1_genomic_prodigal_proteins	1941	919	60.40	12.81	47.35
GCA_012103655.1_ASM1210365v1_genomic_prodigal_proteins	2723	GCA_002690325.1_ASM269032v1_genomic_prodigal_proteins	2554	1690	69.33	13.62	66.17
GCA_012103655.1_ASM1210365v1_genomic_prodigal_proteins	2723	GCA_000161795.2_ASM16179v2_genomic_prodigal_proteins	2407	1741	70.89	13.42	72.33
GCA_012103655.1_ASM1210365v1_genomic_prodigal_proteins	2723	GCA_004211895.1_ASM421189v1_genomic_prodigal_proteins	954	704	71.41	12.74	73.79
GCA_012103655.1_ASM1210365v1_genomic_prodigal_proteins	2723	GCA_003210735.1_ASM321073v1_genomic_prodigal_proteins	2337	1364	69.47	13.72	58.37
GCA_012103655.1_ASM1210365v1_genomic_prodigal_proteins	2723	GCA_003209035.1_ASM320903v1_genomic_prodigal_proteins	1803	1003	69.29	14.15	55.63
GCA_012103655.1_ASM1210365v1_genomic_prodigal_proteins	2723	GCA_003712085.1_ASM371208v1_genomic_prodigal_proteins	2745	1813	70.86	13.56	66.58
GCA_012103655.1_ASM1210365v1_genomic_prodigal_proteins	2723	GCA_003212155.1_ASM321215v1_genomic_prodigal_proteins	262	105	63.43	15.58	40.08
GCA_012103655.1_ASM1210365v1_genomic_prodigal_proteins	2723	GCA_001040845.1_ASM104084v1_genomic_prodigal_proteins	2917	2184	89.51	9.84	80.21
GCA_012103655.1_ASM1210365v1_genomic_prodigal_proteins	2723	GCA_002018015.1_ASM201801v1_genomic_prodigal_proteins	1578	882	61.59	12.84	55.89
GCA_012103655.1_ASM1210365v1_genomic_prodigal_proteins	2723	GCA_003211255.1_ASM321125v1_genomic_prodigal_proteins	1850	1020	69.08	13.74	55.14
GCA_012103655.1_ASM1210365v1_genomic_prodigal_proteins	2723	GCA_002721235.1_ASM272123v1_genomic_prodigal_proteins	3119	1060	53.34	12.69	38.93
GCA_012103655.1_ASM1210365v1_genomic_prodigal_proteins	2723	GCA_009839305.1_ASM983930v1_genomic_prodigal_proteins	1816	861	61.27	13.09	47.41
GCA_012103655.1_ASM1210365v1_genomic_prodigal_proteins	2723	GCA_011365345.1_ASM1136534v1_genomic_prodigal_proteins	2655	1853	70.31	13.86	69.79
GCA_012103655.1_ASM1210365v1_genomic_prodigal_proteins	2723	GCA_001039265.1_ASM103926v1_genomic_prodigal_proteins	2832	1124	67.98	13.84	41.28
GCA_012103655.1_ASM1210365v1_genomic_prodigal_proteins	2723	GCA_001628325.1_ASM162832v1_genomic_prodigal_proteins	2129	1597	71.20	13.27	75.01
GCA_012103655.1_ASM1210365v1_genomic_prodigal_proteins	2723	GCA_003209215.1_ASM320921v1_genomic_prodigal_proteins	1679	894	70.68	13.57	53.25
GCA_012103655.1_ASM1210365v1_genomic_prodigal_proteins	2723	GCA_002737305.1_ASM273730v1_genomic_prodigal_proteins	1951	1228	67.23	13.80	62.94
GCA_012103655.1_ASM1210365v1_genomic_prodigal_proteins	2723	GCA_003210515.1_ASM321051v1_genomic_prodigal_proteins	1673	1046	69.43	13.66	62.52
GCA_012103655.1_ASM1210365v1_genomic_prodigal_proteins	2723	GCA_011525445.1_ASM1152544v1_genomic_prodigal_proteins	3208	1706	81.88	11.67	62.65
GCA_012103655.1_ASM1210365v1_genomic_prodigal_proteins	2723	GCA_902599435.1_AG-916-N22_genomic_prodigal_proteins	793	451	71.38	14.10	56.87
GCA_012103655.1_ASM1210365v1_genomic_prodigal_proteins	2723	GCA_003149585.1_ASM314958v1_genomic_prodigal_proteins	2600	1713	66.67	13.80	65.88
GCA_012103655.1_ASM1210365v1_genomic_prodigal_proteins	2723	GCA_902560665.1_AG-905-O11_genomic_prodigal_proteins	401	179	70.07	14.04	44.64
GCA_012103655.1_ASM1210365v1_genomic_prodigal_proteins	2723	GCA_003331795.1_ASM333179v1_genomic_prodigal_proteins	1948	1331	65.17	14.31	68.33
GCA_012103655.1_ASM1210365v1_genomic_prodigal_proteins	2723	GCA_002017955.1_ASM201795v1_genomic_prodigal_proteins	512	244	61.59	12.59	47.66
GCA_012103655.1_ASM1210365v1_genomic_prodigal_proteins	2723	GCA_902584485.1_AG-912-O23_genomic_prodigal_proteins	535	240	70.29	13.78	44.86
GCA_012103655.1_ASM1210365v1_genomic_prodigal_proteins	2723	GCA_902527915.1_AG-896-G19_genomic_prodigal_proteins	1003	574	70.28	13.45	57.23
GCA_012103655.1_ASM1210365v1_genomic_prodigal_proteins	2723	GCA_902635365.1_AG-447-D19_genomic_prodigal_proteins	1690	909	70.26	13.77	53.79
GCA_012103655.1_ASM1210365v1_genomic_prodigal_proteins	2723	GCA_900474085.1_UW86_genomic_prodigal_proteins	2403	1782	71.07	13.47	74.16
GCA_012103655.1_ASM1210365v1_genomic_prodigal_proteins	2723	GCA_001885215.1_ASM188521v1_genomic_prodigal_proteins	2897	1627	65.77	13.48	59.75
GCA_012103655.1_ASM1210365v1_genomic_prodigal_proteins	2723	GCA_902575935.1_AG-426-B22_genomic_prodigal_proteins	254	157	74.06	13.13	61.81
GCA_012103655.1_ASM1210365v1_genomic_prodigal_proteins	2723	GCA_900474295.1_UW140_genomic_prodigal_proteins	2925	1955	72.69	13.32	71.80
GCA_012103655.1_ASM1210365v1_genomic_prodigal_proteins	2723	GCA_003211565.1_ASM321156v1_genomic_prodigal_proteins	1489	811	69.62	14.13	54.47
GCA_012103655.1_ASM1210365v1_genomic_prodigal_proteins	2723	GCA_003526105.1_ASM352610v1_genomic_prodigal_proteins	1581	933	71.77	13.32	59.01
GCA_012103655.1_ASM1210365v1_genomic_prodigal_proteins	2723	GCA_002172935.1_ASM217293v1_genomic_prodigal_proteins	1996	1518	73.38	12.94	76.05
GCA_012103655.1_ASM1210365v1_genomic_prodigal_proteins	2723	GCA_003210335.1_ASM321033v1_genomic_prodigal_proteins	942	422	70.66	13.81	44.80
GCA_012103655.1_ASM1210365v1_genomic_prodigal_proteins	2723	GCA_009846115.1_ASM984611v1_genomic_prodigal_proteins	2048	1028	60.83	12.78	50.20
GCA_012103655.1_ASM1210365v1_genomic_prodigal_proteins	2723	GCA_001693295.1_ASM169329v1_genomic_prodigal_proteins	3183	1057	53.36	12.70	38.82
GCA_012103655.1_ASM1210365v1_genomic_prodigal_proteins	2723	GCA_900473965.1_UW179A_genomic_prodigal_proteins	3383	2004	73.31	13.06	73.60
GCA_012103655.1_ASM1210365v1_genomic_prodigal_proteins	2723	GCA_003213755.1_ASM321375v1_genomic_prodigal_proteins	1050	590	64.73	14.61	56.19
GCA_012103655.1_ASM1210365v1_genomic_prodigal_proteins	2723	GCA_003209155.1_ASM320915v1_genomic_prodigal_proteins	2305	1517	73.29	12.88	65.81
GCA_012103655.1_ASM1210365v1_genomic_prodigal_proteins	2723	GCA_003211515.1_ASM321151v1_genomic_prodigal_proteins	2451	1242	68.77	14.19	50.67
GCA_012103655.1_ASM1210365v1_genomic_prodigal_proteins	2723	GCA_002693285.1_ASM269328v1_genomic_prodigal_proteins	2440	1730	72.99	12.99	70.90
GCA_012103655.1_ASM1210365v1_genomic_prodigal_proteins	2723	GCA_003210555.1_ASM321055v1_genomic_prodigal_proteins	1847	1288	90.04	9.74	69.73
GCA_012103655.1_ASM1210365v1_genomic_prodigal_proteins	2723	GCA_000155595.1_ASM15559v1_genomic_prodigal_proteins	5270	1121	52.63	12.67	41.17
GCA_012103655.1_ASM1210365v1_genomic_prodigal_proteins	2723	GCA_001007665.1_ASM100766v1_genomic_prodigal_proteins	2356	1186	60.75	12.69	50.34
GCA_012103655.1_ASM1210365v1_genomic_prodigal_proteins	2723	GCA_009919765.1_ASM991976v1_genomic_prodigal_proteins	2524	1127	65.17	14.09	44.65
GCA_012103655.1_ASM1210365v1_genomic_prodigal_proteins	2723	GCA_003331225.1_ASM333122v1_genomic_prodigal_proteins	2113	1458	65.33	14.15	69.00
GCA_012103655.1_ASM1210365v1_genomic_prodigal_proteins	2723	GCA_900177825.1_IMG-taxon_2708742468_annotated_assembly_genomic_prodigal_proteins	3317	1048	53.40	12.70	38.49
GCA_012103655.1_ASM1210365v1_genomic_prodigal_proteins	2723	GCA_000195975.1_ASM19597v1_genomic_prodigal_proteins	2719	1792	71.09	13.32	65.91
GCA_012103655.1_ASM1210365v1_genomic_prodigal_proteins	2723	GCA_902618885.1_AG-920-D15_genomic_prodigal_proteins	1178	687	71.57	14.33	58.32
GCA_012103655.1_ASM1210365v1_genomic_prodigal_proteins	2723	GCA_003209165.1_ASM320916v1_genomic_prodigal_proteins	2711	1521	70.42	13.64	56.10
GCA_012103655.1_ASM1210365v1_genomic_prodigal_proteins	2723	GCA_001007625.1_ASM100762v1_genomic_prodigal_proteins	2478	1042	61.01	12.90	42.05
GCA_012103655.1_ASM1210365v1_genomic_prodigal_proteins	2723	GCA_008386235.1_ASM838623v1_genomic_prodigal_proteins	2571	1011	53.47	12.46	39.32
GCA_012103655.1_ASM1210365v1_genomic_prodigal_proteins	2723	GCA_001631935.1_ASM163193v1_genomic_prodigal_proteins	3526	2010	73.27	13.16	73.82
GCA_012103655.1_ASM1210365v1_genomic_prodigal_proteins	2723	GCA_002151525.1_ASM215152v1_genomic_prodigal_proteins	1628	1126	63.70	14.04	69.16
GCA_012103655.1_ASM1210365v1_genomic_prodigal_proteins	2723	GCA_000153065.1_ASM15306v1_genomic_prodigal_proteins	2704	1835	74.11	12.99	67.86
GCA_012103655.1_ASM1210365v1_genomic_prodigal_proteins	2723	GCA_009837265.1_ASM983726v1_genomic_prodigal_proteins	2126	1097	60.83	12.78	51.60
GCA_012103655.1_ASM1210365v1_genomic_prodigal_proteins	2723	GCA_902533725.1_AG-898-C20_genomic_prodigal_proteins	421	164	68.19	14.82	38.95
GCA_012103655.1_ASM1210365v1_genomic_prodigal_proteins	2723	GCA_002171075.2_ASM217107v2_genomic_prodigal_proteins	1919	1230	63.70	13.64	64.10
GCA_012103655.1_ASM1210365v1_genomic_prodigal_proteins	2723	GCA_002760395.1_ASM276039v1_genomic_prodigal_proteins	2661	908	52.52	11.95	34.12
GCA_012103655.1_ASM1210365v1_genomic_prodigal_proteins	2723	GCA_003209005.1_ASM320900v1_genomic_prodigal_proteins	2548	1628	73.61	12.96	63.89
GCA_012103655.1_ASM1210365v1_genomic_prodigal_proteins	2723	GCA_002017915.1_ASM201791v1_genomic_prodigal_proteins	623	316	63.43	13.49	50.72
GCA_012103655.1_ASM1210365v1_genomic_prodigal_proteins	2723	GCA_900047545.1_m9_genomic_prodigal_proteins	1575	902	60.90	12.78	57.27
GCA_012103655.1_ASM1210365v1_genomic_prodigal_proteins	2723	GCA_001632105.1_ASM163210v1_genomic_prodigal_proteins	3521	2022	73.25	13.20	74.26
GCA_012103655.1_ASM1210365v1_genomic_prodigal_proteins	2723	GCA_004212765.1_ASM421276v1_genomic_prodigal_proteins	1162	854	70.60	13.60	73.49
GCA_012103655.1_ASM1210365v1_genomic_prodigal_proteins	2723	GCA_002685515.1_ASM268551v1_genomic_prodigal_proteins	1286	995	73.50	12.30	77.37
GCA_012103655.1_ASM1210365v1_genomic_prodigal_proteins	2723	GCA_007828135.1_ASM782813v1_genomic_prodigal_proteins	2917	1627	65.77	13.48	59.75
GCA_012103655.1_ASM1210365v1_genomic_prodigal_proteins	2723	GCA_011047875.1_ASM1104787v1_genomic_prodigal_proteins	2810	905	52.53	12.11	33.24
GCA_012103655.1_ASM1210365v1_genomic_prodigal_proteins	2723	GCA_009840445.1_ASM984044v1_genomic_prodigal_proteins	2167	1199	60.87	12.73	55.33
GCA_012103655.1_ASM1210365v1_genomic_prodigal_proteins	2723	GCA_003210995.1_ASM321099v1_genomic_prodigal_proteins	2385	1486	73.24	13.18	62.31
GCA_012103655.1_ASM1210365v1_genomic_prodigal_proteins	2723	GCA_902616995.1_AG-919-L20_genomic_prodigal_proteins	654	340	70.15	13.53	51.99
GCA_012103655.1_ASM1210365v1_genomic_prodigal_proteins	2723	GCA_009845825.1_ASM984582v1_genomic_prodigal_proteins	2168	1011	61.15	12.69	46.63
GCA_012103655.1_ASM1210365v1_genomic_prodigal_proteins	2723	GCA_000515235.1_ASM51523v1_genomic_prodigal_proteins	2873	1845	70.10	13.74	67.76
GCA_012103655.1_ASM1210365v1_genomic_prodigal_proteins	2723	GCA_003523965.1_ASM352396v1_genomic_prodigal_proteins	1735	760	62.25	12.78	43.80
GCA_012103655.1_ASM1210365v1_genomic_prodigal_proteins	2723	GCA_002684175.1_ASM268417v1_genomic_prodigal_proteins	1819	1107	68.26	13.11	60.86
GCA_012103655.1_ASM1210365v1_genomic_prodigal_proteins	2723	GCA_011523295.1_ASM1152329v1_genomic_prodigal_proteins	2851	1448	68.96	13.65	53.18
GCA_012103655.1_ASM1210365v1_genomic_prodigal_proteins	2723	GCA_003211015.1_ASM321101v1_genomic_prodigal_proteins	2128	1448	73.44	12.99	68.05
GCA_012103655.1_ASM1210365v1_genomic_prodigal_proteins	2723	GCA_002006815.1_ASM200681v1_genomic_prodigal_proteins	1973	1393	64.06	13.91	70.60
GCA_009842265.1_ASM984226v1_genomic_prodigal_proteins	2398	GCA_902579345.1_AG-911-L15_genomic_prodigal_proteins	248	60	58.47	15.38	24.19
GCA_009842265.1_ASM984226v1_genomic_prodigal_proteins	2398	GCA_000011345.1_ASM1134v1_genomic_prodigal_proteins	2520	903	54.23	12.16	37.66
GCA_009842265.1_ASM984226v1_genomic_prodigal_proteins	2398	GCA_003210705.1_ASM321070v1_genomic_prodigal_proteins	2244	834	60.41	12.90	37.17
GCA_009842265.1_ASM984226v1_genomic_prodigal_proteins	2398	GCA_000019485.1_ASM1948v1_genomic_prodigal_proteins	3233	904	53.56	12.24	37.70
GCA_009842265.1_ASM984226v1_genomic_prodigal_proteins	2398	GCA_003283055.1_ASM328305v1_genomic_prodigal_proteins	482	39	61.06	14.75	8.09
GCA_009842265.1_ASM984226v1_genomic_prodigal_proteins	2398	GCA_000010065.1_ASM1006v1_genomic_prodigal_proteins	2691	979	55.40	12.60	40.83
GCA_009842265.1_ASM984226v1_genomic_prodigal_proteins	2398	GCA_000316685.1_ASM31668v1_genomic_prodigal_proteins	3706	931	53.23	12.26	38.82
GCA_009842265.1_ASM984226v1_genomic_prodigal_proteins	2398	GCA_000063525.1_ASM6352v1_genomic_prodigal_proteins	2540	1195	61.98	12.45	49.83
GCA_009842265.1_ASM984226v1_genomic_prodigal_proteins	2398	GCA_003283165.1_ASM328316v1_genomic_prodigal_proteins	217	56	57.99	13.34	25.81
GCA_009842265.1_ASM984226v1_genomic_prodigal_proteins	2398	GCA_902540675.1_AG-359-E22_genomic_prodigal_proteins	584	184	62.04	14.46	31.51
GCA_009842265.1_ASM984226v1_genomic_prodigal_proteins	2398	GCA_011055065.1_ASM1105506v1_genomic_prodigal_proteins	2792	797	53.11	11.76	33.24
GCA_009842265.1_ASM984226v1_genomic_prodigal_proteins	2398	GCA_000013205.1_ASM1320v1_genomic_prodigal_proteins	2750	832	53.22	11.54	34.70
GCA_009842265.1_ASM984226v1_genomic_prodigal_proteins	2398	GCA_003539795.1_ASM353979v1_genomic_prodigal_proteins	2284	872	59.87	12.16	38.18
GCA_009842265.1_ASM984226v1_genomic_prodigal_proteins	2398	GCA_002171995.1_ASM217199v1_genomic_prodigal_proteins	1978	670	60.82	12.62	33.87
GCA_009842265.1_ASM984226v1_genomic_prodigal_proteins	2398	GCA_011523835.1_ASM1152383v1_genomic_prodigal_proteins	2468	999	60.66	12.64	41.66
GCA_009842265.1_ASM984226v1_genomic_prodigal_proteins	2398	GCA_002172175.1_ASM217217v1_genomic_prodigal_proteins	1846	765	60.23	12.36	41.44
GCA_009842265.1_ASM984226v1_genomic_prodigal_proteins	2398	GCA_003208835.1_ASM320883v1_genomic_prodigal_proteins	2208	847	60.73	12.78	38.36
GCA_009842265.1_ASM984226v1_genomic_prodigal_proteins	2398	GCA_902589915.1_AG-914-F20_genomic_prodigal_proteins	373	92	62.65	12.81	24.66
GCA_009842265.1_ASM984226v1_genomic_prodigal_proteins	2398	GCA_000485815.1_ASM48581v1_genomic_prodigal_proteins	3083	872	53.53	12.31	36.36
GCA_009842265.1_ASM984226v1_genomic_prodigal_proteins	2398	GCA_008807075.1_ASM880707v1_genomic_prodigal_proteins	2925	1136	61.94	12.55	47.37
GCA_009842265.1_ASM984226v1_genomic_prodigal_proteins	2398	GCA_000179235.2_ASM17923v2_genomic_prodigal_proteins	3071	1207	62.02	12.36	50.33
GCA_009842265.1_ASM984226v1_genomic_prodigal_proteins	2398	GCA_003210795.1_ASM321079v1_genomic_prodigal_proteins	2239	857	60.67	12.41	38.28
GCA_009842265.1_ASM984226v1_genomic_prodigal_proteins	2398	GCA_002706715.1_ASM270671v1_genomic_prodigal_proteins	1148	614	60.70	12.78	53.48
GCA_009842265.1_ASM984226v1_genomic_prodigal_proteins	2398	GCA_003331245.1_ASM333124v1_genomic_prodigal_proteins	2021	961	61.05	12.20	47.55
GCA_009842265.1_ASM984226v1_genomic_prodigal_proteins	2398	GCA_009843385.1_ASM984338v1_genomic_prodigal_proteins	2085	1472	97.49	5.61	70.60
GCA_009842265.1_ASM984226v1_genomic_prodigal_proteins	2398	GCA_003211205.1_ASM321120v1_genomic_prodigal_proteins	2288	903	60.50	13.00	39.47
GCA_009842265.1_ASM984226v1_genomic_prodigal_proteins	2398	GCA_000063505.1_ASM6350v1_genomic_prodigal_proteins	2558	1161	61.16	12.82	48.42
GCA_009842265.1_ASM984226v1_genomic_prodigal_proteins	2398	GCA_900474245.1_UW179B_genomic_prodigal_proteins	2743	1166	60.79	12.72	48.62
GCA_009842265.1_ASM984226v1_genomic_prodigal_proteins	2398	GCA_003210345.1_ASM321034v1_genomic_prodigal_proteins	1256	457	59.40	12.50	36.39
GCA_009842265.1_ASM984226v1_genomic_prodigal_proteins	2398	GCA_003210315.1_ASM321031v1_genomic_prodigal_proteins	1815	696	60.33	12.75	38.35
GCA_009842265.1_ASM984226v1_genomic_prodigal_proteins	2398	GCA_009836155.1_ASM983615v1_genomic_prodigal_proteins	1947	1591	98.27	4.10	81.72
GCA_009842265.1_ASM984226v1_genomic_prodigal_proteins	2398	GCA_003990665.2_ASM399066v2_genomic_prodigal_proteins	2499	900	54.25	12.16	37.53
GCA_009842265.1_ASM984226v1_genomic_prodigal_proteins	2398	GCA_003209135.1_ASM320913v1_genomic_prodigal_proteins	1719	617	59.97	12.58	35.89
GCA_009842265.1_ASM984226v1_genomic_prodigal_proteins	2398	GCA_009845105.1_ASM984510v1_genomic_prodigal_proteins	1941	1389	97.43	5.41	71.56
GCA_009842265.1_ASM984226v1_genomic_prodigal_proteins	2398	GCA_002690325.1_ASM269032v1_genomic_prodigal_proteins	2554	1056	60.00	12.56	44.04
GCA_009842265.1_ASM984226v1_genomic_prodigal_proteins	2398	GCA_000161795.2_ASM16179v2_genomic_prodigal_proteins	2407	1155	61.21	12.66	48.17
GCA_009842265.1_ASM984226v1_genomic_prodigal_proteins	2398	GCA_004211895.1_ASM421189v1_genomic_prodigal_proteins	954	487	61.04	12.60	51.05
GCA_009842265.1_ASM984226v1_genomic_prodigal_proteins	2398	GCA_003210735.1_ASM321073v1_genomic_prodigal_proteins	2337	850	60.19	12.69	36.37
GCA_009842265.1_ASM984226v1_genomic_prodigal_proteins	2398	GCA_003209035.1_ASM320903v1_genomic_prodigal_proteins	1803	622	60.63	12.89	34.50
GCA_009842265.1_ASM984226v1_genomic_prodigal_proteins	2398	GCA_003712085.1_ASM371208v1_genomic_prodigal_proteins	2745	1181	61.27	12.54	49.25
GCA_009842265.1_ASM984226v1_genomic_prodigal_proteins	2398	GCA_003212155.1_ASM321215v1_genomic_prodigal_proteins	262	74	59.27	15.06	28.24
GCA_009842265.1_ASM984226v1_genomic_prodigal_proteins	2398	GCA_001040845.1_ASM104084v1_genomic_prodigal_proteins	2917	1172	60.60	12.78	48.87
GCA_009842265.1_ASM984226v1_genomic_prodigal_proteins	2398	GCA_002018015.1_ASM201801v1_genomic_prodigal_proteins	1578	1098	86.97	8.08	69.58
GCA_009842265.1_ASM984226v1_genomic_prodigal_proteins	2398	GCA_003211255.1_ASM321125v1_genomic_prodigal_proteins	1850	645	60.21	12.67	34.86
GCA_009842265.1_ASM984226v1_genomic_prodigal_proteins	2398	GCA_002721235.1_ASM272123v1_genomic_prodigal_proteins	3119	906	53.50	12.23	37.78
GCA_009842265.1_ASM984226v1_genomic_prodigal_proteins	2398	GCA_009839305.1_ASM983930v1_genomic_prodigal_proteins	1816	1154	87.16	8.04	63.55
GCA_009842265.1_ASM984226v1_genomic_prodigal_proteins	2398	GCA_011365345.1_ASM1136534v1_genomic_prodigal_proteins	2655	1163	61.15	12.67	48.50
GCA_009842265.1_ASM984226v1_genomic_prodigal_proteins	2398	GCA_001039265.1_ASM103926v1_genomic_prodigal_proteins	2832	809	63.72	12.30	33.74
GCA_009842265.1_ASM984226v1_genomic_prodigal_proteins	2398	GCA_001628325.1_ASM162832v1_genomic_prodigal_proteins	2129	1058	61.36	12.47	49.69
GCA_009842265.1_ASM984226v1_genomic_prodigal_proteins	2398	GCA_003209215.1_ASM320921v1_genomic_prodigal_proteins	1679	585	60.87	12.34	34.84
GCA_009842265.1_ASM984226v1_genomic_prodigal_proteins	2398	GCA_002737305.1_ASM273730v1_genomic_prodigal_proteins	1951	932	62.47	12.45	47.77
GCA_009842265.1_ASM984226v1_genomic_prodigal_proteins	2398	GCA_003210515.1_ASM321051v1_genomic_prodigal_proteins	1673	660	60.00	12.97	39.45
GCA_009842265.1_ASM984226v1_genomic_prodigal_proteins	2398	GCA_011525445.1_ASM1152544v1_genomic_prodigal_proteins	3208	954	59.59	12.36	39.78
GCA_009842265.1_ASM984226v1_genomic_prodigal_proteins	2398	GCA_902599435.1_AG-916-N22_genomic_prodigal_proteins	793	281	62.68	12.73	35.44
GCA_009842265.1_ASM984226v1_genomic_prodigal_proteins	2398	GCA_003149585.1_ASM314958v1_genomic_prodigal_proteins	2600	1177	62.01	12.29	49.08
GCA_009842265.1_ASM984226v1_genomic_prodigal_proteins	2398	GCA_902560665.1_AG-905-O11_genomic_prodigal_proteins	401	119	60.27	13.45	29.68
GCA_009842265.1_ASM984226v1_genomic_prodigal_proteins	2398	GCA_003331795.1_ASM333179v1_genomic_prodigal_proteins	1948	963	62.12	12.38	49.44
GCA_009842265.1_ASM984226v1_genomic_prodigal_proteins	2398	GCA_002017955.1_ASM201795v1_genomic_prodigal_proteins	512	307	86.20	8.64	59.96
GCA_009842265.1_ASM984226v1_genomic_prodigal_proteins	2398	GCA_902584485.1_AG-912-O23_genomic_prodigal_proteins	535	154	59.78	12.99	28.79
GCA_009842265.1_ASM984226v1_genomic_prodigal_proteins	2398	GCA_902527915.1_AG-896-G19_genomic_prodigal_proteins	1003	345	61.97	12.89	34.40
GCA_009842265.1_ASM984226v1_genomic_prodigal_proteins	2398	GCA_902635365.1_AG-447-D19_genomic_prodigal_proteins	1690	547	60.88	13.00	32.37
GCA_009842265.1_ASM984226v1_genomic_prodigal_proteins	2398	GCA_900474085.1_UW86_genomic_prodigal_proteins	2403	1160	61.20	12.75	48.37
GCA_009842265.1_ASM984226v1_genomic_prodigal_proteins	2398	GCA_001885215.1_ASM188521v1_genomic_prodigal_proteins	2897	1208	61.87	12.31	50.38
GCA_009842265.1_ASM984226v1_genomic_prodigal_proteins	2398	GCA_902575935.1_AG-426-B22_genomic_prodigal_proteins	254	106	63.48	14.87	41.73
GCA_009842265.1_ASM984226v1_genomic_prodigal_proteins	2398	GCA_900474295.1_UW140_genomic_prodigal_proteins	2925	1159	61.24	12.65	48.33
GCA_009842265.1_ASM984226v1_genomic_prodigal_proteins	2398	GCA_003211565.1_ASM321156v1_genomic_prodigal_proteins	1489	507	61.24	12.80	34.05
GCA_009842265.1_ASM984226v1_genomic_prodigal_proteins	2398	GCA_003526105.1_ASM352610v1_genomic_prodigal_proteins	1581	629	61.89	12.80	39.78
GCA_009842265.1_ASM984226v1_genomic_prodigal_proteins	2398	GCA_002172935.1_ASM217293v1_genomic_prodigal_proteins	1996	908	60.52	12.58	45.49
GCA_009842265.1_ASM984226v1_genomic_prodigal_proteins	2398	GCA_003210335.1_ASM321033v1_genomic_prodigal_proteins	942	216	59.57	13.89	22.93
GCA_009842265.1_ASM984226v1_genomic_prodigal_proteins	2398	GCA_009846115.1_ASM984611v1_genomic_prodigal_proteins	2048	1341	87.01	7.97	65.48
GCA_009842265.1_ASM984226v1_genomic_prodigal_proteins	2398	GCA_001693295.1_ASM169329v1_genomic_prodigal_proteins	3183	902	53.53	12.27	37.61
GCA_009842265.1_ASM984226v1_genomic_prodigal_proteins	2398	GCA_900473965.1_UW179A_genomic_prodigal_proteins	3383	1145	60.80	12.79	47.75
GCA_009842265.1_ASM984226v1_genomic_prodigal_proteins	2398	GCA_003213755.1_ASM321375v1_genomic_prodigal_proteins	1050	417	61.51	12.64	39.71
GCA_009842265.1_ASM984226v1_genomic_prodigal_proteins	2398	GCA_003209155.1_ASM320915v1_genomic_prodigal_proteins	2305	876	60.62	12.75	38.00
GCA_009842265.1_ASM984226v1_genomic_prodigal_proteins	2398	GCA_003211515.1_ASM321151v1_genomic_prodigal_proteins	2451	743	60.78	12.44	30.98
GCA_009842265.1_ASM984226v1_genomic_prodigal_proteins	2398	GCA_002693285.1_ASM269328v1_genomic_prodigal_proteins	2440	1017	60.60	12.75	42.41
GCA_009842265.1_ASM984226v1_genomic_prodigal_proteins	2398	GCA_003210555.1_ASM321055v1_genomic_prodigal_proteins	1847	623	60.21	12.67	33.73
GCA_009842265.1_ASM984226v1_genomic_prodigal_proteins	2398	GCA_000155595.1_ASM15559v1_genomic_prodigal_proteins	5270	937	52.73	12.17	39.07
GCA_009842265.1_ASM984226v1_genomic_prodigal_proteins	2398	GCA_001007665.1_ASM100766v1_genomic_prodigal_proteins	2356	1483	86.75	7.85	62.95
GCA_009842265.1_ASM984226v1_genomic_prodigal_proteins	2398	GCA_009919765.1_ASM991976v1_genomic_prodigal_proteins	2524	804	61.89	12.58	33.53
GCA_009842265.1_ASM984226v1_genomic_prodigal_proteins	2398	GCA_003331225.1_ASM333122v1_genomic_prodigal_proteins	2113	1031	62.25	12.23	48.79
GCA_009842265.1_ASM984226v1_genomic_prodigal_proteins	2398	GCA_900177825.1_IMG-taxon_2708742468_annotated_assembly_genomic_prodigal_proteins	3317	898	53.50	12.28	37.45
GCA_009842265.1_ASM984226v1_genomic_prodigal_proteins	2398	GCA_000195975.1_ASM19597v1_genomic_prodigal_proteins	2719	1173	61.29	12.57	48.92
GCA_009842265.1_ASM984226v1_genomic_prodigal_proteins	2398	GCA_902618885.1_AG-920-D15_genomic_prodigal_proteins	1178	441	61.97	13.40	37.44
GCA_009842265.1_ASM984226v1_genomic_prodigal_proteins	2398	GCA_003209165.1_ASM320916v1_genomic_prodigal_proteins	2711	985	61.16	12.60	41.08
GCA_009842265.1_ASM984226v1_genomic_prodigal_proteins	2398	GCA_001007625.1_ASM100762v1_genomic_prodigal_proteins	2478	1352	87.61	8.36	56.38
GCA_009842265.1_ASM984226v1_genomic_prodigal_proteins	2398	GCA_008386235.1_ASM838623v1_genomic_prodigal_proteins	2571	908	53.97	12.19	37.86
GCA_009842265.1_ASM984226v1_genomic_prodigal_proteins	2398	GCA_001631935.1_ASM163193v1_genomic_prodigal_proteins	3526	1160	60.82	12.74	48.37
GCA_009842265.1_ASM984226v1_genomic_prodigal_proteins	2398	GCA_002151525.1_ASM215152v1_genomic_prodigal_proteins	1628	837	61.04	12.74	51.41
GCA_009842265.1_ASM984226v1_genomic_prodigal_proteins	2398	GCA_000153065.1_ASM15306v1_genomic_prodigal_proteins	2704	1168	61.93	12.63	48.71
GCA_009842265.1_ASM984226v1_genomic_prodigal_proteins	2398	GCA_009837265.1_ASM983726v1_genomic_prodigal_proteins	2126	1427	87.08	8.26	67.12
GCA_009842265.1_ASM984226v1_genomic_prodigal_proteins	2398	GCA_902533725.1_AG-898-C20_genomic_prodigal_proteins	421	91	63.02	12.70	21.62
GCA_009842265.1_ASM984226v1_genomic_prodigal_proteins	2398	GCA_002171075.2_ASM217107v2_genomic_prodigal_proteins	1919	886	60.50	12.13	46.17
GCA_009842265.1_ASM984226v1_genomic_prodigal_proteins	2398	GCA_002760395.1_ASM276039v1_genomic_prodigal_proteins	2661	810	53.23	11.58	33.78
GCA_009842265.1_ASM984226v1_genomic_prodigal_proteins	2398	GCA_003209005.1_ASM320900v1_genomic_prodigal_proteins	2548	952	60.45	12.75	39.70
GCA_009842265.1_ASM984226v1_genomic_prodigal_proteins	2398	GCA_002017915.1_ASM201791v1_genomic_prodigal_proteins	623	406	87.31	8.76	65.17
GCA_009842265.1_ASM984226v1_genomic_prodigal_proteins	2398	GCA_900047545.1_m9_genomic_prodigal_proteins	1575	1135	86.22	8.23	72.06
GCA_009842265.1_ASM984226v1_genomic_prodigal_proteins	2398	GCA_001632105.1_ASM163210v1_genomic_prodigal_proteins	3521	1165	60.75	12.81	48.58
GCA_009842265.1_ASM984226v1_genomic_prodigal_proteins	2398	GCA_004212765.1_ASM421276v1_genomic_prodigal_proteins	1162	567	61.28	12.50	48.80
GCA_009842265.1_ASM984226v1_genomic_prodigal_proteins	2398	GCA_002685515.1_ASM268551v1_genomic_prodigal_proteins	1286	605	59.79	12.47	47.05
GCA_009842265.1_ASM984226v1_genomic_prodigal_proteins	2398	GCA_007828135.1_ASM782813v1_genomic_prodigal_proteins	2917	1207	61.85	12.30	50.33
GCA_009842265.1_ASM984226v1_genomic_prodigal_proteins	2398	GCA_011047875.1_ASM1104787v1_genomic_prodigal_proteins	2810	818	53.15	11.62	34.11
GCA_009842265.1_ASM984226v1_genomic_prodigal_proteins	2398	GCA_009840445.1_ASM984044v1_genomic_prodigal_proteins	2167	1522	87.13	8.17	70.24
GCA_009842265.1_ASM984226v1_genomic_prodigal_proteins	2398	GCA_003210995.1_ASM321099v1_genomic_prodigal_proteins	2385	830	60.85	12.92	34.80
GCA_009842265.1_ASM984226v1_genomic_prodigal_proteins	2398	GCA_902616995.1_AG-919-L20_genomic_prodigal_proteins	654	202	61.15	12.68	30.89
GCA_009842265.1_ASM984226v1_genomic_prodigal_proteins	2398	GCA_009845825.1_ASM984582v1_genomic_prodigal_proteins	2168	1529	97.65	5.14	70.53
GCA_009842265.1_ASM984226v1_genomic_prodigal_proteins	2398	GCA_000515235.1_ASM51523v1_genomic_prodigal_proteins	2873	1161	61.12	12.61	48.42
GCA_009842265.1_ASM984226v1_genomic_prodigal_proteins	2398	GCA_003523965.1_ASM352396v1_genomic_prodigal_proteins	1735	1025	89.43	8.38	59.08
GCA_009842265.1_ASM984226v1_genomic_prodigal_proteins	2398	GCA_002684175.1_ASM268417v1_genomic_prodigal_proteins	1819	705	59.14	12.36	38.76
GCA_009842265.1_ASM984226v1_genomic_prodigal_proteins	2398	GCA_011523295.1_ASM1152329v1_genomic_prodigal_proteins	2851	882	59.45	12.47	36.78
GCA_009842265.1_ASM984226v1_genomic_prodigal_proteins	2398	GCA_003211015.1_ASM321101v1_genomic_prodigal_proteins	2128	854	60.12	12.70	40.13
GCA_009842265.1_ASM984226v1_genomic_prodigal_proteins	2398	GCA_002006815.1_ASM200681v1_genomic_prodigal_proteins	1973	1055	61.55	12.49	53.47
GCA_000153045.1_ASM15304v1_genomic_prodigal_proteins	3242	GCA_902549675.1_AG-903-B09_genomic_prodigal_proteins	836	408	67.72	14.44	48.80
GCA_000153045.1_ASM15304v1_genomic_prodigal_proteins	3242	GCA_002018045.1_ASM201804v1_genomic_prodigal_proteins	1559	935	63.14	12.30	59.97
GCA_000153045.1_ASM15304v1_genomic_prodigal_proteins	3242	GCA_004213055.1_ASM421305v1_genomic_prodigal_proteins	2241	1474	67.10	13.48	65.77
GCA_000153045.1_ASM15304v1_genomic_prodigal_proteins	3242	GCA_007571085.1_ASM757108v1_genomic_prodigal_proteins	1784	1162	61.94	12.49	65.13
GCA_000153045.1_ASM15304v1_genomic_prodigal_proteins	3242	GCA_009839805.1_ASM983980v1_genomic_prodigal_proteins	1848	808	60.70	12.10	43.72
GCA_000153045.1_ASM15304v1_genomic_prodigal_proteins	3242	GCA_003210375.1_ASM321037v1_genomic_prodigal_proteins	2155	1201	66.31	14.35	55.73
GCA_000153045.1_ASM15304v1_genomic_prodigal_proteins	3242	GCA_004332415.1_ASM433241v1_genomic_prodigal_proteins	2408	1697	67.86	13.77	70.47
GCA_000153045.1_ASM15304v1_genomic_prodigal_proteins	3242	GCA_009836025.1_ASM983602v1_genomic_prodigal_proteins	2290	1203	62.45	12.46	52.53
GCA_000153045.1_ASM15304v1_genomic_prodigal_proteins	3242	GCA_009843455.1_ASM984345v1_genomic_prodigal_proteins	2423	1177	62.18	12.34	48.58
GCA_000153045.1_ASM15304v1_genomic_prodigal_proteins	3242	GCA_009843485.1_ASM984348v1_genomic_prodigal_proteins	2158	1214	62.43	12.50	56.26
GCA_000153045.1_ASM15304v1_genomic_prodigal_proteins	3242	GCA_003283135.1_ASM328313v1_genomic_prodigal_proteins	459	131	63.91	15.26	28.54
GCA_000153045.1_ASM15304v1_genomic_prodigal_proteins	3242	GCA_902635485.1_AG-447-G23_genomic_prodigal_proteins	327	105	64.50	15.01	32.11
GCA_000153045.1_ASM15304v1_genomic_prodigal_proteins	3242	GCA_002760415.1_ASM276041v1_genomic_prodigal_proteins	2670	996	53.54	12.02	37.30
GCA_000153045.1_ASM15304v1_genomic_prodigal_proteins	3242	GCA_002754935.1_ASM275493v1_genomic_prodigal_proteins	2664	1073	54.27	12.42	40.28
GCA_000153045.1_ASM15304v1_genomic_prodigal_proteins	3242	GCA_002171685.2_ASM217168v2_genomic_prodigal_proteins	811	612	67.18	13.36	75.46
GCA_000153045.1_ASM15304v1_genomic_prodigal_proteins	3242	GCA_000737595.1_ASM73759v1_genomic_prodigal_proteins	2774	1683	66.81	13.78	60.67
GCA_000153045.1_ASM15304v1_genomic_prodigal_proteins	3242	GCA_003331785.1_ASM333178v1_genomic_prodigal_proteins	2125	1511	66.63	13.45	71.11
GCA_000153045.1_ASM15304v1_genomic_prodigal_proteins	3242	GCA_009842265.1_ASM984226v1_genomic_prodigal_proteins	2398	1197	62.30	12.42	49.92
GCA_000153045.1_ASM15304v1_genomic_prodigal_proteins	3242	GCA_902579345.1_AG-911-L15_genomic_prodigal_proteins	248	81	64.60	17.86	32.66
GCA_000153045.1_ASM15304v1_genomic_prodigal_proteins	3242	GCA_000011345.1_ASM1134v1_genomic_prodigal_proteins	2520	1117	54.31	12.63	44.33
GCA_000153045.1_ASM15304v1_genomic_prodigal_proteins	3242	GCA_003210705.1_ASM321070v1_genomic_prodigal_proteins	2244	1225	65.54	13.95	54.59
GCA_000153045.1_ASM15304v1_genomic_prodigal_proteins	3242	GCA_000019485.1_ASM1948v1_genomic_prodigal_proteins	3233	1195	53.86	12.71	36.96
GCA_000153045.1_ASM15304v1_genomic_prodigal_proteins	3242	GCA_003283055.1_ASM328305v1_genomic_prodigal_proteins	482	76	59.55	16.28	15.77
GCA_000153045.1_ASM15304v1_genomic_prodigal_proteins	3242	GCA_000010065.1_ASM1006v1_genomic_prodigal_proteins	2691	1328	56.49	13.20	49.35
GCA_000153045.1_ASM15304v1_genomic_prodigal_proteins	3242	GCA_000316685.1_ASM31668v1_genomic_prodigal_proteins	3706	1190	53.76	12.59	36.71
GCA_000153045.1_ASM15304v1_genomic_prodigal_proteins	3242	GCA_000063525.1_ASM6352v1_genomic_prodigal_proteins	2540	1667	66.81	13.61	65.63
GCA_000153045.1_ASM15304v1_genomic_prodigal_proteins	3242	GCA_003283165.1_ASM328316v1_genomic_prodigal_proteins	217	68	67.30	13.96	31.34
GCA_000153045.1_ASM15304v1_genomic_prodigal_proteins	3242	GCA_902540675.1_AG-359-E22_genomic_prodigal_proteins	584	263	67.68	15.40	45.03
GCA_000153045.1_ASM15304v1_genomic_prodigal_proteins	3242	GCA_011055065.1_ASM1105506v1_genomic_prodigal_proteins	2792	962	53.40	12.20	34.46
GCA_000153045.1_ASM15304v1_genomic_prodigal_proteins	3242	GCA_000013205.1_ASM1320v1_genomic_prodigal_proteins	2750	1010	53.56	12.05	36.73
GCA_000153045.1_ASM15304v1_genomic_prodigal_proteins	3242	GCA_003539795.1_ASM353979v1_genomic_prodigal_proteins	2284	1290	65.82	13.16	56.48
GCA_000153045.1_ASM15304v1_genomic_prodigal_proteins	3242	GCA_002171995.1_ASM217199v1_genomic_prodigal_proteins	1978	955	66.20	13.52	48.28
GCA_000153045.1_ASM15304v1_genomic_prodigal_proteins	3242	GCA_011523835.1_ASM1152383v1_genomic_prodigal_proteins	2468	1436	66.31	13.54	58.18
GCA_000153045.1_ASM15304v1_genomic_prodigal_proteins	3242	GCA_002172175.1_ASM217217v1_genomic_prodigal_proteins	1846	1055	65.36	12.98	57.15
GCA_000153045.1_ASM15304v1_genomic_prodigal_proteins	3242	GCA_003208835.1_ASM320883v1_genomic_prodigal_proteins	2208	1187	67.28	14.25	53.76
GCA_000153045.1_ASM15304v1_genomic_prodigal_proteins	3242	GCA_902589915.1_AG-914-F20_genomic_prodigal_proteins	373	133	66.91	14.96	35.66
GCA_000153045.1_ASM15304v1_genomic_prodigal_proteins	3242	GCA_000485815.1_ASM48581v1_genomic_prodigal_proteins	3083	1167	53.68	12.70	37.85
GCA_000153045.1_ASM15304v1_genomic_prodigal_proteins	3242	GCA_008807075.1_ASM880707v1_genomic_prodigal_proteins	2925	1794	67.21	13.16	61.33
GCA_000153045.1_ASM15304v1_genomic_prodigal_proteins	3242	GCA_000179235.2_ASM17923v2_genomic_prodigal_proteins	3071	1879	70.78	12.89	61.19
GCA_000153045.1_ASM15304v1_genomic_prodigal_proteins	3242	GCA_003210795.1_ASM321079v1_genomic_prodigal_proteins	2239	1218	66.13	13.70	54.40
GCA_000153045.1_ASM15304v1_genomic_prodigal_proteins	3242	GCA_002706715.1_ASM270671v1_genomic_prodigal_proteins	1148	821	67.11	13.42	71.52
GCA_000153045.1_ASM15304v1_genomic_prodigal_proteins	3242	GCA_003331245.1_ASM333124v1_genomic_prodigal_proteins	2021	1406	66.76	13.17	69.57
GCA_000153045.1_ASM15304v1_genomic_prodigal_proteins	3242	GCA_009843385.1_ASM984338v1_genomic_prodigal_proteins	2085	1001	62.73	12.39	48.01
GCA_000153045.1_ASM15304v1_genomic_prodigal_proteins	3242	GCA_003211205.1_ASM321120v1_genomic_prodigal_proteins	2288	1285	65.92	13.77	56.16
GCA_000153045.1_ASM15304v1_genomic_prodigal_proteins	3242	GCA_000063505.1_ASM6350v1_genomic_prodigal_proteins	2558	1694	66.62	13.91	66.22
GCA_000153045.1_ASM15304v1_genomic_prodigal_proteins	3242	GCA_900474245.1_UW179B_genomic_prodigal_proteins	2743	1680	66.31	13.62	61.25
GCA_000153045.1_ASM15304v1_genomic_prodigal_proteins	3242	GCA_003210345.1_ASM321034v1_genomic_prodigal_proteins	1256	677	66.45	14.57	53.90
GCA_000153045.1_ASM15304v1_genomic_prodigal_proteins	3242	GCA_003210315.1_ASM321031v1_genomic_prodigal_proteins	1815	1000	65.23	13.81	55.10
GCA_000153045.1_ASM15304v1_genomic_prodigal_proteins	3242	GCA_009836155.1_ASM983615v1_genomic_prodigal_proteins	1947	1139	62.50	12.32	58.50
GCA_000153045.1_ASM15304v1_genomic_prodigal_proteins	3242	GCA_003990665.2_ASM399066v2_genomic_prodigal_proteins	2499	1120	54.37	12.54	44.82
GCA_000153045.1_ASM15304v1_genomic_prodigal_proteins	3242	GCA_003209135.1_ASM320913v1_genomic_prodigal_proteins	1719	872	65.80	13.61	50.73
GCA_000153045.1_ASM15304v1_genomic_prodigal_proteins	3242	GCA_009845105.1_ASM984510v1_genomic_prodigal_proteins	1941	947	61.93	12.69	48.79
GCA_000153045.1_ASM15304v1_genomic_prodigal_proteins	3242	GCA_002690325.1_ASM269032v1_genomic_prodigal_proteins	2554	1510	65.37	13.63	59.12
GCA_000153045.1_ASM15304v1_genomic_prodigal_proteins	3242	GCA_000161795.2_ASM16179v2_genomic_prodigal_proteins	2407	1599	67.30	13.62	66.43
GCA_000153045.1_ASM15304v1_genomic_prodigal_proteins	3242	GCA_004211895.1_ASM421189v1_genomic_prodigal_proteins	954	666	67.57	13.17	69.81
GCA_000153045.1_ASM15304v1_genomic_prodigal_proteins	3242	GCA_003210735.1_ASM321073v1_genomic_prodigal_proteins	2337	1228	65.50	13.71	52.55
GCA_000153045.1_ASM15304v1_genomic_prodigal_proteins	3242	GCA_003209035.1_ASM320903v1_genomic_prodigal_proteins	1803	908	65.70	14.08	50.36
GCA_000153045.1_ASM15304v1_genomic_prodigal_proteins	3242	GCA_003712085.1_ASM371208v1_genomic_prodigal_proteins	2745	1675	67.06	13.62	61.02
GCA_000153045.1_ASM15304v1_genomic_prodigal_proteins	3242	GCA_003212155.1_ASM321215v1_genomic_prodigal_proteins	262	96	63.66	15.44	36.64
GCA_000153045.1_ASM15304v1_genomic_prodigal_proteins	3242	GCA_001040845.1_ASM104084v1_genomic_prodigal_proteins	2917	1688	66.04	13.77	57.87
GCA_000153045.1_ASM15304v1_genomic_prodigal_proteins	3242	GCA_002018015.1_ASM201801v1_genomic_prodigal_proteins	1578	914	63.24	12.48	57.92
GCA_000153045.1_ASM15304v1_genomic_prodigal_proteins	3242	GCA_003211255.1_ASM321125v1_genomic_prodigal_proteins	1850	930	65.24	13.90	50.27
GCA_000153045.1_ASM15304v1_genomic_prodigal_proteins	3242	GCA_002721235.1_ASM272123v1_genomic_prodigal_proteins	3119	1191	53.88	12.66	38.19
GCA_000153045.1_ASM15304v1_genomic_prodigal_proteins	3242	GCA_009839305.1_ASM983930v1_genomic_prodigal_proteins	1816	908	62.70	12.86	50.00
GCA_000153045.1_ASM15304v1_genomic_prodigal_proteins	3242	GCA_011365345.1_ASM1136534v1_genomic_prodigal_proteins	2655	1670	66.76	13.85	62.90
GCA_000153045.1_ASM15304v1_genomic_prodigal_proteins	3242	GCA_001039265.1_ASM103926v1_genomic_prodigal_proteins	2832	1288	72.08	13.05	45.48
GCA_000153045.1_ASM15304v1_genomic_prodigal_proteins	3242	GCA_001628325.1_ASM162832v1_genomic_prodigal_proteins	2129	1472	67.09	13.41	69.14
GCA_000153045.1_ASM15304v1_genomic_prodigal_proteins	3242	GCA_003209215.1_ASM320921v1_genomic_prodigal_proteins	1679	833	67.24	13.79	49.61
GCA_000153045.1_ASM15304v1_genomic_prodigal_proteins	3242	GCA_002737305.1_ASM273730v1_genomic_prodigal_proteins	1951	1346	72.20	12.50	68.99
GCA_000153045.1_ASM15304v1_genomic_prodigal_proteins	3242	GCA_003210515.1_ASM321051v1_genomic_prodigal_proteins	1673	941	66.47	14.69	56.25
GCA_000153045.1_ASM15304v1_genomic_prodigal_proteins	3242	GCA_011525445.1_ASM1152544v1_genomic_prodigal_proteins	3208	1386	65.20	13.51	43.20
GCA_000153045.1_ASM15304v1_genomic_prodigal_proteins	3242	GCA_902599435.1_AG-916-N22_genomic_prodigal_proteins	793	398	68.11	14.01	50.19
GCA_000153045.1_ASM15304v1_genomic_prodigal_proteins	3242	GCA_003149585.1_ASM314958v1_genomic_prodigal_proteins	2600	1780	70.31	12.92	68.46
GCA_000153045.1_ASM15304v1_genomic_prodigal_proteins	3242	GCA_902560665.1_AG-905-O11_genomic_prodigal_proteins	401	168	68.61	15.85	41.90
GCA_000153045.1_ASM15304v1_genomic_prodigal_proteins	3242	GCA_003331795.1_ASM333179v1_genomic_prodigal_proteins	1948	1333	66.75	13.73	68.43
GCA_000153045.1_ASM15304v1_genomic_prodigal_proteins	3242	GCA_002017955.1_ASM201795v1_genomic_prodigal_proteins	512	262	62.47	12.47	51.17
GCA_000153045.1_ASM15304v1_genomic_prodigal_proteins	3242	GCA_902584485.1_AG-912-O23_genomic_prodigal_proteins	535	227	65.92	14.08	42.43
GCA_000153045.1_ASM15304v1_genomic_prodigal_proteins	3242	GCA_902527915.1_AG-896-G19_genomic_prodigal_proteins	1003	545	67.02	14.32	54.34
GCA_000153045.1_ASM15304v1_genomic_prodigal_proteins	3242	GCA_902635365.1_AG-447-D19_genomic_prodigal_proteins	1690	802	67.14	15.08	47.46
GCA_000153045.1_ASM15304v1_genomic_prodigal_proteins	3242	GCA_900474085.1_UW86_genomic_prodigal_proteins	2403	1613	67.20	13.65	67.12
GCA_000153045.1_ASM15304v1_genomic_prodigal_proteins	3242	GCA_001885215.1_ASM188521v1_genomic_prodigal_proteins	2897	2033	74.79	12.28	70.18
GCA_000153045.1_ASM15304v1_genomic_prodigal_proteins	3242	GCA_902575935.1_AG-426-B22_genomic_prodigal_proteins	254	140	70.85	15.73	55.12
GCA_000153045.1_ASM15304v1_genomic_prodigal_proteins	3242	GCA_900474295.1_UW140_genomic_prodigal_proteins	2925	1689	66.71	13.68	57.74
GCA_000153045.1_ASM15304v1_genomic_prodigal_proteins	3242	GCA_003211565.1_ASM321156v1_genomic_prodigal_proteins	1489	736	66.42	13.97	49.43
GCA_000153045.1_ASM15304v1_genomic_prodigal_proteins	3242	GCA_003526105.1_ASM352610v1_genomic_prodigal_proteins	1581	867	67.86	13.63	54.84
GCA_000153045.1_ASM15304v1_genomic_prodigal_proteins	3242	GCA_002172935.1_ASM217293v1_genomic_prodigal_proteins	1996	1317	65.67	13.62	65.98
GCA_000153045.1_ASM15304v1_genomic_prodigal_proteins	3242	GCA_003210335.1_ASM321033v1_genomic_prodigal_proteins	942	337	63.46	14.87	35.77
GCA_000153045.1_ASM15304v1_genomic_prodigal_proteins	3242	GCA_009846115.1_ASM984611v1_genomic_prodigal_proteins	2048	1078	62.24	12.57	52.64
GCA_000153045.1_ASM15304v1_genomic_prodigal_proteins	3242	GCA_001693295.1_ASM169329v1_genomic_prodigal_proteins	3183	1188	53.97	12.67	37.32
GCA_000153045.1_ASM15304v1_genomic_prodigal_proteins	3242	GCA_900473965.1_UW179A_genomic_prodigal_proteins	3383	1686	66.00	13.88	52.00
GCA_000153045.1_ASM15304v1_genomic_prodigal_proteins	3242	GCA_003213755.1_ASM321375v1_genomic_prodigal_proteins	1050	575	66.10	14.13	54.76
GCA_000153045.1_ASM15304v1_genomic_prodigal_proteins	3242	GCA_003209155.1_ASM320915v1_genomic_prodigal_proteins	2305	1265	66.03	13.65	54.88
GCA_000153045.1_ASM15304v1_genomic_prodigal_proteins	3242	GCA_003211515.1_ASM321151v1_genomic_prodigal_proteins	2451	1107	65.57	14.09	45.17
GCA_000153045.1_ASM15304v1_genomic_prodigal_proteins	3242	GCA_002693285.1_ASM269328v1_genomic_prodigal_proteins	2440	1465	65.90	13.58	60.04
GCA_000153045.1_ASM15304v1_genomic_prodigal_proteins	3242	GCA_003210555.1_ASM321055v1_genomic_prodigal_proteins	1847	939	65.25	13.73	50.84
GCA_000153045.1_ASM15304v1_genomic_prodigal_proteins	3242	GCA_000155595.1_ASM15559v1_genomic_prodigal_proteins	5270	1252	53.12	12.79	38.62
GCA_000153045.1_ASM15304v1_genomic_prodigal_proteins	3242	GCA_001007665.1_ASM100766v1_genomic_prodigal_proteins	2356	1231	61.90	12.45	52.25
GCA_000153045.1_ASM15304v1_genomic_prodigal_proteins	3242	GCA_009919765.1_ASM991976v1_genomic_prodigal_proteins	2524	1105	66.92	13.52	43.78
GCA_000153045.1_ASM15304v1_genomic_prodigal_proteins	3242	GCA_003331225.1_ASM333122v1_genomic_prodigal_proteins	2113	1438	67.01	13.21	68.05
GCA_000153045.1_ASM15304v1_genomic_prodigal_proteins	3242	GCA_900177825.1_IMG-taxon_2708742468_annotated_assembly_genomic_prodigal_proteins	3317	1181	53.90	12.70	36.43
GCA_000153045.1_ASM15304v1_genomic_prodigal_proteins	3242	GCA_000195975.1_ASM19597v1_genomic_prodigal_proteins	2719	1683	67.28	13.68	61.90
GCA_000153045.1_ASM15304v1_genomic_prodigal_proteins	3242	GCA_902618885.1_AG-920-D15_genomic_prodigal_proteins	1178	648	67.76	14.55	55.01
GCA_000153045.1_ASM15304v1_genomic_prodigal_proteins	3242	GCA_003209165.1_ASM320916v1_genomic_prodigal_proteins	2711	1417	66.79	13.87	52.27
GCA_000153045.1_ASM15304v1_genomic_prodigal_proteins	3242	GCA_001007625.1_ASM100762v1_genomic_prodigal_proteins	2478	1084	62.31	12.59	43.74
GCA_000153045.1_ASM15304v1_genomic_prodigal_proteins	3242	GCA_008386235.1_ASM838623v1_genomic_prodigal_proteins	2571	1136	54.14	12.66	44.19
GCA_000153045.1_ASM15304v1_genomic_prodigal_proteins	3242	GCA_001631935.1_ASM163193v1_genomic_prodigal_proteins	3526	1679	65.95	13.90	51.79
GCA_000153045.1_ASM15304v1_genomic_prodigal_proteins	3242	GCA_002151525.1_ASM215152v1_genomic_prodigal_proteins	1628	1172	66.39	14.00	71.99
GCA_000153045.1_ASM15304v1_genomic_prodigal_proteins	3242	GCA_000153065.1_ASM15306v1_genomic_prodigal_proteins	2704	1762	68.27	13.54	65.16
GCA_000153045.1_ASM15304v1_genomic_prodigal_proteins	3242	GCA_009837265.1_ASM983726v1_genomic_prodigal_proteins	2126	1141	62.37	12.48	53.67
GCA_000153045.1_ASM15304v1_genomic_prodigal_proteins	3242	GCA_902533725.1_AG-898-C20_genomic_prodigal_proteins	421	140	67.80	14.36	33.25
GCA_000153045.1_ASM15304v1_genomic_prodigal_proteins	3242	GCA_002171075.2_ASM217107v2_genomic_prodigal_proteins	1919	1239	64.93	12.98	64.56
GCA_000153045.1_ASM15304v1_genomic_prodigal_proteins	3242	GCA_002760395.1_ASM276039v1_genomic_prodigal_proteins	2661	984	53.57	12.03	36.98
GCA_000153045.1_ASM15304v1_genomic_prodigal_proteins	3242	GCA_003209005.1_ASM320900v1_genomic_prodigal_proteins	2548	1386	65.78	13.66	54.40
GCA_000153045.1_ASM15304v1_genomic_prodigal_proteins	3242	GCA_002017915.1_ASM201791v1_genomic_prodigal_proteins	623	327	65.06	13.13	52.49
GCA_000153045.1_ASM15304v1_genomic_prodigal_proteins	3242	GCA_900047545.1_m9_genomic_prodigal_proteins	1575	932	62.22	12.55	59.17
GCA_000153045.1_ASM15304v1_genomic_prodigal_proteins	3242	GCA_001632105.1_ASM163210v1_genomic_prodigal_proteins	3521	1684	65.89	13.83	51.94
GCA_000153045.1_ASM15304v1_genomic_prodigal_proteins	3242	GCA_004212765.1_ASM421276v1_genomic_prodigal_proteins	1162	799	67.59	13.18	68.76
GCA_000153045.1_ASM15304v1_genomic_prodigal_proteins	3242	GCA_002685515.1_ASM268551v1_genomic_prodigal_proteins	1286	865	65.59	13.41	67.26
GCA_000153045.1_ASM15304v1_genomic_prodigal_proteins	3242	GCA_007828135.1_ASM782813v1_genomic_prodigal_proteins	2917	2033	74.81	12.35	69.69
GCA_000153045.1_ASM15304v1_genomic_prodigal_proteins	3242	GCA_011047875.1_ASM1104787v1_genomic_prodigal_proteins	2810	993	53.47	12.17	35.34
GCA_000153045.1_ASM15304v1_genomic_prodigal_proteins	3242	GCA_009840445.1_ASM984044v1_genomic_prodigal_proteins	2167	1244	62.32	12.48	57.41
GCA_000153045.1_ASM15304v1_genomic_prodigal_proteins	3242	GCA_003210995.1_ASM321099v1_genomic_prodigal_proteins	2385	1223	65.82	14.10	51.28
GCA_000153045.1_ASM15304v1_genomic_prodigal_proteins	3242	GCA_902616995.1_AG-919-L20_genomic_prodigal_proteins	654	314	66.73	14.28	48.01
GCA_000153045.1_ASM15304v1_genomic_prodigal_proteins	3242	GCA_009845825.1_ASM984582v1_genomic_prodigal_proteins	2168	1046	62.66	12.46	48.25
GCA_000153045.1_ASM15304v1_genomic_prodigal_proteins	3242	GCA_000515235.1_ASM51523v1_genomic_prodigal_proteins	2873	1676	66.56	13.73	58.34
GCA_000153045.1_ASM15304v1_genomic_prodigal_proteins	3242	GCA_003523965.1_ASM352396v1_genomic_prodigal_proteins	1735	805	63.37	12.65	46.40
GCA_000153045.1_ASM15304v1_genomic_prodigal_proteins	3242	GCA_002684175.1_ASM268417v1_genomic_prodigal_proteins	1819	984	64.60	13.10	54.10
GCA_000153045.1_ASM15304v1_genomic_prodigal_proteins	3242	GCA_011523295.1_ASM1152329v1_genomic_prodigal_proteins	2851	1309	65.13	13.45	45.91
GCA_000153045.1_ASM15304v1_genomic_prodigal_proteins	3242	GCA_003211015.1_ASM321101v1_genomic_prodigal_proteins	2128	1212	65.96	13.60	56.95
GCA_000153045.1_ASM15304v1_genomic_prodigal_proteins	3242	GCA_002006815.1_ASM200681v1_genomic_prodigal_proteins	1973	1462	66.86	13.72	74.10
GCA_003331785.1_ASM333178v1_genomic_prodigal_proteins	2125	GCA_009842265.1_ASM984226v1_genomic_prodigal_proteins	2398	1073	60.90	12.51	50.49
GCA_003331785.1_ASM333178v1_genomic_prodigal_proteins	2125	GCA_902579345.1_AG-911-L15_genomic_prodigal_proteins	248	94	67.18	15.54	37.90
GCA_003331785.1_ASM333178v1_genomic_prodigal_proteins	2125	GCA_000011345.1_ASM1134v1_genomic_prodigal_proteins	2520	944	53.57	12.28	44.42
GCA_003331785.1_ASM333178v1_genomic_prodigal_proteins	2125	GCA_003210705.1_ASM321070v1_genomic_prodigal_proteins	2244	1258	73.44	12.91	59.20
GCA_003331785.1_ASM333178v1_genomic_prodigal_proteins	2125	GCA_000019485.1_ASM1948v1_genomic_prodigal_proteins	3233	969	53.48	12.62	45.60
GCA_003331785.1_ASM333178v1_genomic_prodigal_proteins	2125	GCA_003283055.1_ASM328305v1_genomic_prodigal_proteins	482	63	63.55	14.08	13.07
GCA_003331785.1_ASM333178v1_genomic_prodigal_proteins	2125	GCA_000010065.1_ASM1006v1_genomic_prodigal_proteins	2691	1080	55.34	13.01	50.82
GCA_003331785.1_ASM333178v1_genomic_prodigal_proteins	2125	GCA_000316685.1_ASM31668v1_genomic_prodigal_proteins	3706	958	53.15	12.35	45.08
GCA_003331785.1_ASM333178v1_genomic_prodigal_proteins	2125	GCA_000063525.1_ASM6352v1_genomic_prodigal_proteins	2540	1505	65.51	14.08	70.82
GCA_003331785.1_ASM333178v1_genomic_prodigal_proteins	2125	GCA_003283165.1_ASM328316v1_genomic_prodigal_proteins	217	65	71.72	11.21	29.95
GCA_003331785.1_ASM333178v1_genomic_prodigal_proteins	2125	GCA_902540675.1_AG-359-E22_genomic_prodigal_proteins	584	247	71.39	15.08	42.29
GCA_003331785.1_ASM333178v1_genomic_prodigal_proteins	2125	GCA_011055065.1_ASM1105506v1_genomic_prodigal_proteins	2792	817	52.71	11.89	38.45
GCA_003331785.1_ASM333178v1_genomic_prodigal_proteins	2125	GCA_000013205.1_ASM1320v1_genomic_prodigal_proteins	2750	854	52.89	11.74	40.19
GCA_003331785.1_ASM333178v1_genomic_prodigal_proteins	2125	GCA_003539795.1_ASM353979v1_genomic_prodigal_proteins	2284	1285	69.96	13.03	60.47
GCA_003331785.1_ASM333178v1_genomic_prodigal_proteins	2125	GCA_002171995.1_ASM217199v1_genomic_prodigal_proteins	1978	1000	72.77	13.20	50.56
GCA_003331785.1_ASM333178v1_genomic_prodigal_proteins	2125	GCA_011523835.1_ASM1152383v1_genomic_prodigal_proteins	2468	1488	74.20	12.89	70.02
GCA_003331785.1_ASM333178v1_genomic_prodigal_proteins	2125	GCA_002172175.1_ASM217217v1_genomic_prodigal_proteins	1846	1001	64.02	13.65	54.23
GCA_003331785.1_ASM333178v1_genomic_prodigal_proteins	2125	GCA_003208835.1_ASM320883v1_genomic_prodigal_proteins	2208	1197	70.72	13.69	56.33
GCA_003331785.1_ASM333178v1_genomic_prodigal_proteins	2125	GCA_902589915.1_AG-914-F20_genomic_prodigal_proteins	373	94	71.02	14.16	25.20
GCA_003331785.1_ASM333178v1_genomic_prodigal_proteins	2125	GCA_000485815.1_ASM48581v1_genomic_prodigal_proteins	3083	951	53.33	12.75	44.75
GCA_003331785.1_ASM333178v1_genomic_prodigal_proteins	2125	GCA_008807075.1_ASM880707v1_genomic_prodigal_proteins	2925	1465	66.01	13.40	68.94
GCA_003331785.1_ASM333178v1_genomic_prodigal_proteins	2125	GCA_000179235.2_ASM17923v2_genomic_prodigal_proteins	3071	1521	67.49	13.41	71.58
GCA_003331785.1_ASM333178v1_genomic_prodigal_proteins	2125	GCA_003210795.1_ASM321079v1_genomic_prodigal_proteins	2239	1221	69.83	13.68	57.46
GCA_003331785.1_ASM333178v1_genomic_prodigal_proteins	2125	GCA_002706715.1_ASM270671v1_genomic_prodigal_proteins	1148	843	70.39	13.47	73.43
GCA_003331785.1_ASM333178v1_genomic_prodigal_proteins	2125	GCA_003331245.1_ASM333124v1_genomic_prodigal_proteins	2021	1417	70.81	13.07	70.11
GCA_003331785.1_ASM333178v1_genomic_prodigal_proteins	2125	GCA_009843385.1_ASM984338v1_genomic_prodigal_proteins	2085	902	61.10	12.76	43.26
GCA_003331785.1_ASM333178v1_genomic_prodigal_proteins	2125	GCA_003211205.1_ASM321120v1_genomic_prodigal_proteins	2288	1338	73.73	12.70	62.96
GCA_003331785.1_ASM333178v1_genomic_prodigal_proteins	2125	GCA_000063505.1_ASM6350v1_genomic_prodigal_proteins	2558	1699	74.61	12.76	79.95
GCA_003331785.1_ASM333178v1_genomic_prodigal_proteins	2125	GCA_900474245.1_UW179B_genomic_prodigal_proteins	2743	1909	91.22	7.88	89.84
GCA_003331785.1_ASM333178v1_genomic_prodigal_proteins	2125	GCA_003210345.1_ASM321034v1_genomic_prodigal_proteins	1256	704	69.15	13.61	56.05
GCA_003331785.1_ASM333178v1_genomic_prodigal_proteins	2125	GCA_003210315.1_ASM321031v1_genomic_prodigal_proteins	1815	1198	91.44	8.13	66.01
GCA_003331785.1_ASM333178v1_genomic_prodigal_proteins	2125	GCA_009836155.1_ASM983615v1_genomic_prodigal_proteins	1947	1019	61.22	12.52	52.34
GCA_003331785.1_ASM333178v1_genomic_prodigal_proteins	2125	GCA_003990665.2_ASM399066v2_genomic_prodigal_proteins	2499	948	53.54	12.26	44.61
GCA_003331785.1_ASM333178v1_genomic_prodigal_proteins	2125	GCA_003209135.1_ASM320913v1_genomic_prodigal_proteins	1719	863	69.35	13.61	50.20
GCA_003331785.1_ASM333178v1_genomic_prodigal_proteins	2125	GCA_009845105.1_ASM984510v1_genomic_prodigal_proteins	1941	864	60.45	12.71	44.51
GCA_003331785.1_ASM333178v1_genomic_prodigal_proteins	2125	GCA_002690325.1_ASM269032v1_genomic_prodigal_proteins	2554	1533	69.70	13.66	72.14
GCA_003331785.1_ASM333178v1_genomic_prodigal_proteins	2125	GCA_000161795.2_ASM16179v2_genomic_prodigal_proteins	2407	1616	70.92	13.45	76.05
GCA_003331785.1_ASM333178v1_genomic_prodigal_proteins	2125	GCA_004211895.1_ASM421189v1_genomic_prodigal_proteins	954	680	71.25	13.03	71.28
GCA_003331785.1_ASM333178v1_genomic_prodigal_proteins	2125	GCA_003210735.1_ASM321073v1_genomic_prodigal_proteins	2337	1224	69.31	13.69	57.60
GCA_003331785.1_ASM333178v1_genomic_prodigal_proteins	2125	GCA_003209035.1_ASM320903v1_genomic_prodigal_proteins	1803	897	69.32	13.76	49.75
GCA_003331785.1_ASM333178v1_genomic_prodigal_proteins	2125	GCA_003712085.1_ASM371208v1_genomic_prodigal_proteins	2745	1634	71.12	13.31	76.89
GCA_003331785.1_ASM333178v1_genomic_prodigal_proteins	2125	GCA_003212155.1_ASM321215v1_genomic_prodigal_proteins	262	85	61.47	16.95	32.44
GCA_003331785.1_ASM333178v1_genomic_prodigal_proteins	2125	GCA_001040845.1_ASM104084v1_genomic_prodigal_proteins	2917	1920	91.13	7.57	90.35
GCA_003331785.1_ASM333178v1_genomic_prodigal_proteins	2125	GCA_002018015.1_ASM201801v1_genomic_prodigal_proteins	1578	820	61.66	12.86	51.96
GCA_003331785.1_ASM333178v1_genomic_prodigal_proteins	2125	GCA_003211255.1_ASM321125v1_genomic_prodigal_proteins	1850	936	69.28	13.56	50.59
GCA_003331785.1_ASM333178v1_genomic_prodigal_proteins	2125	GCA_002721235.1_ASM272123v1_genomic_prodigal_proteins	3119	975	53.39	12.66	45.88
GCA_003331785.1_ASM333178v1_genomic_prodigal_proteins	2125	GCA_009839305.1_ASM983930v1_genomic_prodigal_proteins	1816	813	61.03	13.31	44.77
GCA_003331785.1_ASM333178v1_genomic_prodigal_proteins	2125	GCA_011365345.1_ASM1136534v1_genomic_prodigal_proteins	2655	1679	70.52	13.76	79.01
GCA_003331785.1_ASM333178v1_genomic_prodigal_proteins	2125	GCA_001039265.1_ASM103926v1_genomic_prodigal_proteins	2832	1002	68.34	13.50	47.15
GCA_003331785.1_ASM333178v1_genomic_prodigal_proteins	2125	GCA_001628325.1_ASM162832v1_genomic_prodigal_proteins	2129	1514	71.15	13.40	71.25
GCA_003331785.1_ASM333178v1_genomic_prodigal_proteins	2125	GCA_003209215.1_ASM320921v1_genomic_prodigal_proteins	1679	837	70.46	13.86	49.85
GCA_003331785.1_ASM333178v1_genomic_prodigal_proteins	2125	GCA_002737305.1_ASM273730v1_genomic_prodigal_proteins	1951	1152	67.11	13.72	59.05
GCA_003331785.1_ASM333178v1_genomic_prodigal_proteins	2125	GCA_003210515.1_ASM321051v1_genomic_prodigal_proteins	1673	972	69.51	13.82	58.10
GCA_003331785.1_ASM333178v1_genomic_prodigal_proteins	2125	GCA_011525445.1_ASM1152544v1_genomic_prodigal_proteins	3208	1468	82.78	10.61	69.08
GCA_003331785.1_ASM333178v1_genomic_prodigal_proteins	2125	GCA_902599435.1_AG-916-N22_genomic_prodigal_proteins	793	412	71.50	13.87	51.95
GCA_003331785.1_ASM333178v1_genomic_prodigal_proteins	2125	GCA_003149585.1_ASM314958v1_genomic_prodigal_proteins	2600	1515	66.96	13.62	71.29
GCA_003331785.1_ASM333178v1_genomic_prodigal_proteins	2125	GCA_902560665.1_AG-905-O11_genomic_prodigal_proteins	401	158	69.48	14.53	39.40
GCA_003331785.1_ASM333178v1_genomic_prodigal_proteins	2125	GCA_003331795.1_ASM333179v1_genomic_prodigal_proteins	1948	1244	65.45	14.25	63.86
GCA_003331785.1_ASM333178v1_genomic_prodigal_proteins	2125	GCA_002017955.1_ASM201795v1_genomic_prodigal_proteins	512	228	61.20	12.52	44.53
GCA_003331785.1_ASM333178v1_genomic_prodigal_proteins	2125	GCA_902584485.1_AG-912-O23_genomic_prodigal_proteins	535	199	68.87	14.70	37.20
GCA_003331785.1_ASM333178v1_genomic_prodigal_proteins	2125	GCA_902527915.1_AG-896-G19_genomic_prodigal_proteins	1003	521	70.26	13.49	51.94
GCA_003331785.1_ASM333178v1_genomic_prodigal_proteins	2125	GCA_902635365.1_AG-447-D19_genomic_prodigal_proteins	1690	834	70.68	13.76	49.35
GCA_003331785.1_ASM333178v1_genomic_prodigal_proteins	2125	GCA_900474085.1_UW86_genomic_prodigal_proteins	2403	1630	70.96	13.53	76.71
GCA_003331785.1_ASM333178v1_genomic_prodigal_proteins	2125	GCA_001885215.1_ASM188521v1_genomic_prodigal_proteins	2897	1465	66.13	13.23	68.94
GCA_003331785.1_ASM333178v1_genomic_prodigal_proteins	2125	GCA_902575935.1_AG-426-B22_genomic_prodigal_proteins	254	153	72.94	13.93	60.24
GCA_003331785.1_ASM333178v1_genomic_prodigal_proteins	2125	GCA_900474295.1_UW140_genomic_prodigal_proteins	2925	1734	73.12	13.05	81.60
GCA_003331785.1_ASM333178v1_genomic_prodigal_proteins	2125	GCA_003211565.1_ASM321156v1_genomic_prodigal_proteins	1489	769	69.68	13.89	51.65
GCA_003331785.1_ASM333178v1_genomic_prodigal_proteins	2125	GCA_003526105.1_ASM352610v1_genomic_prodigal_proteins	1581	908	71.70	13.48	57.43
GCA_003331785.1_ASM333178v1_genomic_prodigal_proteins	2125	GCA_002172935.1_ASM217293v1_genomic_prodigal_proteins	1996	1358	73.84	12.74	68.04
GCA_003331785.1_ASM333178v1_genomic_prodigal_proteins	2125	GCA_003210335.1_ASM321033v1_genomic_prodigal_proteins	942	326	71.15	13.20	34.61
GCA_003331785.1_ASM333178v1_genomic_prodigal_proteins	2125	GCA_009846115.1_ASM984611v1_genomic_prodigal_proteins	2048	960	60.64	12.81	46.88
GCA_003331785.1_ASM333178v1_genomic_prodigal_proteins	2125	GCA_001693295.1_ASM169329v1_genomic_prodigal_proteins	3183	968	53.43	12.64	45.55
GCA_003331785.1_ASM333178v1_genomic_prodigal_proteins	2125	GCA_900473965.1_UW179A_genomic_prodigal_proteins	3383	1745	73.85	12.70	82.12
GCA_003331785.1_ASM333178v1_genomic_prodigal_proteins	2125	GCA_003213755.1_ASM321375v1_genomic_prodigal_proteins	1050	505	64.26	14.40	48.10
GCA_003331785.1_ASM333178v1_genomic_prodigal_proteins	2125	GCA_003209155.1_ASM320915v1_genomic_prodigal_proteins	2305	1368	73.70	12.78	64.38
GCA_003331785.1_ASM333178v1_genomic_prodigal_proteins	2125	GCA_003211515.1_ASM321151v1_genomic_prodigal_proteins	2451	1107	69.42	13.73	52.09
GCA_003331785.1_ASM333178v1_genomic_prodigal_proteins	2125	GCA_002693285.1_ASM269328v1_genomic_prodigal_proteins	2440	1570	73.91	12.72	73.88
GCA_003331785.1_ASM333178v1_genomic_prodigal_proteins	2125	GCA_003210555.1_ASM321055v1_genomic_prodigal_proteins	1847	1110	91.05	9.15	60.10
GCA_003331785.1_ASM333178v1_genomic_prodigal_proteins	2125	GCA_000155595.1_ASM15559v1_genomic_prodigal_proteins	5270	1015	52.73	12.64	47.76
GCA_003331785.1_ASM333178v1_genomic_prodigal_proteins	2125	GCA_001007665.1_ASM100766v1_genomic_prodigal_proteins	2356	1108	60.68	12.69	52.14
GCA_003331785.1_ASM333178v1_genomic_prodigal_proteins	2125	GCA_009919765.1_ASM991976v1_genomic_prodigal_proteins	2524	1033	65.30	13.92	48.61
GCA_003331785.1_ASM333178v1_genomic_prodigal_proteins	2125	GCA_003331225.1_ASM333122v1_genomic_prodigal_proteins	2113	1357	65.29	13.94	64.22
GCA_003331785.1_ASM333178v1_genomic_prodigal_proteins	2125	GCA_900177825.1_IMG-taxon_2708742468_annotated_assembly_genomic_prodigal_proteins	3317	955	53.54	12.62	44.94
GCA_003331785.1_ASM333178v1_genomic_prodigal_proteins	2125	GCA_000195975.1_ASM19597v1_genomic_prodigal_proteins	2719	1630	71.15	13.26	76.71
GCA_003331785.1_ASM333178v1_genomic_prodigal_proteins	2125	GCA_902618885.1_AG-920-D15_genomic_prodigal_proteins	1178	635	71.93	14.13	53.90
GCA_003331785.1_ASM333178v1_genomic_prodigal_proteins	2125	GCA_003209165.1_ASM320916v1_genomic_prodigal_proteins	2711	1386	70.40	13.55	65.22
GCA_003331785.1_ASM333178v1_genomic_prodigal_proteins	2125	GCA_001007625.1_ASM100762v1_genomic_prodigal_proteins	2478	965	61.00	12.80	45.41
GCA_003331785.1_ASM333178v1_genomic_prodigal_proteins	2125	GCA_008386235.1_ASM838623v1_genomic_prodigal_proteins	2571	938	53.53	12.30	44.14
GCA_003331785.1_ASM333178v1_genomic_prodigal_proteins	2125	GCA_001631935.1_ASM163193v1_genomic_prodigal_proteins	3526	1738	73.92	12.69	81.79
GCA_003331785.1_ASM333178v1_genomic_prodigal_proteins	2125	GCA_002151525.1_ASM215152v1_genomic_prodigal_proteins	1628	1028	63.78	13.89	63.14
GCA_003331785.1_ASM333178v1_genomic_prodigal_proteins	2125	GCA_000153065.1_ASM15306v1_genomic_prodigal_proteins	2704	1610	74.46	12.48	75.76
GCA_003331785.1_ASM333178v1_genomic_prodigal_proteins	2125	GCA_009837265.1_ASM983726v1_genomic_prodigal_proteins	2126	1026	60.68	12.79	48.28
GCA_003331785.1_ASM333178v1_genomic_prodigal_proteins	2125	GCA_902533725.1_AG-898-C20_genomic_prodigal_proteins	421	148	67.90	14.94	35.15
GCA_003331785.1_ASM333178v1_genomic_prodigal_proteins	2125	GCA_002171075.2_ASM217107v2_genomic_prodigal_proteins	1919	1114	63.81	13.59	58.05
GCA_003331785.1_ASM333178v1_genomic_prodigal_proteins	2125	GCA_002760395.1_ASM276039v1_genomic_prodigal_proteins	2661	834	52.84	11.74	39.25
GCA_003331785.1_ASM333178v1_genomic_prodigal_proteins	2125	GCA_003209005.1_ASM320900v1_genomic_prodigal_proteins	2548	1453	74.02	12.42	68.38
GCA_003331785.1_ASM333178v1_genomic_prodigal_proteins	2125	GCA_002017915.1_ASM201791v1_genomic_prodigal_proteins	623	292	63.56	13.47	46.87
GCA_003331785.1_ASM333178v1_genomic_prodigal_proteins	2125	GCA_900047545.1_m9_genomic_prodigal_proteins	1575	843	60.69	12.74	53.52
GCA_003331785.1_ASM333178v1_genomic_prodigal_proteins	2125	GCA_001632105.1_ASM163210v1_genomic_prodigal_proteins	3521	1743	73.98	12.62	82.02
GCA_003331785.1_ASM333178v1_genomic_prodigal_proteins	2125	GCA_004212765.1_ASM421276v1_genomic_prodigal_proteins	1162	824	70.58	13.33	70.91
GCA_003331785.1_ASM333178v1_genomic_prodigal_proteins	2125	GCA_002685515.1_ASM268551v1_genomic_prodigal_proteins	1286	909	73.44	12.44	70.68
GCA_003331785.1_ASM333178v1_genomic_prodigal_proteins	2125	GCA_007828135.1_ASM782813v1_genomic_prodigal_proteins	2917	1465	66.12	13.23	68.94
GCA_003331785.1_ASM333178v1_genomic_prodigal_proteins	2125	GCA_011047875.1_ASM1104787v1_genomic_prodigal_proteins	2810	843	52.77	11.96	39.67
GCA_003331785.1_ASM333178v1_genomic_prodigal_proteins	2125	GCA_009840445.1_ASM984044v1_genomic_prodigal_proteins	2167	1120	60.69	12.78	52.71
GCA_003331785.1_ASM333178v1_genomic_prodigal_proteins	2125	GCA_003210995.1_ASM321099v1_genomic_prodigal_proteins	2385	1278	73.71	12.94	60.14
GCA_003331785.1_ASM333178v1_genomic_prodigal_proteins	2125	GCA_902616995.1_AG-919-L20_genomic_prodigal_proteins	654	308	69.93	13.72	47.09
GCA_003331785.1_ASM333178v1_genomic_prodigal_proteins	2125	GCA_009845825.1_ASM984582v1_genomic_prodigal_proteins	2168	936	61.21	12.49	44.05
GCA_003331785.1_ASM333178v1_genomic_prodigal_proteins	2125	GCA_000515235.1_ASM51523v1_genomic_prodigal_proteins	2873	1634	70.50	13.36	76.89
GCA_003331785.1_ASM333178v1_genomic_prodigal_proteins	2125	GCA_003523965.1_ASM352396v1_genomic_prodigal_proteins	1735	727	62.25	12.88	41.90
GCA_003331785.1_ASM333178v1_genomic_prodigal_proteins	2125	GCA_002684175.1_ASM268417v1_genomic_prodigal_proteins	1819	1027	68.40	13.05	56.46
GCA_003331785.1_ASM333178v1_genomic_prodigal_proteins	2125	GCA_011523295.1_ASM1152329v1_genomic_prodigal_proteins	2851	1292	69.11	13.52	60.80
GCA_003331785.1_ASM333178v1_genomic_prodigal_proteins	2125	GCA_003211015.1_ASM321101v1_genomic_prodigal_proteins	2128	1245	74.09	12.47	58.59
GCA_003331785.1_ASM333178v1_genomic_prodigal_proteins	2125	GCA_002006815.1_ASM200681v1_genomic_prodigal_proteins	1973	1260	64.11	13.76	63.86
GCA_000737595.1_ASM73759v1_genomic_prodigal_proteins	2774	GCA_003331785.1_ASM333178v1_genomic_prodigal_proteins	2125	1650	70.55	13.54	77.65
GCA_000737595.1_ASM73759v1_genomic_prodigal_proteins	2774	GCA_009842265.1_ASM984226v1_genomic_prodigal_proteins	2398	1168	61.08	12.65	48.71
GCA_000737595.1_ASM73759v1_genomic_prodigal_proteins	2774	GCA_902579345.1_AG-911-L15_genomic_prodigal_proteins	248	121	73.36	17.09	48.79
GCA_000737595.1_ASM73759v1_genomic_prodigal_proteins	2774	GCA_000011345.1_ASM1134v1_genomic_prodigal_proteins	2520	1028	53.85	12.53	40.79
GCA_000737595.1_ASM73759v1_genomic_prodigal_proteins	2774	GCA_003210705.1_ASM321070v1_genomic_prodigal_proteins	2244	1377	70.15	14.21	61.36
GCA_000737595.1_ASM73759v1_genomic_prodigal_proteins	2774	GCA_000019485.1_ASM1948v1_genomic_prodigal_proteins	3233	1081	53.35	12.93	38.97
GCA_000737595.1_ASM73759v1_genomic_prodigal_proteins	2774	GCA_003283055.1_ASM328305v1_genomic_prodigal_proteins	482	86	70.51	15.59	17.84
GCA_000737595.1_ASM73759v1_genomic_prodigal_proteins	2774	GCA_000010065.1_ASM1006v1_genomic_prodigal_proteins	2691	1215	55.69	13.17	45.15
GCA_000737595.1_ASM73759v1_genomic_prodigal_proteins	2774	GCA_000316685.1_ASM31668v1_genomic_prodigal_proteins	3706	1057	53.37	12.66	38.10
GCA_000737595.1_ASM73759v1_genomic_prodigal_proteins	2774	GCA_000063525.1_ASM6352v1_genomic_prodigal_proteins	2540	1679	65.94	14.34	66.10
GCA_000737595.1_ASM73759v1_genomic_prodigal_proteins	2774	GCA_003283165.1_ASM328316v1_genomic_prodigal_proteins	217	80	77.60	12.64	36.87
GCA_000737595.1_ASM73759v1_genomic_prodigal_proteins	2774	GCA_902540675.1_AG-359-E22_genomic_prodigal_proteins	584	328	77.80	14.78	56.16
GCA_000737595.1_ASM73759v1_genomic_prodigal_proteins	2774	GCA_011055065.1_ASM1105506v1_genomic_prodigal_proteins	2792	887	53.18	12.04	31.98
GCA_000737595.1_ASM73759v1_genomic_prodigal_proteins	2774	GCA_000013205.1_ASM1320v1_genomic_prodigal_proteins	2750	935	53.17	11.90	34.00
GCA_000737595.1_ASM73759v1_genomic_prodigal_proteins	2774	GCA_003539795.1_ASM353979v1_genomic_prodigal_proteins	2284	1497	75.73	12.69	65.54
GCA_000737595.1_ASM73759v1_genomic_prodigal_proteins	2774	GCA_002171995.1_ASM217199v1_genomic_prodigal_proteins	1978	1049	70.34	13.71	53.03
GCA_000737595.1_ASM73759v1_genomic_prodigal_proteins	2774	GCA_011523835.1_ASM1152383v1_genomic_prodigal_proteins	2468	1609	71.32	14.15	65.19
GCA_000737595.1_ASM73759v1_genomic_prodigal_proteins	2774	GCA_002172175.1_ASM217217v1_genomic_prodigal_proteins	1846	1084	64.76	13.98	58.72
GCA_000737595.1_ASM73759v1_genomic_prodigal_proteins	2774	GCA_003208835.1_ASM320883v1_genomic_prodigal_proteins	2208	1397	76.78	12.91	63.27
GCA_000737595.1_ASM73759v1_genomic_prodigal_proteins	2774	GCA_902589915.1_AG-914-F20_genomic_prodigal_proteins	373	158	79.33	14.39	42.36
GCA_000737595.1_ASM73759v1_genomic_prodigal_proteins	2774	GCA_000485815.1_ASM48581v1_genomic_prodigal_proteins	3083	1042	53.41	12.80	37.56
GCA_000737595.1_ASM73759v1_genomic_prodigal_proteins	2774	GCA_008807075.1_ASM880707v1_genomic_prodigal_proteins	2925	1658	66.14	13.70	59.77
GCA_000737595.1_ASM73759v1_genomic_prodigal_proteins	2774	GCA_000179235.2_ASM17923v2_genomic_prodigal_proteins	3071	1715	67.38	13.90	61.82
GCA_000737595.1_ASM73759v1_genomic_prodigal_proteins	2774	GCA_003210795.1_ASM321079v1_genomic_prodigal_proteins	2239	1450	76.38	13.78	64.76
GCA_000737595.1_ASM73759v1_genomic_prodigal_proteins	2774	GCA_002706715.1_ASM270671v1_genomic_prodigal_proteins	1148	911	77.17	13.03	79.36
GCA_000737595.1_ASM73759v1_genomic_prodigal_proteins	2774	GCA_003331245.1_ASM333124v1_genomic_prodigal_proteins	2021	1604	76.74	12.62	79.37
GCA_000737595.1_ASM73759v1_genomic_prodigal_proteins	2774	GCA_009843385.1_ASM984338v1_genomic_prodigal_proteins	2085	986	61.43	12.80	47.29
GCA_000737595.1_ASM73759v1_genomic_prodigal_proteins	2774	GCA_003211205.1_ASM321120v1_genomic_prodigal_proteins	2288	1434	70.51	14.04	62.67
GCA_000737595.1_ASM73759v1_genomic_prodigal_proteins	2774	GCA_000063505.1_ASM6350v1_genomic_prodigal_proteins	2558	1855	71.31	14.20	72.52
GCA_000737595.1_ASM73759v1_genomic_prodigal_proteins	2774	GCA_900474245.1_UW179B_genomic_prodigal_proteins	2743	1844	70.34	13.77	67.23
GCA_000737595.1_ASM73759v1_genomic_prodigal_proteins	2774	GCA_003210345.1_ASM321034v1_genomic_prodigal_proteins	1256	818	76.22	12.49	65.13
GCA_000737595.1_ASM73759v1_genomic_prodigal_proteins	2774	GCA_003210315.1_ASM321031v1_genomic_prodigal_proteins	1815	1114	69.39	13.96	61.38
GCA_000737595.1_ASM73759v1_genomic_prodigal_proteins	2774	GCA_009836155.1_ASM983615v1_genomic_prodigal_proteins	1947	1112	61.26	12.70	57.11
GCA_000737595.1_ASM73759v1_genomic_prodigal_proteins	2774	GCA_003990665.2_ASM399066v2_genomic_prodigal_proteins	2499	1031	53.84	12.53	41.26
GCA_000737595.1_ASM73759v1_genomic_prodigal_proteins	2774	GCA_003209135.1_ASM320913v1_genomic_prodigal_proteins	1719	1073	74.54	13.76	62.42
GCA_000737595.1_ASM73759v1_genomic_prodigal_proteins	2774	GCA_009845105.1_ASM984510v1_genomic_prodigal_proteins	1941	928	60.81	12.77	47.81
GCA_000737595.1_ASM73759v1_genomic_prodigal_proteins	2774	GCA_002690325.1_ASM269032v1_genomic_prodigal_proteins	2554	1806	74.62	13.32	70.71
GCA_000737595.1_ASM73759v1_genomic_prodigal_proteins	2774	GCA_000161795.2_ASM16179v2_genomic_prodigal_proteins	2407	1995	90.91	8.41	82.88
GCA_000737595.1_ASM73759v1_genomic_prodigal_proteins	2774	GCA_004211895.1_ASM421189v1_genomic_prodigal_proteins	954	818	92.33	7.03	85.74
GCA_000737595.1_ASM73759v1_genomic_prodigal_proteins	2774	GCA_003210735.1_ASM321073v1_genomic_prodigal_proteins	2337	1503	76.23	13.64	64.31
GCA_000737595.1_ASM73759v1_genomic_prodigal_proteins	2774	GCA_003209035.1_ASM320903v1_genomic_prodigal_proteins	1803	1101	76.07	13.90	61.06
GCA_000737595.1_ASM73759v1_genomic_prodigal_proteins	2774	GCA_003712085.1_ASM371208v1_genomic_prodigal_proteins	2745	1960	78.10	13.12	71.40
GCA_000737595.1_ASM73759v1_genomic_prodigal_proteins	2774	GCA_003212155.1_ASM321215v1_genomic_prodigal_proteins	262	115	65.00	17.19	43.89
GCA_000737595.1_ASM73759v1_genomic_prodigal_proteins	2774	GCA_001040845.1_ASM104084v1_genomic_prodigal_proteins	2917	1912	70.21	13.78	68.93
GCA_000737595.1_ASM73759v1_genomic_prodigal_proteins	2774	GCA_002018015.1_ASM201801v1_genomic_prodigal_proteins	1578	901	61.91	12.90	57.10
GCA_000737595.1_ASM73759v1_genomic_prodigal_proteins	2774	GCA_003211255.1_ASM321125v1_genomic_prodigal_proteins	1850	1106	75.82	13.69	59.78
GCA_000737595.1_ASM73759v1_genomic_prodigal_proteins	2774	GCA_002721235.1_ASM272123v1_genomic_prodigal_proteins	3119	1079	53.40	12.89	38.90
GCA_000737595.1_ASM73759v1_genomic_prodigal_proteins	2774	GCA_009839305.1_ASM983930v1_genomic_prodigal_proteins	1816	883	61.60	13.33	48.62
GCA_000737595.1_ASM73759v1_genomic_prodigal_proteins	2774	GCA_011365345.1_ASM1136534v1_genomic_prodigal_proteins	2655	2155	89.22	8.63	81.17
GCA_000737595.1_ASM73759v1_genomic_prodigal_proteins	2774	GCA_001039265.1_ASM103926v1_genomic_prodigal_proteins	2832	1140	68.13	13.82	41.10
GCA_000737595.1_ASM73759v1_genomic_prodigal_proteins	2774	GCA_001628325.1_ASM162832v1_genomic_prodigal_proteins	2129	1821	91.93	7.91	85.53
GCA_000737595.1_ASM73759v1_genomic_prodigal_proteins	2774	GCA_003209215.1_ASM320921v1_genomic_prodigal_proteins	1679	1055	89.64	9.73	62.84
GCA_000737595.1_ASM73759v1_genomic_prodigal_proteins	2774	GCA_002737305.1_ASM273730v1_genomic_prodigal_proteins	1951	1232	66.94	13.84	63.15
GCA_000737595.1_ASM73759v1_genomic_prodigal_proteins	2774	GCA_003210515.1_ASM321051v1_genomic_prodigal_proteins	1673	1113	76.28	12.71	66.53
GCA_000737595.1_ASM73759v1_genomic_prodigal_proteins	2774	GCA_011525445.1_ASM1152544v1_genomic_prodigal_proteins	3208	1564	69.85	13.75	56.38
GCA_000737595.1_ASM73759v1_genomic_prodigal_proteins	2774	GCA_902599435.1_AG-916-N22_genomic_prodigal_proteins	793	484	79.32	13.48	61.03
GCA_000737595.1_ASM73759v1_genomic_prodigal_proteins	2774	GCA_003149585.1_ASM314958v1_genomic_prodigal_proteins	2600	1724	66.98	13.95	66.31
GCA_000737595.1_ASM73759v1_genomic_prodigal_proteins	2774	GCA_902560665.1_AG-905-O11_genomic_prodigal_proteins	401	224	78.25	14.19	55.86
GCA_000737595.1_ASM73759v1_genomic_prodigal_proteins	2774	GCA_003331795.1_ASM333179v1_genomic_prodigal_proteins	1948	1332	65.86	14.37	68.38
GCA_000737595.1_ASM73759v1_genomic_prodigal_proteins	2774	GCA_002017955.1_ASM201795v1_genomic_prodigal_proteins	512	249	62.12	12.23	48.63
GCA_000737595.1_ASM73759v1_genomic_prodigal_proteins	2774	GCA_902584485.1_AG-912-O23_genomic_prodigal_proteins	535	271	77.94	13.88	50.65
GCA_000737595.1_ASM73759v1_genomic_prodigal_proteins	2774	GCA_902527915.1_AG-896-G19_genomic_prodigal_proteins	1003	647	77.90	13.58	64.51
GCA_000737595.1_ASM73759v1_genomic_prodigal_proteins	2774	GCA_902635365.1_AG-447-D19_genomic_prodigal_proteins	1690	979	76.32	13.50	57.93
GCA_000737595.1_ASM73759v1_genomic_prodigal_proteins	2774	GCA_900474085.1_UW86_genomic_prodigal_proteins	2403	2017	91.21	8.59	83.94
GCA_000737595.1_ASM73759v1_genomic_prodigal_proteins	2774	GCA_001885215.1_ASM188521v1_genomic_prodigal_proteins	2897	1626	65.99	13.46	58.62
GCA_000737595.1_ASM73759v1_genomic_prodigal_proteins	2774	GCA_902575935.1_AG-426-B22_genomic_prodigal_proteins	254	177	90.07	11.26	69.69
GCA_000737595.1_ASM73759v1_genomic_prodigal_proteins	2774	GCA_900474295.1_UW140_genomic_prodigal_proteins	2925	1886	70.97	14.07	67.99
GCA_000737595.1_ASM73759v1_genomic_prodigal_proteins	2774	GCA_003211565.1_ASM321156v1_genomic_prodigal_proteins	1489	961	89.97	9.08	64.54
GCA_000737595.1_ASM73759v1_genomic_prodigal_proteins	2774	GCA_003526105.1_ASM352610v1_genomic_prodigal_proteins	1581	1078	91.84	8.54	68.18
GCA_000737595.1_ASM73759v1_genomic_prodigal_proteins	2774	GCA_002172935.1_ASM217293v1_genomic_prodigal_proteins	1996	1409	70.13	13.73	70.59
GCA_000737595.1_ASM73759v1_genomic_prodigal_proteins	2774	GCA_003210335.1_ASM321033v1_genomic_prodigal_proteins	942	376	67.60	14.38	39.92
GCA_000737595.1_ASM73759v1_genomic_prodigal_proteins	2774	GCA_009846115.1_ASM984611v1_genomic_prodigal_proteins	2048	1055	60.90	12.93	51.51
GCA_000737595.1_ASM73759v1_genomic_prodigal_proteins	2774	GCA_001693295.1_ASM169329v1_genomic_prodigal_proteins	3183	1082	53.33	12.90	39.01
GCA_000737595.1_ASM73759v1_genomic_prodigal_proteins	2774	GCA_900473965.1_UW179A_genomic_prodigal_proteins	3383	1901	70.50	14.17	68.53
GCA_000737595.1_ASM73759v1_genomic_prodigal_proteins	2774	GCA_003213755.1_ASM321375v1_genomic_prodigal_proteins	1050	603	66.12	14.56	57.43
GCA_000737595.1_ASM73759v1_genomic_prodigal_proteins	2774	GCA_003209155.1_ASM320915v1_genomic_prodigal_proteins	2305	1420	70.46	13.95	61.61
GCA_000737595.1_ASM73759v1_genomic_prodigal_proteins	2774	GCA_003211515.1_ASM321151v1_genomic_prodigal_proteins	2451	1303	74.35	14.03	53.16
GCA_000737595.1_ASM73759v1_genomic_prodigal_proteins	2774	GCA_002693285.1_ASM269328v1_genomic_prodigal_proteins	2440	1635	70.89	13.84	67.01
GCA_000737595.1_ASM73759v1_genomic_prodigal_proteins	2774	GCA_003210555.1_ASM321055v1_genomic_prodigal_proteins	1847	1082	69.58	13.63	58.58
GCA_000737595.1_ASM73759v1_genomic_prodigal_proteins	2774	GCA_000155595.1_ASM15559v1_genomic_prodigal_proteins	5270	1134	52.95	12.64	40.88
GCA_000737595.1_ASM73759v1_genomic_prodigal_proteins	2774	GCA_001007665.1_ASM100766v1_genomic_prodigal_proteins	2356	1216	60.56	12.94	51.61
GCA_000737595.1_ASM73759v1_genomic_prodigal_proteins	2774	GCA_009919765.1_ASM991976v1_genomic_prodigal_proteins	2524	1131	66.19	14.55	44.81
GCA_000737595.1_ASM73759v1_genomic_prodigal_proteins	2774	GCA_003331225.1_ASM333122v1_genomic_prodigal_proteins	2113	1455	66.09	14.16	68.86
GCA_000737595.1_ASM73759v1_genomic_prodigal_proteins	2774	GCA_900177825.1_IMG-taxon_2708742468_annotated_assembly_genomic_prodigal_proteins	3317	1067	53.39	12.94	38.46
GCA_000737595.1_ASM73759v1_genomic_prodigal_proteins	2774	GCA_000195975.1_ASM19597v1_genomic_prodigal_proteins	2719	1947	78.27	13.03	71.61
GCA_000737595.1_ASM73759v1_genomic_prodigal_proteins	2774	GCA_902618885.1_AG-920-D15_genomic_prodigal_proteins	1178	781	77.97	14.02	66.30
GCA_000737595.1_ASM73759v1_genomic_prodigal_proteins	2774	GCA_003209165.1_ASM320916v1_genomic_prodigal_proteins	2711	1770	89.18	9.28	65.29
GCA_000737595.1_ASM73759v1_genomic_prodigal_proteins	2774	GCA_001007625.1_ASM100762v1_genomic_prodigal_proteins	2478	1053	61.27	12.85	42.49
GCA_000737595.1_ASM73759v1_genomic_prodigal_proteins	2774	GCA_008386235.1_ASM838623v1_genomic_prodigal_proteins	2571	1029	53.76	12.60	40.02
GCA_000737595.1_ASM73759v1_genomic_prodigal_proteins	2774	GCA_001631935.1_ASM163193v1_genomic_prodigal_proteins	3526	1892	70.52	13.98	68.20
GCA_000737595.1_ASM73759v1_genomic_prodigal_proteins	2774	GCA_002151525.1_ASM215152v1_genomic_prodigal_proteins	1628	1116	64.23	13.86	68.55
GCA_000737595.1_ASM73759v1_genomic_prodigal_proteins	2774	GCA_000153065.1_ASM15306v1_genomic_prodigal_proteins	2704	1785	71.65	13.55	66.01
GCA_000737595.1_ASM73759v1_genomic_prodigal_proteins	2774	GCA_009837265.1_ASM983726v1_genomic_prodigal_proteins	2126	1115	61.03	12.89	52.45
GCA_000737595.1_ASM73759v1_genomic_prodigal_proteins	2774	GCA_902533725.1_AG-898-C20_genomic_prodigal_proteins	421	200	87.59	12.11	47.51
GCA_000737595.1_ASM73759v1_genomic_prodigal_proteins	2774	GCA_002171075.2_ASM217107v2_genomic_prodigal_proteins	1919	1238	64.42	13.74	64.51
GCA_000737595.1_ASM73759v1_genomic_prodigal_proteins	2774	GCA_002760395.1_ASM276039v1_genomic_prodigal_proteins	2661	909	53.20	11.91	34.16
GCA_000737595.1_ASM73759v1_genomic_prodigal_proteins	2774	GCA_003209005.1_ASM320900v1_genomic_prodigal_proteins	2548	1554	70.34	14.03	60.99
GCA_000737595.1_ASM73759v1_genomic_prodigal_proteins	2774	GCA_002017915.1_ASM201791v1_genomic_prodigal_proteins	623	330	63.65	13.51	52.97
GCA_000737595.1_ASM73759v1_genomic_prodigal_proteins	2774	GCA_900047545.1_m9_genomic_prodigal_proteins	1575	920	61.16	12.62	58.41
GCA_000737595.1_ASM73759v1_genomic_prodigal_proteins	2774	GCA_001632105.1_ASM163210v1_genomic_prodigal_proteins	3521	1899	70.46	13.97	68.46
GCA_000737595.1_ASM73759v1_genomic_prodigal_proteins	2774	GCA_004212765.1_ASM421276v1_genomic_prodigal_proteins	1162	903	77.69	12.92	77.71
GCA_000737595.1_ASM73759v1_genomic_prodigal_proteins	2774	GCA_002685515.1_ASM268551v1_genomic_prodigal_proteins	1286	946	69.71	13.74	73.56
GCA_000737595.1_ASM73759v1_genomic_prodigal_proteins	2774	GCA_007828135.1_ASM782813v1_genomic_prodigal_proteins	2917	1627	66.03	13.50	58.65
GCA_000737595.1_ASM73759v1_genomic_prodigal_proteins	2774	GCA_011047875.1_ASM1104787v1_genomic_prodigal_proteins	2810	914	53.22	12.05	32.95
GCA_000737595.1_ASM73759v1_genomic_prodigal_proteins	2774	GCA_009840445.1_ASM984044v1_genomic_prodigal_proteins	2167	1220	61.01	12.95	56.30
GCA_000737595.1_ASM73759v1_genomic_prodigal_proteins	2774	GCA_003210995.1_ASM321099v1_genomic_prodigal_proteins	2385	1395	70.36	14.39	58.49
GCA_000737595.1_ASM73759v1_genomic_prodigal_proteins	2774	GCA_902616995.1_AG-919-L20_genomic_prodigal_proteins	654	402	77.74	13.72	61.47
GCA_000737595.1_ASM73759v1_genomic_prodigal_proteins	2774	GCA_009845825.1_ASM984582v1_genomic_prodigal_proteins	2168	1030	61.33	12.70	47.51
GCA_000737595.1_ASM73759v1_genomic_prodigal_proteins	2774	GCA_000515235.1_ASM51523v1_genomic_prodigal_proteins	2873	1953	75.42	13.32	70.40
GCA_000737595.1_ASM73759v1_genomic_prodigal_proteins	2774	GCA_003523965.1_ASM352396v1_genomic_prodigal_proteins	1735	777	62.54	13.12	44.78
GCA_000737595.1_ASM73759v1_genomic_prodigal_proteins	2774	GCA_002684175.1_ASM268417v1_genomic_prodigal_proteins	1819	1184	75.42	12.13	65.09
GCA_000737595.1_ASM73759v1_genomic_prodigal_proteins	2774	GCA_011523295.1_ASM1152329v1_genomic_prodigal_proteins	2851	1533	75.94	13.39	55.26
GCA_000737595.1_ASM73759v1_genomic_prodigal_proteins	2774	GCA_003211015.1_ASM321101v1_genomic_prodigal_proteins	2128	1358	70.33	13.95	63.82
GCA_000737595.1_ASM73759v1_genomic_prodigal_proteins	2774	GCA_002006815.1_ASM200681v1_genomic_prodigal_proteins	1973	1394	64.25	13.89	70.65
GCA_003283055.1_ASM328305v1_genomic_prodigal_proteins	482	GCA_000010065.1_ASM1006v1_genomic_prodigal_proteins	2691	41	52.50	15.21	8.51
GCA_003283055.1_ASM328305v1_genomic_prodigal_proteins	482	GCA_000316685.1_ASM31668v1_genomic_prodigal_proteins	3706	42	51.16	13.18	8.71
GCA_003283055.1_ASM328305v1_genomic_prodigal_proteins	482	GCA_000063525.1_ASM6352v1_genomic_prodigal_proteins	2540	73	61.77	15.76	15.15
GCA_003283055.1_ASM328305v1_genomic_prodigal_proteins	482	GCA_003283165.1_ASM328316v1_genomic_prodigal_proteins	217	8	57.92	18.28	3.69
GCA_003283055.1_ASM328305v1_genomic_prodigal_proteins	482	GCA_902540675.1_AG-359-E22_genomic_prodigal_proteins	584	37	65.32	15.25	7.68
GCA_003283055.1_ASM328305v1_genomic_prodigal_proteins	482	GCA_011055065.1_ASM1105506v1_genomic_prodigal_proteins	2792	31	50.15	13.57	6.43
GCA_003283055.1_ASM328305v1_genomic_prodigal_proteins	482	GCA_000013205.1_ASM1320v1_genomic_prodigal_proteins	2750	33	50.14	13.29	6.85
GCA_003283055.1_ASM328305v1_genomic_prodigal_proteins	482	GCA_003539795.1_ASM353979v1_genomic_prodigal_proteins	2284	57	65.39	15.07	11.83
GCA_003283055.1_ASM328305v1_genomic_prodigal_proteins	482	GCA_002171995.1_ASM217199v1_genomic_prodigal_proteins	1978	41	61.09	13.84	8.51
GCA_003283055.1_ASM328305v1_genomic_prodigal_proteins	482	GCA_011523835.1_ASM1152383v1_genomic_prodigal_proteins	2468	74	63.66	16.05	15.35
GCA_003283055.1_ASM328305v1_genomic_prodigal_proteins	482	GCA_002172175.1_ASM217217v1_genomic_prodigal_proteins	1846	33	57.00	11.89	6.85
GCA_003283055.1_ASM328305v1_genomic_prodigal_proteins	482	GCA_003208835.1_ASM320883v1_genomic_prodigal_proteins	2208	72	71.00	15.36	14.94
GCA_003283055.1_ASM328305v1_genomic_prodigal_proteins	482	GCA_902589915.1_AG-914-F20_genomic_prodigal_proteins	373	23	73.13	15.62	6.17
GCA_003283055.1_ASM328305v1_genomic_prodigal_proteins	482	GCA_000485815.1_ASM48581v1_genomic_prodigal_proteins	3083	37	49.64	14.96	7.68
GCA_003283055.1_ASM328305v1_genomic_prodigal_proteins	482	GCA_008807075.1_ASM880707v1_genomic_prodigal_proteins	2925	66	62.33	16.89	13.69
GCA_003283055.1_ASM328305v1_genomic_prodigal_proteins	482	GCA_000179235.2_ASM17923v2_genomic_prodigal_proteins	3071	74	59.52	16.34	15.35
GCA_003283055.1_ASM328305v1_genomic_prodigal_proteins	482	GCA_003210795.1_ASM321079v1_genomic_prodigal_proteins	2239	80	71.22	15.16	16.60
GCA_003283055.1_ASM328305v1_genomic_prodigal_proteins	482	GCA_002706715.1_ASM270671v1_genomic_prodigal_proteins	1148	34	74.06	16.74	7.05
GCA_003283055.1_ASM328305v1_genomic_prodigal_proteins	482	GCA_003331245.1_ASM333124v1_genomic_prodigal_proteins	2021	54	64.05	15.12	11.20
GCA_003283055.1_ASM328305v1_genomic_prodigal_proteins	482	GCA_009843385.1_ASM984338v1_genomic_prodigal_proteins	2085	32	60.26	16.49	6.64
GCA_003283055.1_ASM328305v1_genomic_prodigal_proteins	482	GCA_003211205.1_ASM321120v1_genomic_prodigal_proteins	2288	77	66.37	16.27	15.98
GCA_003283055.1_ASM328305v1_genomic_prodigal_proteins	482	GCA_000063505.1_ASM6350v1_genomic_prodigal_proteins	2558	85	65.14	16.66	17.63
GCA_003283055.1_ASM328305v1_genomic_prodigal_proteins	482	GCA_900474245.1_UW179B_genomic_prodigal_proteins	2743	89	63.89	15.69	18.46
GCA_003283055.1_ASM328305v1_genomic_prodigal_proteins	482	GCA_003210345.1_ASM321034v1_genomic_prodigal_proteins	1256	58	72.43	14.87	12.03
GCA_003283055.1_ASM328305v1_genomic_prodigal_proteins	482	GCA_003210315.1_ASM321031v1_genomic_prodigal_proteins	1815	58	64.89	15.72	12.03
GCA_003283055.1_ASM328305v1_genomic_prodigal_proteins	482	GCA_009836155.1_ASM983615v1_genomic_prodigal_proteins	1947	40	60.46	15.20	8.30
GCA_003283055.1_ASM328305v1_genomic_prodigal_proteins	482	GCA_003990665.2_ASM399066v2_genomic_prodigal_proteins	2499	34	52.09	13.99	7.05
GCA_003283055.1_ASM328305v1_genomic_prodigal_proteins	482	GCA_003209135.1_ASM320913v1_genomic_prodigal_proteins	1719	65	68.49	14.66	13.49
GCA_003283055.1_ASM328305v1_genomic_prodigal_proteins	482	GCA_009845105.1_ASM984510v1_genomic_prodigal_proteins	1941	33	59.36	16.37	6.85
GCA_003283055.1_ASM328305v1_genomic_prodigal_proteins	482	GCA_002690325.1_ASM269032v1_genomic_prodigal_proteins	2554	90	66.67	16.12	18.67
GCA_003283055.1_ASM328305v1_genomic_prodigal_proteins	482	GCA_000161795.2_ASM16179v2_genomic_prodigal_proteins	2407	81	72.12	16.01	16.80
GCA_003283055.1_ASM328305v1_genomic_prodigal_proteins	482	GCA_004211895.1_ASM421189v1_genomic_prodigal_proteins	954	20	66.28	15.58	4.15
GCA_003283055.1_ASM328305v1_genomic_prodigal_proteins	482	GCA_003210735.1_ASM321073v1_genomic_prodigal_proteins	2337	86	69.84	14.51	17.84
GCA_003283055.1_ASM328305v1_genomic_prodigal_proteins	482	GCA_003209035.1_ASM320903v1_genomic_prodigal_proteins	1803	87	71.57	14.63	18.05
GCA_003283055.1_ASM328305v1_genomic_prodigal_proteins	482	GCA_003712085.1_ASM371208v1_genomic_prodigal_proteins	2745	95	70.68	15.06	19.71
GCA_003283055.1_ASM328305v1_genomic_prodigal_proteins	482	GCA_003212155.1_ASM321215v1_genomic_prodigal_proteins	262	15	64.63	22.96	5.73
GCA_003283055.1_ASM328305v1_genomic_prodigal_proteins	482	GCA_001040845.1_ASM104084v1_genomic_prodigal_proteins	2917	108	64.33	14.90	22.41
GCA_003283055.1_ASM328305v1_genomic_prodigal_proteins	482	GCA_002018015.1_ASM201801v1_genomic_prodigal_proteins	1578	18	59.75	16.24	3.73
GCA_003283055.1_ASM328305v1_genomic_prodigal_proteins	482	GCA_003211255.1_ASM321125v1_genomic_prodigal_proteins	1850	75	69.51	14.19	15.56
GCA_003283055.1_ASM328305v1_genomic_prodigal_proteins	482	GCA_002721235.1_ASM272123v1_genomic_prodigal_proteins	3119	33	51.05	15.06	6.85
GCA_003283055.1_ASM328305v1_genomic_prodigal_proteins	482	GCA_009839305.1_ASM983930v1_genomic_prodigal_proteins	1816	36	61.39	15.17	7.47
GCA_003283055.1_ASM328305v1_genomic_prodigal_proteins	482	GCA_011365345.1_ASM1136534v1_genomic_prodigal_proteins	2655	95	71.46	16.11	19.71
GCA_003283055.1_ASM328305v1_genomic_prodigal_proteins	482	GCA_001039265.1_ASM103926v1_genomic_prodigal_proteins	2832	53	62.67	17.22	11.00
GCA_003283055.1_ASM328305v1_genomic_prodigal_proteins	482	GCA_001628325.1_ASM162832v1_genomic_prodigal_proteins	2129	53	71.14	13.59	11.00
GCA_003283055.1_ASM328305v1_genomic_prodigal_proteins	482	GCA_003209215.1_ASM320921v1_genomic_prodigal_proteins	1679	55	67.14	15.26	11.41
GCA_003283055.1_ASM328305v1_genomic_prodigal_proteins	482	GCA_002737305.1_ASM273730v1_genomic_prodigal_proteins	1951	49	62.45	17.12	10.17
GCA_003283055.1_ASM328305v1_genomic_prodigal_proteins	482	GCA_003210515.1_ASM321051v1_genomic_prodigal_proteins	1673	57	66.21	14.00	11.83
GCA_003283055.1_ASM328305v1_genomic_prodigal_proteins	482	GCA_011525445.1_ASM1152544v1_genomic_prodigal_proteins	3208	80	61.37	16.54	16.60
GCA_003283055.1_ASM328305v1_genomic_prodigal_proteins	482	GCA_902599435.1_AG-916-N22_genomic_prodigal_proteins	793	30	76.89	13.36	6.22
GCA_003283055.1_ASM328305v1_genomic_prodigal_proteins	482	GCA_003149585.1_ASM314958v1_genomic_prodigal_proteins	2600	67	59.75	16.71	13.90
GCA_003283055.1_ASM328305v1_genomic_prodigal_proteins	482	GCA_902560665.1_AG-905-O11_genomic_prodigal_proteins	401	19	75.47	19.35	4.74
GCA_003283055.1_ASM328305v1_genomic_prodigal_proteins	482	GCA_003331795.1_ASM333179v1_genomic_prodigal_proteins	1948	41	54.85	12.59	8.51
GCA_003283055.1_ASM328305v1_genomic_prodigal_proteins	482	GCA_002017955.1_ASM201795v1_genomic_prodigal_proteins	512	4	46.75	7.81	0.83
GCA_003283055.1_ASM328305v1_genomic_prodigal_proteins	482	GCA_902584485.1_AG-912-O23_genomic_prodigal_proteins	535	33	67.47	18.20	6.85
GCA_003283055.1_ASM328305v1_genomic_prodigal_proteins	482	GCA_902527915.1_AG-896-G19_genomic_prodigal_proteins	1003	51	73.58	15.47	10.58
GCA_003283055.1_ASM328305v1_genomic_prodigal_proteins	482	GCA_902635365.1_AG-447-D19_genomic_prodigal_proteins	1690	66	66.05	16.15	13.69
GCA_003283055.1_ASM328305v1_genomic_prodigal_proteins	482	GCA_900474085.1_UW86_genomic_prodigal_proteins	2403	81	72.76	14.56	16.80
GCA_003283055.1_ASM328305v1_genomic_prodigal_proteins	482	GCA_001885215.1_ASM188521v1_genomic_prodigal_proteins	2897	69	60.85	15.57	14.32
GCA_003283055.1_ASM328305v1_genomic_prodigal_proteins	482	GCA_902575935.1_AG-426-B22_genomic_prodigal_proteins	254	4	71.50	9.95	1.57
GCA_003283055.1_ASM328305v1_genomic_prodigal_proteins	482	GCA_900474295.1_UW140_genomic_prodigal_proteins	2925	93	63.30	15.43	19.29
GCA_003283055.1_ASM328305v1_genomic_prodigal_proteins	482	GCA_003211565.1_ASM321156v1_genomic_prodigal_proteins	1489	51	68.92	16.14	10.58
GCA_003283055.1_ASM328305v1_genomic_prodigal_proteins	482	GCA_003526105.1_ASM352610v1_genomic_prodigal_proteins	1581	29	69.27	14.24	6.02
GCA_003283055.1_ASM328305v1_genomic_prodigal_proteins	482	GCA_002172935.1_ASM217293v1_genomic_prodigal_proteins	1996	61	64.46	15.25	12.66
GCA_003283055.1_ASM328305v1_genomic_prodigal_proteins	482	GCA_003210335.1_ASM321033v1_genomic_prodigal_proteins	942	43	68.56	17.97	8.92
GCA_003283055.1_ASM328305v1_genomic_prodigal_proteins	482	GCA_009846115.1_ASM984611v1_genomic_prodigal_proteins	2048	35	57.95	14.32	7.26
GCA_003283055.1_ASM328305v1_genomic_prodigal_proteins	482	GCA_001693295.1_ASM169329v1_genomic_prodigal_proteins	3183	35	50.83	14.65	7.26
GCA_003283055.1_ASM328305v1_genomic_prodigal_proteins	482	GCA_900473965.1_UW179A_genomic_prodigal_proteins	3383	132	66.95	14.14	27.39
GCA_003283055.1_ASM328305v1_genomic_prodigal_proteins	482	GCA_003213755.1_ASM321375v1_genomic_prodigal_proteins	1050	37	66.84	16.31	7.68
GCA_003283055.1_ASM328305v1_genomic_prodigal_proteins	482	GCA_003209155.1_ASM320915v1_genomic_prodigal_proteins	2305	81	64.02	13.76	16.80
GCA_003283055.1_ASM328305v1_genomic_prodigal_proteins	482	GCA_003211515.1_ASM321151v1_genomic_prodigal_proteins	2451	91	69.28	15.44	18.88
GCA_003283055.1_ASM328305v1_genomic_prodigal_proteins	482	GCA_002693285.1_ASM269328v1_genomic_prodigal_proteins	2440	70	61.55	13.63	14.52
GCA_003283055.1_ASM328305v1_genomic_prodigal_proteins	482	GCA_003210555.1_ASM321055v1_genomic_prodigal_proteins	1847	57	64.71	17.40	11.83
GCA_003283055.1_ASM328305v1_genomic_prodigal_proteins	482	GCA_000155595.1_ASM15559v1_genomic_prodigal_proteins	5270	54	47.81	13.34	11.20
GCA_003283055.1_ASM328305v1_genomic_prodigal_proteins	482	GCA_001007665.1_ASM100766v1_genomic_prodigal_proteins	2356	38	59.56	15.23	7.88
GCA_003283055.1_ASM328305v1_genomic_prodigal_proteins	482	GCA_009919765.1_ASM991976v1_genomic_prodigal_proteins	2524	45	60.84	14.81	9.34
GCA_003283055.1_ASM328305v1_genomic_prodigal_proteins	482	GCA_003331225.1_ASM333122v1_genomic_prodigal_proteins	2113	53	60.58	16.00	11.00
GCA_003283055.1_ASM328305v1_genomic_prodigal_proteins	482	GCA_900177825.1_IMG-taxon_2708742468_annotated_assembly_genomic_prodigal_proteins	3317	35	50.99	14.71	7.26
GCA_003283055.1_ASM328305v1_genomic_prodigal_proteins	482	GCA_000195975.1_ASM19597v1_genomic_prodigal_proteins	2719	93	70.42	15.90	19.29
GCA_003283055.1_ASM328305v1_genomic_prodigal_proteins	482	GCA_902618885.1_AG-920-D15_genomic_prodigal_proteins	1178	36	63.34	17.01	7.47
GCA_003283055.1_ASM328305v1_genomic_prodigal_proteins	482	GCA_003209165.1_ASM320916v1_genomic_prodigal_proteins	2711	83	70.93	15.27	17.22
GCA_003283055.1_ASM328305v1_genomic_prodigal_proteins	482	GCA_001007625.1_ASM100762v1_genomic_prodigal_proteins	2478	40	60.74	14.28	8.30
GCA_003283055.1_ASM328305v1_genomic_prodigal_proteins	482	GCA_008386235.1_ASM838623v1_genomic_prodigal_proteins	2571	39	49.88	14.47	8.09
GCA_003283055.1_ASM328305v1_genomic_prodigal_proteins	482	GCA_001631935.1_ASM163193v1_genomic_prodigal_proteins	3526	130	67.40	14.09	26.97
GCA_003283055.1_ASM328305v1_genomic_prodigal_proteins	482	GCA_002151525.1_ASM215152v1_genomic_prodigal_proteins	1628	43	57.91	14.77	8.92
GCA_003283055.1_ASM328305v1_genomic_prodigal_proteins	482	GCA_000153065.1_ASM15306v1_genomic_prodigal_proteins	2704	86	65.13	16.56	17.84
GCA_003283055.1_ASM328305v1_genomic_prodigal_proteins	482	GCA_009837265.1_ASM983726v1_genomic_prodigal_proteins	2126	42	60.16	14.63	8.71
GCA_003283055.1_ASM328305v1_genomic_prodigal_proteins	482	GCA_902533725.1_AG-898-C20_genomic_prodigal_proteins	421	8	66.30	14.90	1.90
GCA_003283055.1_ASM328305v1_genomic_prodigal_proteins	482	GCA_002171075.2_ASM217107v2_genomic_prodigal_proteins	1919	59	61.13	16.03	12.24
GCA_003283055.1_ASM328305v1_genomic_prodigal_proteins	482	GCA_002760395.1_ASM276039v1_genomic_prodigal_proteins	2661	31	50.59	13.36	6.43
GCA_003283055.1_ASM328305v1_genomic_prodigal_proteins	482	GCA_003209005.1_ASM320900v1_genomic_prodigal_proteins	2548	111	65.36	15.43	23.03
GCA_003283055.1_ASM328305v1_genomic_prodigal_proteins	482	GCA_002017915.1_ASM201791v1_genomic_prodigal_proteins	623	10	63.45	16.50	2.07
GCA_003283055.1_ASM328305v1_genomic_prodigal_proteins	482	GCA_900047545.1_m9_genomic_prodigal_proteins	1575	32	61.44	15.24	6.64
GCA_003283055.1_ASM328305v1_genomic_prodigal_proteins	482	GCA_001632105.1_ASM163210v1_genomic_prodigal_proteins	3521	138	67.51	14.59	28.63
GCA_003283055.1_ASM328305v1_genomic_prodigal_proteins	482	GCA_004212765.1_ASM421276v1_genomic_prodigal_proteins	1162	27	64.71	14.22	5.60
GCA_003283055.1_ASM328305v1_genomic_prodigal_proteins	482	GCA_002685515.1_ASM268551v1_genomic_prodigal_proteins	1286	51	63.48	13.37	10.58
GCA_003283055.1_ASM328305v1_genomic_prodigal_proteins	482	GCA_007828135.1_ASM782813v1_genomic_prodigal_proteins	2917	69	60.85	15.57	14.32
GCA_003283055.1_ASM328305v1_genomic_prodigal_proteins	482	GCA_011047875.1_ASM1104787v1_genomic_prodigal_proteins	2810	32	50.52	13.36	6.64
GCA_003283055.1_ASM328305v1_genomic_prodigal_proteins	482	GCA_009840445.1_ASM984044v1_genomic_prodigal_proteins	2167	42	59.07	15.08	8.71
GCA_003283055.1_ASM328305v1_genomic_prodigal_proteins	482	GCA_003210995.1_ASM321099v1_genomic_prodigal_proteins	2385	114	66.49	15.44	23.65
GCA_003283055.1_ASM328305v1_genomic_prodigal_proteins	482	GCA_902616995.1_AG-919-L20_genomic_prodigal_proteins	654	18	68.86	17.03	3.73
GCA_003283055.1_ASM328305v1_genomic_prodigal_proteins	482	GCA_009845825.1_ASM984582v1_genomic_prodigal_proteins	2168	36	59.86	15.58	7.47
GCA_003283055.1_ASM328305v1_genomic_prodigal_proteins	482	GCA_000515235.1_ASM51523v1_genomic_prodigal_proteins	2873	102	69.10	15.16	21.16
GCA_003283055.1_ASM328305v1_genomic_prodigal_proteins	482	GCA_003523965.1_ASM352396v1_genomic_prodigal_proteins	1735	22	58.96	12.85	4.56
GCA_003283055.1_ASM328305v1_genomic_prodigal_proteins	482	GCA_002684175.1_ASM268417v1_genomic_prodigal_proteins	1819	31	80.16	20.25	6.43
GCA_003283055.1_ASM328305v1_genomic_prodigal_proteins	482	GCA_011523295.1_ASM1152329v1_genomic_prodigal_proteins	2851	60	62.98	15.82	12.45
GCA_003283055.1_ASM328305v1_genomic_prodigal_proteins	482	GCA_003211015.1_ASM321101v1_genomic_prodigal_proteins	2128	81	65.04	15.09	16.80
GCA_003283055.1_ASM328305v1_genomic_prodigal_proteins	482	GCA_002006815.1_ASM200681v1_genomic_prodigal_proteins	1973	59	59.75	17.12	12.24
GCA_003210705.1_ASM321070v1_genomic_prodigal_proteins	2244	GCA_000019485.1_ASM1948v1_genomic_prodigal_proteins	3233	755	52.79	12.87	33.65
GCA_003210705.1_ASM321070v1_genomic_prodigal_proteins	2244	GCA_003283055.1_ASM328305v1_genomic_prodigal_proteins	482	96	66.73	15.39	19.92
GCA_003210705.1_ASM321070v1_genomic_prodigal_proteins	2244	GCA_000010065.1_ASM1006v1_genomic_prodigal_proteins	2691	856	54.90	12.91	38.15
GCA_003210705.1_ASM321070v1_genomic_prodigal_proteins	2244	GCA_000316685.1_ASM31668v1_genomic_prodigal_proteins	3706	748	52.56	12.36	33.33
GCA_003210705.1_ASM321070v1_genomic_prodigal_proteins	2244	GCA_000063525.1_ASM6352v1_genomic_prodigal_proteins	2540	1223	65.06	14.44	54.50
GCA_003210705.1_ASM321070v1_genomic_prodigal_proteins	2244	GCA_003283165.1_ASM328316v1_genomic_prodigal_proteins	217	34	73.25	13.00	15.67
GCA_003210705.1_ASM321070v1_genomic_prodigal_proteins	2244	GCA_902540675.1_AG-359-E22_genomic_prodigal_proteins	584	206	68.40	16.18	35.27
GCA_003210705.1_ASM321070v1_genomic_prodigal_proteins	2244	GCA_011055065.1_ASM1105506v1_genomic_prodigal_proteins	2792	617	52.53	11.86	27.50
GCA_003210705.1_ASM321070v1_genomic_prodigal_proteins	2244	GCA_000013205.1_ASM1320v1_genomic_prodigal_proteins	2750	637	52.61	11.76	28.39
GCA_003210705.1_ASM321070v1_genomic_prodigal_proteins	2244	GCA_003539795.1_ASM353979v1_genomic_prodigal_proteins	2284	1026	68.75	13.40	45.72
GCA_003210705.1_ASM321070v1_genomic_prodigal_proteins	2244	GCA_002171995.1_ASM217199v1_genomic_prodigal_proteins	1978	789	71.74	13.69	39.89
GCA_003210705.1_ASM321070v1_genomic_prodigal_proteins	2244	GCA_011523835.1_ASM1152383v1_genomic_prodigal_proteins	2468	1262	76.54	12.67	56.24
GCA_003210705.1_ASM321070v1_genomic_prodigal_proteins	2244	GCA_002172175.1_ASM217217v1_genomic_prodigal_proteins	1846	784	63.12	13.90	42.47
GCA_003210705.1_ASM321070v1_genomic_prodigal_proteins	2244	GCA_003208835.1_ASM320883v1_genomic_prodigal_proteins	2208	958	69.55	14.12	43.39
GCA_003210705.1_ASM321070v1_genomic_prodigal_proteins	2244	GCA_902589915.1_AG-914-F20_genomic_prodigal_proteins	373	128	70.44	15.56	34.32
GCA_003210705.1_ASM321070v1_genomic_prodigal_proteins	2244	GCA_000485815.1_ASM48581v1_genomic_prodigal_proteins	3083	728	53.18	12.88	32.44
GCA_003210705.1_ASM321070v1_genomic_prodigal_proteins	2244	GCA_008807075.1_ASM880707v1_genomic_prodigal_proteins	2925	1196	65.49	13.88	53.30
GCA_003210705.1_ASM321070v1_genomic_prodigal_proteins	2244	GCA_000179235.2_ASM17923v2_genomic_prodigal_proteins	3071	1244	66.35	13.98	55.44
GCA_003210705.1_ASM321070v1_genomic_prodigal_proteins	2244	GCA_003210795.1_ASM321079v1_genomic_prodigal_proteins	2239	1019	69.69	14.37	45.51
GCA_003210705.1_ASM321070v1_genomic_prodigal_proteins	2244	GCA_002706715.1_ASM270671v1_genomic_prodigal_proteins	1148	639	70.15	14.31	55.66
GCA_003210705.1_ASM321070v1_genomic_prodigal_proteins	2244	GCA_003331245.1_ASM333124v1_genomic_prodigal_proteins	2021	1134	69.89	13.73	56.11
GCA_003210705.1_ASM321070v1_genomic_prodigal_proteins	2244	GCA_009843385.1_ASM984338v1_genomic_prodigal_proteins	2085	695	60.71	12.97	33.33
GCA_003210705.1_ASM321070v1_genomic_prodigal_proteins	2244	GCA_003211205.1_ASM321120v1_genomic_prodigal_proteins	2288	1383	95.68	7.64	61.63
GCA_003210705.1_ASM321070v1_genomic_prodigal_proteins	2244	GCA_000063505.1_ASM6350v1_genomic_prodigal_proteins	2558	1483	77.33	12.40	66.09
GCA_003210705.1_ASM321070v1_genomic_prodigal_proteins	2244	GCA_900474245.1_UW179B_genomic_prodigal_proteins	2743	1474	72.99	13.19	65.69
GCA_003210705.1_ASM321070v1_genomic_prodigal_proteins	2244	GCA_003210345.1_ASM321034v1_genomic_prodigal_proteins	1256	592	68.74	14.09	47.13
GCA_003210705.1_ASM321070v1_genomic_prodigal_proteins	2244	GCA_003210315.1_ASM321031v1_genomic_prodigal_proteins	1815	954	71.94	13.79	52.56
GCA_003210705.1_ASM321070v1_genomic_prodigal_proteins	2244	GCA_009836155.1_ASM983615v1_genomic_prodigal_proteins	1947	795	60.57	12.90	40.83
GCA_003210705.1_ASM321070v1_genomic_prodigal_proteins	2244	GCA_003990665.2_ASM399066v2_genomic_prodigal_proteins	2499	717	53.40	12.32	31.95
GCA_003210705.1_ASM321070v1_genomic_prodigal_proteins	2244	GCA_003209135.1_ASM320913v1_genomic_prodigal_proteins	1719	750	68.42	14.11	43.63
GCA_003210705.1_ASM321070v1_genomic_prodigal_proteins	2244	GCA_009845105.1_ASM984510v1_genomic_prodigal_proteins	1941	644	60.01	13.00	33.18
GCA_003210705.1_ASM321070v1_genomic_prodigal_proteins	2244	GCA_002690325.1_ASM269032v1_genomic_prodigal_proteins	2554	1247	69.38	13.92	55.57
GCA_003210705.1_ASM321070v1_genomic_prodigal_proteins	2244	GCA_000161795.2_ASM16179v2_genomic_prodigal_proteins	2407	1295	70.58	13.89	57.71
GCA_003210705.1_ASM321070v1_genomic_prodigal_proteins	2244	GCA_004211895.1_ASM421189v1_genomic_prodigal_proteins	954	521	70.16	13.59	54.61
GCA_003210705.1_ASM321070v1_genomic_prodigal_proteins	2244	GCA_003210735.1_ASM321073v1_genomic_prodigal_proteins	2337	1054	69.15	14.02	46.97
GCA_003210705.1_ASM321070v1_genomic_prodigal_proteins	2244	GCA_003209035.1_ASM320903v1_genomic_prodigal_proteins	1803	707	68.89	14.52	39.21
GCA_003210705.1_ASM321070v1_genomic_prodigal_proteins	2244	GCA_003712085.1_ASM371208v1_genomic_prodigal_proteins	2745	1342	70.34	13.77	59.80
GCA_003210705.1_ASM321070v1_genomic_prodigal_proteins	2244	GCA_003212155.1_ASM321215v1_genomic_prodigal_proteins	262	94	64.05	17.05	35.88
GCA_003210705.1_ASM321070v1_genomic_prodigal_proteins	2244	GCA_001040845.1_ASM104084v1_genomic_prodigal_proteins	2917	1497	73.04	12.99	66.71
GCA_003210705.1_ASM321070v1_genomic_prodigal_proteins	2244	GCA_002018015.1_ASM201801v1_genomic_prodigal_proteins	1578	600	61.52	12.89	38.02
GCA_003210705.1_ASM321070v1_genomic_prodigal_proteins	2244	GCA_003211255.1_ASM321125v1_genomic_prodigal_proteins	1850	804	69.17	14.22	43.46
GCA_003210705.1_ASM321070v1_genomic_prodigal_proteins	2244	GCA_002721235.1_ASM272123v1_genomic_prodigal_proteins	3119	757	52.81	12.86	33.73
GCA_003210705.1_ASM321070v1_genomic_prodigal_proteins	2244	GCA_009839305.1_ASM983930v1_genomic_prodigal_proteins	1816	618	61.01	13.10	34.03
GCA_003210705.1_ASM321070v1_genomic_prodigal_proteins	2244	GCA_011365345.1_ASM1136534v1_genomic_prodigal_proteins	2655	1387	70.10	14.26	61.81
GCA_003210705.1_ASM321070v1_genomic_prodigal_proteins	2244	GCA_001039265.1_ASM103926v1_genomic_prodigal_proteins	2832	811	67.30	13.93	36.14
GCA_003210705.1_ASM321070v1_genomic_prodigal_proteins	2244	GCA_001628325.1_ASM162832v1_genomic_prodigal_proteins	2129	1147	70.53	13.75	53.88
GCA_003210705.1_ASM321070v1_genomic_prodigal_proteins	2244	GCA_003209215.1_ASM320921v1_genomic_prodigal_proteins	1679	668	69.36	13.80	39.79
GCA_003210705.1_ASM321070v1_genomic_prodigal_proteins	2244	GCA_002737305.1_ASM273730v1_genomic_prodigal_proteins	1951	885	66.18	13.67	45.36
GCA_003210705.1_ASM321070v1_genomic_prodigal_proteins	2244	GCA_003210515.1_ASM321051v1_genomic_prodigal_proteins	1673	811	68.46	13.92	48.48
GCA_003210705.1_ASM321070v1_genomic_prodigal_proteins	2244	GCA_011525445.1_ASM1152544v1_genomic_prodigal_proteins	3208	1228	71.73	13.24	54.72
GCA_003210705.1_ASM321070v1_genomic_prodigal_proteins	2244	GCA_902599435.1_AG-916-N22_genomic_prodigal_proteins	793	307	71.27	14.18	38.71
GCA_003210705.1_ASM321070v1_genomic_prodigal_proteins	2244	GCA_003149585.1_ASM314958v1_genomic_prodigal_proteins	2600	1264	65.73	14.04	56.33
GCA_003210705.1_ASM321070v1_genomic_prodigal_proteins	2244	GCA_902560665.1_AG-905-O11_genomic_prodigal_proteins	401	155	69.45	15.89	38.65
GCA_003210705.1_ASM321070v1_genomic_prodigal_proteins	2244	GCA_003331795.1_ASM333179v1_genomic_prodigal_proteins	1948	990	64.46	14.68	50.82
GCA_003210705.1_ASM321070v1_genomic_prodigal_proteins	2244	GCA_002017955.1_ASM201795v1_genomic_prodigal_proteins	512	189	60.89	12.98	36.91
GCA_003210705.1_ASM321070v1_genomic_prodigal_proteins	2244	GCA_902584485.1_AG-912-O23_genomic_prodigal_proteins	535	198	68.75	14.81	37.01
GCA_003210705.1_ASM321070v1_genomic_prodigal_proteins	2244	GCA_902527915.1_AG-896-G19_genomic_prodigal_proteins	1003	437	68.76	14.56	43.57
GCA_003210705.1_ASM321070v1_genomic_prodigal_proteins	2244	GCA_902635365.1_AG-447-D19_genomic_prodigal_proteins	1690	705	69.05	14.38	41.72
GCA_003210705.1_ASM321070v1_genomic_prodigal_proteins	2244	GCA_900474085.1_UW86_genomic_prodigal_proteins	2403	1314	70.63	13.94	58.56
GCA_003210705.1_ASM321070v1_genomic_prodigal_proteins	2244	GCA_001885215.1_ASM188521v1_genomic_prodigal_proteins	2897	1181	64.95	13.56	52.63
GCA_003210705.1_ASM321070v1_genomic_prodigal_proteins	2244	GCA_902575935.1_AG-426-B22_genomic_prodigal_proteins	254	99	70.19	15.52	38.98
GCA_003210705.1_ASM321070v1_genomic_prodigal_proteins	2244	GCA_900474295.1_UW140_genomic_prodigal_proteins	2925	1482	72.46	13.48	66.04
GCA_003210705.1_ASM321070v1_genomic_prodigal_proteins	2244	GCA_003211565.1_ASM321156v1_genomic_prodigal_proteins	1489	573	69.25	14.81	38.48
GCA_003210705.1_ASM321070v1_genomic_prodigal_proteins	2244	GCA_003526105.1_ASM352610v1_genomic_prodigal_proteins	1581	696	70.53	14.28	44.02
GCA_003210705.1_ASM321070v1_genomic_prodigal_proteins	2244	GCA_002172935.1_ASM217293v1_genomic_prodigal_proteins	1996	1110	76.44	12.41	55.61
GCA_003210705.1_ASM321070v1_genomic_prodigal_proteins	2244	GCA_003210335.1_ASM321033v1_genomic_prodigal_proteins	942	500	85.42	14.03	53.08
GCA_003210705.1_ASM321070v1_genomic_prodigal_proteins	2244	GCA_009846115.1_ASM984611v1_genomic_prodigal_proteins	2048	736	60.50	12.76	35.94
GCA_003210705.1_ASM321070v1_genomic_prodigal_proteins	2244	GCA_001693295.1_ASM169329v1_genomic_prodigal_proteins	3183	754	52.81	12.86	33.60
GCA_003210705.1_ASM321070v1_genomic_prodigal_proteins	2244	GCA_900473965.1_UW179A_genomic_prodigal_proteins	3383	1795	90.03	8.86	79.99
GCA_003210705.1_ASM321070v1_genomic_prodigal_proteins	2244	GCA_003213755.1_ASM321375v1_genomic_prodigal_proteins	1050	478	65.02	15.07	45.52
GCA_003210705.1_ASM321070v1_genomic_prodigal_proteins	2244	GCA_003209155.1_ASM320915v1_genomic_prodigal_proteins	2305	1471	97.81	5.91	65.55
GCA_003210705.1_ASM321070v1_genomic_prodigal_proteins	2244	GCA_003211515.1_ASM321151v1_genomic_prodigal_proteins	2451	941	68.44	14.63	41.93
GCA_003210705.1_ASM321070v1_genomic_prodigal_proteins	2244	GCA_002693285.1_ASM269328v1_genomic_prodigal_proteins	2440	1320	79.09	11.80	58.82
GCA_003210705.1_ASM321070v1_genomic_prodigal_proteins	2244	GCA_003210555.1_ASM321055v1_genomic_prodigal_proteins	1847	887	72.47	13.32	48.02
GCA_003210705.1_ASM321070v1_genomic_prodigal_proteins	2244	GCA_000155595.1_ASM15559v1_genomic_prodigal_proteins	5270	808	52.47	12.48	36.01
GCA_003210705.1_ASM321070v1_genomic_prodigal_proteins	2244	GCA_001007665.1_ASM100766v1_genomic_prodigal_proteins	2356	847	60.11	13.08	37.75
GCA_003210705.1_ASM321070v1_genomic_prodigal_proteins	2244	GCA_009919765.1_ASM991976v1_genomic_prodigal_proteins	2524	843	64.53	14.41	37.57
GCA_003210705.1_ASM321070v1_genomic_prodigal_proteins	2244	GCA_003331225.1_ASM333122v1_genomic_prodigal_proteins	2113	1063	64.88	14.16	50.31
GCA_003210705.1_ASM321070v1_genomic_prodigal_proteins	2244	GCA_900177825.1_IMG-taxon_2708742468_annotated_assembly_genomic_prodigal_proteins	3317	745	52.79	12.89	33.20
GCA_003210705.1_ASM321070v1_genomic_prodigal_proteins	2244	GCA_000195975.1_ASM19597v1_genomic_prodigal_proteins	2719	1328	70.51	13.81	59.18
GCA_003210705.1_ASM321070v1_genomic_prodigal_proteins	2244	GCA_902618885.1_AG-920-D15_genomic_prodigal_proteins	1178	493	70.07	15.20	41.85
GCA_003210705.1_ASM321070v1_genomic_prodigal_proteins	2244	GCA_003209165.1_ASM320916v1_genomic_prodigal_proteins	2711	1154	70.06	13.92	51.43
GCA_003210705.1_ASM321070v1_genomic_prodigal_proteins	2244	GCA_001007625.1_ASM100762v1_genomic_prodigal_proteins	2478	753	60.38	13.37	33.56
GCA_003210705.1_ASM321070v1_genomic_prodigal_proteins	2244	GCA_008386235.1_ASM838623v1_genomic_prodigal_proteins	2571	733	53.10	12.50	32.66
GCA_003210705.1_ASM321070v1_genomic_prodigal_proteins	2244	GCA_001631935.1_ASM163193v1_genomic_prodigal_proteins	3526	1782	89.79	9.15	79.41
GCA_003210705.1_ASM321070v1_genomic_prodigal_proteins	2244	GCA_002151525.1_ASM215152v1_genomic_prodigal_proteins	1628	827	62.84	14.22	50.80
GCA_003210705.1_ASM321070v1_genomic_prodigal_proteins	2244	GCA_000153065.1_ASM15306v1_genomic_prodigal_proteins	2704	1355	73.51	13.08	60.38
GCA_003210705.1_ASM321070v1_genomic_prodigal_proteins	2244	GCA_009837265.1_ASM983726v1_genomic_prodigal_proteins	2126	786	60.55	12.94	36.97
GCA_003210705.1_ASM321070v1_genomic_prodigal_proteins	2244	GCA_902533725.1_AG-898-C20_genomic_prodigal_proteins	421	127	67.30	14.54	30.17
GCA_003210705.1_ASM321070v1_genomic_prodigal_proteins	2244	GCA_002171075.2_ASM217107v2_genomic_prodigal_proteins	1919	883	63.54	13.84	46.01
GCA_003210705.1_ASM321070v1_genomic_prodigal_proteins	2244	GCA_002760395.1_ASM276039v1_genomic_prodigal_proteins	2661	627	52.59	11.76	27.94
GCA_003210705.1_ASM321070v1_genomic_prodigal_proteins	2244	GCA_003209005.1_ASM320900v1_genomic_prodigal_proteins	2548	1523	93.57	8.72	67.87
GCA_003210705.1_ASM321070v1_genomic_prodigal_proteins	2244	GCA_002017915.1_ASM201791v1_genomic_prodigal_proteins	623	232	62.96	13.65	37.24
GCA_003210705.1_ASM321070v1_genomic_prodigal_proteins	2244	GCA_900047545.1_m9_genomic_prodigal_proteins	1575	647	60.23	12.93	41.08
GCA_003210705.1_ASM321070v1_genomic_prodigal_proteins	2244	GCA_001632105.1_ASM163210v1_genomic_prodigal_proteins	3521	1791	89.75	9.30	79.81
GCA_003210705.1_ASM321070v1_genomic_prodigal_proteins	2244	GCA_004212765.1_ASM421276v1_genomic_prodigal_proteins	1162	620	69.25	14.00	53.36
GCA_003210705.1_ASM321070v1_genomic_prodigal_proteins	2244	GCA_002685515.1_ASM268551v1_genomic_prodigal_proteins	1286	837	90.06	8.95	65.09
GCA_003210705.1_ASM321070v1_genomic_prodigal_proteins	2244	GCA_007828135.1_ASM782813v1_genomic_prodigal_proteins	2917	1182	64.98	13.59	52.67
GCA_003210705.1_ASM321070v1_genomic_prodigal_proteins	2244	GCA_011047875.1_ASM1104787v1_genomic_prodigal_proteins	2810	634	52.56	11.83	28.25
GCA_003210705.1_ASM321070v1_genomic_prodigal_proteins	2244	GCA_009840445.1_ASM984044v1_genomic_prodigal_proteins	2167	856	60.59	12.91	39.50
GCA_003210705.1_ASM321070v1_genomic_prodigal_proteins	2244	GCA_003210995.1_ASM321099v1_genomic_prodigal_proteins	2385	1483	96.90	7.76	66.09
GCA_003210705.1_ASM321070v1_genomic_prodigal_proteins	2244	GCA_902616995.1_AG-919-L20_genomic_prodigal_proteins	654	275	70.50	13.68	42.05
GCA_003210705.1_ASM321070v1_genomic_prodigal_proteins	2244	GCA_009845825.1_ASM984582v1_genomic_prodigal_proteins	2168	731	60.97	12.78	33.72
GCA_003210705.1_ASM321070v1_genomic_prodigal_proteins	2244	GCA_000515235.1_ASM51523v1_genomic_prodigal_proteins	2873	1374	69.67	14.12	61.23
GCA_003210705.1_ASM321070v1_genomic_prodigal_proteins	2244	GCA_003523965.1_ASM352396v1_genomic_prodigal_proteins	1735	545	61.53	13.08	31.41
GCA_003210705.1_ASM321070v1_genomic_prodigal_proteins	2244	GCA_002684175.1_ASM268417v1_genomic_prodigal_proteins	1819	801	68.52	13.45	44.04
GCA_003210705.1_ASM321070v1_genomic_prodigal_proteins	2244	GCA_011523295.1_ASM1152329v1_genomic_prodigal_proteins	2851	1026	67.97	14.13	45.72
GCA_003210705.1_ASM321070v1_genomic_prodigal_proteins	2244	GCA_003211015.1_ASM321101v1_genomic_prodigal_proteins	2128	1341	93.38	8.87	63.02
GCA_003210705.1_ASM321070v1_genomic_prodigal_proteins	2244	GCA_002006815.1_ASM200681v1_genomic_prodigal_proteins	1973	999	63.39	14.05	50.63
GCA_003283165.1_ASM328316v1_genomic_prodigal_proteins	217	GCA_902540675.1_AG-359-E22_genomic_prodigal_proteins	584	21	72.50	16.97	9.68
GCA_003283165.1_ASM328316v1_genomic_prodigal_proteins	217	GCA_011055065.1_ASM1105506v1_genomic_prodigal_proteins	2792	41	54.14	12.41	18.89
GCA_003283165.1_ASM328316v1_genomic_prodigal_proteins	217	GCA_000013205.1_ASM1320v1_genomic_prodigal_proteins	2750	43	52.98	11.50	19.82
GCA_003283165.1_ASM328316v1_genomic_prodigal_proteins	217	GCA_003539795.1_ASM353979v1_genomic_prodigal_proteins	2284	51	76.29	15.14	23.50
GCA_003283165.1_ASM328316v1_genomic_prodigal_proteins	217	GCA_002171995.1_ASM217199v1_genomic_prodigal_proteins	1978	19	57.88	16.92	8.76
GCA_003283165.1_ASM328316v1_genomic_prodigal_proteins	217	GCA_011523835.1_ASM1152383v1_genomic_prodigal_proteins	2468	54	72.53	13.90	24.88
GCA_003283165.1_ASM328316v1_genomic_prodigal_proteins	217	GCA_002172175.1_ASM217217v1_genomic_prodigal_proteins	1846	50	63.87	12.44	23.04
GCA_003283165.1_ASM328316v1_genomic_prodigal_proteins	217	GCA_003208835.1_ASM320883v1_genomic_prodigal_proteins	2208	51	69.65	17.94	23.50
GCA_003283165.1_ASM328316v1_genomic_prodigal_proteins	217	GCA_902589915.1_AG-914-F20_genomic_prodigal_proteins	373	15	64.03	17.28	6.91
GCA_003283165.1_ASM328316v1_genomic_prodigal_proteins	217	GCA_000485815.1_ASM48581v1_genomic_prodigal_proteins	3083	60	52.97	12.15	27.65
GCA_003283165.1_ASM328316v1_genomic_prodigal_proteins	217	GCA_008807075.1_ASM880707v1_genomic_prodigal_proteins	2925	83	65.25	15.24	38.25
GCA_003283165.1_ASM328316v1_genomic_prodigal_proteins	217	GCA_000179235.2_ASM17923v2_genomic_prodigal_proteins	3071	72	68.23	13.52	33.18
GCA_003283165.1_ASM328316v1_genomic_prodigal_proteins	217	GCA_003210795.1_ASM321079v1_genomic_prodigal_proteins	2239	68	83.65	20.39	31.34
GCA_003283165.1_ASM328316v1_genomic_prodigal_proteins	217	GCA_002706715.1_ASM270671v1_genomic_prodigal_proteins	1148	46	89.77	17.83	21.20
GCA_003283165.1_ASM328316v1_genomic_prodigal_proteins	217	GCA_003331245.1_ASM333124v1_genomic_prodigal_proteins	2021	74	77.54	12.89	34.10
GCA_003283165.1_ASM328316v1_genomic_prodigal_proteins	217	GCA_009843385.1_ASM984338v1_genomic_prodigal_proteins	2085	52	58.70	12.79	23.96
GCA_003283165.1_ASM328316v1_genomic_prodigal_proteins	217	GCA_003211205.1_ASM321120v1_genomic_prodigal_proteins	2288	47	69.59	15.65	21.66
GCA_003283165.1_ASM328316v1_genomic_prodigal_proteins	217	GCA_000063505.1_ASM6350v1_genomic_prodigal_proteins	2558	67	68.40	14.12	30.88
GCA_003283165.1_ASM328316v1_genomic_prodigal_proteins	217	GCA_900474245.1_UW179B_genomic_prodigal_proteins	2743	77	70.26	13.49	35.48
GCA_003283165.1_ASM328316v1_genomic_prodigal_proteins	217	GCA_003210345.1_ASM321034v1_genomic_prodigal_proteins	1256	27	68.76	19.66	12.44
GCA_003283165.1_ASM328316v1_genomic_prodigal_proteins	217	GCA_003210315.1_ASM321031v1_genomic_prodigal_proteins	1815	53	69.81	15.54	24.42
GCA_003283165.1_ASM328316v1_genomic_prodigal_proteins	217	GCA_009836155.1_ASM983615v1_genomic_prodigal_proteins	1947	45	57.73	12.03	20.74
GCA_003283165.1_ASM328316v1_genomic_prodigal_proteins	217	GCA_003990665.2_ASM399066v2_genomic_prodigal_proteins	2499	51	52.64	12.53	23.50
GCA_003283165.1_ASM328316v1_genomic_prodigal_proteins	217	GCA_003209135.1_ASM320913v1_genomic_prodigal_proteins	1719	61	71.33	16.29	28.11
GCA_003283165.1_ASM328316v1_genomic_prodigal_proteins	217	GCA_009845105.1_ASM984510v1_genomic_prodigal_proteins	1941	43	58.85	14.59	19.82
GCA_003283165.1_ASM328316v1_genomic_prodigal_proteins	217	GCA_002690325.1_ASM269032v1_genomic_prodigal_proteins	2554	73	74.15	15.98	33.64
GCA_003283165.1_ASM328316v1_genomic_prodigal_proteins	217	GCA_000161795.2_ASM16179v2_genomic_prodigal_proteins	2407	82	74.29	14.18	37.79
GCA_003283165.1_ASM328316v1_genomic_prodigal_proteins	217	GCA_004211895.1_ASM421189v1_genomic_prodigal_proteins	954	24	70.55	19.61	11.06
GCA_003283165.1_ASM328316v1_genomic_prodigal_proteins	217	GCA_003210735.1_ASM321073v1_genomic_prodigal_proteins	2337	95	92.88	15.19	43.78
GCA_003283165.1_ASM328316v1_genomic_prodigal_proteins	217	GCA_003209035.1_ASM320903v1_genomic_prodigal_proteins	1803	101	94.52	15.29	46.54
GCA_003283165.1_ASM328316v1_genomic_prodigal_proteins	217	GCA_003712085.1_ASM371208v1_genomic_prodigal_proteins	2745	93	71.87	16.86	42.86
GCA_003283165.1_ASM328316v1_genomic_prodigal_proteins	217	GCA_003212155.1_ASM321215v1_genomic_prodigal_proteins	262	7	62.12	13.98	3.23
GCA_003283165.1_ASM328316v1_genomic_prodigal_proteins	217	GCA_001040845.1_ASM104084v1_genomic_prodigal_proteins	2917	77	70.25	12.64	35.48
GCA_003283165.1_ASM328316v1_genomic_prodigal_proteins	217	GCA_002018015.1_ASM201801v1_genomic_prodigal_proteins	1578	41	59.54	14.13	18.89
GCA_003283165.1_ASM328316v1_genomic_prodigal_proteins	217	GCA_003211255.1_ASM321125v1_genomic_prodigal_proteins	1850	70	85.91	17.17	32.26
GCA_003283165.1_ASM328316v1_genomic_prodigal_proteins	217	GCA_002721235.1_ASM272123v1_genomic_prodigal_proteins	3119	59	51.88	12.15	27.19
GCA_003283165.1_ASM328316v1_genomic_prodigal_proteins	217	GCA_009839305.1_ASM983930v1_genomic_prodigal_proteins	1816	35	56.81	14.48	16.13
GCA_003283165.1_ASM328316v1_genomic_prodigal_proteins	217	GCA_011365345.1_ASM1136534v1_genomic_prodigal_proteins	2655	85	73.19	15.53	39.17
GCA_003283165.1_ASM328316v1_genomic_prodigal_proteins	217	GCA_001039265.1_ASM103926v1_genomic_prodigal_proteins	2832	52	67.41	13.56	23.96
GCA_003283165.1_ASM328316v1_genomic_prodigal_proteins	217	GCA_001628325.1_ASM162832v1_genomic_prodigal_proteins	2129	71	75.60	14.95	32.72
GCA_003283165.1_ASM328316v1_genomic_prodigal_proteins	217	GCA_003209215.1_ASM320921v1_genomic_prodigal_proteins	1679	49	74.92	16.34	22.58
GCA_003283165.1_ASM328316v1_genomic_prodigal_proteins	217	GCA_002737305.1_ASM273730v1_genomic_prodigal_proteins	1951	55	66.23	15.30	25.35
GCA_003283165.1_ASM328316v1_genomic_prodigal_proteins	217	GCA_003210515.1_ASM321051v1_genomic_prodigal_proteins	1673	76	71.52	14.82	35.02
GCA_003283165.1_ASM328316v1_genomic_prodigal_proteins	217	GCA_011525445.1_ASM1152544v1_genomic_prodigal_proteins	3208	83	73.40	15.58	38.25
GCA_003283165.1_ASM328316v1_genomic_prodigal_proteins	217	GCA_902599435.1_AG-916-N22_genomic_prodigal_proteins	793	30	68.41	15.86	13.82
GCA_003283165.1_ASM328316v1_genomic_prodigal_proteins	217	GCA_003149585.1_ASM314958v1_genomic_prodigal_proteins	2600	80	66.34	14.82	36.87
GCA_003283165.1_ASM328316v1_genomic_prodigal_proteins	217	GCA_902560665.1_AG-905-O11_genomic_prodigal_proteins	401	9	50.60	11.57	4.15
GCA_003283165.1_ASM328316v1_genomic_prodigal_proteins	217	GCA_003331795.1_ASM333179v1_genomic_prodigal_proteins	1948	64	66.38	13.73	29.49
GCA_003283165.1_ASM328316v1_genomic_prodigal_proteins	217	GCA_002017955.1_ASM201795v1_genomic_prodigal_proteins	512	15	56.57	15.11	6.91
GCA_003283165.1_ASM328316v1_genomic_prodigal_proteins	217	GCA_902584485.1_AG-912-O23_genomic_prodigal_proteins	535	50	69.15	16.82	23.04
GCA_003283165.1_ASM328316v1_genomic_prodigal_proteins	217	GCA_902527915.1_AG-896-G19_genomic_prodigal_proteins	1003	12	52.44	18.10	5.53
GCA_003283165.1_ASM328316v1_genomic_prodigal_proteins	217	GCA_902635365.1_AG-447-D19_genomic_prodigal_proteins	1690	54	72.66	17.69	24.88
GCA_003283165.1_ASM328316v1_genomic_prodigal_proteins	217	GCA_900474085.1_UW86_genomic_prodigal_proteins	2403	79	74.98	14.69	36.41
GCA_003283165.1_ASM328316v1_genomic_prodigal_proteins	217	GCA_001885215.1_ASM188521v1_genomic_prodigal_proteins	2897	71	66.63	14.11	32.72
GCA_003283165.1_ASM328316v1_genomic_prodigal_proteins	217	GCA_902575935.1_AG-426-B22_genomic_prodigal_proteins	254	4	35.55	3.80	1.84
GCA_003283165.1_ASM328316v1_genomic_prodigal_proteins	217	GCA_900474295.1_UW140_genomic_prodigal_proteins	2925	83	69.28	14.91	38.25
GCA_003283165.1_ASM328316v1_genomic_prodigal_proteins	217	GCA_003211565.1_ASM321156v1_genomic_prodigal_proteins	1489	43	74.16	17.98	19.82
GCA_003283165.1_ASM328316v1_genomic_prodigal_proteins	217	GCA_003526105.1_ASM352610v1_genomic_prodigal_proteins	1581	33	76.52	15.90	15.21
GCA_003283165.1_ASM328316v1_genomic_prodigal_proteins	217	GCA_002172935.1_ASM217293v1_genomic_prodigal_proteins	1996	56	70.53	13.65	25.81
GCA_003283165.1_ASM328316v1_genomic_prodigal_proteins	217	GCA_003210335.1_ASM321033v1_genomic_prodigal_proteins	942	4	43.33	9.63	1.84
GCA_003283165.1_ASM328316v1_genomic_prodigal_proteins	217	GCA_009846115.1_ASM984611v1_genomic_prodigal_proteins	2048	43	58.48	13.25	19.82
GCA_003283165.1_ASM328316v1_genomic_prodigal_proteins	217	GCA_001693295.1_ASM169329v1_genomic_prodigal_proteins	3183	59	51.83	12.24	27.19
GCA_003283165.1_ASM328316v1_genomic_prodigal_proteins	217	GCA_900473965.1_UW179A_genomic_prodigal_proteins	3383	79	71.80	14.99	36.41
GCA_003283165.1_ASM328316v1_genomic_prodigal_proteins	217	GCA_003213755.1_ASM321375v1_genomic_prodigal_proteins	1050	22	60.71	18.05	10.14
GCA_003283165.1_ASM328316v1_genomic_prodigal_proteins	217	GCA_003209155.1_ASM320915v1_genomic_prodigal_proteins	2305	77	71.74	12.63	35.48
GCA_003283165.1_ASM328316v1_genomic_prodigal_proteins	217	GCA_003211515.1_ASM321151v1_genomic_prodigal_proteins	2451	75	71.92	15.65	34.56
GCA_003283165.1_ASM328316v1_genomic_prodigal_proteins	217	GCA_002693285.1_ASM269328v1_genomic_prodigal_proteins	2440	62	68.05	15.16	28.57
GCA_003283165.1_ASM328316v1_genomic_prodigal_proteins	217	GCA_003210555.1_ASM321055v1_genomic_prodigal_proteins	1847	49	72.30	15.60	22.58
GCA_003283165.1_ASM328316v1_genomic_prodigal_proteins	217	GCA_000155595.1_ASM15559v1_genomic_prodigal_proteins	5270	66	52.57	12.64	30.41
GCA_003283165.1_ASM328316v1_genomic_prodigal_proteins	217	GCA_001007665.1_ASM100766v1_genomic_prodigal_proteins	2356	55	58.65	12.92	25.35
GCA_003283165.1_ASM328316v1_genomic_prodigal_proteins	217	GCA_009919765.1_ASM991976v1_genomic_prodigal_proteins	2524	54	65.49	13.79	24.88
GCA_003283165.1_ASM328316v1_genomic_prodigal_proteins	217	GCA_003331225.1_ASM333122v1_genomic_prodigal_proteins	2113	71	67.92	15.01	32.72
GCA_003283165.1_ASM328316v1_genomic_prodigal_proteins	217	GCA_900177825.1_IMG-taxon_2708742468_annotated_assembly_genomic_prodigal_proteins	3317	57	52.28	12.27	26.27
GCA_003283165.1_ASM328316v1_genomic_prodigal_proteins	217	GCA_000195975.1_ASM19597v1_genomic_prodigal_proteins	2719	85	73.28	17.18	39.17
GCA_003283165.1_ASM328316v1_genomic_prodigal_proteins	217	GCA_902618885.1_AG-920-D15_genomic_prodigal_proteins	1178	46	72.09	17.78	21.20
GCA_003283165.1_ASM328316v1_genomic_prodigal_proteins	217	GCA_003209165.1_ASM320916v1_genomic_prodigal_proteins	2711	94	77.79	13.83	43.32
GCA_003283165.1_ASM328316v1_genomic_prodigal_proteins	217	GCA_001007625.1_ASM100762v1_genomic_prodigal_proteins	2478	43	59.08	12.52	19.82
GCA_003283165.1_ASM328316v1_genomic_prodigal_proteins	217	GCA_008386235.1_ASM838623v1_genomic_prodigal_proteins	2571	50	49.85	12.48	23.04
GCA_003283165.1_ASM328316v1_genomic_prodigal_proteins	217	GCA_001631935.1_ASM163193v1_genomic_prodigal_proteins	3526	79	69.30	15.03	36.41
GCA_003283165.1_ASM328316v1_genomic_prodigal_proteins	217	GCA_002151525.1_ASM215152v1_genomic_prodigal_proteins	1628	47	63.81	14.17	21.66
GCA_003283165.1_ASM328316v1_genomic_prodigal_proteins	217	GCA_000153065.1_ASM15306v1_genomic_prodigal_proteins	2704	84	69.10	14.62	38.71
GCA_003283165.1_ASM328316v1_genomic_prodigal_proteins	217	GCA_009837265.1_ASM983726v1_genomic_prodigal_proteins	2126	48	58.83	12.06	22.12
GCA_003283165.1_ASM328316v1_genomic_prodigal_proteins	217	GCA_902533725.1_AG-898-C20_genomic_prodigal_proteins	421	2	51.95	20.65	0.92
GCA_003283165.1_ASM328316v1_genomic_prodigal_proteins	217	GCA_002171075.2_ASM217107v2_genomic_prodigal_proteins	1919	64	64.98	14.58	29.49
GCA_003283165.1_ASM328316v1_genomic_prodigal_proteins	217	GCA_002760395.1_ASM276039v1_genomic_prodigal_proteins	2661	31	51.75	11.71	14.29
GCA_003283165.1_ASM328316v1_genomic_prodigal_proteins	217	GCA_003209005.1_ASM320900v1_genomic_prodigal_proteins	2548	39	66.03	14.75	17.97
GCA_003283165.1_ASM328316v1_genomic_prodigal_proteins	217	GCA_002017915.1_ASM201791v1_genomic_prodigal_proteins	623	20	61.17	15.91	9.22
GCA_003283165.1_ASM328316v1_genomic_prodigal_proteins	217	GCA_900047545.1_m9_genomic_prodigal_proteins	1575	31	55.59	12.29	14.29
GCA_003283165.1_ASM328316v1_genomic_prodigal_proteins	217	GCA_001632105.1_ASM163210v1_genomic_prodigal_proteins	3521	82	68.50	15.76	37.79
GCA_003283165.1_ASM328316v1_genomic_prodigal_proteins	217	GCA_004212765.1_ASM421276v1_genomic_prodigal_proteins	1162	36	71.26	16.87	16.59
GCA_003283165.1_ASM328316v1_genomic_prodigal_proteins	217	GCA_002685515.1_ASM268551v1_genomic_prodigal_proteins	1286	12	65.92	15.91	5.53
GCA_003283165.1_ASM328316v1_genomic_prodigal_proteins	217	GCA_007828135.1_ASM782813v1_genomic_prodigal_proteins	2917	71	66.64	14.11	32.72
GCA_003283165.1_ASM328316v1_genomic_prodigal_proteins	217	GCA_011047875.1_ASM1104787v1_genomic_prodigal_proteins	2810	41	53.94	12.23	18.89
GCA_003283165.1_ASM328316v1_genomic_prodigal_proteins	217	GCA_009840445.1_ASM984044v1_genomic_prodigal_proteins	2167	56	60.09	12.15	25.81
GCA_003283165.1_ASM328316v1_genomic_prodigal_proteins	217	GCA_003210995.1_ASM321099v1_genomic_prodigal_proteins	2385	66	69.97	13.99	30.41
GCA_003283165.1_ASM328316v1_genomic_prodigal_proteins	217	GCA_902616995.1_AG-919-L20_genomic_prodigal_proteins	654	19	65.83	17.21	8.76
GCA_003283165.1_ASM328316v1_genomic_prodigal_proteins	217	GCA_009845825.1_ASM984582v1_genomic_prodigal_proteins	2168	50	58.83	12.78	23.04
GCA_003283165.1_ASM328316v1_genomic_prodigal_proteins	217	GCA_000515235.1_ASM51523v1_genomic_prodigal_proteins	2873	100	72.60	14.91	46.08
GCA_003283165.1_ASM328316v1_genomic_prodigal_proteins	217	GCA_003523965.1_ASM352396v1_genomic_prodigal_proteins	1735	38	58.89	13.23	17.51
GCA_003283165.1_ASM328316v1_genomic_prodigal_proteins	217	GCA_002684175.1_ASM268417v1_genomic_prodigal_proteins	1819	69	76.83	14.59	31.80
GCA_003283165.1_ASM328316v1_genomic_prodigal_proteins	217	GCA_011523295.1_ASM1152329v1_genomic_prodigal_proteins	2851	42	66.48	16.98	19.35
GCA_003283165.1_ASM328316v1_genomic_prodigal_proteins	217	GCA_003211015.1_ASM321101v1_genomic_prodigal_proteins	2128	61	70.75	14.70	28.11
GCA_003283165.1_ASM328316v1_genomic_prodigal_proteins	217	GCA_002006815.1_ASM200681v1_genomic_prodigal_proteins	1973	56	64.27	13.90	25.81
GCA_000019485.1_ASM1948v1_genomic_prodigal_proteins	3233	GCA_003283055.1_ASM328305v1_genomic_prodigal_proteins	482	35	50.96	14.67	7.26
GCA_000019485.1_ASM1948v1_genomic_prodigal_proteins	3233	GCA_000010065.1_ASM1006v1_genomic_prodigal_proteins	2691	1490	59.41	12.77	55.37
GCA_000019485.1_ASM1948v1_genomic_prodigal_proteins	3233	GCA_000316685.1_ASM31668v1_genomic_prodigal_proteins	3706	1540	59.23	12.82	47.63
GCA_000019485.1_ASM1948v1_genomic_prodigal_proteins	3233	GCA_000063525.1_ASM6352v1_genomic_prodigal_proteins	2540	1125	53.77	13.01	44.29
GCA_000019485.1_ASM1948v1_genomic_prodigal_proteins	3233	GCA_003283165.1_ASM328316v1_genomic_prodigal_proteins	217	56	51.40	12.17	25.81
GCA_000019485.1_ASM1948v1_genomic_prodigal_proteins	3233	GCA_902540675.1_AG-359-E22_genomic_prodigal_proteins	584	164	52.72	14.13	28.08
GCA_000019485.1_ASM1948v1_genomic_prodigal_proteins	3233	GCA_011055065.1_ASM1105506v1_genomic_prodigal_proteins	2792	1244	56.55	12.26	44.56
GCA_000019485.1_ASM1948v1_genomic_prodigal_proteins	3233	GCA_000013205.1_ASM1320v1_genomic_prodigal_proteins	2750	1271	56.46	12.31	46.22
GCA_000019485.1_ASM1948v1_genomic_prodigal_proteins	3233	GCA_003539795.1_ASM353979v1_genomic_prodigal_proteins	2284	812	51.86	12.01	35.55
GCA_000019485.1_ASM1948v1_genomic_prodigal_proteins	3233	GCA_002171995.1_ASM217199v1_genomic_prodigal_proteins	1978	619	52.90	12.58	31.29
GCA_000019485.1_ASM1948v1_genomic_prodigal_proteins	3233	GCA_011523835.1_ASM1152383v1_genomic_prodigal_proteins	2468	915	52.88	12.42	37.07
GCA_000019485.1_ASM1948v1_genomic_prodigal_proteins	3233	GCA_002172175.1_ASM217217v1_genomic_prodigal_proteins	1846	703	52.57	12.12	38.08
GCA_000019485.1_ASM1948v1_genomic_prodigal_proteins	3233	GCA_003208835.1_ASM320883v1_genomic_prodigal_proteins	2208	800	52.96	12.71	36.23
GCA_000019485.1_ASM1948v1_genomic_prodigal_proteins	3233	GCA_902589915.1_AG-914-F20_genomic_prodigal_proteins	373	88	53.88	13.70	23.59
GCA_000019485.1_ASM1948v1_genomic_prodigal_proteins	3233	GCA_000485815.1_ASM48581v1_genomic_prodigal_proteins	3083	2471	83.86	11.12	80.15
GCA_000019485.1_ASM1948v1_genomic_prodigal_proteins	3233	GCA_008807075.1_ASM880707v1_genomic_prodigal_proteins	2925	1126	53.14	12.73	38.50
GCA_000019485.1_ASM1948v1_genomic_prodigal_proteins	3233	GCA_000179235.2_ASM17923v2_genomic_prodigal_proteins	3071	1182	53.89	12.80	38.49
GCA_000019485.1_ASM1948v1_genomic_prodigal_proteins	3233	GCA_003210795.1_ASM321079v1_genomic_prodigal_proteins	2239	798	52.38	12.56	35.64
GCA_000019485.1_ASM1948v1_genomic_prodigal_proteins	3233	GCA_002706715.1_ASM270671v1_genomic_prodigal_proteins	1148	580	53.40	12.88	50.52
GCA_000019485.1_ASM1948v1_genomic_prodigal_proteins	3233	GCA_003331245.1_ASM333124v1_genomic_prodigal_proteins	2021	910	52.86	12.36	45.03
GCA_000019485.1_ASM1948v1_genomic_prodigal_proteins	3233	GCA_009843385.1_ASM984338v1_genomic_prodigal_proteins	2085	770	53.86	12.40	36.93
GCA_000019485.1_ASM1948v1_genomic_prodigal_proteins	3233	GCA_003211205.1_ASM321120v1_genomic_prodigal_proteins	2288	831	53.02	13.01	36.32
GCA_000019485.1_ASM1948v1_genomic_prodigal_proteins	3233	GCA_000063505.1_ASM6350v1_genomic_prodigal_proteins	2558	1080	53.36	12.89	42.22
GCA_000019485.1_ASM1948v1_genomic_prodigal_proteins	3233	GCA_900474245.1_UW179B_genomic_prodigal_proteins	2743	1078	53.31	12.81	39.30
GCA_000019485.1_ASM1948v1_genomic_prodigal_proteins	3233	GCA_003210345.1_ASM321034v1_genomic_prodigal_proteins	1256	419	51.97	12.54	33.36
GCA_000019485.1_ASM1948v1_genomic_prodigal_proteins	3233	GCA_003210315.1_ASM321031v1_genomic_prodigal_proteins	1815	637	53.18	12.77	35.10
GCA_000019485.1_ASM1948v1_genomic_prodigal_proteins	3233	GCA_009836155.1_ASM983615v1_genomic_prodigal_proteins	1947	876	53.58	12.15	44.99
GCA_000019485.1_ASM1948v1_genomic_prodigal_proteins	3233	GCA_003990665.2_ASM399066v2_genomic_prodigal_proteins	2499	1425	59.28	12.98	57.02
GCA_000019485.1_ASM1948v1_genomic_prodigal_proteins	3233	GCA_003209135.1_ASM320913v1_genomic_prodigal_proteins	1719	568	51.92	12.42	33.04
GCA_000019485.1_ASM1948v1_genomic_prodigal_proteins	3233	GCA_009845105.1_ASM984510v1_genomic_prodigal_proteins	1941	733	53.11	12.38	37.76
GCA_000019485.1_ASM1948v1_genomic_prodigal_proteins	3233	GCA_002690325.1_ASM269032v1_genomic_prodigal_proteins	2554	978	52.33	12.54	38.29
GCA_000019485.1_ASM1948v1_genomic_prodigal_proteins	3233	GCA_000161795.2_ASM16179v2_genomic_prodigal_proteins	2407	1039	53.79	12.82	43.17
GCA_000019485.1_ASM1948v1_genomic_prodigal_proteins	3233	GCA_004211895.1_ASM421189v1_genomic_prodigal_proteins	954	446	53.16	12.93	46.75
GCA_000019485.1_ASM1948v1_genomic_prodigal_proteins	3233	GCA_003210735.1_ASM321073v1_genomic_prodigal_proteins	2337	781	52.34	12.67	33.42
GCA_000019485.1_ASM1948v1_genomic_prodigal_proteins	3233	GCA_003209035.1_ASM320903v1_genomic_prodigal_proteins	1803	584	52.69	13.03	32.39
GCA_000019485.1_ASM1948v1_genomic_prodigal_proteins	3233	GCA_003712085.1_ASM371208v1_genomic_prodigal_proteins	2745	1101	53.24	12.83	40.11
GCA_000019485.1_ASM1948v1_genomic_prodigal_proteins	3233	GCA_003212155.1_ASM321215v1_genomic_prodigal_proteins	262	58	53.70	15.31	22.14
GCA_000019485.1_ASM1948v1_genomic_prodigal_proteins	3233	GCA_001040845.1_ASM104084v1_genomic_prodigal_proteins	2917	1087	53.14	12.88	37.26
GCA_000019485.1_ASM1948v1_genomic_prodigal_proteins	3233	GCA_002018015.1_ASM201801v1_genomic_prodigal_proteins	1578	703	54.26	12.52	44.55
GCA_000019485.1_ASM1948v1_genomic_prodigal_proteins	3233	GCA_003211255.1_ASM321125v1_genomic_prodigal_proteins	1850	604	51.71	12.62	32.65
GCA_000019485.1_ASM1948v1_genomic_prodigal_proteins	3233	GCA_002721235.1_ASM272123v1_genomic_prodigal_proteins	3119	2737	97.58	6.17	87.75
GCA_000019485.1_ASM1948v1_genomic_prodigal_proteins	3233	GCA_009839305.1_ASM983930v1_genomic_prodigal_proteins	1816	684	54.44	12.52	37.67
GCA_000019485.1_ASM1948v1_genomic_prodigal_proteins	3233	GCA_011365345.1_ASM1136534v1_genomic_prodigal_proteins	2655	1064	53.71	12.85	40.08
GCA_000019485.1_ASM1948v1_genomic_prodigal_proteins	3233	GCA_001039265.1_ASM103926v1_genomic_prodigal_proteins	2832	811	55.29	12.93	28.64
GCA_000019485.1_ASM1948v1_genomic_prodigal_proteins	3233	GCA_001628325.1_ASM162832v1_genomic_prodigal_proteins	2129	958	53.57	12.46	45.00
GCA_000019485.1_ASM1948v1_genomic_prodigal_proteins	3233	GCA_003209215.1_ASM320921v1_genomic_prodigal_proteins	1679	552	53.92	13.12	32.88
GCA_000019485.1_ASM1948v1_genomic_prodigal_proteins	3233	GCA_002737305.1_ASM273730v1_genomic_prodigal_proteins	1951	865	54.59	12.76	44.34
GCA_000019485.1_ASM1948v1_genomic_prodigal_proteins	3233	GCA_003210515.1_ASM321051v1_genomic_prodigal_proteins	1673	609	52.45	12.74	36.40
GCA_000019485.1_ASM1948v1_genomic_prodigal_proteins	3233	GCA_011525445.1_ASM1152544v1_genomic_prodigal_proteins	3208	881	52.31	12.47	27.46
GCA_000019485.1_ASM1948v1_genomic_prodigal_proteins	3233	GCA_902599435.1_AG-916-N22_genomic_prodigal_proteins	793	270	55.34	13.12	34.05
GCA_000019485.1_ASM1948v1_genomic_prodigal_proteins	3233	GCA_003149585.1_ASM314958v1_genomic_prodigal_proteins	2600	1138	53.96	12.80	43.77
GCA_000019485.1_ASM1948v1_genomic_prodigal_proteins	3233	GCA_902560665.1_AG-905-O11_genomic_prodigal_proteins	401	98	55.83	14.14	24.44
GCA_000019485.1_ASM1948v1_genomic_prodigal_proteins	3233	GCA_003331795.1_ASM333179v1_genomic_prodigal_proteins	1948	895	53.58	12.96	45.94
GCA_000019485.1_ASM1948v1_genomic_prodigal_proteins	3233	GCA_002017955.1_ASM201795v1_genomic_prodigal_proteins	512	204	53.34	12.63	39.84
GCA_000019485.1_ASM1948v1_genomic_prodigal_proteins	3233	GCA_902584485.1_AG-912-O23_genomic_prodigal_proteins	535	148	53.31	13.43	27.66
GCA_000019485.1_ASM1948v1_genomic_prodigal_proteins	3233	GCA_902527915.1_AG-896-G19_genomic_prodigal_proteins	1003	346	53.17	13.45	34.50
GCA_000019485.1_ASM1948v1_genomic_prodigal_proteins	3233	GCA_902635365.1_AG-447-D19_genomic_prodigal_proteins	1690	508	53.82	12.84	30.06
GCA_000019485.1_ASM1948v1_genomic_prodigal_proteins	3233	GCA_900474085.1_UW86_genomic_prodigal_proteins	2403	1051	53.66	12.78	43.74
GCA_000019485.1_ASM1948v1_genomic_prodigal_proteins	3233	GCA_001885215.1_ASM188521v1_genomic_prodigal_proteins	2897	1178	53.54	12.58	40.66
GCA_000019485.1_ASM1948v1_genomic_prodigal_proteins	3233	GCA_902575935.1_AG-426-B22_genomic_prodigal_proteins	254	100	58.30	14.59	39.37
GCA_000019485.1_ASM1948v1_genomic_prodigal_proteins	3233	GCA_900474295.1_UW140_genomic_prodigal_proteins	2925	1083	53.38	12.94	37.03
GCA_000019485.1_ASM1948v1_genomic_prodigal_proteins	3233	GCA_003211565.1_ASM321156v1_genomic_prodigal_proteins	1489	481	53.31	13.05	32.30
GCA_000019485.1_ASM1948v1_genomic_prodigal_proteins	3233	GCA_003526105.1_ASM352610v1_genomic_prodigal_proteins	1581	567	54.33	12.51	35.86
GCA_000019485.1_ASM1948v1_genomic_prodigal_proteins	3233	GCA_002172935.1_ASM217293v1_genomic_prodigal_proteins	1996	835	52.56	12.60	41.83
GCA_000019485.1_ASM1948v1_genomic_prodigal_proteins	3233	GCA_003210335.1_ASM321033v1_genomic_prodigal_proteins	942	197	52.36	13.51	20.91
GCA_000019485.1_ASM1948v1_genomic_prodigal_proteins	3233	GCA_009846115.1_ASM984611v1_genomic_prodigal_proteins	2048	813	53.20	12.32	39.70
GCA_000019485.1_ASM1948v1_genomic_prodigal_proteins	3233	GCA_001693295.1_ASM169329v1_genomic_prodigal_proteins	3183	2803	97.85	5.63	88.06
GCA_000019485.1_ASM1948v1_genomic_prodigal_proteins	3233	GCA_900473965.1_UW179A_genomic_prodigal_proteins	3383	1077	53.28	13.00	33.31
GCA_000019485.1_ASM1948v1_genomic_prodigal_proteins	3233	GCA_003213755.1_ASM321375v1_genomic_prodigal_proteins	1050	383	53.29	13.27	36.48
GCA_000019485.1_ASM1948v1_genomic_prodigal_proteins	3233	GCA_003209155.1_ASM320915v1_genomic_prodigal_proteins	2305	801	53.24	12.76	34.75
GCA_000019485.1_ASM1948v1_genomic_prodigal_proteins	3233	GCA_003211515.1_ASM321151v1_genomic_prodigal_proteins	2451	708	52.61	12.83	28.89
GCA_000019485.1_ASM1948v1_genomic_prodigal_proteins	3233	GCA_002693285.1_ASM269328v1_genomic_prodigal_proteins	2440	928	52.94	12.76	38.03
GCA_000019485.1_ASM1948v1_genomic_prodigal_proteins	3233	GCA_003210555.1_ASM321055v1_genomic_prodigal_proteins	1847	586	53.09	12.64	31.73
GCA_000019485.1_ASM1948v1_genomic_prodigal_proteins	3233	GCA_000155595.1_ASM15559v1_genomic_prodigal_proteins	5270	1717	58.95	12.96	53.11
GCA_000019485.1_ASM1948v1_genomic_prodigal_proteins	3233	GCA_001007665.1_ASM100766v1_genomic_prodigal_proteins	2356	934	53.35	12.20	39.64
GCA_000019485.1_ASM1948v1_genomic_prodigal_proteins	3233	GCA_009919765.1_ASM991976v1_genomic_prodigal_proteins	2524	758	53.50	12.94	30.03
GCA_000019485.1_ASM1948v1_genomic_prodigal_proteins	3233	GCA_003331225.1_ASM333122v1_genomic_prodigal_proteins	2113	967	53.69	12.79	45.76
GCA_000019485.1_ASM1948v1_genomic_prodigal_proteins	3233	GCA_900177825.1_IMG-taxon_2708742468_annotated_assembly_genomic_prodigal_proteins	3317	3141	99.98	0.23	97.15
GCA_000019485.1_ASM1948v1_genomic_prodigal_proteins	3233	GCA_000195975.1_ASM19597v1_genomic_prodigal_proteins	2719	1094	53.35	12.92	40.24
GCA_000019485.1_ASM1948v1_genomic_prodigal_proteins	3233	GCA_902618885.1_AG-920-D15_genomic_prodigal_proteins	1178	415	54.08	13.31	35.23
GCA_000019485.1_ASM1948v1_genomic_prodigal_proteins	3233	GCA_003209165.1_ASM320916v1_genomic_prodigal_proteins	2711	918	53.62	12.82	33.86
GCA_000019485.1_ASM1948v1_genomic_prodigal_proteins	3233	GCA_001007625.1_ASM100762v1_genomic_prodigal_proteins	2478	819	54.12	12.38	33.05
GCA_000019485.1_ASM1948v1_genomic_prodigal_proteins	3233	GCA_008386235.1_ASM838623v1_genomic_prodigal_proteins	2571	1459	59.13	13.02	56.75
GCA_000019485.1_ASM1948v1_genomic_prodigal_proteins	3233	GCA_001631935.1_ASM163193v1_genomic_prodigal_proteins	3526	1063	53.28	12.93	32.88
GCA_000019485.1_ASM1948v1_genomic_prodigal_proteins	3233	GCA_002151525.1_ASM215152v1_genomic_prodigal_proteins	1628	781	53.69	12.75	47.97
GCA_000019485.1_ASM1948v1_genomic_prodigal_proteins	3233	GCA_000153065.1_ASM15306v1_genomic_prodigal_proteins	2704	1101	53.54	12.91	40.72
GCA_000019485.1_ASM1948v1_genomic_prodigal_proteins	3233	GCA_009837265.1_ASM983726v1_genomic_prodigal_proteins	2126	861	53.55	12.37	40.50
GCA_000019485.1_ASM1948v1_genomic_prodigal_proteins	3233	GCA_902533725.1_AG-898-C20_genomic_prodigal_proteins	421	95	55.08	14.84	22.57
GCA_000019485.1_ASM1948v1_genomic_prodigal_proteins	3233	GCA_002171075.2_ASM217107v2_genomic_prodigal_proteins	1919	814	52.47	12.50	42.42
GCA_000019485.1_ASM1948v1_genomic_prodigal_proteins	3233	GCA_002760395.1_ASM276039v1_genomic_prodigal_proteins	2661	1243	56.39	12.34	46.71
GCA_000019485.1_ASM1948v1_genomic_prodigal_proteins	3233	GCA_003209005.1_ASM320900v1_genomic_prodigal_proteins	2548	876	52.95	12.71	34.38
GCA_000019485.1_ASM1948v1_genomic_prodigal_proteins	3233	GCA_002017915.1_ASM201791v1_genomic_prodigal_proteins	623	274	54.95	13.32	43.98
GCA_000019485.1_ASM1948v1_genomic_prodigal_proteins	3233	GCA_900047545.1_m9_genomic_prodigal_proteins	1575	710	53.17	12.49	45.08
GCA_000019485.1_ASM1948v1_genomic_prodigal_proteins	3233	GCA_001632105.1_ASM163210v1_genomic_prodigal_proteins	3521	1063	53.22	12.85	32.88
GCA_000019485.1_ASM1948v1_genomic_prodigal_proteins	3233	GCA_004212765.1_ASM421276v1_genomic_prodigal_proteins	1162	548	52.94	12.70	47.16
GCA_000019485.1_ASM1948v1_genomic_prodigal_proteins	3233	GCA_002685515.1_ASM268551v1_genomic_prodigal_proteins	1286	568	51.99	12.52	44.17
GCA_000019485.1_ASM1948v1_genomic_prodigal_proteins	3233	GCA_007828135.1_ASM782813v1_genomic_prodigal_proteins	2917	1182	53.58	12.66	40.52
GCA_000019485.1_ASM1948v1_genomic_prodigal_proteins	3233	GCA_011047875.1_ASM1104787v1_genomic_prodigal_proteins	2810	1268	56.68	12.25	45.12
GCA_000019485.1_ASM1948v1_genomic_prodigal_proteins	3233	GCA_009840445.1_ASM984044v1_genomic_prodigal_proteins	2167	948	53.41	12.29	43.75
GCA_000019485.1_ASM1948v1_genomic_prodigal_proteins	3233	GCA_003210995.1_ASM321099v1_genomic_prodigal_proteins	2385	752	53.81	13.17	31.53
GCA_000019485.1_ASM1948v1_genomic_prodigal_proteins	3233	GCA_902616995.1_AG-919-L20_genomic_prodigal_proteins	654	209	52.96	13.29	31.96
GCA_000019485.1_ASM1948v1_genomic_prodigal_proteins	3233	GCA_009845825.1_ASM984582v1_genomic_prodigal_proteins	2168	811	53.68	12.17	37.41
GCA_000019485.1_ASM1948v1_genomic_prodigal_proteins	3233	GCA_000515235.1_ASM51523v1_genomic_prodigal_proteins	2873	1075	53.36	12.88	37.42
GCA_000019485.1_ASM1948v1_genomic_prodigal_proteins	3233	GCA_003523965.1_ASM352396v1_genomic_prodigal_proteins	1735	617	54.75	12.28	35.56
GCA_000019485.1_ASM1948v1_genomic_prodigal_proteins	3233	GCA_002684175.1_ASM268417v1_genomic_prodigal_proteins	1819	630	51.94	12.14	34.63
GCA_000019485.1_ASM1948v1_genomic_prodigal_proteins	3233	GCA_011523295.1_ASM1152329v1_genomic_prodigal_proteins	2851	825	51.41	12.27	28.94
GCA_000019485.1_ASM1948v1_genomic_prodigal_proteins	3233	GCA_003211015.1_ASM321101v1_genomic_prodigal_proteins	2128	775	52.62	12.84	36.42
GCA_000019485.1_ASM1948v1_genomic_prodigal_proteins	3233	GCA_002006815.1_ASM200681v1_genomic_prodigal_proteins	1973	992	53.70	12.81	50.28
GCA_902540675.1_AG-359-E22_genomic_prodigal_proteins	584	GCA_011055065.1_ASM1105506v1_genomic_prodigal_proteins	2792	142	52.42	12.60	24.32
GCA_902540675.1_AG-359-E22_genomic_prodigal_proteins	584	GCA_000013205.1_ASM1320v1_genomic_prodigal_proteins	2750	150	53.07	12.77	25.68
GCA_902540675.1_AG-359-E22_genomic_prodigal_proteins	584	GCA_003539795.1_ASM353979v1_genomic_prodigal_proteins	2284	242	76.67	14.62	41.44
GCA_902540675.1_AG-359-E22_genomic_prodigal_proteins	584	GCA_002171995.1_ASM217199v1_genomic_prodigal_proteins	1978	159	71.54	14.69	27.23
GCA_902540675.1_AG-359-E22_genomic_prodigal_proteins	584	GCA_011523835.1_ASM1152383v1_genomic_prodigal_proteins	2468	257	71.11	14.84	44.01
GCA_902540675.1_AG-359-E22_genomic_prodigal_proteins	584	GCA_002172175.1_ASM217217v1_genomic_prodigal_proteins	1846	175	66.60	14.24	29.97
GCA_902540675.1_AG-359-E22_genomic_prodigal_proteins	584	GCA_003208835.1_ASM320883v1_genomic_prodigal_proteins	2208	265	75.23	15.23	45.38
GCA_902540675.1_AG-359-E22_genomic_prodigal_proteins	584	GCA_902589915.1_AG-914-F20_genomic_prodigal_proteins	373	56	83.27	21.62	15.01
GCA_902540675.1_AG-359-E22_genomic_prodigal_proteins	584	GCA_000485815.1_ASM48581v1_genomic_prodigal_proteins	3083	157	53.48	14.34	26.88
GCA_902540675.1_AG-359-E22_genomic_prodigal_proteins	584	GCA_008807075.1_ASM880707v1_genomic_prodigal_proteins	2925	254	67.75	14.73	43.49
GCA_902540675.1_AG-359-E22_genomic_prodigal_proteins	584	GCA_000179235.2_ASM17923v2_genomic_prodigal_proteins	3071	260	67.42	15.31	44.52
GCA_902540675.1_AG-359-E22_genomic_prodigal_proteins	584	GCA_003210795.1_ASM321079v1_genomic_prodigal_proteins	2239	253	76.19	15.24	43.32
GCA_902540675.1_AG-359-E22_genomic_prodigal_proteins	584	GCA_002706715.1_ASM270671v1_genomic_prodigal_proteins	1148	168	80.64	12.79	28.77
GCA_902540675.1_AG-359-E22_genomic_prodigal_proteins	584	GCA_003331245.1_ASM333124v1_genomic_prodigal_proteins	2021	272	77.11	14.21	46.58
GCA_902540675.1_AG-359-E22_genomic_prodigal_proteins	584	GCA_009843385.1_ASM984338v1_genomic_prodigal_proteins	2085	159	62.85	14.63	27.23
GCA_902540675.1_AG-359-E22_genomic_prodigal_proteins	584	GCA_003211205.1_ASM321120v1_genomic_prodigal_proteins	2288	266	70.28	14.99	45.55
GCA_902540675.1_AG-359-E22_genomic_prodigal_proteins	584	GCA_000063505.1_ASM6350v1_genomic_prodigal_proteins	2558	300	72.07	15.65	51.37
GCA_902540675.1_AG-359-E22_genomic_prodigal_proteins	584	GCA_900474245.1_UW179B_genomic_prodigal_proteins	2743	291	70.30	15.49	49.83
GCA_902540675.1_AG-359-E22_genomic_prodigal_proteins	584	GCA_003210345.1_ASM321034v1_genomic_prodigal_proteins	1256	117	71.32	15.68	20.03
GCA_902540675.1_AG-359-E22_genomic_prodigal_proteins	584	GCA_003210315.1_ASM321031v1_genomic_prodigal_proteins	1815	114	64.95	15.28	19.52
GCA_902540675.1_AG-359-E22_genomic_prodigal_proteins	584	GCA_009836155.1_ASM983615v1_genomic_prodigal_proteins	1947	179	62.28	14.38	30.65
GCA_902540675.1_AG-359-E22_genomic_prodigal_proteins	584	GCA_003990665.2_ASM399066v2_genomic_prodigal_proteins	2499	160	54.03	13.19	27.40
GCA_902540675.1_AG-359-E22_genomic_prodigal_proteins	584	GCA_003209135.1_ASM320913v1_genomic_prodigal_proteins	1719	167	71.66	17.25	28.60
GCA_902540675.1_AG-359-E22_genomic_prodigal_proteins	584	GCA_009845105.1_ASM984510v1_genomic_prodigal_proteins	1941	148	62.16	14.77	25.34
GCA_902540675.1_AG-359-E22_genomic_prodigal_proteins	584	GCA_002690325.1_ASM269032v1_genomic_prodigal_proteins	2554	276	72.66	15.20	47.26
GCA_902540675.1_AG-359-E22_genomic_prodigal_proteins	584	GCA_000161795.2_ASM16179v2_genomic_prodigal_proteins	2407	315	78.46	13.94	53.94
GCA_902540675.1_AG-359-E22_genomic_prodigal_proteins	584	GCA_004211895.1_ASM421189v1_genomic_prodigal_proteins	954	86	73.11	17.79	14.73
GCA_902540675.1_AG-359-E22_genomic_prodigal_proteins	584	GCA_003210735.1_ASM321073v1_genomic_prodigal_proteins	2337	248	76.47	14.26	42.47
GCA_902540675.1_AG-359-E22_genomic_prodigal_proteins	584	GCA_003209035.1_ASM320903v1_genomic_prodigal_proteins	1803	272	76.55	14.98	46.58
GCA_902540675.1_AG-359-E22_genomic_prodigal_proteins	584	GCA_003712085.1_ASM371208v1_genomic_prodigal_proteins	2745	372	93.86	10.17	63.70
GCA_902540675.1_AG-359-E22_genomic_prodigal_proteins	584	GCA_003212155.1_ASM321215v1_genomic_prodigal_proteins	262	36	71.89	16.02	13.74
GCA_902540675.1_AG-359-E22_genomic_prodigal_proteins	584	GCA_001040845.1_ASM104084v1_genomic_prodigal_proteins	2917	295	70.63	14.89	50.51
GCA_902540675.1_AG-359-E22_genomic_prodigal_proteins	584	GCA_002018015.1_ASM201801v1_genomic_prodigal_proteins	1578	157	63.24	14.91	26.88
GCA_902540675.1_AG-359-E22_genomic_prodigal_proteins	584	GCA_003211255.1_ASM321125v1_genomic_prodigal_proteins	1850	202	74.69	15.60	34.59
GCA_902540675.1_AG-359-E22_genomic_prodigal_proteins	584	GCA_002721235.1_ASM272123v1_genomic_prodigal_proteins	3119	165	52.80	13.98	28.25
GCA_902540675.1_AG-359-E22_genomic_prodigal_proteins	584	GCA_009839305.1_ASM983930v1_genomic_prodigal_proteins	1816	139	63.53	14.82	23.80
GCA_902540675.1_AG-359-E22_genomic_prodigal_proteins	584	GCA_011365345.1_ASM1136534v1_genomic_prodigal_proteins	2655	332	77.26	14.36	56.85
GCA_902540675.1_AG-359-E22_genomic_prodigal_proteins	584	GCA_001039265.1_ASM103926v1_genomic_prodigal_proteins	2832	196	69.13	15.49	33.56
GCA_902540675.1_AG-359-E22_genomic_prodigal_proteins	584	GCA_001628325.1_ASM162832v1_genomic_prodigal_proteins	2129	257	78.87	13.81	44.01
GCA_902540675.1_AG-359-E22_genomic_prodigal_proteins	584	GCA_003209215.1_ASM320921v1_genomic_prodigal_proteins	1679	184	78.27	15.51	31.51
GCA_902540675.1_AG-359-E22_genomic_prodigal_proteins	584	GCA_002737305.1_ASM273730v1_genomic_prodigal_proteins	1951	188	68.15	15.30	32.19
GCA_902540675.1_AG-359-E22_genomic_prodigal_proteins	584	GCA_003210515.1_ASM321051v1_genomic_prodigal_proteins	1673	213	70.92	15.39	36.47
GCA_902540675.1_AG-359-E22_genomic_prodigal_proteins	584	GCA_011525445.1_ASM1152544v1_genomic_prodigal_proteins	3208	224	69.48	15.40	38.36
GCA_902540675.1_AG-359-E22_genomic_prodigal_proteins	584	GCA_902599435.1_AG-916-N22_genomic_prodigal_proteins	793	142	88.47	15.12	24.32
GCA_902540675.1_AG-359-E22_genomic_prodigal_proteins	584	GCA_003149585.1_ASM314958v1_genomic_prodigal_proteins	2600	264	66.98	15.12	45.21
GCA_902540675.1_AG-359-E22_genomic_prodigal_proteins	584	GCA_902560665.1_AG-905-O11_genomic_prodigal_proteins	401	47	92.77	13.44	11.72
GCA_902540675.1_AG-359-E22_genomic_prodigal_proteins	584	GCA_003331795.1_ASM333179v1_genomic_prodigal_proteins	1948	225	67.83	15.33	38.53
GCA_902540675.1_AG-359-E22_genomic_prodigal_proteins	584	GCA_002017955.1_ASM201795v1_genomic_prodigal_proteins	512	47	60.07	14.51	9.18
GCA_902540675.1_AG-359-E22_genomic_prodigal_proteins	584	GCA_902584485.1_AG-912-O23_genomic_prodigal_proteins	535	39	87.45	18.92	7.29
GCA_902540675.1_AG-359-E22_genomic_prodigal_proteins	584	GCA_902527915.1_AG-896-G19_genomic_prodigal_proteins	1003	106	87.12	20.05	18.15
GCA_902540675.1_AG-359-E22_genomic_prodigal_proteins	584	GCA_902635365.1_AG-447-D19_genomic_prodigal_proteins	1690	214	73.88	16.18	36.64
GCA_902540675.1_AG-359-E22_genomic_prodigal_proteins	584	GCA_900474085.1_UW86_genomic_prodigal_proteins	2403	320	77.30	14.80	54.79
GCA_902540675.1_AG-359-E22_genomic_prodigal_proteins	584	GCA_001885215.1_ASM188521v1_genomic_prodigal_proteins	2897	252	67.10	14.62	43.15
GCA_902540675.1_AG-359-E22_genomic_prodigal_proteins	584	GCA_902575935.1_AG-426-B22_genomic_prodigal_proteins	254	87	79.00	15.32	34.25
GCA_902540675.1_AG-359-E22_genomic_prodigal_proteins	584	GCA_900474295.1_UW140_genomic_prodigal_proteins	2925	306	71.41	15.19	52.40
GCA_902540675.1_AG-359-E22_genomic_prodigal_proteins	584	GCA_003211565.1_ASM321156v1_genomic_prodigal_proteins	1489	181	75.92	16.07	30.99
GCA_902540675.1_AG-359-E22_genomic_prodigal_proteins	584	GCA_003526105.1_ASM352610v1_genomic_prodigal_proteins	1581	154	79.80	14.20	26.37
GCA_902540675.1_AG-359-E22_genomic_prodigal_proteins	584	GCA_002172935.1_ASM217293v1_genomic_prodigal_proteins	1996	214	70.69	15.67	36.64
GCA_902540675.1_AG-359-E22_genomic_prodigal_proteins	584	GCA_003210335.1_ASM321033v1_genomic_prodigal_proteins	942	57	59.46	17.90	9.76
GCA_902540675.1_AG-359-E22_genomic_prodigal_proteins	584	GCA_009846115.1_ASM984611v1_genomic_prodigal_proteins	2048	167	63.16	14.23	28.60
GCA_902540675.1_AG-359-E22_genomic_prodigal_proteins	584	GCA_001693295.1_ASM169329v1_genomic_prodigal_proteins	3183	163	52.94	13.97	27.91
GCA_902540675.1_AG-359-E22_genomic_prodigal_proteins	584	GCA_900473965.1_UW179A_genomic_prodigal_proteins	3383	309	70.81	15.33	52.91
GCA_902540675.1_AG-359-E22_genomic_prodigal_proteins	584	GCA_003213755.1_ASM321375v1_genomic_prodigal_proteins	1050	90	67.46	17.22	15.41
GCA_902540675.1_AG-359-E22_genomic_prodigal_proteins	584	GCA_003209155.1_ASM320915v1_genomic_prodigal_proteins	2305	211	69.75	16.02	36.13
GCA_902540675.1_AG-359-E22_genomic_prodigal_proteins	584	GCA_003211515.1_ASM321151v1_genomic_prodigal_proteins	2451	221	72.80	15.07	37.84
GCA_902540675.1_AG-359-E22_genomic_prodigal_proteins	584	GCA_002693285.1_ASM269328v1_genomic_prodigal_proteins	2440	264	71.37	15.18	45.21
GCA_902540675.1_AG-359-E22_genomic_prodigal_proteins	584	GCA_003210555.1_ASM321055v1_genomic_prodigal_proteins	1847	145	68.35	15.55	24.83
GCA_902540675.1_AG-359-E22_genomic_prodigal_proteins	584	GCA_000155595.1_ASM15559v1_genomic_prodigal_proteins	5270	177	53.19	13.44	30.31
GCA_902540675.1_AG-359-E22_genomic_prodigal_proteins	584	GCA_001007665.1_ASM100766v1_genomic_prodigal_proteins	2356	195	61.53	14.44	33.39
GCA_902540675.1_AG-359-E22_genomic_prodigal_proteins	584	GCA_009919765.1_ASM991976v1_genomic_prodigal_proteins	2524	187	67.44	15.21	32.02
GCA_902540675.1_AG-359-E22_genomic_prodigal_proteins	584	GCA_003331225.1_ASM333122v1_genomic_prodigal_proteins	2113	235	68.04	15.95	40.24
GCA_902540675.1_AG-359-E22_genomic_prodigal_proteins	584	GCA_900177825.1_IMG-taxon_2708742468_annotated_assembly_genomic_prodigal_proteins	3317	159	52.78	14.14	27.23
GCA_902540675.1_AG-359-E22_genomic_prodigal_proteins	584	GCA_000195975.1_ASM19597v1_genomic_prodigal_proteins	2719	371	93.09	11.64	63.53
GCA_902540675.1_AG-359-E22_genomic_prodigal_proteins	584	GCA_902618885.1_AG-920-D15_genomic_prodigal_proteins	1178	214	94.01	11.69	36.64
GCA_902540675.1_AG-359-E22_genomic_prodigal_proteins	584	GCA_003209165.1_ASM320916v1_genomic_prodigal_proteins	2711	309	76.43	15.67	52.91
GCA_902540675.1_AG-359-E22_genomic_prodigal_proteins	584	GCA_001007625.1_ASM100762v1_genomic_prodigal_proteins	2478	175	62.32	14.29	29.97
GCA_902540675.1_AG-359-E22_genomic_prodigal_proteins	584	GCA_008386235.1_ASM838623v1_genomic_prodigal_proteins	2571	162	53.98	13.32	27.74
GCA_902540675.1_AG-359-E22_genomic_prodigal_proteins	584	GCA_001631935.1_ASM163193v1_genomic_prodigal_proteins	3526	300	70.78	15.29	51.37
GCA_902540675.1_AG-359-E22_genomic_prodigal_proteins	584	GCA_002151525.1_ASM215152v1_genomic_prodigal_proteins	1628	181	62.53	14.89	30.99
GCA_902540675.1_AG-359-E22_genomic_prodigal_proteins	584	GCA_000153065.1_ASM15306v1_genomic_prodigal_proteins	2704	277	72.65	14.33	47.43
GCA_902540675.1_AG-359-E22_genomic_prodigal_proteins	584	GCA_009837265.1_ASM983726v1_genomic_prodigal_proteins	2126	178	62.75	14.14	30.48
GCA_902540675.1_AG-359-E22_genomic_prodigal_proteins	584	GCA_902533725.1_AG-898-C20_genomic_prodigal_proteins	421	52	74.83	14.54	12.35
GCA_902540675.1_AG-359-E22_genomic_prodigal_proteins	584	GCA_002171075.2_ASM217107v2_genomic_prodigal_proteins	1919	191	67.21	16.14	32.71
GCA_902540675.1_AG-359-E22_genomic_prodigal_proteins	584	GCA_002760395.1_ASM276039v1_genomic_prodigal_proteins	2661	150	52.91	12.83	25.68
GCA_902540675.1_AG-359-E22_genomic_prodigal_proteins	584	GCA_003209005.1_ASM320900v1_genomic_prodigal_proteins	2548	236	70.73	15.69	40.41
GCA_902540675.1_AG-359-E22_genomic_prodigal_proteins	584	GCA_002017915.1_ASM201791v1_genomic_prodigal_proteins	623	67	66.49	16.64	11.47
GCA_902540675.1_AG-359-E22_genomic_prodigal_proteins	584	GCA_900047545.1_m9_genomic_prodigal_proteins	1575	145	62.84	14.41	24.83
GCA_902540675.1_AG-359-E22_genomic_prodigal_proteins	584	GCA_001632105.1_ASM163210v1_genomic_prodigal_proteins	3521	303	70.41	15.41	51.88
GCA_902540675.1_AG-359-E22_genomic_prodigal_proteins	584	GCA_004212765.1_ASM421276v1_genomic_prodigal_proteins	1162	147	87.52	12.63	25.17
GCA_902540675.1_AG-359-E22_genomic_prodigal_proteins	584	GCA_002685515.1_ASM268551v1_genomic_prodigal_proteins	1286	153	69.66	14.57	26.20
GCA_902540675.1_AG-359-E22_genomic_prodigal_proteins	584	GCA_007828135.1_ASM782813v1_genomic_prodigal_proteins	2917	252	67.10	14.62	43.15
GCA_902540675.1_AG-359-E22_genomic_prodigal_proteins	584	GCA_011047875.1_ASM1104787v1_genomic_prodigal_proteins	2810	150	53.03	13.04	25.68
GCA_902540675.1_AG-359-E22_genomic_prodigal_proteins	584	GCA_009840445.1_ASM984044v1_genomic_prodigal_proteins	2167	194	62.55	14.35	33.22
GCA_902540675.1_AG-359-E22_genomic_prodigal_proteins	584	GCA_003210995.1_ASM321099v1_genomic_prodigal_proteins	2385	227	69.86	16.18	38.87
GCA_902540675.1_AG-359-E22_genomic_prodigal_proteins	584	GCA_902616995.1_AG-919-L20_genomic_prodigal_proteins	654	46	88.38	17.90	7.88
GCA_902540675.1_AG-359-E22_genomic_prodigal_proteins	584	GCA_009845825.1_ASM984582v1_genomic_prodigal_proteins	2168	167	61.76	14.69	28.60
GCA_902540675.1_AG-359-E22_genomic_prodigal_proteins	584	GCA_000515235.1_ASM51523v1_genomic_prodigal_proteins	2873	334	74.20	16.23	57.19
GCA_902540675.1_AG-359-E22_genomic_prodigal_proteins	584	GCA_003523965.1_ASM352396v1_genomic_prodigal_proteins	1735	119	63.49	14.58	20.38
GCA_902540675.1_AG-359-E22_genomic_prodigal_proteins	584	GCA_002684175.1_ASM268417v1_genomic_prodigal_proteins	1819	183	75.80	13.56	31.34
GCA_902540675.1_AG-359-E22_genomic_prodigal_proteins	584	GCA_011523295.1_ASM1152329v1_genomic_prodigal_proteins	2851	235	71.85	15.05	40.24
GCA_902540675.1_AG-359-E22_genomic_prodigal_proteins	584	GCA_003211015.1_ASM321101v1_genomic_prodigal_proteins	2128	232	69.84	15.00	39.73
GCA_902540675.1_AG-359-E22_genomic_prodigal_proteins	584	GCA_002006815.1_ASM200681v1_genomic_prodigal_proteins	1973	212	64.17	15.39	36.30
GCA_000011345.1_ASM1134v1_genomic_prodigal_proteins	2520	GCA_003210705.1_ASM321070v1_genomic_prodigal_proteins	2244	712	53.52	12.36	31.73
GCA_000011345.1_ASM1134v1_genomic_prodigal_proteins	2520	GCA_000019485.1_ASM1948v1_genomic_prodigal_proteins	3233	1423	59.24	12.97	56.47
GCA_000011345.1_ASM1134v1_genomic_prodigal_proteins	2520	GCA_003283055.1_ASM328305v1_genomic_prodigal_proteins	482	34	52.08	13.97	7.05
GCA_000011345.1_ASM1134v1_genomic_prodigal_proteins	2520	GCA_000010065.1_ASM1006v1_genomic_prodigal_proteins	2691	1363	60.22	12.81	54.09
GCA_000011345.1_ASM1134v1_genomic_prodigal_proteins	2520	GCA_000316685.1_ASM31668v1_genomic_prodigal_proteins	3706	1853	65.94	13.54	73.53
GCA_000011345.1_ASM1134v1_genomic_prodigal_proteins	2520	GCA_000063525.1_ASM6352v1_genomic_prodigal_proteins	2540	1051	54.50	12.42	41.71
GCA_000011345.1_ASM1134v1_genomic_prodigal_proteins	2520	GCA_003283165.1_ASM328316v1_genomic_prodigal_proteins	217	49	51.98	12.26	22.58
GCA_000011345.1_ASM1134v1_genomic_prodigal_proteins	2520	GCA_902540675.1_AG-359-E22_genomic_prodigal_proteins	584	161	54.03	13.13	27.57
GCA_000011345.1_ASM1134v1_genomic_prodigal_proteins	2520	GCA_011055065.1_ASM1105506v1_genomic_prodigal_proteins	2792	1225	58.32	12.93	48.61
GCA_000011345.1_ASM1134v1_genomic_prodigal_proteins	2520	GCA_000013205.1_ASM1320v1_genomic_prodigal_proteins	2750	1278	58.43	12.77	50.71
GCA_000011345.1_ASM1134v1_genomic_prodigal_proteins	2520	GCA_003539795.1_ASM353979v1_genomic_prodigal_proteins	2284	752	52.57	11.58	32.92
GCA_000011345.1_ASM1134v1_genomic_prodigal_proteins	2520	GCA_002171995.1_ASM217199v1_genomic_prodigal_proteins	1978	586	53.38	12.45	29.63
GCA_000011345.1_ASM1134v1_genomic_prodigal_proteins	2520	GCA_011523835.1_ASM1152383v1_genomic_prodigal_proteins	2468	864	53.36	12.14	35.01
GCA_000011345.1_ASM1134v1_genomic_prodigal_proteins	2520	GCA_002172175.1_ASM217217v1_genomic_prodigal_proteins	1846	657	53.33	11.71	35.59
GCA_000011345.1_ASM1134v1_genomic_prodigal_proteins	2520	GCA_003208835.1_ASM320883v1_genomic_prodigal_proteins	2208	747	53.81	12.32	33.83
GCA_000011345.1_ASM1134v1_genomic_prodigal_proteins	2520	GCA_902589915.1_AG-914-F20_genomic_prodigal_proteins	373	86	54.37	13.23	23.06
GCA_000011345.1_ASM1134v1_genomic_prodigal_proteins	2520	GCA_000485815.1_ASM48581v1_genomic_prodigal_proteins	3083	1363	59.39	12.90	54.09
GCA_000011345.1_ASM1134v1_genomic_prodigal_proteins	2520	GCA_008807075.1_ASM880707v1_genomic_prodigal_proteins	2925	1041	54.08	12.43	41.31
GCA_000011345.1_ASM1134v1_genomic_prodigal_proteins	2520	GCA_000179235.2_ASM17923v2_genomic_prodigal_proteins	3071	1103	54.56	12.40	43.77
GCA_000011345.1_ASM1134v1_genomic_prodigal_proteins	2520	GCA_003210795.1_ASM321079v1_genomic_prodigal_proteins	2239	749	53.17	12.07	33.45
GCA_000011345.1_ASM1134v1_genomic_prodigal_proteins	2520	GCA_002706715.1_ASM270671v1_genomic_prodigal_proteins	1148	562	53.91	12.60	48.95
GCA_000011345.1_ASM1134v1_genomic_prodigal_proteins	2520	GCA_003331245.1_ASM333124v1_genomic_prodigal_proteins	2021	838	53.60	11.94	41.46
GCA_000011345.1_ASM1134v1_genomic_prodigal_proteins	2520	GCA_009843385.1_ASM984338v1_genomic_prodigal_proteins	2085	755	54.57	12.26	36.21
GCA_000011345.1_ASM1134v1_genomic_prodigal_proteins	2520	GCA_003211205.1_ASM321120v1_genomic_prodigal_proteins	2288	775	53.68	12.42	33.87
GCA_000011345.1_ASM1134v1_genomic_prodigal_proteins	2520	GCA_000063505.1_ASM6350v1_genomic_prodigal_proteins	2558	1027	53.53	12.63	40.75
GCA_000011345.1_ASM1134v1_genomic_prodigal_proteins	2520	GCA_900474245.1_UW179B_genomic_prodigal_proteins	2743	1026	53.58	12.47	40.71
GCA_000011345.1_ASM1134v1_genomic_prodigal_proteins	2520	GCA_003210345.1_ASM321034v1_genomic_prodigal_proteins	1256	399	52.96	12.20	31.77
GCA_000011345.1_ASM1134v1_genomic_prodigal_proteins	2520	GCA_003210315.1_ASM321031v1_genomic_prodigal_proteins	1815	602	53.55	12.56	33.17
GCA_000011345.1_ASM1134v1_genomic_prodigal_proteins	2520	GCA_009836155.1_ASM983615v1_genomic_prodigal_proteins	1947	871	54.18	12.10	44.74
GCA_000011345.1_ASM1134v1_genomic_prodigal_proteins	2520	GCA_003990665.2_ASM399066v2_genomic_prodigal_proteins	2499	2346	99.16	2.06	93.88
GCA_000011345.1_ASM1134v1_genomic_prodigal_proteins	2520	GCA_003209135.1_ASM320913v1_genomic_prodigal_proteins	1719	540	52.36	12.05	31.41
GCA_000011345.1_ASM1134v1_genomic_prodigal_proteins	2520	GCA_009845105.1_ASM984510v1_genomic_prodigal_proteins	1941	727	53.80	12.11	37.45
GCA_000011345.1_ASM1134v1_genomic_prodigal_proteins	2520	GCA_002690325.1_ASM269032v1_genomic_prodigal_proteins	2554	917	52.85	12.18	36.39
GCA_000011345.1_ASM1134v1_genomic_prodigal_proteins	2520	GCA_000161795.2_ASM16179v2_genomic_prodigal_proteins	2407	999	54.10	12.45	41.50
GCA_000011345.1_ASM1134v1_genomic_prodigal_proteins	2520	GCA_004211895.1_ASM421189v1_genomic_prodigal_proteins	954	423	53.88	12.27	44.34
GCA_000011345.1_ASM1134v1_genomic_prodigal_proteins	2520	GCA_003210735.1_ASM321073v1_genomic_prodigal_proteins	2337	730	52.95	12.31	31.24
GCA_000011345.1_ASM1134v1_genomic_prodigal_proteins	2520	GCA_003209035.1_ASM320903v1_genomic_prodigal_proteins	1803	537	53.22	12.77	29.78
GCA_000011345.1_ASM1134v1_genomic_prodigal_proteins	2520	GCA_003712085.1_ASM371208v1_genomic_prodigal_proteins	2745	1035	53.66	12.37	41.07
GCA_000011345.1_ASM1134v1_genomic_prodigal_proteins	2520	GCA_003212155.1_ASM321215v1_genomic_prodigal_proteins	262	53	54.36	14.98	20.23
GCA_000011345.1_ASM1134v1_genomic_prodigal_proteins	2520	GCA_001040845.1_ASM104084v1_genomic_prodigal_proteins	2917	1038	53.39	12.47	41.19
GCA_000011345.1_ASM1134v1_genomic_prodigal_proteins	2520	GCA_002018015.1_ASM201801v1_genomic_prodigal_proteins	1578	694	54.96	12.18	43.98
GCA_000011345.1_ASM1134v1_genomic_prodigal_proteins	2520	GCA_003211255.1_ASM321125v1_genomic_prodigal_proteins	1850	551	52.52	12.11	29.78
GCA_000011345.1_ASM1134v1_genomic_prodigal_proteins	2520	GCA_002721235.1_ASM272123v1_genomic_prodigal_proteins	3119	1426	59.23	12.96	56.59
GCA_000011345.1_ASM1134v1_genomic_prodigal_proteins	2520	GCA_009839305.1_ASM983930v1_genomic_prodigal_proteins	1816	675	55.06	12.50	37.17
GCA_000011345.1_ASM1134v1_genomic_prodigal_proteins	2520	GCA_011365345.1_ASM1136534v1_genomic_prodigal_proteins	2655	1013	53.93	12.48	40.20
GCA_000011345.1_ASM1134v1_genomic_prodigal_proteins	2520	GCA_001039265.1_ASM103926v1_genomic_prodigal_proteins	2832	794	56.01	12.81	31.51
GCA_000011345.1_ASM1134v1_genomic_prodigal_proteins	2520	GCA_001628325.1_ASM162832v1_genomic_prodigal_proteins	2129	906	53.81	12.10	42.56
GCA_000011345.1_ASM1134v1_genomic_prodigal_proteins	2520	GCA_003209215.1_ASM320921v1_genomic_prodigal_proteins	1679	510	54.13	12.52	30.38
GCA_000011345.1_ASM1134v1_genomic_prodigal_proteins	2520	GCA_002737305.1_ASM273730v1_genomic_prodigal_proteins	1951	844	55.04	12.30	43.26
GCA_000011345.1_ASM1134v1_genomic_prodigal_proteins	2520	GCA_003210515.1_ASM321051v1_genomic_prodigal_proteins	1673	571	53.14	12.37	34.13
GCA_000011345.1_ASM1134v1_genomic_prodigal_proteins	2520	GCA_011525445.1_ASM1152544v1_genomic_prodigal_proteins	3208	827	52.73	12.20	32.82
GCA_000011345.1_ASM1134v1_genomic_prodigal_proteins	2520	GCA_902599435.1_AG-916-N22_genomic_prodigal_proteins	793	253	56.03	12.36	31.90
GCA_000011345.1_ASM1134v1_genomic_prodigal_proteins	2520	GCA_003149585.1_ASM314958v1_genomic_prodigal_proteins	2600	1083	54.32	12.48	42.98
GCA_000011345.1_ASM1134v1_genomic_prodigal_proteins	2520	GCA_902560665.1_AG-905-O11_genomic_prodigal_proteins	401	96	54.21	14.98	23.94
GCA_000011345.1_ASM1134v1_genomic_prodigal_proteins	2520	GCA_003331795.1_ASM333179v1_genomic_prodigal_proteins	1948	841	54.39	12.28	43.17
GCA_000011345.1_ASM1134v1_genomic_prodigal_proteins	2520	GCA_002017955.1_ASM201795v1_genomic_prodigal_proteins	512	200	54.02	12.82	39.06
GCA_000011345.1_ASM1134v1_genomic_prodigal_proteins	2520	GCA_902584485.1_AG-912-O23_genomic_prodigal_proteins	535	134	52.82	13.46	25.05
GCA_000011345.1_ASM1134v1_genomic_prodigal_proteins	2520	GCA_902527915.1_AG-896-G19_genomic_prodigal_proteins	1003	312	53.55	12.98	31.11
GCA_000011345.1_ASM1134v1_genomic_prodigal_proteins	2520	GCA_902635365.1_AG-447-D19_genomic_prodigal_proteins	1690	479	54.06	12.60	28.34
GCA_000011345.1_ASM1134v1_genomic_prodigal_proteins	2520	GCA_900474085.1_UW86_genomic_prodigal_proteins	2403	1000	54.10	12.36	41.61
GCA_000011345.1_ASM1134v1_genomic_prodigal_proteins	2520	GCA_001885215.1_ASM188521v1_genomic_prodigal_proteins	2897	1078	54.23	12.32	42.78
GCA_000011345.1_ASM1134v1_genomic_prodigal_proteins	2520	GCA_902575935.1_AG-426-B22_genomic_prodigal_proteins	254	95	58.45	14.11	37.40
GCA_000011345.1_ASM1134v1_genomic_prodigal_proteins	2520	GCA_900474295.1_UW140_genomic_prodigal_proteins	2925	1010	53.96	12.44	40.08
GCA_000011345.1_ASM1134v1_genomic_prodigal_proteins	2520	GCA_003211565.1_ASM321156v1_genomic_prodigal_proteins	1489	452	53.57	12.44	30.36
GCA_000011345.1_ASM1134v1_genomic_prodigal_proteins	2520	GCA_003526105.1_ASM352610v1_genomic_prodigal_proteins	1581	558	54.53	11.94	35.29
GCA_000011345.1_ASM1134v1_genomic_prodigal_proteins	2520	GCA_002172935.1_ASM217293v1_genomic_prodigal_proteins	1996	785	53.20	12.17	39.33
GCA_000011345.1_ASM1134v1_genomic_prodigal_proteins	2520	GCA_003210335.1_ASM321033v1_genomic_prodigal_proteins	942	195	51.93	12.99	20.70
GCA_000011345.1_ASM1134v1_genomic_prodigal_proteins	2520	GCA_009846115.1_ASM984611v1_genomic_prodigal_proteins	2048	793	54.22	12.10	38.72
GCA_000011345.1_ASM1134v1_genomic_prodigal_proteins	2520	GCA_001693295.1_ASM169329v1_genomic_prodigal_proteins	3183	1425	59.26	12.93	56.55
GCA_000011345.1_ASM1134v1_genomic_prodigal_proteins	2520	GCA_900473965.1_UW179A_genomic_prodigal_proteins	3383	1012	53.63	12.46	40.16
GCA_000011345.1_ASM1134v1_genomic_prodigal_proteins	2520	GCA_003213755.1_ASM321375v1_genomic_prodigal_proteins	1050	367	53.78	12.69	34.95
GCA_000011345.1_ASM1134v1_genomic_prodigal_proteins	2520	GCA_003209155.1_ASM320915v1_genomic_prodigal_proteins	2305	758	53.46	12.43	32.89
GCA_000011345.1_ASM1134v1_genomic_prodigal_proteins	2520	GCA_003211515.1_ASM321151v1_genomic_prodigal_proteins	2451	648	53.47	12.54	26.44
GCA_000011345.1_ASM1134v1_genomic_prodigal_proteins	2520	GCA_002693285.1_ASM269328v1_genomic_prodigal_proteins	2440	870	53.65	12.18	35.66
GCA_000011345.1_ASM1134v1_genomic_prodigal_proteins	2520	GCA_003210555.1_ASM321055v1_genomic_prodigal_proteins	1847	565	53.11	12.28	30.59
GCA_000011345.1_ASM1134v1_genomic_prodigal_proteins	2520	GCA_000155595.1_ASM15559v1_genomic_prodigal_proteins	5270	1402	58.44	12.78	55.63
GCA_000011345.1_ASM1134v1_genomic_prodigal_proteins	2520	GCA_001007665.1_ASM100766v1_genomic_prodigal_proteins	2356	928	54.13	12.08	39.39
GCA_000011345.1_ASM1134v1_genomic_prodigal_proteins	2520	GCA_009919765.1_ASM991976v1_genomic_prodigal_proteins	2524	688	54.42	12.19	27.30
GCA_000011345.1_ASM1134v1_genomic_prodigal_proteins	2520	GCA_003331225.1_ASM333122v1_genomic_prodigal_proteins	2113	902	54.45	12.40	42.69
GCA_000011345.1_ASM1134v1_genomic_prodigal_proteins	2520	GCA_900177825.1_IMG-taxon_2708742468_annotated_assembly_genomic_prodigal_proteins	3317	1407	59.28	12.98	55.83
GCA_000011345.1_ASM1134v1_genomic_prodigal_proteins	2520	GCA_000195975.1_ASM19597v1_genomic_prodigal_proteins	2719	1023	53.79	12.46	40.60
GCA_000011345.1_ASM1134v1_genomic_prodigal_proteins	2520	GCA_902618885.1_AG-920-D15_genomic_prodigal_proteins	1178	391	53.91	13.08	33.19
GCA_000011345.1_ASM1134v1_genomic_prodigal_proteins	2520	GCA_003209165.1_ASM320916v1_genomic_prodigal_proteins	2711	855	53.98	12.46	33.93
GCA_000011345.1_ASM1134v1_genomic_prodigal_proteins	2520	GCA_001007625.1_ASM100762v1_genomic_prodigal_proteins	2478	813	54.70	12.25	32.81
GCA_000011345.1_ASM1134v1_genomic_prodigal_proteins	2520	GCA_008386235.1_ASM838623v1_genomic_prodigal_proteins	2571	2165	91.30	7.53	85.91
GCA_000011345.1_ASM1134v1_genomic_prodigal_proteins	2520	GCA_001631935.1_ASM163193v1_genomic_prodigal_proteins	3526	1013	53.81	12.40	40.20
GCA_000011345.1_ASM1134v1_genomic_prodigal_proteins	2520	GCA_002151525.1_ASM215152v1_genomic_prodigal_proteins	1628	754	54.31	12.40	46.31
GCA_000011345.1_ASM1134v1_genomic_prodigal_proteins	2520	GCA_000153065.1_ASM15306v1_genomic_prodigal_proteins	2704	1063	54.12	12.54	42.18
GCA_000011345.1_ASM1134v1_genomic_prodigal_proteins	2520	GCA_009837265.1_ASM983726v1_genomic_prodigal_proteins	2126	850	54.42	12.10	39.98
GCA_000011345.1_ASM1134v1_genomic_prodigal_proteins	2520	GCA_902533725.1_AG-898-C20_genomic_prodigal_proteins	421	83	53.98	13.52	19.71
GCA_000011345.1_ASM1134v1_genomic_prodigal_proteins	2520	GCA_002171075.2_ASM217107v2_genomic_prodigal_proteins	1919	746	53.22	11.91	38.87
GCA_000011345.1_ASM1134v1_genomic_prodigal_proteins	2520	GCA_002760395.1_ASM276039v1_genomic_prodigal_proteins	2661	1247	58.45	12.69	49.48
GCA_000011345.1_ASM1134v1_genomic_prodigal_proteins	2520	GCA_003209005.1_ASM320900v1_genomic_prodigal_proteins	2548	829	53.20	12.45	32.90
GCA_000011345.1_ASM1134v1_genomic_prodigal_proteins	2520	GCA_002017915.1_ASM201791v1_genomic_prodigal_proteins	623	270	56.03	12.90	43.34
GCA_000011345.1_ASM1134v1_genomic_prodigal_proteins	2520	GCA_900047545.1_m9_genomic_prodigal_proteins	1575	698	54.21	12.13	44.32
GCA_000011345.1_ASM1134v1_genomic_prodigal_proteins	2520	GCA_001632105.1_ASM163210v1_genomic_prodigal_proteins	3521	1014	53.64	12.34	40.24
GCA_000011345.1_ASM1134v1_genomic_prodigal_proteins	2520	GCA_004212765.1_ASM421276v1_genomic_prodigal_proteins	1162	514	53.34	12.49	44.23
GCA_000011345.1_ASM1134v1_genomic_prodigal_proteins	2520	GCA_002685515.1_ASM268551v1_genomic_prodigal_proteins	1286	554	52.46	11.82	43.08
GCA_000011345.1_ASM1134v1_genomic_prodigal_proteins	2520	GCA_007828135.1_ASM782813v1_genomic_prodigal_proteins	2917	1081	54.29	12.39	42.90
GCA_000011345.1_ASM1134v1_genomic_prodigal_proteins	2520	GCA_011047875.1_ASM1104787v1_genomic_prodigal_proteins	2810	1259	58.35	12.86	49.96
GCA_000011345.1_ASM1134v1_genomic_prodigal_proteins	2520	GCA_009840445.1_ASM984044v1_genomic_prodigal_proteins	2167	933	54.28	12.20	43.05
GCA_000011345.1_ASM1134v1_genomic_prodigal_proteins	2520	GCA_003210995.1_ASM321099v1_genomic_prodigal_proteins	2385	715	53.89	12.77	29.98
GCA_000011345.1_ASM1134v1_genomic_prodigal_proteins	2520	GCA_902616995.1_AG-919-L20_genomic_prodigal_proteins	654	191	52.81	13.45	29.20
GCA_000011345.1_ASM1134v1_genomic_prodigal_proteins	2520	GCA_009845825.1_ASM984582v1_genomic_prodigal_proteins	2168	795	54.42	12.04	36.67
GCA_000011345.1_ASM1134v1_genomic_prodigal_proteins	2520	GCA_000515235.1_ASM51523v1_genomic_prodigal_proteins	2873	1036	53.53	12.61	41.11
GCA_000011345.1_ASM1134v1_genomic_prodigal_proteins	2520	GCA_003523965.1_ASM352396v1_genomic_prodigal_proteins	1735	607	55.55	12.06	34.99
GCA_000011345.1_ASM1134v1_genomic_prodigal_proteins	2520	GCA_002684175.1_ASM268417v1_genomic_prodigal_proteins	1819	596	52.36	11.77	32.77
GCA_000011345.1_ASM1134v1_genomic_prodigal_proteins	2520	GCA_011523295.1_ASM1152329v1_genomic_prodigal_proteins	2851	771	52.10	11.82	30.60
GCA_000011345.1_ASM1134v1_genomic_prodigal_proteins	2520	GCA_003211015.1_ASM321101v1_genomic_prodigal_proteins	2128	732	53.02	12.30	34.40
GCA_000011345.1_ASM1134v1_genomic_prodigal_proteins	2520	GCA_002006815.1_ASM200681v1_genomic_prodigal_proteins	1973	956	54.25	12.40	48.45
GCA_902589915.1_AG-914-F20_genomic_prodigal_proteins	373	GCA_000485815.1_ASM48581v1_genomic_prodigal_proteins	3083	86	53.91	14.02	23.06
GCA_902589915.1_AG-914-F20_genomic_prodigal_proteins	373	GCA_008807075.1_ASM880707v1_genomic_prodigal_proteins	2925	126	67.44	14.28	33.78
GCA_902589915.1_AG-914-F20_genomic_prodigal_proteins	373	GCA_000179235.2_ASM17923v2_genomic_prodigal_proteins	3071	130	68.59	14.73	34.85
GCA_902589915.1_AG-914-F20_genomic_prodigal_proteins	373	GCA_003210795.1_ASM321079v1_genomic_prodigal_proteins	2239	125	78.13	14.91	33.51
GCA_902589915.1_AG-914-F20_genomic_prodigal_proteins	373	GCA_002706715.1_ASM270671v1_genomic_prodigal_proteins	1148	107	79.40	12.51	28.69
GCA_902589915.1_AG-914-F20_genomic_prodigal_proteins	373	GCA_003331245.1_ASM333124v1_genomic_prodigal_proteins	2021	67	75.08	17.14	17.96
GCA_902589915.1_AG-914-F20_genomic_prodigal_proteins	373	GCA_009843385.1_ASM984338v1_genomic_prodigal_proteins	2085	85	63.35	12.99	22.79
GCA_902589915.1_AG-914-F20_genomic_prodigal_proteins	373	GCA_003211205.1_ASM321120v1_genomic_prodigal_proteins	2288	118	72.12	15.29	31.64
GCA_902589915.1_AG-914-F20_genomic_prodigal_proteins	373	GCA_000063505.1_ASM6350v1_genomic_prodigal_proteins	2558	138	72.84	16.00	37.00
GCA_902589915.1_AG-914-F20_genomic_prodigal_proteins	373	GCA_900474245.1_UW179B_genomic_prodigal_proteins	2743	150	70.41	15.22	40.21
GCA_902589915.1_AG-914-F20_genomic_prodigal_proteins	373	GCA_003210345.1_ASM321034v1_genomic_prodigal_proteins	1256	80	75.37	15.37	21.45
GCA_902589915.1_AG-914-F20_genomic_prodigal_proteins	373	GCA_003210315.1_ASM321031v1_genomic_prodigal_proteins	1815	78	70.59	14.52	20.91
GCA_902589915.1_AG-914-F20_genomic_prodigal_proteins	373	GCA_009836155.1_ASM983615v1_genomic_prodigal_proteins	1947	91	62.75	13.10	24.40
GCA_902589915.1_AG-914-F20_genomic_prodigal_proteins	373	GCA_003990665.2_ASM399066v2_genomic_prodigal_proteins	2499	84	54.72	13.20	22.52
GCA_902589915.1_AG-914-F20_genomic_prodigal_proteins	373	GCA_003209135.1_ASM320913v1_genomic_prodigal_proteins	1719	81	73.72	16.93	21.72
GCA_902589915.1_AG-914-F20_genomic_prodigal_proteins	373	GCA_009845105.1_ASM984510v1_genomic_prodigal_proteins	1941	83	61.60	13.57	22.25
GCA_902589915.1_AG-914-F20_genomic_prodigal_proteins	373	GCA_002690325.1_ASM269032v1_genomic_prodigal_proteins	2554	144	76.10	14.45	38.61
GCA_902589915.1_AG-914-F20_genomic_prodigal_proteins	373	GCA_000161795.2_ASM16179v2_genomic_prodigal_proteins	2407	157	78.98	14.33	42.09
GCA_902589915.1_AG-914-F20_genomic_prodigal_proteins	373	GCA_004211895.1_ASM421189v1_genomic_prodigal_proteins	954	53	77.75	13.37	14.21
GCA_902589915.1_AG-914-F20_genomic_prodigal_proteins	373	GCA_003210735.1_ASM321073v1_genomic_prodigal_proteins	2337	108	76.82	14.12	28.95
GCA_902589915.1_AG-914-F20_genomic_prodigal_proteins	373	GCA_003209035.1_ASM320903v1_genomic_prodigal_proteins	1803	134	75.92	14.86	35.92
GCA_902589915.1_AG-914-F20_genomic_prodigal_proteins	373	GCA_003712085.1_ASM371208v1_genomic_prodigal_proteins	2745	202	91.78	13.32	54.16
GCA_902589915.1_AG-914-F20_genomic_prodigal_proteins	373	GCA_003212155.1_ASM321215v1_genomic_prodigal_proteins	262	17	67.81	18.78	6.49
GCA_902589915.1_AG-914-F20_genomic_prodigal_proteins	373	GCA_001040845.1_ASM104084v1_genomic_prodigal_proteins	2917	142	71.51	14.16	38.07
GCA_902589915.1_AG-914-F20_genomic_prodigal_proteins	373	GCA_002018015.1_ASM201801v1_genomic_prodigal_proteins	1578	79	64.41	12.43	21.18
GCA_902589915.1_AG-914-F20_genomic_prodigal_proteins	373	GCA_003211255.1_ASM321125v1_genomic_prodigal_proteins	1850	100	74.71	16.50	26.81
GCA_902589915.1_AG-914-F20_genomic_prodigal_proteins	373	GCA_002721235.1_ASM272123v1_genomic_prodigal_proteins	3119	85	54.55	13.44	22.79
GCA_902589915.1_AG-914-F20_genomic_prodigal_proteins	373	GCA_009839305.1_ASM983930v1_genomic_prodigal_proteins	1816	78	62.83	13.18	20.91
GCA_902589915.1_AG-914-F20_genomic_prodigal_proteins	373	GCA_011365345.1_ASM1136534v1_genomic_prodigal_proteins	2655	162	78.30	14.82	43.43
GCA_902589915.1_AG-914-F20_genomic_prodigal_proteins	373	GCA_001039265.1_ASM103926v1_genomic_prodigal_proteins	2832	90	69.76	15.17	24.13
GCA_902589915.1_AG-914-F20_genomic_prodigal_proteins	373	GCA_001628325.1_ASM162832v1_genomic_prodigal_proteins	2129	118	79.89	12.97	31.64
GCA_902589915.1_AG-914-F20_genomic_prodigal_proteins	373	GCA_003209215.1_ASM320921v1_genomic_prodigal_proteins	1679	109	77.71	15.11	29.22
GCA_902589915.1_AG-914-F20_genomic_prodigal_proteins	373	GCA_002737305.1_ASM273730v1_genomic_prodigal_proteins	1951	101	66.29	15.89	27.08
GCA_902589915.1_AG-914-F20_genomic_prodigal_proteins	373	GCA_003210515.1_ASM321051v1_genomic_prodigal_proteins	1673	106	72.14	14.88	28.42
GCA_902589915.1_AG-914-F20_genomic_prodigal_proteins	373	GCA_011525445.1_ASM1152544v1_genomic_prodigal_proteins	3208	129	69.93	15.35	34.58
GCA_902589915.1_AG-914-F20_genomic_prodigal_proteins	373	GCA_902599435.1_AG-916-N22_genomic_prodigal_proteins	793	48	83.21	19.92	12.87
GCA_902589915.1_AG-914-F20_genomic_prodigal_proteins	373	GCA_003149585.1_ASM314958v1_genomic_prodigal_proteins	2600	140	67.65	14.57	37.53
GCA_902589915.1_AG-914-F20_genomic_prodigal_proteins	373	GCA_902560665.1_AG-905-O11_genomic_prodigal_proteins	401	41	87.17	16.64	10.99
GCA_902589915.1_AG-914-F20_genomic_prodigal_proteins	373	GCA_003331795.1_ASM333179v1_genomic_prodigal_proteins	1948	110	66.09	13.65	29.49
GCA_902589915.1_AG-914-F20_genomic_prodigal_proteins	373	GCA_002017955.1_ASM201795v1_genomic_prodigal_proteins	512	25	64.14	14.45	6.70
GCA_902589915.1_AG-914-F20_genomic_prodigal_proteins	373	GCA_902584485.1_AG-912-O23_genomic_prodigal_proteins	535	102	90.54	15.15	27.35
GCA_902589915.1_AG-914-F20_genomic_prodigal_proteins	373	GCA_902527915.1_AG-896-G19_genomic_prodigal_proteins	1003	134	90.07	15.23	35.92
GCA_902589915.1_AG-914-F20_genomic_prodigal_proteins	373	GCA_902635365.1_AG-447-D19_genomic_prodigal_proteins	1690	93	73.05	15.90	24.93
GCA_902589915.1_AG-914-F20_genomic_prodigal_proteins	373	GCA_900474085.1_UW86_genomic_prodigal_proteins	2403	163	78.41	14.80	43.70
GCA_902589915.1_AG-914-F20_genomic_prodigal_proteins	373	GCA_001885215.1_ASM188521v1_genomic_prodigal_proteins	2897	125	67.04	13.99	33.51
GCA_902589915.1_AG-914-F20_genomic_prodigal_proteins	373	GCA_902575935.1_AG-426-B22_genomic_prodigal_proteins	254	3	87.60	11.03	1.18
GCA_902589915.1_AG-914-F20_genomic_prodigal_proteins	373	GCA_900474295.1_UW140_genomic_prodigal_proteins	2925	146	72.15	14.70	39.14
GCA_902589915.1_AG-914-F20_genomic_prodigal_proteins	373	GCA_003211565.1_ASM321156v1_genomic_prodigal_proteins	1489	78	76.64	16.61	20.91
GCA_902589915.1_AG-914-F20_genomic_prodigal_proteins	373	GCA_003526105.1_ASM352610v1_genomic_prodigal_proteins	1581	68	78.93	14.09	18.23
GCA_902589915.1_AG-914-F20_genomic_prodigal_proteins	373	GCA_002172935.1_ASM217293v1_genomic_prodigal_proteins	1996	92	69.45	15.15	24.66
GCA_902589915.1_AG-914-F20_genomic_prodigal_proteins	373	GCA_003210335.1_ASM321033v1_genomic_prodigal_proteins	942	51	67.03	16.53	13.67
GCA_902589915.1_AG-914-F20_genomic_prodigal_proteins	373	GCA_009846115.1_ASM984611v1_genomic_prodigal_proteins	2048	82	62.26	12.93	21.98
GCA_902589915.1_AG-914-F20_genomic_prodigal_proteins	373	GCA_001693295.1_ASM169329v1_genomic_prodigal_proteins	3183	86	54.58	13.30	23.06
GCA_902589915.1_AG-914-F20_genomic_prodigal_proteins	373	GCA_900473965.1_UW179A_genomic_prodigal_proteins	3383	146	71.24	14.80	39.14
GCA_902589915.1_AG-914-F20_genomic_prodigal_proteins	373	GCA_003213755.1_ASM321375v1_genomic_prodigal_proteins	1050	58	68.24	14.83	15.55
GCA_902589915.1_AG-914-F20_genomic_prodigal_proteins	373	GCA_003209155.1_ASM320915v1_genomic_prodigal_proteins	2305	89	68.55	15.12	23.86
GCA_902589915.1_AG-914-F20_genomic_prodigal_proteins	373	GCA_003211515.1_ASM321151v1_genomic_prodigal_proteins	2451	84	73.28	16.68	22.52
GCA_902589915.1_AG-914-F20_genomic_prodigal_proteins	373	GCA_002693285.1_ASM269328v1_genomic_prodigal_proteins	2440	81	70.14	15.31	21.72
GCA_902589915.1_AG-914-F20_genomic_prodigal_proteins	373	GCA_003210555.1_ASM321055v1_genomic_prodigal_proteins	1847	78	71.35	15.03	20.91
GCA_902589915.1_AG-914-F20_genomic_prodigal_proteins	373	GCA_000155595.1_ASM15559v1_genomic_prodigal_proteins	5270	88	54.34	13.58	23.59
GCA_902589915.1_AG-914-F20_genomic_prodigal_proteins	373	GCA_001007665.1_ASM100766v1_genomic_prodigal_proteins	2356	98	61.59	13.59	26.27
GCA_902589915.1_AG-914-F20_genomic_prodigal_proteins	373	GCA_009919765.1_ASM991976v1_genomic_prodigal_proteins	2524	82	66.45	14.01	21.98
GCA_902589915.1_AG-914-F20_genomic_prodigal_proteins	373	GCA_003331225.1_ASM333122v1_genomic_prodigal_proteins	2113	92	66.71	14.60	24.66
GCA_902589915.1_AG-914-F20_genomic_prodigal_proteins	373	GCA_900177825.1_IMG-taxon_2708742468_annotated_assembly_genomic_prodigal_proteins	3317	88	53.80	13.73	23.59
GCA_902589915.1_AG-914-F20_genomic_prodigal_proteins	373	GCA_000195975.1_ASM19597v1_genomic_prodigal_proteins	2719	209	91.78	13.75	56.03
GCA_902589915.1_AG-914-F20_genomic_prodigal_proteins	373	GCA_902618885.1_AG-920-D15_genomic_prodigal_proteins	1178	98	92.52	13.53	26.27
GCA_902589915.1_AG-914-F20_genomic_prodigal_proteins	373	GCA_003209165.1_ASM320916v1_genomic_prodigal_proteins	2711	162	77.24	15.56	43.43
GCA_902589915.1_AG-914-F20_genomic_prodigal_proteins	373	GCA_001007625.1_ASM100762v1_genomic_prodigal_proteins	2478	94	62.42	13.21	25.20
GCA_902589915.1_AG-914-F20_genomic_prodigal_proteins	373	GCA_008386235.1_ASM838623v1_genomic_prodigal_proteins	2571	86	53.54	13.46	23.06
GCA_902589915.1_AG-914-F20_genomic_prodigal_proteins	373	GCA_001631935.1_ASM163193v1_genomic_prodigal_proteins	3526	148	71.04	14.69	39.68
GCA_902589915.1_AG-914-F20_genomic_prodigal_proteins	373	GCA_002151525.1_ASM215152v1_genomic_prodigal_proteins	1628	81	64.39	15.23	21.72
GCA_902589915.1_AG-914-F20_genomic_prodigal_proteins	373	GCA_000153065.1_ASM15306v1_genomic_prodigal_proteins	2704	134	73.30	14.43	35.92
GCA_902589915.1_AG-914-F20_genomic_prodigal_proteins	373	GCA_009837265.1_ASM983726v1_genomic_prodigal_proteins	2126	94	62.15	13.32	25.20
GCA_902589915.1_AG-914-F20_genomic_prodigal_proteins	373	GCA_902533725.1_AG-898-C20_genomic_prodigal_proteins	421	22	73.26	13.48	5.90
GCA_902589915.1_AG-914-F20_genomic_prodigal_proteins	373	GCA_002171075.2_ASM217107v2_genomic_prodigal_proteins	1919	95	64.74	14.80	25.47
GCA_902589915.1_AG-914-F20_genomic_prodigal_proteins	373	GCA_002760395.1_ASM276039v1_genomic_prodigal_proteins	2661	70	53.67	13.06	18.77
GCA_902589915.1_AG-914-F20_genomic_prodigal_proteins	373	GCA_003209005.1_ASM320900v1_genomic_prodigal_proteins	2548	137	71.04	15.35	36.73
GCA_902589915.1_AG-914-F20_genomic_prodigal_proteins	373	GCA_002017915.1_ASM201791v1_genomic_prodigal_proteins	623	23	68.36	14.68	6.17
GCA_902589915.1_AG-914-F20_genomic_prodigal_proteins	373	GCA_900047545.1_m9_genomic_prodigal_proteins	1575	76	62.45	14.00	20.38
GCA_902589915.1_AG-914-F20_genomic_prodigal_proteins	373	GCA_001632105.1_ASM163210v1_genomic_prodigal_proteins	3521	149	71.27	14.53	39.95
GCA_902589915.1_AG-914-F20_genomic_prodigal_proteins	373	GCA_004212765.1_ASM421276v1_genomic_prodigal_proteins	1162	38	84.27	18.89	10.19
GCA_902589915.1_AG-914-F20_genomic_prodigal_proteins	373	GCA_002685515.1_ASM268551v1_genomic_prodigal_proteins	1286	72	68.13	16.57	19.30
GCA_902589915.1_AG-914-F20_genomic_prodigal_proteins	373	GCA_007828135.1_ASM782813v1_genomic_prodigal_proteins	2917	125	67.04	13.99	33.51
GCA_902589915.1_AG-914-F20_genomic_prodigal_proteins	373	GCA_011047875.1_ASM1104787v1_genomic_prodigal_proteins	2810	70	53.37	12.71	18.77
GCA_902589915.1_AG-914-F20_genomic_prodigal_proteins	373	GCA_009840445.1_ASM984044v1_genomic_prodigal_proteins	2167	98	62.36	13.11	26.27
GCA_902589915.1_AG-914-F20_genomic_prodigal_proteins	373	GCA_003210995.1_ASM321099v1_genomic_prodigal_proteins	2385	122	70.78	15.35	32.71
GCA_902589915.1_AG-914-F20_genomic_prodigal_proteins	373	GCA_902616995.1_AG-919-L20_genomic_prodigal_proteins	654	100	93.41	13.08	26.81
GCA_902589915.1_AG-914-F20_genomic_prodigal_proteins	373	GCA_009845825.1_ASM984582v1_genomic_prodigal_proteins	2168	85	62.52	13.67	22.79
GCA_902589915.1_AG-914-F20_genomic_prodigal_proteins	373	GCA_000515235.1_ASM51523v1_genomic_prodigal_proteins	2873	156	75.78	14.89	41.82
GCA_902589915.1_AG-914-F20_genomic_prodigal_proteins	373	GCA_003523965.1_ASM352396v1_genomic_prodigal_proteins	1735	77	62.17	14.29	20.64
GCA_902589915.1_AG-914-F20_genomic_prodigal_proteins	373	GCA_002684175.1_ASM268417v1_genomic_prodigal_proteins	1819	79	73.38	14.38	21.18
GCA_902589915.1_AG-914-F20_genomic_prodigal_proteins	373	GCA_011523295.1_ASM1152329v1_genomic_prodigal_proteins	2851	100	75.06	14.47	26.81
GCA_902589915.1_AG-914-F20_genomic_prodigal_proteins	373	GCA_003211015.1_ASM321101v1_genomic_prodigal_proteins	2128	121	71.03	14.96	32.44
GCA_902589915.1_AG-914-F20_genomic_prodigal_proteins	373	GCA_002006815.1_ASM200681v1_genomic_prodigal_proteins	1973	105	65.77	14.61	28.15
GCA_000010065.1_ASM1006v1_genomic_prodigal_proteins	2691	GCA_000316685.1_ASM31668v1_genomic_prodigal_proteins	3706	1493	59.46	12.86	55.48
GCA_000010065.1_ASM1006v1_genomic_prodigal_proteins	2691	GCA_000063525.1_ASM6352v1_genomic_prodigal_proteins	2540	1215	56.56	13.05	47.83
GCA_000010065.1_ASM1006v1_genomic_prodigal_proteins	2691	GCA_003283165.1_ASM328316v1_genomic_prodigal_proteins	217	55	54.21	13.55	25.35
GCA_000010065.1_ASM1006v1_genomic_prodigal_proteins	2691	GCA_902540675.1_AG-359-E22_genomic_prodigal_proteins	584	184	55.21	14.08	31.51
GCA_000010065.1_ASM1006v1_genomic_prodigal_proteins	2691	GCA_011055065.1_ASM1105506v1_genomic_prodigal_proteins	2792	1175	57.25	12.10	43.66
GCA_000010065.1_ASM1006v1_genomic_prodigal_proteins	2691	GCA_000013205.1_ASM1320v1_genomic_prodigal_proteins	2750	1214	57.41	12.00	45.11
GCA_000010065.1_ASM1006v1_genomic_prodigal_proteins	2691	GCA_003539795.1_ASM353979v1_genomic_prodigal_proteins	2284	897	54.33	12.51	39.27
GCA_000010065.1_ASM1006v1_genomic_prodigal_proteins	2691	GCA_002171995.1_ASM217199v1_genomic_prodigal_proteins	1978	680	54.97	13.00	34.38
GCA_000010065.1_ASM1006v1_genomic_prodigal_proteins	2691	GCA_011523835.1_ASM1152383v1_genomic_prodigal_proteins	2468	1013	55.43	12.78	41.05
GCA_000010065.1_ASM1006v1_genomic_prodigal_proteins	2691	GCA_002172175.1_ASM217217v1_genomic_prodigal_proteins	1846	760	55.17	12.31	41.17
GCA_000010065.1_ASM1006v1_genomic_prodigal_proteins	2691	GCA_003208835.1_ASM320883v1_genomic_prodigal_proteins	2208	878	55.76	12.91	39.76
GCA_000010065.1_ASM1006v1_genomic_prodigal_proteins	2691	GCA_902589915.1_AG-914-F20_genomic_prodigal_proteins	373	102	56.61	13.79	27.35
GCA_000010065.1_ASM1006v1_genomic_prodigal_proteins	2691	GCA_000485815.1_ASM48581v1_genomic_prodigal_proteins	3083	1439	59.71	12.72	53.47
GCA_000010065.1_ASM1006v1_genomic_prodigal_proteins	2691	GCA_008807075.1_ASM880707v1_genomic_prodigal_proteins	2925	1238	55.45	13.15	46.01
GCA_000010065.1_ASM1006v1_genomic_prodigal_proteins	2691	GCA_000179235.2_ASM17923v2_genomic_prodigal_proteins	3071	1305	56.27	12.99	48.49
GCA_000010065.1_ASM1006v1_genomic_prodigal_proteins	2691	GCA_003210795.1_ASM321079v1_genomic_prodigal_proteins	2239	866	55.02	12.79	38.68
GCA_000010065.1_ASM1006v1_genomic_prodigal_proteins	2691	GCA_002706715.1_ASM270671v1_genomic_prodigal_proteins	1148	623	56.29	13.18	54.27
GCA_000010065.1_ASM1006v1_genomic_prodigal_proteins	2691	GCA_003331245.1_ASM333124v1_genomic_prodigal_proteins	2021	982	55.42	12.84	48.59
GCA_000010065.1_ASM1006v1_genomic_prodigal_proteins	2691	GCA_009843385.1_ASM984338v1_genomic_prodigal_proteins	2085	824	55.79	12.72	39.52
GCA_000010065.1_ASM1006v1_genomic_prodigal_proteins	2691	GCA_003211205.1_ASM321120v1_genomic_prodigal_proteins	2288	911	55.20	13.08	39.82
GCA_000010065.1_ASM1006v1_genomic_prodigal_proteins	2691	GCA_000063505.1_ASM6350v1_genomic_prodigal_proteins	2558	1221	55.57	13.15	47.73
GCA_000010065.1_ASM1006v1_genomic_prodigal_proteins	2691	GCA_900474245.1_UW179B_genomic_prodigal_proteins	2743	1206	55.28	13.20	44.82
GCA_000010065.1_ASM1006v1_genomic_prodigal_proteins	2691	GCA_003210345.1_ASM321034v1_genomic_prodigal_proteins	1256	481	54.42	12.45	38.30
GCA_000010065.1_ASM1006v1_genomic_prodigal_proteins	2691	GCA_003210315.1_ASM321031v1_genomic_prodigal_proteins	1815	700	55.00	13.28	38.57
GCA_000010065.1_ASM1006v1_genomic_prodigal_proteins	2691	GCA_009836155.1_ASM983615v1_genomic_prodigal_proteins	1947	954	55.46	12.60	49.00
GCA_000010065.1_ASM1006v1_genomic_prodigal_proteins	2691	GCA_003990665.2_ASM399066v2_genomic_prodigal_proteins	2499	1366	60.15	12.80	54.66
GCA_000010065.1_ASM1006v1_genomic_prodigal_proteins	2691	GCA_003209135.1_ASM320913v1_genomic_prodigal_proteins	1719	630	54.52	12.65	36.65
GCA_000010065.1_ASM1006v1_genomic_prodigal_proteins	2691	GCA_009845105.1_ASM984510v1_genomic_prodigal_proteins	1941	790	54.98	12.61	40.70
GCA_000010065.1_ASM1006v1_genomic_prodigal_proteins	2691	GCA_002690325.1_ASM269032v1_genomic_prodigal_proteins	2554	1069	54.68	12.51	41.86
GCA_000010065.1_ASM1006v1_genomic_prodigal_proteins	2691	GCA_000161795.2_ASM16179v2_genomic_prodigal_proteins	2407	1171	55.86	13.13	48.65
GCA_000010065.1_ASM1006v1_genomic_prodigal_proteins	2691	GCA_004211895.1_ASM421189v1_genomic_prodigal_proteins	954	490	55.80	12.85	51.36
GCA_000010065.1_ASM1006v1_genomic_prodigal_proteins	2691	GCA_003210735.1_ASM321073v1_genomic_prodigal_proteins	2337	860	54.53	12.88	36.80
GCA_000010065.1_ASM1006v1_genomic_prodigal_proteins	2691	GCA_003209035.1_ASM320903v1_genomic_prodigal_proteins	1803	620	55.46	13.00	34.39
GCA_000010065.1_ASM1006v1_genomic_prodigal_proteins	2691	GCA_003712085.1_ASM371208v1_genomic_prodigal_proteins	2745	1204	55.80	13.06	44.74
GCA_000010065.1_ASM1006v1_genomic_prodigal_proteins	2691	GCA_003212155.1_ASM321215v1_genomic_prodigal_proteins	262	64	57.93	15.06	24.43
GCA_000010065.1_ASM1006v1_genomic_prodigal_proteins	2691	GCA_001040845.1_ASM104084v1_genomic_prodigal_proteins	2917	1196	55.21	13.11	44.44
GCA_000010065.1_ASM1006v1_genomic_prodigal_proteins	2691	GCA_002018015.1_ASM201801v1_genomic_prodigal_proteins	1578	758	56.37	12.70	48.04
GCA_000010065.1_ASM1006v1_genomic_prodigal_proteins	2691	GCA_003211255.1_ASM321125v1_genomic_prodigal_proteins	1850	648	54.05	12.65	35.03
GCA_000010065.1_ASM1006v1_genomic_prodigal_proteins	2691	GCA_002721235.1_ASM272123v1_genomic_prodigal_proteins	3119	1475	59.50	12.70	54.81
GCA_000010065.1_ASM1006v1_genomic_prodigal_proteins	2691	GCA_009839305.1_ASM983930v1_genomic_prodigal_proteins	1816	732	56.24	12.95	40.31
GCA_000010065.1_ASM1006v1_genomic_prodigal_proteins	2691	GCA_011365345.1_ASM1136534v1_genomic_prodigal_proteins	2655	1200	55.62	13.21	45.20
GCA_000010065.1_ASM1006v1_genomic_prodigal_proteins	2691	GCA_001039265.1_ASM103926v1_genomic_prodigal_proteins	2832	886	58.25	13.07	32.92
GCA_000010065.1_ASM1006v1_genomic_prodigal_proteins	2691	GCA_001628325.1_ASM162832v1_genomic_prodigal_proteins	2129	1067	55.67	12.80	50.12
GCA_000010065.1_ASM1006v1_genomic_prodigal_proteins	2691	GCA_003209215.1_ASM320921v1_genomic_prodigal_proteins	1679	592	56.32	13.06	35.26
GCA_000010065.1_ASM1006v1_genomic_prodigal_proteins	2691	GCA_002737305.1_ASM273730v1_genomic_prodigal_proteins	1951	957	57.35	12.83	49.05
GCA_000010065.1_ASM1006v1_genomic_prodigal_proteins	2691	GCA_003210515.1_ASM321051v1_genomic_prodigal_proteins	1673	656	54.82	12.87	39.21
GCA_000010065.1_ASM1006v1_genomic_prodigal_proteins	2691	GCA_011525445.1_ASM1152544v1_genomic_prodigal_proteins	3208	981	54.74	12.76	36.45
GCA_000010065.1_ASM1006v1_genomic_prodigal_proteins	2691	GCA_902599435.1_AG-916-N22_genomic_prodigal_proteins	793	291	57.68	12.78	36.70
GCA_000010065.1_ASM1006v1_genomic_prodigal_proteins	2691	GCA_003149585.1_ASM314958v1_genomic_prodigal_proteins	2600	1263	56.38	12.96	48.58
GCA_000010065.1_ASM1006v1_genomic_prodigal_proteins	2691	GCA_902560665.1_AG-905-O11_genomic_prodigal_proteins	401	111	56.74	14.64	27.68
GCA_000010065.1_ASM1006v1_genomic_prodigal_proteins	2691	GCA_003331795.1_ASM333179v1_genomic_prodigal_proteins	1948	969	56.42	13.01	49.74
GCA_000010065.1_ASM1006v1_genomic_prodigal_proteins	2691	GCA_002017955.1_ASM201795v1_genomic_prodigal_proteins	512	223	55.10	13.19	43.55
GCA_000010065.1_ASM1006v1_genomic_prodigal_proteins	2691	GCA_902584485.1_AG-912-O23_genomic_prodigal_proteins	535	142	55.35	13.39	26.54
GCA_000010065.1_ASM1006v1_genomic_prodigal_proteins	2691	GCA_902527915.1_AG-896-G19_genomic_prodigal_proteins	1003	371	55.93	13.35	36.99
GCA_000010065.1_ASM1006v1_genomic_prodigal_proteins	2691	GCA_902635365.1_AG-447-D19_genomic_prodigal_proteins	1690	574	55.89	13.21	33.96
GCA_000010065.1_ASM1006v1_genomic_prodigal_proteins	2691	GCA_900474085.1_UW86_genomic_prodigal_proteins	2403	1174	55.82	13.12	48.86
GCA_000010065.1_ASM1006v1_genomic_prodigal_proteins	2691	GCA_001885215.1_ASM188521v1_genomic_prodigal_proteins	2897	1273	56.05	12.81	47.31
GCA_000010065.1_ASM1006v1_genomic_prodigal_proteins	2691	GCA_902575935.1_AG-426-B22_genomic_prodigal_proteins	254	103	59.99	14.75	40.55
GCA_000010065.1_ASM1006v1_genomic_prodigal_proteins	2691	GCA_900474295.1_UW140_genomic_prodigal_proteins	2925	1204	55.38	13.13	44.74
GCA_000010065.1_ASM1006v1_genomic_prodigal_proteins	2691	GCA_003211565.1_ASM321156v1_genomic_prodigal_proteins	1489	524	55.64	13.00	35.19
GCA_000010065.1_ASM1006v1_genomic_prodigal_proteins	2691	GCA_003526105.1_ASM352610v1_genomic_prodigal_proteins	1581	639	56.33	12.70	40.42
GCA_000010065.1_ASM1006v1_genomic_prodigal_proteins	2691	GCA_002172935.1_ASM217293v1_genomic_prodigal_proteins	1996	926	55.15	12.74	46.39
GCA_000010065.1_ASM1006v1_genomic_prodigal_proteins	2691	GCA_003210335.1_ASM321033v1_genomic_prodigal_proteins	942	215	54.45	13.00	22.82
GCA_000010065.1_ASM1006v1_genomic_prodigal_proteins	2691	GCA_009846115.1_ASM984611v1_genomic_prodigal_proteins	2048	867	55.40	12.49	42.33
GCA_000010065.1_ASM1006v1_genomic_prodigal_proteins	2691	GCA_001693295.1_ASM169329v1_genomic_prodigal_proteins	3183	1484	59.46	12.74	55.15
GCA_000010065.1_ASM1006v1_genomic_prodigal_proteins	2691	GCA_900473965.1_UW179A_genomic_prodigal_proteins	3383	1207	55.28	13.04	44.85
GCA_000010065.1_ASM1006v1_genomic_prodigal_proteins	2691	GCA_003213755.1_ASM321375v1_genomic_prodigal_proteins	1050	413	56.19	13.32	39.33
GCA_000010065.1_ASM1006v1_genomic_prodigal_proteins	2691	GCA_003209155.1_ASM320915v1_genomic_prodigal_proteins	2305	892	55.11	12.87	38.70
GCA_000010065.1_ASM1006v1_genomic_prodigal_proteins	2691	GCA_003211515.1_ASM321151v1_genomic_prodigal_proteins	2451	772	55.10	13.22	31.50
GCA_000010065.1_ASM1006v1_genomic_prodigal_proteins	2691	GCA_002693285.1_ASM269328v1_genomic_prodigal_proteins	2440	1041	55.01	12.98	42.66
GCA_000010065.1_ASM1006v1_genomic_prodigal_proteins	2691	GCA_003210555.1_ASM321055v1_genomic_prodigal_proteins	1847	654	55.28	12.84	35.41
GCA_000010065.1_ASM1006v1_genomic_prodigal_proteins	2691	GCA_000155595.1_ASM15559v1_genomic_prodigal_proteins	5270	1531	58.26	12.74	56.89
GCA_000010065.1_ASM1006v1_genomic_prodigal_proteins	2691	GCA_001007665.1_ASM100766v1_genomic_prodigal_proteins	2356	1010	55.35	12.57	42.87
GCA_000010065.1_ASM1006v1_genomic_prodigal_proteins	2691	GCA_009919765.1_ASM991976v1_genomic_prodigal_proteins	2524	816	56.36	12.95	32.33
GCA_000010065.1_ASM1006v1_genomic_prodigal_proteins	2691	GCA_003331225.1_ASM333122v1_genomic_prodigal_proteins	2113	1042	56.36	13.07	49.31
GCA_000010065.1_ASM1006v1_genomic_prodigal_proteins	2691	GCA_900177825.1_IMG-taxon_2708742468_annotated_assembly_genomic_prodigal_proteins	3317	1466	59.47	12.74	54.48
GCA_000010065.1_ASM1006v1_genomic_prodigal_proteins	2691	GCA_000195975.1_ASM19597v1_genomic_prodigal_proteins	2719	1201	55.86	13.15	44.63
GCA_000010065.1_ASM1006v1_genomic_prodigal_proteins	2691	GCA_902618885.1_AG-920-D15_genomic_prodigal_proteins	1178	444	56.70	13.58	37.69
GCA_000010065.1_ASM1006v1_genomic_prodigal_proteins	2691	GCA_003209165.1_ASM320916v1_genomic_prodigal_proteins	2711	1011	55.83	13.09	37.57
GCA_000010065.1_ASM1006v1_genomic_prodigal_proteins	2691	GCA_001007625.1_ASM100762v1_genomic_prodigal_proteins	2478	890	55.72	12.76	35.92
GCA_000010065.1_ASM1006v1_genomic_prodigal_proteins	2691	GCA_008386235.1_ASM838623v1_genomic_prodigal_proteins	2571	1393	60.04	12.85	54.18
GCA_000010065.1_ASM1006v1_genomic_prodigal_proteins	2691	GCA_001631935.1_ASM163193v1_genomic_prodigal_proteins	3526	1198	55.25	13.12	44.52
GCA_000010065.1_ASM1006v1_genomic_prodigal_proteins	2691	GCA_002151525.1_ASM215152v1_genomic_prodigal_proteins	1628	867	56.24	12.80	53.26
GCA_000010065.1_ASM1006v1_genomic_prodigal_proteins	2691	GCA_000153065.1_ASM15306v1_genomic_prodigal_proteins	2704	1230	55.81	13.11	45.71
GCA_000010065.1_ASM1006v1_genomic_prodigal_proteins	2691	GCA_009837265.1_ASM983726v1_genomic_prodigal_proteins	2126	924	55.61	12.69	43.46
GCA_000010065.1_ASM1006v1_genomic_prodigal_proteins	2691	GCA_902533725.1_AG-898-C20_genomic_prodigal_proteins	421	96	58.04	15.06	22.80
GCA_000010065.1_ASM1006v1_genomic_prodigal_proteins	2691	GCA_002171075.2_ASM217107v2_genomic_prodigal_proteins	1919	892	55.05	12.72	46.48
GCA_000010065.1_ASM1006v1_genomic_prodigal_proteins	2691	GCA_002760395.1_ASM276039v1_genomic_prodigal_proteins	2661	1183	57.55	12.01	44.46
GCA_000010065.1_ASM1006v1_genomic_prodigal_proteins	2691	GCA_003209005.1_ASM320900v1_genomic_prodigal_proteins	2548	977	55.00	12.85	38.34
GCA_000010065.1_ASM1006v1_genomic_prodigal_proteins	2691	GCA_002017915.1_ASM201791v1_genomic_prodigal_proteins	623	293	57.26	13.27	47.03
GCA_000010065.1_ASM1006v1_genomic_prodigal_proteins	2691	GCA_900047545.1_m9_genomic_prodigal_proteins	1575	764	55.65	12.60	48.51
GCA_000010065.1_ASM1006v1_genomic_prodigal_proteins	2691	GCA_001632105.1_ASM163210v1_genomic_prodigal_proteins	3521	1203	55.24	13.06	44.70
GCA_000010065.1_ASM1006v1_genomic_prodigal_proteins	2691	GCA_004212765.1_ASM421276v1_genomic_prodigal_proteins	1162	590	55.60	13.10	50.77
GCA_000010065.1_ASM1006v1_genomic_prodigal_proteins	2691	GCA_002685515.1_ASM268551v1_genomic_prodigal_proteins	1286	643	54.34	12.51	50.00
GCA_000010065.1_ASM1006v1_genomic_prodigal_proteins	2691	GCA_007828135.1_ASM782813v1_genomic_prodigal_proteins	2917	1274	56.08	12.84	47.34
GCA_000010065.1_ASM1006v1_genomic_prodigal_proteins	2691	GCA_011047875.1_ASM1104787v1_genomic_prodigal_proteins	2810	1200	57.35	12.06	44.59
GCA_000010065.1_ASM1006v1_genomic_prodigal_proteins	2691	GCA_009840445.1_ASM984044v1_genomic_prodigal_proteins	2167	1011	55.51	12.62	46.65
GCA_000010065.1_ASM1006v1_genomic_prodigal_proteins	2691	GCA_003210995.1_ASM321099v1_genomic_prodigal_proteins	2385	844	55.62	13.19	35.39
GCA_000010065.1_ASM1006v1_genomic_prodigal_proteins	2691	GCA_902616995.1_AG-919-L20_genomic_prodigal_proteins	654	227	55.83	14.08	34.71
GCA_000010065.1_ASM1006v1_genomic_prodigal_proteins	2691	GCA_009845825.1_ASM984582v1_genomic_prodigal_proteins	2168	869	55.69	12.56	40.08
GCA_000010065.1_ASM1006v1_genomic_prodigal_proteins	2691	GCA_000515235.1_ASM51523v1_genomic_prodigal_proteins	2873	1202	55.57	13.07	44.67
GCA_000010065.1_ASM1006v1_genomic_prodigal_proteins	2691	GCA_003523965.1_ASM352396v1_genomic_prodigal_proteins	1735	660	56.93	12.64	38.04
GCA_000010065.1_ASM1006v1_genomic_prodigal_proteins	2691	GCA_002684175.1_ASM268417v1_genomic_prodigal_proteins	1819	703	53.99	12.31	38.65
GCA_000010065.1_ASM1006v1_genomic_prodigal_proteins	2691	GCA_011523295.1_ASM1152329v1_genomic_prodigal_proteins	2851	938	53.80	12.44	34.86
GCA_000010065.1_ASM1006v1_genomic_prodigal_proteins	2691	GCA_003211015.1_ASM321101v1_genomic_prodigal_proteins	2128	859	54.72	12.71	40.37
GCA_000010065.1_ASM1006v1_genomic_prodigal_proteins	2691	GCA_002006815.1_ASM200681v1_genomic_prodigal_proteins	1973	1090	56.14	12.92	55.25
GCA_000063525.1_ASM6352v1_genomic_prodigal_proteins	2540	GCA_003283165.1_ASM328316v1_genomic_prodigal_proteins	217	76	64.37	14.39	35.02
GCA_000063525.1_ASM6352v1_genomic_prodigal_proteins	2540	GCA_902540675.1_AG-359-E22_genomic_prodigal_proteins	584	261	67.30	15.62	44.69
GCA_000063525.1_ASM6352v1_genomic_prodigal_proteins	2540	GCA_011055065.1_ASM1105506v1_genomic_prodigal_proteins	2792	914	53.49	12.15	35.98
GCA_000063525.1_ASM6352v1_genomic_prodigal_proteins	2540	GCA_000013205.1_ASM1320v1_genomic_prodigal_proteins	2750	949	53.73	12.01	37.36
GCA_000063525.1_ASM6352v1_genomic_prodigal_proteins	2540	GCA_003539795.1_ASM353979v1_genomic_prodigal_proteins	2284	1283	64.58	13.36	56.17
GCA_000063525.1_ASM6352v1_genomic_prodigal_proteins	2540	GCA_002171995.1_ASM217199v1_genomic_prodigal_proteins	1978	956	65.48	13.86	48.33
GCA_000063525.1_ASM6352v1_genomic_prodigal_proteins	2540	GCA_011523835.1_ASM1152383v1_genomic_prodigal_proteins	2468	1445	65.32	14.01	58.55
GCA_000063525.1_ASM6352v1_genomic_prodigal_proteins	2540	GCA_002172175.1_ASM217217v1_genomic_prodigal_proteins	1846	1445	87.69	8.89	78.28
GCA_000063525.1_ASM6352v1_genomic_prodigal_proteins	2540	GCA_003208835.1_ASM320883v1_genomic_prodigal_proteins	2208	1179	65.81	14.27	53.40
GCA_000063525.1_ASM6352v1_genomic_prodigal_proteins	2540	GCA_902589915.1_AG-914-F20_genomic_prodigal_proteins	373	128	66.72	14.46	34.32
GCA_000063525.1_ASM6352v1_genomic_prodigal_proteins	2540	GCA_000485815.1_ASM48581v1_genomic_prodigal_proteins	3083	1086	53.90	13.01	42.76
GCA_000063525.1_ASM6352v1_genomic_prodigal_proteins	2540	GCA_008807075.1_ASM880707v1_genomic_prodigal_proteins	2925	1582	65.28	13.64	62.28
GCA_000063525.1_ASM6352v1_genomic_prodigal_proteins	2540	GCA_000179235.2_ASM17923v2_genomic_prodigal_proteins	3071	1720	67.71	13.66	67.72
GCA_000063525.1_ASM6352v1_genomic_prodigal_proteins	2540	GCA_003210795.1_ASM321079v1_genomic_prodigal_proteins	2239	1217	65.31	14.26	54.35
GCA_000063525.1_ASM6352v1_genomic_prodigal_proteins	2540	GCA_002706715.1_ASM270671v1_genomic_prodigal_proteins	1148	823	66.05	14.14	71.69
GCA_000063525.1_ASM6352v1_genomic_prodigal_proteins	2540	GCA_003331245.1_ASM333124v1_genomic_prodigal_proteins	2021	1383	65.62	13.67	68.43
GCA_000063525.1_ASM6352v1_genomic_prodigal_proteins	2540	GCA_009843385.1_ASM984338v1_genomic_prodigal_proteins	2085	1003	62.46	12.47	48.11
GCA_000063525.1_ASM6352v1_genomic_prodigal_proteins	2540	GCA_003211205.1_ASM321120v1_genomic_prodigal_proteins	2288	1304	65.54	14.33	56.99
GCA_000063525.1_ASM6352v1_genomic_prodigal_proteins	2540	GCA_000063505.1_ASM6350v1_genomic_prodigal_proteins	2558	1705	66.06	14.62	67.13
GCA_000063525.1_ASM6352v1_genomic_prodigal_proteins	2540	GCA_900474245.1_UW179B_genomic_prodigal_proteins	2743	1677	65.50	14.29	66.02
GCA_000063525.1_ASM6352v1_genomic_prodigal_proteins	2540	GCA_003210345.1_ASM321034v1_genomic_prodigal_proteins	1256	665	64.62	14.22	52.95
GCA_000063525.1_ASM6352v1_genomic_prodigal_proteins	2540	GCA_003210315.1_ASM321031v1_genomic_prodigal_proteins	1815	1016	64.60	14.34	55.98
GCA_000063525.1_ASM6352v1_genomic_prodigal_proteins	2540	GCA_009836155.1_ASM983615v1_genomic_prodigal_proteins	1947	1143	62.18	12.36	58.71
GCA_000063525.1_ASM6352v1_genomic_prodigal_proteins	2540	GCA_003990665.2_ASM399066v2_genomic_prodigal_proteins	2499	1055	54.57	12.48	42.22
GCA_000063525.1_ASM6352v1_genomic_prodigal_proteins	2540	GCA_003209135.1_ASM320913v1_genomic_prodigal_proteins	1719	880	64.71	14.03	51.19
GCA_000063525.1_ASM6352v1_genomic_prodigal_proteins	2540	GCA_009845105.1_ASM984510v1_genomic_prodigal_proteins	1941	958	61.64	12.47	49.36
GCA_000063525.1_ASM6352v1_genomic_prodigal_proteins	2540	GCA_002690325.1_ASM269032v1_genomic_prodigal_proteins	2554	1499	64.95	14.18	59.02
GCA_000063525.1_ASM6352v1_genomic_prodigal_proteins	2540	GCA_000161795.2_ASM16179v2_genomic_prodigal_proteins	2407	1615	66.51	14.17	67.10
GCA_000063525.1_ASM6352v1_genomic_prodigal_proteins	2540	GCA_004211895.1_ASM421189v1_genomic_prodigal_proteins	954	664	66.20	13.76	69.60
GCA_000063525.1_ASM6352v1_genomic_prodigal_proteins	2540	GCA_003210735.1_ASM321073v1_genomic_prodigal_proteins	2337	1218	64.92	14.27	52.12
GCA_000063525.1_ASM6352v1_genomic_prodigal_proteins	2540	GCA_003209035.1_ASM320903v1_genomic_prodigal_proteins	1803	898	65.10	14.50	49.81
GCA_000063525.1_ASM6352v1_genomic_prodigal_proteins	2540	GCA_003712085.1_ASM371208v1_genomic_prodigal_proteins	2745	1668	66.32	14.16	65.67
GCA_000063525.1_ASM6352v1_genomic_prodigal_proteins	2540	GCA_003212155.1_ASM321215v1_genomic_prodigal_proteins	262	127	89.47	14.78	48.47
GCA_000063525.1_ASM6352v1_genomic_prodigal_proteins	2540	GCA_001040845.1_ASM104084v1_genomic_prodigal_proteins	2917	1715	65.34	14.39	67.52
GCA_000063525.1_ASM6352v1_genomic_prodigal_proteins	2540	GCA_002018015.1_ASM201801v1_genomic_prodigal_proteins	1578	919	63.11	12.50	58.24
GCA_000063525.1_ASM6352v1_genomic_prodigal_proteins	2540	GCA_003211255.1_ASM321125v1_genomic_prodigal_proteins	1850	929	64.65	14.48	50.22
GCA_000063525.1_ASM6352v1_genomic_prodigal_proteins	2540	GCA_002721235.1_ASM272123v1_genomic_prodigal_proteins	3119	1131	53.82	13.01	44.53
GCA_000063525.1_ASM6352v1_genomic_prodigal_proteins	2540	GCA_009839305.1_ASM983930v1_genomic_prodigal_proteins	1816	909	62.52	13.01	50.06
GCA_000063525.1_ASM6352v1_genomic_prodigal_proteins	2540	GCA_011365345.1_ASM1136534v1_genomic_prodigal_proteins	2655	1688	66.14	14.37	66.46
GCA_000063525.1_ASM6352v1_genomic_prodigal_proteins	2540	GCA_001039265.1_ASM103926v1_genomic_prodigal_proteins	2832	1110	68.36	13.84	43.70
GCA_000063525.1_ASM6352v1_genomic_prodigal_proteins	2540	GCA_001628325.1_ASM162832v1_genomic_prodigal_proteins	2129	1473	66.50	14.03	69.19
GCA_000063525.1_ASM6352v1_genomic_prodigal_proteins	2540	GCA_003209215.1_ASM320921v1_genomic_prodigal_proteins	1679	841	65.91	14.20	50.09
GCA_000063525.1_ASM6352v1_genomic_prodigal_proteins	2540	GCA_002737305.1_ASM273730v1_genomic_prodigal_proteins	1951	1225	67.61	13.58	62.79
GCA_000063525.1_ASM6352v1_genomic_prodigal_proteins	2540	GCA_003210515.1_ASM321051v1_genomic_prodigal_proteins	1673	946	64.86	14.42	56.55
GCA_000063525.1_ASM6352v1_genomic_prodigal_proteins	2540	GCA_011525445.1_ASM1152544v1_genomic_prodigal_proteins	3208	1413	64.85	14.44	55.63
GCA_000063525.1_ASM6352v1_genomic_prodigal_proteins	2540	GCA_902599435.1_AG-916-N22_genomic_prodigal_proteins	793	413	67.68	15.07	52.08
GCA_000063525.1_ASM6352v1_genomic_prodigal_proteins	2540	GCA_003149585.1_ASM314958v1_genomic_prodigal_proteins	2600	1727	67.21	13.76	67.99
GCA_000063525.1_ASM6352v1_genomic_prodigal_proteins	2540	GCA_902560665.1_AG-905-O11_genomic_prodigal_proteins	401	173	67.07	15.37	43.14
GCA_000063525.1_ASM6352v1_genomic_prodigal_proteins	2540	GCA_003331795.1_ASM333179v1_genomic_prodigal_proteins	1948	1856	99.30	2.04	95.28
GCA_000063525.1_ASM6352v1_genomic_prodigal_proteins	2540	GCA_002017955.1_ASM201795v1_genomic_prodigal_proteins	512	265	63.01	12.52	51.76
GCA_000063525.1_ASM6352v1_genomic_prodigal_proteins	2540	GCA_902584485.1_AG-912-O23_genomic_prodigal_proteins	535	233	65.30	14.98	43.55
GCA_000063525.1_ASM6352v1_genomic_prodigal_proteins	2540	GCA_902527915.1_AG-896-G19_genomic_prodigal_proteins	1003	522	66.67	14.55	52.04
GCA_000063525.1_ASM6352v1_genomic_prodigal_proteins	2540	GCA_902635365.1_AG-447-D19_genomic_prodigal_proteins	1690	789	66.06	14.46	46.69
GCA_000063525.1_ASM6352v1_genomic_prodigal_proteins	2540	GCA_900474085.1_UW86_genomic_prodigal_proteins	2403	1635	66.36	14.24	68.04
GCA_000063525.1_ASM6352v1_genomic_prodigal_proteins	2540	GCA_001885215.1_ASM188521v1_genomic_prodigal_proteins	2897	1628	66.31	13.42	64.09
GCA_000063525.1_ASM6352v1_genomic_prodigal_proteins	2540	GCA_902575935.1_AG-426-B22_genomic_prodigal_proteins	254	150	70.28	15.17	59.06
GCA_000063525.1_ASM6352v1_genomic_prodigal_proteins	2540	GCA_900474295.1_UW140_genomic_prodigal_proteins	2925	1715	65.94	14.28	67.52
GCA_000063525.1_ASM6352v1_genomic_prodigal_proteins	2540	GCA_003211565.1_ASM321156v1_genomic_prodigal_proteins	1489	749	65.71	14.48	50.30
GCA_000063525.1_ASM6352v1_genomic_prodigal_proteins	2540	GCA_003526105.1_ASM352610v1_genomic_prodigal_proteins	1581	862	67.03	14.29	54.52
GCA_000063525.1_ASM6352v1_genomic_prodigal_proteins	2540	GCA_002172935.1_ASM217293v1_genomic_prodigal_proteins	1996	1313	64.82	14.05	65.78
GCA_000063525.1_ASM6352v1_genomic_prodigal_proteins	2540	GCA_003210335.1_ASM321033v1_genomic_prodigal_proteins	942	344	62.86	15.41	36.52
GCA_000063525.1_ASM6352v1_genomic_prodigal_proteins	2540	GCA_009846115.1_ASM984611v1_genomic_prodigal_proteins	2048	1068	62.09	12.65	52.15
GCA_000063525.1_ASM6352v1_genomic_prodigal_proteins	2540	GCA_001693295.1_ASM169329v1_genomic_prodigal_proteins	3183	1129	53.78	13.10	44.45
GCA_000063525.1_ASM6352v1_genomic_prodigal_proteins	2540	GCA_900473965.1_UW179A_genomic_prodigal_proteins	3383	1741	65.12	14.37	68.54
GCA_000063525.1_ASM6352v1_genomic_prodigal_proteins	2540	GCA_003213755.1_ASM321375v1_genomic_prodigal_proteins	1050	836	95.05	8.79	79.62
GCA_000063525.1_ASM6352v1_genomic_prodigal_proteins	2540	GCA_003209155.1_ASM320915v1_genomic_prodigal_proteins	2305	1268	65.38	14.05	55.01
GCA_000063525.1_ASM6352v1_genomic_prodigal_proteins	2540	GCA_003211515.1_ASM321151v1_genomic_prodigal_proteins	2451	1069	65.07	14.29	43.61
GCA_000063525.1_ASM6352v1_genomic_prodigal_proteins	2540	GCA_002693285.1_ASM269328v1_genomic_prodigal_proteins	2440	1465	65.26	14.22	60.04
GCA_000063525.1_ASM6352v1_genomic_prodigal_proteins	2540	GCA_003210555.1_ASM321055v1_genomic_prodigal_proteins	1847	980	64.91	14.14	53.06
GCA_000063525.1_ASM6352v1_genomic_prodigal_proteins	2540	GCA_000155595.1_ASM15559v1_genomic_prodigal_proteins	5270	1146	53.49	12.89	45.12
GCA_000063525.1_ASM6352v1_genomic_prodigal_proteins	2540	GCA_001007665.1_ASM100766v1_genomic_prodigal_proteins	2356	1220	62.11	12.43	51.78
GCA_000063525.1_ASM6352v1_genomic_prodigal_proteins	2540	GCA_009919765.1_ASM991976v1_genomic_prodigal_proteins	2524	1619	98.29	5.42	64.14
GCA_000063525.1_ASM6352v1_genomic_prodigal_proteins	2540	GCA_003331225.1_ASM333122v1_genomic_prodigal_proteins	2113	1784	77.59	12.10	84.43
GCA_000063525.1_ASM6352v1_genomic_prodigal_proteins	2540	GCA_900177825.1_IMG-taxon_2708742468_annotated_assembly_genomic_prodigal_proteins	3317	1114	53.85	13.10	43.86
GCA_000063525.1_ASM6352v1_genomic_prodigal_proteins	2540	GCA_000195975.1_ASM19597v1_genomic_prodigal_proteins	2719	1658	66.62	14.08	65.28
GCA_000063525.1_ASM6352v1_genomic_prodigal_proteins	2540	GCA_902618885.1_AG-920-D15_genomic_prodigal_proteins	1178	630	67.41	14.76	53.48
GCA_000063525.1_ASM6352v1_genomic_prodigal_proteins	2540	GCA_003209165.1_ASM320916v1_genomic_prodigal_proteins	2711	1401	65.93	14.39	55.16
GCA_000063525.1_ASM6352v1_genomic_prodigal_proteins	2540	GCA_001007625.1_ASM100762v1_genomic_prodigal_proteins	2478	1090	62.16	12.63	43.99
GCA_000063525.1_ASM6352v1_genomic_prodigal_proteins	2540	GCA_008386235.1_ASM838623v1_genomic_prodigal_proteins	2571	1059	54.42	12.60	41.69
GCA_000063525.1_ASM6352v1_genomic_prodigal_proteins	2540	GCA_001631935.1_ASM163193v1_genomic_prodigal_proteins	3526	1725	65.48	14.26	67.91
GCA_000063525.1_ASM6352v1_genomic_prodigal_proteins	2540	GCA_002151525.1_ASM215152v1_genomic_prodigal_proteins	1628	1251	70.75	13.16	76.84
GCA_000063525.1_ASM6352v1_genomic_prodigal_proteins	2540	GCA_000153065.1_ASM15306v1_genomic_prodigal_proteins	2704	1661	66.61	14.15	65.39
GCA_000063525.1_ASM6352v1_genomic_prodigal_proteins	2540	GCA_009837265.1_ASM983726v1_genomic_prodigal_proteins	2126	1139	62.20	12.49	53.57
GCA_000063525.1_ASM6352v1_genomic_prodigal_proteins	2540	GCA_902533725.1_AG-898-C20_genomic_prodigal_proteins	421	147	65.20	15.21	34.92
GCA_000063525.1_ASM6352v1_genomic_prodigal_proteins	2540	GCA_002171075.2_ASM217107v2_genomic_prodigal_proteins	1919	1551	75.16	12.00	80.82
GCA_000063525.1_ASM6352v1_genomic_prodigal_proteins	2540	GCA_002760395.1_ASM276039v1_genomic_prodigal_proteins	2661	929	53.70	12.01	36.57
GCA_000063525.1_ASM6352v1_genomic_prodigal_proteins	2540	GCA_003209005.1_ASM320900v1_genomic_prodigal_proteins	2548	1402	65.39	14.23	55.20
GCA_000063525.1_ASM6352v1_genomic_prodigal_proteins	2540	GCA_002017915.1_ASM201791v1_genomic_prodigal_proteins	623	330	64.98	13.13	52.97
GCA_000063525.1_ASM6352v1_genomic_prodigal_proteins	2540	GCA_900047545.1_m9_genomic_prodigal_proteins	1575	930	62.07	12.63	59.05
GCA_000063525.1_ASM6352v1_genomic_prodigal_proteins	2540	GCA_001632105.1_ASM163210v1_genomic_prodigal_proteins	3521	1727	65.49	14.20	67.99
GCA_000063525.1_ASM6352v1_genomic_prodigal_proteins	2540	GCA_004212765.1_ASM421276v1_genomic_prodigal_proteins	1162	786	65.87	13.82	67.64
GCA_000063525.1_ASM6352v1_genomic_prodigal_proteins	2540	GCA_002685515.1_ASM268551v1_genomic_prodigal_proteins	1286	864	64.56	13.79	67.19
GCA_000063525.1_ASM6352v1_genomic_prodigal_proteins	2540	GCA_007828135.1_ASM782813v1_genomic_prodigal_proteins	2917	1630	66.35	13.45	64.17
GCA_000063525.1_ASM6352v1_genomic_prodigal_proteins	2540	GCA_011047875.1_ASM1104787v1_genomic_prodigal_proteins	2810	943	53.56	12.13	37.13
GCA_000063525.1_ASM6352v1_genomic_prodigal_proteins	2540	GCA_009840445.1_ASM984044v1_genomic_prodigal_proteins	2167	1238	62.21	12.54	57.13
GCA_000063525.1_ASM6352v1_genomic_prodigal_proteins	2540	GCA_003210995.1_ASM321099v1_genomic_prodigal_proteins	2385	1240	65.57	14.44	51.99
GCA_000063525.1_ASM6352v1_genomic_prodigal_proteins	2540	GCA_902616995.1_AG-919-L20_genomic_prodigal_proteins	654	319	66.17	14.30	48.78
GCA_000063525.1_ASM6352v1_genomic_prodigal_proteins	2540	GCA_009845825.1_ASM984582v1_genomic_prodigal_proteins	2168	1047	62.47	12.30	48.29
GCA_000063525.1_ASM6352v1_genomic_prodigal_proteins	2540	GCA_000515235.1_ASM51523v1_genomic_prodigal_proteins	2873	1671	65.43	14.27	65.79
GCA_000063525.1_ASM6352v1_genomic_prodigal_proteins	2540	GCA_003523965.1_ASM352396v1_genomic_prodigal_proteins	1735	808	62.94	12.56	46.57
GCA_000063525.1_ASM6352v1_genomic_prodigal_proteins	2540	GCA_002684175.1_ASM268417v1_genomic_prodigal_proteins	1819	993	63.87	13.55	54.59
GCA_000063525.1_ASM6352v1_genomic_prodigal_proteins	2540	GCA_011523295.1_ASM1152329v1_genomic_prodigal_proteins	2851	1295	64.18	13.78	50.98
GCA_000063525.1_ASM6352v1_genomic_prodigal_proteins	2540	GCA_003211015.1_ASM321101v1_genomic_prodigal_proteins	2128	1231	65.82	13.93	57.85
GCA_000063525.1_ASM6352v1_genomic_prodigal_proteins	2540	GCA_002006815.1_ASM200681v1_genomic_prodigal_proteins	1973	1566	71.20	12.92	79.37
GCA_011055065.1_ASM1105506v1_genomic_prodigal_proteins	2792	GCA_000013205.1_ASM1320v1_genomic_prodigal_proteins	2750	2158	86.86	8.10	78.47
GCA_011055065.1_ASM1105506v1_genomic_prodigal_proteins	2792	GCA_003539795.1_ASM353979v1_genomic_prodigal_proteins	2284	645	51.70	11.19	28.24
GCA_011055065.1_ASM1105506v1_genomic_prodigal_proteins	2792	GCA_002171995.1_ASM217199v1_genomic_prodigal_proteins	1978	528	51.44	11.83	26.69
GCA_011055065.1_ASM1105506v1_genomic_prodigal_proteins	2792	GCA_011523835.1_ASM1152383v1_genomic_prodigal_proteins	2468	758	52.43	11.90	30.71
GCA_011055065.1_ASM1105506v1_genomic_prodigal_proteins	2792	GCA_002172175.1_ASM217217v1_genomic_prodigal_proteins	1846	582	51.89	11.63	31.53
GCA_011055065.1_ASM1105506v1_genomic_prodigal_proteins	2792	GCA_003208835.1_ASM320883v1_genomic_prodigal_proteins	2208	652	52.52	12.03	29.53
GCA_011055065.1_ASM1105506v1_genomic_prodigal_proteins	2792	GCA_902589915.1_AG-914-F20_genomic_prodigal_proteins	373	64	53.87	13.14	17.16
GCA_011055065.1_ASM1105506v1_genomic_prodigal_proteins	2792	GCA_000485815.1_ASM48581v1_genomic_prodigal_proteins	3083	1191	56.62	12.27	42.66
GCA_011055065.1_ASM1105506v1_genomic_prodigal_proteins	2792	GCA_008807075.1_ASM880707v1_genomic_prodigal_proteins	2925	910	53.01	12.17	32.59
GCA_011055065.1_ASM1105506v1_genomic_prodigal_proteins	2792	GCA_000179235.2_ASM17923v2_genomic_prodigal_proteins	3071	973	53.09	11.99	34.85
GCA_011055065.1_ASM1105506v1_genomic_prodigal_proteins	2792	GCA_003210795.1_ASM321079v1_genomic_prodigal_proteins	2239	656	52.18	11.76	29.30
GCA_011055065.1_ASM1105506v1_genomic_prodigal_proteins	2792	GCA_002706715.1_ASM270671v1_genomic_prodigal_proteins	1148	473	52.82	12.02	41.20
GCA_011055065.1_ASM1105506v1_genomic_prodigal_proteins	2792	GCA_003331245.1_ASM333124v1_genomic_prodigal_proteins	2021	736	52.77	11.54	36.42
GCA_011055065.1_ASM1105506v1_genomic_prodigal_proteins	2792	GCA_009843385.1_ASM984338v1_genomic_prodigal_proteins	2085	676	53.36	11.66	32.42
GCA_011055065.1_ASM1105506v1_genomic_prodigal_proteins	2792	GCA_003211205.1_ASM321120v1_genomic_prodigal_proteins	2288	687	52.26	11.99	30.03
GCA_011055065.1_ASM1105506v1_genomic_prodigal_proteins	2792	GCA_000063505.1_ASM6350v1_genomic_prodigal_proteins	2558	889	52.77	12.14	34.75
GCA_011055065.1_ASM1105506v1_genomic_prodigal_proteins	2792	GCA_900474245.1_UW179B_genomic_prodigal_proteins	2743	882	52.62	11.99	32.15
GCA_011055065.1_ASM1105506v1_genomic_prodigal_proteins	2792	GCA_003210345.1_ASM321034v1_genomic_prodigal_proteins	1256	334	51.69	12.04	26.59
GCA_011055065.1_ASM1105506v1_genomic_prodigal_proteins	2792	GCA_003210315.1_ASM321031v1_genomic_prodigal_proteins	1815	531	52.62	12.17	29.26
GCA_011055065.1_ASM1105506v1_genomic_prodigal_proteins	2792	GCA_009836155.1_ASM983615v1_genomic_prodigal_proteins	1947	770	53.19	11.58	39.55
GCA_011055065.1_ASM1105506v1_genomic_prodigal_proteins	2792	GCA_003990665.2_ASM399066v2_genomic_prodigal_proteins	2499	1232	58.30	12.82	49.30
GCA_011055065.1_ASM1105506v1_genomic_prodigal_proteins	2792	GCA_003209135.1_ASM320913v1_genomic_prodigal_proteins	1719	472	51.69	11.54	27.46
GCA_011055065.1_ASM1105506v1_genomic_prodigal_proteins	2792	GCA_009845105.1_ASM984510v1_genomic_prodigal_proteins	1941	638	52.95	11.72	32.87
GCA_011055065.1_ASM1105506v1_genomic_prodigal_proteins	2792	GCA_002690325.1_ASM269032v1_genomic_prodigal_proteins	2554	784	52.01	11.72	30.70
GCA_011055065.1_ASM1105506v1_genomic_prodigal_proteins	2792	GCA_000161795.2_ASM16179v2_genomic_prodigal_proteins	2407	869	53.07	12.02	36.10
GCA_011055065.1_ASM1105506v1_genomic_prodigal_proteins	2792	GCA_004211895.1_ASM421189v1_genomic_prodigal_proteins	954	373	52.78	11.78	39.10
GCA_011055065.1_ASM1105506v1_genomic_prodigal_proteins	2792	GCA_003210735.1_ASM321073v1_genomic_prodigal_proteins	2337	641	52.08	12.21	27.43
GCA_011055065.1_ASM1105506v1_genomic_prodigal_proteins	2792	GCA_003209035.1_ASM320903v1_genomic_prodigal_proteins	1803	477	52.30	12.04	26.46
GCA_011055065.1_ASM1105506v1_genomic_prodigal_proteins	2792	GCA_003712085.1_ASM371208v1_genomic_prodigal_proteins	2745	889	52.95	11.89	32.39
GCA_011055065.1_ASM1105506v1_genomic_prodigal_proteins	2792	GCA_003212155.1_ASM321215v1_genomic_prodigal_proteins	262	51	51.52	14.51	19.47
GCA_011055065.1_ASM1105506v1_genomic_prodigal_proteins	2792	GCA_001040845.1_ASM104084v1_genomic_prodigal_proteins	2917	889	52.53	12.05	31.84
GCA_011055065.1_ASM1105506v1_genomic_prodigal_proteins	2792	GCA_002018015.1_ASM201801v1_genomic_prodigal_proteins	1578	633	53.52	11.81	40.11
GCA_011055065.1_ASM1105506v1_genomic_prodigal_proteins	2792	GCA_003211255.1_ASM321125v1_genomic_prodigal_proteins	1850	489	51.72	11.79	26.43
GCA_011055065.1_ASM1105506v1_genomic_prodigal_proteins	2792	GCA_002721235.1_ASM272123v1_genomic_prodigal_proteins	3119	1231	56.51	12.29	44.09
GCA_011055065.1_ASM1105506v1_genomic_prodigal_proteins	2792	GCA_009839305.1_ASM983930v1_genomic_prodigal_proteins	1816	588	54.12	11.93	32.38
GCA_011055065.1_ASM1105506v1_genomic_prodigal_proteins	2792	GCA_011365345.1_ASM1136534v1_genomic_prodigal_proteins	2655	887	53.02	11.95	33.41
GCA_011055065.1_ASM1105506v1_genomic_prodigal_proteins	2792	GCA_001039265.1_ASM103926v1_genomic_prodigal_proteins	2832	680	54.96	12.30	24.36
GCA_011055065.1_ASM1105506v1_genomic_prodigal_proteins	2792	GCA_001628325.1_ASM162832v1_genomic_prodigal_proteins	2129	801	52.94	11.67	37.62
GCA_011055065.1_ASM1105506v1_genomic_prodigal_proteins	2792	GCA_003209215.1_ASM320921v1_genomic_prodigal_proteins	1679	460	52.89	12.17	27.40
GCA_011055065.1_ASM1105506v1_genomic_prodigal_proteins	2792	GCA_002737305.1_ASM273730v1_genomic_prodigal_proteins	1951	740	54.03	11.90	37.93
GCA_011055065.1_ASM1105506v1_genomic_prodigal_proteins	2792	GCA_003210515.1_ASM321051v1_genomic_prodigal_proteins	1673	502	52.41	12.30	30.01
GCA_011055065.1_ASM1105506v1_genomic_prodigal_proteins	2792	GCA_011525445.1_ASM1152544v1_genomic_prodigal_proteins	3208	720	51.71	11.89	25.79
GCA_011055065.1_ASM1105506v1_genomic_prodigal_proteins	2792	GCA_902599435.1_AG-916-N22_genomic_prodigal_proteins	793	233	54.20	11.74	29.38
GCA_011055065.1_ASM1105506v1_genomic_prodigal_proteins	2792	GCA_003149585.1_ASM314958v1_genomic_prodigal_proteins	2600	940	53.26	11.92	36.15
GCA_011055065.1_ASM1105506v1_genomic_prodigal_proteins	2792	GCA_902560665.1_AG-905-O11_genomic_prodigal_proteins	401	83	53.73	13.76	20.70
GCA_011055065.1_ASM1105506v1_genomic_prodigal_proteins	2792	GCA_003331795.1_ASM333179v1_genomic_prodigal_proteins	1948	738	53.08	12.15	37.89
GCA_011055065.1_ASM1105506v1_genomic_prodigal_proteins	2792	GCA_002017955.1_ASM201795v1_genomic_prodigal_proteins	512	182	52.02	11.42	35.55
GCA_011055065.1_ASM1105506v1_genomic_prodigal_proteins	2792	GCA_902584485.1_AG-912-O23_genomic_prodigal_proteins	535	126	51.77	12.42	23.55
GCA_011055065.1_ASM1105506v1_genomic_prodigal_proteins	2792	GCA_902527915.1_AG-896-G19_genomic_prodigal_proteins	1003	264	52.90	12.44	26.32
GCA_011055065.1_ASM1105506v1_genomic_prodigal_proteins	2792	GCA_902635365.1_AG-447-D19_genomic_prodigal_proteins	1690	433	52.66	12.08	25.62
GCA_011055065.1_ASM1105506v1_genomic_prodigal_proteins	2792	GCA_900474085.1_UW86_genomic_prodigal_proteins	2403	873	53.13	11.94	36.33
GCA_011055065.1_ASM1105506v1_genomic_prodigal_proteins	2792	GCA_001885215.1_ASM188521v1_genomic_prodigal_proteins	2897	941	53.19	12.10	33.70
GCA_011055065.1_ASM1105506v1_genomic_prodigal_proteins	2792	GCA_902575935.1_AG-426-B22_genomic_prodigal_proteins	254	79	57.55	12.84	31.10
GCA_011055065.1_ASM1105506v1_genomic_prodigal_proteins	2792	GCA_900474295.1_UW140_genomic_prodigal_proteins	2925	893	52.64	11.97	31.98
GCA_011055065.1_ASM1105506v1_genomic_prodigal_proteins	2792	GCA_003211565.1_ASM321156v1_genomic_prodigal_proteins	1489	404	52.67	12.62	27.13
GCA_011055065.1_ASM1105506v1_genomic_prodigal_proteins	2792	GCA_003526105.1_ASM352610v1_genomic_prodigal_proteins	1581	489	52.89	11.41	30.93
GCA_011055065.1_ASM1105506v1_genomic_prodigal_proteins	2792	GCA_002172935.1_ASM217293v1_genomic_prodigal_proteins	1996	673	52.29	11.75	33.72
GCA_011055065.1_ASM1105506v1_genomic_prodigal_proteins	2792	GCA_003210335.1_ASM321033v1_genomic_prodigal_proteins	942	164	51.68	12.05	17.41
GCA_011055065.1_ASM1105506v1_genomic_prodigal_proteins	2792	GCA_009846115.1_ASM984611v1_genomic_prodigal_proteins	2048	689	53.17	11.73	33.64
GCA_011055065.1_ASM1105506v1_genomic_prodigal_proteins	2792	GCA_001693295.1_ASM169329v1_genomic_prodigal_proteins	3183	1229	56.55	12.30	44.02
GCA_011055065.1_ASM1105506v1_genomic_prodigal_proteins	2792	GCA_900473965.1_UW179A_genomic_prodigal_proteins	3383	885	52.63	12.07	31.70
GCA_011055065.1_ASM1105506v1_genomic_prodigal_proteins	2792	GCA_003213755.1_ASM321375v1_genomic_prodigal_proteins	1050	315	53.09	12.61	30.00
GCA_011055065.1_ASM1105506v1_genomic_prodigal_proteins	2792	GCA_003209155.1_ASM320915v1_genomic_prodigal_proteins	2305	663	52.81	11.72	28.76
GCA_011055065.1_ASM1105506v1_genomic_prodigal_proteins	2792	GCA_003211515.1_ASM321151v1_genomic_prodigal_proteins	2451	588	52.33	12.08	23.99
GCA_011055065.1_ASM1105506v1_genomic_prodigal_proteins	2792	GCA_002693285.1_ASM269328v1_genomic_prodigal_proteins	2440	757	52.60	11.89	31.02
GCA_011055065.1_ASM1105506v1_genomic_prodigal_proteins	2792	GCA_003210555.1_ASM321055v1_genomic_prodigal_proteins	1847	495	52.54	11.96	26.80
GCA_011055065.1_ASM1105506v1_genomic_prodigal_proteins	2792	GCA_000155595.1_ASM15559v1_genomic_prodigal_proteins	5270	1292	55.79	12.13	46.28
GCA_011055065.1_ASM1105506v1_genomic_prodigal_proteins	2792	GCA_001007665.1_ASM100766v1_genomic_prodigal_proteins	2356	822	52.82	11.72	34.89
GCA_011055065.1_ASM1105506v1_genomic_prodigal_proteins	2792	GCA_009919765.1_ASM991976v1_genomic_prodigal_proteins	2524	617	52.78	11.84	24.45
GCA_011055065.1_ASM1105506v1_genomic_prodigal_proteins	2792	GCA_003331225.1_ASM333122v1_genomic_prodigal_proteins	2113	797	53.39	11.94	37.72
GCA_011055065.1_ASM1105506v1_genomic_prodigal_proteins	2792	GCA_900177825.1_IMG-taxon_2708742468_annotated_assembly_genomic_prodigal_proteins	3317	1226	56.51	12.22	43.91
GCA_011055065.1_ASM1105506v1_genomic_prodigal_proteins	2792	GCA_000195975.1_ASM19597v1_genomic_prodigal_proteins	2719	890	52.82	11.99	32.73
GCA_011055065.1_ASM1105506v1_genomic_prodigal_proteins	2792	GCA_902618885.1_AG-920-D15_genomic_prodigal_proteins	1178	329	53.59	12.21	27.93
GCA_011055065.1_ASM1105506v1_genomic_prodigal_proteins	2792	GCA_003209165.1_ASM320916v1_genomic_prodigal_proteins	2711	743	53.14	11.91	27.41
GCA_011055065.1_ASM1105506v1_genomic_prodigal_proteins	2792	GCA_001007625.1_ASM100762v1_genomic_prodigal_proteins	2478	723	53.03	11.86	29.18
GCA_011055065.1_ASM1105506v1_genomic_prodigal_proteins	2792	GCA_008386235.1_ASM838623v1_genomic_prodigal_proteins	2571	1261	57.96	12.88	49.05
GCA_011055065.1_ASM1105506v1_genomic_prodigal_proteins	2792	GCA_001631935.1_ASM163193v1_genomic_prodigal_proteins	3526	878	52.70	11.91	31.45
GCA_011055065.1_ASM1105506v1_genomic_prodigal_proteins	2792	GCA_002151525.1_ASM215152v1_genomic_prodigal_proteins	1628	662	53.19	11.96	40.66
GCA_011055065.1_ASM1105506v1_genomic_prodigal_proteins	2792	GCA_000153065.1_ASM15306v1_genomic_prodigal_proteins	2704	906	53.08	12.12	33.51
GCA_011055065.1_ASM1105506v1_genomic_prodigal_proteins	2792	GCA_009837265.1_ASM983726v1_genomic_prodigal_proteins	2126	748	53.22	11.78	35.18
GCA_011055065.1_ASM1105506v1_genomic_prodigal_proteins	2792	GCA_902533725.1_AG-898-C20_genomic_prodigal_proteins	421	80	52.68	14.06	19.00
GCA_011055065.1_ASM1105506v1_genomic_prodigal_proteins	2792	GCA_002171075.2_ASM217107v2_genomic_prodigal_proteins	1919	655	52.23	11.48	34.13
GCA_011055065.1_ASM1105506v1_genomic_prodigal_proteins	2792	GCA_002760395.1_ASM276039v1_genomic_prodigal_proteins	2661	2101	86.92	8.02	78.96
GCA_011055065.1_ASM1105506v1_genomic_prodigal_proteins	2792	GCA_003209005.1_ASM320900v1_genomic_prodigal_proteins	2548	733	52.14	11.85	28.77
GCA_011055065.1_ASM1105506v1_genomic_prodigal_proteins	2792	GCA_002017915.1_ASM201791v1_genomic_prodigal_proteins	623	238	55.00	12.29	38.20
GCA_011055065.1_ASM1105506v1_genomic_prodigal_proteins	2792	GCA_900047545.1_m9_genomic_prodigal_proteins	1575	615	52.85	11.85	39.05
GCA_011055065.1_ASM1105506v1_genomic_prodigal_proteins	2792	GCA_001632105.1_ASM163210v1_genomic_prodigal_proteins	3521	882	52.61	11.91	31.59
GCA_011055065.1_ASM1105506v1_genomic_prodigal_proteins	2792	GCA_004212765.1_ASM421276v1_genomic_prodigal_proteins	1162	436	53.09	12.16	37.52
GCA_011055065.1_ASM1105506v1_genomic_prodigal_proteins	2792	GCA_002685515.1_ASM268551v1_genomic_prodigal_proteins	1286	464	52.18	11.46	36.08
GCA_011055065.1_ASM1105506v1_genomic_prodigal_proteins	2792	GCA_007828135.1_ASM782813v1_genomic_prodigal_proteins	2917	941	53.25	12.14	33.70
GCA_011055065.1_ASM1105506v1_genomic_prodigal_proteins	2792	GCA_011047875.1_ASM1104787v1_genomic_prodigal_proteins	2810	2561	99.82	1.41	91.73
GCA_011055065.1_ASM1105506v1_genomic_prodigal_proteins	2792	GCA_009840445.1_ASM984044v1_genomic_prodigal_proteins	2167	815	53.16	11.69	37.61
GCA_011055065.1_ASM1105506v1_genomic_prodigal_proteins	2792	GCA_003210995.1_ASM321099v1_genomic_prodigal_proteins	2385	631	52.84	12.04	26.46
GCA_011055065.1_ASM1105506v1_genomic_prodigal_proteins	2792	GCA_902616995.1_AG-919-L20_genomic_prodigal_proteins	654	161	52.82	12.99	24.62
GCA_011055065.1_ASM1105506v1_genomic_prodigal_proteins	2792	GCA_009845825.1_ASM984582v1_genomic_prodigal_proteins	2168	721	53.05	11.49	33.26
GCA_011055065.1_ASM1105506v1_genomic_prodigal_proteins	2792	GCA_000515235.1_ASM51523v1_genomic_prodigal_proteins	2873	887	52.88	11.97	31.77
GCA_011055065.1_ASM1105506v1_genomic_prodigal_proteins	2792	GCA_003523965.1_ASM352396v1_genomic_prodigal_proteins	1735	565	53.56	11.78	32.56
GCA_011055065.1_ASM1105506v1_genomic_prodigal_proteins	2792	GCA_002684175.1_ASM268417v1_genomic_prodigal_proteins	1819	523	51.76	11.36	28.75
GCA_011055065.1_ASM1105506v1_genomic_prodigal_proteins	2792	GCA_011523295.1_ASM1152329v1_genomic_prodigal_proteins	2851	662	51.42	11.30	23.71
GCA_011055065.1_ASM1105506v1_genomic_prodigal_proteins	2792	GCA_003211015.1_ASM321101v1_genomic_prodigal_proteins	2128	653	52.16	11.70	30.69
GCA_011055065.1_ASM1105506v1_genomic_prodigal_proteins	2792	GCA_002006815.1_ASM200681v1_genomic_prodigal_proteins	1973	834	52.98	11.80	42.27
GCA_000485815.1_ASM48581v1_genomic_prodigal_proteins	3083	GCA_008807075.1_ASM880707v1_genomic_prodigal_proteins	2925	1069	53.23	12.57	36.55
GCA_000485815.1_ASM48581v1_genomic_prodigal_proteins	3083	GCA_000179235.2_ASM17923v2_genomic_prodigal_proteins	3071	1148	53.76	12.79	37.38
GCA_000485815.1_ASM48581v1_genomic_prodigal_proteins	3083	GCA_003210795.1_ASM321079v1_genomic_prodigal_proteins	2239	778	52.50	12.54	34.75
GCA_000485815.1_ASM48581v1_genomic_prodigal_proteins	3083	GCA_002706715.1_ASM270671v1_genomic_prodigal_proteins	1148	561	53.35	12.78	48.87
GCA_000485815.1_ASM48581v1_genomic_prodigal_proteins	3083	GCA_003331245.1_ASM333124v1_genomic_prodigal_proteins	2021	869	53.11	12.37	43.00
GCA_000485815.1_ASM48581v1_genomic_prodigal_proteins	3083	GCA_009843385.1_ASM984338v1_genomic_prodigal_proteins	2085	741	53.90	12.47	35.54
GCA_000485815.1_ASM48581v1_genomic_prodigal_proteins	3083	GCA_003211205.1_ASM321120v1_genomic_prodigal_proteins	2288	801	53.32	12.69	35.01
GCA_000485815.1_ASM48581v1_genomic_prodigal_proteins	3083	GCA_000063505.1_ASM6350v1_genomic_prodigal_proteins	2558	1052	53.49	12.79	41.13
GCA_000485815.1_ASM48581v1_genomic_prodigal_proteins	3083	GCA_900474245.1_UW179B_genomic_prodigal_proteins	2743	1040	53.40	12.70	37.91
GCA_000485815.1_ASM48581v1_genomic_prodigal_proteins	3083	GCA_003210345.1_ASM321034v1_genomic_prodigal_proteins	1256	405	52.27	12.30	32.25
GCA_000485815.1_ASM48581v1_genomic_prodigal_proteins	3083	GCA_003210315.1_ASM321031v1_genomic_prodigal_proteins	1815	614	53.15	12.68	33.83
GCA_000485815.1_ASM48581v1_genomic_prodigal_proteins	3083	GCA_009836155.1_ASM983615v1_genomic_prodigal_proteins	1947	843	53.66	12.20	43.30
GCA_000485815.1_ASM48581v1_genomic_prodigal_proteins	3083	GCA_003990665.2_ASM399066v2_genomic_prodigal_proteins	2499	1365	59.44	12.86	54.62
GCA_000485815.1_ASM48581v1_genomic_prodigal_proteins	3083	GCA_003209135.1_ASM320913v1_genomic_prodigal_proteins	1719	552	52.09	12.36	32.11
GCA_000485815.1_ASM48581v1_genomic_prodigal_proteins	3083	GCA_009845105.1_ASM984510v1_genomic_prodigal_proteins	1941	704	53.24	12.35	36.27
GCA_000485815.1_ASM48581v1_genomic_prodigal_proteins	3083	GCA_002690325.1_ASM269032v1_genomic_prodigal_proteins	2554	942	52.31	12.63	36.88
GCA_000485815.1_ASM48581v1_genomic_prodigal_proteins	3083	GCA_000161795.2_ASM16179v2_genomic_prodigal_proteins	2407	1010	53.79	12.76	41.96
GCA_000485815.1_ASM48581v1_genomic_prodigal_proteins	3083	GCA_004211895.1_ASM421189v1_genomic_prodigal_proteins	954	439	53.08	12.77	46.02
GCA_000485815.1_ASM48581v1_genomic_prodigal_proteins	3083	GCA_003210735.1_ASM321073v1_genomic_prodigal_proteins	2337	757	52.44	12.82	32.39
GCA_000485815.1_ASM48581v1_genomic_prodigal_proteins	3083	GCA_003209035.1_ASM320903v1_genomic_prodigal_proteins	1803	563	52.90	12.87	31.23
GCA_000485815.1_ASM48581v1_genomic_prodigal_proteins	3083	GCA_003712085.1_ASM371208v1_genomic_prodigal_proteins	2745	1052	53.44	12.90	38.32
GCA_000485815.1_ASM48581v1_genomic_prodigal_proteins	3083	GCA_003212155.1_ASM321215v1_genomic_prodigal_proteins	262	58	54.05	15.23	22.14
GCA_000485815.1_ASM48581v1_genomic_prodigal_proteins	3083	GCA_001040845.1_ASM104084v1_genomic_prodigal_proteins	2917	1042	53.24	12.70	35.72
GCA_000485815.1_ASM48581v1_genomic_prodigal_proteins	3083	GCA_002018015.1_ASM201801v1_genomic_prodigal_proteins	1578	684	54.28	12.46	43.35
GCA_000485815.1_ASM48581v1_genomic_prodigal_proteins	3083	GCA_003211255.1_ASM321125v1_genomic_prodigal_proteins	1850	586	52.08	12.65	31.68
GCA_000485815.1_ASM48581v1_genomic_prodigal_proteins	3083	GCA_002721235.1_ASM272123v1_genomic_prodigal_proteins	3119	2416	84.01	11.16	78.37
GCA_000485815.1_ASM48581v1_genomic_prodigal_proteins	3083	GCA_009839305.1_ASM983930v1_genomic_prodigal_proteins	1816	666	54.15	12.56	36.67
GCA_000485815.1_ASM48581v1_genomic_prodigal_proteins	3083	GCA_011365345.1_ASM1136534v1_genomic_prodigal_proteins	2655	1037	53.61	12.80	39.06
GCA_000485815.1_ASM48581v1_genomic_prodigal_proteins	3083	GCA_001039265.1_ASM103926v1_genomic_prodigal_proteins	2832	775	55.59	12.84	27.37
GCA_000485815.1_ASM48581v1_genomic_prodigal_proteins	3083	GCA_001628325.1_ASM162832v1_genomic_prodigal_proteins	2129	934	53.37	12.52	43.87
GCA_000485815.1_ASM48581v1_genomic_prodigal_proteins	3083	GCA_003209215.1_ASM320921v1_genomic_prodigal_proteins	1679	525	54.01	12.86	31.27
GCA_000485815.1_ASM48581v1_genomic_prodigal_proteins	3083	GCA_002737305.1_ASM273730v1_genomic_prodigal_proteins	1951	839	54.79	12.70	43.00
GCA_000485815.1_ASM48581v1_genomic_prodigal_proteins	3083	GCA_003210515.1_ASM321051v1_genomic_prodigal_proteins	1673	595	52.77	12.72	35.56
GCA_000485815.1_ASM48581v1_genomic_prodigal_proteins	3083	GCA_011525445.1_ASM1152544v1_genomic_prodigal_proteins	3208	853	52.61	12.32	27.67
GCA_000485815.1_ASM48581v1_genomic_prodigal_proteins	3083	GCA_902599435.1_AG-916-N22_genomic_prodigal_proteins	793	262	54.70	12.73	33.04
GCA_000485815.1_ASM48581v1_genomic_prodigal_proteins	3083	GCA_003149585.1_ASM314958v1_genomic_prodigal_proteins	2600	1111	53.88	12.76	42.73
GCA_000485815.1_ASM48581v1_genomic_prodigal_proteins	3083	GCA_902560665.1_AG-905-O11_genomic_prodigal_proteins	401	96	54.76	13.69	23.94
GCA_000485815.1_ASM48581v1_genomic_prodigal_proteins	3083	GCA_003331795.1_ASM333179v1_genomic_prodigal_proteins	1948	871	53.48	13.03	44.71
GCA_000485815.1_ASM48581v1_genomic_prodigal_proteins	3083	GCA_002017955.1_ASM201795v1_genomic_prodigal_proteins	512	191	53.65	12.85	37.30
GCA_000485815.1_ASM48581v1_genomic_prodigal_proteins	3083	GCA_902584485.1_AG-912-O23_genomic_prodigal_proteins	535	134	52.48	12.91	25.05
GCA_000485815.1_ASM48581v1_genomic_prodigal_proteins	3083	GCA_902527915.1_AG-896-G19_genomic_prodigal_proteins	1003	323	53.21	13.16	32.20
GCA_000485815.1_ASM48581v1_genomic_prodigal_proteins	3083	GCA_902635365.1_AG-447-D19_genomic_prodigal_proteins	1690	493	54.13	12.75	29.17
GCA_000485815.1_ASM48581v1_genomic_prodigal_proteins	3083	GCA_900474085.1_UW86_genomic_prodigal_proteins	2403	1028	53.64	12.82	42.78
GCA_000485815.1_ASM48581v1_genomic_prodigal_proteins	3083	GCA_001885215.1_ASM188521v1_genomic_prodigal_proteins	2897	1150	53.34	12.69	39.70
GCA_000485815.1_ASM48581v1_genomic_prodigal_proteins	3083	GCA_902575935.1_AG-426-B22_genomic_prodigal_proteins	254	96	57.81	13.71	37.80
GCA_000485815.1_ASM48581v1_genomic_prodigal_proteins	3083	GCA_900474295.1_UW140_genomic_prodigal_proteins	2925	1049	53.35	12.80	35.86
GCA_000485815.1_ASM48581v1_genomic_prodigal_proteins	3083	GCA_003211565.1_ASM321156v1_genomic_prodigal_proteins	1489	467	53.24	12.96	31.36
GCA_000485815.1_ASM48581v1_genomic_prodigal_proteins	3083	GCA_003526105.1_ASM352610v1_genomic_prodigal_proteins	1581	559	54.15	12.40	35.36
GCA_000485815.1_ASM48581v1_genomic_prodigal_proteins	3083	GCA_002172935.1_ASM217293v1_genomic_prodigal_proteins	1996	818	52.90	12.42	40.98
GCA_000485815.1_ASM48581v1_genomic_prodigal_proteins	3083	GCA_003210335.1_ASM321033v1_genomic_prodigal_proteins	942	197	52.73	13.39	20.91
GCA_000485815.1_ASM48581v1_genomic_prodigal_proteins	3083	GCA_009846115.1_ASM984611v1_genomic_prodigal_proteins	2048	790	53.12	12.44	38.57
GCA_000485815.1_ASM48581v1_genomic_prodigal_proteins	3083	GCA_001693295.1_ASM169329v1_genomic_prodigal_proteins	3183	2445	83.87	11.30	79.31
GCA_000485815.1_ASM48581v1_genomic_prodigal_proteins	3083	GCA_900473965.1_UW179A_genomic_prodigal_proteins	3383	1035	53.35	12.87	33.57
GCA_000485815.1_ASM48581v1_genomic_prodigal_proteins	3083	GCA_003213755.1_ASM321375v1_genomic_prodigal_proteins	1050	377	53.24	13.38	35.90
GCA_000485815.1_ASM48581v1_genomic_prodigal_proteins	3083	GCA_003209155.1_ASM320915v1_genomic_prodigal_proteins	2305	776	53.34	12.70	33.67
GCA_000485815.1_ASM48581v1_genomic_prodigal_proteins	3083	GCA_003211515.1_ASM321151v1_genomic_prodigal_proteins	2451	689	52.89	12.83	28.11
GCA_000485815.1_ASM48581v1_genomic_prodigal_proteins	3083	GCA_002693285.1_ASM269328v1_genomic_prodigal_proteins	2440	900	53.13	12.67	36.89
GCA_000485815.1_ASM48581v1_genomic_prodigal_proteins	3083	GCA_003210555.1_ASM321055v1_genomic_prodigal_proteins	1847	583	52.88	12.80	31.56
GCA_000485815.1_ASM48581v1_genomic_prodigal_proteins	3083	GCA_000155595.1_ASM15559v1_genomic_prodigal_proteins	5270	1618	58.86	13.05	52.48
GCA_000485815.1_ASM48581v1_genomic_prodigal_proteins	3083	GCA_001007665.1_ASM100766v1_genomic_prodigal_proteins	2356	907	53.35	12.26	38.50
GCA_000485815.1_ASM48581v1_genomic_prodigal_proteins	3083	GCA_009919765.1_ASM991976v1_genomic_prodigal_proteins	2524	726	53.69	12.86	28.76
GCA_000485815.1_ASM48581v1_genomic_prodigal_proteins	3083	GCA_003331225.1_ASM333122v1_genomic_prodigal_proteins	2113	930	53.74	12.86	44.01
GCA_000485815.1_ASM48581v1_genomic_prodigal_proteins	3083	GCA_900177825.1_IMG-taxon_2708742468_annotated_assembly_genomic_prodigal_proteins	3317	2439	83.88	11.10	79.11
GCA_000485815.1_ASM48581v1_genomic_prodigal_proteins	3083	GCA_000195975.1_ASM19597v1_genomic_prodigal_proteins	2719	1041	53.42	12.93	38.29
GCA_000485815.1_ASM48581v1_genomic_prodigal_proteins	3083	GCA_902618885.1_AG-920-D15_genomic_prodigal_proteins	1178	392	53.84	13.17	33.28
GCA_000485815.1_ASM48581v1_genomic_prodigal_proteins	3083	GCA_003209165.1_ASM320916v1_genomic_prodigal_proteins	2711	890	53.64	12.83	32.83
GCA_000485815.1_ASM48581v1_genomic_prodigal_proteins	3083	GCA_001007625.1_ASM100762v1_genomic_prodigal_proteins	2478	800	54.09	12.38	32.28
GCA_000485815.1_ASM48581v1_genomic_prodigal_proteins	3083	GCA_008386235.1_ASM838623v1_genomic_prodigal_proteins	2571	1385	59.38	12.94	53.87
GCA_000485815.1_ASM48581v1_genomic_prodigal_proteins	3083	GCA_001631935.1_ASM163193v1_genomic_prodigal_proteins	3526	1033	53.29	12.80	33.51
GCA_000485815.1_ASM48581v1_genomic_prodigal_proteins	3083	GCA_002151525.1_ASM215152v1_genomic_prodigal_proteins	1628	763	53.74	12.87	46.87
GCA_000485815.1_ASM48581v1_genomic_prodigal_proteins	3083	GCA_000153065.1_ASM15306v1_genomic_prodigal_proteins	2704	1072	53.55	12.83	39.64
GCA_000485815.1_ASM48581v1_genomic_prodigal_proteins	3083	GCA_009837265.1_ASM983726v1_genomic_prodigal_proteins	2126	842	53.40	12.54	39.60
GCA_000485815.1_ASM48581v1_genomic_prodigal_proteins	3083	GCA_902533725.1_AG-898-C20_genomic_prodigal_proteins	421	91	55.72	14.62	21.62
GCA_000485815.1_ASM48581v1_genomic_prodigal_proteins	3083	GCA_002171075.2_ASM217107v2_genomic_prodigal_proteins	1919	779	52.66	12.43	40.59
GCA_000485815.1_ASM48581v1_genomic_prodigal_proteins	3083	GCA_002760395.1_ASM276039v1_genomic_prodigal_proteins	2661	1192	56.63	12.18	44.80
GCA_000485815.1_ASM48581v1_genomic_prodigal_proteins	3083	GCA_003209005.1_ASM320900v1_genomic_prodigal_proteins	2548	845	52.96	12.65	33.16
GCA_000485815.1_ASM48581v1_genomic_prodigal_proteins	3083	GCA_002017915.1_ASM201791v1_genomic_prodigal_proteins	623	262	55.52	13.23	42.05
GCA_000485815.1_ASM48581v1_genomic_prodigal_proteins	3083	GCA_900047545.1_m9_genomic_prodigal_proteins	1575	699	53.19	12.42	44.38
GCA_000485815.1_ASM48581v1_genomic_prodigal_proteins	3083	GCA_001632105.1_ASM163210v1_genomic_prodigal_proteins	3521	1034	53.24	12.79	33.54
GCA_000485815.1_ASM48581v1_genomic_prodigal_proteins	3083	GCA_004212765.1_ASM421276v1_genomic_prodigal_proteins	1162	529	53.10	12.85	45.52
GCA_000485815.1_ASM48581v1_genomic_prodigal_proteins	3083	GCA_002685515.1_ASM268551v1_genomic_prodigal_proteins	1286	543	52.38	12.46	42.22
GCA_000485815.1_ASM48581v1_genomic_prodigal_proteins	3083	GCA_007828135.1_ASM782813v1_genomic_prodigal_proteins	2917	1151	53.26	12.66	39.46
GCA_000485815.1_ASM48581v1_genomic_prodigal_proteins	3083	GCA_011047875.1_ASM1104787v1_genomic_prodigal_proteins	2810	1216	56.71	12.22	43.27
GCA_000485815.1_ASM48581v1_genomic_prodigal_proteins	3083	GCA_009840445.1_ASM984044v1_genomic_prodigal_proteins	2167	923	53.31	12.46	42.59
GCA_000485815.1_ASM48581v1_genomic_prodigal_proteins	3083	GCA_003210995.1_ASM321099v1_genomic_prodigal_proteins	2385	730	53.74	13.08	30.61
GCA_000485815.1_ASM48581v1_genomic_prodigal_proteins	3083	GCA_902616995.1_AG-919-L20_genomic_prodigal_proteins	654	192	52.84	13.02	29.36
GCA_000485815.1_ASM48581v1_genomic_prodigal_proteins	3083	GCA_009845825.1_ASM984582v1_genomic_prodigal_proteins	2168	774	53.84	12.19	35.70
GCA_000485815.1_ASM48581v1_genomic_prodigal_proteins	3083	GCA_000515235.1_ASM51523v1_genomic_prodigal_proteins	2873	1042	53.27	12.86	36.27
GCA_000485815.1_ASM48581v1_genomic_prodigal_proteins	3083	GCA_003523965.1_ASM352396v1_genomic_prodigal_proteins	1735	587	54.73	12.39	33.83
GCA_000485815.1_ASM48581v1_genomic_prodigal_proteins	3083	GCA_002684175.1_ASM268417v1_genomic_prodigal_proteins	1819	607	52.05	12.14	33.37
GCA_000485815.1_ASM48581v1_genomic_prodigal_proteins	3083	GCA_011523295.1_ASM1152329v1_genomic_prodigal_proteins	2851	798	51.47	12.16	27.99
GCA_000485815.1_ASM48581v1_genomic_prodigal_proteins	3083	GCA_003211015.1_ASM321101v1_genomic_prodigal_proteins	2128	750	52.85	12.63	35.24
GCA_000485815.1_ASM48581v1_genomic_prodigal_proteins	3083	GCA_002006815.1_ASM200681v1_genomic_prodigal_proteins	1973	955	53.74	12.65	48.40
GCA_000013205.1_ASM1320v1_genomic_prodigal_proteins	2750	GCA_003539795.1_ASM353979v1_genomic_prodigal_proteins	2284	673	51.92	11.04	29.47
GCA_000013205.1_ASM1320v1_genomic_prodigal_proteins	2750	GCA_002171995.1_ASM217199v1_genomic_prodigal_proteins	1978	549	51.74	11.80	27.76
GCA_000013205.1_ASM1320v1_genomic_prodigal_proteins	2750	GCA_011523835.1_ASM1152383v1_genomic_prodigal_proteins	2468	786	52.58	11.74	31.85
GCA_000013205.1_ASM1320v1_genomic_prodigal_proteins	2750	GCA_002172175.1_ASM217217v1_genomic_prodigal_proteins	1846	601	52.02	11.56	32.56
GCA_000013205.1_ASM1320v1_genomic_prodigal_proteins	2750	GCA_003208835.1_ASM320883v1_genomic_prodigal_proteins	2208	682	52.58	11.81	30.89
GCA_000013205.1_ASM1320v1_genomic_prodigal_proteins	2750	GCA_902589915.1_AG-914-F20_genomic_prodigal_proteins	373	72	53.51	13.15	19.30
GCA_000013205.1_ASM1320v1_genomic_prodigal_proteins	2750	GCA_000485815.1_ASM48581v1_genomic_prodigal_proteins	3083	1220	56.67	12.28	44.36
GCA_000013205.1_ASM1320v1_genomic_prodigal_proteins	2750	GCA_008807075.1_ASM880707v1_genomic_prodigal_proteins	2925	947	53.31	12.15	34.44
GCA_000013205.1_ASM1320v1_genomic_prodigal_proteins	2750	GCA_000179235.2_ASM17923v2_genomic_prodigal_proteins	3071	1009	53.60	12.00	36.69
GCA_000013205.1_ASM1320v1_genomic_prodigal_proteins	2750	GCA_003210795.1_ASM321079v1_genomic_prodigal_proteins	2239	675	52.36	11.48	30.15
GCA_000013205.1_ASM1320v1_genomic_prodigal_proteins	2750	GCA_002706715.1_ASM270671v1_genomic_prodigal_proteins	1148	495	53.30	11.84	43.12
GCA_000013205.1_ASM1320v1_genomic_prodigal_proteins	2750	GCA_003331245.1_ASM333124v1_genomic_prodigal_proteins	2021	764	52.92	11.41	37.80
GCA_000013205.1_ASM1320v1_genomic_prodigal_proteins	2750	GCA_009843385.1_ASM984338v1_genomic_prodigal_proteins	2085	700	53.47	11.54	33.57
GCA_000013205.1_ASM1320v1_genomic_prodigal_proteins	2750	GCA_003211205.1_ASM321120v1_genomic_prodigal_proteins	2288	708	52.55	11.92	30.94
GCA_000013205.1_ASM1320v1_genomic_prodigal_proteins	2750	GCA_000063505.1_ASM6350v1_genomic_prodigal_proteins	2558	942	52.83	12.23	36.83
GCA_000013205.1_ASM1320v1_genomic_prodigal_proteins	2750	GCA_900474245.1_UW179B_genomic_prodigal_proteins	2743	941	52.66	11.99	34.31
GCA_000013205.1_ASM1320v1_genomic_prodigal_proteins	2750	GCA_003210345.1_ASM321034v1_genomic_prodigal_proteins	1256	357	52.07	12.25	28.42
GCA_000013205.1_ASM1320v1_genomic_prodigal_proteins	2750	GCA_003210315.1_ASM321031v1_genomic_prodigal_proteins	1815	556	52.67	12.15	30.63
GCA_000013205.1_ASM1320v1_genomic_prodigal_proteins	2750	GCA_009836155.1_ASM983615v1_genomic_prodigal_proteins	1947	800	53.34	11.41	41.09
GCA_000013205.1_ASM1320v1_genomic_prodigal_proteins	2750	GCA_003990665.2_ASM399066v2_genomic_prodigal_proteins	2499	1285	58.52	12.77	51.42
GCA_000013205.1_ASM1320v1_genomic_prodigal_proteins	2750	GCA_003209135.1_ASM320913v1_genomic_prodigal_proteins	1719	488	51.87	11.34	28.39
GCA_000013205.1_ASM1320v1_genomic_prodigal_proteins	2750	GCA_009845105.1_ASM984510v1_genomic_prodigal_proteins	1941	663	52.98	11.52	34.16
GCA_000013205.1_ASM1320v1_genomic_prodigal_proteins	2750	GCA_002690325.1_ASM269032v1_genomic_prodigal_proteins	2554	826	51.86	11.50	32.34
GCA_000013205.1_ASM1320v1_genomic_prodigal_proteins	2750	GCA_000161795.2_ASM16179v2_genomic_prodigal_proteins	2407	918	53.28	11.97	38.14
GCA_000013205.1_ASM1320v1_genomic_prodigal_proteins	2750	GCA_004211895.1_ASM421189v1_genomic_prodigal_proteins	954	391	52.59	12.06	40.99
GCA_000013205.1_ASM1320v1_genomic_prodigal_proteins	2750	GCA_003210735.1_ASM321073v1_genomic_prodigal_proteins	2337	662	52.29	11.82	28.33
GCA_000013205.1_ASM1320v1_genomic_prodigal_proteins	2750	GCA_003209035.1_ASM320903v1_genomic_prodigal_proteins	1803	499	52.61	11.95	27.68
GCA_000013205.1_ASM1320v1_genomic_prodigal_proteins	2750	GCA_003712085.1_ASM371208v1_genomic_prodigal_proteins	2745	930	52.95	11.85	33.88
GCA_000013205.1_ASM1320v1_genomic_prodigal_proteins	2750	GCA_003212155.1_ASM321215v1_genomic_prodigal_proteins	262	52	51.95	14.12	19.85
GCA_000013205.1_ASM1320v1_genomic_prodigal_proteins	2750	GCA_001040845.1_ASM104084v1_genomic_prodigal_proteins	2917	939	52.84	11.99	34.15
GCA_000013205.1_ASM1320v1_genomic_prodigal_proteins	2750	GCA_002018015.1_ASM201801v1_genomic_prodigal_proteins	1578	668	53.73	11.75	42.33
GCA_000013205.1_ASM1320v1_genomic_prodigal_proteins	2750	GCA_003211255.1_ASM321125v1_genomic_prodigal_proteins	1850	501	51.90	11.57	27.08
GCA_000013205.1_ASM1320v1_genomic_prodigal_proteins	2750	GCA_002721235.1_ASM272123v1_genomic_prodigal_proteins	3119	1257	56.61	12.29	45.71
GCA_000013205.1_ASM1320v1_genomic_prodigal_proteins	2750	GCA_009839305.1_ASM983930v1_genomic_prodigal_proteins	1816	616	54.12	11.98	33.92
GCA_000013205.1_ASM1320v1_genomic_prodigal_proteins	2750	GCA_011365345.1_ASM1136534v1_genomic_prodigal_proteins	2655	927	53.13	11.94	34.92
GCA_000013205.1_ASM1320v1_genomic_prodigal_proteins	2750	GCA_001039265.1_ASM103926v1_genomic_prodigal_proteins	2832	707	55.30	12.34	25.71
GCA_000013205.1_ASM1320v1_genomic_prodigal_proteins	2750	GCA_001628325.1_ASM162832v1_genomic_prodigal_proteins	2129	832	52.96	11.54	39.08
GCA_000013205.1_ASM1320v1_genomic_prodigal_proteins	2750	GCA_003209215.1_ASM320921v1_genomic_prodigal_proteins	1679	472	53.33	12.26	28.11
GCA_000013205.1_ASM1320v1_genomic_prodigal_proteins	2750	GCA_002737305.1_ASM273730v1_genomic_prodigal_proteins	1951	772	54.23	11.76	39.57
GCA_000013205.1_ASM1320v1_genomic_prodigal_proteins	2750	GCA_003210515.1_ASM321051v1_genomic_prodigal_proteins	1673	523	52.62	12.20	31.26
GCA_000013205.1_ASM1320v1_genomic_prodigal_proteins	2750	GCA_011525445.1_ASM1152544v1_genomic_prodigal_proteins	3208	748	51.71	11.73	27.20
GCA_000013205.1_ASM1320v1_genomic_prodigal_proteins	2750	GCA_902599435.1_AG-916-N22_genomic_prodigal_proteins	793	241	54.61	12.15	30.39
GCA_000013205.1_ASM1320v1_genomic_prodigal_proteins	2750	GCA_003149585.1_ASM314958v1_genomic_prodigal_proteins	2600	982	53.67	11.84	37.77
GCA_000013205.1_ASM1320v1_genomic_prodigal_proteins	2750	GCA_902560665.1_AG-905-O11_genomic_prodigal_proteins	401	82	54.29	14.31	20.45
GCA_000013205.1_ASM1320v1_genomic_prodigal_proteins	2750	GCA_003331795.1_ASM333179v1_genomic_prodigal_proteins	1948	773	53.27	12.13	39.68
GCA_000013205.1_ASM1320v1_genomic_prodigal_proteins	2750	GCA_002017955.1_ASM201795v1_genomic_prodigal_proteins	512	189	51.93	11.75	36.91
GCA_000013205.1_ASM1320v1_genomic_prodigal_proteins	2750	GCA_902584485.1_AG-912-O23_genomic_prodigal_proteins	535	129	52.24	12.51	24.11
GCA_000013205.1_ASM1320v1_genomic_prodigal_proteins	2750	GCA_902527915.1_AG-896-G19_genomic_prodigal_proteins	1003	272	53.12	12.45	27.12
GCA_000013205.1_ASM1320v1_genomic_prodigal_proteins	2750	GCA_902635365.1_AG-447-D19_genomic_prodigal_proteins	1690	442	53.10	12.03	26.15
GCA_000013205.1_ASM1320v1_genomic_prodigal_proteins	2750	GCA_900474085.1_UW86_genomic_prodigal_proteins	2403	918	53.27	11.90	38.20
GCA_000013205.1_ASM1320v1_genomic_prodigal_proteins	2750	GCA_001885215.1_ASM188521v1_genomic_prodigal_proteins	2897	990	53.47	11.89	36.00
GCA_000013205.1_ASM1320v1_genomic_prodigal_proteins	2750	GCA_902575935.1_AG-426-B22_genomic_prodigal_proteins	254	88	59.21	13.76	34.65
GCA_000013205.1_ASM1320v1_genomic_prodigal_proteins	2750	GCA_900474295.1_UW140_genomic_prodigal_proteins	2925	940	52.82	11.98	34.18
GCA_000013205.1_ASM1320v1_genomic_prodigal_proteins	2750	GCA_003211565.1_ASM321156v1_genomic_prodigal_proteins	1489	417	52.94	12.58	28.01
GCA_000013205.1_ASM1320v1_genomic_prodigal_proteins	2750	GCA_003526105.1_ASM352610v1_genomic_prodigal_proteins	1581	504	53.19	11.55	31.88
GCA_000013205.1_ASM1320v1_genomic_prodigal_proteins	2750	GCA_002172935.1_ASM217293v1_genomic_prodigal_proteins	1996	707	52.52	11.74	35.42
GCA_000013205.1_ASM1320v1_genomic_prodigal_proteins	2750	GCA_003210335.1_ASM321033v1_genomic_prodigal_proteins	942	168	52.62	12.71	17.83
GCA_000013205.1_ASM1320v1_genomic_prodigal_proteins	2750	GCA_009846115.1_ASM984611v1_genomic_prodigal_proteins	2048	720	53.34	11.51	35.16
GCA_000013205.1_ASM1320v1_genomic_prodigal_proteins	2750	GCA_001693295.1_ASM169329v1_genomic_prodigal_proteins	3183	1255	56.63	12.39	45.64
GCA_000013205.1_ASM1320v1_genomic_prodigal_proteins	2750	GCA_900473965.1_UW179A_genomic_prodigal_proteins	3383	920	52.96	12.10	33.45
GCA_000013205.1_ASM1320v1_genomic_prodigal_proteins	2750	GCA_003213755.1_ASM321375v1_genomic_prodigal_proteins	1050	319	53.51	12.69	30.38
GCA_000013205.1_ASM1320v1_genomic_prodigal_proteins	2750	GCA_003209155.1_ASM320915v1_genomic_prodigal_proteins	2305	687	52.87	11.61	29.80
GCA_000013205.1_ASM1320v1_genomic_prodigal_proteins	2750	GCA_003211515.1_ASM321151v1_genomic_prodigal_proteins	2451	606	52.43	11.91	24.72
GCA_000013205.1_ASM1320v1_genomic_prodigal_proteins	2750	GCA_002693285.1_ASM269328v1_genomic_prodigal_proteins	2440	802	52.52	11.78	32.87
GCA_000013205.1_ASM1320v1_genomic_prodigal_proteins	2750	GCA_003210555.1_ASM321055v1_genomic_prodigal_proteins	1847	514	52.72	11.70	27.83
GCA_000013205.1_ASM1320v1_genomic_prodigal_proteins	2750	GCA_000155595.1_ASM15559v1_genomic_prodigal_proteins	5270	1313	56.08	12.10	47.75
GCA_000013205.1_ASM1320v1_genomic_prodigal_proteins	2750	GCA_001007665.1_ASM100766v1_genomic_prodigal_proteins	2356	858	53.01	11.44	36.42
GCA_000013205.1_ASM1320v1_genomic_prodigal_proteins	2750	GCA_009919765.1_ASM991976v1_genomic_prodigal_proteins	2524	632	53.11	11.75	25.04
GCA_000013205.1_ASM1320v1_genomic_prodigal_proteins	2750	GCA_003331225.1_ASM333122v1_genomic_prodigal_proteins	2113	828	53.47	11.79	39.19
GCA_000013205.1_ASM1320v1_genomic_prodigal_proteins	2750	GCA_900177825.1_IMG-taxon_2708742468_annotated_assembly_genomic_prodigal_proteins	3317	1256	56.56	12.36	45.67
GCA_000013205.1_ASM1320v1_genomic_prodigal_proteins	2750	GCA_000195975.1_ASM19597v1_genomic_prodigal_proteins	2719	923	53.14	11.92	33.95
GCA_000013205.1_ASM1320v1_genomic_prodigal_proteins	2750	GCA_902618885.1_AG-920-D15_genomic_prodigal_proteins	1178	336	53.76	12.45	28.52
GCA_000013205.1_ASM1320v1_genomic_prodigal_proteins	2750	GCA_003209165.1_ASM320916v1_genomic_prodigal_proteins	2711	792	53.18	12.02	29.21
GCA_000013205.1_ASM1320v1_genomic_prodigal_proteins	2750	GCA_001007625.1_ASM100762v1_genomic_prodigal_proteins	2478	761	53.15	11.63	30.71
GCA_000013205.1_ASM1320v1_genomic_prodigal_proteins	2750	GCA_008386235.1_ASM838623v1_genomic_prodigal_proteins	2571	1303	58.40	12.77	50.68
GCA_000013205.1_ASM1320v1_genomic_prodigal_proteins	2750	GCA_001631935.1_ASM163193v1_genomic_prodigal_proteins	3526	911	53.02	11.95	33.13
GCA_000013205.1_ASM1320v1_genomic_prodigal_proteins	2750	GCA_002151525.1_ASM215152v1_genomic_prodigal_proteins	1628	697	53.25	11.92	42.81
GCA_000013205.1_ASM1320v1_genomic_prodigal_proteins	2750	GCA_000153065.1_ASM15306v1_genomic_prodigal_proteins	2704	958	53.46	12.14	35.43
GCA_000013205.1_ASM1320v1_genomic_prodigal_proteins	2750	GCA_009837265.1_ASM983726v1_genomic_prodigal_proteins	2126	780	53.40	11.72	36.69
GCA_000013205.1_ASM1320v1_genomic_prodigal_proteins	2750	GCA_902533725.1_AG-898-C20_genomic_prodigal_proteins	421	87	53.77	14.12	20.67
GCA_000013205.1_ASM1320v1_genomic_prodigal_proteins	2750	GCA_002171075.2_ASM217107v2_genomic_prodigal_proteins	1919	676	52.32	11.32	35.23
GCA_000013205.1_ASM1320v1_genomic_prodigal_proteins	2750	GCA_002760395.1_ASM276039v1_genomic_prodigal_proteins	2661	2418	98.74	3.59	90.87
GCA_000013205.1_ASM1320v1_genomic_prodigal_proteins	2750	GCA_003209005.1_ASM320900v1_genomic_prodigal_proteins	2548	764	52.26	11.82	29.98
GCA_000013205.1_ASM1320v1_genomic_prodigal_proteins	2750	GCA_002017915.1_ASM201791v1_genomic_prodigal_proteins	623	253	55.06	12.12	40.61
GCA_000013205.1_ASM1320v1_genomic_prodigal_proteins	2750	GCA_900047545.1_m9_genomic_prodigal_proteins	1575	654	52.93	11.76	41.52
GCA_000013205.1_ASM1320v1_genomic_prodigal_proteins	2750	GCA_001632105.1_ASM163210v1_genomic_prodigal_proteins	3521	914	52.88	11.91	33.24
GCA_000013205.1_ASM1320v1_genomic_prodigal_proteins	2750	GCA_004212765.1_ASM421276v1_genomic_prodigal_proteins	1162	448	53.40	11.99	38.55
GCA_000013205.1_ASM1320v1_genomic_prodigal_proteins	2750	GCA_002685515.1_ASM268551v1_genomic_prodigal_proteins	1286	487	51.89	11.49	37.87
GCA_000013205.1_ASM1320v1_genomic_prodigal_proteins	2750	GCA_007828135.1_ASM782813v1_genomic_prodigal_proteins	2917	992	53.55	11.98	36.07
GCA_000013205.1_ASM1320v1_genomic_prodigal_proteins	2750	GCA_011047875.1_ASM1104787v1_genomic_prodigal_proteins	2810	2200	86.91	8.17	80.00
GCA_000013205.1_ASM1320v1_genomic_prodigal_proteins	2750	GCA_009840445.1_ASM984044v1_genomic_prodigal_proteins	2167	859	53.29	11.77	39.64
GCA_000013205.1_ASM1320v1_genomic_prodigal_proteins	2750	GCA_003210995.1_ASM321099v1_genomic_prodigal_proteins	2385	652	53.00	12.01	27.34
GCA_000013205.1_ASM1320v1_genomic_prodigal_proteins	2750	GCA_902616995.1_AG-919-L20_genomic_prodigal_proteins	654	171	53.42	13.42	26.15
GCA_000013205.1_ASM1320v1_genomic_prodigal_proteins	2750	GCA_009845825.1_ASM984582v1_genomic_prodigal_proteins	2168	746	53.28	11.52	34.41
GCA_000013205.1_ASM1320v1_genomic_prodigal_proteins	2750	GCA_000515235.1_ASM51523v1_genomic_prodigal_proteins	2873	933	52.95	11.99	33.93
GCA_000013205.1_ASM1320v1_genomic_prodigal_proteins	2750	GCA_003523965.1_ASM352396v1_genomic_prodigal_proteins	1735	579	53.79	11.43	33.37
GCA_000013205.1_ASM1320v1_genomic_prodigal_proteins	2750	GCA_002684175.1_ASM268417v1_genomic_prodigal_proteins	1819	542	51.94	11.19	29.80
GCA_000013205.1_ASM1320v1_genomic_prodigal_proteins	2750	GCA_011523295.1_ASM1152329v1_genomic_prodigal_proteins	2851	697	51.31	11.22	25.35
GCA_000013205.1_ASM1320v1_genomic_prodigal_proteins	2750	GCA_003211015.1_ASM321101v1_genomic_prodigal_proteins	2128	679	52.39	11.76	31.91
GCA_000013205.1_ASM1320v1_genomic_prodigal_proteins	2750	GCA_002006815.1_ASM200681v1_genomic_prodigal_proteins	1973	876	53.09	11.98	44.40
GCA_000316685.1_ASM31668v1_genomic_prodigal_proteins	3706	GCA_000063525.1_ASM6352v1_genomic_prodigal_proteins	2540	1086	53.98	12.75	42.76
GCA_000316685.1_ASM31668v1_genomic_prodigal_proteins	3706	GCA_003283165.1_ASM328316v1_genomic_prodigal_proteins	217	57	50.82	12.70	26.27
GCA_000316685.1_ASM31668v1_genomic_prodigal_proteins	3706	GCA_902540675.1_AG-359-E22_genomic_prodigal_proteins	584	155	53.55	13.54	26.54
GCA_000316685.1_ASM31668v1_genomic_prodigal_proteins	3706	GCA_011055065.1_ASM1105506v1_genomic_prodigal_proteins	2792	1275	57.42	12.36	45.67
GCA_000316685.1_ASM31668v1_genomic_prodigal_proteins	3706	GCA_000013205.1_ASM1320v1_genomic_prodigal_proteins	2750	1283	57.58	12.31	46.65
GCA_000316685.1_ASM31668v1_genomic_prodigal_proteins	3706	GCA_003539795.1_ASM353979v1_genomic_prodigal_proteins	2284	759	52.19	11.68	33.23
GCA_000316685.1_ASM31668v1_genomic_prodigal_proteins	3706	GCA_002171995.1_ASM217199v1_genomic_prodigal_proteins	1978	601	52.94	12.35	30.38
GCA_000316685.1_ASM31668v1_genomic_prodigal_proteins	3706	GCA_011523835.1_ASM1152383v1_genomic_prodigal_proteins	2468	884	52.96	12.15	35.82
GCA_000316685.1_ASM31668v1_genomic_prodigal_proteins	3706	GCA_002172175.1_ASM217217v1_genomic_prodigal_proteins	1846	675	52.79	12.11	36.57
GCA_000316685.1_ASM31668v1_genomic_prodigal_proteins	3706	GCA_003208835.1_ASM320883v1_genomic_prodigal_proteins	2208	771	53.36	12.29	34.92
GCA_000316685.1_ASM31668v1_genomic_prodigal_proteins	3706	GCA_902589915.1_AG-914-F20_genomic_prodigal_proteins	373	86	53.89	13.38	23.06
GCA_000316685.1_ASM31668v1_genomic_prodigal_proteins	3706	GCA_000485815.1_ASM48581v1_genomic_prodigal_proteins	3083	1478	59.28	12.80	47.94
GCA_000316685.1_ASM31668v1_genomic_prodigal_proteins	3706	GCA_008807075.1_ASM880707v1_genomic_prodigal_proteins	2925	1095	53.20	12.57	37.44
GCA_000316685.1_ASM31668v1_genomic_prodigal_proteins	3706	GCA_000179235.2_ASM17923v2_genomic_prodigal_proteins	3071	1149	53.96	12.52	37.41
GCA_000316685.1_ASM31668v1_genomic_prodigal_proteins	3706	GCA_003210795.1_ASM321079v1_genomic_prodigal_proteins	2239	780	52.59	12.11	34.84
GCA_000316685.1_ASM31668v1_genomic_prodigal_proteins	3706	GCA_002706715.1_ASM270671v1_genomic_prodigal_proteins	1148	563	53.31	12.71	49.04
GCA_000316685.1_ASM31668v1_genomic_prodigal_proteins	3706	GCA_003331245.1_ASM333124v1_genomic_prodigal_proteins	2021	857	53.08	12.04	42.40
GCA_000316685.1_ASM31668v1_genomic_prodigal_proteins	3706	GCA_009843385.1_ASM984338v1_genomic_prodigal_proteins	2085	773	53.80	12.20	37.07
GCA_000316685.1_ASM31668v1_genomic_prodigal_proteins	3706	GCA_003211205.1_ASM321120v1_genomic_prodigal_proteins	2288	803	53.05	12.53	35.10
GCA_000316685.1_ASM31668v1_genomic_prodigal_proteins	3706	GCA_000063505.1_ASM6350v1_genomic_prodigal_proteins	2558	1054	53.45	12.54	41.20
GCA_000316685.1_ASM31668v1_genomic_prodigal_proteins	3706	GCA_900474245.1_UW179B_genomic_prodigal_proteins	2743	1069	53.14	12.43	38.97
GCA_000316685.1_ASM31668v1_genomic_prodigal_proteins	3706	GCA_003210345.1_ASM321034v1_genomic_prodigal_proteins	1256	418	52.23	12.61	33.28
GCA_000316685.1_ASM31668v1_genomic_prodigal_proteins	3706	GCA_003210315.1_ASM321031v1_genomic_prodigal_proteins	1815	627	53.10	12.65	34.55
GCA_000316685.1_ASM31668v1_genomic_prodigal_proteins	3706	GCA_009836155.1_ASM983615v1_genomic_prodigal_proteins	1947	879	53.43	12.08	45.15
GCA_000316685.1_ASM31668v1_genomic_prodigal_proteins	3706	GCA_003990665.2_ASM399066v2_genomic_prodigal_proteins	2499	1851	65.99	13.54	74.07
GCA_000316685.1_ASM31668v1_genomic_prodigal_proteins	3706	GCA_003209135.1_ASM320913v1_genomic_prodigal_proteins	1719	570	51.80	12.10	33.16
GCA_000316685.1_ASM31668v1_genomic_prodigal_proteins	3706	GCA_009845105.1_ASM984510v1_genomic_prodigal_proteins	1941	742	53.14	12.16	38.23
GCA_000316685.1_ASM31668v1_genomic_prodigal_proteins	3706	GCA_002690325.1_ASM269032v1_genomic_prodigal_proteins	2554	949	52.21	12.22	37.16
GCA_000316685.1_ASM31668v1_genomic_prodigal_proteins	3706	GCA_000161795.2_ASM16179v2_genomic_prodigal_proteins	2407	1023	53.57	12.65	42.50
GCA_000316685.1_ASM31668v1_genomic_prodigal_proteins	3706	GCA_004211895.1_ASM421189v1_genomic_prodigal_proteins	954	447	53.25	12.35	46.86
GCA_000316685.1_ASM31668v1_genomic_prodigal_proteins	3706	GCA_003210735.1_ASM321073v1_genomic_prodigal_proteins	2337	761	52.42	12.38	32.56
GCA_000316685.1_ASM31668v1_genomic_prodigal_proteins	3706	GCA_003209035.1_ASM320903v1_genomic_prodigal_proteins	1803	566	52.67	12.79	31.39
GCA_000316685.1_ASM31668v1_genomic_prodigal_proteins	3706	GCA_003712085.1_ASM371208v1_genomic_prodigal_proteins	2745	1076	53.21	12.43	39.20
GCA_000316685.1_ASM31668v1_genomic_prodigal_proteins	3706	GCA_003212155.1_ASM321215v1_genomic_prodigal_proteins	262	58	52.97	14.74	22.14
GCA_000316685.1_ASM31668v1_genomic_prodigal_proteins	3706	GCA_001040845.1_ASM104084v1_genomic_prodigal_proteins	2917	1066	53.01	12.48	36.54
GCA_000316685.1_ASM31668v1_genomic_prodigal_proteins	3706	GCA_002018015.1_ASM201801v1_genomic_prodigal_proteins	1578	718	53.83	12.49	45.50
GCA_000316685.1_ASM31668v1_genomic_prodigal_proteins	3706	GCA_003211255.1_ASM321125v1_genomic_prodigal_proteins	1850	585	51.91	12.19	31.62
GCA_000316685.1_ASM31668v1_genomic_prodigal_proteins	3706	GCA_002721235.1_ASM272123v1_genomic_prodigal_proteins	3119	1519	59.27	12.76	48.70
GCA_000316685.1_ASM31668v1_genomic_prodigal_proteins	3706	GCA_009839305.1_ASM983930v1_genomic_prodigal_proteins	1816	697	54.18	12.53	38.38
GCA_000316685.1_ASM31668v1_genomic_prodigal_proteins	3706	GCA_011365345.1_ASM1136534v1_genomic_prodigal_proteins	2655	1057	53.42	12.58	39.81
GCA_000316685.1_ASM31668v1_genomic_prodigal_proteins	3706	GCA_001039265.1_ASM103926v1_genomic_prodigal_proteins	2832	805	55.55	12.80	28.43
GCA_000316685.1_ASM31668v1_genomic_prodigal_proteins	3706	GCA_001628325.1_ASM162832v1_genomic_prodigal_proteins	2129	945	53.33	12.28	44.39
GCA_000316685.1_ASM31668v1_genomic_prodigal_proteins	3706	GCA_003209215.1_ASM320921v1_genomic_prodigal_proteins	1679	529	53.37	12.98	31.51
GCA_000316685.1_ASM31668v1_genomic_prodigal_proteins	3706	GCA_002737305.1_ASM273730v1_genomic_prodigal_proteins	1951	884	54.33	12.43	45.31
GCA_000316685.1_ASM31668v1_genomic_prodigal_proteins	3706	GCA_003210515.1_ASM321051v1_genomic_prodigal_proteins	1673	597	52.65	12.46	35.68
GCA_000316685.1_ASM31668v1_genomic_prodigal_proteins	3706	GCA_011525445.1_ASM1152544v1_genomic_prodigal_proteins	3208	859	52.35	12.24	26.78
GCA_000316685.1_ASM31668v1_genomic_prodigal_proteins	3706	GCA_902599435.1_AG-916-N22_genomic_prodigal_proteins	793	276	55.09	12.40	34.80
GCA_000316685.1_ASM31668v1_genomic_prodigal_proteins	3706	GCA_003149585.1_ASM314958v1_genomic_prodigal_proteins	2600	1113	53.85	12.57	42.81
GCA_000316685.1_ASM31668v1_genomic_prodigal_proteins	3706	GCA_902560665.1_AG-905-O11_genomic_prodigal_proteins	401	98	54.38	14.35	24.44
GCA_000316685.1_ASM31668v1_genomic_prodigal_proteins	3706	GCA_003331795.1_ASM333179v1_genomic_prodigal_proteins	1948	862	53.87	12.68	44.25
GCA_000316685.1_ASM31668v1_genomic_prodigal_proteins	3706	GCA_002017955.1_ASM201795v1_genomic_prodigal_proteins	512	211	52.98	12.90	41.21
GCA_000316685.1_ASM31668v1_genomic_prodigal_proteins	3706	GCA_902584485.1_AG-912-O23_genomic_prodigal_proteins	535	140	52.16	13.48	26.17
GCA_000316685.1_ASM31668v1_genomic_prodigal_proteins	3706	GCA_902527915.1_AG-896-G19_genomic_prodigal_proteins	1003	324	53.57	12.76	32.30
GCA_000316685.1_ASM31668v1_genomic_prodigal_proteins	3706	GCA_902635365.1_AG-447-D19_genomic_prodigal_proteins	1690	507	53.55	12.47	30.00
GCA_000316685.1_ASM31668v1_genomic_prodigal_proteins	3706	GCA_900474085.1_UW86_genomic_prodigal_proteins	2403	1033	53.47	12.62	42.99
GCA_000316685.1_ASM31668v1_genomic_prodigal_proteins	3706	GCA_001885215.1_ASM188521v1_genomic_prodigal_proteins	2897	1147	53.58	12.46	39.59
GCA_000316685.1_ASM31668v1_genomic_prodigal_proteins	3706	GCA_902575935.1_AG-426-B22_genomic_prodigal_proteins	254	92	59.26	14.19	36.22
GCA_000316685.1_ASM31668v1_genomic_prodigal_proteins	3706	GCA_900474295.1_UW140_genomic_prodigal_proteins	2925	1061	53.28	12.48	36.27
GCA_000316685.1_ASM31668v1_genomic_prodigal_proteins	3706	GCA_003211565.1_ASM321156v1_genomic_prodigal_proteins	1489	465	52.85	12.96	31.23
GCA_000316685.1_ASM31668v1_genomic_prodigal_proteins	3706	GCA_003526105.1_ASM352610v1_genomic_prodigal_proteins	1581	565	54.07	12.03	35.74
GCA_000316685.1_ASM31668v1_genomic_prodigal_proteins	3706	GCA_002172935.1_ASM217293v1_genomic_prodigal_proteins	1996	808	52.94	12.25	40.48
GCA_000316685.1_ASM31668v1_genomic_prodigal_proteins	3706	GCA_003210335.1_ASM321033v1_genomic_prodigal_proteins	942	202	52.10	12.71	21.44
GCA_000316685.1_ASM31668v1_genomic_prodigal_proteins	3706	GCA_009846115.1_ASM984611v1_genomic_prodigal_proteins	2048	817	53.53	12.22	39.89
GCA_000316685.1_ASM31668v1_genomic_prodigal_proteins	3706	GCA_001693295.1_ASM169329v1_genomic_prodigal_proteins	3183	1527	59.22	12.83	47.97
GCA_000316685.1_ASM31668v1_genomic_prodigal_proteins	3706	GCA_900473965.1_UW179A_genomic_prodigal_proteins	3383	1070	52.87	12.58	31.63
GCA_000316685.1_ASM31668v1_genomic_prodigal_proteins	3706	GCA_003213755.1_ASM321375v1_genomic_prodigal_proteins	1050	380	53.47	13.11	36.19
GCA_000316685.1_ASM31668v1_genomic_prodigal_proteins	3706	GCA_003209155.1_ASM320915v1_genomic_prodigal_proteins	2305	793	53.04	12.33	34.40
GCA_000316685.1_ASM31668v1_genomic_prodigal_proteins	3706	GCA_003211515.1_ASM321151v1_genomic_prodigal_proteins	2451	685	52.74	12.66	27.95
GCA_000316685.1_ASM31668v1_genomic_prodigal_proteins	3706	GCA_002693285.1_ASM269328v1_genomic_prodigal_proteins	2440	904	53.00	12.31	37.05
GCA_000316685.1_ASM31668v1_genomic_prodigal_proteins	3706	GCA_003210555.1_ASM321055v1_genomic_prodigal_proteins	1847	590	52.67	12.19	31.94
GCA_000316685.1_ASM31668v1_genomic_prodigal_proteins	3706	GCA_000155595.1_ASM15559v1_genomic_prodigal_proteins	5270	1569	57.99	12.91	42.34
GCA_000316685.1_ASM31668v1_genomic_prodigal_proteins	3706	GCA_001007665.1_ASM100766v1_genomic_prodigal_proteins	2356	939	53.11	12.13	39.86
GCA_000316685.1_ASM31668v1_genomic_prodigal_proteins	3706	GCA_009919765.1_ASM991976v1_genomic_prodigal_proteins	2524	716	53.93	12.56	28.37
GCA_000316685.1_ASM31668v1_genomic_prodigal_proteins	3706	GCA_003331225.1_ASM333122v1_genomic_prodigal_proteins	2113	938	53.59	12.63	44.39
GCA_000316685.1_ASM31668v1_genomic_prodigal_proteins	3706	GCA_900177825.1_IMG-taxon_2708742468_annotated_assembly_genomic_prodigal_proteins	3317	1519	59.30	12.80	45.79
GCA_000316685.1_ASM31668v1_genomic_prodigal_proteins	3706	GCA_000195975.1_ASM19597v1_genomic_prodigal_proteins	2719	1062	53.28	12.50	39.06
GCA_000316685.1_ASM31668v1_genomic_prodigal_proteins	3706	GCA_902618885.1_AG-920-D15_genomic_prodigal_proteins	1178	403	53.73	13.08	34.21
GCA_000316685.1_ASM31668v1_genomic_prodigal_proteins	3706	GCA_003209165.1_ASM320916v1_genomic_prodigal_proteins	2711	889	53.33	12.65	32.79
GCA_000316685.1_ASM31668v1_genomic_prodigal_proteins	3706	GCA_001007625.1_ASM100762v1_genomic_prodigal_proteins	2478	823	53.91	12.31	33.21
GCA_000316685.1_ASM31668v1_genomic_prodigal_proteins	3706	GCA_008386235.1_ASM838623v1_genomic_prodigal_proteins	2571	1914	65.86	13.63	74.45
GCA_000316685.1_ASM31668v1_genomic_prodigal_proteins	3706	GCA_001631935.1_ASM163193v1_genomic_prodigal_proteins	3526	1056	53.05	12.54	29.95
GCA_000316685.1_ASM31668v1_genomic_prodigal_proteins	3706	GCA_002151525.1_ASM215152v1_genomic_prodigal_proteins	1628	780	53.64	12.72	47.91
GCA_000316685.1_ASM31668v1_genomic_prodigal_proteins	3706	GCA_000153065.1_ASM15306v1_genomic_prodigal_proteins	2704	1094	53.58	12.57	40.46
GCA_000316685.1_ASM31668v1_genomic_prodigal_proteins	3706	GCA_009837265.1_ASM983726v1_genomic_prodigal_proteins	2126	882	53.42	12.24	41.49
GCA_000316685.1_ASM31668v1_genomic_prodigal_proteins	3706	GCA_902533725.1_AG-898-C20_genomic_prodigal_proteins	421	78	54.23	13.81	18.53
GCA_000316685.1_ASM31668v1_genomic_prodigal_proteins	3706	GCA_002171075.2_ASM217107v2_genomic_prodigal_proteins	1919	771	52.59	12.12	40.18
GCA_000316685.1_ASM31668v1_genomic_prodigal_proteins	3706	GCA_002760395.1_ASM276039v1_genomic_prodigal_proteins	2661	1257	57.50	12.35	47.24
GCA_000316685.1_ASM31668v1_genomic_prodigal_proteins	3706	GCA_003209005.1_ASM320900v1_genomic_prodigal_proteins	2548	869	52.65	12.44	34.11
GCA_000316685.1_ASM31668v1_genomic_prodigal_proteins	3706	GCA_002017915.1_ASM201791v1_genomic_prodigal_proteins	623	274	54.72	13.29	43.98
GCA_000316685.1_ASM31668v1_genomic_prodigal_proteins	3706	GCA_900047545.1_m9_genomic_prodigal_proteins	1575	718	53.18	12.38	45.59
GCA_000316685.1_ASM31668v1_genomic_prodigal_proteins	3706	GCA_001632105.1_ASM163210v1_genomic_prodigal_proteins	3521	1057	52.96	12.41	30.02
GCA_000316685.1_ASM31668v1_genomic_prodigal_proteins	3706	GCA_004212765.1_ASM421276v1_genomic_prodigal_proteins	1162	515	53.28	12.36	44.32
GCA_000316685.1_ASM31668v1_genomic_prodigal_proteins	3706	GCA_002685515.1_ASM268551v1_genomic_prodigal_proteins	1286	557	52.33	12.03	43.31
GCA_000316685.1_ASM31668v1_genomic_prodigal_proteins	3706	GCA_007828135.1_ASM782813v1_genomic_prodigal_proteins	2917	1149	53.63	12.56	39.39
GCA_000316685.1_ASM31668v1_genomic_prodigal_proteins	3706	GCA_011047875.1_ASM1104787v1_genomic_prodigal_proteins	2810	1300	57.45	12.36	46.26
GCA_000316685.1_ASM31668v1_genomic_prodigal_proteins	3706	GCA_009840445.1_ASM984044v1_genomic_prodigal_proteins	2167	961	53.43	12.24	44.35
GCA_000316685.1_ASM31668v1_genomic_prodigal_proteins	3706	GCA_003210995.1_ASM321099v1_genomic_prodigal_proteins	2385	744	53.43	12.66	31.19
GCA_000316685.1_ASM31668v1_genomic_prodigal_proteins	3706	GCA_902616995.1_AG-919-L20_genomic_prodigal_proteins	654	202	52.71	13.29	30.89
GCA_000316685.1_ASM31668v1_genomic_prodigal_proteins	3706	GCA_009845825.1_ASM984582v1_genomic_prodigal_proteins	2168	818	53.56	11.95	37.73
GCA_000316685.1_ASM31668v1_genomic_prodigal_proteins	3706	GCA_000515235.1_ASM51523v1_genomic_prodigal_proteins	2873	1072	53.14	12.58	37.31
GCA_000316685.1_ASM31668v1_genomic_prodigal_proteins	3706	GCA_003523965.1_ASM352396v1_genomic_prodigal_proteins	1735	618	54.67	12.25	35.62
GCA_000316685.1_ASM31668v1_genomic_prodigal_proteins	3706	GCA_002684175.1_ASM268417v1_genomic_prodigal_proteins	1819	605	52.07	11.77	33.26
GCA_000316685.1_ASM31668v1_genomic_prodigal_proteins	3706	GCA_011523295.1_ASM1152329v1_genomic_prodigal_proteins	2851	801	51.62	11.95	28.10
GCA_000316685.1_ASM31668v1_genomic_prodigal_proteins	3706	GCA_003211015.1_ASM321101v1_genomic_prodigal_proteins	2128	762	52.59	12.18	35.81
GCA_000316685.1_ASM31668v1_genomic_prodigal_proteins	3706	GCA_002006815.1_ASM200681v1_genomic_prodigal_proteins	1973	994	53.52	12.63	50.38
GCA_002171995.1_ASM217199v1_genomic_prodigal_proteins	1978	GCA_011523835.1_ASM1152383v1_genomic_prodigal_proteins	2468	960	72.33	13.62	48.53
GCA_002171995.1_ASM217199v1_genomic_prodigal_proteins	1978	GCA_002172175.1_ASM217217v1_genomic_prodigal_proteins	1846	653	63.99	14.00	35.37
GCA_002171995.1_ASM217199v1_genomic_prodigal_proteins	1978	GCA_003208835.1_ASM320883v1_genomic_prodigal_proteins	2208	755	70.50	13.83	38.17
GCA_002171995.1_ASM217199v1_genomic_prodigal_proteins	1978	GCA_902589915.1_AG-914-F20_genomic_prodigal_proteins	373	57	71.58	17.15	15.28
GCA_002171995.1_ASM217199v1_genomic_prodigal_proteins	1978	GCA_000485815.1_ASM48581v1_genomic_prodigal_proteins	3083	606	52.84	12.53	30.64
GCA_002171995.1_ASM217199v1_genomic_prodigal_proteins	1978	GCA_008807075.1_ASM880707v1_genomic_prodigal_proteins	2925	933	65.80	13.55	47.17
GCA_002171995.1_ASM217199v1_genomic_prodigal_proteins	1978	GCA_000179235.2_ASM17923v2_genomic_prodigal_proteins	3071	969	67.23	13.34	48.99
GCA_002171995.1_ASM217199v1_genomic_prodigal_proteins	1978	GCA_003210795.1_ASM321079v1_genomic_prodigal_proteins	2239	769	69.24	13.92	38.88
GCA_002171995.1_ASM217199v1_genomic_prodigal_proteins	1978	GCA_002706715.1_ASM270671v1_genomic_prodigal_proteins	1148	472	69.31	14.86	41.11
GCA_002171995.1_ASM217199v1_genomic_prodigal_proteins	1978	GCA_003331245.1_ASM333124v1_genomic_prodigal_proteins	2021	894	70.39	13.77	45.20
GCA_002171995.1_ASM217199v1_genomic_prodigal_proteins	1978	GCA_009843385.1_ASM984338v1_genomic_prodigal_proteins	2085	567	61.02	12.86	28.67
GCA_002171995.1_ASM217199v1_genomic_prodigal_proteins	1978	GCA_003211205.1_ASM321120v1_genomic_prodigal_proteins	2288	859	72.27	13.78	43.43
GCA_002171995.1_ASM217199v1_genomic_prodigal_proteins	1978	GCA_000063505.1_ASM6350v1_genomic_prodigal_proteins	2558	1063	72.79	13.56	53.74
GCA_002171995.1_ASM217199v1_genomic_prodigal_proteins	1978	GCA_900474245.1_UW179B_genomic_prodigal_proteins	2743	1081	72.60	13.24	54.65
GCA_002171995.1_ASM217199v1_genomic_prodigal_proteins	1978	GCA_003210345.1_ASM321034v1_genomic_prodigal_proteins	1256	443	67.76	13.98	35.27
GCA_002171995.1_ASM217199v1_genomic_prodigal_proteins	1978	GCA_003210315.1_ASM321031v1_genomic_prodigal_proteins	1815	705	71.30	13.53	38.84
GCA_002171995.1_ASM217199v1_genomic_prodigal_proteins	1978	GCA_009836155.1_ASM983615v1_genomic_prodigal_proteins	1947	637	60.91	12.71	32.72
GCA_002171995.1_ASM217199v1_genomic_prodigal_proteins	1978	GCA_003990665.2_ASM399066v2_genomic_prodigal_proteins	2499	588	53.35	12.44	29.73
GCA_002171995.1_ASM217199v1_genomic_prodigal_proteins	1978	GCA_003209135.1_ASM320913v1_genomic_prodigal_proteins	1719	572	69.52	13.43	33.28
GCA_002171995.1_ASM217199v1_genomic_prodigal_proteins	1978	GCA_009845105.1_ASM984510v1_genomic_prodigal_proteins	1941	550	60.29	12.57	28.34
GCA_002171995.1_ASM217199v1_genomic_prodigal_proteins	1978	GCA_002690325.1_ASM269032v1_genomic_prodigal_proteins	2554	978	69.57	13.80	49.44
GCA_002171995.1_ASM217199v1_genomic_prodigal_proteins	1978	GCA_000161795.2_ASM16179v2_genomic_prodigal_proteins	2407	1011	70.79	13.67	51.11
GCA_002171995.1_ASM217199v1_genomic_prodigal_proteins	1978	GCA_004211895.1_ASM421189v1_genomic_prodigal_proteins	954	453	71.40	13.28	47.48
GCA_002171995.1_ASM217199v1_genomic_prodigal_proteins	1978	GCA_003210735.1_ASM321073v1_genomic_prodigal_proteins	2337	786	68.59	13.91	39.74
GCA_002171995.1_ASM217199v1_genomic_prodigal_proteins	1978	GCA_003209035.1_ASM320903v1_genomic_prodigal_proteins	1803	597	69.93	14.04	33.11
GCA_002171995.1_ASM217199v1_genomic_prodigal_proteins	1978	GCA_003712085.1_ASM371208v1_genomic_prodigal_proteins	2745	1037	70.78	13.69	52.43
GCA_002171995.1_ASM217199v1_genomic_prodigal_proteins	1978	GCA_003212155.1_ASM321215v1_genomic_prodigal_proteins	262	67	61.86	17.62	25.57
GCA_002171995.1_ASM217199v1_genomic_prodigal_proteins	1978	GCA_001040845.1_ASM104084v1_genomic_prodigal_proteins	2917	1095	72.58	13.25	55.36
GCA_002171995.1_ASM217199v1_genomic_prodigal_proteins	1978	GCA_002018015.1_ASM201801v1_genomic_prodigal_proteins	1578	519	61.73	13.05	32.89
GCA_002171995.1_ASM217199v1_genomic_prodigal_proteins	1978	GCA_003211255.1_ASM321125v1_genomic_prodigal_proteins	1850	565	68.15	13.83	30.54
GCA_002171995.1_ASM217199v1_genomic_prodigal_proteins	1978	GCA_002721235.1_ASM272123v1_genomic_prodigal_proteins	3119	619	52.92	12.53	31.29
GCA_002171995.1_ASM217199v1_genomic_prodigal_proteins	1978	GCA_009839305.1_ASM983930v1_genomic_prodigal_proteins	1816	518	61.55	12.86	28.52
GCA_002171995.1_ASM217199v1_genomic_prodigal_proteins	1978	GCA_011365345.1_ASM1136534v1_genomic_prodigal_proteins	2655	1062	70.34	13.81	53.69
GCA_002171995.1_ASM217199v1_genomic_prodigal_proteins	1978	GCA_001039265.1_ASM103926v1_genomic_prodigal_proteins	2832	643	67.90	13.96	32.51
GCA_002171995.1_ASM217199v1_genomic_prodigal_proteins	1978	GCA_001628325.1_ASM162832v1_genomic_prodigal_proteins	2129	960	70.56	13.99	48.53
GCA_002171995.1_ASM217199v1_genomic_prodigal_proteins	1978	GCA_003209215.1_ASM320921v1_genomic_prodigal_proteins	1679	498	69.97	14.30	29.66
GCA_002171995.1_ASM217199v1_genomic_prodigal_proteins	1978	GCA_002737305.1_ASM273730v1_genomic_prodigal_proteins	1951	738	67.00	13.76	37.83
GCA_002171995.1_ASM217199v1_genomic_prodigal_proteins	1978	GCA_003210515.1_ASM321051v1_genomic_prodigal_proteins	1673	611	68.71	13.74	36.52
GCA_002171995.1_ASM217199v1_genomic_prodigal_proteins	1978	GCA_011525445.1_ASM1152544v1_genomic_prodigal_proteins	3208	899	70.94	13.55	45.45
GCA_002171995.1_ASM217199v1_genomic_prodigal_proteins	1978	GCA_902599435.1_AG-916-N22_genomic_prodigal_proteins	793	298	72.69	13.76	37.58
GCA_002171995.1_ASM217199v1_genomic_prodigal_proteins	1978	GCA_003149585.1_ASM314958v1_genomic_prodigal_proteins	2600	973	66.53	13.68	49.19
GCA_002171995.1_ASM217199v1_genomic_prodigal_proteins	1978	GCA_902560665.1_AG-905-O11_genomic_prodigal_proteins	401	105	70.67	15.10	26.18
GCA_002171995.1_ASM217199v1_genomic_prodigal_proteins	1978	GCA_003331795.1_ASM333179v1_genomic_prodigal_proteins	1948	797	65.45	14.09	40.91
GCA_002171995.1_ASM217199v1_genomic_prodigal_proteins	1978	GCA_002017955.1_ASM201795v1_genomic_prodigal_proteins	512	161	61.31	13.34	31.45
GCA_002171995.1_ASM217199v1_genomic_prodigal_proteins	1978	GCA_902584485.1_AG-912-O23_genomic_prodigal_proteins	535	130	66.50	15.34	24.30
GCA_002171995.1_ASM217199v1_genomic_prodigal_proteins	1978	GCA_902527915.1_AG-896-G19_genomic_prodigal_proteins	1003	320	71.15	13.33	31.90
GCA_002171995.1_ASM217199v1_genomic_prodigal_proteins	1978	GCA_902635365.1_AG-447-D19_genomic_prodigal_proteins	1690	521	71.08	14.10	30.83
GCA_002171995.1_ASM217199v1_genomic_prodigal_proteins	1978	GCA_900474085.1_UW86_genomic_prodigal_proteins	2403	1024	70.62	13.82	51.77
GCA_002171995.1_ASM217199v1_genomic_prodigal_proteins	1978	GCA_001885215.1_ASM188521v1_genomic_prodigal_proteins	2897	937	65.71	13.30	47.37
GCA_002171995.1_ASM217199v1_genomic_prodigal_proteins	1978	GCA_902575935.1_AG-426-B22_genomic_prodigal_proteins	254	111	74.14	13.94	43.70
GCA_002171995.1_ASM217199v1_genomic_prodigal_proteins	1978	GCA_900474295.1_UW140_genomic_prodigal_proteins	2925	1267	95.84	6.32	64.05
GCA_002171995.1_ASM217199v1_genomic_prodigal_proteins	1978	GCA_003211565.1_ASM321156v1_genomic_prodigal_proteins	1489	466	68.81	14.27	31.30
GCA_002171995.1_ASM217199v1_genomic_prodigal_proteins	1978	GCA_003526105.1_ASM352610v1_genomic_prodigal_proteins	1581	560	70.99	14.21	35.42
GCA_002171995.1_ASM217199v1_genomic_prodigal_proteins	1978	GCA_002172935.1_ASM217293v1_genomic_prodigal_proteins	1996	862	72.08	13.28	43.58
GCA_002171995.1_ASM217199v1_genomic_prodigal_proteins	1978	GCA_003210335.1_ASM321033v1_genomic_prodigal_proteins	942	224	69.40	14.49	23.78
GCA_002171995.1_ASM217199v1_genomic_prodigal_proteins	1978	GCA_009846115.1_ASM984611v1_genomic_prodigal_proteins	2048	607	60.97	12.53	30.69
GCA_002171995.1_ASM217199v1_genomic_prodigal_proteins	1978	GCA_001693295.1_ASM169329v1_genomic_prodigal_proteins	3183	616	52.94	12.57	31.14
GCA_002171995.1_ASM217199v1_genomic_prodigal_proteins	1978	GCA_900473965.1_UW179A_genomic_prodigal_proteins	3383	1096	72.60	13.38	55.41
GCA_002171995.1_ASM217199v1_genomic_prodigal_proteins	1978	GCA_003213755.1_ASM321375v1_genomic_prodigal_proteins	1050	335	64.10	14.77	31.90
GCA_002171995.1_ASM217199v1_genomic_prodigal_proteins	1978	GCA_003209155.1_ASM320915v1_genomic_prodigal_proteins	2305	850	72.08	13.85	42.97
GCA_002171995.1_ASM217199v1_genomic_prodigal_proteins	1978	GCA_003211515.1_ASM321151v1_genomic_prodigal_proteins	2451	685	68.75	14.04	34.63
GCA_002171995.1_ASM217199v1_genomic_prodigal_proteins	1978	GCA_002693285.1_ASM269328v1_genomic_prodigal_proteins	2440	1004	72.40	13.27	50.76
GCA_002171995.1_ASM217199v1_genomic_prodigal_proteins	1978	GCA_003210555.1_ASM321055v1_genomic_prodigal_proteins	1847	636	71.08	13.82	34.43
GCA_002171995.1_ASM217199v1_genomic_prodigal_proteins	1978	GCA_000155595.1_ASM15559v1_genomic_prodigal_proteins	5270	655	51.65	12.63	33.11
GCA_002171995.1_ASM217199v1_genomic_prodigal_proteins	1978	GCA_001007665.1_ASM100766v1_genomic_prodigal_proteins	2356	690	60.65	12.63	34.88
GCA_002171995.1_ASM217199v1_genomic_prodigal_proteins	1978	GCA_009919765.1_ASM991976v1_genomic_prodigal_proteins	2524	674	65.75	14.28	34.07
GCA_002171995.1_ASM217199v1_genomic_prodigal_proteins	1978	GCA_003331225.1_ASM333122v1_genomic_prodigal_proteins	2113	842	64.75	13.91	42.57
GCA_002171995.1_ASM217199v1_genomic_prodigal_proteins	1978	GCA_900177825.1_IMG-taxon_2708742468_annotated_assembly_genomic_prodigal_proteins	3317	611	52.90	12.59	30.89
GCA_002171995.1_ASM217199v1_genomic_prodigal_proteins	1978	GCA_000195975.1_ASM19597v1_genomic_prodigal_proteins	2719	1029	70.91	13.49	52.02
GCA_002171995.1_ASM217199v1_genomic_prodigal_proteins	1978	GCA_902618885.1_AG-920-D15_genomic_prodigal_proteins	1178	377	70.45	15.02	32.00
GCA_002171995.1_ASM217199v1_genomic_prodigal_proteins	1978	GCA_003209165.1_ASM320916v1_genomic_prodigal_proteins	2711	861	70.03	13.81	43.53
GCA_002171995.1_ASM217199v1_genomic_prodigal_proteins	1978	GCA_001007625.1_ASM100762v1_genomic_prodigal_proteins	2478	612	60.92	12.69	30.94
GCA_002171995.1_ASM217199v1_genomic_prodigal_proteins	1978	GCA_008386235.1_ASM838623v1_genomic_prodigal_proteins	2571	591	53.17	12.54	29.88
GCA_002171995.1_ASM217199v1_genomic_prodigal_proteins	1978	GCA_001631935.1_ASM163193v1_genomic_prodigal_proteins	3526	1094	72.31	13.60	55.31
GCA_002171995.1_ASM217199v1_genomic_prodigal_proteins	1978	GCA_002151525.1_ASM215152v1_genomic_prodigal_proteins	1628	662	63.28	13.99	40.66
GCA_002171995.1_ASM217199v1_genomic_prodigal_proteins	1978	GCA_000153065.1_ASM15306v1_genomic_prodigal_proteins	2704	1036	75.18	13.03	52.38
GCA_002171995.1_ASM217199v1_genomic_prodigal_proteins	1978	GCA_009837265.1_ASM983726v1_genomic_prodigal_proteins	2126	643	60.77	12.72	32.51
GCA_002171995.1_ASM217199v1_genomic_prodigal_proteins	1978	GCA_902533725.1_AG-898-C20_genomic_prodigal_proteins	421	96	67.21	14.67	22.80
GCA_002171995.1_ASM217199v1_genomic_prodigal_proteins	1978	GCA_002171075.2_ASM217107v2_genomic_prodigal_proteins	1919	690	63.20	13.29	35.96
GCA_002171995.1_ASM217199v1_genomic_prodigal_proteins	1978	GCA_002760395.1_ASM276039v1_genomic_prodigal_proteins	2661	535	51.74	11.79	27.05
GCA_002171995.1_ASM217199v1_genomic_prodigal_proteins	1978	GCA_003209005.1_ASM320900v1_genomic_prodigal_proteins	2548	974	72.38	13.25	49.24
GCA_002171995.1_ASM217199v1_genomic_prodigal_proteins	1978	GCA_002017915.1_ASM201791v1_genomic_prodigal_proteins	623	208	61.90	13.67	33.39
GCA_002171995.1_ASM217199v1_genomic_prodigal_proteins	1978	GCA_900047545.1_m9_genomic_prodigal_proteins	1575	563	60.71	12.78	35.75
GCA_002171995.1_ASM217199v1_genomic_prodigal_proteins	1978	GCA_001632105.1_ASM163210v1_genomic_prodigal_proteins	3521	1104	72.38	13.62	55.81
GCA_002171995.1_ASM217199v1_genomic_prodigal_proteins	1978	GCA_004212765.1_ASM421276v1_genomic_prodigal_proteins	1162	533	70.14	14.12	45.87
GCA_002171995.1_ASM217199v1_genomic_prodigal_proteins	1978	GCA_002685515.1_ASM268551v1_genomic_prodigal_proteins	1286	601	72.17	13.08	46.73
GCA_002171995.1_ASM217199v1_genomic_prodigal_proteins	1978	GCA_007828135.1_ASM782813v1_genomic_prodigal_proteins	2917	937	65.69	13.32	47.37
GCA_002171995.1_ASM217199v1_genomic_prodigal_proteins	1978	GCA_011047875.1_ASM1104787v1_genomic_prodigal_proteins	2810	543	51.64	11.87	27.45
GCA_002171995.1_ASM217199v1_genomic_prodigal_proteins	1978	GCA_009840445.1_ASM984044v1_genomic_prodigal_proteins	2167	704	60.85	12.63	35.59
GCA_002171995.1_ASM217199v1_genomic_prodigal_proteins	1978	GCA_003210995.1_ASM321099v1_genomic_prodigal_proteins	2385	812	71.82	14.00	41.05
GCA_002171995.1_ASM217199v1_genomic_prodigal_proteins	1978	GCA_902616995.1_AG-919-L20_genomic_prodigal_proteins	654	197	68.33	14.28	30.12
GCA_002171995.1_ASM217199v1_genomic_prodigal_proteins	1978	GCA_009845825.1_ASM984582v1_genomic_prodigal_proteins	2168	602	60.84	12.68	30.43
GCA_002171995.1_ASM217199v1_genomic_prodigal_proteins	1978	GCA_000515235.1_ASM51523v1_genomic_prodigal_proteins	2873	1030	70.20	13.56	52.07
GCA_002171995.1_ASM217199v1_genomic_prodigal_proteins	1978	GCA_003523965.1_ASM352396v1_genomic_prodigal_proteins	1735	477	61.84	12.82	27.49
GCA_002171995.1_ASM217199v1_genomic_prodigal_proteins	1978	GCA_002684175.1_ASM268417v1_genomic_prodigal_proteins	1819	647	66.57	13.94	35.57
GCA_002171995.1_ASM217199v1_genomic_prodigal_proteins	1978	GCA_011523295.1_ASM1152329v1_genomic_prodigal_proteins	2851	844	69.65	13.64	42.67
GCA_002171995.1_ASM217199v1_genomic_prodigal_proteins	1978	GCA_003211015.1_ASM321101v1_genomic_prodigal_proteins	2128	805	72.59	13.46	40.70
GCA_002171995.1_ASM217199v1_genomic_prodigal_proteins	1978	GCA_002006815.1_ASM200681v1_genomic_prodigal_proteins	1973	780	64.09	13.92	39.53
GCA_003539795.1_ASM353979v1_genomic_prodigal_proteins	2284	GCA_002171995.1_ASM217199v1_genomic_prodigal_proteins	1978	826	69.63	13.71	41.76
GCA_003539795.1_ASM353979v1_genomic_prodigal_proteins	2284	GCA_011523835.1_ASM1152383v1_genomic_prodigal_proteins	2468	1269	72.00	14.19	55.56
GCA_003539795.1_ASM353979v1_genomic_prodigal_proteins	2284	GCA_002172175.1_ASM217217v1_genomic_prodigal_proteins	1846	854	63.88	13.27	46.26
GCA_003539795.1_ASM353979v1_genomic_prodigal_proteins	2284	GCA_003208835.1_ASM320883v1_genomic_prodigal_proteins	2208	1005	75.31	12.70	45.52
GCA_003539795.1_ASM353979v1_genomic_prodigal_proteins	2284	GCA_902589915.1_AG-914-F20_genomic_prodigal_proteins	373	88	76.16	15.52	23.59
GCA_003539795.1_ASM353979v1_genomic_prodigal_proteins	2284	GCA_000485815.1_ASM48581v1_genomic_prodigal_proteins	3083	783	52.04	11.84	34.28
GCA_003539795.1_ASM353979v1_genomic_prodigal_proteins	2284	GCA_008807075.1_ASM880707v1_genomic_prodigal_proteins	2925	1268	65.27	12.93	55.52
GCA_003539795.1_ASM353979v1_genomic_prodigal_proteins	2284	GCA_000179235.2_ASM17923v2_genomic_prodigal_proteins	3071	1275	66.41	13.28	55.82
GCA_003539795.1_ASM353979v1_genomic_prodigal_proteins	2284	GCA_003210795.1_ASM321079v1_genomic_prodigal_proteins	2239	1093	74.82	12.61	48.82
GCA_003539795.1_ASM353979v1_genomic_prodigal_proteins	2284	GCA_002706715.1_ASM270671v1_genomic_prodigal_proteins	1148	706	75.19	12.52	61.50
GCA_003539795.1_ASM353979v1_genomic_prodigal_proteins	2284	GCA_003331245.1_ASM333124v1_genomic_prodigal_proteins	2021	1552	98.81	5.61	76.79
GCA_003539795.1_ASM353979v1_genomic_prodigal_proteins	2284	GCA_009843385.1_ASM984338v1_genomic_prodigal_proteins	2085	740	59.95	12.42	35.49
GCA_003539795.1_ASM353979v1_genomic_prodigal_proteins	2284	GCA_003211205.1_ASM321120v1_genomic_prodigal_proteins	2288	1079	69.23	13.22	47.24
GCA_003539795.1_ASM353979v1_genomic_prodigal_proteins	2284	GCA_000063505.1_ASM6350v1_genomic_prodigal_proteins	2558	1415	70.37	13.30	61.95
GCA_003539795.1_ASM353979v1_genomic_prodigal_proteins	2284	GCA_900474245.1_UW179B_genomic_prodigal_proteins	2743	1392	69.63	13.14	60.95
GCA_003539795.1_ASM353979v1_genomic_prodigal_proteins	2284	GCA_003210345.1_ASM321034v1_genomic_prodigal_proteins	1256	625	73.19	12.85	49.76
GCA_003539795.1_ASM353979v1_genomic_prodigal_proteins	2284	GCA_003210315.1_ASM321031v1_genomic_prodigal_proteins	1815	861	68.65	13.28	47.44
GCA_003539795.1_ASM353979v1_genomic_prodigal_proteins	2284	GCA_009836155.1_ASM983615v1_genomic_prodigal_proteins	1947	841	59.86	12.15	43.19
GCA_003539795.1_ASM353979v1_genomic_prodigal_proteins	2284	GCA_003990665.2_ASM399066v2_genomic_prodigal_proteins	2499	754	52.57	11.56	33.01
GCA_003539795.1_ASM353979v1_genomic_prodigal_proteins	2284	GCA_003209135.1_ASM320913v1_genomic_prodigal_proteins	1719	819	74.94	13.21	47.64
GCA_003539795.1_ASM353979v1_genomic_prodigal_proteins	2284	GCA_009845105.1_ASM984510v1_genomic_prodigal_proteins	1941	717	59.43	12.24	36.94
GCA_003539795.1_ASM353979v1_genomic_prodigal_proteins	2284	GCA_002690325.1_ASM269032v1_genomic_prodigal_proteins	2554	1377	73.96	13.11	60.29
GCA_003539795.1_ASM353979v1_genomic_prodigal_proteins	2284	GCA_000161795.2_ASM16179v2_genomic_prodigal_proteins	2407	1441	76.01	12.47	63.09
GCA_003539795.1_ASM353979v1_genomic_prodigal_proteins	2284	GCA_004211895.1_ASM421189v1_genomic_prodigal_proteins	954	651	76.69	12.70	68.24
GCA_003539795.1_ASM353979v1_genomic_prodigal_proteins	2284	GCA_003210735.1_ASM321073v1_genomic_prodigal_proteins	2337	1126	74.49	12.58	49.30
GCA_003539795.1_ASM353979v1_genomic_prodigal_proteins	2284	GCA_003209035.1_ASM320903v1_genomic_prodigal_proteins	1803	825	74.79	12.53	45.76
GCA_003539795.1_ASM353979v1_genomic_prodigal_proteins	2284	GCA_003712085.1_ASM371208v1_genomic_prodigal_proteins	2745	1537	77.43	12.80	67.29
GCA_003539795.1_ASM353979v1_genomic_prodigal_proteins	2284	GCA_003212155.1_ASM321215v1_genomic_prodigal_proteins	262	49	54.16	15.41	18.70
GCA_003539795.1_ASM353979v1_genomic_prodigal_proteins	2284	GCA_001040845.1_ASM104084v1_genomic_prodigal_proteins	2917	1400	69.38	13.19	61.30
GCA_003539795.1_ASM353979v1_genomic_prodigal_proteins	2284	GCA_002018015.1_ASM201801v1_genomic_prodigal_proteins	1578	670	60.54	12.29	42.46
GCA_003539795.1_ASM353979v1_genomic_prodigal_proteins	2284	GCA_003211255.1_ASM321125v1_genomic_prodigal_proteins	1850	831	74.13	12.98	44.92
GCA_003539795.1_ASM353979v1_genomic_prodigal_proteins	2284	GCA_002721235.1_ASM272123v1_genomic_prodigal_proteins	3119	811	52.00	11.95	35.51
GCA_003539795.1_ASM353979v1_genomic_prodigal_proteins	2284	GCA_009839305.1_ASM983930v1_genomic_prodigal_proteins	1816	672	60.02	12.53	37.00
GCA_003539795.1_ASM353979v1_genomic_prodigal_proteins	2284	GCA_011365345.1_ASM1136534v1_genomic_prodigal_proteins	2655	1516	75.60	12.72	66.37
GCA_003539795.1_ASM353979v1_genomic_prodigal_proteins	2284	GCA_001039265.1_ASM103926v1_genomic_prodigal_proteins	2832	874	67.14	13.54	38.27
GCA_003539795.1_ASM353979v1_genomic_prodigal_proteins	2284	GCA_001628325.1_ASM162832v1_genomic_prodigal_proteins	2129	1364	76.66	12.45	64.07
GCA_003539795.1_ASM353979v1_genomic_prodigal_proteins	2284	GCA_003209215.1_ASM320921v1_genomic_prodigal_proteins	1679	777	75.49	12.87	46.28
GCA_003539795.1_ASM353979v1_genomic_prodigal_proteins	2284	GCA_002737305.1_ASM273730v1_genomic_prodigal_proteins	1951	963	65.58	13.42	49.36
GCA_003539795.1_ASM353979v1_genomic_prodigal_proteins	2284	GCA_003210515.1_ASM321051v1_genomic_prodigal_proteins	1673	873	73.86	12.95	52.18
GCA_003539795.1_ASM353979v1_genomic_prodigal_proteins	2284	GCA_011525445.1_ASM1152544v1_genomic_prodigal_proteins	3208	1196	68.88	13.58	52.36
GCA_003539795.1_ASM353979v1_genomic_prodigal_proteins	2284	GCA_902599435.1_AG-916-N22_genomic_prodigal_proteins	793	383	78.82	12.64	48.30
GCA_003539795.1_ASM353979v1_genomic_prodigal_proteins	2284	GCA_003149585.1_ASM314958v1_genomic_prodigal_proteins	2600	1294	65.62	13.36	56.65
GCA_003539795.1_ASM353979v1_genomic_prodigal_proteins	2284	GCA_902560665.1_AG-905-O11_genomic_prodigal_proteins	401	130	76.81	13.54	32.42
GCA_003539795.1_ASM353979v1_genomic_prodigal_proteins	2284	GCA_003331795.1_ASM333179v1_genomic_prodigal_proteins	1948	1054	64.72	13.58	54.11
GCA_003539795.1_ASM353979v1_genomic_prodigal_proteins	2284	GCA_002017955.1_ASM201795v1_genomic_prodigal_proteins	512	201	59.43	12.20	39.26
GCA_003539795.1_ASM353979v1_genomic_prodigal_proteins	2284	GCA_902584485.1_AG-912-O23_genomic_prodigal_proteins	535	182	74.77	14.25	34.02
GCA_003539795.1_ASM353979v1_genomic_prodigal_proteins	2284	GCA_902527915.1_AG-896-G19_genomic_prodigal_proteins	1003	523	76.72	13.91	52.14
GCA_003539795.1_ASM353979v1_genomic_prodigal_proteins	2284	GCA_902635365.1_AG-447-D19_genomic_prodigal_proteins	1690	721	74.29	13.64	42.66
GCA_003539795.1_ASM353979v1_genomic_prodigal_proteins	2284	GCA_900474085.1_UW86_genomic_prodigal_proteins	2403	1462	76.31	12.46	64.01
GCA_003539795.1_ASM353979v1_genomic_prodigal_proteins	2284	GCA_001885215.1_ASM188521v1_genomic_prodigal_proteins	2897	1217	65.12	12.80	53.28
GCA_003539795.1_ASM353979v1_genomic_prodigal_proteins	2284	GCA_902575935.1_AG-426-B22_genomic_prodigal_proteins	254	130	77.41	14.63	51.18
GCA_003539795.1_ASM353979v1_genomic_prodigal_proteins	2284	GCA_900474295.1_UW140_genomic_prodigal_proteins	2925	1416	70.05	13.39	62.00
GCA_003539795.1_ASM353979v1_genomic_prodigal_proteins	2284	GCA_003211565.1_ASM321156v1_genomic_prodigal_proteins	1489	712	74.99	13.31	47.82
GCA_003539795.1_ASM353979v1_genomic_prodigal_proteins	2284	GCA_003526105.1_ASM352610v1_genomic_prodigal_proteins	1581	852	76.81	13.15	53.89
GCA_003539795.1_ASM353979v1_genomic_prodigal_proteins	2284	GCA_002172935.1_ASM217293v1_genomic_prodigal_proteins	1996	1141	69.77	13.50	57.16
GCA_003539795.1_ASM353979v1_genomic_prodigal_proteins	2284	GCA_003210335.1_ASM321033v1_genomic_prodigal_proteins	942	277	66.34	13.40	29.41
GCA_003539795.1_ASM353979v1_genomic_prodigal_proteins	2284	GCA_009846115.1_ASM984611v1_genomic_prodigal_proteins	2048	798	59.81	12.17	38.96
GCA_003539795.1_ASM353979v1_genomic_prodigal_proteins	2284	GCA_001693295.1_ASM169329v1_genomic_prodigal_proteins	3183	813	51.82	12.02	35.60
GCA_003539795.1_ASM353979v1_genomic_prodigal_proteins	2284	GCA_900473965.1_UW179A_genomic_prodigal_proteins	3383	1416	69.67	13.34	62.00
GCA_003539795.1_ASM353979v1_genomic_prodigal_proteins	2284	GCA_003213755.1_ASM321375v1_genomic_prodigal_proteins	1050	427	63.25	13.82	40.67
GCA_003539795.1_ASM353979v1_genomic_prodigal_proteins	2284	GCA_003209155.1_ASM320915v1_genomic_prodigal_proteins	2305	1092	69.47	13.39	47.81
GCA_003539795.1_ASM353979v1_genomic_prodigal_proteins	2284	GCA_003211515.1_ASM321151v1_genomic_prodigal_proteins	2451	1033	74.25	12.77	45.23
GCA_003539795.1_ASM353979v1_genomic_prodigal_proteins	2284	GCA_002693285.1_ASM269328v1_genomic_prodigal_proteins	2440	1245	70.28	13.23	54.51
GCA_003539795.1_ASM353979v1_genomic_prodigal_proteins	2284	GCA_003210555.1_ASM321055v1_genomic_prodigal_proteins	1847	804	68.77	12.92	43.53
GCA_003539795.1_ASM353979v1_genomic_prodigal_proteins	2284	GCA_000155595.1_ASM15559v1_genomic_prodigal_proteins	5270	823	51.71	11.97	36.03
GCA_003539795.1_ASM353979v1_genomic_prodigal_proteins	2284	GCA_001007665.1_ASM100766v1_genomic_prodigal_proteins	2356	911	59.50	12.26	39.89
GCA_003539795.1_ASM353979v1_genomic_prodigal_proteins	2284	GCA_009919765.1_ASM991976v1_genomic_prodigal_proteins	2524	947	65.17	13.66	41.46
GCA_003539795.1_ASM353979v1_genomic_prodigal_proteins	2284	GCA_003331225.1_ASM333122v1_genomic_prodigal_proteins	2113	1147	64.50	13.56	54.28
GCA_003539795.1_ASM353979v1_genomic_prodigal_proteins	2284	GCA_900177825.1_IMG-taxon_2708742468_annotated_assembly_genomic_prodigal_proteins	3317	798	51.91	12.01	34.94
GCA_003539795.1_ASM353979v1_genomic_prodigal_proteins	2284	GCA_000195975.1_ASM19597v1_genomic_prodigal_proteins	2719	1536	77.57	12.69	67.25
GCA_003539795.1_ASM353979v1_genomic_prodigal_proteins	2284	GCA_902618885.1_AG-920-D15_genomic_prodigal_proteins	1178	635	77.91	13.80	53.90
GCA_003539795.1_ASM353979v1_genomic_prodigal_proteins	2284	GCA_003209165.1_ASM320916v1_genomic_prodigal_proteins	2711	1259	75.55	12.65	55.12
GCA_003539795.1_ASM353979v1_genomic_prodigal_proteins	2284	GCA_001007625.1_ASM100762v1_genomic_prodigal_proteins	2478	802	59.98	12.45	35.11
GCA_003539795.1_ASM353979v1_genomic_prodigal_proteins	2284	GCA_008386235.1_ASM838623v1_genomic_prodigal_proteins	2571	753	52.67	11.56	32.97
GCA_003539795.1_ASM353979v1_genomic_prodigal_proteins	2284	GCA_001631935.1_ASM163193v1_genomic_prodigal_proteins	3526	1407	69.69	13.18	61.60
GCA_003539795.1_ASM353979v1_genomic_prodigal_proteins	2284	GCA_002151525.1_ASM215152v1_genomic_prodigal_proteins	1628	834	62.51	13.40	51.23
GCA_003539795.1_ASM353979v1_genomic_prodigal_proteins	2284	GCA_000153065.1_ASM15306v1_genomic_prodigal_proteins	2704	1385	71.02	13.08	60.64
GCA_003539795.1_ASM353979v1_genomic_prodigal_proteins	2284	GCA_009837265.1_ASM983726v1_genomic_prodigal_proteins	2126	828	59.93	12.19	38.95
GCA_003539795.1_ASM353979v1_genomic_prodigal_proteins	2284	GCA_902533725.1_AG-898-C20_genomic_prodigal_proteins	421	136	71.81	14.46	32.30
GCA_003539795.1_ASM353979v1_genomic_prodigal_proteins	2284	GCA_002171075.2_ASM217107v2_genomic_prodigal_proteins	1919	948	63.02	13.31	49.40
GCA_003539795.1_ASM353979v1_genomic_prodigal_proteins	2284	GCA_002760395.1_ASM276039v1_genomic_prodigal_proteins	2661	651	51.87	11.02	28.50
GCA_003539795.1_ASM353979v1_genomic_prodigal_proteins	2284	GCA_003209005.1_ASM320900v1_genomic_prodigal_proteins	2548	1192	69.21	13.27	52.19
GCA_003539795.1_ASM353979v1_genomic_prodigal_proteins	2284	GCA_002017915.1_ASM201791v1_genomic_prodigal_proteins	623	247	61.43	12.39	39.65
GCA_003539795.1_ASM353979v1_genomic_prodigal_proteins	2284	GCA_900047545.1_m9_genomic_prodigal_proteins	1575	710	59.72	12.21	45.08
GCA_003539795.1_ASM353979v1_genomic_prodigal_proteins	2284	GCA_001632105.1_ASM163210v1_genomic_prodigal_proteins	3521	1415	69.67	13.22	61.95
GCA_003539795.1_ASM353979v1_genomic_prodigal_proteins	2284	GCA_004212765.1_ASM421276v1_genomic_prodigal_proteins	1162	783	77.91	12.21	67.38
GCA_003539795.1_ASM353979v1_genomic_prodigal_proteins	2284	GCA_002685515.1_ASM268551v1_genomic_prodigal_proteins	1286	766	69.23	13.29	59.56
GCA_003539795.1_ASM353979v1_genomic_prodigal_proteins	2284	GCA_007828135.1_ASM782813v1_genomic_prodigal_proteins	2917	1218	65.10	12.81	53.33
GCA_003539795.1_ASM353979v1_genomic_prodigal_proteins	2284	GCA_011047875.1_ASM1104787v1_genomic_prodigal_proteins	2810	663	51.84	11.16	29.03
GCA_003539795.1_ASM353979v1_genomic_prodigal_proteins	2284	GCA_009840445.1_ASM984044v1_genomic_prodigal_proteins	2167	907	59.81	12.19	41.86
GCA_003539795.1_ASM353979v1_genomic_prodigal_proteins	2284	GCA_003210995.1_ASM321099v1_genomic_prodigal_proteins	2385	1032	69.18	13.76	45.18
GCA_003539795.1_ASM353979v1_genomic_prodigal_proteins	2284	GCA_902616995.1_AG-919-L20_genomic_prodigal_proteins	654	302	77.01	14.43	46.18
GCA_003539795.1_ASM353979v1_genomic_prodigal_proteins	2284	GCA_009845825.1_ASM984582v1_genomic_prodigal_proteins	2168	775	60.18	12.18	35.75
GCA_003539795.1_ASM353979v1_genomic_prodigal_proteins	2284	GCA_000515235.1_ASM51523v1_genomic_prodigal_proteins	2873	1545	76.07	12.43	67.64
GCA_003539795.1_ASM353979v1_genomic_prodigal_proteins	2284	GCA_003523965.1_ASM352396v1_genomic_prodigal_proteins	1735	596	60.48	12.77	34.35
GCA_003539795.1_ASM353979v1_genomic_prodigal_proteins	2284	GCA_002684175.1_ASM268417v1_genomic_prodigal_proteins	1819	931	73.33	12.44	51.18
GCA_003539795.1_ASM353979v1_genomic_prodigal_proteins	2284	GCA_011523295.1_ASM1152329v1_genomic_prodigal_proteins	2851	1256	74.48	12.90	54.99
GCA_003539795.1_ASM353979v1_genomic_prodigal_proteins	2284	GCA_003211015.1_ASM321101v1_genomic_prodigal_proteins	2128	1018	69.58	13.48	47.84
GCA_003539795.1_ASM353979v1_genomic_prodigal_proteins	2284	GCA_002006815.1_ASM200681v1_genomic_prodigal_proteins	1973	1064	63.07	13.33	53.93
GCA_003208835.1_ASM320883v1_genomic_prodigal_proteins	2208	GCA_902589915.1_AG-914-F20_genomic_prodigal_proteins	373	134	75.43	15.08	35.92
GCA_003208835.1_ASM320883v1_genomic_prodigal_proteins	2208	GCA_000485815.1_ASM48581v1_genomic_prodigal_proteins	3083	772	53.38	12.59	34.96
GCA_003208835.1_ASM320883v1_genomic_prodigal_proteins	2208	GCA_008807075.1_ASM880707v1_genomic_prodigal_proteins	2925	1174	65.76	13.66	53.17
GCA_003208835.1_ASM320883v1_genomic_prodigal_proteins	2208	GCA_000179235.2_ASM17923v2_genomic_prodigal_proteins	3071	1185	66.82	13.83	53.67
GCA_003208835.1_ASM320883v1_genomic_prodigal_proteins	2208	GCA_003210795.1_ASM321079v1_genomic_prodigal_proteins	2239	1093	74.74	13.20	49.50
GCA_003208835.1_ASM320883v1_genomic_prodigal_proteins	2208	GCA_002706715.1_ASM270671v1_genomic_prodigal_proteins	1148	727	75.58	12.89	63.33
GCA_003208835.1_ASM320883v1_genomic_prodigal_proteins	2208	GCA_003331245.1_ASM333124v1_genomic_prodigal_proteins	2021	1063	75.63	12.76	52.60
GCA_003208835.1_ASM320883v1_genomic_prodigal_proteins	2208	GCA_009843385.1_ASM984338v1_genomic_prodigal_proteins	2085	729	60.97	12.98	34.96
GCA_003208835.1_ASM320883v1_genomic_prodigal_proteins	2208	GCA_003211205.1_ASM321120v1_genomic_prodigal_proteins	2288	1060	69.97	14.07	48.01
GCA_003208835.1_ASM320883v1_genomic_prodigal_proteins	2208	GCA_000063505.1_ASM6350v1_genomic_prodigal_proteins	2558	1281	70.54	14.13	58.02
GCA_003208835.1_ASM320883v1_genomic_prodigal_proteins	2208	GCA_900474245.1_UW179B_genomic_prodigal_proteins	2743	1340	70.35	13.85	60.69
GCA_003208835.1_ASM320883v1_genomic_prodigal_proteins	2208	GCA_003210345.1_ASM321034v1_genomic_prodigal_proteins	1256	711	95.17	8.51	56.61
GCA_003208835.1_ASM320883v1_genomic_prodigal_proteins	2208	GCA_003210315.1_ASM321031v1_genomic_prodigal_proteins	1815	837	69.61	13.87	46.12
GCA_003208835.1_ASM320883v1_genomic_prodigal_proteins	2208	GCA_009836155.1_ASM983615v1_genomic_prodigal_proteins	1947	820	60.96	12.84	42.12
GCA_003208835.1_ASM320883v1_genomic_prodigal_proteins	2208	GCA_003990665.2_ASM399066v2_genomic_prodigal_proteins	2499	747	53.88	12.26	33.83
GCA_003208835.1_ASM320883v1_genomic_prodigal_proteins	2208	GCA_003209135.1_ASM320913v1_genomic_prodigal_proteins	1719	776	73.34	13.85	45.14
GCA_003208835.1_ASM320883v1_genomic_prodigal_proteins	2208	GCA_009845105.1_ASM984510v1_genomic_prodigal_proteins	1941	683	60.35	13.03	35.19
GCA_003208835.1_ASM320883v1_genomic_prodigal_proteins	2208	GCA_002690325.1_ASM269032v1_genomic_prodigal_proteins	2554	1315	73.90	13.40	59.56
GCA_003208835.1_ASM320883v1_genomic_prodigal_proteins	2208	GCA_000161795.2_ASM16179v2_genomic_prodigal_proteins	2407	1361	77.24	12.61	61.64
GCA_003208835.1_ASM320883v1_genomic_prodigal_proteins	2208	GCA_004211895.1_ASM421189v1_genomic_prodigal_proteins	954	559	78.24	12.48	58.60
GCA_003208835.1_ASM320883v1_genomic_prodigal_proteins	2208	GCA_003210735.1_ASM321073v1_genomic_prodigal_proteins	2337	1073	74.40	13.51	48.60
GCA_003208835.1_ASM320883v1_genomic_prodigal_proteins	2208	GCA_003209035.1_ASM320903v1_genomic_prodigal_proteins	1803	858	74.19	13.27	47.59
GCA_003208835.1_ASM320883v1_genomic_prodigal_proteins	2208	GCA_003712085.1_ASM371208v1_genomic_prodigal_proteins	2745	1412	76.33	12.91	63.95
GCA_003208835.1_ASM320883v1_genomic_prodigal_proteins	2208	GCA_003212155.1_ASM321215v1_genomic_prodigal_proteins	262	94	64.95	16.94	35.88
GCA_003208835.1_ASM320883v1_genomic_prodigal_proteins	2208	GCA_001040845.1_ASM104084v1_genomic_prodigal_proteins	2917	1339	70.32	13.91	60.64
GCA_003208835.1_ASM320883v1_genomic_prodigal_proteins	2208	GCA_002018015.1_ASM201801v1_genomic_prodigal_proteins	1578	667	61.10	13.11	42.27
GCA_003208835.1_ASM320883v1_genomic_prodigal_proteins	2208	GCA_003211255.1_ASM321125v1_genomic_prodigal_proteins	1850	786	74.29	13.33	42.49
GCA_003208835.1_ASM320883v1_genomic_prodigal_proteins	2208	GCA_002721235.1_ASM272123v1_genomic_prodigal_proteins	3119	802	52.92	12.72	36.32
GCA_003208835.1_ASM320883v1_genomic_prodigal_proteins	2208	GCA_009839305.1_ASM983930v1_genomic_prodigal_proteins	1816	649	61.15	13.34	35.74
GCA_003208835.1_ASM320883v1_genomic_prodigal_proteins	2208	GCA_011365345.1_ASM1136534v1_genomic_prodigal_proteins	2655	1416	77.03	12.78	64.13
GCA_003208835.1_ASM320883v1_genomic_prodigal_proteins	2208	GCA_001039265.1_ASM103926v1_genomic_prodigal_proteins	2832	816	67.70	13.84	36.96
GCA_003208835.1_ASM320883v1_genomic_prodigal_proteins	2208	GCA_001628325.1_ASM162832v1_genomic_prodigal_proteins	2129	1213	77.66	12.48	56.98
GCA_003208835.1_ASM320883v1_genomic_prodigal_proteins	2208	GCA_003209215.1_ASM320921v1_genomic_prodigal_proteins	1679	707	75.98	13.39	42.11
GCA_003208835.1_ASM320883v1_genomic_prodigal_proteins	2208	GCA_002737305.1_ASM273730v1_genomic_prodigal_proteins	1951	900	66.82	13.88	46.13
GCA_003208835.1_ASM320883v1_genomic_prodigal_proteins	2208	GCA_003210515.1_ASM321051v1_genomic_prodigal_proteins	1673	885	89.10	10.12	52.90
GCA_003208835.1_ASM320883v1_genomic_prodigal_proteins	2208	GCA_011525445.1_ASM1152544v1_genomic_prodigal_proteins	3208	1081	68.99	13.87	48.96
GCA_003208835.1_ASM320883v1_genomic_prodigal_proteins	2208	GCA_902599435.1_AG-916-N22_genomic_prodigal_proteins	793	368	76.28	14.18	46.41
GCA_003208835.1_ASM320883v1_genomic_prodigal_proteins	2208	GCA_003149585.1_ASM314958v1_genomic_prodigal_proteins	2600	1203	66.50	13.94	54.48
GCA_003208835.1_ASM320883v1_genomic_prodigal_proteins	2208	GCA_902560665.1_AG-905-O11_genomic_prodigal_proteins	401	179	73.52	14.00	44.64
GCA_003208835.1_ASM320883v1_genomic_prodigal_proteins	2208	GCA_003331795.1_ASM333179v1_genomic_prodigal_proteins	1948	929	65.61	14.44	47.69
GCA_003208835.1_ASM320883v1_genomic_prodigal_proteins	2208	GCA_002017955.1_ASM201795v1_genomic_prodigal_proteins	512	198	60.23	13.17	38.67
GCA_003208835.1_ASM320883v1_genomic_prodigal_proteins	2208	GCA_902584485.1_AG-912-O23_genomic_prodigal_proteins	535	193	71.22	16.13	36.07
GCA_003208835.1_ASM320883v1_genomic_prodigal_proteins	2208	GCA_902527915.1_AG-896-G19_genomic_prodigal_proteins	1003	501	74.27	14.68	49.95
GCA_003208835.1_ASM320883v1_genomic_prodigal_proteins	2208	GCA_902635365.1_AG-447-D19_genomic_prodigal_proteins	1690	875	88.10	11.17	51.78
GCA_003208835.1_ASM320883v1_genomic_prodigal_proteins	2208	GCA_900474085.1_UW86_genomic_prodigal_proteins	2403	1371	77.43	12.54	62.09
GCA_003208835.1_ASM320883v1_genomic_prodigal_proteins	2208	GCA_001885215.1_ASM188521v1_genomic_prodigal_proteins	2897	1155	65.61	13.51	52.31
GCA_003208835.1_ASM320883v1_genomic_prodigal_proteins	2208	GCA_902575935.1_AG-426-B22_genomic_prodigal_proteins	254	140	77.69	14.59	55.12
GCA_003208835.1_ASM320883v1_genomic_prodigal_proteins	2208	GCA_900474295.1_UW140_genomic_prodigal_proteins	2925	1333	70.56	13.84	60.37
GCA_003208835.1_ASM320883v1_genomic_prodigal_proteins	2208	GCA_003211565.1_ASM321156v1_genomic_prodigal_proteins	1489	642	75.95	13.41	43.12
GCA_003208835.1_ASM320883v1_genomic_prodigal_proteins	2208	GCA_003526105.1_ASM352610v1_genomic_prodigal_proteins	1581	689	78.53	12.71	43.58
GCA_003208835.1_ASM320883v1_genomic_prodigal_proteins	2208	GCA_002172935.1_ASM217293v1_genomic_prodigal_proteins	1996	976	69.41	14.13	48.90
GCA_003208835.1_ASM320883v1_genomic_prodigal_proteins	2208	GCA_003210335.1_ASM321033v1_genomic_prodigal_proteins	942	277	66.58	14.03	29.41
GCA_003208835.1_ASM320883v1_genomic_prodigal_proteins	2208	GCA_009846115.1_ASM984611v1_genomic_prodigal_proteins	2048	782	60.41	12.97	38.18
GCA_003208835.1_ASM320883v1_genomic_prodigal_proteins	2208	GCA_001693295.1_ASM169329v1_genomic_prodigal_proteins	3183	800	52.94	12.67	36.23
GCA_003208835.1_ASM320883v1_genomic_prodigal_proteins	2208	GCA_900473965.1_UW179A_genomic_prodigal_proteins	3383	1355	69.96	14.11	61.37
GCA_003208835.1_ASM320883v1_genomic_prodigal_proteins	2208	GCA_003213755.1_ASM321375v1_genomic_prodigal_proteins	1050	423	65.28	14.62	40.29
GCA_003208835.1_ASM320883v1_genomic_prodigal_proteins	2208	GCA_003209155.1_ASM320915v1_genomic_prodigal_proteins	2305	1010	70.00	13.97	45.74
GCA_003208835.1_ASM320883v1_genomic_prodigal_proteins	2208	GCA_003211515.1_ASM321151v1_genomic_prodigal_proteins	2451	933	73.20	13.72	42.26
GCA_003208835.1_ASM320883v1_genomic_prodigal_proteins	2208	GCA_002693285.1_ASM269328v1_genomic_prodigal_proteins	2440	1123	70.01	13.80	50.86
GCA_003208835.1_ASM320883v1_genomic_prodigal_proteins	2208	GCA_003210555.1_ASM321055v1_genomic_prodigal_proteins	1847	744	69.38	14.05	40.28
GCA_003208835.1_ASM320883v1_genomic_prodigal_proteins	2208	GCA_000155595.1_ASM15559v1_genomic_prodigal_proteins	5270	812	52.82	12.50	36.78
GCA_003208835.1_ASM320883v1_genomic_prodigal_proteins	2208	GCA_001007665.1_ASM100766v1_genomic_prodigal_proteins	2356	885	60.45	12.97	40.08
GCA_003208835.1_ASM320883v1_genomic_prodigal_proteins	2208	GCA_009919765.1_ASM991976v1_genomic_prodigal_proteins	2524	787	65.46	14.13	35.64
GCA_003208835.1_ASM320883v1_genomic_prodigal_proteins	2208	GCA_003331225.1_ASM333122v1_genomic_prodigal_proteins	2113	998	65.56	14.27	47.23
GCA_003208835.1_ASM320883v1_genomic_prodigal_proteins	2208	GCA_900177825.1_IMG-taxon_2708742468_annotated_assembly_genomic_prodigal_proteins	3317	787	53.01	12.71	35.64
GCA_003208835.1_ASM320883v1_genomic_prodigal_proteins	2208	GCA_000195975.1_ASM19597v1_genomic_prodigal_proteins	2719	1412	76.28	13.15	63.95
GCA_003208835.1_ASM320883v1_genomic_prodigal_proteins	2208	GCA_902618885.1_AG-920-D15_genomic_prodigal_proteins	1178	562	74.96	14.62	47.71
GCA_003208835.1_ASM320883v1_genomic_prodigal_proteins	2208	GCA_003209165.1_ASM320916v1_genomic_prodigal_proteins	2711	1200	76.57	12.90	54.35
GCA_003208835.1_ASM320883v1_genomic_prodigal_proteins	2208	GCA_001007625.1_ASM100762v1_genomic_prodigal_proteins	2478	783	60.81	13.07	35.46
GCA_003208835.1_ASM320883v1_genomic_prodigal_proteins	2208	GCA_008386235.1_ASM838623v1_genomic_prodigal_proteins	2571	763	53.59	12.39	34.56
GCA_003208835.1_ASM320883v1_genomic_prodigal_proteins	2208	GCA_001631935.1_ASM163193v1_genomic_prodigal_proteins	3526	1352	69.96	14.11	61.23
GCA_003208835.1_ASM320883v1_genomic_prodigal_proteins	2208	GCA_002151525.1_ASM215152v1_genomic_prodigal_proteins	1628	788	63.86	13.97	48.40
GCA_003208835.1_ASM320883v1_genomic_prodigal_proteins	2208	GCA_000153065.1_ASM15306v1_genomic_prodigal_proteins	2704	1240	71.08	13.59	56.16
GCA_003208835.1_ASM320883v1_genomic_prodigal_proteins	2208	GCA_009837265.1_ASM983726v1_genomic_prodigal_proteins	2126	810	60.51	12.98	38.10
GCA_003208835.1_ASM320883v1_genomic_prodigal_proteins	2208	GCA_902533725.1_AG-898-C20_genomic_prodigal_proteins	421	117	73.82	15.38	27.79
GCA_003208835.1_ASM320883v1_genomic_prodigal_proteins	2208	GCA_002171075.2_ASM217107v2_genomic_prodigal_proteins	1919	912	63.62	13.90	47.52
GCA_003208835.1_ASM320883v1_genomic_prodigal_proteins	2208	GCA_002760395.1_ASM276039v1_genomic_prodigal_proteins	2661	669	52.62	11.83	30.30
GCA_003208835.1_ASM320883v1_genomic_prodigal_proteins	2208	GCA_003209005.1_ASM320900v1_genomic_prodigal_proteins	2548	1137	69.97	14.12	51.49
GCA_003208835.1_ASM320883v1_genomic_prodigal_proteins	2208	GCA_002017915.1_ASM201791v1_genomic_prodigal_proteins	623	253	62.42	13.83	40.61
GCA_003208835.1_ASM320883v1_genomic_prodigal_proteins	2208	GCA_900047545.1_m9_genomic_prodigal_proteins	1575	689	60.33	13.26	43.75
GCA_003208835.1_ASM320883v1_genomic_prodigal_proteins	2208	GCA_001632105.1_ASM163210v1_genomic_prodigal_proteins	3521	1359	69.96	14.14	61.55
GCA_003208835.1_ASM320883v1_genomic_prodigal_proteins	2208	GCA_004212765.1_ASM421276v1_genomic_prodigal_proteins	1162	623	76.67	13.08	53.61
GCA_003208835.1_ASM320883v1_genomic_prodigal_proteins	2208	GCA_002685515.1_ASM268551v1_genomic_prodigal_proteins	1286	696	69.58	13.69	54.12
GCA_003208835.1_ASM320883v1_genomic_prodigal_proteins	2208	GCA_007828135.1_ASM782813v1_genomic_prodigal_proteins	2917	1155	65.61	13.51	52.31
GCA_003208835.1_ASM320883v1_genomic_prodigal_proteins	2208	GCA_011047875.1_ASM1104787v1_genomic_prodigal_proteins	2810	668	52.51	11.99	30.25
GCA_003208835.1_ASM320883v1_genomic_prodigal_proteins	2208	GCA_009840445.1_ASM984044v1_genomic_prodigal_proteins	2167	889	60.57	13.06	41.02
GCA_003208835.1_ASM320883v1_genomic_prodigal_proteins	2208	GCA_003210995.1_ASM321099v1_genomic_prodigal_proteins	2385	1019	69.62	14.40	46.15
GCA_003208835.1_ASM320883v1_genomic_prodigal_proteins	2208	GCA_902616995.1_AG-919-L20_genomic_prodigal_proteins	654	297	73.42	14.36	45.41
GCA_003208835.1_ASM320883v1_genomic_prodigal_proteins	2208	GCA_009845825.1_ASM984582v1_genomic_prodigal_proteins	2168	764	60.96	12.72	35.24
GCA_003208835.1_ASM320883v1_genomic_prodigal_proteins	2208	GCA_000515235.1_ASM51523v1_genomic_prodigal_proteins	2873	1389	74.55	13.17	62.91
GCA_003208835.1_ASM320883v1_genomic_prodigal_proteins	2208	GCA_003523965.1_ASM352396v1_genomic_prodigal_proteins	1735	573	62.28	13.10	33.03
GCA_003208835.1_ASM320883v1_genomic_prodigal_proteins	2208	GCA_002684175.1_ASM268417v1_genomic_prodigal_proteins	1819	834	74.10	12.24	45.85
GCA_003208835.1_ASM320883v1_genomic_prodigal_proteins	2208	GCA_011523295.1_ASM1152329v1_genomic_prodigal_proteins	2851	1065	73.37	13.37	48.23
GCA_003208835.1_ASM320883v1_genomic_prodigal_proteins	2208	GCA_003211015.1_ASM321101v1_genomic_prodigal_proteins	2128	986	69.80	13.93	46.33
GCA_003208835.1_ASM320883v1_genomic_prodigal_proteins	2208	GCA_002006815.1_ASM200681v1_genomic_prodigal_proteins	1973	1000	64.25	13.96	50.68
GCA_011523835.1_ASM1152383v1_genomic_prodigal_proteins	2468	GCA_002172175.1_ASM217217v1_genomic_prodigal_proteins	1846	967	63.81	13.74	52.38
GCA_011523835.1_ASM1152383v1_genomic_prodigal_proteins	2468	GCA_003208835.1_ASM320883v1_genomic_prodigal_proteins	2208	1098	70.46	13.84	49.73
GCA_011523835.1_ASM1152383v1_genomic_prodigal_proteins	2468	GCA_902589915.1_AG-914-F20_genomic_prodigal_proteins	373	91	71.62	15.55	24.40
GCA_011523835.1_ASM1152383v1_genomic_prodigal_proteins	2468	GCA_000485815.1_ASM48581v1_genomic_prodigal_proteins	3083	897	53.09	12.37	36.35
GCA_011523835.1_ASM1152383v1_genomic_prodigal_proteins	2468	GCA_008807075.1_ASM880707v1_genomic_prodigal_proteins	2925	1422	65.90	13.70	57.62
GCA_011523835.1_ASM1152383v1_genomic_prodigal_proteins	2468	GCA_000179235.2_ASM17923v2_genomic_prodigal_proteins	3071	1471	67.17	13.67	59.60
GCA_011523835.1_ASM1152383v1_genomic_prodigal_proteins	2468	GCA_003210795.1_ASM321079v1_genomic_prodigal_proteins	2239	1154	70.59	13.88	51.54
GCA_011523835.1_ASM1152383v1_genomic_prodigal_proteins	2468	GCA_002706715.1_ASM270671v1_genomic_prodigal_proteins	1148	768	70.81	13.80	66.90
GCA_011523835.1_ASM1152383v1_genomic_prodigal_proteins	2468	GCA_003331245.1_ASM333124v1_genomic_prodigal_proteins	2021	1376	72.85	14.11	68.09
GCA_011523835.1_ASM1152383v1_genomic_prodigal_proteins	2468	GCA_009843385.1_ASM984338v1_genomic_prodigal_proteins	2085	844	60.65	12.84	40.48
GCA_011523835.1_ASM1152383v1_genomic_prodigal_proteins	2468	GCA_003211205.1_ASM321120v1_genomic_prodigal_proteins	2288	1310	76.71	12.85	57.26
GCA_011523835.1_ASM1152383v1_genomic_prodigal_proteins	2468	GCA_000063505.1_ASM6350v1_genomic_prodigal_proteins	2558	1819	87.95	10.00	73.70
GCA_011523835.1_ASM1152383v1_genomic_prodigal_proteins	2468	GCA_900474245.1_UW179B_genomic_prodigal_proteins	2743	1678	73.68	13.06	67.99
GCA_011523835.1_ASM1152383v1_genomic_prodigal_proteins	2468	GCA_003210345.1_ASM321034v1_genomic_prodigal_proteins	1256	674	69.21	13.71	53.66
GCA_011523835.1_ASM1152383v1_genomic_prodigal_proteins	2468	GCA_003210315.1_ASM321031v1_genomic_prodigal_proteins	1815	1050	72.77	13.35	57.85
GCA_011523835.1_ASM1152383v1_genomic_prodigal_proteins	2468	GCA_009836155.1_ASM983615v1_genomic_prodigal_proteins	1947	974	60.63	12.70	50.03
GCA_011523835.1_ASM1152383v1_genomic_prodigal_proteins	2468	GCA_003990665.2_ASM399066v2_genomic_prodigal_proteins	2499	867	53.32	12.15	35.13
GCA_011523835.1_ASM1152383v1_genomic_prodigal_proteins	2468	GCA_003209135.1_ASM320913v1_genomic_prodigal_proteins	1719	842	69.62	13.89	48.98
GCA_011523835.1_ASM1152383v1_genomic_prodigal_proteins	2468	GCA_009845105.1_ASM984510v1_genomic_prodigal_proteins	1941	812	60.19	12.80	41.83
GCA_011523835.1_ASM1152383v1_genomic_prodigal_proteins	2468	GCA_002690325.1_ASM269032v1_genomic_prodigal_proteins	2554	1449	69.90	13.77	58.71
GCA_011523835.1_ASM1152383v1_genomic_prodigal_proteins	2468	GCA_000161795.2_ASM16179v2_genomic_prodigal_proteins	2407	1509	71.99	13.93	62.69
GCA_011523835.1_ASM1152383v1_genomic_prodigal_proteins	2468	GCA_004211895.1_ASM421189v1_genomic_prodigal_proteins	954	667	72.53	13.68	69.92
GCA_011523835.1_ASM1152383v1_genomic_prodigal_proteins	2468	GCA_003210735.1_ASM321073v1_genomic_prodigal_proteins	2337	1180	69.69	13.92	50.49
GCA_011523835.1_ASM1152383v1_genomic_prodigal_proteins	2468	GCA_003209035.1_ASM320903v1_genomic_prodigal_proteins	1803	873	70.55	13.99	48.42
GCA_011523835.1_ASM1152383v1_genomic_prodigal_proteins	2468	GCA_003712085.1_ASM371208v1_genomic_prodigal_proteins	2745	1557	71.92	13.43	63.09
GCA_011523835.1_ASM1152383v1_genomic_prodigal_proteins	2468	GCA_003212155.1_ASM321215v1_genomic_prodigal_proteins	262	92	63.74	15.90	35.11
GCA_011523835.1_ASM1152383v1_genomic_prodigal_proteins	2468	GCA_001040845.1_ASM104084v1_genomic_prodigal_proteins	2917	1694	73.48	13.13	68.64
GCA_011523835.1_ASM1152383v1_genomic_prodigal_proteins	2468	GCA_002018015.1_ASM201801v1_genomic_prodigal_proteins	1578	764	61.45	12.88	48.42
GCA_011523835.1_ASM1152383v1_genomic_prodigal_proteins	2468	GCA_003211255.1_ASM321125v1_genomic_prodigal_proteins	1850	882	69.89	14.06	47.68
GCA_011523835.1_ASM1152383v1_genomic_prodigal_proteins	2468	GCA_002721235.1_ASM272123v1_genomic_prodigal_proteins	3119	922	52.91	12.42	37.36
GCA_011523835.1_ASM1152383v1_genomic_prodigal_proteins	2468	GCA_009839305.1_ASM983930v1_genomic_prodigal_proteins	1816	750	61.07	13.01	41.30
GCA_011523835.1_ASM1152383v1_genomic_prodigal_proteins	2468	GCA_011365345.1_ASM1136534v1_genomic_prodigal_proteins	2655	1583	71.47	14.15	64.14
GCA_011523835.1_ASM1152383v1_genomic_prodigal_proteins	2468	GCA_001039265.1_ASM103926v1_genomic_prodigal_proteins	2832	980	68.03	13.84	39.71
GCA_011523835.1_ASM1152383v1_genomic_prodigal_proteins	2468	GCA_001628325.1_ASM162832v1_genomic_prodigal_proteins	2129	1420	72.15	14.06	66.70
GCA_011523835.1_ASM1152383v1_genomic_prodigal_proteins	2468	GCA_003209215.1_ASM320921v1_genomic_prodigal_proteins	1679	789	71.32	14.57	46.99
GCA_011523835.1_ASM1152383v1_genomic_prodigal_proteins	2468	GCA_002737305.1_ASM273730v1_genomic_prodigal_proteins	1951	1077	66.68	13.68	55.20
GCA_011523835.1_ASM1152383v1_genomic_prodigal_proteins	2468	GCA_003210515.1_ASM321051v1_genomic_prodigal_proteins	1673	899	69.40	14.10	53.74
GCA_011523835.1_ASM1152383v1_genomic_prodigal_proteins	2468	GCA_011525445.1_ASM1152544v1_genomic_prodigal_proteins	3208	1386	72.53	13.20	56.16
GCA_011523835.1_ASM1152383v1_genomic_prodigal_proteins	2468	GCA_902599435.1_AG-916-N22_genomic_prodigal_proteins	793	409	73.09	14.00	51.58
GCA_011523835.1_ASM1152383v1_genomic_prodigal_proteins	2468	GCA_003149585.1_ASM314958v1_genomic_prodigal_proteins	2600	1486	66.48	13.75	60.21
GCA_011523835.1_ASM1152383v1_genomic_prodigal_proteins	2468	GCA_902560665.1_AG-905-O11_genomic_prodigal_proteins	401	159	71.58	14.06	39.65
GCA_011523835.1_ASM1152383v1_genomic_prodigal_proteins	2468	GCA_003331795.1_ASM333179v1_genomic_prodigal_proteins	1948	1170	65.15	14.13	60.06
GCA_011523835.1_ASM1152383v1_genomic_prodigal_proteins	2468	GCA_002017955.1_ASM201795v1_genomic_prodigal_proteins	512	217	60.95	13.09	42.38
GCA_011523835.1_ASM1152383v1_genomic_prodigal_proteins	2468	GCA_902584485.1_AG-912-O23_genomic_prodigal_proteins	535	183	68.65	15.72	34.21
GCA_011523835.1_ASM1152383v1_genomic_prodigal_proteins	2468	GCA_902527915.1_AG-896-G19_genomic_prodigal_proteins	1003	533	70.89	14.04	53.14
GCA_011523835.1_ASM1152383v1_genomic_prodigal_proteins	2468	GCA_902635365.1_AG-447-D19_genomic_prodigal_proteins	1690	800	70.55	14.02	47.34
GCA_011523835.1_ASM1152383v1_genomic_prodigal_proteins	2468	GCA_900474085.1_UW86_genomic_prodigal_proteins	2403	1539	72.13	14.03	64.04
GCA_011523835.1_ASM1152383v1_genomic_prodigal_proteins	2468	GCA_001885215.1_ASM188521v1_genomic_prodigal_proteins	2897	1389	65.85	13.23	56.28
GCA_011523835.1_ASM1152383v1_genomic_prodigal_proteins	2468	GCA_902575935.1_AG-426-B22_genomic_prodigal_proteins	254	144	73.72	13.41	56.69
GCA_011523835.1_ASM1152383v1_genomic_prodigal_proteins	2468	GCA_900474295.1_UW140_genomic_prodigal_proteins	2925	1652	72.55	13.46	66.94
GCA_011523835.1_ASM1152383v1_genomic_prodigal_proteins	2468	GCA_003211565.1_ASM321156v1_genomic_prodigal_proteins	1489	727	71.53	14.79	48.82
GCA_011523835.1_ASM1152383v1_genomic_prodigal_proteins	2468	GCA_003526105.1_ASM352610v1_genomic_prodigal_proteins	1581	873	72.53	14.16	55.22
GCA_011523835.1_ASM1152383v1_genomic_prodigal_proteins	2468	GCA_002172935.1_ASM217293v1_genomic_prodigal_proteins	1996	1426	87.24	9.76	71.44
GCA_011523835.1_ASM1152383v1_genomic_prodigal_proteins	2468	GCA_003210335.1_ASM321033v1_genomic_prodigal_proteins	942	377	73.17	14.40	40.02
GCA_011523835.1_ASM1152383v1_genomic_prodigal_proteins	2468	GCA_009846115.1_ASM984611v1_genomic_prodigal_proteins	2048	901	60.58	12.86	43.99
GCA_011523835.1_ASM1152383v1_genomic_prodigal_proteins	2468	GCA_001693295.1_ASM169329v1_genomic_prodigal_proteins	3183	915	52.94	12.37	37.07
GCA_011523835.1_ASM1152383v1_genomic_prodigal_proteins	2468	GCA_900473965.1_UW179A_genomic_prodigal_proteins	3383	1712	77.02	12.47	69.37
GCA_011523835.1_ASM1152383v1_genomic_prodigal_proteins	2468	GCA_003213755.1_ASM321375v1_genomic_prodigal_proteins	1050	498	64.62	14.80	47.43
GCA_011523835.1_ASM1152383v1_genomic_prodigal_proteins	2468	GCA_003209155.1_ASM320915v1_genomic_prodigal_proteins	2305	1295	76.63	12.79	56.18
GCA_011523835.1_ASM1152383v1_genomic_prodigal_proteins	2468	GCA_003211515.1_ASM321151v1_genomic_prodigal_proteins	2451	1047	69.60	13.90	42.72
GCA_011523835.1_ASM1152383v1_genomic_prodigal_proteins	2468	GCA_002693285.1_ASM269328v1_genomic_prodigal_proteins	2440	1524	77.49	12.52	62.46
GCA_011523835.1_ASM1152383v1_genomic_prodigal_proteins	2468	GCA_003210555.1_ASM321055v1_genomic_prodigal_proteins	1847	969	72.67	13.50	52.46
GCA_011523835.1_ASM1152383v1_genomic_prodigal_proteins	2468	GCA_000155595.1_ASM15559v1_genomic_prodigal_proteins	5270	949	52.48	12.43	38.45
GCA_011523835.1_ASM1152383v1_genomic_prodigal_proteins	2468	GCA_001007665.1_ASM100766v1_genomic_prodigal_proteins	2356	1028	60.51	12.92	43.63
GCA_011523835.1_ASM1152383v1_genomic_prodigal_proteins	2468	GCA_009919765.1_ASM991976v1_genomic_prodigal_proteins	2524	1009	65.46	13.97	40.88
GCA_011523835.1_ASM1152383v1_genomic_prodigal_proteins	2468	GCA_003331225.1_ASM333122v1_genomic_prodigal_proteins	2113	1284	65.32	13.95	60.77
GCA_011523835.1_ASM1152383v1_genomic_prodigal_proteins	2468	GCA_900177825.1_IMG-taxon_2708742468_annotated_assembly_genomic_prodigal_proteins	3317	905	52.92	12.41	36.67
GCA_011523835.1_ASM1152383v1_genomic_prodigal_proteins	2468	GCA_000195975.1_ASM19597v1_genomic_prodigal_proteins	2719	1558	71.99	13.49	63.13
GCA_011523835.1_ASM1152383v1_genomic_prodigal_proteins	2468	GCA_902618885.1_AG-920-D15_genomic_prodigal_proteins	1178	590	72.32	14.35	50.08
GCA_011523835.1_ASM1152383v1_genomic_prodigal_proteins	2468	GCA_003209165.1_ASM320916v1_genomic_prodigal_proteins	2711	1319	71.35	14.17	53.44
GCA_011523835.1_ASM1152383v1_genomic_prodigal_proteins	2468	GCA_001007625.1_ASM100762v1_genomic_prodigal_proteins	2478	902	60.74	13.02	36.55
GCA_011523835.1_ASM1152383v1_genomic_prodigal_proteins	2468	GCA_008386235.1_ASM838623v1_genomic_prodigal_proteins	2571	873	53.27	12.26	35.37
GCA_011523835.1_ASM1152383v1_genomic_prodigal_proteins	2468	GCA_001631935.1_ASM163193v1_genomic_prodigal_proteins	3526	1707	76.98	12.58	69.17
GCA_011523835.1_ASM1152383v1_genomic_prodigal_proteins	2468	GCA_002151525.1_ASM215152v1_genomic_prodigal_proteins	1628	1001	63.60	14.05	61.49
GCA_011523835.1_ASM1152383v1_genomic_prodigal_proteins	2468	GCA_000153065.1_ASM15306v1_genomic_prodigal_proteins	2704	1611	74.61	13.09	65.28
GCA_011523835.1_ASM1152383v1_genomic_prodigal_proteins	2468	GCA_009837265.1_ASM983726v1_genomic_prodigal_proteins	2126	950	60.57	12.83	44.68
GCA_011523835.1_ASM1152383v1_genomic_prodigal_proteins	2468	GCA_902533725.1_AG-898-C20_genomic_prodigal_proteins	421	142	70.33	14.38	33.73
GCA_011523835.1_ASM1152383v1_genomic_prodigal_proteins	2468	GCA_002171075.2_ASM217107v2_genomic_prodigal_proteins	1919	1080	63.58	13.68	56.28
GCA_011523835.1_ASM1152383v1_genomic_prodigal_proteins	2468	GCA_002760395.1_ASM276039v1_genomic_prodigal_proteins	2661	775	52.50	11.82	31.40
GCA_011523835.1_ASM1152383v1_genomic_prodigal_proteins	2468	GCA_003209005.1_ASM320900v1_genomic_prodigal_proteins	2548	1444	76.72	12.79	58.51
GCA_011523835.1_ASM1152383v1_genomic_prodigal_proteins	2468	GCA_002017915.1_ASM201791v1_genomic_prodigal_proteins	623	272	63.12	12.85	43.66
GCA_011523835.1_ASM1152383v1_genomic_prodigal_proteins	2468	GCA_900047545.1_m9_genomic_prodigal_proteins	1575	790	60.89	12.82	50.16
GCA_011523835.1_ASM1152383v1_genomic_prodigal_proteins	2468	GCA_001632105.1_ASM163210v1_genomic_prodigal_proteins	3521	1718	77.01	12.58	69.61
GCA_011523835.1_ASM1152383v1_genomic_prodigal_proteins	2468	GCA_004212765.1_ASM421276v1_genomic_prodigal_proteins	1162	805	71.50	13.92	69.28
GCA_011523835.1_ASM1152383v1_genomic_prodigal_proteins	2468	GCA_002685515.1_ASM268551v1_genomic_prodigal_proteins	1286	892	76.61	12.27	69.36
GCA_011523835.1_ASM1152383v1_genomic_prodigal_proteins	2468	GCA_007828135.1_ASM782813v1_genomic_prodigal_proteins	2917	1388	65.86	13.24	56.24
GCA_011523835.1_ASM1152383v1_genomic_prodigal_proteins	2468	GCA_011047875.1_ASM1104787v1_genomic_prodigal_proteins	2810	776	52.44	11.84	31.44
GCA_011523835.1_ASM1152383v1_genomic_prodigal_proteins	2468	GCA_009840445.1_ASM984044v1_genomic_prodigal_proteins	2167	1035	60.62	12.82	47.76
GCA_011523835.1_ASM1152383v1_genomic_prodigal_proteins	2468	GCA_003210995.1_ASM321099v1_genomic_prodigal_proteins	2385	1272	76.20	13.21	53.33
GCA_011523835.1_ASM1152383v1_genomic_prodigal_proteins	2468	GCA_902616995.1_AG-919-L20_genomic_prodigal_proteins	654	314	70.93	14.03	48.01
GCA_011523835.1_ASM1152383v1_genomic_prodigal_proteins	2468	GCA_009845825.1_ASM984582v1_genomic_prodigal_proteins	2168	885	60.93	12.66	40.82
GCA_011523835.1_ASM1152383v1_genomic_prodigal_proteins	2468	GCA_000515235.1_ASM51523v1_genomic_prodigal_proteins	2873	1563	70.80	13.78	63.33
GCA_011523835.1_ASM1152383v1_genomic_prodigal_proteins	2468	GCA_003523965.1_ASM352396v1_genomic_prodigal_proteins	1735	673	61.72	13.13	38.79
GCA_011523835.1_ASM1152383v1_genomic_prodigal_proteins	2468	GCA_002684175.1_ASM268417v1_genomic_prodigal_proteins	1819	954	68.77	13.26	52.45
GCA_011523835.1_ASM1152383v1_genomic_prodigal_proteins	2468	GCA_011523295.1_ASM1152329v1_genomic_prodigal_proteins	2851	1294	69.82	14.00	52.43
GCA_011523835.1_ASM1152383v1_genomic_prodigal_proteins	2468	GCA_003211015.1_ASM321101v1_genomic_prodigal_proteins	2128	1234	76.87	12.58	57.99
GCA_011523835.1_ASM1152383v1_genomic_prodigal_proteins	2468	GCA_002006815.1_ASM200681v1_genomic_prodigal_proteins	1973	1201	64.00	13.78	60.87
GCA_000179235.2_ASM17923v2_genomic_prodigal_proteins	3071	GCA_003210795.1_ASM321079v1_genomic_prodigal_proteins	2239	1227	66.66	13.68	54.80
GCA_000179235.2_ASM17923v2_genomic_prodigal_proteins	3071	GCA_002706715.1_ASM270671v1_genomic_prodigal_proteins	1148	831	67.31	13.69	72.39
GCA_000179235.2_ASM17923v2_genomic_prodigal_proteins	3071	GCA_003331245.1_ASM333124v1_genomic_prodigal_proteins	2021	1393	67.45	13.31	68.93
GCA_000179235.2_ASM17923v2_genomic_prodigal_proteins	3071	GCA_009843385.1_ASM984338v1_genomic_prodigal_proteins	2085	1016	62.18	12.46	48.73
GCA_000179235.2_ASM17923v2_genomic_prodigal_proteins	3071	GCA_003211205.1_ASM321120v1_genomic_prodigal_proteins	2288	1305	67.02	13.74	57.04
GCA_000179235.2_ASM17923v2_genomic_prodigal_proteins	3071	GCA_000063505.1_ASM6350v1_genomic_prodigal_proteins	2558	1740	67.54	14.00	68.02
GCA_000179235.2_ASM17923v2_genomic_prodigal_proteins	3071	GCA_900474245.1_UW179B_genomic_prodigal_proteins	2743	1725	67.26	13.64	62.89
GCA_000179235.2_ASM17923v2_genomic_prodigal_proteins	3071	GCA_003210345.1_ASM321034v1_genomic_prodigal_proteins	1256	669	65.87	13.72	53.26
GCA_000179235.2_ASM17923v2_genomic_prodigal_proteins	3071	GCA_003210315.1_ASM321031v1_genomic_prodigal_proteins	1815	1015	66.08	13.78	55.92
GCA_000179235.2_ASM17923v2_genomic_prodigal_proteins	3071	GCA_009836155.1_ASM983615v1_genomic_prodigal_proteins	1947	1154	62.20	12.30	59.27
GCA_000179235.2_ASM17923v2_genomic_prodigal_proteins	3071	GCA_003990665.2_ASM399066v2_genomic_prodigal_proteins	2499	1107	54.62	12.38	44.30
GCA_000179235.2_ASM17923v2_genomic_prodigal_proteins	3071	GCA_003209135.1_ASM320913v1_genomic_prodigal_proteins	1719	880	65.99	13.83	51.19
GCA_000179235.2_ASM17923v2_genomic_prodigal_proteins	3071	GCA_009845105.1_ASM984510v1_genomic_prodigal_proteins	1941	969	61.64	12.45	49.92
GCA_000179235.2_ASM17923v2_genomic_prodigal_proteins	3071	GCA_002690325.1_ASM269032v1_genomic_prodigal_proteins	2554	1519	66.22	13.56	59.48
GCA_000179235.2_ASM17923v2_genomic_prodigal_proteins	3071	GCA_000161795.2_ASM16179v2_genomic_prodigal_proteins	2407	1624	67.89	13.61	67.47
GCA_000179235.2_ASM17923v2_genomic_prodigal_proteins	3071	GCA_004211895.1_ASM421189v1_genomic_prodigal_proteins	954	679	67.71	13.06	71.17
GCA_000179235.2_ASM17923v2_genomic_prodigal_proteins	3071	GCA_003210735.1_ASM321073v1_genomic_prodigal_proteins	2337	1240	66.09	13.78	53.06
GCA_000179235.2_ASM17923v2_genomic_prodigal_proteins	3071	GCA_003209035.1_ASM320903v1_genomic_prodigal_proteins	1803	901	66.24	13.84	49.97
GCA_000179235.2_ASM17923v2_genomic_prodigal_proteins	3071	GCA_003712085.1_ASM371208v1_genomic_prodigal_proteins	2745	1690	67.79	13.59	61.57
GCA_000179235.2_ASM17923v2_genomic_prodigal_proteins	3071	GCA_003212155.1_ASM321215v1_genomic_prodigal_proteins	262	91	64.75	16.00	34.73
GCA_000179235.2_ASM17923v2_genomic_prodigal_proteins	3071	GCA_001040845.1_ASM104084v1_genomic_prodigal_proteins	2917	1717	67.06	13.68	58.86
GCA_000179235.2_ASM17923v2_genomic_prodigal_proteins	3071	GCA_002018015.1_ASM201801v1_genomic_prodigal_proteins	1578	926	62.98	12.40	58.68
GCA_000179235.2_ASM17923v2_genomic_prodigal_proteins	3071	GCA_003211255.1_ASM321125v1_genomic_prodigal_proteins	1850	928	65.79	13.96	50.16
GCA_000179235.2_ASM17923v2_genomic_prodigal_proteins	3071	GCA_002721235.1_ASM272123v1_genomic_prodigal_proteins	3119	1182	53.90	12.74	38.49
GCA_000179235.2_ASM17923v2_genomic_prodigal_proteins	3071	GCA_009839305.1_ASM983930v1_genomic_prodigal_proteins	1816	901	62.69	12.83	49.61
GCA_000179235.2_ASM17923v2_genomic_prodigal_proteins	3071	GCA_011365345.1_ASM1136534v1_genomic_prodigal_proteins	2655	1694	67.43	13.80	63.80
GCA_000179235.2_ASM17923v2_genomic_prodigal_proteins	3071	GCA_001039265.1_ASM103926v1_genomic_prodigal_proteins	2832	1260	73.84	13.81	44.49
GCA_000179235.2_ASM17923v2_genomic_prodigal_proteins	3071	GCA_001628325.1_ASM162832v1_genomic_prodigal_proteins	2129	1490	67.88	13.50	69.99
GCA_000179235.2_ASM17923v2_genomic_prodigal_proteins	3071	GCA_003209215.1_ASM320921v1_genomic_prodigal_proteins	1679	859	67.44	13.81	51.16
GCA_000179235.2_ASM17923v2_genomic_prodigal_proteins	3071	GCA_002737305.1_ASM273730v1_genomic_prodigal_proteins	1951	1352	73.98	12.73	69.30
GCA_000179235.2_ASM17923v2_genomic_prodigal_proteins	3071	GCA_003210515.1_ASM321051v1_genomic_prodigal_proteins	1673	957	65.81	13.88	57.20
GCA_000179235.2_ASM17923v2_genomic_prodigal_proteins	3071	GCA_011525445.1_ASM1152544v1_genomic_prodigal_proteins	3208	1416	65.86	13.48	46.11
GCA_000179235.2_ASM17923v2_genomic_prodigal_proteins	3071	GCA_902599435.1_AG-916-N22_genomic_prodigal_proteins	793	401	68.70	14.25	50.57
GCA_000179235.2_ASM17923v2_genomic_prodigal_proteins	3071	GCA_003149585.1_ASM314958v1_genomic_prodigal_proteins	2600	2045	78.65	12.68	78.65
GCA_000179235.2_ASM17923v2_genomic_prodigal_proteins	3071	GCA_902560665.1_AG-905-O11_genomic_prodigal_proteins	401	168	68.63	14.58	41.90
GCA_000179235.2_ASM17923v2_genomic_prodigal_proteins	3071	GCA_003331795.1_ASM333179v1_genomic_prodigal_proteins	1948	1368	67.68	13.62	70.23
GCA_000179235.2_ASM17923v2_genomic_prodigal_proteins	3071	GCA_002017955.1_ASM201795v1_genomic_prodigal_proteins	512	262	62.05	12.63	51.17
GCA_000179235.2_ASM17923v2_genomic_prodigal_proteins	3071	GCA_902584485.1_AG-912-O23_genomic_prodigal_proteins	535	234	67.12	14.39	43.74
GCA_000179235.2_ASM17923v2_genomic_prodigal_proteins	3071	GCA_902527915.1_AG-896-G19_genomic_prodigal_proteins	1003	520	67.80	14.27	51.84
GCA_000179235.2_ASM17923v2_genomic_prodigal_proteins	3071	GCA_902635365.1_AG-447-D19_genomic_prodigal_proteins	1690	818	66.62	14.21	48.40
GCA_000179235.2_ASM17923v2_genomic_prodigal_proteins	3071	GCA_900474085.1_UW86_genomic_prodigal_proteins	2403	1640	67.85	13.63	68.25
GCA_000179235.2_ASM17923v2_genomic_prodigal_proteins	3071	GCA_001885215.1_ASM188521v1_genomic_prodigal_proteins	2897	1803	70.15	12.57	62.24
GCA_000179235.2_ASM17923v2_genomic_prodigal_proteins	3071	GCA_902575935.1_AG-426-B22_genomic_prodigal_proteins	254	148	71.08	14.75	58.27
GCA_000179235.2_ASM17923v2_genomic_prodigal_proteins	3071	GCA_900474295.1_UW140_genomic_prodigal_proteins	2925	1733	67.63	13.72	59.25
GCA_000179235.2_ASM17923v2_genomic_prodigal_proteins	3071	GCA_003211565.1_ASM321156v1_genomic_prodigal_proteins	1489	758	66.77	13.98	50.91
GCA_000179235.2_ASM17923v2_genomic_prodigal_proteins	3071	GCA_003526105.1_ASM352610v1_genomic_prodigal_proteins	1581	874	68.49	13.59	55.28
GCA_000179235.2_ASM17923v2_genomic_prodigal_proteins	3071	GCA_002172935.1_ASM217293v1_genomic_prodigal_proteins	1996	1351	66.85	13.53	67.69
GCA_000179235.2_ASM17923v2_genomic_prodigal_proteins	3071	GCA_003210335.1_ASM321033v1_genomic_prodigal_proteins	942	342	64.03	14.97	36.31
GCA_000179235.2_ASM17923v2_genomic_prodigal_proteins	3071	GCA_009846115.1_ASM984611v1_genomic_prodigal_proteins	2048	1073	62.14	12.52	52.39
GCA_000179235.2_ASM17923v2_genomic_prodigal_proteins	3071	GCA_001693295.1_ASM169329v1_genomic_prodigal_proteins	3183	1183	53.92	12.78	38.52
GCA_000179235.2_ASM17923v2_genomic_prodigal_proteins	3071	GCA_900473965.1_UW179A_genomic_prodigal_proteins	3383	1750	66.82	13.87	56.98
GCA_000179235.2_ASM17923v2_genomic_prodigal_proteins	3071	GCA_003213755.1_ASM321375v1_genomic_prodigal_proteins	1050	588	67.45	13.98	56.00
GCA_000179235.2_ASM17923v2_genomic_prodigal_proteins	3071	GCA_003209155.1_ASM320915v1_genomic_prodigal_proteins	2305	1306	66.72	13.86	56.66
GCA_000179235.2_ASM17923v2_genomic_prodigal_proteins	3071	GCA_003211515.1_ASM321151v1_genomic_prodigal_proteins	2451	1077	66.52	13.79	43.94
GCA_000179235.2_ASM17923v2_genomic_prodigal_proteins	3071	GCA_002693285.1_ASM269328v1_genomic_prodigal_proteins	2440	1517	67.01	13.93	62.17
GCA_000179235.2_ASM17923v2_genomic_prodigal_proteins	3071	GCA_003210555.1_ASM321055v1_genomic_prodigal_proteins	1847	961	66.38	13.62	52.03
GCA_000179235.2_ASM17923v2_genomic_prodigal_proteins	3071	GCA_000155595.1_ASM15559v1_genomic_prodigal_proteins	5270	1211	53.31	12.66	39.43
GCA_000179235.2_ASM17923v2_genomic_prodigal_proteins	3071	GCA_001007665.1_ASM100766v1_genomic_prodigal_proteins	2356	1249	61.89	12.34	53.01
GCA_000179235.2_ASM17923v2_genomic_prodigal_proteins	3071	GCA_009919765.1_ASM991976v1_genomic_prodigal_proteins	2524	1162	67.58	13.55	46.04
GCA_000179235.2_ASM17923v2_genomic_prodigal_proteins	3071	GCA_003331225.1_ASM333122v1_genomic_prodigal_proteins	2113	1478	67.52	13.36	69.95
GCA_000179235.2_ASM17923v2_genomic_prodigal_proteins	3071	GCA_900177825.1_IMG-taxon_2708742468_annotated_assembly_genomic_prodigal_proteins	3317	1172	53.93	12.83	38.16
GCA_000179235.2_ASM17923v2_genomic_prodigal_proteins	3071	GCA_000195975.1_ASM19597v1_genomic_prodigal_proteins	2719	1673	68.00	13.55	61.53
GCA_000179235.2_ASM17923v2_genomic_prodigal_proteins	3071	GCA_902618885.1_AG-920-D15_genomic_prodigal_proteins	1178	629	68.39	14.40	53.40
GCA_000179235.2_ASM17923v2_genomic_prodigal_proteins	3071	GCA_003209165.1_ASM320916v1_genomic_prodigal_proteins	2711	1428	67.29	13.86	52.67
GCA_000179235.2_ASM17923v2_genomic_prodigal_proteins	3071	GCA_001007625.1_ASM100762v1_genomic_prodigal_proteins	2478	1084	62.19	12.67	43.74
GCA_000179235.2_ASM17923v2_genomic_prodigal_proteins	3071	GCA_008386235.1_ASM838623v1_genomic_prodigal_proteins	2571	1112	54.46	12.47	43.25
GCA_000179235.2_ASM17923v2_genomic_prodigal_proteins	3071	GCA_001631935.1_ASM163193v1_genomic_prodigal_proteins	3526	1747	66.70	13.92	56.89
GCA_000179235.2_ASM17923v2_genomic_prodigal_proteins	3071	GCA_002151525.1_ASM215152v1_genomic_prodigal_proteins	1628	1198	66.24	14.03	73.59
GCA_000179235.2_ASM17923v2_genomic_prodigal_proteins	3071	GCA_000153065.1_ASM15306v1_genomic_prodigal_proteins	2704	1833	69.12	13.89	67.79
GCA_000179235.2_ASM17923v2_genomic_prodigal_proteins	3071	GCA_009837265.1_ASM983726v1_genomic_prodigal_proteins	2126	1142	62.24	12.49	53.72
GCA_000179235.2_ASM17923v2_genomic_prodigal_proteins	3071	GCA_902533725.1_AG-898-C20_genomic_prodigal_proteins	421	140	68.31	14.43	33.25
GCA_000179235.2_ASM17923v2_genomic_prodigal_proteins	3071	GCA_002171075.2_ASM217107v2_genomic_prodigal_proteins	1919	1269	65.67	13.10	66.13
GCA_000179235.2_ASM17923v2_genomic_prodigal_proteins	3071	GCA_002760395.1_ASM276039v1_genomic_prodigal_proteins	2661	993	53.44	11.96	37.32
GCA_000179235.2_ASM17923v2_genomic_prodigal_proteins	3071	GCA_003209005.1_ASM320900v1_genomic_prodigal_proteins	2548	1418	66.75	13.72	55.65
GCA_000179235.2_ASM17923v2_genomic_prodigal_proteins	3071	GCA_002017915.1_ASM201791v1_genomic_prodigal_proteins	623	328	64.54	13.41	52.65
GCA_000179235.2_ASM17923v2_genomic_prodigal_proteins	3071	GCA_900047545.1_m9_genomic_prodigal_proteins	1575	929	62.26	12.46	58.98
GCA_000179235.2_ASM17923v2_genomic_prodigal_proteins	3071	GCA_001632105.1_ASM163210v1_genomic_prodigal_proteins	3521	1753	66.67	13.90	57.08
GCA_000179235.2_ASM17923v2_genomic_prodigal_proteins	3071	GCA_004212765.1_ASM421276v1_genomic_prodigal_proteins	1162	810	67.82	13.17	69.71
GCA_000179235.2_ASM17923v2_genomic_prodigal_proteins	3071	GCA_002685515.1_ASM268551v1_genomic_prodigal_proteins	1286	895	66.35	13.34	69.60
GCA_000179235.2_ASM17923v2_genomic_prodigal_proteins	3071	GCA_007828135.1_ASM782813v1_genomic_prodigal_proteins	2917	1803	70.14	12.58	61.81
GCA_000179235.2_ASM17923v2_genomic_prodigal_proteins	3071	GCA_011047875.1_ASM1104787v1_genomic_prodigal_proteins	2810	1007	53.28	12.00	35.84
GCA_000179235.2_ASM17923v2_genomic_prodigal_proteins	3071	GCA_009840445.1_ASM984044v1_genomic_prodigal_proteins	2167	1245	62.18	12.50	57.45
GCA_000179235.2_ASM17923v2_genomic_prodigal_proteins	3071	GCA_003210995.1_ASM321099v1_genomic_prodigal_proteins	2385	1243	66.91	13.97	52.12
GCA_000179235.2_ASM17923v2_genomic_prodigal_proteins	3071	GCA_902616995.1_AG-919-L20_genomic_prodigal_proteins	654	316	67.24	14.15	48.32
GCA_000179235.2_ASM17923v2_genomic_prodigal_proteins	3071	GCA_009845825.1_ASM984582v1_genomic_prodigal_proteins	2168	1061	62.29	12.31	48.94
GCA_000179235.2_ASM17923v2_genomic_prodigal_proteins	3071	GCA_000515235.1_ASM51523v1_genomic_prodigal_proteins	2873	1683	66.99	13.81	58.58
GCA_000179235.2_ASM17923v2_genomic_prodigal_proteins	3071	GCA_003523965.1_ASM352396v1_genomic_prodigal_proteins	1735	810	63.03	12.74	46.69
GCA_000179235.2_ASM17923v2_genomic_prodigal_proteins	3071	GCA_002684175.1_ASM268417v1_genomic_prodigal_proteins	1819	1004	64.85	13.30	55.20
GCA_000179235.2_ASM17923v2_genomic_prodigal_proteins	3071	GCA_011523295.1_ASM1152329v1_genomic_prodigal_proteins	2851	1317	65.85	13.58	46.19
GCA_000179235.2_ASM17923v2_genomic_prodigal_proteins	3071	GCA_003211015.1_ASM321101v1_genomic_prodigal_proteins	2128	1244	67.03	13.47	58.46
GCA_000179235.2_ASM17923v2_genomic_prodigal_proteins	3071	GCA_002006815.1_ASM200681v1_genomic_prodigal_proteins	1973	1486	66.88	13.73	75.32
GCA_003210345.1_ASM321034v1_genomic_prodigal_proteins	1256	GCA_003210315.1_ASM321031v1_genomic_prodigal_proteins	1815	466	68.27	14.40	37.10
GCA_003210345.1_ASM321034v1_genomic_prodigal_proteins	1256	GCA_009836155.1_ASM983615v1_genomic_prodigal_proteins	1947	449	59.47	12.43	35.75
GCA_003210345.1_ASM321034v1_genomic_prodigal_proteins	1256	GCA_003990665.2_ASM399066v2_genomic_prodigal_proteins	2499	400	52.78	12.13	31.85
GCA_003210345.1_ASM321034v1_genomic_prodigal_proteins	1256	GCA_003209135.1_ASM320913v1_genomic_prodigal_proteins	1719	404	71.61	14.70	32.17
GCA_003210345.1_ASM321034v1_genomic_prodigal_proteins	1256	GCA_009845105.1_ASM984510v1_genomic_prodigal_proteins	1941	395	58.82	12.65	31.45
GCA_003210345.1_ASM321034v1_genomic_prodigal_proteins	1256	GCA_002690325.1_ASM269032v1_genomic_prodigal_proteins	2554	774	72.79	13.49	61.62
GCA_003210345.1_ASM321034v1_genomic_prodigal_proteins	1256	GCA_000161795.2_ASM16179v2_genomic_prodigal_proteins	2407	801	76.33	12.33	63.77
GCA_003210345.1_ASM321034v1_genomic_prodigal_proteins	1256	GCA_004211895.1_ASM421189v1_genomic_prodigal_proteins	954	339	75.72	12.82	35.53
GCA_003210345.1_ASM321034v1_genomic_prodigal_proteins	1256	GCA_003210735.1_ASM321073v1_genomic_prodigal_proteins	2337	649	73.31	13.55	51.67
GCA_003210345.1_ASM321034v1_genomic_prodigal_proteins	1256	GCA_003209035.1_ASM320903v1_genomic_prodigal_proteins	1803	451	72.66	14.11	35.91
GCA_003210345.1_ASM321034v1_genomic_prodigal_proteins	1256	GCA_003712085.1_ASM371208v1_genomic_prodigal_proteins	2745	798	74.94	13.03	63.54
GCA_003210345.1_ASM321034v1_genomic_prodigal_proteins	1256	GCA_003212155.1_ASM321215v1_genomic_prodigal_proteins	262	62	63.75	18.38	23.66
GCA_003210345.1_ASM321034v1_genomic_prodigal_proteins	1256	GCA_001040845.1_ASM104084v1_genomic_prodigal_proteins	2917	762	69.09	13.52	60.67
GCA_003210345.1_ASM321034v1_genomic_prodigal_proteins	1256	GCA_002018015.1_ASM201801v1_genomic_prodigal_proteins	1578	333	59.84	13.00	26.51
GCA_003210345.1_ASM321034v1_genomic_prodigal_proteins	1256	GCA_003211255.1_ASM321125v1_genomic_prodigal_proteins	1850	476	72.91	14.63	37.90
GCA_003210345.1_ASM321034v1_genomic_prodigal_proteins	1256	GCA_002721235.1_ASM272123v1_genomic_prodigal_proteins	3119	421	51.89	12.35	33.52
GCA_003210345.1_ASM321034v1_genomic_prodigal_proteins	1256	GCA_009839305.1_ASM983930v1_genomic_prodigal_proteins	1816	363	58.94	12.99	28.90
GCA_003210345.1_ASM321034v1_genomic_prodigal_proteins	1256	GCA_011365345.1_ASM1136534v1_genomic_prodigal_proteins	2655	841	75.61	13.08	66.96
GCA_003210345.1_ASM321034v1_genomic_prodigal_proteins	1256	GCA_001039265.1_ASM103926v1_genomic_prodigal_proteins	2832	467	66.27	13.71	37.18
GCA_003210345.1_ASM321034v1_genomic_prodigal_proteins	1256	GCA_001628325.1_ASM162832v1_genomic_prodigal_proteins	2129	712	76.25	12.44	56.69
GCA_003210345.1_ASM321034v1_genomic_prodigal_proteins	1256	GCA_003209215.1_ASM320921v1_genomic_prodigal_proteins	1679	434	75.15	13.29	34.55
GCA_003210345.1_ASM321034v1_genomic_prodigal_proteins	1256	GCA_002737305.1_ASM273730v1_genomic_prodigal_proteins	1951	479	65.49	13.99	38.14
GCA_003210345.1_ASM321034v1_genomic_prodigal_proteins	1256	GCA_003210515.1_ASM321051v1_genomic_prodigal_proteins	1673	560	88.27	10.75	44.59
GCA_003210345.1_ASM321034v1_genomic_prodigal_proteins	1256	GCA_011525445.1_ASM1152544v1_genomic_prodigal_proteins	3208	624	68.01	13.59	49.68
GCA_003210345.1_ASM321034v1_genomic_prodigal_proteins	1256	GCA_902599435.1_AG-916-N22_genomic_prodigal_proteins	793	213	73.27	15.46	26.86
GCA_003210345.1_ASM321034v1_genomic_prodigal_proteins	1256	GCA_003149585.1_ASM314958v1_genomic_prodigal_proteins	2600	682	65.44	13.53	54.30
GCA_003210345.1_ASM321034v1_genomic_prodigal_proteins	1256	GCA_902560665.1_AG-905-O11_genomic_prodigal_proteins	401	91	74.06	14.80	22.69
GCA_003210345.1_ASM321034v1_genomic_prodigal_proteins	1256	GCA_003331795.1_ASM333179v1_genomic_prodigal_proteins	1948	525	63.74	14.21	41.80
GCA_003210345.1_ASM321034v1_genomic_prodigal_proteins	1256	GCA_002017955.1_ASM201795v1_genomic_prodigal_proteins	512	107	59.73	13.07	20.90
GCA_003210345.1_ASM321034v1_genomic_prodigal_proteins	1256	GCA_902584485.1_AG-912-O23_genomic_prodigal_proteins	535	102	72.89	15.75	19.07
GCA_003210345.1_ASM321034v1_genomic_prodigal_proteins	1256	GCA_902527915.1_AG-896-G19_genomic_prodigal_proteins	1003	310	72.42	15.17	30.91
GCA_003210345.1_ASM321034v1_genomic_prodigal_proteins	1256	GCA_902635365.1_AG-447-D19_genomic_prodigal_proteins	1690	454	86.92	12.56	36.15
GCA_003210345.1_ASM321034v1_genomic_prodigal_proteins	1256	GCA_900474085.1_UW86_genomic_prodigal_proteins	2403	807	76.39	12.45	64.25
GCA_003210345.1_ASM321034v1_genomic_prodigal_proteins	1256	GCA_001885215.1_ASM188521v1_genomic_prodigal_proteins	2897	651	64.65	13.33	51.83
GCA_003210345.1_ASM321034v1_genomic_prodigal_proteins	1256	GCA_902575935.1_AG-426-B22_genomic_prodigal_proteins	254	62	75.45	15.52	24.41
GCA_003210345.1_ASM321034v1_genomic_prodigal_proteins	1256	GCA_900474295.1_UW140_genomic_prodigal_proteins	2925	779	69.05	13.83	62.02
GCA_003210345.1_ASM321034v1_genomic_prodigal_proteins	1256	GCA_003211565.1_ASM321156v1_genomic_prodigal_proteins	1489	374	74.29	13.80	29.78
GCA_003210345.1_ASM321034v1_genomic_prodigal_proteins	1256	GCA_003526105.1_ASM352610v1_genomic_prodigal_proteins	1581	422	76.25	13.05	33.60
GCA_003210345.1_ASM321034v1_genomic_prodigal_proteins	1256	GCA_002172935.1_ASM217293v1_genomic_prodigal_proteins	1996	576	68.07	13.56	45.86
GCA_003210345.1_ASM321034v1_genomic_prodigal_proteins	1256	GCA_003210335.1_ASM321033v1_genomic_prodigal_proteins	942	209	66.27	13.73	22.19
GCA_003210345.1_ASM321034v1_genomic_prodigal_proteins	1256	GCA_009846115.1_ASM984611v1_genomic_prodigal_proteins	2048	436	58.87	12.63	34.71
GCA_003210345.1_ASM321034v1_genomic_prodigal_proteins	1256	GCA_001693295.1_ASM169329v1_genomic_prodigal_proteins	3183	415	51.93	12.34	33.04
GCA_003210345.1_ASM321034v1_genomic_prodigal_proteins	1256	GCA_900473965.1_UW179A_genomic_prodigal_proteins	3383	767	69.01	13.68	61.07
GCA_003210345.1_ASM321034v1_genomic_prodigal_proteins	1256	GCA_003213755.1_ASM321375v1_genomic_prodigal_proteins	1050	260	63.82	14.48	24.76
GCA_003210345.1_ASM321034v1_genomic_prodigal_proteins	1256	GCA_003209155.1_ASM320915v1_genomic_prodigal_proteins	2305	535	68.31	13.73	42.60
GCA_003210345.1_ASM321034v1_genomic_prodigal_proteins	1256	GCA_003211515.1_ASM321151v1_genomic_prodigal_proteins	2451	587	72.35	13.97	46.74
GCA_003210345.1_ASM321034v1_genomic_prodigal_proteins	1256	GCA_002693285.1_ASM269328v1_genomic_prodigal_proteins	2440	647	67.91	13.87	51.51
GCA_003210345.1_ASM321034v1_genomic_prodigal_proteins	1256	GCA_003210555.1_ASM321055v1_genomic_prodigal_proteins	1847	448	68.04	14.22	35.67
GCA_003210345.1_ASM321034v1_genomic_prodigal_proteins	1256	GCA_000155595.1_ASM15559v1_genomic_prodigal_proteins	5270	441	51.74	12.54	35.11
GCA_003210345.1_ASM321034v1_genomic_prodigal_proteins	1256	GCA_001007665.1_ASM100766v1_genomic_prodigal_proteins	2356	478	58.89	12.65	38.06
GCA_003210345.1_ASM321034v1_genomic_prodigal_proteins	1256	GCA_009919765.1_ASM991976v1_genomic_prodigal_proteins	2524	457	63.70	13.60	36.39
GCA_003210345.1_ASM321034v1_genomic_prodigal_proteins	1256	GCA_003331225.1_ASM333122v1_genomic_prodigal_proteins	2113	580	63.26	14.06	46.18
GCA_003210345.1_ASM321034v1_genomic_prodigal_proteins	1256	GCA_900177825.1_IMG-taxon_2708742468_annotated_assembly_genomic_prodigal_proteins	3317	408	52.04	12.42	32.48
GCA_003210345.1_ASM321034v1_genomic_prodigal_proteins	1256	GCA_000195975.1_ASM19597v1_genomic_prodigal_proteins	2719	801	74.93	13.16	63.77
GCA_003210345.1_ASM321034v1_genomic_prodigal_proteins	1256	GCA_902618885.1_AG-920-D15_genomic_prodigal_proteins	1178	323	73.47	15.12	27.42
GCA_003210345.1_ASM321034v1_genomic_prodigal_proteins	1256	GCA_003209165.1_ASM320916v1_genomic_prodigal_proteins	2711	725	76.13	12.45	57.72
GCA_003210345.1_ASM321034v1_genomic_prodigal_proteins	1256	GCA_001007625.1_ASM100762v1_genomic_prodigal_proteins	2478	442	58.86	13.09	35.19
GCA_003210345.1_ASM321034v1_genomic_prodigal_proteins	1256	GCA_008386235.1_ASM838623v1_genomic_prodigal_proteins	2571	409	52.66	12.23	32.56
GCA_003210345.1_ASM321034v1_genomic_prodigal_proteins	1256	GCA_001631935.1_ASM163193v1_genomic_prodigal_proteins	3526	770	68.89	13.90	61.31
GCA_003210345.1_ASM321034v1_genomic_prodigal_proteins	1256	GCA_002151525.1_ASM215152v1_genomic_prodigal_proteins	1628	456	62.54	13.93	36.31
GCA_003210345.1_ASM321034v1_genomic_prodigal_proteins	1256	GCA_000153065.1_ASM15306v1_genomic_prodigal_proteins	2704	703	69.69	13.28	55.97
GCA_003210345.1_ASM321034v1_genomic_prodigal_proteins	1256	GCA_009837265.1_ASM983726v1_genomic_prodigal_proteins	2126	461	59.05	12.62	36.70
GCA_003210345.1_ASM321034v1_genomic_prodigal_proteins	1256	GCA_902533725.1_AG-898-C20_genomic_prodigal_proteins	421	59	73.42	13.91	14.01
GCA_003210345.1_ASM321034v1_genomic_prodigal_proteins	1256	GCA_002171075.2_ASM217107v2_genomic_prodigal_proteins	1919	497	62.50	13.74	39.57
GCA_003210345.1_ASM321034v1_genomic_prodigal_proteins	1256	GCA_002760395.1_ASM276039v1_genomic_prodigal_proteins	2661	347	51.98	11.89	27.63
GCA_003210345.1_ASM321034v1_genomic_prodigal_proteins	1256	GCA_003209005.1_ASM320900v1_genomic_prodigal_proteins	2548	683	68.92	13.74	54.38
GCA_003210345.1_ASM321034v1_genomic_prodigal_proteins	1256	GCA_002017915.1_ASM201791v1_genomic_prodigal_proteins	623	126	60.75	14.08	20.22
GCA_003210345.1_ASM321034v1_genomic_prodigal_proteins	1256	GCA_900047545.1_m9_genomic_prodigal_proteins	1575	372	59.00	12.80	29.62
GCA_003210345.1_ASM321034v1_genomic_prodigal_proteins	1256	GCA_001632105.1_ASM163210v1_genomic_prodigal_proteins	3521	767	68.88	13.84	61.07
GCA_003210345.1_ASM321034v1_genomic_prodigal_proteins	1256	GCA_004212765.1_ASM421276v1_genomic_prodigal_proteins	1162	350	74.90	13.48	30.12
GCA_003210345.1_ASM321034v1_genomic_prodigal_proteins	1256	GCA_002685515.1_ASM268551v1_genomic_prodigal_proteins	1286	388	67.72	13.68	30.89
GCA_003210345.1_ASM321034v1_genomic_prodigal_proteins	1256	GCA_007828135.1_ASM782813v1_genomic_prodigal_proteins	2917	651	64.71	13.37	51.83
GCA_003210345.1_ASM321034v1_genomic_prodigal_proteins	1256	GCA_011047875.1_ASM1104787v1_genomic_prodigal_proteins	2810	338	51.85	12.04	26.91
GCA_003210345.1_ASM321034v1_genomic_prodigal_proteins	1256	GCA_009840445.1_ASM984044v1_genomic_prodigal_proteins	2167	491	59.01	12.78	39.09
GCA_003210345.1_ASM321034v1_genomic_prodigal_proteins	1256	GCA_003210995.1_ASM321099v1_genomic_prodigal_proteins	2385	593	68.47	14.09	47.21
GCA_003210345.1_ASM321034v1_genomic_prodigal_proteins	1256	GCA_902616995.1_AG-919-L20_genomic_prodigal_proteins	654	195	74.39	14.97	29.82
GCA_003210345.1_ASM321034v1_genomic_prodigal_proteins	1256	GCA_009845825.1_ASM984582v1_genomic_prodigal_proteins	2168	411	59.79	12.32	32.72
GCA_003210345.1_ASM321034v1_genomic_prodigal_proteins	1256	GCA_000515235.1_ASM51523v1_genomic_prodigal_proteins	2873	801	73.43	12.90	63.77
GCA_003210345.1_ASM321034v1_genomic_prodigal_proteins	1256	GCA_003523965.1_ASM352396v1_genomic_prodigal_proteins	1735	308	60.45	13.18	24.52
GCA_003210345.1_ASM321034v1_genomic_prodigal_proteins	1256	GCA_002684175.1_ASM268417v1_genomic_prodigal_proteins	1819	470	72.79	12.36	37.42
GCA_003210345.1_ASM321034v1_genomic_prodigal_proteins	1256	GCA_011523295.1_ASM1152329v1_genomic_prodigal_proteins	2851	662	71.70	13.88	52.71
GCA_003210345.1_ASM321034v1_genomic_prodigal_proteins	1256	GCA_003211015.1_ASM321101v1_genomic_prodigal_proteins	2128	539	68.55	13.72	42.91
GCA_003210345.1_ASM321034v1_genomic_prodigal_proteins	1256	GCA_002006815.1_ASM200681v1_genomic_prodigal_proteins	1973	554	62.64	13.55	44.11
GCA_002172175.1_ASM217217v1_genomic_prodigal_proteins	1846	GCA_003208835.1_ASM320883v1_genomic_prodigal_proteins	2208	727	64.48	13.85	39.38
GCA_002172175.1_ASM217217v1_genomic_prodigal_proteins	1846	GCA_902589915.1_AG-914-F20_genomic_prodigal_proteins	373	54	63.43	13.39	14.48
GCA_002172175.1_ASM217217v1_genomic_prodigal_proteins	1846	GCA_000485815.1_ASM48581v1_genomic_prodigal_proteins	3083	681	52.49	12.14	36.89
GCA_002172175.1_ASM217217v1_genomic_prodigal_proteins	1846	GCA_008807075.1_ASM880707v1_genomic_prodigal_proteins	2925	995	63.27	13.18	53.90
GCA_002172175.1_ASM217217v1_genomic_prodigal_proteins	1846	GCA_000179235.2_ASM17923v2_genomic_prodigal_proteins	3071	1088	65.87	13.28	58.94
GCA_002172175.1_ASM217217v1_genomic_prodigal_proteins	1846	GCA_003210795.1_ASM321079v1_genomic_prodigal_proteins	2239	784	63.90	14.04	42.47
GCA_002172175.1_ASM217217v1_genomic_prodigal_proteins	1846	GCA_002706715.1_ASM270671v1_genomic_prodigal_proteins	1148	527	65.19	13.48	45.91
GCA_002172175.1_ASM217217v1_genomic_prodigal_proteins	1846	GCA_003331245.1_ASM333124v1_genomic_prodigal_proteins	2021	960	65.08	13.41	52.00
GCA_002172175.1_ASM217217v1_genomic_prodigal_proteins	1846	GCA_009843385.1_ASM984338v1_genomic_prodigal_proteins	2085	648	60.64	12.37	35.10
GCA_002172175.1_ASM217217v1_genomic_prodigal_proteins	1846	GCA_003211205.1_ASM321120v1_genomic_prodigal_proteins	2288	875	64.01	14.02	47.40
GCA_002172175.1_ASM217217v1_genomic_prodigal_proteins	1846	GCA_000063505.1_ASM6350v1_genomic_prodigal_proteins	2558	1077	64.40	13.86	58.34
GCA_002172175.1_ASM217217v1_genomic_prodigal_proteins	1846	GCA_900474245.1_UW179B_genomic_prodigal_proteins	2743	1052	64.05	13.71	56.99
GCA_002172175.1_ASM217217v1_genomic_prodigal_proteins	1846	GCA_003210345.1_ASM321034v1_genomic_prodigal_proteins	1256	459	62.34	13.63	36.54
GCA_002172175.1_ASM217217v1_genomic_prodigal_proteins	1846	GCA_003210315.1_ASM321031v1_genomic_prodigal_proteins	1815	674	63.38	14.03	37.13
GCA_002172175.1_ASM217217v1_genomic_prodigal_proteins	1846	GCA_009836155.1_ASM983615v1_genomic_prodigal_proteins	1947	735	60.27	12.38	39.82
GCA_002172175.1_ASM217217v1_genomic_prodigal_proteins	1846	GCA_003990665.2_ASM399066v2_genomic_prodigal_proteins	2499	663	53.33	11.68	35.92
GCA_002172175.1_ASM217217v1_genomic_prodigal_proteins	1846	GCA_003209135.1_ASM320913v1_genomic_prodigal_proteins	1719	577	64.33	15.05	33.57
GCA_002172175.1_ASM217217v1_genomic_prodigal_proteins	1846	GCA_009845105.1_ASM984510v1_genomic_prodigal_proteins	1941	607	59.86	12.37	32.88
GCA_002172175.1_ASM217217v1_genomic_prodigal_proteins	1846	GCA_002690325.1_ASM269032v1_genomic_prodigal_proteins	2554	974	64.13	13.91	52.76
GCA_002172175.1_ASM217217v1_genomic_prodigal_proteins	1846	GCA_000161795.2_ASM16179v2_genomic_prodigal_proteins	2407	1046	65.22	13.76	56.66
GCA_002172175.1_ASM217217v1_genomic_prodigal_proteins	1846	GCA_004211895.1_ASM421189v1_genomic_prodigal_proteins	954	470	65.68	14.03	49.27
GCA_002172175.1_ASM217217v1_genomic_prodigal_proteins	1846	GCA_003210735.1_ASM321073v1_genomic_prodigal_proteins	2337	796	63.62	13.65	43.12
GCA_002172175.1_ASM217217v1_genomic_prodigal_proteins	1846	GCA_003209035.1_ASM320903v1_genomic_prodigal_proteins	1803	612	64.40	14.05	33.94
GCA_002172175.1_ASM217217v1_genomic_prodigal_proteins	1846	GCA_003712085.1_ASM371208v1_genomic_prodigal_proteins	2745	1085	65.29	13.86	58.78
GCA_002172175.1_ASM217217v1_genomic_prodigal_proteins	1846	GCA_003212155.1_ASM321215v1_genomic_prodigal_proteins	262	84	83.52	12.02	32.06
GCA_002172175.1_ASM217217v1_genomic_prodigal_proteins	1846	GCA_001040845.1_ASM104084v1_genomic_prodigal_proteins	2917	1094	63.75	13.73	59.26
GCA_002172175.1_ASM217217v1_genomic_prodigal_proteins	1846	GCA_002018015.1_ASM201801v1_genomic_prodigal_proteins	1578	577	61.61	12.33	36.57
GCA_002172175.1_ASM217217v1_genomic_prodigal_proteins	1846	GCA_003211255.1_ASM321125v1_genomic_prodigal_proteins	1850	615	64.18	13.90	33.32
GCA_002172175.1_ASM217217v1_genomic_prodigal_proteins	1846	GCA_002721235.1_ASM272123v1_genomic_prodigal_proteins	3119	712	52.62	12.25	38.57
GCA_002172175.1_ASM217217v1_genomic_prodigal_proteins	1846	GCA_009839305.1_ASM983930v1_genomic_prodigal_proteins	1816	586	60.34	12.80	32.27
GCA_002172175.1_ASM217217v1_genomic_prodigal_proteins	1846	GCA_011365345.1_ASM1136534v1_genomic_prodigal_proteins	2655	1085	65.18	13.86	58.78
GCA_002172175.1_ASM217217v1_genomic_prodigal_proteins	1846	GCA_001039265.1_ASM103926v1_genomic_prodigal_proteins	2832	698	66.45	13.26	37.81
GCA_002172175.1_ASM217217v1_genomic_prodigal_proteins	1846	GCA_001628325.1_ASM162832v1_genomic_prodigal_proteins	2129	990	65.23	13.78	53.63
GCA_002172175.1_ASM217217v1_genomic_prodigal_proteins	1846	GCA_003209215.1_ASM320921v1_genomic_prodigal_proteins	1679	549	64.01	13.75	32.70
GCA_002172175.1_ASM217217v1_genomic_prodigal_proteins	1846	GCA_002737305.1_ASM273730v1_genomic_prodigal_proteins	1951	769	65.72	13.28	41.66
GCA_002172175.1_ASM217217v1_genomic_prodigal_proteins	1846	GCA_003210515.1_ASM321051v1_genomic_prodigal_proteins	1673	629	63.39	14.37	37.60
GCA_002172175.1_ASM217217v1_genomic_prodigal_proteins	1846	GCA_011525445.1_ASM1152544v1_genomic_prodigal_proteins	3208	919	63.91	14.56	49.78
GCA_002172175.1_ASM217217v1_genomic_prodigal_proteins	1846	GCA_902599435.1_AG-916-N22_genomic_prodigal_proteins	793	281	67.02	14.82	35.44
GCA_002172175.1_ASM217217v1_genomic_prodigal_proteins	1846	GCA_003149585.1_ASM314958v1_genomic_prodigal_proteins	2600	1087	65.57	13.31	58.88
GCA_002172175.1_ASM217217v1_genomic_prodigal_proteins	1846	GCA_902560665.1_AG-905-O11_genomic_prodigal_proteins	401	107	63.46	16.32	26.68
GCA_002172175.1_ASM217217v1_genomic_prodigal_proteins	1846	GCA_003331795.1_ASM333179v1_genomic_prodigal_proteins	1948	1317	88.14	8.53	71.34
GCA_002172175.1_ASM217217v1_genomic_prodigal_proteins	1846	GCA_002017955.1_ASM201795v1_genomic_prodigal_proteins	512	172	61.42	12.86	33.59
GCA_002172175.1_ASM217217v1_genomic_prodigal_proteins	1846	GCA_902584485.1_AG-912-O23_genomic_prodigal_proteins	535	145	63.87	13.78	27.10
GCA_002172175.1_ASM217217v1_genomic_prodigal_proteins	1846	GCA_902527915.1_AG-896-G19_genomic_prodigal_proteins	1003	317	64.42	14.40	31.61
GCA_002172175.1_ASM217217v1_genomic_prodigal_proteins	1846	GCA_902635365.1_AG-447-D19_genomic_prodigal_proteins	1690	514	64.41	14.26	30.41
GCA_002172175.1_ASM217217v1_genomic_prodigal_proteins	1846	GCA_900474085.1_UW86_genomic_prodigal_proteins	2403	1054	65.09	13.77	57.10
GCA_002172175.1_ASM217217v1_genomic_prodigal_proteins	1846	GCA_001885215.1_ASM188521v1_genomic_prodigal_proteins	2897	1037	64.87	12.88	56.18
GCA_002172175.1_ASM217217v1_genomic_prodigal_proteins	1846	GCA_902575935.1_AG-426-B22_genomic_prodigal_proteins	254	112	65.46	14.42	44.09
GCA_002172175.1_ASM217217v1_genomic_prodigal_proteins	1846	GCA_900474295.1_UW140_genomic_prodigal_proteins	2925	1100	64.17	13.98	59.59
GCA_002172175.1_ASM217217v1_genomic_prodigal_proteins	1846	GCA_003211565.1_ASM321156v1_genomic_prodigal_proteins	1489	506	65.04	14.01	33.98
GCA_002172175.1_ASM217217v1_genomic_prodigal_proteins	1846	GCA_003526105.1_ASM352610v1_genomic_prodigal_proteins	1581	603	64.87	13.95	38.14
GCA_002172175.1_ASM217217v1_genomic_prodigal_proteins	1846	GCA_002172935.1_ASM217293v1_genomic_prodigal_proteins	1996	877	63.72	13.37	47.51
GCA_002172175.1_ASM217217v1_genomic_prodigal_proteins	1846	GCA_003210335.1_ASM321033v1_genomic_prodigal_proteins	942	229	60.76	14.71	24.31
GCA_002172175.1_ASM217217v1_genomic_prodigal_proteins	1846	GCA_009846115.1_ASM984611v1_genomic_prodigal_proteins	2048	681	60.25	12.46	36.89
GCA_002172175.1_ASM217217v1_genomic_prodigal_proteins	1846	GCA_001693295.1_ASM169329v1_genomic_prodigal_proteins	3183	707	52.68	12.08	38.30
GCA_002172175.1_ASM217217v1_genomic_prodigal_proteins	1846	GCA_900473965.1_UW179A_genomic_prodigal_proteins	3383	1132	63.66	13.89	61.32
GCA_002172175.1_ASM217217v1_genomic_prodigal_proteins	1846	GCA_003213755.1_ASM321375v1_genomic_prodigal_proteins	1050	475	85.94	11.34	45.24
GCA_002172175.1_ASM217217v1_genomic_prodigal_proteins	1846	GCA_003209155.1_ASM320915v1_genomic_prodigal_proteins	2305	840	64.10	13.83	45.50
GCA_002172175.1_ASM217217v1_genomic_prodigal_proteins	1846	GCA_003211515.1_ASM321151v1_genomic_prodigal_proteins	2451	726	64.37	13.82	39.33
GCA_002172175.1_ASM217217v1_genomic_prodigal_proteins	1846	GCA_002693285.1_ASM269328v1_genomic_prodigal_proteins	2440	1019	64.06	13.83	55.20
GCA_002172175.1_ASM217217v1_genomic_prodigal_proteins	1846	GCA_003210555.1_ASM321055v1_genomic_prodigal_proteins	1847	619	63.15	13.91	33.53
GCA_002172175.1_ASM217217v1_genomic_prodigal_proteins	1846	GCA_000155595.1_ASM15559v1_genomic_prodigal_proteins	5270	729	52.32	12.21	39.49
GCA_002172175.1_ASM217217v1_genomic_prodigal_proteins	1846	GCA_001007665.1_ASM100766v1_genomic_prodigal_proteins	2356	761	60.47	12.16	41.22
GCA_002172175.1_ASM217217v1_genomic_prodigal_proteins	1846	GCA_009919765.1_ASM991976v1_genomic_prodigal_proteins	2524	1108	87.56	9.28	60.02
GCA_002172175.1_ASM217217v1_genomic_prodigal_proteins	1846	GCA_003331225.1_ASM333122v1_genomic_prodigal_proteins	2113	1263	75.60	12.10	68.42
GCA_002172175.1_ASM217217v1_genomic_prodigal_proteins	1846	GCA_900177825.1_IMG-taxon_2708742468_annotated_assembly_genomic_prodigal_proteins	3317	698	52.56	12.13	37.81
GCA_002172175.1_ASM217217v1_genomic_prodigal_proteins	1846	GCA_000195975.1_ASM19597v1_genomic_prodigal_proteins	2719	1078	65.50	13.75	58.40
GCA_002172175.1_ASM217217v1_genomic_prodigal_proteins	1846	GCA_902618885.1_AG-920-D15_genomic_prodigal_proteins	1178	427	66.67	14.61	36.25
GCA_002172175.1_ASM217217v1_genomic_prodigal_proteins	1846	GCA_003209165.1_ASM320916v1_genomic_prodigal_proteins	2711	895	64.37	13.78	48.48
GCA_002172175.1_ASM217217v1_genomic_prodigal_proteins	1846	GCA_001007625.1_ASM100762v1_genomic_prodigal_proteins	2478	691	60.39	12.46	37.43
GCA_002172175.1_ASM217217v1_genomic_prodigal_proteins	1846	GCA_008386235.1_ASM838623v1_genomic_prodigal_proteins	2571	656	53.25	11.84	35.54
GCA_002172175.1_ASM217217v1_genomic_prodigal_proteins	1846	GCA_001631935.1_ASM163193v1_genomic_prodigal_proteins	3526	1106	63.85	13.91	59.91
GCA_002172175.1_ASM217217v1_genomic_prodigal_proteins	1846	GCA_002151525.1_ASM215152v1_genomic_prodigal_proteins	1628	882	68.91	12.69	54.18
GCA_002172175.1_ASM217217v1_genomic_prodigal_proteins	1846	GCA_000153065.1_ASM15306v1_genomic_prodigal_proteins	2704	1043	64.98	13.56	56.50
GCA_002172175.1_ASM217217v1_genomic_prodigal_proteins	1846	GCA_009837265.1_ASM983726v1_genomic_prodigal_proteins	2126	723	60.46	12.42	39.17
GCA_002172175.1_ASM217217v1_genomic_prodigal_proteins	1846	GCA_902533725.1_AG-898-C20_genomic_prodigal_proteins	421	79	62.85	12.74	18.76
GCA_002172175.1_ASM217217v1_genomic_prodigal_proteins	1846	GCA_002171075.2_ASM217107v2_genomic_prodigal_proteins	1919	1019	73.37	11.89	55.20
GCA_002172175.1_ASM217217v1_genomic_prodigal_proteins	1846	GCA_002760395.1_ASM276039v1_genomic_prodigal_proteins	2661	594	51.90	11.59	32.18
GCA_002172175.1_ASM217217v1_genomic_prodigal_proteins	1846	GCA_003209005.1_ASM320900v1_genomic_prodigal_proteins	2548	915	63.51	14.10	49.57
GCA_002172175.1_ASM217217v1_genomic_prodigal_proteins	1846	GCA_002017915.1_ASM201791v1_genomic_prodigal_proteins	623	219	63.86	12.47	35.15
GCA_002172175.1_ASM217217v1_genomic_prodigal_proteins	1846	GCA_900047545.1_m9_genomic_prodigal_proteins	1575	602	60.15	12.36	38.22
GCA_002172175.1_ASM217217v1_genomic_prodigal_proteins	1846	GCA_001632105.1_ASM163210v1_genomic_prodigal_proteins	3521	1108	63.92	13.88	60.02
GCA_002172175.1_ASM217217v1_genomic_prodigal_proteins	1846	GCA_004212765.1_ASM421276v1_genomic_prodigal_proteins	1162	580	64.89	13.99	49.91
GCA_002172175.1_ASM217217v1_genomic_prodigal_proteins	1846	GCA_002685515.1_ASM268551v1_genomic_prodigal_proteins	1286	605	63.20	13.94	47.05
GCA_002172175.1_ASM217217v1_genomic_prodigal_proteins	1846	GCA_007828135.1_ASM782813v1_genomic_prodigal_proteins	2917	1039	64.88	12.88	56.28
GCA_002172175.1_ASM217217v1_genomic_prodigal_proteins	1846	GCA_011047875.1_ASM1104787v1_genomic_prodigal_proteins	2810	603	52.02	11.66	32.67
GCA_002172175.1_ASM217217v1_genomic_prodigal_proteins	1846	GCA_009840445.1_ASM984044v1_genomic_prodigal_proteins	2167	790	60.33	12.38	42.80
GCA_002172175.1_ASM217217v1_genomic_prodigal_proteins	1846	GCA_003210995.1_ASM321099v1_genomic_prodigal_proteins	2385	793	63.85	14.05	42.96
GCA_002172175.1_ASM217217v1_genomic_prodigal_proteins	1846	GCA_902616995.1_AG-919-L20_genomic_prodigal_proteins	654	206	64.38	13.68	31.50
GCA_002172175.1_ASM217217v1_genomic_prodigal_proteins	1846	GCA_009845825.1_ASM984582v1_genomic_prodigal_proteins	2168	663	60.53	12.35	35.92
GCA_002172175.1_ASM217217v1_genomic_prodigal_proteins	1846	GCA_000515235.1_ASM51523v1_genomic_prodigal_proteins	2873	1075	65.02	14.37	58.23
GCA_002172175.1_ASM217217v1_genomic_prodigal_proteins	1846	GCA_003523965.1_ASM352396v1_genomic_prodigal_proteins	1735	517	61.13	12.49	29.80
GCA_002172175.1_ASM217217v1_genomic_prodigal_proteins	1846	GCA_002684175.1_ASM268417v1_genomic_prodigal_proteins	1819	696	62.69	13.56	38.26
GCA_002172175.1_ASM217217v1_genomic_prodigal_proteins	1846	GCA_011523295.1_ASM1152329v1_genomic_prodigal_proteins	2851	861	63.41	13.72	46.64
GCA_002172175.1_ASM217217v1_genomic_prodigal_proteins	1846	GCA_003211015.1_ASM321101v1_genomic_prodigal_proteins	2128	816	63.81	13.57	44.20
GCA_002172175.1_ASM217217v1_genomic_prodigal_proteins	1846	GCA_002006815.1_ASM200681v1_genomic_prodigal_proteins	1973	1014	69.45	12.57	54.93
GCA_002706715.1_ASM270671v1_genomic_prodigal_proteins	1148	GCA_003331245.1_ASM333124v1_genomic_prodigal_proteins	2021	763	76.35	12.27	66.46
GCA_002706715.1_ASM270671v1_genomic_prodigal_proteins	1148	GCA_009843385.1_ASM984338v1_genomic_prodigal_proteins	2085	538	61.07	12.88	46.86
GCA_002706715.1_ASM270671v1_genomic_prodigal_proteins	1148	GCA_003211205.1_ASM321120v1_genomic_prodigal_proteins	2288	723	70.47	13.97	62.98
GCA_002706715.1_ASM270671v1_genomic_prodigal_proteins	1148	GCA_000063505.1_ASM6350v1_genomic_prodigal_proteins	2558	891	71.06	13.96	77.61
GCA_002706715.1_ASM270671v1_genomic_prodigal_proteins	1148	GCA_900474245.1_UW179B_genomic_prodigal_proteins	2743	885	70.53	13.59	77.09
GCA_002706715.1_ASM270671v1_genomic_prodigal_proteins	1148	GCA_003210345.1_ASM321034v1_genomic_prodigal_proteins	1256	401	74.10	13.30	34.93
GCA_002706715.1_ASM270671v1_genomic_prodigal_proteins	1148	GCA_003210315.1_ASM321031v1_genomic_prodigal_proteins	1815	495	68.49	14.40	43.12
GCA_002706715.1_ASM270671v1_genomic_prodigal_proteins	1148	GCA_009836155.1_ASM983615v1_genomic_prodigal_proteins	1947	600	60.94	12.85	52.26
GCA_002706715.1_ASM270671v1_genomic_prodigal_proteins	1148	GCA_003990665.2_ASM399066v2_genomic_prodigal_proteins	2499	562	53.95	12.53	48.95
GCA_002706715.1_ASM270671v1_genomic_prodigal_proteins	1148	GCA_003209135.1_ASM320913v1_genomic_prodigal_proteins	1719	475	73.25	14.45	41.38
GCA_002706715.1_ASM270671v1_genomic_prodigal_proteins	1148	GCA_009845105.1_ASM984510v1_genomic_prodigal_proteins	1941	512	60.03	13.09	44.60
GCA_002706715.1_ASM270671v1_genomic_prodigal_proteins	1148	GCA_002690325.1_ASM269032v1_genomic_prodigal_proteins	2554	840	74.76	13.28	73.17
GCA_002706715.1_ASM270671v1_genomic_prodigal_proteins	1148	GCA_000161795.2_ASM16179v2_genomic_prodigal_proteins	2407	904	77.54	12.83	78.75
GCA_002706715.1_ASM270671v1_genomic_prodigal_proteins	1148	GCA_004211895.1_ASM421189v1_genomic_prodigal_proteins	954	391	76.02	13.78	40.99
GCA_002706715.1_ASM270671v1_genomic_prodigal_proteins	1148	GCA_003210735.1_ASM321073v1_genomic_prodigal_proteins	2337	691	94.65	9.29	60.19
GCA_002706715.1_ASM270671v1_genomic_prodigal_proteins	1148	GCA_003209035.1_ASM320903v1_genomic_prodigal_proteins	1803	565	94.60	9.24	49.22
GCA_002706715.1_ASM270671v1_genomic_prodigal_proteins	1148	GCA_003712085.1_ASM371208v1_genomic_prodigal_proteins	2745	937	78.97	12.14	81.62
GCA_002706715.1_ASM270671v1_genomic_prodigal_proteins	1148	GCA_003212155.1_ASM321215v1_genomic_prodigal_proteins	262	76	66.03	18.72	29.01
GCA_002706715.1_ASM270671v1_genomic_prodigal_proteins	1148	GCA_001040845.1_ASM104084v1_genomic_prodigal_proteins	2917	885	70.54	13.63	77.09
GCA_002706715.1_ASM270671v1_genomic_prodigal_proteins	1148	GCA_002018015.1_ASM201801v1_genomic_prodigal_proteins	1578	473	62.10	12.74	41.20
GCA_002706715.1_ASM270671v1_genomic_prodigal_proteins	1148	GCA_003211255.1_ASM321125v1_genomic_prodigal_proteins	1850	573	94.83	9.69	49.91
GCA_002706715.1_ASM270671v1_genomic_prodigal_proteins	1148	GCA_002721235.1_ASM272123v1_genomic_prodigal_proteins	3119	584	53.43	12.90	50.87
GCA_002706715.1_ASM270671v1_genomic_prodigal_proteins	1148	GCA_009839305.1_ASM983930v1_genomic_prodigal_proteins	1816	471	61.72	13.55	41.03
GCA_002706715.1_ASM270671v1_genomic_prodigal_proteins	1148	GCA_011365345.1_ASM1136534v1_genomic_prodigal_proteins	2655	934	77.23	13.11	81.36
GCA_002706715.1_ASM270671v1_genomic_prodigal_proteins	1148	GCA_001039265.1_ASM103926v1_genomic_prodigal_proteins	2832	583	68.22	13.97	50.78
GCA_002706715.1_ASM270671v1_genomic_prodigal_proteins	1148	GCA_001628325.1_ASM162832v1_genomic_prodigal_proteins	2129	812	77.27	13.25	70.73
GCA_002706715.1_ASM270671v1_genomic_prodigal_proteins	1148	GCA_003209215.1_ASM320921v1_genomic_prodigal_proteins	1679	515	76.28	13.96	44.86
GCA_002706715.1_ASM270671v1_genomic_prodigal_proteins	1148	GCA_002737305.1_ASM273730v1_genomic_prodigal_proteins	1951	633	66.86	13.87	55.14
GCA_002706715.1_ASM270671v1_genomic_prodigal_proteins	1148	GCA_003210515.1_ASM321051v1_genomic_prodigal_proteins	1673	452	73.92	14.32	39.37
GCA_002706715.1_ASM270671v1_genomic_prodigal_proteins	1148	GCA_011525445.1_ASM1152544v1_genomic_prodigal_proteins	3208	721	69.14	13.71	62.80
GCA_002706715.1_ASM270671v1_genomic_prodigal_proteins	1148	GCA_902599435.1_AG-916-N22_genomic_prodigal_proteins	793	241	79.02	13.79	30.39
GCA_002706715.1_ASM270671v1_genomic_prodigal_proteins	1148	GCA_003149585.1_ASM314958v1_genomic_prodigal_proteins	2600	824	67.14	13.79	71.78
GCA_002706715.1_ASM270671v1_genomic_prodigal_proteins	1148	GCA_902560665.1_AG-905-O11_genomic_prodigal_proteins	401	107	76.81	15.23	26.68
GCA_002706715.1_ASM270671v1_genomic_prodigal_proteins	1148	GCA_003331795.1_ASM333179v1_genomic_prodigal_proteins	1948	680	65.50	14.22	59.23
GCA_002706715.1_ASM270671v1_genomic_prodigal_proteins	1148	GCA_002017955.1_ASM201795v1_genomic_prodigal_proteins	512	139	60.93	12.70	27.15
GCA_002706715.1_ASM270671v1_genomic_prodigal_proteins	1148	GCA_902584485.1_AG-912-O23_genomic_prodigal_proteins	535	131	74.92	16.74	24.49
GCA_002706715.1_ASM270671v1_genomic_prodigal_proteins	1148	GCA_902527915.1_AG-896-G19_genomic_prodigal_proteins	1003	268	77.46	14.39	26.72
GCA_002706715.1_ASM270671v1_genomic_prodigal_proteins	1148	GCA_902635365.1_AG-447-D19_genomic_prodigal_proteins	1690	475	75.72	13.67	41.38
GCA_002706715.1_ASM270671v1_genomic_prodigal_proteins	1148	GCA_900474085.1_UW86_genomic_prodigal_proteins	2403	901	77.54	13.13	78.48
GCA_002706715.1_ASM270671v1_genomic_prodigal_proteins	1148	GCA_001885215.1_ASM188521v1_genomic_prodigal_proteins	2897	794	66.16	13.25	69.16
GCA_002706715.1_ASM270671v1_genomic_prodigal_proteins	1148	GCA_902575935.1_AG-426-B22_genomic_prodigal_proteins	254	98	77.21	16.05	38.58
GCA_002706715.1_ASM270671v1_genomic_prodigal_proteins	1148	GCA_900474295.1_UW140_genomic_prodigal_proteins	2925	886	71.10	13.62	77.18
GCA_002706715.1_ASM270671v1_genomic_prodigal_proteins	1148	GCA_003211565.1_ASM321156v1_genomic_prodigal_proteins	1489	416	76.10	14.66	36.24
GCA_002706715.1_ASM270671v1_genomic_prodigal_proteins	1148	GCA_003526105.1_ASM352610v1_genomic_prodigal_proteins	1581	496	77.63	13.59	43.21
GCA_002706715.1_ASM270671v1_genomic_prodigal_proteins	1148	GCA_002172935.1_ASM217293v1_genomic_prodigal_proteins	1996	707	69.65	13.65	61.59
GCA_002706715.1_ASM270671v1_genomic_prodigal_proteins	1148	GCA_003210335.1_ASM321033v1_genomic_prodigal_proteins	942	137	67.04	15.62	14.54
GCA_002706715.1_ASM270671v1_genomic_prodigal_proteins	1148	GCA_009846115.1_ASM984611v1_genomic_prodigal_proteins	2048	548	60.91	13.00	47.74
GCA_002706715.1_ASM270671v1_genomic_prodigal_proteins	1148	GCA_001693295.1_ASM169329v1_genomic_prodigal_proteins	3183	585	53.23	12.88	50.96
GCA_002706715.1_ASM270671v1_genomic_prodigal_proteins	1148	GCA_900473965.1_UW179A_genomic_prodigal_proteins	3383	902	70.77	13.87	78.57
GCA_002706715.1_ASM270671v1_genomic_prodigal_proteins	1148	GCA_003213755.1_ASM321375v1_genomic_prodigal_proteins	1050	280	64.39	15.25	26.67
GCA_002706715.1_ASM270671v1_genomic_prodigal_proteins	1148	GCA_003209155.1_ASM320915v1_genomic_prodigal_proteins	2305	641	70.46	13.81	55.84
GCA_002706715.1_ASM270671v1_genomic_prodigal_proteins	1148	GCA_003211515.1_ASM321151v1_genomic_prodigal_proteins	2451	601	74.13	13.59	52.35
GCA_002706715.1_ASM270671v1_genomic_prodigal_proteins	1148	GCA_002693285.1_ASM269328v1_genomic_prodigal_proteins	2440	764	70.87	13.62	66.55
GCA_002706715.1_ASM270671v1_genomic_prodigal_proteins	1148	GCA_003210555.1_ASM321055v1_genomic_prodigal_proteins	1847	491	68.65	14.44	42.77
GCA_002706715.1_ASM270671v1_genomic_prodigal_proteins	1148	GCA_000155595.1_ASM15559v1_genomic_prodigal_proteins	5270	581	53.21	13.10	50.61
GCA_002706715.1_ASM270671v1_genomic_prodigal_proteins	1148	GCA_001007665.1_ASM100766v1_genomic_prodigal_proteins	2356	639	60.85	12.83	55.66
GCA_002706715.1_ASM270671v1_genomic_prodigal_proteins	1148	GCA_009919765.1_ASM991976v1_genomic_prodigal_proteins	2524	571	65.88	14.21	49.74
GCA_002706715.1_ASM270671v1_genomic_prodigal_proteins	1148	GCA_003331225.1_ASM333122v1_genomic_prodigal_proteins	2113	710	65.87	14.02	61.85
GCA_002706715.1_ASM270671v1_genomic_prodigal_proteins	1148	GCA_900177825.1_IMG-taxon_2708742468_annotated_assembly_genomic_prodigal_proteins	3317	573	53.39	12.90	49.91
GCA_002706715.1_ASM270671v1_genomic_prodigal_proteins	1148	GCA_000195975.1_ASM19597v1_genomic_prodigal_proteins	2719	927	79.07	12.19	80.75
GCA_002706715.1_ASM270671v1_genomic_prodigal_proteins	1148	GCA_902618885.1_AG-920-D15_genomic_prodigal_proteins	1178	428	78.66	13.59	37.28
GCA_002706715.1_ASM270671v1_genomic_prodigal_proteins	1148	GCA_003209165.1_ASM320916v1_genomic_prodigal_proteins	2711	787	77.02	13.39	68.55
GCA_002706715.1_ASM270671v1_genomic_prodigal_proteins	1148	GCA_001007625.1_ASM100762v1_genomic_prodigal_proteins	2478	570	61.06	12.93	49.65
GCA_002706715.1_ASM270671v1_genomic_prodigal_proteins	1148	GCA_008386235.1_ASM838623v1_genomic_prodigal_proteins	2571	566	53.78	12.61	49.30
GCA_002706715.1_ASM270671v1_genomic_prodigal_proteins	1148	GCA_001631935.1_ASM163193v1_genomic_prodigal_proteins	3526	904	70.80	13.96	78.75
GCA_002706715.1_ASM270671v1_genomic_prodigal_proteins	1148	GCA_002151525.1_ASM215152v1_genomic_prodigal_proteins	1628	562	63.52	14.28	48.95
GCA_002706715.1_ASM270671v1_genomic_prodigal_proteins	1148	GCA_000153065.1_ASM15306v1_genomic_prodigal_proteins	2704	861	71.63	13.36	75.00
GCA_002706715.1_ASM270671v1_genomic_prodigal_proteins	1148	GCA_009837265.1_ASM983726v1_genomic_prodigal_proteins	2126	591	60.78	12.83	51.48
GCA_002706715.1_ASM270671v1_genomic_prodigal_proteins	1148	GCA_902533725.1_AG-898-C20_genomic_prodigal_proteins	421	73	75.76	17.54	17.34
GCA_002706715.1_ASM270671v1_genomic_prodigal_proteins	1148	GCA_002171075.2_ASM217107v2_genomic_prodigal_proteins	1919	641	64.16	13.95	55.84
GCA_002706715.1_ASM270671v1_genomic_prodigal_proteins	1148	GCA_002760395.1_ASM276039v1_genomic_prodigal_proteins	2661	488	53.31	11.87	42.51
GCA_002706715.1_ASM270671v1_genomic_prodigal_proteins	1148	GCA_003209005.1_ASM320900v1_genomic_prodigal_proteins	2548	727	70.40	13.78	63.33
GCA_002706715.1_ASM270671v1_genomic_prodigal_proteins	1148	GCA_002017915.1_ASM201791v1_genomic_prodigal_proteins	623	191	63.20	14.40	30.66
GCA_002706715.1_ASM270671v1_genomic_prodigal_proteins	1148	GCA_900047545.1_m9_genomic_prodigal_proteins	1575	491	60.85	12.84	42.77
GCA_002706715.1_ASM270671v1_genomic_prodigal_proteins	1148	GCA_001632105.1_ASM163210v1_genomic_prodigal_proteins	3521	903	70.68	13.95	78.66
GCA_002706715.1_ASM270671v1_genomic_prodigal_proteins	1148	GCA_004212765.1_ASM421276v1_genomic_prodigal_proteins	1162	496	78.43	12.64	43.21
GCA_002706715.1_ASM270671v1_genomic_prodigal_proteins	1148	GCA_002685515.1_ASM268551v1_genomic_prodigal_proteins	1286	471	69.02	14.41	41.03
GCA_002706715.1_ASM270671v1_genomic_prodigal_proteins	1148	GCA_007828135.1_ASM782813v1_genomic_prodigal_proteins	2917	794	66.21	13.29	69.16
GCA_002706715.1_ASM270671v1_genomic_prodigal_proteins	1148	GCA_011047875.1_ASM1104787v1_genomic_prodigal_proteins	2810	488	52.99	12.00	42.51
GCA_002706715.1_ASM270671v1_genomic_prodigal_proteins	1148	GCA_009840445.1_ASM984044v1_genomic_prodigal_proteins	2167	640	60.95	12.82	55.75
GCA_002706715.1_ASM270671v1_genomic_prodigal_proteins	1148	GCA_003210995.1_ASM321099v1_genomic_prodigal_proteins	2385	687	70.74	14.35	59.84
GCA_002706715.1_ASM270671v1_genomic_prodigal_proteins	1148	GCA_902616995.1_AG-919-L20_genomic_prodigal_proteins	654	194	76.78	15.57	29.66
GCA_002706715.1_ASM270671v1_genomic_prodigal_proteins	1148	GCA_009845825.1_ASM984582v1_genomic_prodigal_proteins	2168	535	61.05	12.88	46.60
GCA_002706715.1_ASM270671v1_genomic_prodigal_proteins	1148	GCA_000515235.1_ASM51523v1_genomic_prodigal_proteins	2873	923	75.13	13.01	80.40
GCA_002706715.1_ASM270671v1_genomic_prodigal_proteins	1148	GCA_003523965.1_ASM352396v1_genomic_prodigal_proteins	1735	409	62.21	13.31	35.63
GCA_002706715.1_ASM270671v1_genomic_prodigal_proteins	1148	GCA_002684175.1_ASM268417v1_genomic_prodigal_proteins	1819	627	73.78	12.83	54.62
GCA_002706715.1_ASM270671v1_genomic_prodigal_proteins	1148	GCA_011523295.1_ASM1152329v1_genomic_prodigal_proteins	2851	701	73.77	13.82	61.06
GCA_002706715.1_ASM270671v1_genomic_prodigal_proteins	1148	GCA_003211015.1_ASM321101v1_genomic_prodigal_proteins	2128	628	70.29	13.63	54.70
GCA_002706715.1_ASM270671v1_genomic_prodigal_proteins	1148	GCA_002006815.1_ASM200681v1_genomic_prodigal_proteins	1973	696	64.29	13.89	60.63
GCA_003210795.1_ASM321079v1_genomic_prodigal_proteins	2239	GCA_002706715.1_ASM270671v1_genomic_prodigal_proteins	1148	790	94.75	8.17	68.82
GCA_003210795.1_ASM321079v1_genomic_prodigal_proteins	2239	GCA_003331245.1_ASM333124v1_genomic_prodigal_proteins	2021	1187	75.43	12.84	58.73
GCA_003210795.1_ASM321079v1_genomic_prodigal_proteins	2239	GCA_009843385.1_ASM984338v1_genomic_prodigal_proteins	2085	739	60.96	12.68	35.44
GCA_003210795.1_ASM321079v1_genomic_prodigal_proteins	2239	GCA_003211205.1_ASM321120v1_genomic_prodigal_proteins	2288	1120	69.72	14.22	50.02
GCA_003210795.1_ASM321079v1_genomic_prodigal_proteins	2239	GCA_000063505.1_ASM6350v1_genomic_prodigal_proteins	2558	1327	70.55	14.24	59.27
GCA_003210795.1_ASM321079v1_genomic_prodigal_proteins	2239	GCA_900474245.1_UW179B_genomic_prodigal_proteins	2743	1344	69.59	13.79	60.03
GCA_003210795.1_ASM321079v1_genomic_prodigal_proteins	2239	GCA_003210345.1_ASM321034v1_genomic_prodigal_proteins	1256	639	74.19	13.39	50.88
GCA_003210795.1_ASM321079v1_genomic_prodigal_proteins	2239	GCA_003210315.1_ASM321031v1_genomic_prodigal_proteins	1815	816	68.68	14.01	44.96
GCA_003210795.1_ASM321079v1_genomic_prodigal_proteins	2239	GCA_009836155.1_ASM983615v1_genomic_prodigal_proteins	1947	833	60.75	12.52	42.78
GCA_003210795.1_ASM321079v1_genomic_prodigal_proteins	2239	GCA_003990665.2_ASM399066v2_genomic_prodigal_proteins	2499	751	53.18	12.05	33.54
GCA_003210795.1_ASM321079v1_genomic_prodigal_proteins	2239	GCA_003209135.1_ASM320913v1_genomic_prodigal_proteins	1719	798	72.77	14.26	46.42
GCA_003210795.1_ASM321079v1_genomic_prodigal_proteins	2239	GCA_009845105.1_ASM984510v1_genomic_prodigal_proteins	1941	686	60.56	12.56	35.34
GCA_003210795.1_ASM321079v1_genomic_prodigal_proteins	2239	GCA_002690325.1_ASM269032v1_genomic_prodigal_proteins	2554	1392	73.37	13.87	62.17
GCA_003210795.1_ASM321079v1_genomic_prodigal_proteins	2239	GCA_000161795.2_ASM16179v2_genomic_prodigal_proteins	2407	1426	77.09	13.05	63.69
GCA_003210795.1_ASM321079v1_genomic_prodigal_proteins	2239	GCA_004211895.1_ASM421189v1_genomic_prodigal_proteins	954	583	77.10	13.03	61.11
GCA_003210795.1_ASM321079v1_genomic_prodigal_proteins	2239	GCA_003210735.1_ASM321073v1_genomic_prodigal_proteins	2337	1351	95.45	8.52	60.34
GCA_003210795.1_ASM321079v1_genomic_prodigal_proteins	2239	GCA_003209035.1_ASM320903v1_genomic_prodigal_proteins	1803	1037	94.98	8.44	57.52
GCA_003210795.1_ASM321079v1_genomic_prodigal_proteins	2239	GCA_003712085.1_ASM371208v1_genomic_prodigal_proteins	2745	1479	78.56	12.26	66.06
GCA_003210795.1_ASM321079v1_genomic_prodigal_proteins	2239	GCA_003212155.1_ASM321215v1_genomic_prodigal_proteins	262	99	66.40	17.55	37.79
GCA_003210795.1_ASM321079v1_genomic_prodigal_proteins	2239	GCA_001040845.1_ASM104084v1_genomic_prodigal_proteins	2917	1343	69.78	13.68	59.98
GCA_003210795.1_ASM321079v1_genomic_prodigal_proteins	2239	GCA_002018015.1_ASM201801v1_genomic_prodigal_proteins	1578	660	61.50	12.68	41.83
GCA_003210795.1_ASM321079v1_genomic_prodigal_proteins	2239	GCA_003211255.1_ASM321125v1_genomic_prodigal_proteins	1850	1055	95.20	9.55	57.03
GCA_003210795.1_ASM321079v1_genomic_prodigal_proteins	2239	GCA_002721235.1_ASM272123v1_genomic_prodigal_proteins	3119	794	52.52	12.50	35.46
GCA_003210795.1_ASM321079v1_genomic_prodigal_proteins	2239	GCA_009839305.1_ASM983930v1_genomic_prodigal_proteins	1816	670	61.01	13.14	36.89
GCA_003210795.1_ASM321079v1_genomic_prodigal_proteins	2239	GCA_011365345.1_ASM1136534v1_genomic_prodigal_proteins	2655	1480	76.48	13.50	66.10
GCA_003210795.1_ASM321079v1_genomic_prodigal_proteins	2239	GCA_001039265.1_ASM103926v1_genomic_prodigal_proteins	2832	809	67.71	13.74	36.13
GCA_003210795.1_ASM321079v1_genomic_prodigal_proteins	2239	GCA_001628325.1_ASM162832v1_genomic_prodigal_proteins	2129	1287	77.10	13.23	60.45
GCA_003210795.1_ASM321079v1_genomic_prodigal_proteins	2239	GCA_003209215.1_ASM320921v1_genomic_prodigal_proteins	1679	790	75.86	13.58	47.05
GCA_003210795.1_ASM321079v1_genomic_prodigal_proteins	2239	GCA_002737305.1_ASM273730v1_genomic_prodigal_proteins	1951	888	66.45	13.69	45.52
GCA_003210795.1_ASM321079v1_genomic_prodigal_proteins	2239	GCA_003210515.1_ASM321051v1_genomic_prodigal_proteins	1673	882	73.21	14.42	52.72
GCA_003210795.1_ASM321079v1_genomic_prodigal_proteins	2239	GCA_011525445.1_ASM1152544v1_genomic_prodigal_proteins	3208	1117	68.90	13.61	49.89
GCA_003210795.1_ASM321079v1_genomic_prodigal_proteins	2239	GCA_902599435.1_AG-916-N22_genomic_prodigal_proteins	793	382	77.88	14.18	48.17
GCA_003210795.1_ASM321079v1_genomic_prodigal_proteins	2239	GCA_003149585.1_ASM314958v1_genomic_prodigal_proteins	2600	1230	66.02	13.95	54.94
GCA_003210795.1_ASM321079v1_genomic_prodigal_proteins	2239	GCA_902560665.1_AG-905-O11_genomic_prodigal_proteins	401	197	77.61	13.47	49.13
GCA_003210795.1_ASM321079v1_genomic_prodigal_proteins	2239	GCA_003331795.1_ASM333179v1_genomic_prodigal_proteins	1948	975	64.85	14.35	50.05
GCA_003210795.1_ASM321079v1_genomic_prodigal_proteins	2239	GCA_002017955.1_ASM201795v1_genomic_prodigal_proteins	512	185	60.20	13.17	36.13
GCA_003210795.1_ASM321079v1_genomic_prodigal_proteins	2239	GCA_902584485.1_AG-912-O23_genomic_prodigal_proteins	535	214	76.26	14.27	40.00
GCA_003210795.1_ASM321079v1_genomic_prodigal_proteins	2239	GCA_902527915.1_AG-896-G19_genomic_prodigal_proteins	1003	536	77.26	13.32	53.44
GCA_003210795.1_ASM321079v1_genomic_prodigal_proteins	2239	GCA_902635365.1_AG-447-D19_genomic_prodigal_proteins	1690	803	73.82	14.38	47.51
GCA_003210795.1_ASM321079v1_genomic_prodigal_proteins	2239	GCA_900474085.1_UW86_genomic_prodigal_proteins	2403	1427	77.07	13.42	63.73
GCA_003210795.1_ASM321079v1_genomic_prodigal_proteins	2239	GCA_001885215.1_ASM188521v1_genomic_prodigal_proteins	2897	1170	65.37	13.35	52.26
GCA_003210795.1_ASM321079v1_genomic_prodigal_proteins	2239	GCA_902575935.1_AG-426-B22_genomic_prodigal_proteins	254	124	76.24	14.93	48.82
GCA_003210795.1_ASM321079v1_genomic_prodigal_proteins	2239	GCA_900474295.1_UW140_genomic_prodigal_proteins	2925	1359	70.40	13.81	60.70
GCA_003210795.1_ASM321079v1_genomic_prodigal_proteins	2239	GCA_003211565.1_ASM321156v1_genomic_prodigal_proteins	1489	709	75.90	13.70	47.62
GCA_003210795.1_ASM321079v1_genomic_prodigal_proteins	2239	GCA_003526105.1_ASM352610v1_genomic_prodigal_proteins	1581	774	77.80	13.27	48.96
GCA_003210795.1_ASM321079v1_genomic_prodigal_proteins	2239	GCA_002172935.1_ASM217293v1_genomic_prodigal_proteins	1996	1007	69.10	13.92	50.45
GCA_003210795.1_ASM321079v1_genomic_prodigal_proteins	2239	GCA_003210335.1_ASM321033v1_genomic_prodigal_proteins	942	313	67.42	15.04	33.23
GCA_003210795.1_ASM321079v1_genomic_prodigal_proteins	2239	GCA_009846115.1_ASM984611v1_genomic_prodigal_proteins	2048	798	60.74	12.70	38.96
GCA_003210795.1_ASM321079v1_genomic_prodigal_proteins	2239	GCA_001693295.1_ASM169329v1_genomic_prodigal_proteins	3183	795	52.40	12.52	35.51
GCA_003210795.1_ASM321079v1_genomic_prodigal_proteins	2239	GCA_900473965.1_UW179A_genomic_prodigal_proteins	3383	1404	69.81	14.24	62.71
GCA_003210795.1_ASM321079v1_genomic_prodigal_proteins	2239	GCA_003213755.1_ASM321375v1_genomic_prodigal_proteins	1050	425	65.02	14.83	40.48
GCA_003210795.1_ASM321079v1_genomic_prodigal_proteins	2239	GCA_003209155.1_ASM320915v1_genomic_prodigal_proteins	2305	1046	70.01	13.90	46.72
GCA_003210795.1_ASM321079v1_genomic_prodigal_proteins	2239	GCA_003211515.1_ASM321151v1_genomic_prodigal_proteins	2451	1043	73.14	13.82	46.58
GCA_003210795.1_ASM321079v1_genomic_prodigal_proteins	2239	GCA_002693285.1_ASM269328v1_genomic_prodigal_proteins	2440	1168	69.86	13.81	52.17
GCA_003210795.1_ASM321079v1_genomic_prodigal_proteins	2239	GCA_003210555.1_ASM321055v1_genomic_prodigal_proteins	1847	784	68.64	13.68	42.45
GCA_003210795.1_ASM321079v1_genomic_prodigal_proteins	2239	GCA_000155595.1_ASM15559v1_genomic_prodigal_proteins	5270	806	52.26	12.35	36.00
GCA_003210795.1_ASM321079v1_genomic_prodigal_proteins	2239	GCA_001007665.1_ASM100766v1_genomic_prodigal_proteins	2356	900	60.45	12.66	40.20
GCA_003210795.1_ASM321079v1_genomic_prodigal_proteins	2239	GCA_009919765.1_ASM991976v1_genomic_prodigal_proteins	2524	821	64.79	14.38	36.67
GCA_003210795.1_ASM321079v1_genomic_prodigal_proteins	2239	GCA_003331225.1_ASM333122v1_genomic_prodigal_proteins	2113	1054	65.42	13.93	49.88
GCA_003210795.1_ASM321079v1_genomic_prodigal_proteins	2239	GCA_900177825.1_IMG-taxon_2708742468_annotated_assembly_genomic_prodigal_proteins	3317	789	52.38	12.60	35.24
GCA_003210795.1_ASM321079v1_genomic_prodigal_proteins	2239	GCA_000195975.1_ASM19597v1_genomic_prodigal_proteins	2719	1479	78.52	12.29	66.06
GCA_003210795.1_ASM321079v1_genomic_prodigal_proteins	2239	GCA_902618885.1_AG-920-D15_genomic_prodigal_proteins	1178	619	78.12	13.70	52.55
GCA_003210795.1_ASM321079v1_genomic_prodigal_proteins	2239	GCA_003209165.1_ASM320916v1_genomic_prodigal_proteins	2711	1334	75.79	13.74	59.58
GCA_003210795.1_ASM321079v1_genomic_prodigal_proteins	2239	GCA_001007625.1_ASM100762v1_genomic_prodigal_proteins	2478	783	60.82	12.82	34.97
GCA_003210795.1_ASM321079v1_genomic_prodigal_proteins	2239	GCA_008386235.1_ASM838623v1_genomic_prodigal_proteins	2571	765	52.97	12.22	34.17
GCA_003210795.1_ASM321079v1_genomic_prodigal_proteins	2239	GCA_001631935.1_ASM163193v1_genomic_prodigal_proteins	3526	1405	69.91	14.16	62.75
GCA_003210795.1_ASM321079v1_genomic_prodigal_proteins	2239	GCA_002151525.1_ASM215152v1_genomic_prodigal_proteins	1628	803	63.91	14.07	49.32
GCA_003210795.1_ASM321079v1_genomic_prodigal_proteins	2239	GCA_000153065.1_ASM15306v1_genomic_prodigal_proteins	2704	1269	71.07	13.33	56.68
GCA_003210795.1_ASM321079v1_genomic_prodigal_proteins	2239	GCA_009837265.1_ASM983726v1_genomic_prodigal_proteins	2126	830	60.60	12.65	39.04
GCA_003210795.1_ASM321079v1_genomic_prodigal_proteins	2239	GCA_902533725.1_AG-898-C20_genomic_prodigal_proteins	421	155	73.68	15.10	36.82
GCA_003210795.1_ASM321079v1_genomic_prodigal_proteins	2239	GCA_002171075.2_ASM217107v2_genomic_prodigal_proteins	1919	936	63.27	13.81	48.78
GCA_003210795.1_ASM321079v1_genomic_prodigal_proteins	2239	GCA_002760395.1_ASM276039v1_genomic_prodigal_proteins	2661	664	52.41	11.53	29.66
GCA_003210795.1_ASM321079v1_genomic_prodigal_proteins	2239	GCA_003209005.1_ASM320900v1_genomic_prodigal_proteins	2548	1164	69.91	13.92	51.99
GCA_003210795.1_ASM321079v1_genomic_prodigal_proteins	2239	GCA_002017915.1_ASM201791v1_genomic_prodigal_proteins	623	235	63.19	13.80	37.72
GCA_003210795.1_ASM321079v1_genomic_prodigal_proteins	2239	GCA_900047545.1_m9_genomic_prodigal_proteins	1575	694	60.36	12.65	44.06
GCA_003210795.1_ASM321079v1_genomic_prodigal_proteins	2239	GCA_001632105.1_ASM163210v1_genomic_prodigal_proteins	3521	1409	69.97	14.18	62.93
GCA_003210795.1_ASM321079v1_genomic_prodigal_proteins	2239	GCA_004212765.1_ASM421276v1_genomic_prodigal_proteins	1162	723	78.05	12.55	62.22
GCA_003210795.1_ASM321079v1_genomic_prodigal_proteins	2239	GCA_002685515.1_ASM268551v1_genomic_prodigal_proteins	1286	663	68.91	14.10	51.56
GCA_003210795.1_ASM321079v1_genomic_prodigal_proteins	2239	GCA_007828135.1_ASM782813v1_genomic_prodigal_proteins	2917	1169	65.38	13.35	52.21
GCA_003210795.1_ASM321079v1_genomic_prodigal_proteins	2239	GCA_011047875.1_ASM1104787v1_genomic_prodigal_proteins	2810	673	52.17	11.66	30.06
GCA_003210795.1_ASM321079v1_genomic_prodigal_proteins	2239	GCA_009840445.1_ASM984044v1_genomic_prodigal_proteins	2167	901	60.63	12.60	41.58
GCA_003210795.1_ASM321079v1_genomic_prodigal_proteins	2239	GCA_003210995.1_ASM321099v1_genomic_prodigal_proteins	2385	1041	69.80	14.37	46.49
GCA_003210795.1_ASM321079v1_genomic_prodigal_proteins	2239	GCA_902616995.1_AG-919-L20_genomic_prodigal_proteins	654	346	76.80	13.13	52.91
GCA_003210795.1_ASM321079v1_genomic_prodigal_proteins	2239	GCA_009845825.1_ASM984582v1_genomic_prodigal_proteins	2168	760	60.79	12.46	35.06
GCA_003210795.1_ASM321079v1_genomic_prodigal_proteins	2239	GCA_000515235.1_ASM51523v1_genomic_prodigal_proteins	2873	1470	74.10	13.57	65.65
GCA_003210795.1_ASM321079v1_genomic_prodigal_proteins	2239	GCA_003523965.1_ASM352396v1_genomic_prodigal_proteins	1735	584	61.62	13.02	33.66
GCA_003210795.1_ASM321079v1_genomic_prodigal_proteins	2239	GCA_002684175.1_ASM268417v1_genomic_prodigal_proteins	1819	874	73.73	13.34	48.05
GCA_003210795.1_ASM321079v1_genomic_prodigal_proteins	2239	GCA_011523295.1_ASM1152329v1_genomic_prodigal_proteins	2851	1153	73.24	13.58	51.50
GCA_003210795.1_ASM321079v1_genomic_prodigal_proteins	2239	GCA_003211015.1_ASM321101v1_genomic_prodigal_proteins	2128	999	70.18	13.82	46.95
GCA_003210795.1_ASM321079v1_genomic_prodigal_proteins	2239	GCA_002006815.1_ASM200681v1_genomic_prodigal_proteins	1973	995	63.91	13.79	50.43
GCA_003210315.1_ASM321031v1_genomic_prodigal_proteins	1815	GCA_009836155.1_ASM983615v1_genomic_prodigal_proteins	1947	657	60.54	12.75	36.20
GCA_003210315.1_ASM321031v1_genomic_prodigal_proteins	1815	GCA_003990665.2_ASM399066v2_genomic_prodigal_proteins	2499	602	53.47	12.48	33.17
GCA_003210315.1_ASM321031v1_genomic_prodigal_proteins	1815	GCA_003209135.1_ASM320913v1_genomic_prodigal_proteins	1719	617	68.20	13.90	35.89
GCA_003210315.1_ASM321031v1_genomic_prodigal_proteins	1815	GCA_009845105.1_ASM984510v1_genomic_prodigal_proteins	1941	556	59.58	12.95	30.63
GCA_003210315.1_ASM321031v1_genomic_prodigal_proteins	1815	GCA_002690325.1_ASM269032v1_genomic_prodigal_proteins	2554	1040	68.64	13.92	57.30
GCA_003210315.1_ASM321031v1_genomic_prodigal_proteins	1815	GCA_000161795.2_ASM16179v2_genomic_prodigal_proteins	2407	1053	70.01	13.68	58.02
GCA_003210315.1_ASM321031v1_genomic_prodigal_proteins	1815	GCA_004211895.1_ASM421189v1_genomic_prodigal_proteins	954	452	70.75	13.32	47.38
GCA_003210315.1_ASM321031v1_genomic_prodigal_proteins	1815	GCA_003210735.1_ASM321073v1_genomic_prodigal_proteins	2337	867	67.96	14.13	47.77
GCA_003210315.1_ASM321031v1_genomic_prodigal_proteins	1815	GCA_003209035.1_ASM320903v1_genomic_prodigal_proteins	1803	607	67.93	13.99	33.67
GCA_003210315.1_ASM321031v1_genomic_prodigal_proteins	1815	GCA_003712085.1_ASM371208v1_genomic_prodigal_proteins	2745	1100	69.72	13.75	60.61
GCA_003210315.1_ASM321031v1_genomic_prodigal_proteins	1815	GCA_003212155.1_ASM321215v1_genomic_prodigal_proteins	262	82	62.85	16.77	31.30
GCA_003210315.1_ASM321031v1_genomic_prodigal_proteins	1815	GCA_001040845.1_ASM104084v1_genomic_prodigal_proteins	2917	1380	90.64	9.39	76.03
GCA_003210315.1_ASM321031v1_genomic_prodigal_proteins	1815	GCA_002018015.1_ASM201801v1_genomic_prodigal_proteins	1578	532	61.01	12.98	33.71
GCA_003210315.1_ASM321031v1_genomic_prodigal_proteins	1815	GCA_003211255.1_ASM321125v1_genomic_prodigal_proteins	1850	635	67.86	14.29	34.99
GCA_003210315.1_ASM321031v1_genomic_prodigal_proteins	1815	GCA_002721235.1_ASM272123v1_genomic_prodigal_proteins	3119	634	53.26	12.73	34.93
GCA_003210315.1_ASM321031v1_genomic_prodigal_proteins	1815	GCA_009839305.1_ASM983930v1_genomic_prodigal_proteins	1816	528	60.66	13.32	29.09
GCA_003210315.1_ASM321031v1_genomic_prodigal_proteins	1815	GCA_011365345.1_ASM1136534v1_genomic_prodigal_proteins	2655	1132	69.18	14.11	62.37
GCA_003210315.1_ASM321031v1_genomic_prodigal_proteins	1815	GCA_001039265.1_ASM103926v1_genomic_prodigal_proteins	2832	668	66.72	13.99	36.80
GCA_003210315.1_ASM321031v1_genomic_prodigal_proteins	1815	GCA_001628325.1_ASM162832v1_genomic_prodigal_proteins	2129	987	69.93	13.61	54.38
GCA_003210315.1_ASM321031v1_genomic_prodigal_proteins	1815	GCA_003209215.1_ASM320921v1_genomic_prodigal_proteins	1679	526	68.59	14.04	31.33
GCA_003210315.1_ASM321031v1_genomic_prodigal_proteins	1815	GCA_002737305.1_ASM273730v1_genomic_prodigal_proteins	1951	733	65.98	13.92	40.39
GCA_003210315.1_ASM321031v1_genomic_prodigal_proteins	1815	GCA_003210515.1_ASM321051v1_genomic_prodigal_proteins	1673	684	68.68	14.50	40.88
GCA_003210315.1_ASM321031v1_genomic_prodigal_proteins	1815	GCA_011525445.1_ASM1152544v1_genomic_prodigal_proteins	3208	1076	80.98	12.90	59.28
GCA_003210315.1_ASM321031v1_genomic_prodigal_proteins	1815	GCA_902599435.1_AG-916-N22_genomic_prodigal_proteins	793	298	69.60	14.81	37.58
GCA_003210315.1_ASM321031v1_genomic_prodigal_proteins	1815	GCA_003149585.1_ASM314958v1_genomic_prodigal_proteins	2600	1008	65.56	14.04	55.54
GCA_003210315.1_ASM321031v1_genomic_prodigal_proteins	1815	GCA_902560665.1_AG-905-O11_genomic_prodigal_proteins	401	124	68.11	15.35	30.92
GCA_003210315.1_ASM321031v1_genomic_prodigal_proteins	1815	GCA_003331795.1_ASM333179v1_genomic_prodigal_proteins	1948	809	64.30	14.43	44.57
GCA_003210315.1_ASM321031v1_genomic_prodigal_proteins	1815	GCA_002017955.1_ASM201795v1_genomic_prodigal_proteins	512	138	61.18	13.24	26.95
GCA_003210315.1_ASM321031v1_genomic_prodigal_proteins	1815	GCA_902584485.1_AG-912-O23_genomic_prodigal_proteins	535	185	67.54	15.30	34.58
GCA_003210315.1_ASM321031v1_genomic_prodigal_proteins	1815	GCA_902527915.1_AG-896-G19_genomic_prodigal_proteins	1003	372	68.66	14.79	37.09
GCA_003210315.1_ASM321031v1_genomic_prodigal_proteins	1815	GCA_902635365.1_AG-447-D19_genomic_prodigal_proteins	1690	583	68.98	14.91	34.50
GCA_003210315.1_ASM321031v1_genomic_prodigal_proteins	1815	GCA_900474085.1_UW86_genomic_prodigal_proteins	2403	1066	69.85	13.80	58.73
GCA_003210315.1_ASM321031v1_genomic_prodigal_proteins	1815	GCA_001885215.1_ASM188521v1_genomic_prodigal_proteins	2897	968	64.78	13.45	53.33
GCA_003210315.1_ASM321031v1_genomic_prodigal_proteins	1815	GCA_902575935.1_AG-426-B22_genomic_prodigal_proteins	254	100	69.33	13.94	39.37
GCA_003210315.1_ASM321031v1_genomic_prodigal_proteins	1815	GCA_900474295.1_UW140_genomic_prodigal_proteins	2925	1223	71.83	13.49	67.38
GCA_003210315.1_ASM321031v1_genomic_prodigal_proteins	1815	GCA_003211565.1_ASM321156v1_genomic_prodigal_proteins	1489	536	68.58	14.13	36.00
GCA_003210315.1_ASM321031v1_genomic_prodigal_proteins	1815	GCA_003526105.1_ASM352610v1_genomic_prodigal_proteins	1581	600	70.13	14.03	37.95
GCA_003210315.1_ASM321031v1_genomic_prodigal_proteins	1815	GCA_002172935.1_ASM217293v1_genomic_prodigal_proteins	1996	913	72.47	13.15	50.30
GCA_003210315.1_ASM321031v1_genomic_prodigal_proteins	1815	GCA_003210335.1_ASM321033v1_genomic_prodigal_proteins	942	328	70.46	14.31	34.82
GCA_003210315.1_ASM321031v1_genomic_prodigal_proteins	1815	GCA_009846115.1_ASM984611v1_genomic_prodigal_proteins	2048	622	59.95	12.90	34.27
GCA_003210315.1_ASM321031v1_genomic_prodigal_proteins	1815	GCA_001693295.1_ASM169329v1_genomic_prodigal_proteins	3183	635	53.14	12.78	34.99
GCA_003210315.1_ASM321031v1_genomic_prodigal_proteins	1815	GCA_900473965.1_UW179A_genomic_prodigal_proteins	3383	1234	72.40	13.31	67.99
GCA_003210315.1_ASM321031v1_genomic_prodigal_proteins	1815	GCA_003213755.1_ASM321375v1_genomic_prodigal_proteins	1050	405	63.25	14.94	38.57
GCA_003210315.1_ASM321031v1_genomic_prodigal_proteins	1815	GCA_003209155.1_ASM320915v1_genomic_prodigal_proteins	2305	1043	72.57	13.44	57.47
GCA_003210315.1_ASM321031v1_genomic_prodigal_proteins	1815	GCA_003211515.1_ASM321151v1_genomic_prodigal_proteins	2451	795	68.37	14.56	43.80
GCA_003210315.1_ASM321031v1_genomic_prodigal_proteins	1815	GCA_002693285.1_ASM269328v1_genomic_prodigal_proteins	2440	1126	72.48	13.04	62.04
GCA_003210315.1_ASM321031v1_genomic_prodigal_proteins	1815	GCA_003210555.1_ASM321055v1_genomic_prodigal_proteins	1847	857	95.32	11.01	47.22
GCA_003210315.1_ASM321031v1_genomic_prodigal_proteins	1815	GCA_000155595.1_ASM15559v1_genomic_prodigal_proteins	5270	668	52.31	12.72	36.80
GCA_003210315.1_ASM321031v1_genomic_prodigal_proteins	1815	GCA_001007665.1_ASM100766v1_genomic_prodigal_proteins	2356	709	60.15	12.89	39.06
GCA_003210315.1_ASM321031v1_genomic_prodigal_proteins	1815	GCA_009919765.1_ASM991976v1_genomic_prodigal_proteins	2524	670	64.01	14.25	36.91
GCA_003210315.1_ASM321031v1_genomic_prodigal_proteins	1815	GCA_003331225.1_ASM333122v1_genomic_prodigal_proteins	2113	913	64.34	14.21	50.30
GCA_003210315.1_ASM321031v1_genomic_prodigal_proteins	1815	GCA_900177825.1_IMG-taxon_2708742468_annotated_assembly_genomic_prodigal_proteins	3317	628	53.23	12.73	34.60
GCA_003210315.1_ASM321031v1_genomic_prodigal_proteins	1815	GCA_000195975.1_ASM19597v1_genomic_prodigal_proteins	2719	1092	70.02	13.65	60.17
GCA_003210315.1_ASM321031v1_genomic_prodigal_proteins	1815	GCA_902618885.1_AG-920-D15_genomic_prodigal_proteins	1178	439	69.90	14.60	37.27
GCA_003210315.1_ASM321031v1_genomic_prodigal_proteins	1815	GCA_003209165.1_ASM320916v1_genomic_prodigal_proteins	2711	919	68.99	14.04	50.63
GCA_003210315.1_ASM321031v1_genomic_prodigal_proteins	1815	GCA_001007625.1_ASM100762v1_genomic_prodigal_proteins	2478	636	60.24	12.88	35.04
GCA_003210315.1_ASM321031v1_genomic_prodigal_proteins	1815	GCA_008386235.1_ASM838623v1_genomic_prodigal_proteins	2571	606	53.18	12.60	33.39
GCA_003210315.1_ASM321031v1_genomic_prodigal_proteins	1815	GCA_001631935.1_ASM163193v1_genomic_prodigal_proteins	3526	1228	72.31	13.44	67.66
GCA_003210315.1_ASM321031v1_genomic_prodigal_proteins	1815	GCA_002151525.1_ASM215152v1_genomic_prodigal_proteins	1628	687	63.00	14.13	42.20
GCA_003210315.1_ASM321031v1_genomic_prodigal_proteins	1815	GCA_000153065.1_ASM15306v1_genomic_prodigal_proteins	2704	1095	73.03	13.16	60.33
GCA_003210315.1_ASM321031v1_genomic_prodigal_proteins	1815	GCA_009837265.1_ASM983726v1_genomic_prodigal_proteins	2126	663	60.11	12.90	36.53
GCA_003210315.1_ASM321031v1_genomic_prodigal_proteins	1815	GCA_902533725.1_AG-898-C20_genomic_prodigal_proteins	421	99	66.33	14.34	23.52
GCA_003210315.1_ASM321031v1_genomic_prodigal_proteins	1815	GCA_002171075.2_ASM217107v2_genomic_prodigal_proteins	1919	729	62.60	13.65	40.17
GCA_003210315.1_ASM321031v1_genomic_prodigal_proteins	1815	GCA_002760395.1_ASM276039v1_genomic_prodigal_proteins	2661	541	52.83	12.07	29.81
GCA_003210315.1_ASM321031v1_genomic_prodigal_proteins	1815	GCA_003209005.1_ASM320900v1_genomic_prodigal_proteins	2548	1047	72.42	13.46	57.69
GCA_003210315.1_ASM321031v1_genomic_prodigal_proteins	1815	GCA_002017915.1_ASM201791v1_genomic_prodigal_proteins	623	189	62.58	14.04	30.34
GCA_003210315.1_ASM321031v1_genomic_prodigal_proteins	1815	GCA_900047545.1_m9_genomic_prodigal_proteins	1575	557	60.04	12.80	35.37
GCA_003210315.1_ASM321031v1_genomic_prodigal_proteins	1815	GCA_001632105.1_ASM163210v1_genomic_prodigal_proteins	3521	1237	72.33	13.46	68.15
GCA_003210315.1_ASM321031v1_genomic_prodigal_proteins	1815	GCA_004212765.1_ASM421276v1_genomic_prodigal_proteins	1162	599	69.61	13.87	51.55
GCA_003210315.1_ASM321031v1_genomic_prodigal_proteins	1815	GCA_002685515.1_ASM268551v1_genomic_prodigal_proteins	1286	615	72.27	13.12	47.82
GCA_003210315.1_ASM321031v1_genomic_prodigal_proteins	1815	GCA_007828135.1_ASM782813v1_genomic_prodigal_proteins	2917	969	64.81	13.48	53.39
GCA_003210315.1_ASM321031v1_genomic_prodigal_proteins	1815	GCA_011047875.1_ASM1104787v1_genomic_prodigal_proteins	2810	542	52.63	12.20	29.86
GCA_003210315.1_ASM321031v1_genomic_prodigal_proteins	1815	GCA_009840445.1_ASM984044v1_genomic_prodigal_proteins	2167	728	60.23	12.75	40.11
GCA_003210315.1_ASM321031v1_genomic_prodigal_proteins	1815	GCA_003210995.1_ASM321099v1_genomic_prodigal_proteins	2385	939	71.93	13.72	51.74
GCA_003210315.1_ASM321031v1_genomic_prodigal_proteins	1815	GCA_902616995.1_AG-919-L20_genomic_prodigal_proteins	654	238	67.13	15.50	36.39
GCA_003210315.1_ASM321031v1_genomic_prodigal_proteins	1815	GCA_009845825.1_ASM984582v1_genomic_prodigal_proteins	2168	603	60.62	12.58	33.22
GCA_003210315.1_ASM321031v1_genomic_prodigal_proteins	1815	GCA_000515235.1_ASM51523v1_genomic_prodigal_proteins	2873	1119	68.97	13.92	61.65
GCA_003210315.1_ASM321031v1_genomic_prodigal_proteins	1815	GCA_003523965.1_ASM352396v1_genomic_prodigal_proteins	1735	468	61.14	13.28	26.97
GCA_003210315.1_ASM321031v1_genomic_prodigal_proteins	1815	GCA_002684175.1_ASM268417v1_genomic_prodigal_proteins	1819	695	67.27	13.70	38.29
GCA_003210315.1_ASM321031v1_genomic_prodigal_proteins	1815	GCA_011523295.1_ASM1152329v1_genomic_prodigal_proteins	2851	900	68.24	13.89	49.59
GCA_003210315.1_ASM321031v1_genomic_prodigal_proteins	1815	GCA_003211015.1_ASM321101v1_genomic_prodigal_proteins	2128	949	72.63	13.38	52.29
GCA_003210315.1_ASM321031v1_genomic_prodigal_proteins	1815	GCA_002006815.1_ASM200681v1_genomic_prodigal_proteins	1973	847	63.10	14.01	46.67
GCA_003209135.1_ASM320913v1_genomic_prodigal_proteins	1719	GCA_009845105.1_ASM984510v1_genomic_prodigal_proteins	1941	482	59.05	12.84	28.04
GCA_003209135.1_ASM320913v1_genomic_prodigal_proteins	1719	GCA_002690325.1_ASM269032v1_genomic_prodigal_proteins	2554	995	72.68	13.71	57.88
GCA_003209135.1_ASM320913v1_genomic_prodigal_proteins	1719	GCA_000161795.2_ASM16179v2_genomic_prodigal_proteins	2407	993	75.08	13.07	57.77
GCA_003209135.1_ASM320913v1_genomic_prodigal_proteins	1719	GCA_004211895.1_ASM421189v1_genomic_prodigal_proteins	954	422	75.70	13.11	44.23
GCA_003209135.1_ASM320913v1_genomic_prodigal_proteins	1719	GCA_003210735.1_ASM321073v1_genomic_prodigal_proteins	2337	841	72.58	13.89	48.92
GCA_003209135.1_ASM320913v1_genomic_prodigal_proteins	1719	GCA_003209035.1_ASM320903v1_genomic_prodigal_proteins	1803	642	73.02	14.28	37.35
GCA_003209135.1_ASM320913v1_genomic_prodigal_proteins	1719	GCA_003712085.1_ASM371208v1_genomic_prodigal_proteins	2745	1069	74.63	13.81	62.19
GCA_003209135.1_ASM320913v1_genomic_prodigal_proteins	1719	GCA_003212155.1_ASM321215v1_genomic_prodigal_proteins	262	58	60.09	15.35	22.14
GCA_003209135.1_ASM320913v1_genomic_prodigal_proteins	1719	GCA_001040845.1_ASM104084v1_genomic_prodigal_proteins	2917	999	68.73	13.78	58.12
GCA_003209135.1_ASM320913v1_genomic_prodigal_proteins	1719	GCA_002018015.1_ASM201801v1_genomic_prodigal_proteins	1578	464	60.34	13.00	29.40
GCA_003209135.1_ASM320913v1_genomic_prodigal_proteins	1719	GCA_003211255.1_ASM321125v1_genomic_prodigal_proteins	1850	622	71.19	14.14	36.18
GCA_003209135.1_ASM320913v1_genomic_prodigal_proteins	1719	GCA_002721235.1_ASM272123v1_genomic_prodigal_proteins	3119	569	52.08	12.35	33.10
GCA_003209135.1_ASM320913v1_genomic_prodigal_proteins	1719	GCA_009839305.1_ASM983930v1_genomic_prodigal_proteins	1816	453	59.91	13.17	26.35
GCA_003209135.1_ASM320913v1_genomic_prodigal_proteins	1719	GCA_011365345.1_ASM1136534v1_genomic_prodigal_proteins	2655	1082	74.44	13.62	62.94
GCA_003209135.1_ASM320913v1_genomic_prodigal_proteins	1719	GCA_001039265.1_ASM103926v1_genomic_prodigal_proteins	2832	555	66.55	14.17	32.29
GCA_003209135.1_ASM320913v1_genomic_prodigal_proteins	1719	GCA_001628325.1_ASM162832v1_genomic_prodigal_proteins	2129	904	75.70	13.05	52.59
GCA_003209135.1_ASM320913v1_genomic_prodigal_proteins	1719	GCA_003209215.1_ASM320921v1_genomic_prodigal_proteins	1679	559	73.44	14.31	33.29
GCA_003209135.1_ASM320913v1_genomic_prodigal_proteins	1719	GCA_002737305.1_ASM273730v1_genomic_prodigal_proteins	1951	640	65.64	13.70	37.23
GCA_003209135.1_ASM320913v1_genomic_prodigal_proteins	1719	GCA_003210515.1_ASM321051v1_genomic_prodigal_proteins	1673	617	72.19	14.02	36.88
GCA_003209135.1_ASM320913v1_genomic_prodigal_proteins	1719	GCA_011525445.1_ASM1152544v1_genomic_prodigal_proteins	3208	833	68.27	13.92	48.46
GCA_003209135.1_ASM320913v1_genomic_prodigal_proteins	1719	GCA_902599435.1_AG-916-N22_genomic_prodigal_proteins	793	250	73.46	14.61	31.53
GCA_003209135.1_ASM320913v1_genomic_prodigal_proteins	1719	GCA_003149585.1_ASM314958v1_genomic_prodigal_proteins	2600	892	65.38	13.74	51.89
GCA_003209135.1_ASM320913v1_genomic_prodigal_proteins	1719	GCA_902560665.1_AG-905-O11_genomic_prodigal_proteins	401	142	72.91	14.96	35.41
GCA_003209135.1_ASM320913v1_genomic_prodigal_proteins	1719	GCA_003331795.1_ASM333179v1_genomic_prodigal_proteins	1948	708	64.44	14.35	41.19
GCA_003209135.1_ASM320913v1_genomic_prodigal_proteins	1719	GCA_002017955.1_ASM201795v1_genomic_prodigal_proteins	512	160	59.85	13.96	31.25
GCA_003209135.1_ASM320913v1_genomic_prodigal_proteins	1719	GCA_902584485.1_AG-912-O23_genomic_prodigal_proteins	535	139	70.87	16.87	25.98
GCA_003209135.1_ASM320913v1_genomic_prodigal_proteins	1719	GCA_902527915.1_AG-896-G19_genomic_prodigal_proteins	1003	380	73.64	15.02	37.89
GCA_003209135.1_ASM320913v1_genomic_prodigal_proteins	1719	GCA_902635365.1_AG-447-D19_genomic_prodigal_proteins	1690	540	72.67	14.49	31.95
GCA_003209135.1_ASM320913v1_genomic_prodigal_proteins	1719	GCA_900474085.1_UW86_genomic_prodigal_proteins	2403	1010	75.07	13.47	58.76
GCA_003209135.1_ASM320913v1_genomic_prodigal_proteins	1719	GCA_001885215.1_ASM188521v1_genomic_prodigal_proteins	2897	866	64.77	13.23	50.38
GCA_003209135.1_ASM320913v1_genomic_prodigal_proteins	1719	GCA_902575935.1_AG-426-B22_genomic_prodigal_proteins	254	98	75.57	15.69	38.58
GCA_003209135.1_ASM320913v1_genomic_prodigal_proteins	1719	GCA_900474295.1_UW140_genomic_prodigal_proteins	2925	998	69.69	13.78	58.06
GCA_003209135.1_ASM320913v1_genomic_prodigal_proteins	1719	GCA_003211565.1_ASM321156v1_genomic_prodigal_proteins	1489	497	74.06	14.36	33.38
GCA_003209135.1_ASM320913v1_genomic_prodigal_proteins	1719	GCA_003526105.1_ASM352610v1_genomic_prodigal_proteins	1581	552	75.92	13.56	34.91
GCA_003209135.1_ASM320913v1_genomic_prodigal_proteins	1719	GCA_002172935.1_ASM217293v1_genomic_prodigal_proteins	1996	745	68.55	14.00	43.34
GCA_003209135.1_ASM320913v1_genomic_prodigal_proteins	1719	GCA_003210335.1_ASM321033v1_genomic_prodigal_proteins	942	184	63.65	15.09	19.53
GCA_003209135.1_ASM320913v1_genomic_prodigal_proteins	1719	GCA_009846115.1_ASM984611v1_genomic_prodigal_proteins	2048	540	59.34	12.72	31.41
GCA_003209135.1_ASM320913v1_genomic_prodigal_proteins	1719	GCA_001693295.1_ASM169329v1_genomic_prodigal_proteins	3183	572	52.09	12.28	33.28
GCA_003209135.1_ASM320913v1_genomic_prodigal_proteins	1719	GCA_900473965.1_UW179A_genomic_prodigal_proteins	3383	1027	69.33	14.20	59.74
GCA_003209135.1_ASM320913v1_genomic_prodigal_proteins	1719	GCA_003213755.1_ASM321375v1_genomic_prodigal_proteins	1050	307	62.89	14.84	29.24
GCA_003209135.1_ASM320913v1_genomic_prodigal_proteins	1719	GCA_003209155.1_ASM320915v1_genomic_prodigal_proteins	2305	803	69.27	14.14	46.71
GCA_003209135.1_ASM320913v1_genomic_prodigal_proteins	1719	GCA_003211515.1_ASM321151v1_genomic_prodigal_proteins	2451	780	74.40	14.34	45.38
GCA_003209135.1_ASM320913v1_genomic_prodigal_proteins	1719	GCA_002693285.1_ASM269328v1_genomic_prodigal_proteins	2440	877	69.19	13.59	51.02
GCA_003209135.1_ASM320913v1_genomic_prodigal_proteins	1719	GCA_003210555.1_ASM321055v1_genomic_prodigal_proteins	1847	605	67.70	14.22	35.19
GCA_003209135.1_ASM320913v1_genomic_prodigal_proteins	1719	GCA_000155595.1_ASM15559v1_genomic_prodigal_proteins	5270	583	52.01	11.95	33.92
GCA_003209135.1_ASM320913v1_genomic_prodigal_proteins	1719	GCA_001007665.1_ASM100766v1_genomic_prodigal_proteins	2356	622	60.09	12.53	36.18
GCA_003209135.1_ASM320913v1_genomic_prodigal_proteins	1719	GCA_009919765.1_ASM991976v1_genomic_prodigal_proteins	2524	614	64.98	14.47	35.72
GCA_003209135.1_ASM320913v1_genomic_prodigal_proteins	1719	GCA_003331225.1_ASM333122v1_genomic_prodigal_proteins	2113	751	64.91	14.01	43.69
GCA_003209135.1_ASM320913v1_genomic_prodigal_proteins	1719	GCA_900177825.1_IMG-taxon_2708742468_annotated_assembly_genomic_prodigal_proteins	3317	566	51.99	12.40	32.93
GCA_003209135.1_ASM320913v1_genomic_prodigal_proteins	1719	GCA_000195975.1_ASM19597v1_genomic_prodigal_proteins	2719	1060	75.04	13.54	61.66
GCA_003209135.1_ASM320913v1_genomic_prodigal_proteins	1719	GCA_902618885.1_AG-920-D15_genomic_prodigal_proteins	1178	384	73.00	16.32	32.60
GCA_003209135.1_ASM320913v1_genomic_prodigal_proteins	1719	GCA_003209165.1_ASM320916v1_genomic_prodigal_proteins	2711	927	74.01	13.89	53.93
GCA_003209135.1_ASM320913v1_genomic_prodigal_proteins	1719	GCA_001007625.1_ASM100762v1_genomic_prodigal_proteins	2478	542	59.96	13.00	31.53
GCA_003209135.1_ASM320913v1_genomic_prodigal_proteins	1719	GCA_008386235.1_ASM838623v1_genomic_prodigal_proteins	2571	546	52.01	12.07	31.76
GCA_003209135.1_ASM320913v1_genomic_prodigal_proteins	1719	GCA_001631935.1_ASM163193v1_genomic_prodigal_proteins	3526	1018	69.18	14.14	59.22
GCA_003209135.1_ASM320913v1_genomic_prodigal_proteins	1719	GCA_002151525.1_ASM215152v1_genomic_prodigal_proteins	1628	589	62.49	14.24	36.18
GCA_003209135.1_ASM320913v1_genomic_prodigal_proteins	1719	GCA_000153065.1_ASM15306v1_genomic_prodigal_proteins	2704	951	70.10	13.65	55.32
GCA_003209135.1_ASM320913v1_genomic_prodigal_proteins	1719	GCA_009837265.1_ASM983726v1_genomic_prodigal_proteins	2126	571	59.55	12.73	33.22
GCA_003209135.1_ASM320913v1_genomic_prodigal_proteins	1719	GCA_902533725.1_AG-898-C20_genomic_prodigal_proteins	421	116	72.48	15.55	27.55
GCA_003209135.1_ASM320913v1_genomic_prodigal_proteins	1719	GCA_002171075.2_ASM217107v2_genomic_prodigal_proteins	1919	648	63.05	13.69	37.70
GCA_003209135.1_ASM320913v1_genomic_prodigal_proteins	1719	GCA_002760395.1_ASM276039v1_genomic_prodigal_proteins	2661	475	51.82	11.25	27.63
GCA_003209135.1_ASM320913v1_genomic_prodigal_proteins	1719	GCA_003209005.1_ASM320900v1_genomic_prodigal_proteins	2548	831	68.48	14.47	48.34
GCA_003209135.1_ASM320913v1_genomic_prodigal_proteins	1719	GCA_002017915.1_ASM201791v1_genomic_prodigal_proteins	623	157	61.28	13.43	25.20
GCA_003209135.1_ASM320913v1_genomic_prodigal_proteins	1719	GCA_900047545.1_m9_genomic_prodigal_proteins	1575	473	59.96	12.63	30.03
GCA_003209135.1_ASM320913v1_genomic_prodigal_proteins	1719	GCA_001632105.1_ASM163210v1_genomic_prodigal_proteins	3521	1020	69.21	14.14	59.34
GCA_003209135.1_ASM320913v1_genomic_prodigal_proteins	1719	GCA_004212765.1_ASM421276v1_genomic_prodigal_proteins	1162	493	74.83	13.99	42.43
GCA_003209135.1_ASM320913v1_genomic_prodigal_proteins	1719	GCA_002685515.1_ASM268551v1_genomic_prodigal_proteins	1286	583	68.93	13.49	45.33
GCA_003209135.1_ASM320913v1_genomic_prodigal_proteins	1719	GCA_007828135.1_ASM782813v1_genomic_prodigal_proteins	2917	866	64.76	13.23	50.38
GCA_003209135.1_ASM320913v1_genomic_prodigal_proteins	1719	GCA_011047875.1_ASM1104787v1_genomic_prodigal_proteins	2810	484	51.92	11.45	28.16
GCA_003209135.1_ASM320913v1_genomic_prodigal_proteins	1719	GCA_009840445.1_ASM984044v1_genomic_prodigal_proteins	2167	633	59.89	12.73	36.82
GCA_003209135.1_ASM320913v1_genomic_prodigal_proteins	1719	GCA_003210995.1_ASM321099v1_genomic_prodigal_proteins	2385	809	68.41	14.90	47.06
GCA_003209135.1_ASM320913v1_genomic_prodigal_proteins	1719	GCA_902616995.1_AG-919-L20_genomic_prodigal_proteins	654	238	73.58	15.11	36.39
GCA_003209135.1_ASM320913v1_genomic_prodigal_proteins	1719	GCA_009845825.1_ASM984582v1_genomic_prodigal_proteins	2168	552	60.27	12.53	32.11
GCA_003209135.1_ASM320913v1_genomic_prodigal_proteins	1719	GCA_000515235.1_ASM51523v1_genomic_prodigal_proteins	2873	1448	98.54	5.58	84.24
GCA_003209135.1_ASM320913v1_genomic_prodigal_proteins	1719	GCA_003523965.1_ASM352396v1_genomic_prodigal_proteins	1735	417	61.43	13.34	24.26
GCA_003209135.1_ASM320913v1_genomic_prodigal_proteins	1719	GCA_002684175.1_ASM268417v1_genomic_prodigal_proteins	1819	652	72.12	12.82	37.93
GCA_003209135.1_ASM320913v1_genomic_prodigal_proteins	1719	GCA_011523295.1_ASM1152329v1_genomic_prodigal_proteins	2851	804	71.30	14.02	46.77
GCA_003209135.1_ASM320913v1_genomic_prodigal_proteins	1719	GCA_003211015.1_ASM321101v1_genomic_prodigal_proteins	2128	773	69.31	14.05	44.97
GCA_003209135.1_ASM320913v1_genomic_prodigal_proteins	1719	GCA_002006815.1_ASM200681v1_genomic_prodigal_proteins	1973	726	63.10	13.87	42.23
GCA_003990665.2_ASM399066v2_genomic_prodigal_proteins	2499	GCA_003209135.1_ASM320913v1_genomic_prodigal_proteins	1719	540	52.39	12.03	31.41
GCA_003990665.2_ASM399066v2_genomic_prodigal_proteins	2499	GCA_009845105.1_ASM984510v1_genomic_prodigal_proteins	1941	725	53.84	12.10	37.35
GCA_003990665.2_ASM399066v2_genomic_prodigal_proteins	2499	GCA_002690325.1_ASM269032v1_genomic_prodigal_proteins	2554	918	52.84	12.19	36.73
GCA_003990665.2_ASM399066v2_genomic_prodigal_proteins	2499	GCA_000161795.2_ASM16179v2_genomic_prodigal_proteins	2407	997	54.15	12.44	41.42
GCA_003990665.2_ASM399066v2_genomic_prodigal_proteins	2499	GCA_004211895.1_ASM421189v1_genomic_prodigal_proteins	954	422	53.99	12.23	44.23
GCA_003990665.2_ASM399066v2_genomic_prodigal_proteins	2499	GCA_003210735.1_ASM321073v1_genomic_prodigal_proteins	2337	730	52.95	12.31	31.24
GCA_003990665.2_ASM399066v2_genomic_prodigal_proteins	2499	GCA_003209035.1_ASM320903v1_genomic_prodigal_proteins	1803	536	53.26	12.75	29.73
GCA_003990665.2_ASM399066v2_genomic_prodigal_proteins	2499	GCA_003712085.1_ASM371208v1_genomic_prodigal_proteins	2745	1036	53.68	12.37	41.46
GCA_003990665.2_ASM399066v2_genomic_prodigal_proteins	2499	GCA_003212155.1_ASM321215v1_genomic_prodigal_proteins	262	53	54.34	14.98	20.23
GCA_003990665.2_ASM399066v2_genomic_prodigal_proteins	2499	GCA_001040845.1_ASM104084v1_genomic_prodigal_proteins	2917	1039	53.39	12.48	41.58
GCA_003990665.2_ASM399066v2_genomic_prodigal_proteins	2499	GCA_002018015.1_ASM201801v1_genomic_prodigal_proteins	1578	696	54.89	12.20	44.11
GCA_003990665.2_ASM399066v2_genomic_prodigal_proteins	2499	GCA_003211255.1_ASM321125v1_genomic_prodigal_proteins	1850	551	52.54	12.12	29.78
GCA_003990665.2_ASM399066v2_genomic_prodigal_proteins	2499	GCA_002721235.1_ASM272123v1_genomic_prodigal_proteins	3119	1425	59.35	12.90	57.02
GCA_003990665.2_ASM399066v2_genomic_prodigal_proteins	2499	GCA_009839305.1_ASM983930v1_genomic_prodigal_proteins	1816	676	55.11	12.48	37.22
GCA_003990665.2_ASM399066v2_genomic_prodigal_proteins	2499	GCA_011365345.1_ASM1136534v1_genomic_prodigal_proteins	2655	1015	53.90	12.49	40.62
GCA_003990665.2_ASM399066v2_genomic_prodigal_proteins	2499	GCA_001039265.1_ASM103926v1_genomic_prodigal_proteins	2832	796	55.94	12.75	31.85
GCA_003990665.2_ASM399066v2_genomic_prodigal_proteins	2499	GCA_001628325.1_ASM162832v1_genomic_prodigal_proteins	2129	908	53.80	12.12	42.65
GCA_003990665.2_ASM399066v2_genomic_prodigal_proteins	2499	GCA_003209215.1_ASM320921v1_genomic_prodigal_proteins	1679	513	54.06	12.56	30.55
GCA_003990665.2_ASM399066v2_genomic_prodigal_proteins	2499	GCA_002737305.1_ASM273730v1_genomic_prodigal_proteins	1951	847	55.04	12.24	43.41
GCA_003990665.2_ASM399066v2_genomic_prodigal_proteins	2499	GCA_003210515.1_ASM321051v1_genomic_prodigal_proteins	1673	571	53.16	12.38	34.13
GCA_003990665.2_ASM399066v2_genomic_prodigal_proteins	2499	GCA_011525445.1_ASM1152544v1_genomic_prodigal_proteins	3208	826	52.78	12.15	33.05
GCA_003990665.2_ASM399066v2_genomic_prodigal_proteins	2499	GCA_902599435.1_AG-916-N22_genomic_prodigal_proteins	793	252	56.13	12.30	31.78
GCA_003990665.2_ASM399066v2_genomic_prodigal_proteins	2499	GCA_003149585.1_ASM314958v1_genomic_prodigal_proteins	2600	1086	54.35	12.46	43.46
GCA_003990665.2_ASM399066v2_genomic_prodigal_proteins	2499	GCA_902560665.1_AG-905-O11_genomic_prodigal_proteins	401	96	54.23	14.94	23.94
GCA_003990665.2_ASM399066v2_genomic_prodigal_proteins	2499	GCA_003331795.1_ASM333179v1_genomic_prodigal_proteins	1948	843	54.40	12.26	43.28
GCA_003990665.2_ASM399066v2_genomic_prodigal_proteins	2499	GCA_002017955.1_ASM201795v1_genomic_prodigal_proteins	512	201	53.98	12.77	39.26
GCA_003990665.2_ASM399066v2_genomic_prodigal_proteins	2499	GCA_902584485.1_AG-912-O23_genomic_prodigal_proteins	535	134	52.95	13.35	25.05
GCA_003990665.2_ASM399066v2_genomic_prodigal_proteins	2499	GCA_902527915.1_AG-896-G19_genomic_prodigal_proteins	1003	311	53.62	12.95	31.01
GCA_003990665.2_ASM399066v2_genomic_prodigal_proteins	2499	GCA_902635365.1_AG-447-D19_genomic_prodigal_proteins	1690	482	53.99	12.64	28.52
GCA_003990665.2_ASM399066v2_genomic_prodigal_proteins	2499	GCA_900474085.1_UW86_genomic_prodigal_proteins	2403	1000	54.12	12.38	41.61
GCA_003990665.2_ASM399066v2_genomic_prodigal_proteins	2499	GCA_001885215.1_ASM188521v1_genomic_prodigal_proteins	2897	1083	54.24	12.26	43.34
GCA_003990665.2_ASM399066v2_genomic_prodigal_proteins	2499	GCA_902575935.1_AG-426-B22_genomic_prodigal_proteins	254	95	58.58	14.11	37.40
GCA_003990665.2_ASM399066v2_genomic_prodigal_proteins	2499	GCA_900474295.1_UW140_genomic_prodigal_proteins	2925	1013	53.95	12.43	40.54
GCA_003990665.2_ASM399066v2_genomic_prodigal_proteins	2499	GCA_003211565.1_ASM321156v1_genomic_prodigal_proteins	1489	454	53.50	12.51	30.49
GCA_003990665.2_ASM399066v2_genomic_prodigal_proteins	2499	GCA_003526105.1_ASM352610v1_genomic_prodigal_proteins	1581	559	54.47	12.00	35.36
GCA_003990665.2_ASM399066v2_genomic_prodigal_proteins	2499	GCA_002172935.1_ASM217293v1_genomic_prodigal_proteins	1996	785	53.22	12.15	39.33
GCA_003990665.2_ASM399066v2_genomic_prodigal_proteins	2499	GCA_003210335.1_ASM321033v1_genomic_prodigal_proteins	942	195	51.96	13.00	20.70
GCA_003990665.2_ASM399066v2_genomic_prodigal_proteins	2499	GCA_009846115.1_ASM984611v1_genomic_prodigal_proteins	2048	793	54.20	12.08	38.72
GCA_003990665.2_ASM399066v2_genomic_prodigal_proteins	2499	GCA_001693295.1_ASM169329v1_genomic_prodigal_proteins	3183	1428	59.29	12.95	57.14
GCA_003990665.2_ASM399066v2_genomic_prodigal_proteins	2499	GCA_900473965.1_UW179A_genomic_prodigal_proteins	3383	1013	53.64	12.47	40.54
GCA_003990665.2_ASM399066v2_genomic_prodigal_proteins	2499	GCA_003213755.1_ASM321375v1_genomic_prodigal_proteins	1050	367	53.81	12.73	34.95
GCA_003990665.2_ASM399066v2_genomic_prodigal_proteins	2499	GCA_003209155.1_ASM320915v1_genomic_prodigal_proteins	2305	756	53.55	12.40	32.80
GCA_003990665.2_ASM399066v2_genomic_prodigal_proteins	2499	GCA_003211515.1_ASM321151v1_genomic_prodigal_proteins	2451	652	53.41	12.56	26.60
GCA_003990665.2_ASM399066v2_genomic_prodigal_proteins	2499	GCA_002693285.1_ASM269328v1_genomic_prodigal_proteins	2440	871	53.66	12.16	35.70
GCA_003990665.2_ASM399066v2_genomic_prodigal_proteins	2499	GCA_003210555.1_ASM321055v1_genomic_prodigal_proteins	1847	568	53.09	12.25	30.75
GCA_003990665.2_ASM399066v2_genomic_prodigal_proteins	2499	GCA_000155595.1_ASM15559v1_genomic_prodigal_proteins	5270	1401	58.45	12.80	56.06
GCA_003990665.2_ASM399066v2_genomic_prodigal_proteins	2499	GCA_001007665.1_ASM100766v1_genomic_prodigal_proteins	2356	925	54.16	12.07	39.26
GCA_003990665.2_ASM399066v2_genomic_prodigal_proteins	2499	GCA_009919765.1_ASM991976v1_genomic_prodigal_proteins	2524	688	54.42	12.16	27.53
GCA_003990665.2_ASM399066v2_genomic_prodigal_proteins	2499	GCA_003331225.1_ASM333122v1_genomic_prodigal_proteins	2113	907	54.39	12.40	42.92
GCA_003990665.2_ASM399066v2_genomic_prodigal_proteins	2499	GCA_900177825.1_IMG-taxon_2708742468_annotated_assembly_genomic_prodigal_proteins	3317	1408	59.34	12.98	56.34
GCA_003990665.2_ASM399066v2_genomic_prodigal_proteins	2499	GCA_000195975.1_ASM19597v1_genomic_prodigal_proteins	2719	1024	53.77	12.51	40.98
GCA_003990665.2_ASM399066v2_genomic_prodigal_proteins	2499	GCA_902618885.1_AG-920-D15_genomic_prodigal_proteins	1178	390	53.91	13.07	33.11
GCA_003990665.2_ASM399066v2_genomic_prodigal_proteins	2499	GCA_003209165.1_ASM320916v1_genomic_prodigal_proteins	2711	857	53.98	12.47	34.29
GCA_003990665.2_ASM399066v2_genomic_prodigal_proteins	2499	GCA_001007625.1_ASM100762v1_genomic_prodigal_proteins	2478	812	54.72	12.23	32.77
GCA_003990665.2_ASM399066v2_genomic_prodigal_proteins	2499	GCA_008386235.1_ASM838623v1_genomic_prodigal_proteins	2571	2182	91.26	7.56	87.31
GCA_003990665.2_ASM399066v2_genomic_prodigal_proteins	2499	GCA_001631935.1_ASM163193v1_genomic_prodigal_proteins	3526	1014	53.81	12.38	40.58
GCA_003990665.2_ASM399066v2_genomic_prodigal_proteins	2499	GCA_002151525.1_ASM215152v1_genomic_prodigal_proteins	1628	760	54.21	12.46	46.68
GCA_003990665.2_ASM399066v2_genomic_prodigal_proteins	2499	GCA_000153065.1_ASM15306v1_genomic_prodigal_proteins	2704	1072	54.08	12.57	42.90
GCA_003990665.2_ASM399066v2_genomic_prodigal_proteins	2499	GCA_009837265.1_ASM983726v1_genomic_prodigal_proteins	2126	850	54.40	12.10	39.98
GCA_003990665.2_ASM399066v2_genomic_prodigal_proteins	2499	GCA_902533725.1_AG-898-C20_genomic_prodigal_proteins	421	83	53.95	13.52	19.71
GCA_003990665.2_ASM399066v2_genomic_prodigal_proteins	2499	GCA_002171075.2_ASM217107v2_genomic_prodigal_proteins	1919	745	53.23	11.92	38.82
GCA_003990665.2_ASM399066v2_genomic_prodigal_proteins	2499	GCA_002760395.1_ASM276039v1_genomic_prodigal_proteins	2661	1250	58.43	12.66	50.02
GCA_003990665.2_ASM399066v2_genomic_prodigal_proteins	2499	GCA_003209005.1_ASM320900v1_genomic_prodigal_proteins	2548	833	53.18	12.47	33.33
GCA_003990665.2_ASM399066v2_genomic_prodigal_proteins	2499	GCA_002017915.1_ASM201791v1_genomic_prodigal_proteins	623	271	56.04	12.84	43.50
GCA_003990665.2_ASM399066v2_genomic_prodigal_proteins	2499	GCA_900047545.1_m9_genomic_prodigal_proteins	1575	697	54.25	12.12	44.25
GCA_003990665.2_ASM399066v2_genomic_prodigal_proteins	2499	GCA_001632105.1_ASM163210v1_genomic_prodigal_proteins	3521	1014	53.65	12.30	40.58
GCA_003990665.2_ASM399066v2_genomic_prodigal_proteins	2499	GCA_004212765.1_ASM421276v1_genomic_prodigal_proteins	1162	516	53.32	12.50	44.41
GCA_003990665.2_ASM399066v2_genomic_prodigal_proteins	2499	GCA_002685515.1_ASM268551v1_genomic_prodigal_proteins	1286	553	52.54	11.80	43.00
GCA_003990665.2_ASM399066v2_genomic_prodigal_proteins	2499	GCA_007828135.1_ASM782813v1_genomic_prodigal_proteins	2917	1086	54.30	12.34	43.46
GCA_003990665.2_ASM399066v2_genomic_prodigal_proteins	2499	GCA_011047875.1_ASM1104787v1_genomic_prodigal_proteins	2810	1265	58.37	12.80	50.62
GCA_003990665.2_ASM399066v2_genomic_prodigal_proteins	2499	GCA_009840445.1_ASM984044v1_genomic_prodigal_proteins	2167	934	54.29	12.15	43.10
GCA_003990665.2_ASM399066v2_genomic_prodigal_proteins	2499	GCA_003210995.1_ASM321099v1_genomic_prodigal_proteins	2385	717	53.91	12.75	30.06
GCA_003990665.2_ASM399066v2_genomic_prodigal_proteins	2499	GCA_902616995.1_AG-919-L20_genomic_prodigal_proteins	654	194	52.70	13.43	29.66
GCA_003990665.2_ASM399066v2_genomic_prodigal_proteins	2499	GCA_009845825.1_ASM984582v1_genomic_prodigal_proteins	2168	795	54.42	12.05	36.67
GCA_003990665.2_ASM399066v2_genomic_prodigal_proteins	2499	GCA_000515235.1_ASM51523v1_genomic_prodigal_proteins	2873	1038	53.55	12.59	41.54
GCA_003990665.2_ASM399066v2_genomic_prodigal_proteins	2499	GCA_003523965.1_ASM352396v1_genomic_prodigal_proteins	1735	604	55.63	12.02	34.81
GCA_003990665.2_ASM399066v2_genomic_prodigal_proteins	2499	GCA_002684175.1_ASM268417v1_genomic_prodigal_proteins	1819	597	52.38	11.76	32.82
GCA_003990665.2_ASM399066v2_genomic_prodigal_proteins	2499	GCA_011523295.1_ASM1152329v1_genomic_prodigal_proteins	2851	775	52.06	11.79	31.01
GCA_003990665.2_ASM399066v2_genomic_prodigal_proteins	2499	GCA_003211015.1_ASM321101v1_genomic_prodigal_proteins	2128	731	53.10	12.25	34.35
GCA_003990665.2_ASM399066v2_genomic_prodigal_proteins	2499	GCA_002006815.1_ASM200681v1_genomic_prodigal_proteins	1973	963	54.18	12.42	48.81
GCA_003211205.1_ASM321120v1_genomic_prodigal_proteins	2288	GCA_000063505.1_ASM6350v1_genomic_prodigal_proteins	2558	1513	77.81	12.24	66.13
GCA_003211205.1_ASM321120v1_genomic_prodigal_proteins	2288	GCA_900474245.1_UW179B_genomic_prodigal_proteins	2743	1504	73.51	13.05	65.73
GCA_003211205.1_ASM321120v1_genomic_prodigal_proteins	2288	GCA_003210345.1_ASM321034v1_genomic_prodigal_proteins	1256	604	68.61	13.88	48.09
GCA_003211205.1_ASM321120v1_genomic_prodigal_proteins	2288	GCA_003210315.1_ASM321031v1_genomic_prodigal_proteins	1815	908	72.01	13.79	50.03
GCA_003211205.1_ASM321120v1_genomic_prodigal_proteins	2288	GCA_009836155.1_ASM983615v1_genomic_prodigal_proteins	1947	866	60.58	13.15	44.48
GCA_003211205.1_ASM321120v1_genomic_prodigal_proteins	2288	GCA_003990665.2_ASM399066v2_genomic_prodigal_proteins	2499	779	53.59	12.40	34.05
GCA_003211205.1_ASM321120v1_genomic_prodigal_proteins	2288	GCA_003209135.1_ASM320913v1_genomic_prodigal_proteins	1719	786	69.22	14.48	45.72
GCA_003211205.1_ASM321120v1_genomic_prodigal_proteins	2288	GCA_009845105.1_ASM984510v1_genomic_prodigal_proteins	1941	705	60.05	13.10	36.32
GCA_003211205.1_ASM321120v1_genomic_prodigal_proteins	2288	GCA_002690325.1_ASM269032v1_genomic_prodigal_proteins	2554	1327	69.61	13.89	58.00
GCA_003211205.1_ASM321120v1_genomic_prodigal_proteins	2288	GCA_000161795.2_ASM16179v2_genomic_prodigal_proteins	2407	1396	70.81	13.81	61.01
GCA_003211205.1_ASM321120v1_genomic_prodigal_proteins	2288	GCA_004211895.1_ASM421189v1_genomic_prodigal_proteins	954	554	71.28	13.44	58.07
GCA_003211205.1_ASM321120v1_genomic_prodigal_proteins	2288	GCA_003210735.1_ASM321073v1_genomic_prodigal_proteins	2337	1112	69.26	13.99	48.60
GCA_003211205.1_ASM321120v1_genomic_prodigal_proteins	2288	GCA_003209035.1_ASM320903v1_genomic_prodigal_proteins	1803	822	69.80	14.12	45.59
GCA_003211205.1_ASM321120v1_genomic_prodigal_proteins	2288	GCA_003712085.1_ASM371208v1_genomic_prodigal_proteins	2745	1426	70.73	13.79	62.33
GCA_003211205.1_ASM321120v1_genomic_prodigal_proteins	2288	GCA_003212155.1_ASM321215v1_genomic_prodigal_proteins	262	104	65.74	16.89	39.69
GCA_003211205.1_ASM321120v1_genomic_prodigal_proteins	2288	GCA_001040845.1_ASM104084v1_genomic_prodigal_proteins	2917	1526	73.49	12.83	66.70
GCA_003211205.1_ASM321120v1_genomic_prodigal_proteins	2288	GCA_002018015.1_ASM201801v1_genomic_prodigal_proteins	1578	717	61.24	13.11	45.44
GCA_003211205.1_ASM321120v1_genomic_prodigal_proteins	2288	GCA_003211255.1_ASM321125v1_genomic_prodigal_proteins	1850	844	69.62	13.64	45.62
GCA_003211205.1_ASM321120v1_genomic_prodigal_proteins	2288	GCA_002721235.1_ASM272123v1_genomic_prodigal_proteins	3119	824	53.19	12.86	36.01
GCA_003211205.1_ASM321120v1_genomic_prodigal_proteins	2288	GCA_009839305.1_ASM983930v1_genomic_prodigal_proteins	1816	700	61.00	13.32	38.55
GCA_003211205.1_ASM321120v1_genomic_prodigal_proteins	2288	GCA_011365345.1_ASM1136534v1_genomic_prodigal_proteins	2655	1445	70.71	13.92	63.16
GCA_003211205.1_ASM321120v1_genomic_prodigal_proteins	2288	GCA_001039265.1_ASM103926v1_genomic_prodigal_proteins	2832	860	67.74	14.00	37.59
GCA_003211205.1_ASM321120v1_genomic_prodigal_proteins	2288	GCA_001628325.1_ASM162832v1_genomic_prodigal_proteins	2129	1260	70.90	13.60	59.18
GCA_003211205.1_ASM321120v1_genomic_prodigal_proteins	2288	GCA_003209215.1_ASM320921v1_genomic_prodigal_proteins	1679	741	69.84	13.86	44.13
GCA_003211205.1_ASM321120v1_genomic_prodigal_proteins	2288	GCA_002737305.1_ASM273730v1_genomic_prodigal_proteins	1951	938	66.52	13.65	48.08
GCA_003211205.1_ASM321120v1_genomic_prodigal_proteins	2288	GCA_003210515.1_ASM321051v1_genomic_prodigal_proteins	1673	858	68.88	13.99	51.29
GCA_003211205.1_ASM321120v1_genomic_prodigal_proteins	2288	GCA_011525445.1_ASM1152544v1_genomic_prodigal_proteins	3208	1213	72.10	12.86	53.02
GCA_003211205.1_ASM321120v1_genomic_prodigal_proteins	2288	GCA_902599435.1_AG-916-N22_genomic_prodigal_proteins	793	364	71.68	14.72	45.90
GCA_003211205.1_ASM321120v1_genomic_prodigal_proteins	2288	GCA_003149585.1_ASM314958v1_genomic_prodigal_proteins	2600	1326	66.24	13.97	57.95
GCA_003211205.1_ASM321120v1_genomic_prodigal_proteins	2288	GCA_902560665.1_AG-905-O11_genomic_prodigal_proteins	401	155	69.92	16.29	38.65
GCA_003211205.1_ASM321120v1_genomic_prodigal_proteins	2288	GCA_003331795.1_ASM333179v1_genomic_prodigal_proteins	1948	1051	65.19	14.51	53.95
GCA_003211205.1_ASM321120v1_genomic_prodigal_proteins	2288	GCA_002017955.1_ASM201795v1_genomic_prodigal_proteins	512	214	61.32	12.75	41.80
GCA_003211205.1_ASM321120v1_genomic_prodigal_proteins	2288	GCA_902584485.1_AG-912-O23_genomic_prodigal_proteins	535	198	70.53	14.71	37.01
GCA_003211205.1_ASM321120v1_genomic_prodigal_proteins	2288	GCA_902527915.1_AG-896-G19_genomic_prodigal_proteins	1003	463	69.54	14.32	46.16
GCA_003211205.1_ASM321120v1_genomic_prodigal_proteins	2288	GCA_902635365.1_AG-447-D19_genomic_prodigal_proteins	1690	742	69.80	14.49	43.91
GCA_003211205.1_ASM321120v1_genomic_prodigal_proteins	2288	GCA_900474085.1_UW86_genomic_prodigal_proteins	2403	1399	70.94	13.78	61.15
GCA_003211205.1_ASM321120v1_genomic_prodigal_proteins	2288	GCA_001885215.1_ASM188521v1_genomic_prodigal_proteins	2897	1250	65.34	13.32	54.63
GCA_003211205.1_ASM321120v1_genomic_prodigal_proteins	2288	GCA_902575935.1_AG-426-B22_genomic_prodigal_proteins	254	147	72.87	14.01	57.87
GCA_003211205.1_ASM321120v1_genomic_prodigal_proteins	2288	GCA_900474295.1_UW140_genomic_prodigal_proteins	2925	1519	72.64	13.24	66.39
GCA_003211205.1_ASM321120v1_genomic_prodigal_proteins	2288	GCA_003211565.1_ASM321156v1_genomic_prodigal_proteins	1489	675	69.07	14.53	45.33
GCA_003211205.1_ASM321120v1_genomic_prodigal_proteins	2288	GCA_003526105.1_ASM352610v1_genomic_prodigal_proteins	1581	780	71.25	14.06	49.34
GCA_003211205.1_ASM321120v1_genomic_prodigal_proteins	2288	GCA_002172935.1_ASM217293v1_genomic_prodigal_proteins	1996	1135	77.03	12.05	56.86
GCA_003211205.1_ASM321120v1_genomic_prodigal_proteins	2288	GCA_003210335.1_ASM321033v1_genomic_prodigal_proteins	942	325	86.53	13.07	34.50
GCA_003211205.1_ASM321120v1_genomic_prodigal_proteins	2288	GCA_009846115.1_ASM984611v1_genomic_prodigal_proteins	2048	807	60.82	12.98	39.40
GCA_003211205.1_ASM321120v1_genomic_prodigal_proteins	2288	GCA_001693295.1_ASM169329v1_genomic_prodigal_proteins	3183	826	53.06	12.91	36.10
GCA_003211205.1_ASM321120v1_genomic_prodigal_proteins	2288	GCA_900473965.1_UW179A_genomic_prodigal_proteins	3383	1786	90.18	8.44	78.06
GCA_003211205.1_ASM321120v1_genomic_prodigal_proteins	2288	GCA_003213755.1_ASM321375v1_genomic_prodigal_proteins	1050	477	64.84	14.71	45.43
GCA_003211205.1_ASM321120v1_genomic_prodigal_proteins	2288	GCA_003209155.1_ASM320915v1_genomic_prodigal_proteins	2305	1414	96.22	5.99	61.80
GCA_003211205.1_ASM321120v1_genomic_prodigal_proteins	2288	GCA_003211515.1_ASM321151v1_genomic_prodigal_proteins	2451	947	68.80	14.32	41.39
GCA_003211205.1_ASM321120v1_genomic_prodigal_proteins	2288	GCA_002693285.1_ASM269328v1_genomic_prodigal_proteins	2440	1341	79.50	11.60	58.61
GCA_003211205.1_ASM321120v1_genomic_prodigal_proteins	2288	GCA_003210555.1_ASM321055v1_genomic_prodigal_proteins	1847	887	72.60	12.97	48.02
GCA_003211205.1_ASM321120v1_genomic_prodigal_proteins	2288	GCA_000155595.1_ASM15559v1_genomic_prodigal_proteins	5270	876	52.42	12.70	38.29
GCA_003211205.1_ASM321120v1_genomic_prodigal_proteins	2288	GCA_001007665.1_ASM100766v1_genomic_prodigal_proteins	2356	913	60.65	12.88	39.90
GCA_003211205.1_ASM321120v1_genomic_prodigal_proteins	2288	GCA_009919765.1_ASM991976v1_genomic_prodigal_proteins	2524	879	65.06	14.34	38.42
GCA_003211205.1_ASM321120v1_genomic_prodigal_proteins	2288	GCA_003331225.1_ASM333122v1_genomic_prodigal_proteins	2113	1114	65.37	14.11	52.72
GCA_003211205.1_ASM321120v1_genomic_prodigal_proteins	2288	GCA_900177825.1_IMG-taxon_2708742468_annotated_assembly_genomic_prodigal_proteins	3317	819	53.02	12.93	35.80
GCA_003211205.1_ASM321120v1_genomic_prodigal_proteins	2288	GCA_000195975.1_ASM19597v1_genomic_prodigal_proteins	2719	1428	70.69	13.88	62.41
GCA_003211205.1_ASM321120v1_genomic_prodigal_proteins	2288	GCA_902618885.1_AG-920-D15_genomic_prodigal_proteins	1178	508	70.49	15.16	43.12
GCA_003211205.1_ASM321120v1_genomic_prodigal_proteins	2288	GCA_003209165.1_ASM320916v1_genomic_prodigal_proteins	2711	1231	70.13	13.91	53.80
GCA_003211205.1_ASM321120v1_genomic_prodigal_proteins	2288	GCA_001007625.1_ASM100762v1_genomic_prodigal_proteins	2478	815	60.78	13.23	35.62
GCA_003211205.1_ASM321120v1_genomic_prodigal_proteins	2288	GCA_008386235.1_ASM838623v1_genomic_prodigal_proteins	2571	783	53.29	12.54	34.22
GCA_003211205.1_ASM321120v1_genomic_prodigal_proteins	2288	GCA_001631935.1_ASM163193v1_genomic_prodigal_proteins	3526	1789	90.13	8.32	78.19
GCA_003211205.1_ASM321120v1_genomic_prodigal_proteins	2288	GCA_002151525.1_ASM215152v1_genomic_prodigal_proteins	1628	897	63.53	13.95	55.10
GCA_003211205.1_ASM321120v1_genomic_prodigal_proteins	2288	GCA_000153065.1_ASM15306v1_genomic_prodigal_proteins	2704	1387	73.96	12.80	60.62
GCA_003211205.1_ASM321120v1_genomic_prodigal_proteins	2288	GCA_009837265.1_ASM983726v1_genomic_prodigal_proteins	2126	865	60.75	12.88	40.69
GCA_003211205.1_ASM321120v1_genomic_prodigal_proteins	2288	GCA_902533725.1_AG-898-C20_genomic_prodigal_proteins	421	157	69.01	13.94	37.29
GCA_003211205.1_ASM321120v1_genomic_prodigal_proteins	2288	GCA_002171075.2_ASM217107v2_genomic_prodigal_proteins	1919	918	63.87	13.85	47.84
GCA_003211205.1_ASM321120v1_genomic_prodigal_proteins	2288	GCA_002760395.1_ASM276039v1_genomic_prodigal_proteins	2661	691	52.62	11.85	30.20
GCA_003211205.1_ASM321120v1_genomic_prodigal_proteins	2288	GCA_003209005.1_ASM320900v1_genomic_prodigal_proteins	2548	1594	94.84	6.78	69.67
GCA_003211205.1_ASM321120v1_genomic_prodigal_proteins	2288	GCA_002017915.1_ASM201791v1_genomic_prodigal_proteins	623	280	62.74	13.85	44.94
GCA_003211205.1_ASM321120v1_genomic_prodigal_proteins	2288	GCA_900047545.1_m9_genomic_prodigal_proteins	1575	711	60.57	12.91	45.14
GCA_003211205.1_ASM321120v1_genomic_prodigal_proteins	2288	GCA_001632105.1_ASM163210v1_genomic_prodigal_proteins	3521	1797	90.09	8.44	78.54
GCA_003211205.1_ASM321120v1_genomic_prodigal_proteins	2288	GCA_004212765.1_ASM421276v1_genomic_prodigal_proteins	1162	698	70.47	13.60	60.07
GCA_003211205.1_ASM321120v1_genomic_prodigal_proteins	2288	GCA_002685515.1_ASM268551v1_genomic_prodigal_proteins	1286	906	90.19	8.00	70.45
GCA_003211205.1_ASM321120v1_genomic_prodigal_proteins	2288	GCA_007828135.1_ASM782813v1_genomic_prodigal_proteins	2917	1250	65.37	13.35	54.63
GCA_003211205.1_ASM321120v1_genomic_prodigal_proteins	2288	GCA_011047875.1_ASM1104787v1_genomic_prodigal_proteins	2810	711	52.30	11.94	31.08
GCA_003211205.1_ASM321120v1_genomic_prodigal_proteins	2288	GCA_009840445.1_ASM984044v1_genomic_prodigal_proteins	2167	928	60.77	12.91	42.82
GCA_003211205.1_ASM321120v1_genomic_prodigal_proteins	2288	GCA_003210995.1_ASM321099v1_genomic_prodigal_proteins	2385	1451	96.13	6.91	63.42
GCA_003211205.1_ASM321120v1_genomic_prodigal_proteins	2288	GCA_902616995.1_AG-919-L20_genomic_prodigal_proteins	654	269	70.77	14.29	41.13
GCA_003211205.1_ASM321120v1_genomic_prodigal_proteins	2288	GCA_009845825.1_ASM984582v1_genomic_prodigal_proteins	2168	793	60.66	13.07	36.58
GCA_003211205.1_ASM321120v1_genomic_prodigal_proteins	2288	GCA_000515235.1_ASM51523v1_genomic_prodigal_proteins	2873	1422	70.32	13.86	62.15
GCA_003211205.1_ASM321120v1_genomic_prodigal_proteins	2288	GCA_003523965.1_ASM352396v1_genomic_prodigal_proteins	1735	613	61.61	13.35	35.33
GCA_003211205.1_ASM321120v1_genomic_prodigal_proteins	2288	GCA_002684175.1_ASM268417v1_genomic_prodigal_proteins	1819	876	68.55	13.41	48.16
GCA_003211205.1_ASM321120v1_genomic_prodigal_proteins	2288	GCA_011523295.1_ASM1152329v1_genomic_prodigal_proteins	2851	1104	69.15	13.50	48.25
GCA_003211205.1_ASM321120v1_genomic_prodigal_proteins	2288	GCA_003211015.1_ASM321101v1_genomic_prodigal_proteins	2128	1324	94.26	8.26	62.22
GCA_003211205.1_ASM321120v1_genomic_prodigal_proteins	2288	GCA_002006815.1_ASM200681v1_genomic_prodigal_proteins	1973	1045	64.15	13.94	52.97
GCA_009836155.1_ASM983615v1_genomic_prodigal_proteins	1947	GCA_003990665.2_ASM399066v2_genomic_prodigal_proteins	2499	869	54.20	12.11	44.63
GCA_009836155.1_ASM983615v1_genomic_prodigal_proteins	1947	GCA_003209135.1_ASM320913v1_genomic_prodigal_proteins	1719	583	60.05	12.75	33.92
GCA_009836155.1_ASM983615v1_genomic_prodigal_proteins	1947	GCA_009845105.1_ASM984510v1_genomic_prodigal_proteins	1941	1259	97.99	4.70	64.86
GCA_009836155.1_ASM983615v1_genomic_prodigal_proteins	1947	GCA_002690325.1_ASM269032v1_genomic_prodigal_proteins	2554	1005	60.16	12.62	51.62
GCA_009836155.1_ASM983615v1_genomic_prodigal_proteins	1947	GCA_000161795.2_ASM16179v2_genomic_prodigal_proteins	2407	1103	61.37	12.70	56.65
GCA_009836155.1_ASM983615v1_genomic_prodigal_proteins	1947	GCA_004211895.1_ASM421189v1_genomic_prodigal_proteins	954	462	61.02	12.68	48.43
GCA_009836155.1_ASM983615v1_genomic_prodigal_proteins	1947	GCA_003210735.1_ASM321073v1_genomic_prodigal_proteins	2337	814	60.39	12.80	41.81
GCA_009836155.1_ASM983615v1_genomic_prodigal_proteins	1947	GCA_003209035.1_ASM320903v1_genomic_prodigal_proteins	1803	596	61.23	12.75	33.06
GCA_009836155.1_ASM983615v1_genomic_prodigal_proteins	1947	GCA_003712085.1_ASM371208v1_genomic_prodigal_proteins	2745	1128	61.47	12.57	57.94
GCA_009836155.1_ASM983615v1_genomic_prodigal_proteins	1947	GCA_003212155.1_ASM321215v1_genomic_prodigal_proteins	262	72	59.18	15.58	27.48
GCA_009836155.1_ASM983615v1_genomic_prodigal_proteins	1947	GCA_001040845.1_ASM104084v1_genomic_prodigal_proteins	2917	1119	60.88	12.74	57.47
GCA_009836155.1_ASM983615v1_genomic_prodigal_proteins	1947	GCA_002018015.1_ASM201801v1_genomic_prodigal_proteins	1578	1036	87.22	7.99	65.65
GCA_009836155.1_ASM983615v1_genomic_prodigal_proteins	1947	GCA_003211255.1_ASM321125v1_genomic_prodigal_proteins	1850	612	60.52	12.61	33.08
GCA_009836155.1_ASM983615v1_genomic_prodigal_proteins	1947	GCA_002721235.1_ASM272123v1_genomic_prodigal_proteins	3119	876	53.58	12.13	44.99
GCA_009836155.1_ASM983615v1_genomic_prodigal_proteins	1947	GCA_009839305.1_ASM983930v1_genomic_prodigal_proteins	1816	1065	87.23	8.36	58.65
GCA_009836155.1_ASM983615v1_genomic_prodigal_proteins	1947	GCA_011365345.1_ASM1136534v1_genomic_prodigal_proteins	2655	1108	61.30	12.79	56.91
GCA_009836155.1_ASM983615v1_genomic_prodigal_proteins	1947	GCA_001039265.1_ASM103926v1_genomic_prodigal_proteins	2832	784	63.72	12.32	40.27
GCA_009836155.1_ASM983615v1_genomic_prodigal_proteins	1947	GCA_001628325.1_ASM162832v1_genomic_prodigal_proteins	2129	1006	61.58	12.47	51.67
GCA_009836155.1_ASM983615v1_genomic_prodigal_proteins	1947	GCA_003209215.1_ASM320921v1_genomic_prodigal_proteins	1679	553	61.14	12.47	32.94
GCA_009836155.1_ASM983615v1_genomic_prodigal_proteins	1947	GCA_002737305.1_ASM273730v1_genomic_prodigal_proteins	1951	896	62.67	12.43	46.02
GCA_009836155.1_ASM983615v1_genomic_prodigal_proteins	1947	GCA_003210515.1_ASM321051v1_genomic_prodigal_proteins	1673	624	60.00	13.12	37.30
GCA_009836155.1_ASM983615v1_genomic_prodigal_proteins	1947	GCA_011525445.1_ASM1152544v1_genomic_prodigal_proteins	3208	911	59.74	12.41	46.79
GCA_009836155.1_ASM983615v1_genomic_prodigal_proteins	1947	GCA_902599435.1_AG-916-N22_genomic_prodigal_proteins	793	272	62.49	12.67	34.30
GCA_009836155.1_ASM983615v1_genomic_prodigal_proteins	1947	GCA_003149585.1_ASM314958v1_genomic_prodigal_proteins	2600	1125	62.14	12.27	57.78
GCA_009836155.1_ASM983615v1_genomic_prodigal_proteins	1947	GCA_902560665.1_AG-905-O11_genomic_prodigal_proteins	401	115	61.26	13.31	28.68
GCA_009836155.1_ASM983615v1_genomic_prodigal_proteins	1947	GCA_003331795.1_ASM333179v1_genomic_prodigal_proteins	1948	927	62.24	12.31	47.61
GCA_009836155.1_ASM983615v1_genomic_prodigal_proteins	1947	GCA_002017955.1_ASM201795v1_genomic_prodigal_proteins	512	298	86.14	8.75	58.20
GCA_009836155.1_ASM983615v1_genomic_prodigal_proteins	1947	GCA_902584485.1_AG-912-O23_genomic_prodigal_proteins	535	144	60.27	13.30	26.92
GCA_009836155.1_ASM983615v1_genomic_prodigal_proteins	1947	GCA_902527915.1_AG-896-G19_genomic_prodigal_proteins	1003	340	62.03	12.84	33.90
GCA_009836155.1_ASM983615v1_genomic_prodigal_proteins	1947	GCA_902635365.1_AG-447-D19_genomic_prodigal_proteins	1690	527	61.21	12.91	31.18
GCA_009836155.1_ASM983615v1_genomic_prodigal_proteins	1947	GCA_900474085.1_UW86_genomic_prodigal_proteins	2403	1103	61.42	12.75	56.65
GCA_009836155.1_ASM983615v1_genomic_prodigal_proteins	1947	GCA_001885215.1_ASM188521v1_genomic_prodigal_proteins	2897	1140	62.15	12.25	58.55
GCA_009836155.1_ASM983615v1_genomic_prodigal_proteins	1947	GCA_902575935.1_AG-426-B22_genomic_prodigal_proteins	254	107	63.30	14.78	42.13
GCA_009836155.1_ASM983615v1_genomic_prodigal_proteins	1947	GCA_900474295.1_UW140_genomic_prodigal_proteins	2925	1103	61.48	12.63	56.65
GCA_009836155.1_ASM983615v1_genomic_prodigal_proteins	1947	GCA_003211565.1_ASM321156v1_genomic_prodigal_proteins	1489	485	61.27	12.90	32.57
GCA_009836155.1_ASM983615v1_genomic_prodigal_proteins	1947	GCA_003526105.1_ASM352610v1_genomic_prodigal_proteins	1581	599	61.95	12.85	37.89
GCA_009836155.1_ASM983615v1_genomic_prodigal_proteins	1947	GCA_002172935.1_ASM217293v1_genomic_prodigal_proteins	1996	870	60.51	12.66	44.68
GCA_009836155.1_ASM983615v1_genomic_prodigal_proteins	1947	GCA_003210335.1_ASM321033v1_genomic_prodigal_proteins	942	204	59.89	13.62	21.66
GCA_009836155.1_ASM983615v1_genomic_prodigal_proteins	1947	GCA_009846115.1_ASM984611v1_genomic_prodigal_proteins	2048	1245	87.06	8.27	63.94
GCA_009836155.1_ASM983615v1_genomic_prodigal_proteins	1947	GCA_001693295.1_ASM169329v1_genomic_prodigal_proteins	3183	872	53.61	12.17	44.79
GCA_009836155.1_ASM983615v1_genomic_prodigal_proteins	1947	GCA_900473965.1_UW179A_genomic_prodigal_proteins	3383	1097	61.03	12.78	56.34
GCA_009836155.1_ASM983615v1_genomic_prodigal_proteins	1947	GCA_003213755.1_ASM321375v1_genomic_prodigal_proteins	1050	398	61.64	12.50	37.90
GCA_009836155.1_ASM983615v1_genomic_prodigal_proteins	1947	GCA_003209155.1_ASM320915v1_genomic_prodigal_proteins	2305	835	60.79	12.65	42.89
GCA_009836155.1_ASM983615v1_genomic_prodigal_proteins	1947	GCA_003211515.1_ASM321151v1_genomic_prodigal_proteins	2451	707	60.84	12.53	36.31
GCA_009836155.1_ASM983615v1_genomic_prodigal_proteins	1947	GCA_002693285.1_ASM269328v1_genomic_prodigal_proteins	2440	968	60.77	12.82	49.72
GCA_009836155.1_ASM983615v1_genomic_prodigal_proteins	1947	GCA_003210555.1_ASM321055v1_genomic_prodigal_proteins	1847	588	60.48	12.61	31.84
GCA_009836155.1_ASM983615v1_genomic_prodigal_proteins	1947	GCA_000155595.1_ASM15559v1_genomic_prodigal_proteins	5270	903	52.70	12.16	46.38
GCA_009836155.1_ASM983615v1_genomic_prodigal_proteins	1947	GCA_001007665.1_ASM100766v1_genomic_prodigal_proteins	2356	1396	86.87	7.91	71.70
GCA_009836155.1_ASM983615v1_genomic_prodigal_proteins	1947	GCA_009919765.1_ASM991976v1_genomic_prodigal_proteins	2524	762	62.04	12.44	39.14
GCA_009836155.1_ASM983615v1_genomic_prodigal_proteins	1947	GCA_003331225.1_ASM333122v1_genomic_prodigal_proteins	2113	988	62.58	12.19	50.74
GCA_009836155.1_ASM983615v1_genomic_prodigal_proteins	1947	GCA_900177825.1_IMG-taxon_2708742468_annotated_assembly_genomic_prodigal_proteins	3317	871	53.52	12.18	44.74
GCA_009836155.1_ASM983615v1_genomic_prodigal_proteins	1947	GCA_000195975.1_ASM19597v1_genomic_prodigal_proteins	2719	1118	61.52	12.54	57.42
GCA_009836155.1_ASM983615v1_genomic_prodigal_proteins	1947	GCA_902618885.1_AG-920-D15_genomic_prodigal_proteins	1178	426	62.39	13.21	36.16
GCA_009836155.1_ASM983615v1_genomic_prodigal_proteins	1947	GCA_003209165.1_ASM320916v1_genomic_prodigal_proteins	2711	944	61.30	12.68	48.48
GCA_009836155.1_ASM983615v1_genomic_prodigal_proteins	1947	GCA_001007625.1_ASM100762v1_genomic_prodigal_proteins	2478	1257	88.00	7.97	64.56
GCA_009836155.1_ASM983615v1_genomic_prodigal_proteins	1947	GCA_008386235.1_ASM838623v1_genomic_prodigal_proteins	2571	875	53.99	12.12	44.94
GCA_009836155.1_ASM983615v1_genomic_prodigal_proteins	1947	GCA_001631935.1_ASM163193v1_genomic_prodigal_proteins	3526	1104	61.04	12.77	56.70
GCA_009836155.1_ASM983615v1_genomic_prodigal_proteins	1947	GCA_002151525.1_ASM215152v1_genomic_prodigal_proteins	1628	800	61.13	12.74	49.14
GCA_009836155.1_ASM983615v1_genomic_prodigal_proteins	1947	GCA_000153065.1_ASM15306v1_genomic_prodigal_proteins	2704	1108	62.26	12.57	56.91
GCA_009836155.1_ASM983615v1_genomic_prodigal_proteins	1947	GCA_009837265.1_ASM983726v1_genomic_prodigal_proteins	2126	1326	87.15	8.21	68.10
GCA_009836155.1_ASM983615v1_genomic_prodigal_proteins	1947	GCA_902533725.1_AG-898-C20_genomic_prodigal_proteins	421	87	63.48	12.61	20.67
GCA_009836155.1_ASM983615v1_genomic_prodigal_proteins	1947	GCA_002171075.2_ASM217107v2_genomic_prodigal_proteins	1919	843	60.66	12.12	43.93
GCA_009836155.1_ASM983615v1_genomic_prodigal_proteins	1947	GCA_002760395.1_ASM276039v1_genomic_prodigal_proteins	2661	780	53.27	11.50	40.06
GCA_009836155.1_ASM983615v1_genomic_prodigal_proteins	1947	GCA_003209005.1_ASM320900v1_genomic_prodigal_proteins	2548	913	60.71	12.83	46.89
GCA_009836155.1_ASM983615v1_genomic_prodigal_proteins	1947	GCA_002017915.1_ASM201791v1_genomic_prodigal_proteins	623	380	87.01	9.90	61.00
GCA_009836155.1_ASM983615v1_genomic_prodigal_proteins	1947	GCA_900047545.1_m9_genomic_prodigal_proteins	1575	1069	86.55	7.94	67.87
GCA_009836155.1_ASM983615v1_genomic_prodigal_proteins	1947	GCA_001632105.1_ASM163210v1_genomic_prodigal_proteins	3521	1107	61.01	12.81	56.86
GCA_009836155.1_ASM983615v1_genomic_prodigal_proteins	1947	GCA_004212765.1_ASM421276v1_genomic_prodigal_proteins	1162	548	61.49	12.40	47.16
GCA_009836155.1_ASM983615v1_genomic_prodigal_proteins	1947	GCA_002685515.1_ASM268551v1_genomic_prodigal_proteins	1286	592	59.97	12.56	46.03
GCA_009836155.1_ASM983615v1_genomic_prodigal_proteins	1947	GCA_007828135.1_ASM782813v1_genomic_prodigal_proteins	2917	1140	62.14	12.25	58.55
GCA_009836155.1_ASM983615v1_genomic_prodigal_proteins	1947	GCA_011047875.1_ASM1104787v1_genomic_prodigal_proteins	2810	790	53.27	11.46	40.58
GCA_009836155.1_ASM983615v1_genomic_prodigal_proteins	1947	GCA_009840445.1_ASM984044v1_genomic_prodigal_proteins	2167	1421	87.19	8.12	72.98
GCA_009836155.1_ASM983615v1_genomic_prodigal_proteins	1947	GCA_003210995.1_ASM321099v1_genomic_prodigal_proteins	2385	792	61.06	13.00	40.68
GCA_009836155.1_ASM983615v1_genomic_prodigal_proteins	1947	GCA_902616995.1_AG-919-L20_genomic_prodigal_proteins	654	197	60.99	12.73	30.12
GCA_009836155.1_ASM983615v1_genomic_prodigal_proteins	1947	GCA_009845825.1_ASM984582v1_genomic_prodigal_proteins	2168	1463	98.94	3.14	75.14
GCA_009836155.1_ASM983615v1_genomic_prodigal_proteins	1947	GCA_000515235.1_ASM51523v1_genomic_prodigal_proteins	2873	1112	61.31	12.64	57.11
GCA_009836155.1_ASM983615v1_genomic_prodigal_proteins	1947	GCA_003523965.1_ASM352396v1_genomic_prodigal_proteins	1735	966	89.92	7.91	55.68
GCA_009836155.1_ASM983615v1_genomic_prodigal_proteins	1947	GCA_002684175.1_ASM268417v1_genomic_prodigal_proteins	1819	682	59.20	12.39	37.49
GCA_009836155.1_ASM983615v1_genomic_prodigal_proteins	1947	GCA_011523295.1_ASM1152329v1_genomic_prodigal_proteins	2851	842	59.54	12.49	43.25
GCA_009836155.1_ASM983615v1_genomic_prodigal_proteins	1947	GCA_003211015.1_ASM321101v1_genomic_prodigal_proteins	2128	806	60.27	12.74	41.40
GCA_009836155.1_ASM983615v1_genomic_prodigal_proteins	1947	GCA_002006815.1_ASM200681v1_genomic_prodigal_proteins	1973	1005	61.79	12.38	51.62
GCA_003331245.1_ASM333124v1_genomic_prodigal_proteins	2021	GCA_009843385.1_ASM984338v1_genomic_prodigal_proteins	2085	802	61.26	12.34	39.68
GCA_003331245.1_ASM333124v1_genomic_prodigal_proteins	2021	GCA_003211205.1_ASM321120v1_genomic_prodigal_proteins	2288	1209	70.38	13.36	59.82
GCA_003331245.1_ASM333124v1_genomic_prodigal_proteins	2021	GCA_000063505.1_ASM6350v1_genomic_prodigal_proteins	2558	1538	71.17	13.57	76.10
GCA_003331245.1_ASM333124v1_genomic_prodigal_proteins	2021	GCA_900474245.1_UW179B_genomic_prodigal_proteins	2743	1536	70.42	13.35	76.00
GCA_003331245.1_ASM333124v1_genomic_prodigal_proteins	2021	GCA_003210345.1_ASM321034v1_genomic_prodigal_proteins	1256	645	74.15	12.91	51.35
GCA_003331245.1_ASM333124v1_genomic_prodigal_proteins	2021	GCA_003210315.1_ASM321031v1_genomic_prodigal_proteins	1815	931	69.46	13.59	51.29
GCA_003331245.1_ASM333124v1_genomic_prodigal_proteins	2021	GCA_009836155.1_ASM983615v1_genomic_prodigal_proteins	1947	922	61.03	12.23	47.35
GCA_003331245.1_ASM333124v1_genomic_prodigal_proteins	2021	GCA_003990665.2_ASM399066v2_genomic_prodigal_proteins	2499	842	53.58	11.93	41.66
GCA_003331245.1_ASM333124v1_genomic_prodigal_proteins	2021	GCA_003209135.1_ASM320913v1_genomic_prodigal_proteins	1719	876	76.00	13.38	50.96
GCA_003331245.1_ASM333124v1_genomic_prodigal_proteins	2021	GCA_009845105.1_ASM984510v1_genomic_prodigal_proteins	1941	785	60.34	12.51	40.44
GCA_003331245.1_ASM333124v1_genomic_prodigal_proteins	2021	GCA_002690325.1_ASM269032v1_genomic_prodigal_proteins	2554	1486	74.63	13.25	73.53
GCA_003331245.1_ASM333124v1_genomic_prodigal_proteins	2021	GCA_000161795.2_ASM16179v2_genomic_prodigal_proteins	2407	1555	76.81	12.55	76.94
GCA_003331245.1_ASM333124v1_genomic_prodigal_proteins	2021	GCA_004211895.1_ASM421189v1_genomic_prodigal_proteins	954	685	77.35	12.70	71.80
GCA_003331245.1_ASM333124v1_genomic_prodigal_proteins	2021	GCA_003210735.1_ASM321073v1_genomic_prodigal_proteins	2337	1202	75.37	12.64	59.48
GCA_003331245.1_ASM333124v1_genomic_prodigal_proteins	2021	GCA_003209035.1_ASM320903v1_genomic_prodigal_proteins	1803	893	75.39	12.74	49.53
GCA_003331245.1_ASM333124v1_genomic_prodigal_proteins	2021	GCA_003712085.1_ASM371208v1_genomic_prodigal_proteins	2745	1653	77.96	12.47	81.79
GCA_003331245.1_ASM333124v1_genomic_prodigal_proteins	2021	GCA_003212155.1_ASM321215v1_genomic_prodigal_proteins	262	52	58.20	16.12	19.85
GCA_003331245.1_ASM333124v1_genomic_prodigal_proteins	2021	GCA_001040845.1_ASM104084v1_genomic_prodigal_proteins	2917	1538	70.27	13.36	76.10
GCA_003331245.1_ASM333124v1_genomic_prodigal_proteins	2021	GCA_002018015.1_ASM201801v1_genomic_prodigal_proteins	1578	729	61.90	12.30	46.20
GCA_003331245.1_ASM333124v1_genomic_prodigal_proteins	2021	GCA_003211255.1_ASM321125v1_genomic_prodigal_proteins	1850	910	74.82	13.10	49.19
GCA_003331245.1_ASM333124v1_genomic_prodigal_proteins	2021	GCA_002721235.1_ASM272123v1_genomic_prodigal_proteins	3119	909	53.07	12.32	44.98
GCA_003331245.1_ASM333124v1_genomic_prodigal_proteins	2021	GCA_009839305.1_ASM983930v1_genomic_prodigal_proteins	1816	725	61.34	12.63	39.92
GCA_003331245.1_ASM333124v1_genomic_prodigal_proteins	2021	GCA_011365345.1_ASM1136534v1_genomic_prodigal_proteins	2655	1636	76.53	12.75	80.95
GCA_003331245.1_ASM333124v1_genomic_prodigal_proteins	2021	GCA_001039265.1_ASM103926v1_genomic_prodigal_proteins	2832	920	68.01	13.58	45.52
GCA_003331245.1_ASM333124v1_genomic_prodigal_proteins	2021	GCA_001628325.1_ASM162832v1_genomic_prodigal_proteins	2129	1467	77.33	12.53	72.59
GCA_003331245.1_ASM333124v1_genomic_prodigal_proteins	2021	GCA_003209215.1_ASM320921v1_genomic_prodigal_proteins	1679	797	75.75	13.41	47.47
GCA_003331245.1_ASM333124v1_genomic_prodigal_proteins	2021	GCA_002737305.1_ASM273730v1_genomic_prodigal_proteins	1951	1023	66.68	13.38	52.43
GCA_003331245.1_ASM333124v1_genomic_prodigal_proteins	2021	GCA_003210515.1_ASM321051v1_genomic_prodigal_proteins	1673	956	74.76	12.88	57.14
GCA_003331245.1_ASM333124v1_genomic_prodigal_proteins	2021	GCA_011525445.1_ASM1152544v1_genomic_prodigal_proteins	3208	1286	69.60	13.61	63.63
GCA_003331245.1_ASM333124v1_genomic_prodigal_proteins	2021	GCA_902599435.1_AG-916-N22_genomic_prodigal_proteins	793	387	78.26	12.66	48.80
GCA_003331245.1_ASM333124v1_genomic_prodigal_proteins	2021	GCA_003149585.1_ASM314958v1_genomic_prodigal_proteins	2600	1408	66.70	13.49	69.67
GCA_003331245.1_ASM333124v1_genomic_prodigal_proteins	2021	GCA_902560665.1_AG-905-O11_genomic_prodigal_proteins	401	158	77.32	13.11	39.40
GCA_003331245.1_ASM333124v1_genomic_prodigal_proteins	2021	GCA_003331795.1_ASM333179v1_genomic_prodigal_proteins	1948	1142	65.73	13.96	58.62
GCA_003331245.1_ASM333124v1_genomic_prodigal_proteins	2021	GCA_002017955.1_ASM201795v1_genomic_prodigal_proteins	512	212	61.63	12.50	41.41
GCA_003331245.1_ASM333124v1_genomic_prodigal_proteins	2021	GCA_902584485.1_AG-912-O23_genomic_prodigal_proteins	535	202	75.54	13.54	37.76
GCA_003331245.1_ASM333124v1_genomic_prodigal_proteins	2021	GCA_902527915.1_AG-896-G19_genomic_prodigal_proteins	1003	489	76.44	13.27	48.75
GCA_003331245.1_ASM333124v1_genomic_prodigal_proteins	2021	GCA_902635365.1_AG-447-D19_genomic_prodigal_proteins	1690	789	75.52	13.05	46.69
GCA_003331245.1_ASM333124v1_genomic_prodigal_proteins	2021	GCA_900474085.1_UW86_genomic_prodigal_proteins	2403	1570	77.16	12.48	77.68
GCA_003331245.1_ASM333124v1_genomic_prodigal_proteins	2021	GCA_001885215.1_ASM188521v1_genomic_prodigal_proteins	2897	1339	66.14	12.83	66.25
GCA_003331245.1_ASM333124v1_genomic_prodigal_proteins	2021	GCA_902575935.1_AG-426-B22_genomic_prodigal_proteins	254	129	78.04	14.04	50.79
GCA_003331245.1_ASM333124v1_genomic_prodigal_proteins	2021	GCA_900474295.1_UW140_genomic_prodigal_proteins	2925	1552	71.05	13.49	76.79
GCA_003331245.1_ASM333124v1_genomic_prodigal_proteins	2021	GCA_003211565.1_ASM321156v1_genomic_prodigal_proteins	1489	785	75.77	13.07	52.72
GCA_003331245.1_ASM333124v1_genomic_prodigal_proteins	2021	GCA_003526105.1_ASM352610v1_genomic_prodigal_proteins	1581	890	77.50	12.86	56.29
GCA_003331245.1_ASM333124v1_genomic_prodigal_proteins	2021	GCA_002172935.1_ASM217293v1_genomic_prodigal_proteins	1996	1244	70.59	13.53	62.32
GCA_003331245.1_ASM333124v1_genomic_prodigal_proteins	2021	GCA_003210335.1_ASM321033v1_genomic_prodigal_proteins	942	302	66.43	14.31	32.06
GCA_003331245.1_ASM333124v1_genomic_prodigal_proteins	2021	GCA_009846115.1_ASM984611v1_genomic_prodigal_proteins	2048	861	61.15	12.23	42.60
GCA_003331245.1_ASM333124v1_genomic_prodigal_proteins	2021	GCA_001693295.1_ASM169329v1_genomic_prodigal_proteins	3183	908	52.83	12.35	44.93
GCA_003331245.1_ASM333124v1_genomic_prodigal_proteins	2021	GCA_900473965.1_UW179A_genomic_prodigal_proteins	3383	1565	70.58	13.58	77.44
GCA_003331245.1_ASM333124v1_genomic_prodigal_proteins	2021	GCA_003213755.1_ASM321375v1_genomic_prodigal_proteins	1050	435	64.71	13.74	41.43
GCA_003331245.1_ASM333124v1_genomic_prodigal_proteins	2021	GCA_003209155.1_ASM320915v1_genomic_prodigal_proteins	2305	1232	70.61	13.50	60.96
GCA_003331245.1_ASM333124v1_genomic_prodigal_proteins	2021	GCA_003211515.1_ASM321151v1_genomic_prodigal_proteins	2451	1155	75.05	13.21	57.15
GCA_003331245.1_ASM333124v1_genomic_prodigal_proteins	2021	GCA_002693285.1_ASM269328v1_genomic_prodigal_proteins	2440	1381	70.66	13.47	68.33
GCA_003331245.1_ASM333124v1_genomic_prodigal_proteins	2021	GCA_003210555.1_ASM321055v1_genomic_prodigal_proteins	1847	905	69.55	13.29	49.00
GCA_003331245.1_ASM333124v1_genomic_prodigal_proteins	2021	GCA_000155595.1_ASM15559v1_genomic_prodigal_proteins	5270	922	52.80	12.31	45.62
GCA_003331245.1_ASM333124v1_genomic_prodigal_proteins	2021	GCA_001007665.1_ASM100766v1_genomic_prodigal_proteins	2356	991	60.77	12.30	49.04
GCA_003331245.1_ASM333124v1_genomic_prodigal_proteins	2021	GCA_009919765.1_ASM991976v1_genomic_prodigal_proteins	2524	981	65.89	13.88	48.54
GCA_003331245.1_ASM333124v1_genomic_prodigal_proteins	2021	GCA_003331225.1_ASM333122v1_genomic_prodigal_proteins	2113	1281	65.76	13.84	63.38
GCA_003331245.1_ASM333124v1_genomic_prodigal_proteins	2021	GCA_900177825.1_IMG-taxon_2708742468_annotated_assembly_genomic_prodigal_proteins	3317	895	52.91	12.34	44.29
GCA_003331245.1_ASM333124v1_genomic_prodigal_proteins	2021	GCA_000195975.1_ASM19597v1_genomic_prodigal_proteins	2719	1652	78.10	12.46	81.74
GCA_003331245.1_ASM333124v1_genomic_prodigal_proteins	2021	GCA_902618885.1_AG-920-D15_genomic_prodigal_proteins	1178	686	78.28	13.56	58.23
GCA_003331245.1_ASM333124v1_genomic_prodigal_proteins	2021	GCA_003209165.1_ASM320916v1_genomic_prodigal_proteins	2711	1363	76.37	12.67	67.44
GCA_003331245.1_ASM333124v1_genomic_prodigal_proteins	2021	GCA_001007625.1_ASM100762v1_genomic_prodigal_proteins	2478	859	61.11	12.36	42.50
GCA_003331245.1_ASM333124v1_genomic_prodigal_proteins	2021	GCA_008386235.1_ASM838623v1_genomic_prodigal_proteins	2571	840	53.51	12.00	41.56
GCA_003331245.1_ASM333124v1_genomic_prodigal_proteins	2021	GCA_001631935.1_ASM163193v1_genomic_prodigal_proteins	3526	1550	70.56	13.44	76.69
GCA_003331245.1_ASM333124v1_genomic_prodigal_proteins	2021	GCA_002151525.1_ASM215152v1_genomic_prodigal_proteins	1628	905	63.82	13.70	55.59
GCA_003331245.1_ASM333124v1_genomic_prodigal_proteins	2021	GCA_000153065.1_ASM15306v1_genomic_prodigal_proteins	2704	1493	71.87	13.20	73.87
GCA_003331245.1_ASM333124v1_genomic_prodigal_proteins	2021	GCA_009837265.1_ASM983726v1_genomic_prodigal_proteins	2126	904	61.07	12.23	44.73
GCA_003331245.1_ASM333124v1_genomic_prodigal_proteins	2021	GCA_902533725.1_AG-898-C20_genomic_prodigal_proteins	421	127	70.42	14.54	30.17
GCA_003331245.1_ASM333124v1_genomic_prodigal_proteins	2021	GCA_002171075.2_ASM217107v2_genomic_prodigal_proteins	1919	1040	63.93	13.55	54.19
GCA_003331245.1_ASM333124v1_genomic_prodigal_proteins	2021	GCA_002760395.1_ASM276039v1_genomic_prodigal_proteins	2661	735	52.97	11.37	36.37
GCA_003331245.1_ASM333124v1_genomic_prodigal_proteins	2021	GCA_003209005.1_ASM320900v1_genomic_prodigal_proteins	2548	1285	70.16	13.46	63.58
GCA_003331245.1_ASM333124v1_genomic_prodigal_proteins	2021	GCA_002017915.1_ASM201791v1_genomic_prodigal_proteins	623	258	62.91	12.69	41.41
GCA_003331245.1_ASM333124v1_genomic_prodigal_proteins	2021	GCA_900047545.1_m9_genomic_prodigal_proteins	1575	747	61.02	12.28	47.43
GCA_003331245.1_ASM333124v1_genomic_prodigal_proteins	2021	GCA_001632105.1_ASM163210v1_genomic_prodigal_proteins	3521	1558	70.58	13.41	77.09
GCA_003331245.1_ASM333124v1_genomic_prodigal_proteins	2021	GCA_004212765.1_ASM421276v1_genomic_prodigal_proteins	1162	860	78.04	12.49	74.01
GCA_003331245.1_ASM333124v1_genomic_prodigal_proteins	2021	GCA_002685515.1_ASM268551v1_genomic_prodigal_proteins	1286	822	70.01	13.45	63.92
GCA_003331245.1_ASM333124v1_genomic_prodigal_proteins	2021	GCA_007828135.1_ASM782813v1_genomic_prodigal_proteins	2917	1339	66.15	12.82	66.25
GCA_003331245.1_ASM333124v1_genomic_prodigal_proteins	2021	GCA_011047875.1_ASM1104787v1_genomic_prodigal_proteins	2810	751	52.85	11.50	37.16
GCA_003331245.1_ASM333124v1_genomic_prodigal_proteins	2021	GCA_009840445.1_ASM984044v1_genomic_prodigal_proteins	2167	993	61.11	12.25	49.13
GCA_003331245.1_ASM333124v1_genomic_prodigal_proteins	2021	GCA_003210995.1_ASM321099v1_genomic_prodigal_proteins	2385	1150	70.27	13.84	56.90
GCA_003331245.1_ASM333124v1_genomic_prodigal_proteins	2021	GCA_902616995.1_AG-919-L20_genomic_prodigal_proteins	654	316	77.30	13.36	48.32
GCA_003331245.1_ASM333124v1_genomic_prodigal_proteins	2021	GCA_009845825.1_ASM984582v1_genomic_prodigal_proteins	2168	838	61.20	12.13	41.46
GCA_003331245.1_ASM333124v1_genomic_prodigal_proteins	2021	GCA_000515235.1_ASM51523v1_genomic_prodigal_proteins	2873	1662	77.04	12.47	82.24
GCA_003331245.1_ASM333124v1_genomic_prodigal_proteins	2021	GCA_003523965.1_ASM352396v1_genomic_prodigal_proteins	1735	639	61.85	12.79	36.83
GCA_003331245.1_ASM333124v1_genomic_prodigal_proteins	2021	GCA_002684175.1_ASM268417v1_genomic_prodigal_proteins	1819	1027	74.27	12.13	56.46
GCA_003331245.1_ASM333124v1_genomic_prodigal_proteins	2021	GCA_011523295.1_ASM1152329v1_genomic_prodigal_proteins	2851	1329	74.15	12.93	65.76
GCA_003331245.1_ASM333124v1_genomic_prodigal_proteins	2021	GCA_003211015.1_ASM321101v1_genomic_prodigal_proteins	2128	1128	70.69	13.55	55.81
GCA_003331245.1_ASM333124v1_genomic_prodigal_proteins	2021	GCA_002006815.1_ASM200681v1_genomic_prodigal_proteins	1973	1144	63.97	13.51	57.98
GCA_008807075.1_ASM880707v1_genomic_prodigal_proteins	2925	GCA_000179235.2_ASM17923v2_genomic_prodigal_proteins	3071	1769	67.27	13.28	60.48
GCA_008807075.1_ASM880707v1_genomic_prodigal_proteins	2925	GCA_003210795.1_ASM321079v1_genomic_prodigal_proteins	2239	1193	65.53	13.56	53.28
GCA_008807075.1_ASM880707v1_genomic_prodigal_proteins	2925	GCA_002706715.1_ASM270671v1_genomic_prodigal_proteins	1148	808	66.57	13.52	70.38
GCA_008807075.1_ASM880707v1_genomic_prodigal_proteins	2925	GCA_003331245.1_ASM333124v1_genomic_prodigal_proteins	2021	1382	66.47	13.04	68.38
GCA_008807075.1_ASM880707v1_genomic_prodigal_proteins	2925	GCA_009843385.1_ASM984338v1_genomic_prodigal_proteins	2085	972	62.14	12.84	46.62
GCA_008807075.1_ASM880707v1_genomic_prodigal_proteins	2925	GCA_003211205.1_ASM321120v1_genomic_prodigal_proteins	2288	1265	65.76	13.68	55.29
GCA_008807075.1_ASM880707v1_genomic_prodigal_proteins	2925	GCA_000063505.1_ASM6350v1_genomic_prodigal_proteins	2558	1689	66.56	13.89	66.03
GCA_008807075.1_ASM880707v1_genomic_prodigal_proteins	2925	GCA_900474245.1_UW179B_genomic_prodigal_proteins	2743	1682	65.74	13.79	61.32
GCA_008807075.1_ASM880707v1_genomic_prodigal_proteins	2925	GCA_003210345.1_ASM321034v1_genomic_prodigal_proteins	1256	667	64.57	13.48	53.11
GCA_008807075.1_ASM880707v1_genomic_prodigal_proteins	2925	GCA_003210315.1_ASM321031v1_genomic_prodigal_proteins	1815	999	64.81	13.82	55.04
GCA_008807075.1_ASM880707v1_genomic_prodigal_proteins	2925	GCA_009836155.1_ASM983615v1_genomic_prodigal_proteins	1947	1090	62.22	12.50	55.98
GCA_008807075.1_ASM880707v1_genomic_prodigal_proteins	2925	GCA_003990665.2_ASM399066v2_genomic_prodigal_proteins	2499	1054	54.31	12.55	42.18
GCA_008807075.1_ASM880707v1_genomic_prodigal_proteins	2925	GCA_003209135.1_ASM320913v1_genomic_prodigal_proteins	1719	867	65.16	13.72	50.44
GCA_008807075.1_ASM880707v1_genomic_prodigal_proteins	2925	GCA_009845105.1_ASM984510v1_genomic_prodigal_proteins	1941	919	61.73	12.71	47.35
GCA_008807075.1_ASM880707v1_genomic_prodigal_proteins	2925	GCA_002690325.1_ASM269032v1_genomic_prodigal_proteins	2554	1489	65.00	13.42	58.30
GCA_008807075.1_ASM880707v1_genomic_prodigal_proteins	2925	GCA_000161795.2_ASM16179v2_genomic_prodigal_proteins	2407	1571	66.69	13.33	65.27
GCA_008807075.1_ASM880707v1_genomic_prodigal_proteins	2925	GCA_004211895.1_ASM421189v1_genomic_prodigal_proteins	954	644	66.83	13.03	67.51
GCA_008807075.1_ASM880707v1_genomic_prodigal_proteins	2925	GCA_003210735.1_ASM321073v1_genomic_prodigal_proteins	2337	1217	65.21	13.58	52.08
GCA_008807075.1_ASM880707v1_genomic_prodigal_proteins	2925	GCA_003209035.1_ASM320903v1_genomic_prodigal_proteins	1803	872	64.89	14.06	48.36
GCA_008807075.1_ASM880707v1_genomic_prodigal_proteins	2925	GCA_003712085.1_ASM371208v1_genomic_prodigal_proteins	2745	1662	66.45	13.47	60.55
GCA_008807075.1_ASM880707v1_genomic_prodigal_proteins	2925	GCA_003212155.1_ASM321215v1_genomic_prodigal_proteins	262	82	65.52	16.25	31.30
GCA_008807075.1_ASM880707v1_genomic_prodigal_proteins	2925	GCA_001040845.1_ASM104084v1_genomic_prodigal_proteins	2917	1690	65.56	13.76	57.94
GCA_008807075.1_ASM880707v1_genomic_prodigal_proteins	2925	GCA_002018015.1_ASM201801v1_genomic_prodigal_proteins	1578	879	63.14	12.65	55.70
GCA_008807075.1_ASM880707v1_genomic_prodigal_proteins	2925	GCA_003211255.1_ASM321125v1_genomic_prodigal_proteins	1850	912	64.76	13.70	49.30
GCA_008807075.1_ASM880707v1_genomic_prodigal_proteins	2925	GCA_002721235.1_ASM272123v1_genomic_prodigal_proteins	3119	1145	53.27	12.79	39.15
GCA_008807075.1_ASM880707v1_genomic_prodigal_proteins	2925	GCA_009839305.1_ASM983930v1_genomic_prodigal_proteins	1816	868	62.65	13.15	47.80
GCA_008807075.1_ASM880707v1_genomic_prodigal_proteins	2925	GCA_011365345.1_ASM1136534v1_genomic_prodigal_proteins	2655	1652	66.33	13.54	62.22
GCA_008807075.1_ASM880707v1_genomic_prodigal_proteins	2925	GCA_001039265.1_ASM103926v1_genomic_prodigal_proteins	2832	1183	68.66	13.60	41.77
GCA_008807075.1_ASM880707v1_genomic_prodigal_proteins	2925	GCA_001628325.1_ASM162832v1_genomic_prodigal_proteins	2129	1445	66.67	13.18	67.87
GCA_008807075.1_ASM880707v1_genomic_prodigal_proteins	2925	GCA_003209215.1_ASM320921v1_genomic_prodigal_proteins	1679	836	66.56	13.67	49.79
GCA_008807075.1_ASM880707v1_genomic_prodigal_proteins	2925	GCA_002737305.1_ASM273730v1_genomic_prodigal_proteins	1951	1253	67.62	13.10	64.22
GCA_008807075.1_ASM880707v1_genomic_prodigal_proteins	2925	GCA_003210515.1_ASM321051v1_genomic_prodigal_proteins	1673	932	64.92	13.71	55.71
GCA_008807075.1_ASM880707v1_genomic_prodigal_proteins	2925	GCA_011525445.1_ASM1152544v1_genomic_prodigal_proteins	3208	1393	64.82	13.57	47.62
GCA_008807075.1_ASM880707v1_genomic_prodigal_proteins	2925	GCA_902599435.1_AG-916-N22_genomic_prodigal_proteins	793	395	68.08	13.75	49.81
GCA_008807075.1_ASM880707v1_genomic_prodigal_proteins	2925	GCA_003149585.1_ASM314958v1_genomic_prodigal_proteins	2600	1709	66.38	13.34	65.73
GCA_008807075.1_ASM880707v1_genomic_prodigal_proteins	2925	GCA_902560665.1_AG-905-O11_genomic_prodigal_proteins	401	168	67.18	14.65	41.90
GCA_008807075.1_ASM880707v1_genomic_prodigal_proteins	2925	GCA_003331795.1_ASM333179v1_genomic_prodigal_proteins	1948	1277	65.07	13.76	65.55
GCA_008807075.1_ASM880707v1_genomic_prodigal_proteins	2925	GCA_002017955.1_ASM201795v1_genomic_prodigal_proteins	512	253	63.00	12.17	49.41
GCA_008807075.1_ASM880707v1_genomic_prodigal_proteins	2925	GCA_902584485.1_AG-912-O23_genomic_prodigal_proteins	535	236	64.42	14.03	44.11
GCA_008807075.1_ASM880707v1_genomic_prodigal_proteins	2925	GCA_902527915.1_AG-896-G19_genomic_prodigal_proteins	1003	514	66.73	13.47	51.25
GCA_008807075.1_ASM880707v1_genomic_prodigal_proteins	2925	GCA_902635365.1_AG-447-D19_genomic_prodigal_proteins	1690	792	65.87	13.98	46.86
GCA_008807075.1_ASM880707v1_genomic_prodigal_proteins	2925	GCA_900474085.1_UW86_genomic_prodigal_proteins	2403	1608	66.71	13.23	66.92
GCA_008807075.1_ASM880707v1_genomic_prodigal_proteins	2925	GCA_001885215.1_ASM188521v1_genomic_prodigal_proteins	2897	1755	66.88	12.94	60.58
GCA_008807075.1_ASM880707v1_genomic_prodigal_proteins	2925	GCA_902575935.1_AG-426-B22_genomic_prodigal_proteins	254	137	69.18	15.34	53.94
GCA_008807075.1_ASM880707v1_genomic_prodigal_proteins	2925	GCA_900474295.1_UW140_genomic_prodigal_proteins	2925	1668	66.23	13.63	57.03
GCA_008807075.1_ASM880707v1_genomic_prodigal_proteins	2925	GCA_003211565.1_ASM321156v1_genomic_prodigal_proteins	1489	719	65.68	13.76	48.29
GCA_008807075.1_ASM880707v1_genomic_prodigal_proteins	2925	GCA_003526105.1_ASM352610v1_genomic_prodigal_proteins	1581	855	67.33	13.22	54.08
GCA_008807075.1_ASM880707v1_genomic_prodigal_proteins	2925	GCA_002172935.1_ASM217293v1_genomic_prodigal_proteins	1996	1305	65.36	13.52	65.38
GCA_008807075.1_ASM880707v1_genomic_prodigal_proteins	2925	GCA_003210335.1_ASM321033v1_genomic_prodigal_proteins	942	341	63.28	14.69	36.20
GCA_008807075.1_ASM880707v1_genomic_prodigal_proteins	2925	GCA_009846115.1_ASM984611v1_genomic_prodigal_proteins	2048	1033	61.93	12.81	50.44
GCA_008807075.1_ASM880707v1_genomic_prodigal_proteins	2925	GCA_001693295.1_ASM169329v1_genomic_prodigal_proteins	3183	1140	53.33	12.82	38.97
GCA_008807075.1_ASM880707v1_genomic_prodigal_proteins	2925	GCA_900473965.1_UW179A_genomic_prodigal_proteins	3383	1692	65.64	13.94	57.85
GCA_008807075.1_ASM880707v1_genomic_prodigal_proteins	2925	GCA_003213755.1_ASM321375v1_genomic_prodigal_proteins	1050	544	65.26	14.28	51.81
GCA_008807075.1_ASM880707v1_genomic_prodigal_proteins	2925	GCA_003209155.1_ASM320915v1_genomic_prodigal_proteins	2305	1251	65.52	13.63	54.27
GCA_008807075.1_ASM880707v1_genomic_prodigal_proteins	2925	GCA_003211515.1_ASM321151v1_genomic_prodigal_proteins	2451	1088	65.37	13.81	44.39
GCA_008807075.1_ASM880707v1_genomic_prodigal_proteins	2925	GCA_002693285.1_ASM269328v1_genomic_prodigal_proteins	2440	1470	65.49	13.66	60.25
GCA_008807075.1_ASM880707v1_genomic_prodigal_proteins	2925	GCA_003210555.1_ASM321055v1_genomic_prodigal_proteins	1847	925	65.01	13.77	50.08
GCA_008807075.1_ASM880707v1_genomic_prodigal_proteins	2925	GCA_000155595.1_ASM15559v1_genomic_prodigal_proteins	5270	1167	52.67	12.84	39.90
GCA_008807075.1_ASM880707v1_genomic_prodigal_proteins	2925	GCA_001007665.1_ASM100766v1_genomic_prodigal_proteins	2356	1181	61.76	12.61	50.13
GCA_008807075.1_ASM880707v1_genomic_prodigal_proteins	2925	GCA_009919765.1_ASM991976v1_genomic_prodigal_proteins	2524	1079	65.37	13.50	42.75
GCA_008807075.1_ASM880707v1_genomic_prodigal_proteins	2925	GCA_003331225.1_ASM333122v1_genomic_prodigal_proteins	2113	1393	65.11	13.69	65.93
GCA_008807075.1_ASM880707v1_genomic_prodigal_proteins	2925	GCA_900177825.1_IMG-taxon_2708742468_annotated_assembly_genomic_prodigal_proteins	3317	1121	53.43	12.85	38.32
GCA_008807075.1_ASM880707v1_genomic_prodigal_proteins	2925	GCA_000195975.1_ASM19597v1_genomic_prodigal_proteins	2719	1654	66.80	13.42	60.83
GCA_008807075.1_ASM880707v1_genomic_prodigal_proteins	2925	GCA_902618885.1_AG-920-D15_genomic_prodigal_proteins	1178	638	67.34	14.49	54.16
GCA_008807075.1_ASM880707v1_genomic_prodigal_proteins	2925	GCA_003209165.1_ASM320916v1_genomic_prodigal_proteins	2711	1394	66.27	13.61	51.42
GCA_008807075.1_ASM880707v1_genomic_prodigal_proteins	2925	GCA_001007625.1_ASM100762v1_genomic_prodigal_proteins	2478	1033	61.93	12.83	41.69
GCA_008807075.1_ASM880707v1_genomic_prodigal_proteins	2925	GCA_008386235.1_ASM838623v1_genomic_prodigal_proteins	2571	1064	54.03	12.73	41.38
GCA_008807075.1_ASM880707v1_genomic_prodigal_proteins	2925	GCA_001631935.1_ASM163193v1_genomic_prodigal_proteins	3526	1695	65.62	13.91	57.95
GCA_008807075.1_ASM880707v1_genomic_prodigal_proteins	2925	GCA_002151525.1_ASM215152v1_genomic_prodigal_proteins	1628	1107	63.71	14.01	68.00
GCA_008807075.1_ASM880707v1_genomic_prodigal_proteins	2925	GCA_000153065.1_ASM15306v1_genomic_prodigal_proteins	2704	1721	67.80	13.62	63.65
GCA_008807075.1_ASM880707v1_genomic_prodigal_proteins	2925	GCA_009837265.1_ASM983726v1_genomic_prodigal_proteins	2126	1102	62.11	12.72	51.83
GCA_008807075.1_ASM880707v1_genomic_prodigal_proteins	2925	GCA_902533725.1_AG-898-C20_genomic_prodigal_proteins	421	123	67.20	13.54	29.22
GCA_008807075.1_ASM880707v1_genomic_prodigal_proteins	2925	GCA_002171075.2_ASM217107v2_genomic_prodigal_proteins	1919	1199	63.40	13.32	62.48
GCA_008807075.1_ASM880707v1_genomic_prodigal_proteins	2925	GCA_002760395.1_ASM276039v1_genomic_prodigal_proteins	2661	929	53.49	12.14	34.91
GCA_008807075.1_ASM880707v1_genomic_prodigal_proteins	2925	GCA_003209005.1_ASM320900v1_genomic_prodigal_proteins	2548	1382	65.62	13.67	54.24
GCA_008807075.1_ASM880707v1_genomic_prodigal_proteins	2925	GCA_002017915.1_ASM201791v1_genomic_prodigal_proteins	623	321	64.01	13.53	51.52
GCA_008807075.1_ASM880707v1_genomic_prodigal_proteins	2925	GCA_900047545.1_m9_genomic_prodigal_proteins	1575	900	62.05	12.61	57.14
GCA_008807075.1_ASM880707v1_genomic_prodigal_proteins	2925	GCA_001632105.1_ASM163210v1_genomic_prodigal_proteins	3521	1701	65.58	13.87	58.15
GCA_008807075.1_ASM880707v1_genomic_prodigal_proteins	2925	GCA_004212765.1_ASM421276v1_genomic_prodigal_proteins	1162	801	66.20	13.49	68.93
GCA_008807075.1_ASM880707v1_genomic_prodigal_proteins	2925	GCA_002685515.1_ASM268551v1_genomic_prodigal_proteins	1286	865	65.14	13.17	67.26
GCA_008807075.1_ASM880707v1_genomic_prodigal_proteins	2925	GCA_007828135.1_ASM782813v1_genomic_prodigal_proteins	2917	1753	66.84	12.97	60.10
GCA_008807075.1_ASM880707v1_genomic_prodigal_proteins	2925	GCA_011047875.1_ASM1104787v1_genomic_prodigal_proteins	2810	939	53.30	12.30	33.42
GCA_008807075.1_ASM880707v1_genomic_prodigal_proteins	2925	GCA_009840445.1_ASM984044v1_genomic_prodigal_proteins	2167	1208	61.97	12.80	55.75
GCA_008807075.1_ASM880707v1_genomic_prodigal_proteins	2925	GCA_003210995.1_ASM321099v1_genomic_prodigal_proteins	2385	1203	65.57	14.05	50.44
GCA_008807075.1_ASM880707v1_genomic_prodigal_proteins	2925	GCA_902616995.1_AG-919-L20_genomic_prodigal_proteins	654	320	66.19	13.80	48.93
GCA_008807075.1_ASM880707v1_genomic_prodigal_proteins	2925	GCA_009845825.1_ASM984582v1_genomic_prodigal_proteins	2168	1014	62.19	12.74	46.77
GCA_008807075.1_ASM880707v1_genomic_prodigal_proteins	2925	GCA_000515235.1_ASM51523v1_genomic_prodigal_proteins	2873	1668	66.08	13.73	58.06
GCA_008807075.1_ASM880707v1_genomic_prodigal_proteins	2925	GCA_003523965.1_ASM352396v1_genomic_prodigal_proteins	1735	770	63.21	12.81	44.38
GCA_008807075.1_ASM880707v1_genomic_prodigal_proteins	2925	GCA_002684175.1_ASM268417v1_genomic_prodigal_proteins	1819	991	63.87	13.22	54.48
GCA_008807075.1_ASM880707v1_genomic_prodigal_proteins	2925	GCA_011523295.1_ASM1152329v1_genomic_prodigal_proteins	2851	1292	64.26	13.59	45.32
GCA_008807075.1_ASM880707v1_genomic_prodigal_proteins	2925	GCA_003211015.1_ASM321101v1_genomic_prodigal_proteins	2128	1203	65.76	13.51	56.53
GCA_008807075.1_ASM880707v1_genomic_prodigal_proteins	2925	GCA_002006815.1_ASM200681v1_genomic_prodigal_proteins	1973	1383	64.10	13.82	70.10
GCA_009843385.1_ASM984338v1_genomic_prodigal_proteins	2085	GCA_003211205.1_ASM321120v1_genomic_prodigal_proteins	2288	776	60.55	13.19	37.22
GCA_009843385.1_ASM984338v1_genomic_prodigal_proteins	2085	GCA_000063505.1_ASM6350v1_genomic_prodigal_proteins	2558	975	61.37	12.92	46.76
GCA_009843385.1_ASM984338v1_genomic_prodigal_proteins	2085	GCA_900474245.1_UW179B_genomic_prodigal_proteins	2743	970	60.99	12.98	46.52
GCA_009843385.1_ASM984338v1_genomic_prodigal_proteins	2085	GCA_003210345.1_ASM321034v1_genomic_prodigal_proteins	1256	405	59.51	12.67	32.25
GCA_009843385.1_ASM984338v1_genomic_prodigal_proteins	2085	GCA_003210315.1_ASM321031v1_genomic_prodigal_proteins	1815	575	60.63	12.84	31.68
GCA_009843385.1_ASM984338v1_genomic_prodigal_proteins	2085	GCA_009836155.1_ASM983615v1_genomic_prodigal_proteins	1947	1410	98.66	4.30	72.42
GCA_009843385.1_ASM984338v1_genomic_prodigal_proteins	2085	GCA_003990665.2_ASM399066v2_genomic_prodigal_proteins	2499	755	54.57	12.23	36.21
GCA_009843385.1_ASM984338v1_genomic_prodigal_proteins	2085	GCA_003209135.1_ASM320913v1_genomic_prodigal_proteins	1719	517	60.31	12.82	30.08
GCA_009843385.1_ASM984338v1_genomic_prodigal_proteins	2085	GCA_009845105.1_ASM984510v1_genomic_prodigal_proteins	1941	1195	97.44	5.50	61.57
GCA_009843385.1_ASM984338v1_genomic_prodigal_proteins	2085	GCA_002690325.1_ASM269032v1_genomic_prodigal_proteins	2554	887	60.34	12.64	42.54
GCA_009843385.1_ASM984338v1_genomic_prodigal_proteins	2085	GCA_000161795.2_ASM16179v2_genomic_prodigal_proteins	2407	968	61.60	12.73	46.43
GCA_009843385.1_ASM984338v1_genomic_prodigal_proteins	2085	GCA_004211895.1_ASM421189v1_genomic_prodigal_proteins	954	411	61.26	12.50	43.08
GCA_009843385.1_ASM984338v1_genomic_prodigal_proteins	2085	GCA_003210735.1_ASM321073v1_genomic_prodigal_proteins	2337	712	60.77	12.82	34.15
GCA_009843385.1_ASM984338v1_genomic_prodigal_proteins	2085	GCA_003209035.1_ASM320903v1_genomic_prodigal_proteins	1803	536	61.44	13.00	29.73
GCA_009843385.1_ASM984338v1_genomic_prodigal_proteins	2085	GCA_003712085.1_ASM371208v1_genomic_prodigal_proteins	2745	985	61.60	12.66	47.24
GCA_009843385.1_ASM984338v1_genomic_prodigal_proteins	2085	GCA_003212155.1_ASM321215v1_genomic_prodigal_proteins	262	71	59.14	15.76	27.10
GCA_009843385.1_ASM984338v1_genomic_prodigal_proteins	2085	GCA_001040845.1_ASM104084v1_genomic_prodigal_proteins	2917	981	60.80	12.99	47.05
GCA_009843385.1_ASM984338v1_genomic_prodigal_proteins	2085	GCA_002018015.1_ASM201801v1_genomic_prodigal_proteins	1578	932	87.03	8.43	59.06
GCA_009843385.1_ASM984338v1_genomic_prodigal_proteins	2085	GCA_003211255.1_ASM321125v1_genomic_prodigal_proteins	1850	537	60.46	12.84	29.03
GCA_009843385.1_ASM984338v1_genomic_prodigal_proteins	2085	GCA_002721235.1_ASM272123v1_genomic_prodigal_proteins	3119	770	53.85	12.36	36.93
GCA_009843385.1_ASM984338v1_genomic_prodigal_proteins	2085	GCA_009839305.1_ASM983930v1_genomic_prodigal_proteins	1816	1009	86.70	9.25	55.56
GCA_009843385.1_ASM984338v1_genomic_prodigal_proteins	2085	GCA_011365345.1_ASM1136534v1_genomic_prodigal_proteins	2655	978	61.52	12.80	46.91
GCA_009843385.1_ASM984338v1_genomic_prodigal_proteins	2085	GCA_001039265.1_ASM103926v1_genomic_prodigal_proteins	2832	689	63.88	12.53	33.05
GCA_009843385.1_ASM984338v1_genomic_prodigal_proteins	2085	GCA_001628325.1_ASM162832v1_genomic_prodigal_proteins	2129	889	61.67	12.54	42.64
GCA_009843385.1_ASM984338v1_genomic_prodigal_proteins	2085	GCA_003209215.1_ASM320921v1_genomic_prodigal_proteins	1679	507	60.97	12.40	30.20
GCA_009843385.1_ASM984338v1_genomic_prodigal_proteins	2085	GCA_002737305.1_ASM273730v1_genomic_prodigal_proteins	1951	788	62.64	12.59	40.39
GCA_009843385.1_ASM984338v1_genomic_prodigal_proteins	2085	GCA_003210515.1_ASM321051v1_genomic_prodigal_proteins	1673	551	59.91	13.06	32.93
GCA_009843385.1_ASM984338v1_genomic_prodigal_proteins	2085	GCA_011525445.1_ASM1152544v1_genomic_prodigal_proteins	3208	813	59.77	12.76	38.99
GCA_009843385.1_ASM984338v1_genomic_prodigal_proteins	2085	GCA_902599435.1_AG-916-N22_genomic_prodigal_proteins	793	236	62.89	12.98	29.76
GCA_009843385.1_ASM984338v1_genomic_prodigal_proteins	2085	GCA_003149585.1_ASM314958v1_genomic_prodigal_proteins	2600	999	62.06	12.57	47.91
GCA_009843385.1_ASM984338v1_genomic_prodigal_proteins	2085	GCA_902560665.1_AG-905-O11_genomic_prodigal_proteins	401	108	61.34	13.62	26.93
GCA_009843385.1_ASM984338v1_genomic_prodigal_proteins	2085	GCA_003331795.1_ASM333179v1_genomic_prodigal_proteins	1948	820	62.51	12.34	42.09
GCA_009843385.1_ASM984338v1_genomic_prodigal_proteins	2085	GCA_002017955.1_ASM201795v1_genomic_prodigal_proteins	512	261	85.87	9.47	50.98
GCA_009843385.1_ASM984338v1_genomic_prodigal_proteins	2085	GCA_902584485.1_AG-912-O23_genomic_prodigal_proteins	535	120	60.48	13.94	22.43
GCA_009843385.1_ASM984338v1_genomic_prodigal_proteins	2085	GCA_902527915.1_AG-896-G19_genomic_prodigal_proteins	1003	307	62.02	12.90	30.61
GCA_009843385.1_ASM984338v1_genomic_prodigal_proteins	2085	GCA_902635365.1_AG-447-D19_genomic_prodigal_proteins	1690	449	61.25	13.28	26.57
GCA_009843385.1_ASM984338v1_genomic_prodigal_proteins	2085	GCA_900474085.1_UW86_genomic_prodigal_proteins	2403	975	61.57	12.83	46.76
GCA_009843385.1_ASM984338v1_genomic_prodigal_proteins	2085	GCA_001885215.1_ASM188521v1_genomic_prodigal_proteins	2897	996	62.28	12.37	47.77
GCA_009843385.1_ASM984338v1_genomic_prodigal_proteins	2085	GCA_902575935.1_AG-426-B22_genomic_prodigal_proteins	254	97	63.98	14.66	38.19
GCA_009843385.1_ASM984338v1_genomic_prodigal_proteins	2085	GCA_900474295.1_UW140_genomic_prodigal_proteins	2925	972	61.36	12.87	46.62
GCA_009843385.1_ASM984338v1_genomic_prodigal_proteins	2085	GCA_003211565.1_ASM321156v1_genomic_prodigal_proteins	1489	417	61.26	13.18	28.01
GCA_009843385.1_ASM984338v1_genomic_prodigal_proteins	2085	GCA_003526105.1_ASM352610v1_genomic_prodigal_proteins	1581	544	62.13	12.88	34.41
GCA_009843385.1_ASM984338v1_genomic_prodigal_proteins	2085	GCA_002172935.1_ASM217293v1_genomic_prodigal_proteins	1996	762	60.68	12.66	38.18
GCA_009843385.1_ASM984338v1_genomic_prodigal_proteins	2085	GCA_003210335.1_ASM321033v1_genomic_prodigal_proteins	942	178	59.62	13.58	18.90
GCA_009843385.1_ASM984338v1_genomic_prodigal_proteins	2085	GCA_009846115.1_ASM984611v1_genomic_prodigal_proteins	2048	1165	86.49	9.18	56.88
GCA_009843385.1_ASM984338v1_genomic_prodigal_proteins	2085	GCA_001693295.1_ASM169329v1_genomic_prodigal_proteins	3183	767	53.90	12.40	36.79
GCA_009843385.1_ASM984338v1_genomic_prodigal_proteins	2085	GCA_900473965.1_UW179A_genomic_prodigal_proteins	3383	968	60.98	12.96	46.43
GCA_009843385.1_ASM984338v1_genomic_prodigal_proteins	2085	GCA_003213755.1_ASM321375v1_genomic_prodigal_proteins	1050	356	61.85	12.59	33.90
GCA_009843385.1_ASM984338v1_genomic_prodigal_proteins	2085	GCA_003209155.1_ASM320915v1_genomic_prodigal_proteins	2305	734	60.68	12.88	35.20
GCA_009843385.1_ASM984338v1_genomic_prodigal_proteins	2085	GCA_003211515.1_ASM321151v1_genomic_prodigal_proteins	2451	624	60.87	12.72	29.93
GCA_009843385.1_ASM984338v1_genomic_prodigal_proteins	2085	GCA_002693285.1_ASM269328v1_genomic_prodigal_proteins	2440	855	60.69	12.96	41.01
GCA_009843385.1_ASM984338v1_genomic_prodigal_proteins	2085	GCA_003210555.1_ASM321055v1_genomic_prodigal_proteins	1847	511	60.47	12.86	27.67
GCA_009843385.1_ASM984338v1_genomic_prodigal_proteins	2085	GCA_000155595.1_ASM15559v1_genomic_prodigal_proteins	5270	778	53.15	12.35	37.31
GCA_009843385.1_ASM984338v1_genomic_prodigal_proteins	2085	GCA_001007665.1_ASM100766v1_genomic_prodigal_proteins	2356	1248	86.64	8.41	59.86
GCA_009843385.1_ASM984338v1_genomic_prodigal_proteins	2085	GCA_009919765.1_ASM991976v1_genomic_prodigal_proteins	2524	699	62.08	12.51	33.53
GCA_009843385.1_ASM984338v1_genomic_prodigal_proteins	2085	GCA_003331225.1_ASM333122v1_genomic_prodigal_proteins	2113	875	62.63	12.36	41.97
GCA_009843385.1_ASM984338v1_genomic_prodigal_proteins	2085	GCA_900177825.1_IMG-taxon_2708742468_annotated_assembly_genomic_prodigal_proteins	3317	767	53.84	12.45	36.79
GCA_009843385.1_ASM984338v1_genomic_prodigal_proteins	2085	GCA_000195975.1_ASM19597v1_genomic_prodigal_proteins	2719	973	61.71	12.63	46.67
GCA_009843385.1_ASM984338v1_genomic_prodigal_proteins	2085	GCA_902618885.1_AG-920-D15_genomic_prodigal_proteins	1178	384	62.78	13.23	32.60
GCA_009843385.1_ASM984338v1_genomic_prodigal_proteins	2085	GCA_003209165.1_ASM320916v1_genomic_prodigal_proteins	2711	844	61.37	12.75	40.48
GCA_009843385.1_ASM984338v1_genomic_prodigal_proteins	2085	GCA_001007625.1_ASM100762v1_genomic_prodigal_proteins	2478	1158	87.58	8.43	55.54
GCA_009843385.1_ASM984338v1_genomic_prodigal_proteins	2085	GCA_008386235.1_ASM838623v1_genomic_prodigal_proteins	2571	761	54.23	12.35	36.50
GCA_009843385.1_ASM984338v1_genomic_prodigal_proteins	2085	GCA_001631935.1_ASM163193v1_genomic_prodigal_proteins	3526	976	60.96	12.92	46.81
GCA_009843385.1_ASM984338v1_genomic_prodigal_proteins	2085	GCA_002151525.1_ASM215152v1_genomic_prodigal_proteins	1628	702	61.45	12.70	43.12
GCA_009843385.1_ASM984338v1_genomic_prodigal_proteins	2085	GCA_000153065.1_ASM15306v1_genomic_prodigal_proteins	2704	972	62.23	12.71	46.62
GCA_009843385.1_ASM984338v1_genomic_prodigal_proteins	2085	GCA_009837265.1_ASM983726v1_genomic_prodigal_proteins	2126	1220	86.71	9.04	58.51
GCA_009843385.1_ASM984338v1_genomic_prodigal_proteins	2085	GCA_902533725.1_AG-898-C20_genomic_prodigal_proteins	421	74	62.06	13.57	17.58
GCA_009843385.1_ASM984338v1_genomic_prodigal_proteins	2085	GCA_002171075.2_ASM217107v2_genomic_prodigal_proteins	1919	761	60.81	12.25	39.66
GCA_009843385.1_ASM984338v1_genomic_prodigal_proteins	2085	GCA_002760395.1_ASM276039v1_genomic_prodigal_proteins	2661	681	53.61	11.61	32.66
GCA_009843385.1_ASM984338v1_genomic_prodigal_proteins	2085	GCA_003209005.1_ASM320900v1_genomic_prodigal_proteins	2548	805	60.47	13.08	38.61
GCA_009843385.1_ASM984338v1_genomic_prodigal_proteins	2085	GCA_002017915.1_ASM201791v1_genomic_prodigal_proteins	623	353	86.52	10.97	56.66
GCA_009843385.1_ASM984338v1_genomic_prodigal_proteins	2085	GCA_900047545.1_m9_genomic_prodigal_proteins	1575	959	86.50	7.88	60.89
GCA_009843385.1_ASM984338v1_genomic_prodigal_proteins	2085	GCA_001632105.1_ASM163210v1_genomic_prodigal_proteins	3521	979	60.94	12.94	46.95
GCA_009843385.1_ASM984338v1_genomic_prodigal_proteins	2085	GCA_004212765.1_ASM421276v1_genomic_prodigal_proteins	1162	467	61.50	12.58	40.19
GCA_009843385.1_ASM984338v1_genomic_prodigal_proteins	2085	GCA_002685515.1_ASM268551v1_genomic_prodigal_proteins	1286	515	59.77	12.58	40.05
GCA_009843385.1_ASM984338v1_genomic_prodigal_proteins	2085	GCA_007828135.1_ASM782813v1_genomic_prodigal_proteins	2917	996	62.28	12.37	47.77
GCA_009843385.1_ASM984338v1_genomic_prodigal_proteins	2085	GCA_011047875.1_ASM1104787v1_genomic_prodigal_proteins	2810	689	53.45	11.58	33.05
GCA_009843385.1_ASM984338v1_genomic_prodigal_proteins	2085	GCA_009840445.1_ASM984044v1_genomic_prodigal_proteins	2167	1290	86.86	8.70	61.87
GCA_009843385.1_ASM984338v1_genomic_prodigal_proteins	2085	GCA_003210995.1_ASM321099v1_genomic_prodigal_proteins	2385	700	60.93	13.04	33.57
GCA_009843385.1_ASM984338v1_genomic_prodigal_proteins	2085	GCA_902616995.1_AG-919-L20_genomic_prodigal_proteins	654	166	61.30	13.17	25.38
GCA_009843385.1_ASM984338v1_genomic_prodigal_proteins	2085	GCA_009845825.1_ASM984582v1_genomic_prodigal_proteins	2168	1607	99.58	3.50	77.07
GCA_009843385.1_ASM984338v1_genomic_prodigal_proteins	2085	GCA_000515235.1_ASM51523v1_genomic_prodigal_proteins	2873	974	61.45	12.71	46.71
GCA_009843385.1_ASM984338v1_genomic_prodigal_proteins	2085	GCA_003523965.1_ASM352396v1_genomic_prodigal_proteins	1735	897	89.68	8.29	51.70
GCA_009843385.1_ASM984338v1_genomic_prodigal_proteins	2085	GCA_002684175.1_ASM268417v1_genomic_prodigal_proteins	1819	610	59.40	12.49	33.53
GCA_009843385.1_ASM984338v1_genomic_prodigal_proteins	2085	GCA_011523295.1_ASM1152329v1_genomic_prodigal_proteins	2851	731	59.81	12.65	35.06
GCA_009843385.1_ASM984338v1_genomic_prodigal_proteins	2085	GCA_003211015.1_ASM321101v1_genomic_prodigal_proteins	2128	726	60.06	12.86	34.82
GCA_009843385.1_ASM984338v1_genomic_prodigal_proteins	2085	GCA_002006815.1_ASM200681v1_genomic_prodigal_proteins	1973	888	61.85	12.60	45.01
GCA_900474245.1_UW179B_genomic_prodigal_proteins	2743	GCA_003210345.1_ASM321034v1_genomic_prodigal_proteins	1256	793	68.67	13.87	63.14
GCA_900474245.1_UW179B_genomic_prodigal_proteins	2743	GCA_003210315.1_ASM321031v1_genomic_prodigal_proteins	1815	1356	89.78	9.98	74.71
GCA_900474245.1_UW179B_genomic_prodigal_proteins	2743	GCA_009836155.1_ASM983615v1_genomic_prodigal_proteins	1947	1108	61.04	12.73	56.91
GCA_900474245.1_UW179B_genomic_prodigal_proteins	2743	GCA_003990665.2_ASM399066v2_genomic_prodigal_proteins	2499	1029	53.57	12.40	41.18
GCA_900474245.1_UW179B_genomic_prodigal_proteins	2743	GCA_003209135.1_ASM320913v1_genomic_prodigal_proteins	1719	982	68.90	13.92	57.13
GCA_900474245.1_UW179B_genomic_prodigal_proteins	2743	GCA_009845105.1_ASM984510v1_genomic_prodigal_proteins	1941	926	60.50	12.85	47.71
GCA_900474245.1_UW179B_genomic_prodigal_proteins	2743	GCA_002690325.1_ASM269032v1_genomic_prodigal_proteins	2554	1688	69.27	13.73	66.09
GCA_900474245.1_UW179B_genomic_prodigal_proteins	2743	GCA_000161795.2_ASM16179v2_genomic_prodigal_proteins	2407	1757	70.92	13.51	73.00
GCA_900474245.1_UW179B_genomic_prodigal_proteins	2743	GCA_004211895.1_ASM421189v1_genomic_prodigal_proteins	954	706	71.28	13.06	74.00
GCA_900474245.1_UW179B_genomic_prodigal_proteins	2743	GCA_003210735.1_ASM321073v1_genomic_prodigal_proteins	2337	1372	69.12	13.91	58.71
GCA_900474245.1_UW179B_genomic_prodigal_proteins	2743	GCA_003209035.1_ASM320903v1_genomic_prodigal_proteins	1803	1005	68.98	14.00	55.74
GCA_900474245.1_UW179B_genomic_prodigal_proteins	2743	GCA_003712085.1_ASM371208v1_genomic_prodigal_proteins	2745	1816	70.77	13.66	66.20
GCA_900474245.1_UW179B_genomic_prodigal_proteins	2743	GCA_003212155.1_ASM321215v1_genomic_prodigal_proteins	262	109	63.18	16.23	41.60
GCA_900474245.1_UW179B_genomic_prodigal_proteins	2743	GCA_001040845.1_ASM104084v1_genomic_prodigal_proteins	2917	2180	89.45	9.61	79.48
GCA_900474245.1_UW179B_genomic_prodigal_proteins	2743	GCA_002018015.1_ASM201801v1_genomic_prodigal_proteins	1578	888	61.76	12.78	56.27
GCA_900474245.1_UW179B_genomic_prodigal_proteins	2743	GCA_003211255.1_ASM321125v1_genomic_prodigal_proteins	1850	1028	68.98	13.90	55.57
GCA_900474245.1_UW179B_genomic_prodigal_proteins	2743	GCA_002721235.1_ASM272123v1_genomic_prodigal_proteins	3119	1075	53.34	12.73	39.19
GCA_900474245.1_UW179B_genomic_prodigal_proteins	2743	GCA_009839305.1_ASM983930v1_genomic_prodigal_proteins	1816	867	61.36	13.13	47.74
GCA_900474245.1_UW179B_genomic_prodigal_proteins	2743	GCA_011365345.1_ASM1136534v1_genomic_prodigal_proteins	2655	1886	70.06	14.05	71.04
GCA_900474245.1_UW179B_genomic_prodigal_proteins	2743	GCA_001039265.1_ASM103926v1_genomic_prodigal_proteins	2832	1127	68.14	13.85	41.09
GCA_900474245.1_UW179B_genomic_prodigal_proteins	2743	GCA_001628325.1_ASM162832v1_genomic_prodigal_proteins	2129	1603	71.23	13.26	75.29
GCA_900474245.1_UW179B_genomic_prodigal_proteins	2743	GCA_003209215.1_ASM320921v1_genomic_prodigal_proteins	1679	905	70.33	13.83	53.90
GCA_900474245.1_UW179B_genomic_prodigal_proteins	2743	GCA_002737305.1_ASM273730v1_genomic_prodigal_proteins	1951	1236	67.17	13.83	63.35
GCA_900474245.1_UW179B_genomic_prodigal_proteins	2743	GCA_003210515.1_ASM321051v1_genomic_prodigal_proteins	1673	1066	69.53	13.76	63.72
GCA_900474245.1_UW179B_genomic_prodigal_proteins	2743	GCA_011525445.1_ASM1152544v1_genomic_prodigal_proteins	3208	1690	81.78	11.84	61.61
GCA_900474245.1_UW179B_genomic_prodigal_proteins	2743	GCA_902599435.1_AG-916-N22_genomic_prodigal_proteins	793	449	71.59	14.05	56.62
GCA_900474245.1_UW179B_genomic_prodigal_proteins	2743	GCA_003149585.1_ASM314958v1_genomic_prodigal_proteins	2600	1722	66.90	14.04	66.23
GCA_900474245.1_UW179B_genomic_prodigal_proteins	2743	GCA_902560665.1_AG-905-O11_genomic_prodigal_proteins	401	189	70.05	14.38	47.13
GCA_900474245.1_UW179B_genomic_prodigal_proteins	2743	GCA_003331795.1_ASM333179v1_genomic_prodigal_proteins	1948	1325	65.37	14.37	68.02
GCA_900474245.1_UW179B_genomic_prodigal_proteins	2743	GCA_002017955.1_ASM201795v1_genomic_prodigal_proteins	512	250	61.69	12.81	48.83
GCA_900474245.1_UW179B_genomic_prodigal_proteins	2743	GCA_902584485.1_AG-912-O23_genomic_prodigal_proteins	535	238	70.27	14.56	44.49
GCA_900474245.1_UW179B_genomic_prodigal_proteins	2743	GCA_902527915.1_AG-896-G19_genomic_prodigal_proteins	1003	594	70.32	13.82	59.22
GCA_900474245.1_UW179B_genomic_prodigal_proteins	2743	GCA_902635365.1_AG-447-D19_genomic_prodigal_proteins	1690	921	69.94	14.08	54.50
GCA_900474245.1_UW179B_genomic_prodigal_proteins	2743	GCA_900474085.1_UW86_genomic_prodigal_proteins	2403	1794	71.05	13.53	74.66
GCA_900474245.1_UW179B_genomic_prodigal_proteins	2743	GCA_001885215.1_ASM188521v1_genomic_prodigal_proteins	2897	1630	65.79	13.44	59.42
GCA_900474245.1_UW179B_genomic_prodigal_proteins	2743	GCA_902575935.1_AG-426-B22_genomic_prodigal_proteins	254	160	74.43	13.01	62.99
GCA_900474245.1_UW179B_genomic_prodigal_proteins	2743	GCA_900474295.1_UW140_genomic_prodigal_proteins	2925	1941	72.72	13.40	70.76
GCA_900474245.1_UW179B_genomic_prodigal_proteins	2743	GCA_003211565.1_ASM321156v1_genomic_prodigal_proteins	1489	816	69.65	14.03	54.80
GCA_900474245.1_UW179B_genomic_prodigal_proteins	2743	GCA_003526105.1_ASM352610v1_genomic_prodigal_proteins	1581	938	71.83	13.30	59.33
GCA_900474245.1_UW179B_genomic_prodigal_proteins	2743	GCA_002172935.1_ASM217293v1_genomic_prodigal_proteins	1996	1495	73.45	12.96	74.90
GCA_900474245.1_UW179B_genomic_prodigal_proteins	2743	GCA_003210335.1_ASM321033v1_genomic_prodigal_proteins	942	414	69.87	14.29	43.95
GCA_900474245.1_UW179B_genomic_prodigal_proteins	2743	GCA_009846115.1_ASM984611v1_genomic_prodigal_proteins	2048	1032	60.86	12.82	50.39
GCA_900474245.1_UW179B_genomic_prodigal_proteins	2743	GCA_001693295.1_ASM169329v1_genomic_prodigal_proteins	3183	1069	53.35	12.75	38.97
GCA_900474245.1_UW179B_genomic_prodigal_proteins	2743	GCA_900473965.1_UW179A_genomic_prodigal_proteins	3383	1999	73.32	13.14	72.88
GCA_900474245.1_UW179B_genomic_prodigal_proteins	2743	GCA_003213755.1_ASM321375v1_genomic_prodigal_proteins	1050	590	64.71	14.74	56.19
GCA_900474245.1_UW179B_genomic_prodigal_proteins	2743	GCA_003209155.1_ASM320915v1_genomic_prodigal_proteins	2305	1514	73.25	12.99	65.68
GCA_900474245.1_UW179B_genomic_prodigal_proteins	2743	GCA_003211515.1_ASM321151v1_genomic_prodigal_proteins	2451	1242	68.72	14.24	50.67
GCA_900474245.1_UW179B_genomic_prodigal_proteins	2743	GCA_002693285.1_ASM269328v1_genomic_prodigal_proteins	2440	1721	73.16	12.90	70.53
GCA_900474245.1_UW179B_genomic_prodigal_proteins	2743	GCA_003210555.1_ASM321055v1_genomic_prodigal_proteins	1847	1287	89.68	9.85	69.68
GCA_900474245.1_UW179B_genomic_prodigal_proteins	2743	GCA_000155595.1_ASM15559v1_genomic_prodigal_proteins	5270	1137	52.64	12.70	41.45
GCA_900474245.1_UW179B_genomic_prodigal_proteins	2743	GCA_001007665.1_ASM100766v1_genomic_prodigal_proteins	2356	1198	60.81	12.73	50.85
GCA_900474245.1_UW179B_genomic_prodigal_proteins	2743	GCA_009919765.1_ASM991976v1_genomic_prodigal_proteins	2524	1115	65.44	14.07	44.18
GCA_900474245.1_UW179B_genomic_prodigal_proteins	2743	GCA_003331225.1_ASM333122v1_genomic_prodigal_proteins	2113	1457	65.34	14.02	68.95
GCA_900474245.1_UW179B_genomic_prodigal_proteins	2743	GCA_900177825.1_IMG-taxon_2708742468_annotated_assembly_genomic_prodigal_proteins	3317	1064	53.34	12.76	38.79
GCA_900474245.1_UW179B_genomic_prodigal_proteins	2743	GCA_000195975.1_ASM19597v1_genomic_prodigal_proteins	2719	1801	71.05	13.54	66.24
GCA_900474245.1_UW179B_genomic_prodigal_proteins	2743	GCA_902618885.1_AG-920-D15_genomic_prodigal_proteins	1178	693	71.51	14.48	58.83
GCA_900474245.1_UW179B_genomic_prodigal_proteins	2743	GCA_003209165.1_ASM320916v1_genomic_prodigal_proteins	2711	1530	70.31	13.64	56.44
GCA_900474245.1_UW179B_genomic_prodigal_proteins	2743	GCA_001007625.1_ASM100762v1_genomic_prodigal_proteins	2478	1047	61.01	12.93	42.25
GCA_900474245.1_UW179B_genomic_prodigal_proteins	2743	GCA_008386235.1_ASM838623v1_genomic_prodigal_proteins	2571	1025	53.44	12.48	39.87
GCA_900474245.1_UW179B_genomic_prodigal_proteins	2743	GCA_001631935.1_ASM163193v1_genomic_prodigal_proteins	3526	2000	73.48	13.06	72.91
GCA_900474245.1_UW179B_genomic_prodigal_proteins	2743	GCA_002151525.1_ASM215152v1_genomic_prodigal_proteins	1628	1129	63.72	14.08	69.35
GCA_900474245.1_UW179B_genomic_prodigal_proteins	2743	GCA_000153065.1_ASM15306v1_genomic_prodigal_proteins	2704	1836	74.03	13.04	67.90
GCA_900474245.1_UW179B_genomic_prodigal_proteins	2743	GCA_009837265.1_ASM983726v1_genomic_prodigal_proteins	2126	1100	60.89	12.79	51.74
GCA_900474245.1_UW179B_genomic_prodigal_proteins	2743	GCA_902533725.1_AG-898-C20_genomic_prodigal_proteins	421	162	68.51	14.42	38.48
GCA_900474245.1_UW179B_genomic_prodigal_proteins	2743	GCA_002171075.2_ASM217107v2_genomic_prodigal_proteins	1919	1235	63.66	13.70	64.36
GCA_900474245.1_UW179B_genomic_prodigal_proteins	2743	GCA_002760395.1_ASM276039v1_genomic_prodigal_proteins	2661	915	52.54	11.87	34.39
GCA_900474245.1_UW179B_genomic_prodigal_proteins	2743	GCA_003209005.1_ASM320900v1_genomic_prodigal_proteins	2548	1633	73.63	12.92	64.09
GCA_900474245.1_UW179B_genomic_prodigal_proteins	2743	GCA_002017915.1_ASM201791v1_genomic_prodigal_proteins	623	318	63.36	13.47	51.04
GCA_900474245.1_UW179B_genomic_prodigal_proteins	2743	GCA_900047545.1_m9_genomic_prodigal_proteins	1575	906	60.87	12.77	57.52
GCA_900474245.1_UW179B_genomic_prodigal_proteins	2743	GCA_001632105.1_ASM163210v1_genomic_prodigal_proteins	3521	2011	73.43	13.08	73.31
GCA_900474245.1_UW179B_genomic_prodigal_proteins	2743	GCA_004212765.1_ASM421276v1_genomic_prodigal_proteins	1162	855	70.62	13.49	73.58
GCA_900474245.1_UW179B_genomic_prodigal_proteins	2743	GCA_002685515.1_ASM268551v1_genomic_prodigal_proteins	1286	988	73.44	12.29	76.83
GCA_900474245.1_UW179B_genomic_prodigal_proteins	2743	GCA_007828135.1_ASM782813v1_genomic_prodigal_proteins	2917	1631	65.81	13.46	59.46
GCA_900474245.1_UW179B_genomic_prodigal_proteins	2743	GCA_011047875.1_ASM1104787v1_genomic_prodigal_proteins	2810	911	52.59	11.98	33.21
GCA_900474245.1_UW179B_genomic_prodigal_proteins	2743	GCA_009840445.1_ASM984044v1_genomic_prodigal_proteins	2167	1205	60.91	12.77	55.61
GCA_900474245.1_UW179B_genomic_prodigal_proteins	2743	GCA_003210995.1_ASM321099v1_genomic_prodigal_proteins	2385	1462	73.33	13.08	61.30
GCA_900474245.1_UW179B_genomic_prodigal_proteins	2743	GCA_902616995.1_AG-919-L20_genomic_prodigal_proteins	654	347	70.31	13.37	53.06
GCA_900474245.1_UW179B_genomic_prodigal_proteins	2743	GCA_009845825.1_ASM984582v1_genomic_prodigal_proteins	2168	1019	61.13	12.69	47.00
GCA_900474245.1_UW179B_genomic_prodigal_proteins	2743	GCA_000515235.1_ASM51523v1_genomic_prodigal_proteins	2873	1843	69.97	13.82	67.19
GCA_900474245.1_UW179B_genomic_prodigal_proteins	2743	GCA_003523965.1_ASM352396v1_genomic_prodigal_proteins	1735	773	62.03	12.96	44.55
GCA_900474245.1_UW179B_genomic_prodigal_proteins	2743	GCA_002684175.1_ASM268417v1_genomic_prodigal_proteins	1819	1094	68.25	13.06	60.14
GCA_900474245.1_UW179B_genomic_prodigal_proteins	2743	GCA_011523295.1_ASM1152329v1_genomic_prodigal_proteins	2851	1431	68.87	13.74	52.17
GCA_900474245.1_UW179B_genomic_prodigal_proteins	2743	GCA_003211015.1_ASM321101v1_genomic_prodigal_proteins	2128	1437	73.64	12.87	67.53
GCA_900474245.1_UW179B_genomic_prodigal_proteins	2743	GCA_002006815.1_ASM200681v1_genomic_prodigal_proteins	1973	1395	64.27	13.87	70.70
GCA_000063505.1_ASM6350v1_genomic_prodigal_proteins	2558	GCA_900474245.1_UW179B_genomic_prodigal_proteins	2743	1962	74.13	13.24	76.70
GCA_000063505.1_ASM6350v1_genomic_prodigal_proteins	2558	GCA_003210345.1_ASM321034v1_genomic_prodigal_proteins	1256	763	69.57	13.97	60.75
GCA_000063505.1_ASM6350v1_genomic_prodigal_proteins	2558	GCA_003210315.1_ASM321031v1_genomic_prodigal_proteins	1815	1174	73.07	13.51	64.68
GCA_000063505.1_ASM6350v1_genomic_prodigal_proteins	2558	GCA_009836155.1_ASM983615v1_genomic_prodigal_proteins	1947	1111	61.36	12.84	57.06
GCA_000063505.1_ASM6350v1_genomic_prodigal_proteins	2558	GCA_003990665.2_ASM399066v2_genomic_prodigal_proteins	2499	1029	53.64	12.68	41.18
GCA_000063505.1_ASM6350v1_genomic_prodigal_proteins	2558	GCA_003209135.1_ASM320913v1_genomic_prodigal_proteins	1719	969	69.75	14.09	56.37
GCA_000063505.1_ASM6350v1_genomic_prodigal_proteins	2558	GCA_009845105.1_ASM984510v1_genomic_prodigal_proteins	1941	927	60.83	12.93	47.76
GCA_000063505.1_ASM6350v1_genomic_prodigal_proteins	2558	GCA_002690325.1_ASM269032v1_genomic_prodigal_proteins	2554	1650	70.01	13.80	64.60
GCA_000063505.1_ASM6350v1_genomic_prodigal_proteins	2558	GCA_000161795.2_ASM16179v2_genomic_prodigal_proteins	2407	1744	71.89	13.95	72.46
GCA_000063505.1_ASM6350v1_genomic_prodigal_proteins	2558	GCA_004211895.1_ASM421189v1_genomic_prodigal_proteins	954	709	72.04	13.42	74.32
GCA_000063505.1_ASM6350v1_genomic_prodigal_proteins	2558	GCA_003210735.1_ASM321073v1_genomic_prodigal_proteins	2337	1353	69.75	14.16	57.89
GCA_000063505.1_ASM6350v1_genomic_prodigal_proteins	2558	GCA_003209035.1_ASM320903v1_genomic_prodigal_proteins	1803	1004	69.86	14.70	55.68
GCA_000063505.1_ASM6350v1_genomic_prodigal_proteins	2558	GCA_003712085.1_ASM371208v1_genomic_prodigal_proteins	2745	1827	71.73	14.12	71.42
GCA_000063505.1_ASM6350v1_genomic_prodigal_proteins	2558	GCA_003212155.1_ASM321215v1_genomic_prodigal_proteins	262	106	64.79	16.25	40.46
GCA_000063505.1_ASM6350v1_genomic_prodigal_proteins	2558	GCA_001040845.1_ASM104084v1_genomic_prodigal_proteins	2917	1945	74.12	13.16	76.04
GCA_000063505.1_ASM6350v1_genomic_prodigal_proteins	2558	GCA_002018015.1_ASM201801v1_genomic_prodigal_proteins	1578	896	62.03	13.08	56.78
GCA_000063505.1_ASM6350v1_genomic_prodigal_proteins	2558	GCA_003211255.1_ASM321125v1_genomic_prodigal_proteins	1850	1008	69.90	14.18	54.49
GCA_000063505.1_ASM6350v1_genomic_prodigal_proteins	2558	GCA_002721235.1_ASM272123v1_genomic_prodigal_proteins	3119	1079	53.54	12.83	42.18
GCA_000063505.1_ASM6350v1_genomic_prodigal_proteins	2558	GCA_009839305.1_ASM983930v1_genomic_prodigal_proteins	1816	870	62.03	13.31	47.91
GCA_000063505.1_ASM6350v1_genomic_prodigal_proteins	2558	GCA_011365345.1_ASM1136534v1_genomic_prodigal_proteins	2655	1857	71.03	14.43	72.60
GCA_000063505.1_ASM6350v1_genomic_prodigal_proteins	2558	GCA_001039265.1_ASM103926v1_genomic_prodigal_proteins	2832	1140	68.77	13.79	44.57
GCA_000063505.1_ASM6350v1_genomic_prodigal_proteins	2558	GCA_001628325.1_ASM162832v1_genomic_prodigal_proteins	2129	1593	72.07	13.74	74.82
GCA_000063505.1_ASM6350v1_genomic_prodigal_proteins	2558	GCA_003209215.1_ASM320921v1_genomic_prodigal_proteins	1679	892	71.40	14.35	53.13
GCA_000063505.1_ASM6350v1_genomic_prodigal_proteins	2558	GCA_002737305.1_ASM273730v1_genomic_prodigal_proteins	1951	1243	67.47	13.91	63.71
GCA_000063505.1_ASM6350v1_genomic_prodigal_proteins	2558	GCA_003210515.1_ASM321051v1_genomic_prodigal_proteins	1673	1022	69.40	13.88	61.09
GCA_000063505.1_ASM6350v1_genomic_prodigal_proteins	2558	GCA_011525445.1_ASM1152544v1_genomic_prodigal_proteins	3208	1590	72.67	13.26	62.16
GCA_000063505.1_ASM6350v1_genomic_prodigal_proteins	2558	GCA_902599435.1_AG-916-N22_genomic_prodigal_proteins	793	450	72.78	14.43	56.75
GCA_000063505.1_ASM6350v1_genomic_prodigal_proteins	2558	GCA_003149585.1_ASM314958v1_genomic_prodigal_proteins	2600	1752	66.99	14.08	68.49
GCA_000063505.1_ASM6350v1_genomic_prodigal_proteins	2558	GCA_902560665.1_AG-905-O11_genomic_prodigal_proteins	401	193	72.91	15.73	48.13
GCA_000063505.1_ASM6350v1_genomic_prodigal_proteins	2558	GCA_003331795.1_ASM333179v1_genomic_prodigal_proteins	1948	1349	65.68	14.72	69.25
GCA_000063505.1_ASM6350v1_genomic_prodigal_proteins	2558	GCA_002017955.1_ASM201795v1_genomic_prodigal_proteins	512	249	61.96	12.70	48.63
GCA_000063505.1_ASM6350v1_genomic_prodigal_proteins	2558	GCA_902584485.1_AG-912-O23_genomic_prodigal_proteins	535	242	70.66	15.46	45.23
GCA_000063505.1_ASM6350v1_genomic_prodigal_proteins	2558	GCA_902527915.1_AG-896-G19_genomic_prodigal_proteins	1003	595	71.51	14.28	59.32
GCA_000063505.1_ASM6350v1_genomic_prodigal_proteins	2558	GCA_902635365.1_AG-447-D19_genomic_prodigal_proteins	1690	893	70.50	14.26	52.84
GCA_000063505.1_ASM6350v1_genomic_prodigal_proteins	2558	GCA_900474085.1_UW86_genomic_prodigal_proteins	2403	1781	72.07	13.94	74.12
GCA_000063505.1_ASM6350v1_genomic_prodigal_proteins	2558	GCA_001885215.1_ASM188521v1_genomic_prodigal_proteins	2897	1647	66.18	13.50	64.39
GCA_000063505.1_ASM6350v1_genomic_prodigal_proteins	2558	GCA_902575935.1_AG-426-B22_genomic_prodigal_proteins	254	169	76.13	14.68	66.54
GCA_000063505.1_ASM6350v1_genomic_prodigal_proteins	2558	GCA_900474295.1_UW140_genomic_prodigal_proteins	2925	1920	73.07	13.81	75.06
GCA_000063505.1_ASM6350v1_genomic_prodigal_proteins	2558	GCA_003211565.1_ASM321156v1_genomic_prodigal_proteins	1489	795	71.01	14.40	53.39
GCA_000063505.1_ASM6350v1_genomic_prodigal_proteins	2558	GCA_003526105.1_ASM352610v1_genomic_prodigal_proteins	1581	949	72.31	13.87	60.03
GCA_000063505.1_ASM6350v1_genomic_prodigal_proteins	2558	GCA_002172935.1_ASM217293v1_genomic_prodigal_proteins	1996	1688	90.40	7.50	84.57
GCA_000063505.1_ASM6350v1_genomic_prodigal_proteins	2558	GCA_003210335.1_ASM321033v1_genomic_prodigal_proteins	942	414	73.90	14.48	43.95
GCA_000063505.1_ASM6350v1_genomic_prodigal_proteins	2558	GCA_009846115.1_ASM984611v1_genomic_prodigal_proteins	2048	1034	61.38	13.09	50.49
GCA_000063505.1_ASM6350v1_genomic_prodigal_proteins	2558	GCA_001693295.1_ASM169329v1_genomic_prodigal_proteins	3183	1084	53.41	12.95	42.38
GCA_000063505.1_ASM6350v1_genomic_prodigal_proteins	2558	GCA_900473965.1_UW179A_genomic_prodigal_proteins	3383	2007	77.61	12.52	78.46
GCA_000063505.1_ASM6350v1_genomic_prodigal_proteins	2558	GCA_003213755.1_ASM321375v1_genomic_prodigal_proteins	1050	597	65.43	15.04	56.86
GCA_000063505.1_ASM6350v1_genomic_prodigal_proteins	2558	GCA_003209155.1_ASM320915v1_genomic_prodigal_proteins	2305	1499	77.40	12.43	65.03
GCA_000063505.1_ASM6350v1_genomic_prodigal_proteins	2558	GCA_003211515.1_ASM321151v1_genomic_prodigal_proteins	2451	1211	69.57	14.43	49.41
GCA_000063505.1_ASM6350v1_genomic_prodigal_proteins	2558	GCA_002693285.1_ASM269328v1_genomic_prodigal_proteins	2440	1760	77.92	12.34	72.13
GCA_000063505.1_ASM6350v1_genomic_prodigal_proteins	2558	GCA_003210555.1_ASM321055v1_genomic_prodigal_proteins	1847	1114	73.23	13.38	60.31
GCA_000063505.1_ASM6350v1_genomic_prodigal_proteins	2558	GCA_000155595.1_ASM15559v1_genomic_prodigal_proteins	5270	1130	52.74	12.98	44.18
GCA_000063505.1_ASM6350v1_genomic_prodigal_proteins	2558	GCA_001007665.1_ASM100766v1_genomic_prodigal_proteins	2356	1194	60.88	12.99	50.68
GCA_000063505.1_ASM6350v1_genomic_prodigal_proteins	2558	GCA_009919765.1_ASM991976v1_genomic_prodigal_proteins	2524	1130	65.89	14.40	44.77
GCA_000063505.1_ASM6350v1_genomic_prodigal_proteins	2558	GCA_003331225.1_ASM333122v1_genomic_prodigal_proteins	2113	1463	65.88	14.29	69.24
GCA_000063505.1_ASM6350v1_genomic_prodigal_proteins	2558	GCA_900177825.1_IMG-taxon_2708742468_annotated_assembly_genomic_prodigal_proteins	3317	1068	53.49	13.00	41.75
GCA_000063505.1_ASM6350v1_genomic_prodigal_proteins	2558	GCA_000195975.1_ASM19597v1_genomic_prodigal_proteins	2719	1819	72.08	13.89	71.11
GCA_000063505.1_ASM6350v1_genomic_prodigal_proteins	2558	GCA_902618885.1_AG-920-D15_genomic_prodigal_proteins	1178	708	72.47	14.99	60.10
GCA_000063505.1_ASM6350v1_genomic_prodigal_proteins	2558	GCA_003209165.1_ASM320916v1_genomic_prodigal_proteins	2711	1535	71.17	14.15	60.01
GCA_000063505.1_ASM6350v1_genomic_prodigal_proteins	2558	GCA_001007625.1_ASM100762v1_genomic_prodigal_proteins	2478	1050	61.32	13.24	42.37
GCA_000063505.1_ASM6350v1_genomic_prodigal_proteins	2558	GCA_008386235.1_ASM838623v1_genomic_prodigal_proteins	2571	1029	53.66	12.75	40.23
GCA_000063505.1_ASM6350v1_genomic_prodigal_proteins	2558	GCA_001631935.1_ASM163193v1_genomic_prodigal_proteins	3526	2011	77.68	12.48	78.62
GCA_000063505.1_ASM6350v1_genomic_prodigal_proteins	2558	GCA_002151525.1_ASM215152v1_genomic_prodigal_proteins	1628	1127	64.13	14.33	69.23
GCA_000063505.1_ASM6350v1_genomic_prodigal_proteins	2558	GCA_000153065.1_ASM15306v1_genomic_prodigal_proteins	2704	1933	74.92	13.41	75.57
GCA_000063505.1_ASM6350v1_genomic_prodigal_proteins	2558	GCA_009837265.1_ASM983726v1_genomic_prodigal_proteins	2126	1093	61.33	13.07	51.41
GCA_000063505.1_ASM6350v1_genomic_prodigal_proteins	2558	GCA_902533725.1_AG-898-C20_genomic_prodigal_proteins	421	157	70.84	14.42	37.29
GCA_000063505.1_ASM6350v1_genomic_prodigal_proteins	2558	GCA_002171075.2_ASM217107v2_genomic_prodigal_proteins	1919	1241	64.34	13.89	64.67
GCA_000063505.1_ASM6350v1_genomic_prodigal_proteins	2558	GCA_002760395.1_ASM276039v1_genomic_prodigal_proteins	2661	923	52.90	12.24	36.08
GCA_000063505.1_ASM6350v1_genomic_prodigal_proteins	2558	GCA_003209005.1_ASM320900v1_genomic_prodigal_proteins	2548	1655	77.75	12.51	64.95
GCA_000063505.1_ASM6350v1_genomic_prodigal_proteins	2558	GCA_002017915.1_ASM201791v1_genomic_prodigal_proteins	623	325	63.65	13.86	52.17
GCA_000063505.1_ASM6350v1_genomic_prodigal_proteins	2558	GCA_900047545.1_m9_genomic_prodigal_proteins	1575	919	61.21	12.87	58.35
GCA_000063505.1_ASM6350v1_genomic_prodigal_proteins	2558	GCA_001632105.1_ASM163210v1_genomic_prodigal_proteins	3521	2020	77.64	12.53	78.97
GCA_000063505.1_ASM6350v1_genomic_prodigal_proteins	2558	GCA_004212765.1_ASM421276v1_genomic_prodigal_proteins	1162	861	71.45	13.70	74.10
GCA_000063505.1_ASM6350v1_genomic_prodigal_proteins	2558	GCA_002685515.1_ASM268551v1_genomic_prodigal_proteins	1286	1001	77.65	11.46	77.84
GCA_000063505.1_ASM6350v1_genomic_prodigal_proteins	2558	GCA_007828135.1_ASM782813v1_genomic_prodigal_proteins	2917	1648	66.22	13.54	64.43
GCA_000063505.1_ASM6350v1_genomic_prodigal_proteins	2558	GCA_011047875.1_ASM1104787v1_genomic_prodigal_proteins	2810	916	52.98	12.31	35.81
GCA_000063505.1_ASM6350v1_genomic_prodigal_proteins	2558	GCA_009840445.1_ASM984044v1_genomic_prodigal_proteins	2167	1193	61.29	13.06	55.05
GCA_000063505.1_ASM6350v1_genomic_prodigal_proteins	2558	GCA_003210995.1_ASM321099v1_genomic_prodigal_proteins	2385	1476	77.14	13.05	61.89
GCA_000063505.1_ASM6350v1_genomic_prodigal_proteins	2558	GCA_902616995.1_AG-919-L20_genomic_prodigal_proteins	654	367	71.58	14.35	56.12
GCA_000063505.1_ASM6350v1_genomic_prodigal_proteins	2558	GCA_009845825.1_ASM984582v1_genomic_prodigal_proteins	2168	1028	61.42	12.87	47.42
GCA_000063505.1_ASM6350v1_genomic_prodigal_proteins	2558	GCA_000515235.1_ASM51523v1_genomic_prodigal_proteins	2873	1845	70.64	14.22	72.13
GCA_000063505.1_ASM6350v1_genomic_prodigal_proteins	2558	GCA_003523965.1_ASM352396v1_genomic_prodigal_proteins	1735	769	62.42	13.24	44.32
GCA_000063505.1_ASM6350v1_genomic_prodigal_proteins	2558	GCA_002684175.1_ASM268417v1_genomic_prodigal_proteins	1819	1082	68.66	13.29	59.48
GCA_000063505.1_ASM6350v1_genomic_prodigal_proteins	2558	GCA_011523295.1_ASM1152329v1_genomic_prodigal_proteins	2851	1448	69.51	13.94	56.61
GCA_000063505.1_ASM6350v1_genomic_prodigal_proteins	2558	GCA_003211015.1_ASM321101v1_genomic_prodigal_proteins	2128	1441	77.62	12.59	67.72
GCA_000063505.1_ASM6350v1_genomic_prodigal_proteins	2558	GCA_002006815.1_ASM200681v1_genomic_prodigal_proteins	1973	1402	64.66	14.13	71.06
GCA_009845105.1_ASM984510v1_genomic_prodigal_proteins	1941	GCA_002690325.1_ASM269032v1_genomic_prodigal_proteins	2554	838	59.58	12.78	43.17
GCA_009845105.1_ASM984510v1_genomic_prodigal_proteins	1941	GCA_000161795.2_ASM16179v2_genomic_prodigal_proteins	2407	919	60.89	12.81	47.35
GCA_009845105.1_ASM984510v1_genomic_prodigal_proteins	1941	GCA_004211895.1_ASM421189v1_genomic_prodigal_proteins	954	408	60.55	12.67	42.77
GCA_009845105.1_ASM984510v1_genomic_prodigal_proteins	1941	GCA_003210735.1_ASM321073v1_genomic_prodigal_proteins	2337	682	60.09	12.86	35.14
GCA_009845105.1_ASM984510v1_genomic_prodigal_proteins	1941	GCA_003209035.1_ASM320903v1_genomic_prodigal_proteins	1803	505	60.66	12.87	28.01
GCA_009845105.1_ASM984510v1_genomic_prodigal_proteins	1941	GCA_003712085.1_ASM371208v1_genomic_prodigal_proteins	2745	937	61.00	12.71	48.27
GCA_009845105.1_ASM984510v1_genomic_prodigal_proteins	1941	GCA_003212155.1_ASM321215v1_genomic_prodigal_proteins	262	54	56.71	15.62	20.61
GCA_009845105.1_ASM984510v1_genomic_prodigal_proteins	1941	GCA_001040845.1_ASM104084v1_genomic_prodigal_proteins	2917	931	60.36	12.86	47.96
GCA_009845105.1_ASM984510v1_genomic_prodigal_proteins	1941	GCA_002018015.1_ASM201801v1_genomic_prodigal_proteins	1578	891	86.50	8.88	56.46
GCA_009845105.1_ASM984510v1_genomic_prodigal_proteins	1941	GCA_003211255.1_ASM321125v1_genomic_prodigal_proteins	1850	515	60.15	12.91	27.84
GCA_009845105.1_ASM984510v1_genomic_prodigal_proteins	1941	GCA_002721235.1_ASM272123v1_genomic_prodigal_proteins	3119	726	53.27	12.28	37.40
GCA_009845105.1_ASM984510v1_genomic_prodigal_proteins	1941	GCA_009839305.1_ASM983930v1_genomic_prodigal_proteins	1816	969	86.84	8.29	53.36
GCA_009845105.1_ASM984510v1_genomic_prodigal_proteins	1941	GCA_011365345.1_ASM1136534v1_genomic_prodigal_proteins	2655	925	60.86	12.80	47.66
GCA_009845105.1_ASM984510v1_genomic_prodigal_proteins	1941	GCA_001039265.1_ASM103926v1_genomic_prodigal_proteins	2832	660	63.30	12.59	34.00
GCA_009845105.1_ASM984510v1_genomic_prodigal_proteins	1941	GCA_001628325.1_ASM162832v1_genomic_prodigal_proteins	2129	838	61.18	12.54	43.17
GCA_009845105.1_ASM984510v1_genomic_prodigal_proteins	1941	GCA_003209215.1_ASM320921v1_genomic_prodigal_proteins	1679	472	60.41	12.71	28.11
GCA_009845105.1_ASM984510v1_genomic_prodigal_proteins	1941	GCA_002737305.1_ASM273730v1_genomic_prodigal_proteins	1951	738	62.11	12.70	38.02
GCA_009845105.1_ASM984510v1_genomic_prodigal_proteins	1941	GCA_003210515.1_ASM321051v1_genomic_prodigal_proteins	1673	530	59.74	13.20	31.68
GCA_009845105.1_ASM984510v1_genomic_prodigal_proteins	1941	GCA_011525445.1_ASM1152544v1_genomic_prodigal_proteins	3208	775	59.18	12.67	39.93
GCA_009845105.1_ASM984510v1_genomic_prodigal_proteins	1941	GCA_902599435.1_AG-916-N22_genomic_prodigal_proteins	793	224	61.77	13.15	28.25
GCA_009845105.1_ASM984510v1_genomic_prodigal_proteins	1941	GCA_003149585.1_ASM314958v1_genomic_prodigal_proteins	2600	944	61.54	12.50	48.63
GCA_009845105.1_ASM984510v1_genomic_prodigal_proteins	1941	GCA_902560665.1_AG-905-O11_genomic_prodigal_proteins	401	103	60.00	13.19	25.69
GCA_009845105.1_ASM984510v1_genomic_prodigal_proteins	1941	GCA_003331795.1_ASM333179v1_genomic_prodigal_proteins	1948	771	61.88	12.33	39.72
GCA_009845105.1_ASM984510v1_genomic_prodigal_proteins	1941	GCA_002017955.1_ASM201795v1_genomic_prodigal_proteins	512	255	85.60	9.38	49.80
GCA_009845105.1_ASM984510v1_genomic_prodigal_proteins	1941	GCA_902584485.1_AG-912-O23_genomic_prodigal_proteins	535	115	60.32	13.75	21.50
GCA_009845105.1_ASM984510v1_genomic_prodigal_proteins	1941	GCA_902527915.1_AG-896-G19_genomic_prodigal_proteins	1003	278	61.77	12.98	27.72
GCA_009845105.1_ASM984510v1_genomic_prodigal_proteins	1941	GCA_902635365.1_AG-447-D19_genomic_prodigal_proteins	1690	449	60.14	13.04	26.57
GCA_009845105.1_ASM984510v1_genomic_prodigal_proteins	1941	GCA_900474085.1_UW86_genomic_prodigal_proteins	2403	923	61.00	12.81	47.55
GCA_009845105.1_ASM984510v1_genomic_prodigal_proteins	1941	GCA_001885215.1_ASM188521v1_genomic_prodigal_proteins	2897	961	61.43	12.48	49.51
GCA_009845105.1_ASM984510v1_genomic_prodigal_proteins	1941	GCA_902575935.1_AG-426-B22_genomic_prodigal_proteins	254	88	63.12	14.54	34.65
GCA_009845105.1_ASM984510v1_genomic_prodigal_proteins	1941	GCA_900474295.1_UW140_genomic_prodigal_proteins	2925	921	60.80	12.82	47.45
GCA_009845105.1_ASM984510v1_genomic_prodigal_proteins	1941	GCA_003211565.1_ASM321156v1_genomic_prodigal_proteins	1489	405	60.58	13.20	27.20
GCA_009845105.1_ASM984510v1_genomic_prodigal_proteins	1941	GCA_003526105.1_ASM352610v1_genomic_prodigal_proteins	1581	499	61.40	12.98	31.56
GCA_009845105.1_ASM984510v1_genomic_prodigal_proteins	1941	GCA_002172935.1_ASM217293v1_genomic_prodigal_proteins	1996	726	60.21	12.66	37.40
GCA_009845105.1_ASM984510v1_genomic_prodigal_proteins	1941	GCA_003210335.1_ASM321033v1_genomic_prodigal_proteins	942	163	60.42	13.76	17.30
GCA_009845105.1_ASM984510v1_genomic_prodigal_proteins	1941	GCA_009846115.1_ASM984611v1_genomic_prodigal_proteins	2048	1129	86.54	8.47	58.17
GCA_009845105.1_ASM984510v1_genomic_prodigal_proteins	1941	GCA_001693295.1_ASM169329v1_genomic_prodigal_proteins	3183	727	53.24	12.37	37.45
GCA_009845105.1_ASM984510v1_genomic_prodigal_proteins	1941	GCA_900473965.1_UW179A_genomic_prodigal_proteins	3383	907	60.64	12.84	46.73
GCA_009845105.1_ASM984510v1_genomic_prodigal_proteins	1941	GCA_003213755.1_ASM321375v1_genomic_prodigal_proteins	1050	333	61.24	12.51	31.71
GCA_009845105.1_ASM984510v1_genomic_prodigal_proteins	1941	GCA_003209155.1_ASM320915v1_genomic_prodigal_proteins	2305	683	60.29	12.70	35.19
GCA_009845105.1_ASM984510v1_genomic_prodigal_proteins	1941	GCA_003211515.1_ASM321151v1_genomic_prodigal_proteins	2451	605	60.19	12.64	31.17
GCA_009845105.1_ASM984510v1_genomic_prodigal_proteins	1941	GCA_002693285.1_ASM269328v1_genomic_prodigal_proteins	2440	815	60.12	12.95	41.99
GCA_009845105.1_ASM984510v1_genomic_prodigal_proteins	1941	GCA_003210555.1_ASM321055v1_genomic_prodigal_proteins	1847	491	59.94	12.98	26.58
GCA_009845105.1_ASM984510v1_genomic_prodigal_proteins	1941	GCA_000155595.1_ASM15559v1_genomic_prodigal_proteins	5270	745	52.30	12.18	38.38
GCA_009845105.1_ASM984510v1_genomic_prodigal_proteins	1941	GCA_001007665.1_ASM100766v1_genomic_prodigal_proteins	2356	1194	86.26	8.41	61.51
GCA_009845105.1_ASM984510v1_genomic_prodigal_proteins	1941	GCA_009919765.1_ASM991976v1_genomic_prodigal_proteins	2524	672	61.50	12.48	34.62
GCA_009845105.1_ASM984510v1_genomic_prodigal_proteins	1941	GCA_003331225.1_ASM333122v1_genomic_prodigal_proteins	2113	836	61.93	12.38	43.07
GCA_009845105.1_ASM984510v1_genomic_prodigal_proteins	1941	GCA_900177825.1_IMG-taxon_2708742468_annotated_assembly_genomic_prodigal_proteins	3317	727	53.03	12.42	37.45
GCA_009845105.1_ASM984510v1_genomic_prodigal_proteins	1941	GCA_000195975.1_ASM19597v1_genomic_prodigal_proteins	2719	930	61.02	12.71	47.91
GCA_009845105.1_ASM984510v1_genomic_prodigal_proteins	1941	GCA_902618885.1_AG-920-D15_genomic_prodigal_proteins	1178	362	61.65	13.54	30.73
GCA_009845105.1_ASM984510v1_genomic_prodigal_proteins	1941	GCA_003209165.1_ASM320916v1_genomic_prodigal_proteins	2711	790	60.78	12.65	40.70
GCA_009845105.1_ASM984510v1_genomic_prodigal_proteins	1941	GCA_001007625.1_ASM100762v1_genomic_prodigal_proteins	2478	1100	87.68	8.27	56.67
GCA_009845105.1_ASM984510v1_genomic_prodigal_proteins	1941	GCA_008386235.1_ASM838623v1_genomic_prodigal_proteins	2571	732	53.56	12.28	37.71
GCA_009845105.1_ASM984510v1_genomic_prodigal_proteins	1941	GCA_001631935.1_ASM163193v1_genomic_prodigal_proteins	3526	919	60.47	12.87	47.35
GCA_009845105.1_ASM984510v1_genomic_prodigal_proteins	1941	GCA_002151525.1_ASM215152v1_genomic_prodigal_proteins	1628	679	60.58	12.91	41.71
GCA_009845105.1_ASM984510v1_genomic_prodigal_proteins	1941	GCA_000153065.1_ASM15306v1_genomic_prodigal_proteins	2704	929	61.51	12.76	47.86
GCA_009845105.1_ASM984510v1_genomic_prodigal_proteins	1941	GCA_009837265.1_ASM983726v1_genomic_prodigal_proteins	2126	1159	86.51	8.76	59.71
GCA_009845105.1_ASM984510v1_genomic_prodigal_proteins	1941	GCA_902533725.1_AG-898-C20_genomic_prodigal_proteins	421	69	62.87	12.59	16.39
GCA_009845105.1_ASM984510v1_genomic_prodigal_proteins	1941	GCA_002171075.2_ASM217107v2_genomic_prodigal_proteins	1919	723	60.06	12.25	37.68
GCA_009845105.1_ASM984510v1_genomic_prodigal_proteins	1941	GCA_002760395.1_ASM276039v1_genomic_prodigal_proteins	2661	648	52.91	11.60	33.38
GCA_009845105.1_ASM984510v1_genomic_prodigal_proteins	1941	GCA_003209005.1_ASM320900v1_genomic_prodigal_proteins	2548	758	60.26	12.80	39.05
GCA_009845105.1_ASM984510v1_genomic_prodigal_proteins	1941	GCA_002017915.1_ASM201791v1_genomic_prodigal_proteins	623	337	86.53	9.60	54.09
GCA_009845105.1_ASM984510v1_genomic_prodigal_proteins	1941	GCA_900047545.1_m9_genomic_prodigal_proteins	1575	919	86.05	8.19	58.35
GCA_009845105.1_ASM984510v1_genomic_prodigal_proteins	1941	GCA_001632105.1_ASM163210v1_genomic_prodigal_proteins	3521	922	60.41	12.93	47.50
GCA_009845105.1_ASM984510v1_genomic_prodigal_proteins	1941	GCA_004212765.1_ASM421276v1_genomic_prodigal_proteins	1162	465	60.85	12.85	40.02
GCA_009845105.1_ASM984510v1_genomic_prodigal_proteins	1941	GCA_002685515.1_ASM268551v1_genomic_prodigal_proteins	1286	489	59.56	12.61	38.02
GCA_009845105.1_ASM984510v1_genomic_prodigal_proteins	1941	GCA_007828135.1_ASM782813v1_genomic_prodigal_proteins	2917	961	61.43	12.48	49.51
GCA_009845105.1_ASM984510v1_genomic_prodigal_proteins	1941	GCA_011047875.1_ASM1104787v1_genomic_prodigal_proteins	2810	655	52.96	11.67	33.75
GCA_009845105.1_ASM984510v1_genomic_prodigal_proteins	1941	GCA_009840445.1_ASM984044v1_genomic_prodigal_proteins	2167	1219	86.62	8.45	62.80
GCA_009845105.1_ASM984510v1_genomic_prodigal_proteins	1941	GCA_003210995.1_ASM321099v1_genomic_prodigal_proteins	2385	659	60.44	13.12	33.95
GCA_009845105.1_ASM984510v1_genomic_prodigal_proteins	1941	GCA_902616995.1_AG-919-L20_genomic_prodigal_proteins	654	174	60.34	12.67	26.61
GCA_009845105.1_ASM984510v1_genomic_prodigal_proteins	1941	GCA_009845825.1_ASM984582v1_genomic_prodigal_proteins	2168	1243	97.54	5.47	64.04
GCA_009845105.1_ASM984510v1_genomic_prodigal_proteins	1941	GCA_000515235.1_ASM51523v1_genomic_prodigal_proteins	2873	932	60.65	12.82	48.02
GCA_009845105.1_ASM984510v1_genomic_prodigal_proteins	1941	GCA_003523965.1_ASM352396v1_genomic_prodigal_proteins	1735	847	89.25	8.73	48.82
GCA_009845105.1_ASM984510v1_genomic_prodigal_proteins	1941	GCA_002684175.1_ASM268417v1_genomic_prodigal_proteins	1819	577	58.57	12.55	31.72
GCA_009845105.1_ASM984510v1_genomic_prodigal_proteins	1941	GCA_011523295.1_ASM1152329v1_genomic_prodigal_proteins	2851	739	59.13	12.52	38.07
GCA_009845105.1_ASM984510v1_genomic_prodigal_proteins	1941	GCA_003211015.1_ASM321101v1_genomic_prodigal_proteins	2128	674	59.91	12.82	34.72
GCA_009845105.1_ASM984510v1_genomic_prodigal_proteins	1941	GCA_002006815.1_ASM200681v1_genomic_prodigal_proteins	1973	845	61.24	12.56	43.53
GCA_002690325.1_ASM269032v1_genomic_prodigal_proteins	2554	GCA_000161795.2_ASM16179v2_genomic_prodigal_proteins	2407	1747	75.06	13.34	72.58
GCA_002690325.1_ASM269032v1_genomic_prodigal_proteins	2554	GCA_004211895.1_ASM421189v1_genomic_prodigal_proteins	954	746	75.95	13.19	78.20
GCA_002690325.1_ASM269032v1_genomic_prodigal_proteins	2554	GCA_003210735.1_ASM321073v1_genomic_prodigal_proteins	2337	1452	73.36	13.38	62.13
GCA_002690325.1_ASM269032v1_genomic_prodigal_proteins	2554	GCA_003209035.1_ASM320903v1_genomic_prodigal_proteins	1803	1054	73.09	13.64	58.46
GCA_002690325.1_ASM269032v1_genomic_prodigal_proteins	2554	GCA_003712085.1_ASM371208v1_genomic_prodigal_proteins	2745	1818	75.05	13.34	71.18
GCA_002690325.1_ASM269032v1_genomic_prodigal_proteins	2554	GCA_003212155.1_ASM321215v1_genomic_prodigal_proteins	262	103	64.28	15.99	39.31
GCA_002690325.1_ASM269032v1_genomic_prodigal_proteins	2554	GCA_001040845.1_ASM104084v1_genomic_prodigal_proteins	2917	1716	69.42	13.62	67.19
GCA_002690325.1_ASM269032v1_genomic_prodigal_proteins	2554	GCA_002018015.1_ASM201801v1_genomic_prodigal_proteins	1578	829	60.90	12.68	52.53
GCA_002690325.1_ASM269032v1_genomic_prodigal_proteins	2554	GCA_003211255.1_ASM321125v1_genomic_prodigal_proteins	1850	1058	73.00	13.78	57.19
GCA_002690325.1_ASM269032v1_genomic_prodigal_proteins	2554	GCA_002721235.1_ASM272123v1_genomic_prodigal_proteins	3119	991	52.47	12.61	38.80
GCA_002690325.1_ASM269032v1_genomic_prodigal_proteins	2554	GCA_009839305.1_ASM983930v1_genomic_prodigal_proteins	1816	800	60.19	13.06	44.05
GCA_002690325.1_ASM269032v1_genomic_prodigal_proteins	2554	GCA_011365345.1_ASM1136534v1_genomic_prodigal_proteins	2655	1878	74.68	13.50	73.53
GCA_002690325.1_ASM269032v1_genomic_prodigal_proteins	2554	GCA_001039265.1_ASM103926v1_genomic_prodigal_proteins	2832	1003	67.13	13.48	39.27
GCA_002690325.1_ASM269032v1_genomic_prodigal_proteins	2554	GCA_001628325.1_ASM162832v1_genomic_prodigal_proteins	2129	1603	75.33	13.32	75.29
GCA_002690325.1_ASM269032v1_genomic_prodigal_proteins	2554	GCA_003209215.1_ASM320921v1_genomic_prodigal_proteins	1679	925	73.98	13.44	55.09
GCA_002690325.1_ASM269032v1_genomic_prodigal_proteins	2554	GCA_002737305.1_ASM273730v1_genomic_prodigal_proteins	1951	1125	65.93	13.69	57.66
GCA_002690325.1_ASM269032v1_genomic_prodigal_proteins	2554	GCA_003210515.1_ASM321051v1_genomic_prodigal_proteins	1673	1066	72.68	14.02	63.72
GCA_002690325.1_ASM269032v1_genomic_prodigal_proteins	2554	GCA_011525445.1_ASM1152544v1_genomic_prodigal_proteins	3208	1408	68.74	13.53	55.13
GCA_002690325.1_ASM269032v1_genomic_prodigal_proteins	2554	GCA_902599435.1_AG-916-N22_genomic_prodigal_proteins	793	427	74.93	13.77	53.85
GCA_002690325.1_ASM269032v1_genomic_prodigal_proteins	2554	GCA_003149585.1_ASM314958v1_genomic_prodigal_proteins	2600	1551	65.76	13.84	60.73
GCA_002690325.1_ASM269032v1_genomic_prodigal_proteins	2554	GCA_902560665.1_AG-905-O11_genomic_prodigal_proteins	401	215	73.04	14.36	53.62
GCA_002690325.1_ASM269032v1_genomic_prodigal_proteins	2554	GCA_003331795.1_ASM333179v1_genomic_prodigal_proteins	1948	1213	64.99	14.21	62.27
GCA_002690325.1_ASM269032v1_genomic_prodigal_proteins	2554	GCA_002017955.1_ASM201795v1_genomic_prodigal_proteins	512	239	60.74	12.55	46.68
GCA_002690325.1_ASM269032v1_genomic_prodigal_proteins	2554	GCA_902584485.1_AG-912-O23_genomic_prodigal_proteins	535	239	72.62	15.02	44.67
GCA_002690325.1_ASM269032v1_genomic_prodigal_proteins	2554	GCA_902527915.1_AG-896-G19_genomic_prodigal_proteins	1003	601	74.28	13.79	59.92
GCA_002690325.1_ASM269032v1_genomic_prodigal_proteins	2554	GCA_902635365.1_AG-447-D19_genomic_prodigal_proteins	1690	954	73.61	13.95	56.45
GCA_002690325.1_ASM269032v1_genomic_prodigal_proteins	2554	GCA_900474085.1_UW86_genomic_prodigal_proteins	2403	1775	75.19	13.41	73.87
GCA_002690325.1_ASM269032v1_genomic_prodigal_proteins	2554	GCA_001885215.1_ASM188521v1_genomic_prodigal_proteins	2897	1466	64.74	13.30	57.40
GCA_002690325.1_ASM269032v1_genomic_prodigal_proteins	2554	GCA_902575935.1_AG-426-B22_genomic_prodigal_proteins	254	131	75.15	14.28	51.57
GCA_002690325.1_ASM269032v1_genomic_prodigal_proteins	2554	GCA_900474295.1_UW140_genomic_prodigal_proteins	2925	1732	69.91	13.76	67.82
GCA_002690325.1_ASM269032v1_genomic_prodigal_proteins	2554	GCA_003211565.1_ASM321156v1_genomic_prodigal_proteins	1489	831	73.91	14.12	55.81
GCA_002690325.1_ASM269032v1_genomic_prodigal_proteins	2554	GCA_003526105.1_ASM352610v1_genomic_prodigal_proteins	1581	936	75.92	13.43	59.20
GCA_002690325.1_ASM269032v1_genomic_prodigal_proteins	2554	GCA_002172935.1_ASM217293v1_genomic_prodigal_proteins	1996	1305	68.90	13.79	65.38
GCA_002690325.1_ASM269032v1_genomic_prodigal_proteins	2554	GCA_003210335.1_ASM321033v1_genomic_prodigal_proteins	942	370	67.30	13.63	39.28
GCA_002690325.1_ASM269032v1_genomic_prodigal_proteins	2554	GCA_009846115.1_ASM984611v1_genomic_prodigal_proteins	2048	965	59.93	12.73	47.12
GCA_002690325.1_ASM269032v1_genomic_prodigal_proteins	2554	GCA_001693295.1_ASM169329v1_genomic_prodigal_proteins	3183	998	52.33	12.49	39.08
GCA_002690325.1_ASM269032v1_genomic_prodigal_proteins	2554	GCA_900473965.1_UW179A_genomic_prodigal_proteins	3383	1744	69.58	13.82	68.29
GCA_002690325.1_ASM269032v1_genomic_prodigal_proteins	2554	GCA_003213755.1_ASM321375v1_genomic_prodigal_proteins	1050	542	64.44	14.65	51.62
GCA_002690325.1_ASM269032v1_genomic_prodigal_proteins	2554	GCA_003209155.1_ASM320915v1_genomic_prodigal_proteins	2305	1286	69.59	13.70	55.79
GCA_002690325.1_ASM269032v1_genomic_prodigal_proteins	2554	GCA_003211515.1_ASM321151v1_genomic_prodigal_proteins	2451	1230	72.70	13.77	50.18
GCA_002690325.1_ASM269032v1_genomic_prodigal_proteins	2554	GCA_002693285.1_ASM269328v1_genomic_prodigal_proteins	2440	1516	69.47	13.85	62.13
GCA_002690325.1_ASM269032v1_genomic_prodigal_proteins	2554	GCA_003210555.1_ASM321055v1_genomic_prodigal_proteins	1847	1014	68.83	13.47	54.90
GCA_002690325.1_ASM269032v1_genomic_prodigal_proteins	2554	GCA_000155595.1_ASM15559v1_genomic_prodigal_proteins	5270	1009	52.23	12.24	39.51
GCA_002690325.1_ASM269032v1_genomic_prodigal_proteins	2554	GCA_001007665.1_ASM100766v1_genomic_prodigal_proteins	2356	1094	60.18	12.69	46.43
GCA_002690325.1_ASM269032v1_genomic_prodigal_proteins	2554	GCA_009919765.1_ASM991976v1_genomic_prodigal_proteins	2524	1016	65.17	14.01	40.25
GCA_002690325.1_ASM269032v1_genomic_prodigal_proteins	2554	GCA_003331225.1_ASM333122v1_genomic_prodigal_proteins	2113	1314	64.73	13.80	62.19
GCA_002690325.1_ASM269032v1_genomic_prodigal_proteins	2554	GCA_900177825.1_IMG-taxon_2708742468_annotated_assembly_genomic_prodigal_proteins	3317	979	52.38	12.53	38.33
GCA_002690325.1_ASM269032v1_genomic_prodigal_proteins	2554	GCA_000195975.1_ASM19597v1_genomic_prodigal_proteins	2719	1799	75.20	13.21	70.44
GCA_002690325.1_ASM269032v1_genomic_prodigal_proteins	2554	GCA_902618885.1_AG-920-D15_genomic_prodigal_proteins	1178	678	74.56	14.18	57.56
GCA_002690325.1_ASM269032v1_genomic_prodigal_proteins	2554	GCA_003209165.1_ASM320916v1_genomic_prodigal_proteins	2711	1583	74.23	13.60	61.98
GCA_002690325.1_ASM269032v1_genomic_prodigal_proteins	2554	GCA_001007625.1_ASM100762v1_genomic_prodigal_proteins	2478	953	60.41	12.83	38.46
GCA_002690325.1_ASM269032v1_genomic_prodigal_proteins	2554	GCA_008386235.1_ASM838623v1_genomic_prodigal_proteins	2571	936	52.71	12.19	36.65
GCA_002690325.1_ASM269032v1_genomic_prodigal_proteins	2554	GCA_001631935.1_ASM163193v1_genomic_prodigal_proteins	3526	1737	69.62	13.80	68.01
GCA_002690325.1_ASM269032v1_genomic_prodigal_proteins	2554	GCA_002151525.1_ASM215152v1_genomic_prodigal_proteins	1628	1035	63.29	13.69	63.57
GCA_002690325.1_ASM269032v1_genomic_prodigal_proteins	2554	GCA_000153065.1_ASM15306v1_genomic_prodigal_proteins	2704	1628	70.44	13.43	63.74
GCA_002690325.1_ASM269032v1_genomic_prodigal_proteins	2554	GCA_009837265.1_ASM983726v1_genomic_prodigal_proteins	2126	1023	60.00	12.66	48.12
GCA_002690325.1_ASM269032v1_genomic_prodigal_proteins	2554	GCA_902533725.1_AG-898-C20_genomic_prodigal_proteins	421	190	71.24	15.04	45.13
GCA_002690325.1_ASM269032v1_genomic_prodigal_proteins	2554	GCA_002171075.2_ASM217107v2_genomic_prodigal_proteins	1919	1123	63.05	13.62	58.52
GCA_002690325.1_ASM269032v1_genomic_prodigal_proteins	2554	GCA_002760395.1_ASM276039v1_genomic_prodigal_proteins	2661	815	51.87	11.53	31.91
GCA_002690325.1_ASM269032v1_genomic_prodigal_proteins	2554	GCA_003209005.1_ASM320900v1_genomic_prodigal_proteins	2548	1447	69.46	13.87	56.79
GCA_002690325.1_ASM269032v1_genomic_prodigal_proteins	2554	GCA_002017915.1_ASM201791v1_genomic_prodigal_proteins	623	299	63.04	13.07	47.99
GCA_002690325.1_ASM269032v1_genomic_prodigal_proteins	2554	GCA_900047545.1_m9_genomic_prodigal_proteins	1575	836	59.83	12.76	53.08
GCA_002690325.1_ASM269032v1_genomic_prodigal_proteins	2554	GCA_001632105.1_ASM163210v1_genomic_prodigal_proteins	3521	1746	69.61	13.76	68.36
GCA_002690325.1_ASM269032v1_genomic_prodigal_proteins	2554	GCA_004212765.1_ASM421276v1_genomic_prodigal_proteins	1162	880	75.19	13.35	75.73
GCA_002690325.1_ASM269032v1_genomic_prodigal_proteins	2554	GCA_002685515.1_ASM268551v1_genomic_prodigal_proteins	1286	889	69.02	13.62	69.13
GCA_002690325.1_ASM269032v1_genomic_prodigal_proteins	2554	GCA_007828135.1_ASM782813v1_genomic_prodigal_proteins	2917	1463	64.77	13.30	57.28
GCA_002690325.1_ASM269032v1_genomic_prodigal_proteins	2554	GCA_011047875.1_ASM1104787v1_genomic_prodigal_proteins	2810	820	52.15	11.66	32.11
GCA_002690325.1_ASM269032v1_genomic_prodigal_proteins	2554	GCA_009840445.1_ASM984044v1_genomic_prodigal_proteins	2167	1110	60.03	12.68	51.22
GCA_002690325.1_ASM269032v1_genomic_prodigal_proteins	2554	GCA_003210995.1_ASM321099v1_genomic_prodigal_proteins	2385	1285	69.28	14.18	53.88
GCA_002690325.1_ASM269032v1_genomic_prodigal_proteins	2554	GCA_902616995.1_AG-919-L20_genomic_prodigal_proteins	654	380	74.05	13.80	58.10
GCA_002690325.1_ASM269032v1_genomic_prodigal_proteins	2554	GCA_009845825.1_ASM984582v1_genomic_prodigal_proteins	2168	933	60.46	12.53	43.04
GCA_002690325.1_ASM269032v1_genomic_prodigal_proteins	2554	GCA_000515235.1_ASM51523v1_genomic_prodigal_proteins	2873	1832	73.45	13.34	71.73
GCA_002690325.1_ASM269032v1_genomic_prodigal_proteins	2554	GCA_003523965.1_ASM352396v1_genomic_prodigal_proteins	1735	724	61.18	12.94	41.73
GCA_002690325.1_ASM269032v1_genomic_prodigal_proteins	2554	GCA_002684175.1_ASM268417v1_genomic_prodigal_proteins	1819	1088	71.85	13.15	59.81
GCA_002690325.1_ASM269032v1_genomic_prodigal_proteins	2554	GCA_011523295.1_ASM1152329v1_genomic_prodigal_proteins	2851	1583	79.79	12.53	61.98
GCA_002690325.1_ASM269032v1_genomic_prodigal_proteins	2554	GCA_003211015.1_ASM321101v1_genomic_prodigal_proteins	2128	1258	69.87	13.68	59.12
GCA_002690325.1_ASM269032v1_genomic_prodigal_proteins	2554	GCA_002006815.1_ASM200681v1_genomic_prodigal_proteins	1973	1278	63.28	13.45	64.77
GCA_003212155.1_ASM321215v1_genomic_prodigal_proteins	262	GCA_001040845.1_ASM104084v1_genomic_prodigal_proteins	2917	112	63.54	16.50	42.75
GCA_003212155.1_ASM321215v1_genomic_prodigal_proteins	262	GCA_002018015.1_ASM201801v1_genomic_prodigal_proteins	1578	59	61.87	14.84	22.52
GCA_003212155.1_ASM321215v1_genomic_prodigal_proteins	262	GCA_003211255.1_ASM321125v1_genomic_prodigal_proteins	1850	77	65.10	16.74	29.39
GCA_003212155.1_ASM321215v1_genomic_prodigal_proteins	262	GCA_002721235.1_ASM272123v1_genomic_prodigal_proteins	3119	57	54.25	15.38	21.76
GCA_003212155.1_ASM321215v1_genomic_prodigal_proteins	262	GCA_009839305.1_ASM983930v1_genomic_prodigal_proteins	1816	63	60.06	16.56	24.05
GCA_003212155.1_ASM321215v1_genomic_prodigal_proteins	262	GCA_011365345.1_ASM1136534v1_genomic_prodigal_proteins	2655	114	64.54	17.60	43.51
GCA_003212155.1_ASM321215v1_genomic_prodigal_proteins	262	GCA_001039265.1_ASM103926v1_genomic_prodigal_proteins	2832	83	64.00	16.61	31.68
GCA_003212155.1_ASM321215v1_genomic_prodigal_proteins	262	GCA_001628325.1_ASM162832v1_genomic_prodigal_proteins	2129	65	61.66	16.86	24.81
GCA_003212155.1_ASM321215v1_genomic_prodigal_proteins	262	GCA_003209215.1_ASM320921v1_genomic_prodigal_proteins	1679	69	62.46	16.33	26.34
GCA_003212155.1_ASM321215v1_genomic_prodigal_proteins	262	GCA_002737305.1_ASM273730v1_genomic_prodigal_proteins	1951	63	64.97	16.68	24.05
GCA_003212155.1_ASM321215v1_genomic_prodigal_proteins	262	GCA_003210515.1_ASM321051v1_genomic_prodigal_proteins	1673	55	55.62	16.31	20.99
GCA_003212155.1_ASM321215v1_genomic_prodigal_proteins	262	GCA_011525445.1_ASM1152544v1_genomic_prodigal_proteins	3208	93	66.76	19.82	35.50
GCA_003212155.1_ASM321215v1_genomic_prodigal_proteins	262	GCA_902599435.1_AG-916-N22_genomic_prodigal_proteins	793	50	71.62	17.32	19.08
GCA_003212155.1_ASM321215v1_genomic_prodigal_proteins	262	GCA_003149585.1_ASM314958v1_genomic_prodigal_proteins	2600	99	63.43	16.95	37.79
GCA_003212155.1_ASM321215v1_genomic_prodigal_proteins	262	GCA_902560665.1_AG-905-O11_genomic_prodigal_proteins	401	30	72.08	16.75	11.45
GCA_003212155.1_ASM321215v1_genomic_prodigal_proteins	262	GCA_003331795.1_ASM333179v1_genomic_prodigal_proteins	1948	75	89.03	16.24	28.63
GCA_003212155.1_ASM321215v1_genomic_prodigal_proteins	262	GCA_002017955.1_ASM201795v1_genomic_prodigal_proteins	512	14	62.34	13.70	5.34
GCA_003212155.1_ASM321215v1_genomic_prodigal_proteins	262	GCA_902584485.1_AG-912-O23_genomic_prodigal_proteins	535	46	65.80	18.72	17.56
GCA_003212155.1_ASM321215v1_genomic_prodigal_proteins	262	GCA_902527915.1_AG-896-G19_genomic_prodigal_proteins	1003	28	59.20	18.72	10.69
GCA_003212155.1_ASM321215v1_genomic_prodigal_proteins	262	GCA_902635365.1_AG-447-D19_genomic_prodigal_proteins	1690	69	61.92	18.68	26.34
GCA_003212155.1_ASM321215v1_genomic_prodigal_proteins	262	GCA_900474085.1_UW86_genomic_prodigal_proteins	2403	106	64.07	17.30	40.46
GCA_003212155.1_ASM321215v1_genomic_prodigal_proteins	262	GCA_001885215.1_ASM188521v1_genomic_prodigal_proteins	2897	104	62.29	15.14	39.69
GCA_003212155.1_ASM321215v1_genomic_prodigal_proteins	262	GCA_902575935.1_AG-426-B22_genomic_prodigal_proteins	254	21	63.73	16.05	8.27
GCA_003212155.1_ASM321215v1_genomic_prodigal_proteins	262	GCA_900474295.1_UW140_genomic_prodigal_proteins	2925	116	64.89	16.56	44.27
GCA_003212155.1_ASM321215v1_genomic_prodigal_proteins	262	GCA_003211565.1_ASM321156v1_genomic_prodigal_proteins	1489	50	63.09	16.81	19.08
GCA_003212155.1_ASM321215v1_genomic_prodigal_proteins	262	GCA_003526105.1_ASM352610v1_genomic_prodigal_proteins	1581	30	61.78	17.23	11.45
GCA_003212155.1_ASM321215v1_genomic_prodigal_proteins	262	GCA_002172935.1_ASM217293v1_genomic_prodigal_proteins	1996	52	58.63	14.97	19.85
GCA_003212155.1_ASM321215v1_genomic_prodigal_proteins	262	GCA_003210335.1_ASM321033v1_genomic_prodigal_proteins	942	39	63.33	19.11	14.89
GCA_003212155.1_ASM321215v1_genomic_prodigal_proteins	262	GCA_009846115.1_ASM984611v1_genomic_prodigal_proteins	2048	65	60.95	15.29	24.81
GCA_003212155.1_ASM321215v1_genomic_prodigal_proteins	262	GCA_001693295.1_ASM169329v1_genomic_prodigal_proteins	3183	59	53.19	15.44	22.52
GCA_003212155.1_ASM321215v1_genomic_prodigal_proteins	262	GCA_900473965.1_UW179A_genomic_prodigal_proteins	3383	114	63.36	16.86	43.51
GCA_003212155.1_ASM321215v1_genomic_prodigal_proteins	262	GCA_003213755.1_ASM321375v1_genomic_prodigal_proteins	1050	90	90.55	18.47	34.35
GCA_003212155.1_ASM321215v1_genomic_prodigal_proteins	262	GCA_003209155.1_ASM320915v1_genomic_prodigal_proteins	2305	61	62.53	16.49	23.28
GCA_003212155.1_ASM321215v1_genomic_prodigal_proteins	262	GCA_003211515.1_ASM321151v1_genomic_prodigal_proteins	2451	83	65.48	17.07	31.68
GCA_003212155.1_ASM321215v1_genomic_prodigal_proteins	262	GCA_002693285.1_ASM269328v1_genomic_prodigal_proteins	2440	91	63.62	15.66	34.73
GCA_003212155.1_ASM321215v1_genomic_prodigal_proteins	262	GCA_003210555.1_ASM321055v1_genomic_prodigal_proteins	1847	80	62.96	17.02	30.53
GCA_003212155.1_ASM321215v1_genomic_prodigal_proteins	262	GCA_000155595.1_ASM15559v1_genomic_prodigal_proteins	5270	67	53.55	14.42	25.57
GCA_003212155.1_ASM321215v1_genomic_prodigal_proteins	262	GCA_001007665.1_ASM100766v1_genomic_prodigal_proteins	2356	74	61.19	15.34	28.24
GCA_003212155.1_ASM321215v1_genomic_prodigal_proteins	262	GCA_009919765.1_ASM991976v1_genomic_prodigal_proteins	2524	62	88.57	18.38	23.66
GCA_003212155.1_ASM321215v1_genomic_prodigal_proteins	262	GCA_003331225.1_ASM333122v1_genomic_prodigal_proteins	2113	95	72.96	12.73	36.26
GCA_003212155.1_ASM321215v1_genomic_prodigal_proteins	262	GCA_900177825.1_IMG-taxon_2708742468_annotated_assembly_genomic_prodigal_proteins	3317	57	53.98	15.30	21.76
GCA_003212155.1_ASM321215v1_genomic_prodigal_proteins	262	GCA_000195975.1_ASM19597v1_genomic_prodigal_proteins	2719	110	66.10	17.33	41.98
GCA_003212155.1_ASM321215v1_genomic_prodigal_proteins	262	GCA_902618885.1_AG-920-D15_genomic_prodigal_proteins	1178	30	65.27	19.31	11.45
GCA_003212155.1_ASM321215v1_genomic_prodigal_proteins	262	GCA_003209165.1_ASM320916v1_genomic_prodigal_proteins	2711	89	63.80	17.44	33.97
GCA_003212155.1_ASM321215v1_genomic_prodigal_proteins	262	GCA_001007625.1_ASM100762v1_genomic_prodigal_proteins	2478	67	60.84	15.21	25.57
GCA_003212155.1_ASM321215v1_genomic_prodigal_proteins	262	GCA_008386235.1_ASM838623v1_genomic_prodigal_proteins	2571	54	53.24	14.96	20.61
GCA_003212155.1_ASM321215v1_genomic_prodigal_proteins	262	GCA_001631935.1_ASM163193v1_genomic_prodigal_proteins	3526	109	64.36	16.85	41.60
GCA_003212155.1_ASM321215v1_genomic_prodigal_proteins	262	GCA_002151525.1_ASM215152v1_genomic_prodigal_proteins	1628	83	65.44	16.16	31.68
GCA_003212155.1_ASM321215v1_genomic_prodigal_proteins	262	GCA_000153065.1_ASM15306v1_genomic_prodigal_proteins	2704	92	62.72	16.90	35.11
GCA_003212155.1_ASM321215v1_genomic_prodigal_proteins	262	GCA_009837265.1_ASM983726v1_genomic_prodigal_proteins	2126	73	60.80	15.37	27.86
GCA_003212155.1_ASM321215v1_genomic_prodigal_proteins	262	GCA_902533725.1_AG-898-C20_genomic_prodigal_proteins	421	20	67.41	18.68	7.63
GCA_003212155.1_ASM321215v1_genomic_prodigal_proteins	262	GCA_002171075.2_ASM217107v2_genomic_prodigal_proteins	1919	88	72.12	15.71	33.59
GCA_003212155.1_ASM321215v1_genomic_prodigal_proteins	262	GCA_002760395.1_ASM276039v1_genomic_prodigal_proteins	2661	51	52.22	14.12	19.47
GCA_003212155.1_ASM321215v1_genomic_prodigal_proteins	262	GCA_003209005.1_ASM320900v1_genomic_prodigal_proteins	2548	109	62.70	17.58	41.60
GCA_003212155.1_ASM321215v1_genomic_prodigal_proteins	262	GCA_002017915.1_ASM201791v1_genomic_prodigal_proteins	623	34	64.27	15.08	12.98
GCA_003212155.1_ASM321215v1_genomic_prodigal_proteins	262	GCA_900047545.1_m9_genomic_prodigal_proteins	1575	63	61.00	14.78	24.05
GCA_003212155.1_ASM321215v1_genomic_prodigal_proteins	262	GCA_001632105.1_ASM163210v1_genomic_prodigal_proteins	3521	110	64.06	16.95	41.98
GCA_003212155.1_ASM321215v1_genomic_prodigal_proteins	262	GCA_004212765.1_ASM421276v1_genomic_prodigal_proteins	1162	46	61.96	16.70	17.56
GCA_003212155.1_ASM321215v1_genomic_prodigal_proteins	262	GCA_002685515.1_ASM268551v1_genomic_prodigal_proteins	1286	35	59.13	13.86	13.36
GCA_003212155.1_ASM321215v1_genomic_prodigal_proteins	262	GCA_007828135.1_ASM782813v1_genomic_prodigal_proteins	2917	104	62.28	15.15	39.69
GCA_003212155.1_ASM321215v1_genomic_prodigal_proteins	262	GCA_011047875.1_ASM1104787v1_genomic_prodigal_proteins	2810	53	52.02	14.32	20.23
GCA_003212155.1_ASM321215v1_genomic_prodigal_proteins	262	GCA_009840445.1_ASM984044v1_genomic_prodigal_proteins	2167	78	60.69	15.15	29.77
GCA_003212155.1_ASM321215v1_genomic_prodigal_proteins	262	GCA_003210995.1_ASM321099v1_genomic_prodigal_proteins	2385	75	63.69	18.48	28.63
GCA_003212155.1_ASM321215v1_genomic_prodigal_proteins	262	GCA_902616995.1_AG-919-L20_genomic_prodigal_proteins	654	35	63.15	16.60	13.36
GCA_003212155.1_ASM321215v1_genomic_prodigal_proteins	262	GCA_009845825.1_ASM984582v1_genomic_prodigal_proteins	2168	66	58.54	16.01	25.19
GCA_003212155.1_ASM321215v1_genomic_prodigal_proteins	262	GCA_000515235.1_ASM51523v1_genomic_prodigal_proteins	2873	109	63.22	16.53	41.60
GCA_003212155.1_ASM321215v1_genomic_prodigal_proteins	262	GCA_003523965.1_ASM352396v1_genomic_prodigal_proteins	1735	53	58.35	15.52	20.23
GCA_003212155.1_ASM321215v1_genomic_prodigal_proteins	262	GCA_002684175.1_ASM268417v1_genomic_prodigal_proteins	1819	75	64.22	15.94	28.63
GCA_003212155.1_ASM321215v1_genomic_prodigal_proteins	262	GCA_011523295.1_ASM1152329v1_genomic_prodigal_proteins	2851	75	65.00	16.06	28.63
GCA_003212155.1_ASM321215v1_genomic_prodigal_proteins	262	GCA_003211015.1_ASM321101v1_genomic_prodigal_proteins	2128	92	63.98	15.95	35.11
GCA_003212155.1_ASM321215v1_genomic_prodigal_proteins	262	GCA_002006815.1_ASM200681v1_genomic_prodigal_proteins	1973	83	65.20	15.65	31.68
GCA_003210735.1_ASM321073v1_genomic_prodigal_proteins	2337	GCA_003209035.1_ASM320903v1_genomic_prodigal_proteins	1803	1138	95.57	9.05	63.12
GCA_003210735.1_ASM321073v1_genomic_prodigal_proteins	2337	GCA_003712085.1_ASM371208v1_genomic_prodigal_proteins	2745	1502	77.93	12.36	64.27
GCA_003210735.1_ASM321073v1_genomic_prodigal_proteins	2337	GCA_003212155.1_ASM321215v1_genomic_prodigal_proteins	262	79	63.97	17.74	30.15
GCA_003210735.1_ASM321073v1_genomic_prodigal_proteins	2337	GCA_001040845.1_ASM104084v1_genomic_prodigal_proteins	2917	1366	69.22	13.83	58.45
GCA_003210735.1_ASM321073v1_genomic_prodigal_proteins	2337	GCA_002018015.1_ASM201801v1_genomic_prodigal_proteins	1578	644	60.62	12.90	40.81
GCA_003210735.1_ASM321073v1_genomic_prodigal_proteins	2337	GCA_003211255.1_ASM321125v1_genomic_prodigal_proteins	1850	1098	95.48	8.70	59.35
GCA_003210735.1_ASM321073v1_genomic_prodigal_proteins	2337	GCA_002721235.1_ASM272123v1_genomic_prodigal_proteins	3119	781	52.36	12.70	33.42
GCA_003210735.1_ASM321073v1_genomic_prodigal_proteins	2337	GCA_009839305.1_ASM983930v1_genomic_prodigal_proteins	1816	642	60.44	13.19	35.35
GCA_003210735.1_ASM321073v1_genomic_prodigal_proteins	2337	GCA_011365345.1_ASM1136534v1_genomic_prodigal_proteins	2655	1529	76.15	13.42	65.43
GCA_003210735.1_ASM321073v1_genomic_prodigal_proteins	2337	GCA_001039265.1_ASM103926v1_genomic_prodigal_proteins	2832	799	66.71	13.79	34.19
GCA_003210735.1_ASM321073v1_genomic_prodigal_proteins	2337	GCA_001628325.1_ASM162832v1_genomic_prodigal_proteins	2129	1295	76.77	13.30	60.83
GCA_003210735.1_ASM321073v1_genomic_prodigal_proteins	2337	GCA_003209215.1_ASM320921v1_genomic_prodigal_proteins	1679	772	75.78	13.44	45.98
GCA_003210735.1_ASM321073v1_genomic_prodigal_proteins	2337	GCA_002737305.1_ASM273730v1_genomic_prodigal_proteins	1951	896	65.83	13.81	45.93
GCA_003210735.1_ASM321073v1_genomic_prodigal_proteins	2337	GCA_003210515.1_ASM321051v1_genomic_prodigal_proteins	1673	888	73.63	13.81	53.08
GCA_003210735.1_ASM321073v1_genomic_prodigal_proteins	2337	GCA_011525445.1_ASM1152544v1_genomic_prodigal_proteins	3208	1147	68.60	13.75	49.08
GCA_003210735.1_ASM321073v1_genomic_prodigal_proteins	2337	GCA_902599435.1_AG-916-N22_genomic_prodigal_proteins	793	386	76.36	13.86	48.68
GCA_003210735.1_ASM321073v1_genomic_prodigal_proteins	2337	GCA_003149585.1_ASM314958v1_genomic_prodigal_proteins	2600	1228	65.74	13.66	52.55
GCA_003210735.1_ASM321073v1_genomic_prodigal_proteins	2337	GCA_902560665.1_AG-905-O11_genomic_prodigal_proteins	401	174	76.36	14.18	43.39
GCA_003210735.1_ASM321073v1_genomic_prodigal_proteins	2337	GCA_003331795.1_ASM333179v1_genomic_prodigal_proteins	1948	967	64.81	14.33	49.64
GCA_003210735.1_ASM321073v1_genomic_prodigal_proteins	2337	GCA_002017955.1_ASM201795v1_genomic_prodigal_proteins	512	188	59.52	12.32	36.72
GCA_003210735.1_ASM321073v1_genomic_prodigal_proteins	2337	GCA_902584485.1_AG-912-O23_genomic_prodigal_proteins	535	236	76.63	13.46	44.11
GCA_003210735.1_ASM321073v1_genomic_prodigal_proteins	2337	GCA_902527915.1_AG-896-G19_genomic_prodigal_proteins	1003	570	77.71	13.19	56.83
GCA_003210735.1_ASM321073v1_genomic_prodigal_proteins	2337	GCA_902635365.1_AG-447-D19_genomic_prodigal_proteins	1690	716	73.57	14.03	42.37
GCA_003210735.1_ASM321073v1_genomic_prodigal_proteins	2337	GCA_900474085.1_UW86_genomic_prodigal_proteins	2403	1438	76.81	13.29	61.53
GCA_003210735.1_ASM321073v1_genomic_prodigal_proteins	2337	GCA_001885215.1_ASM188521v1_genomic_prodigal_proteins	2897	1174	64.77	13.53	50.24
GCA_003210735.1_ASM321073v1_genomic_prodigal_proteins	2337	GCA_902575935.1_AG-426-B22_genomic_prodigal_proteins	254	117	74.73	15.37	46.06
GCA_003210735.1_ASM321073v1_genomic_prodigal_proteins	2337	GCA_900474295.1_UW140_genomic_prodigal_proteins	2925	1405	69.75	13.80	60.12
GCA_003210735.1_ASM321073v1_genomic_prodigal_proteins	2337	GCA_003211565.1_ASM321156v1_genomic_prodigal_proteins	1489	698	75.17	13.90	46.88
GCA_003210735.1_ASM321073v1_genomic_prodigal_proteins	2337	GCA_003526105.1_ASM352610v1_genomic_prodigal_proteins	1581	766	76.57	13.60	48.45
GCA_003210735.1_ASM321073v1_genomic_prodigal_proteins	2337	GCA_002172935.1_ASM217293v1_genomic_prodigal_proteins	1996	1071	68.50	13.81	53.66
GCA_003210735.1_ASM321073v1_genomic_prodigal_proteins	2337	GCA_003210335.1_ASM321033v1_genomic_prodigal_proteins	942	302	67.04	14.53	32.06
GCA_003210735.1_ASM321073v1_genomic_prodigal_proteins	2337	GCA_009846115.1_ASM984611v1_genomic_prodigal_proteins	2048	775	60.17	12.96	37.84
GCA_003210735.1_ASM321073v1_genomic_prodigal_proteins	2337	GCA_001693295.1_ASM169329v1_genomic_prodigal_proteins	3183	779	52.28	12.67	33.33
GCA_003210735.1_ASM321073v1_genomic_prodigal_proteins	2337	GCA_900473965.1_UW179A_genomic_prodigal_proteins	3383	1443	69.31	14.06	61.75
GCA_003210735.1_ASM321073v1_genomic_prodigal_proteins	2337	GCA_003213755.1_ASM321375v1_genomic_prodigal_proteins	1050	450	65.13	14.72	42.86
GCA_003210735.1_ASM321073v1_genomic_prodigal_proteins	2337	GCA_003209155.1_ASM320915v1_genomic_prodigal_proteins	2305	1112	69.55	13.65	48.24
GCA_003210735.1_ASM321073v1_genomic_prodigal_proteins	2337	GCA_003211515.1_ASM321151v1_genomic_prodigal_proteins	2451	1032	72.85	13.97	44.16
GCA_003210735.1_ASM321073v1_genomic_prodigal_proteins	2337	GCA_002693285.1_ASM269328v1_genomic_prodigal_proteins	2440	1257	69.47	13.87	53.79
GCA_003210735.1_ASM321073v1_genomic_prodigal_proteins	2337	GCA_003210555.1_ASM321055v1_genomic_prodigal_proteins	1847	827	68.72	13.77	44.78
GCA_003210735.1_ASM321073v1_genomic_prodigal_proteins	2337	GCA_000155595.1_ASM15559v1_genomic_prodigal_proteins	5270	815	51.95	12.49	34.87
GCA_003210735.1_ASM321073v1_genomic_prodigal_proteins	2337	GCA_001007665.1_ASM100766v1_genomic_prodigal_proteins	2356	892	59.84	12.90	38.17
GCA_003210735.1_ASM321073v1_genomic_prodigal_proteins	2337	GCA_009919765.1_ASM991976v1_genomic_prodigal_proteins	2524	831	64.34	14.26	35.56
GCA_003210735.1_ASM321073v1_genomic_prodigal_proteins	2337	GCA_003331225.1_ASM333122v1_genomic_prodigal_proteins	2113	1066	65.15	14.05	50.45
GCA_003210735.1_ASM321073v1_genomic_prodigal_proteins	2337	GCA_900177825.1_IMG-taxon_2708742468_annotated_assembly_genomic_prodigal_proteins	3317	773	52.42	12.69	33.08
GCA_003210735.1_ASM321073v1_genomic_prodigal_proteins	2337	GCA_000195975.1_ASM19597v1_genomic_prodigal_proteins	2719	1491	78.18	12.19	63.80
GCA_003210735.1_ASM321073v1_genomic_prodigal_proteins	2337	GCA_902618885.1_AG-920-D15_genomic_prodigal_proteins	1178	605	77.32	13.29	51.36
GCA_003210735.1_ASM321073v1_genomic_prodigal_proteins	2337	GCA_003209165.1_ASM320916v1_genomic_prodigal_proteins	2711	1301	75.88	13.27	55.67
GCA_003210735.1_ASM321073v1_genomic_prodigal_proteins	2337	GCA_001007625.1_ASM100762v1_genomic_prodigal_proteins	2478	766	60.37	12.92	32.78
GCA_003210735.1_ASM321073v1_genomic_prodigal_proteins	2337	GCA_008386235.1_ASM838623v1_genomic_prodigal_proteins	2571	734	52.68	12.44	31.41
GCA_003210735.1_ASM321073v1_genomic_prodigal_proteins	2337	GCA_001631935.1_ASM163193v1_genomic_prodigal_proteins	3526	1423	69.30	13.99	60.89
GCA_003210735.1_ASM321073v1_genomic_prodigal_proteins	2337	GCA_002151525.1_ASM215152v1_genomic_prodigal_proteins	1628	841	63.32	14.12	51.66
GCA_003210735.1_ASM321073v1_genomic_prodigal_proteins	2337	GCA_000153065.1_ASM15306v1_genomic_prodigal_proteins	2704	1283	70.33	13.63	54.90
GCA_003210735.1_ASM321073v1_genomic_prodigal_proteins	2337	GCA_009837265.1_ASM983726v1_genomic_prodigal_proteins	2126	809	60.20	12.95	38.05
GCA_003210735.1_ASM321073v1_genomic_prodigal_proteins	2337	GCA_902533725.1_AG-898-C20_genomic_prodigal_proteins	421	163	74.43	15.78	38.72
GCA_003210735.1_ASM321073v1_genomic_prodigal_proteins	2337	GCA_002171075.2_ASM217107v2_genomic_prodigal_proteins	1919	910	63.32	13.61	47.42
GCA_003210735.1_ASM321073v1_genomic_prodigal_proteins	2337	GCA_002760395.1_ASM276039v1_genomic_prodigal_proteins	2661	641	52.26	11.84	27.43
GCA_003210735.1_ASM321073v1_genomic_prodigal_proteins	2337	GCA_003209005.1_ASM320900v1_genomic_prodigal_proteins	2548	1210	69.39	13.87	51.78
GCA_003210735.1_ASM321073v1_genomic_prodigal_proteins	2337	GCA_002017915.1_ASM201791v1_genomic_prodigal_proteins	623	237	61.77	13.82	38.04
GCA_003210735.1_ASM321073v1_genomic_prodigal_proteins	2337	GCA_900047545.1_m9_genomic_prodigal_proteins	1575	681	59.98	12.73	43.24
GCA_003210735.1_ASM321073v1_genomic_prodigal_proteins	2337	GCA_001632105.1_ASM163210v1_genomic_prodigal_proteins	3521	1433	69.37	13.99	61.32
GCA_003210735.1_ASM321073v1_genomic_prodigal_proteins	2337	GCA_004212765.1_ASM421276v1_genomic_prodigal_proteins	1162	729	77.70	12.55	62.74
GCA_003210735.1_ASM321073v1_genomic_prodigal_proteins	2337	GCA_002685515.1_ASM268551v1_genomic_prodigal_proteins	1286	695	68.47	13.62	54.04
GCA_003210735.1_ASM321073v1_genomic_prodigal_proteins	2337	GCA_007828135.1_ASM782813v1_genomic_prodigal_proteins	2917	1173	64.78	13.53	50.19
GCA_003210735.1_ASM321073v1_genomic_prodigal_proteins	2337	GCA_011047875.1_ASM1104787v1_genomic_prodigal_proteins	2810	664	51.99	12.13	28.41
GCA_003210735.1_ASM321073v1_genomic_prodigal_proteins	2337	GCA_009840445.1_ASM984044v1_genomic_prodigal_proteins	2167	883	60.16	12.87	40.75
GCA_003210735.1_ASM321073v1_genomic_prodigal_proteins	2337	GCA_003210995.1_ASM321099v1_genomic_prodigal_proteins	2385	1055	69.00	14.07	45.14
GCA_003210735.1_ASM321073v1_genomic_prodigal_proteins	2337	GCA_902616995.1_AG-919-L20_genomic_prodigal_proteins	654	360	77.16	12.84	55.05
GCA_003210735.1_ASM321073v1_genomic_prodigal_proteins	2337	GCA_009845825.1_ASM984582v1_genomic_prodigal_proteins	2168	740	60.55	12.58	34.13
GCA_003210735.1_ASM321073v1_genomic_prodigal_proteins	2337	GCA_000515235.1_ASM51523v1_genomic_prodigal_proteins	2873	1500	73.97	13.34	64.18
GCA_003210735.1_ASM321073v1_genomic_prodigal_proteins	2337	GCA_003523965.1_ASM352396v1_genomic_prodigal_proteins	1735	565	61.58	12.98	32.56
GCA_003210735.1_ASM321073v1_genomic_prodigal_proteins	2337	GCA_002684175.1_ASM268417v1_genomic_prodigal_proteins	1819	866	73.31	13.06	47.61
GCA_003210735.1_ASM321073v1_genomic_prodigal_proteins	2337	GCA_011523295.1_ASM1152329v1_genomic_prodigal_proteins	2851	1146	72.51	13.68	49.04
GCA_003210735.1_ASM321073v1_genomic_prodigal_proteins	2337	GCA_003211015.1_ASM321101v1_genomic_prodigal_proteins	2128	1026	69.35	13.88	48.21
GCA_003210735.1_ASM321073v1_genomic_prodigal_proteins	2337	GCA_002006815.1_ASM200681v1_genomic_prodigal_proteins	1973	1010	63.31	13.75	51.19
GCA_004211895.1_ASM421189v1_genomic_prodigal_proteins	954	GCA_003210735.1_ASM321073v1_genomic_prodigal_proteins	2337	589	77.18	12.82	61.74
GCA_004211895.1_ASM421189v1_genomic_prodigal_proteins	954	GCA_003209035.1_ASM320903v1_genomic_prodigal_proteins	1803	436	77.21	12.54	45.70
GCA_004211895.1_ASM421189v1_genomic_prodigal_proteins	954	GCA_003712085.1_ASM371208v1_genomic_prodigal_proteins	2745	768	79.06	12.49	80.50
GCA_004211895.1_ASM421189v1_genomic_prodigal_proteins	954	GCA_003212155.1_ASM321215v1_genomic_prodigal_proteins	262	21	57.03	18.07	8.02
GCA_004211895.1_ASM421189v1_genomic_prodigal_proteins	954	GCA_001040845.1_ASM104084v1_genomic_prodigal_proteins	2917	699	71.14	12.90	73.27
GCA_004211895.1_ASM421189v1_genomic_prodigal_proteins	954	GCA_002018015.1_ASM201801v1_genomic_prodigal_proteins	1578	356	62.31	12.70	37.32
GCA_004211895.1_ASM421189v1_genomic_prodigal_proteins	954	GCA_003211255.1_ASM321125v1_genomic_prodigal_proteins	1850	445	76.63	13.30	46.65
GCA_004211895.1_ASM421189v1_genomic_prodigal_proteins	954	GCA_002721235.1_ASM272123v1_genomic_prodigal_proteins	3119	450	53.02	12.94	47.17
GCA_004211895.1_ASM421189v1_genomic_prodigal_proteins	954	GCA_009839305.1_ASM983930v1_genomic_prodigal_proteins	1816	377	61.46	13.12	39.52
GCA_004211895.1_ASM421189v1_genomic_prodigal_proteins	954	GCA_011365345.1_ASM1136534v1_genomic_prodigal_proteins	2655	821	91.17	7.13	86.06
GCA_004211895.1_ASM421189v1_genomic_prodigal_proteins	954	GCA_001039265.1_ASM103926v1_genomic_prodigal_proteins	2832	435	68.33	13.41	45.60
GCA_004211895.1_ASM421189v1_genomic_prodigal_proteins	954	GCA_001628325.1_ASM162832v1_genomic_prodigal_proteins	2129	780	95.28	4.93	81.76
GCA_004211895.1_ASM421189v1_genomic_prodigal_proteins	954	GCA_003209215.1_ASM320921v1_genomic_prodigal_proteins	1679	389	92.02	10.19	40.78
GCA_004211895.1_ASM421189v1_genomic_prodigal_proteins	954	GCA_002737305.1_ASM273730v1_genomic_prodigal_proteins	1951	526	67.23	13.83	55.14
GCA_004211895.1_ASM421189v1_genomic_prodigal_proteins	954	GCA_003210515.1_ASM321051v1_genomic_prodigal_proteins	1673	498	78.30	12.33	52.20
GCA_004211895.1_ASM421189v1_genomic_prodigal_proteins	954	GCA_011525445.1_ASM1152544v1_genomic_prodigal_proteins	3208	587	70.89	13.41	61.53
GCA_004211895.1_ASM421189v1_genomic_prodigal_proteins	954	GCA_902599435.1_AG-916-N22_genomic_prodigal_proteins	793	208	78.34	13.90	26.23
GCA_004211895.1_ASM421189v1_genomic_prodigal_proteins	954	GCA_003149585.1_ASM314958v1_genomic_prodigal_proteins	2600	684	67.23	13.48	71.70
GCA_004211895.1_ASM421189v1_genomic_prodigal_proteins	954	GCA_902560665.1_AG-905-O11_genomic_prodigal_proteins	401	38	75.92	17.20	9.48
GCA_004211895.1_ASM421189v1_genomic_prodigal_proteins	954	GCA_003331795.1_ASM333179v1_genomic_prodigal_proteins	1948	586	65.98	13.86	61.43
GCA_004211895.1_ASM421189v1_genomic_prodigal_proteins	954	GCA_002017955.1_ASM201795v1_genomic_prodigal_proteins	512	109	61.54	12.86	21.29
GCA_004211895.1_ASM421189v1_genomic_prodigal_proteins	954	GCA_902584485.1_AG-912-O23_genomic_prodigal_proteins	535	70	71.43	17.16	13.08
GCA_004211895.1_ASM421189v1_genomic_prodigal_proteins	954	GCA_902527915.1_AG-896-G19_genomic_prodigal_proteins	1003	290	77.82	13.91	30.40
GCA_004211895.1_ASM421189v1_genomic_prodigal_proteins	954	GCA_902635365.1_AG-447-D19_genomic_prodigal_proteins	1690	391	77.02	13.89	40.99
GCA_004211895.1_ASM421189v1_genomic_prodigal_proteins	954	GCA_900474085.1_UW86_genomic_prodigal_proteins	2403	812	94.70	6.01	85.12
GCA_004211895.1_ASM421189v1_genomic_prodigal_proteins	954	GCA_001885215.1_ASM188521v1_genomic_prodigal_proteins	2897	645	66.22	13.12	67.61
GCA_004211895.1_ASM421189v1_genomic_prodigal_proteins	954	GCA_902575935.1_AG-426-B22_genomic_prodigal_proteins	254	47	88.99	16.13	18.50
GCA_004211895.1_ASM421189v1_genomic_prodigal_proteins	954	GCA_900474295.1_UW140_genomic_prodigal_proteins	2925	723	71.89	13.21	75.79
GCA_004211895.1_ASM421189v1_genomic_prodigal_proteins	954	GCA_003211565.1_ASM321156v1_genomic_prodigal_proteins	1489	351	92.72	9.71	36.79
GCA_004211895.1_ASM421189v1_genomic_prodigal_proteins	954	GCA_003526105.1_ASM352610v1_genomic_prodigal_proteins	1581	522	94.18	9.25	54.72
GCA_004211895.1_ASM421189v1_genomic_prodigal_proteins	954	GCA_002172935.1_ASM217293v1_genomic_prodigal_proteins	1996	606	71.12	13.40	63.52
GCA_004211895.1_ASM421189v1_genomic_prodigal_proteins	954	GCA_003210335.1_ASM321033v1_genomic_prodigal_proteins	942	152	66.95	14.07	16.14
GCA_004211895.1_ASM421189v1_genomic_prodigal_proteins	954	GCA_009846115.1_ASM984611v1_genomic_prodigal_proteins	2048	434	60.62	12.65	45.49
GCA_004211895.1_ASM421189v1_genomic_prodigal_proteins	954	GCA_001693295.1_ASM169329v1_genomic_prodigal_proteins	3183	446	53.16	12.89	46.75
GCA_004211895.1_ASM421189v1_genomic_prodigal_proteins	954	GCA_900473965.1_UW179A_genomic_prodigal_proteins	3383	706	71.33	13.51	74.00
GCA_004211895.1_ASM421189v1_genomic_prodigal_proteins	954	GCA_003213755.1_ASM321375v1_genomic_prodigal_proteins	1050	214	65.68	13.53	22.43
GCA_004211895.1_ASM421189v1_genomic_prodigal_proteins	954	GCA_003209155.1_ASM320915v1_genomic_prodigal_proteins	2305	604	71.67	13.40	63.31
GCA_004211895.1_ASM421189v1_genomic_prodigal_proteins	954	GCA_003211515.1_ASM321151v1_genomic_prodigal_proteins	2451	521	74.80	13.34	54.61
GCA_004211895.1_ASM421189v1_genomic_prodigal_proteins	954	GCA_002693285.1_ASM269328v1_genomic_prodigal_proteins	2440	661	72.13	13.05	69.29
GCA_004211895.1_ASM421189v1_genomic_prodigal_proteins	954	GCA_003210555.1_ASM321055v1_genomic_prodigal_proteins	1847	405	70.22	12.85	42.45
GCA_004211895.1_ASM421189v1_genomic_prodigal_proteins	954	GCA_000155595.1_ASM15559v1_genomic_prodigal_proteins	5270	459	52.34	12.58	48.11
GCA_004211895.1_ASM421189v1_genomic_prodigal_proteins	954	GCA_001007665.1_ASM100766v1_genomic_prodigal_proteins	2356	489	61.13	12.41	51.26
GCA_004211895.1_ASM421189v1_genomic_prodigal_proteins	954	GCA_009919765.1_ASM991976v1_genomic_prodigal_proteins	2524	485	66.90	14.33	50.84
GCA_004211895.1_ASM421189v1_genomic_prodigal_proteins	954	GCA_003331225.1_ASM333122v1_genomic_prodigal_proteins	2113	602	66.21	13.71	63.10
GCA_004211895.1_ASM421189v1_genomic_prodigal_proteins	954	GCA_900177825.1_IMG-taxon_2708742468_annotated_assembly_genomic_prodigal_proteins	3317	440	53.11	12.96	46.12
GCA_004211895.1_ASM421189v1_genomic_prodigal_proteins	954	GCA_000195975.1_ASM19597v1_genomic_prodigal_proteins	2719	774	79.14	12.36	81.13
GCA_004211895.1_ASM421189v1_genomic_prodigal_proteins	954	GCA_902618885.1_AG-920-D15_genomic_prodigal_proteins	1178	328	77.69	14.68	34.38
GCA_004211895.1_ASM421189v1_genomic_prodigal_proteins	954	GCA_003209165.1_ASM320916v1_genomic_prodigal_proteins	2711	651	91.90	7.77	68.24
GCA_004211895.1_ASM421189v1_genomic_prodigal_proteins	954	GCA_001007625.1_ASM100762v1_genomic_prodigal_proteins	2478	438	61.30	12.49	45.91
GCA_004211895.1_ASM421189v1_genomic_prodigal_proteins	954	GCA_008386235.1_ASM838623v1_genomic_prodigal_proteins	2571	433	53.63	12.34	45.39
GCA_004211895.1_ASM421189v1_genomic_prodigal_proteins	954	GCA_001631935.1_ASM163193v1_genomic_prodigal_proteins	3526	710	71.40	13.48	74.42
GCA_004211895.1_ASM421189v1_genomic_prodigal_proteins	954	GCA_002151525.1_ASM215152v1_genomic_prodigal_proteins	1628	447	64.27	13.64	46.86
GCA_004211895.1_ASM421189v1_genomic_prodigal_proteins	954	GCA_000153065.1_ASM15306v1_genomic_prodigal_proteins	2704	692	72.61	12.58	72.54
GCA_004211895.1_ASM421189v1_genomic_prodigal_proteins	954	GCA_009837265.1_ASM983726v1_genomic_prodigal_proteins	2126	461	60.89	12.55	48.32
GCA_004211895.1_ASM421189v1_genomic_prodigal_proteins	954	GCA_902533725.1_AG-898-C20_genomic_prodigal_proteins	421	41	87.88	16.00	9.74
GCA_004211895.1_ASM421189v1_genomic_prodigal_proteins	954	GCA_002171075.2_ASM217107v2_genomic_prodigal_proteins	1919	493	64.19	13.55	51.68
GCA_004211895.1_ASM421189v1_genomic_prodigal_proteins	954	GCA_002760395.1_ASM276039v1_genomic_prodigal_proteins	2661	386	52.66	11.93	40.46
GCA_004211895.1_ASM421189v1_genomic_prodigal_proteins	954	GCA_003209005.1_ASM320900v1_genomic_prodigal_proteins	2548	628	70.62	13.47	65.83
GCA_004211895.1_ASM421189v1_genomic_prodigal_proteins	954	GCA_002017915.1_ASM201791v1_genomic_prodigal_proteins	623	129	63.94	13.50	20.71
GCA_004211895.1_ASM421189v1_genomic_prodigal_proteins	954	GCA_900047545.1_m9_genomic_prodigal_proteins	1575	388	60.71	12.51	40.67
GCA_004211895.1_ASM421189v1_genomic_prodigal_proteins	954	GCA_001632105.1_ASM163210v1_genomic_prodigal_proteins	3521	713	71.36	13.57	74.74
GCA_004211895.1_ASM421189v1_genomic_prodigal_proteins	954	GCA_004212765.1_ASM421276v1_genomic_prodigal_proteins	1162	430	78.51	13.12	45.07
GCA_004211895.1_ASM421189v1_genomic_prodigal_proteins	954	GCA_002685515.1_ASM268551v1_genomic_prodigal_proteins	1286	415	70.31	14.11	43.50
GCA_004211895.1_ASM421189v1_genomic_prodigal_proteins	954	GCA_007828135.1_ASM782813v1_genomic_prodigal_proteins	2917	645	66.21	13.12	67.61
GCA_004211895.1_ASM421189v1_genomic_prodigal_proteins	954	GCA_011047875.1_ASM1104787v1_genomic_prodigal_proteins	2810	379	52.98	11.86	39.73
GCA_004211895.1_ASM421189v1_genomic_prodigal_proteins	954	GCA_009840445.1_ASM984044v1_genomic_prodigal_proteins	2167	499	61.06	12.57	52.31
GCA_004211895.1_ASM421189v1_genomic_prodigal_proteins	954	GCA_003210995.1_ASM321099v1_genomic_prodigal_proteins	2385	539	70.75	13.59	56.50
GCA_004211895.1_ASM421189v1_genomic_prodigal_proteins	954	GCA_902616995.1_AG-919-L20_genomic_prodigal_proteins	654	159	77.65	14.91	24.31
GCA_004211895.1_ASM421189v1_genomic_prodigal_proteins	954	GCA_009845825.1_ASM984582v1_genomic_prodigal_proteins	2168	430	61.53	12.49	45.07
GCA_004211895.1_ASM421189v1_genomic_prodigal_proteins	954	GCA_000515235.1_ASM51523v1_genomic_prodigal_proteins	2873	742	76.69	12.42	77.78
GCA_004211895.1_ASM421189v1_genomic_prodigal_proteins	954	GCA_003523965.1_ASM352396v1_genomic_prodigal_proteins	1735	344	61.81	13.16	36.06
GCA_004211895.1_ASM421189v1_genomic_prodigal_proteins	954	GCA_002684175.1_ASM268417v1_genomic_prodigal_proteins	1819	475	75.71	12.40	49.79
GCA_004211895.1_ASM421189v1_genomic_prodigal_proteins	954	GCA_011523295.1_ASM1152329v1_genomic_prodigal_proteins	2851	649	76.97	13.42	68.03
GCA_004211895.1_ASM421189v1_genomic_prodigal_proteins	954	GCA_003211015.1_ASM321101v1_genomic_prodigal_proteins	2128	501	70.94	13.96	52.52
GCA_004211895.1_ASM421189v1_genomic_prodigal_proteins	954	GCA_002006815.1_ASM200681v1_genomic_prodigal_proteins	1973	566	64.99	13.66	59.33
GCA_000161795.2_ASM16179v2_genomic_prodigal_proteins	2407	GCA_004211895.1_ASM421189v1_genomic_prodigal_proteins	954	793	94.50	5.20	83.12
GCA_000161795.2_ASM16179v2_genomic_prodigal_proteins	2407	GCA_003210735.1_ASM321073v1_genomic_prodigal_proteins	2337	1443	76.66	13.11	61.75
GCA_000161795.2_ASM16179v2_genomic_prodigal_proteins	2407	GCA_003209035.1_ASM320903v1_genomic_prodigal_proteins	1803	1052	76.81	13.08	58.35
GCA_000161795.2_ASM16179v2_genomic_prodigal_proteins	2407	GCA_003712085.1_ASM371208v1_genomic_prodigal_proteins	2745	1895	78.71	12.81	78.73
GCA_000161795.2_ASM16179v2_genomic_prodigal_proteins	2407	GCA_003212155.1_ASM321215v1_genomic_prodigal_proteins	262	106	66.26	17.43	40.46
GCA_000161795.2_ASM16179v2_genomic_prodigal_proteins	2407	GCA_001040845.1_ASM104084v1_genomic_prodigal_proteins	2917	1768	70.79	13.60	73.45
GCA_000161795.2_ASM16179v2_genomic_prodigal_proteins	2407	GCA_002018015.1_ASM201801v1_genomic_prodigal_proteins	1578	890	62.14	12.74	56.40
GCA_000161795.2_ASM16179v2_genomic_prodigal_proteins	2407	GCA_003211255.1_ASM321125v1_genomic_prodigal_proteins	1850	1072	76.66	13.21	57.95
GCA_000161795.2_ASM16179v2_genomic_prodigal_proteins	2407	GCA_002721235.1_ASM272123v1_genomic_prodigal_proteins	3119	1043	53.78	12.86	43.33
GCA_000161795.2_ASM16179v2_genomic_prodigal_proteins	2407	GCA_009839305.1_ASM983930v1_genomic_prodigal_proteins	1816	879	61.71	13.25	48.40
GCA_000161795.2_ASM16179v2_genomic_prodigal_proteins	2407	GCA_011365345.1_ASM1136534v1_genomic_prodigal_proteins	2655	2041	89.61	8.44	84.79
GCA_000161795.2_ASM16179v2_genomic_prodigal_proteins	2407	GCA_001039265.1_ASM103926v1_genomic_prodigal_proteins	2832	1091	68.69	13.56	45.33
GCA_000161795.2_ASM16179v2_genomic_prodigal_proteins	2407	GCA_001628325.1_ASM162832v1_genomic_prodigal_proteins	2129	1852	96.15	4.92	86.99
GCA_000161795.2_ASM16179v2_genomic_prodigal_proteins	2407	GCA_003209215.1_ASM320921v1_genomic_prodigal_proteins	1679	1060	93.77	7.54	63.13
GCA_000161795.2_ASM16179v2_genomic_prodigal_proteins	2407	GCA_002737305.1_ASM273730v1_genomic_prodigal_proteins	1951	1195	67.42	13.60	61.25
GCA_000161795.2_ASM16179v2_genomic_prodigal_proteins	2407	GCA_003210515.1_ASM321051v1_genomic_prodigal_proteins	1673	1099	76.57	12.95	65.69
GCA_000161795.2_ASM16179v2_genomic_prodigal_proteins	2407	GCA_011525445.1_ASM1152544v1_genomic_prodigal_proteins	3208	1434	70.39	13.53	59.58
GCA_000161795.2_ASM16179v2_genomic_prodigal_proteins	2407	GCA_902599435.1_AG-916-N22_genomic_prodigal_proteins	793	479	79.96	13.32	60.40
GCA_000161795.2_ASM16179v2_genomic_prodigal_proteins	2407	GCA_003149585.1_ASM314958v1_genomic_prodigal_proteins	2600	1638	67.61	13.85	68.05
GCA_000161795.2_ASM16179v2_genomic_prodigal_proteins	2407	GCA_902560665.1_AG-905-O11_genomic_prodigal_proteins	401	205	80.52	12.49	51.12
GCA_000161795.2_ASM16179v2_genomic_prodigal_proteins	2407	GCA_003331795.1_ASM333179v1_genomic_prodigal_proteins	1948	1294	66.30	14.28	66.43
GCA_000161795.2_ASM16179v2_genomic_prodigal_proteins	2407	GCA_002017955.1_ASM201795v1_genomic_prodigal_proteins	512	254	61.67	12.58	49.61
GCA_000161795.2_ASM16179v2_genomic_prodigal_proteins	2407	GCA_902584485.1_AG-912-O23_genomic_prodigal_proteins	535	258	78.66	14.15	48.22
GCA_000161795.2_ASM16179v2_genomic_prodigal_proteins	2407	GCA_902527915.1_AG-896-G19_genomic_prodigal_proteins	1003	627	78.13	13.45	62.51
GCA_000161795.2_ASM16179v2_genomic_prodigal_proteins	2407	GCA_902635365.1_AG-447-D19_genomic_prodigal_proteins	1690	931	77.12	13.28	55.09
GCA_000161795.2_ASM16179v2_genomic_prodigal_proteins	2407	GCA_900474085.1_UW86_genomic_prodigal_proteins	2403	2076	95.30	5.82	86.39
GCA_000161795.2_ASM16179v2_genomic_prodigal_proteins	2407	GCA_001885215.1_ASM188521v1_genomic_prodigal_proteins	2897	1557	66.37	13.27	64.69
GCA_000161795.2_ASM16179v2_genomic_prodigal_proteins	2407	GCA_902575935.1_AG-426-B22_genomic_prodigal_proteins	254	182	93.37	10.61	71.65
GCA_000161795.2_ASM16179v2_genomic_prodigal_proteins	2407	GCA_900474295.1_UW140_genomic_prodigal_proteins	2925	1780	71.77	13.66	73.95
GCA_000161795.2_ASM16179v2_genomic_prodigal_proteins	2407	GCA_003211565.1_ASM321156v1_genomic_prodigal_proteins	1489	986	93.97	7.07	66.22
GCA_000161795.2_ASM16179v2_genomic_prodigal_proteins	2407	GCA_003526105.1_ASM352610v1_genomic_prodigal_proteins	1581	1098	96.08	5.78	69.45
GCA_000161795.2_ASM16179v2_genomic_prodigal_proteins	2407	GCA_002172935.1_ASM217293v1_genomic_prodigal_proteins	1996	1342	70.79	13.61	67.23
GCA_000161795.2_ASM16179v2_genomic_prodigal_proteins	2407	GCA_003210335.1_ASM321033v1_genomic_prodigal_proteins	942	354	68.29	14.46	37.58
GCA_000161795.2_ASM16179v2_genomic_prodigal_proteins	2407	GCA_009846115.1_ASM984611v1_genomic_prodigal_proteins	2048	1047	61.16	12.82	51.12
GCA_000161795.2_ASM16179v2_genomic_prodigal_proteins	2407	GCA_001693295.1_ASM169329v1_genomic_prodigal_proteins	3183	1045	53.67	12.93	43.42
GCA_000161795.2_ASM16179v2_genomic_prodigal_proteins	2407	GCA_900473965.1_UW179A_genomic_prodigal_proteins	3383	1798	70.99	13.77	74.70
GCA_000161795.2_ASM16179v2_genomic_prodigal_proteins	2407	GCA_003213755.1_ASM321375v1_genomic_prodigal_proteins	1050	569	66.38	14.48	54.19
GCA_000161795.2_ASM16179v2_genomic_prodigal_proteins	2407	GCA_003209155.1_ASM320915v1_genomic_prodigal_proteins	2305	1347	71.17	13.57	58.44
GCA_000161795.2_ASM16179v2_genomic_prodigal_proteins	2407	GCA_003211515.1_ASM321151v1_genomic_prodigal_proteins	2451	1210	75.23	13.25	50.27
GCA_000161795.2_ASM16179v2_genomic_prodigal_proteins	2407	GCA_002693285.1_ASM269328v1_genomic_prodigal_proteins	2440	1553	71.31	13.62	64.52
GCA_000161795.2_ASM16179v2_genomic_prodigal_proteins	2407	GCA_003210555.1_ASM321055v1_genomic_prodigal_proteins	1847	1003	69.97	13.39	54.30
GCA_000161795.2_ASM16179v2_genomic_prodigal_proteins	2407	GCA_000155595.1_ASM15559v1_genomic_prodigal_proteins	5270	1099	53.09	12.76	45.66
GCA_000161795.2_ASM16179v2_genomic_prodigal_proteins	2407	GCA_001007665.1_ASM100766v1_genomic_prodigal_proteins	2356	1190	60.96	12.76	50.51
GCA_000161795.2_ASM16179v2_genomic_prodigal_proteins	2407	GCA_009919765.1_ASM991976v1_genomic_prodigal_proteins	2524	1100	66.54	14.51	45.70
GCA_000161795.2_ASM16179v2_genomic_prodigal_proteins	2407	GCA_003331225.1_ASM333122v1_genomic_prodigal_proteins	2113	1401	66.17	13.99	66.30
GCA_000161795.2_ASM16179v2_genomic_prodigal_proteins	2407	GCA_900177825.1_IMG-taxon_2708742468_annotated_assembly_genomic_prodigal_proteins	3317	1031	53.80	12.89	42.83
GCA_000161795.2_ASM16179v2_genomic_prodigal_proteins	2407	GCA_000195975.1_ASM19597v1_genomic_prodigal_proteins	2719	1906	78.67	12.89	79.19
GCA_000161795.2_ASM16179v2_genomic_prodigal_proteins	2407	GCA_902618885.1_AG-920-D15_genomic_prodigal_proteins	1178	755	79.09	13.16	64.09
GCA_000161795.2_ASM16179v2_genomic_prodigal_proteins	2407	GCA_003209165.1_ASM320916v1_genomic_prodigal_proteins	2711	1757	90.61	7.96	73.00
GCA_000161795.2_ASM16179v2_genomic_prodigal_proteins	2407	GCA_001007625.1_ASM100762v1_genomic_prodigal_proteins	2478	1043	61.43	12.86	43.33
GCA_000161795.2_ASM16179v2_genomic_prodigal_proteins	2407	GCA_008386235.1_ASM838623v1_genomic_prodigal_proteins	2571	993	54.23	12.47	41.25
GCA_000161795.2_ASM16179v2_genomic_prodigal_proteins	2407	GCA_001631935.1_ASM163193v1_genomic_prodigal_proteins	3526	1787	71.11	13.75	74.24
GCA_000161795.2_ASM16179v2_genomic_prodigal_proteins	2407	GCA_002151525.1_ASM215152v1_genomic_prodigal_proteins	1628	1068	64.42	13.89	65.60
GCA_000161795.2_ASM16179v2_genomic_prodigal_proteins	2407	GCA_000153065.1_ASM15306v1_genomic_prodigal_proteins	2704	1674	72.32	13.23	69.55
GCA_000161795.2_ASM16179v2_genomic_prodigal_proteins	2407	GCA_009837265.1_ASM983726v1_genomic_prodigal_proteins	2126	1108	61.28	12.83	52.12
GCA_000161795.2_ASM16179v2_genomic_prodigal_proteins	2407	GCA_902533725.1_AG-898-C20_genomic_prodigal_proteins	421	221	92.47	8.42	52.49
GCA_000161795.2_ASM16179v2_genomic_prodigal_proteins	2407	GCA_002171075.2_ASM217107v2_genomic_prodigal_proteins	1919	1193	64.42	13.67	62.17
GCA_000161795.2_ASM16179v2_genomic_prodigal_proteins	2407	GCA_002760395.1_ASM276039v1_genomic_prodigal_proteins	2661	892	53.25	11.95	37.06
GCA_000161795.2_ASM16179v2_genomic_prodigal_proteins	2407	GCA_003209005.1_ASM320900v1_genomic_prodigal_proteins	2548	1502	70.83	13.74	62.40
GCA_000161795.2_ASM16179v2_genomic_prodigal_proteins	2407	GCA_002017915.1_ASM201791v1_genomic_prodigal_proteins	623	326	63.81	13.31	52.33
GCA_000161795.2_ASM16179v2_genomic_prodigal_proteins	2407	GCA_900047545.1_m9_genomic_prodigal_proteins	1575	911	61.15	12.68	57.84
GCA_000161795.2_ASM16179v2_genomic_prodigal_proteins	2407	GCA_001632105.1_ASM163210v1_genomic_prodigal_proteins	3521	1791	71.06	13.74	74.41
GCA_000161795.2_ASM16179v2_genomic_prodigal_proteins	2407	GCA_004212765.1_ASM421276v1_genomic_prodigal_proteins	1162	884	78.15	12.72	76.08
GCA_000161795.2_ASM16179v2_genomic_prodigal_proteins	2407	GCA_002685515.1_ASM268551v1_genomic_prodigal_proteins	1286	902	69.88	13.77	70.14
GCA_000161795.2_ASM16179v2_genomic_prodigal_proteins	2407	GCA_007828135.1_ASM782813v1_genomic_prodigal_proteins	2917	1559	66.41	13.30	64.77
GCA_000161795.2_ASM16179v2_genomic_prodigal_proteins	2407	GCA_011047875.1_ASM1104787v1_genomic_prodigal_proteins	2810	899	53.18	12.10	37.35
GCA_000161795.2_ASM16179v2_genomic_prodigal_proteins	2407	GCA_009840445.1_ASM984044v1_genomic_prodigal_proteins	2167	1206	61.21	12.87	55.65
GCA_000161795.2_ASM16179v2_genomic_prodigal_proteins	2407	GCA_003210995.1_ASM321099v1_genomic_prodigal_proteins	2385	1305	71.21	14.03	54.72
GCA_000161795.2_ASM16179v2_genomic_prodigal_proteins	2407	GCA_902616995.1_AG-919-L20_genomic_prodigal_proteins	654	373	78.78	13.06	57.03
GCA_000161795.2_ASM16179v2_genomic_prodigal_proteins	2407	GCA_009845825.1_ASM984582v1_genomic_prodigal_proteins	2168	1017	61.52	12.67	46.91
GCA_000161795.2_ASM16179v2_genomic_prodigal_proteins	2407	GCA_000515235.1_ASM51523v1_genomic_prodigal_proteins	2873	1843	76.06	12.78	76.57
GCA_000161795.2_ASM16179v2_genomic_prodigal_proteins	2407	GCA_003523965.1_ASM352396v1_genomic_prodigal_proteins	1735	772	62.49	13.05	44.50
GCA_000161795.2_ASM16179v2_genomic_prodigal_proteins	2407	GCA_002684175.1_ASM268417v1_genomic_prodigal_proteins	1819	1115	75.98	11.64	61.30
GCA_000161795.2_ASM16179v2_genomic_prodigal_proteins	2407	GCA_011523295.1_ASM1152329v1_genomic_prodigal_proteins	2851	1448	76.65	13.32	60.16
GCA_000161795.2_ASM16179v2_genomic_prodigal_proteins	2407	GCA_003211015.1_ASM321101v1_genomic_prodigal_proteins	2128	1286	71.17	13.56	60.43
GCA_000161795.2_ASM16179v2_genomic_prodigal_proteins	2407	GCA_002006815.1_ASM200681v1_genomic_prodigal_proteins	1973	1334	64.64	13.81	67.61
GCA_002018015.1_ASM201801v1_genomic_prodigal_proteins	1578	GCA_003211255.1_ASM321125v1_genomic_prodigal_proteins	1850	514	60.58	12.52	32.57
GCA_002018015.1_ASM201801v1_genomic_prodigal_proteins	1578	GCA_002721235.1_ASM272123v1_genomic_prodigal_proteins	3119	704	54.37	12.45	44.61
GCA_002018015.1_ASM201801v1_genomic_prodigal_proteins	1578	GCA_009839305.1_ASM983930v1_genomic_prodigal_proteins	1816	850	86.09	9.04	53.87
GCA_002018015.1_ASM201801v1_genomic_prodigal_proteins	1578	GCA_011365345.1_ASM1136534v1_genomic_prodigal_proteins	2655	894	62.06	12.78	56.65
GCA_002018015.1_ASM201801v1_genomic_prodigal_proteins	1578	GCA_001039265.1_ASM103926v1_genomic_prodigal_proteins	2832	657	64.15	12.49	41.63
GCA_002018015.1_ASM201801v1_genomic_prodigal_proteins	1578	GCA_001628325.1_ASM162832v1_genomic_prodigal_proteins	2129	805	62.28	12.52	51.01
GCA_002018015.1_ASM201801v1_genomic_prodigal_proteins	1578	GCA_003209215.1_ASM320921v1_genomic_prodigal_proteins	1679	472	61.59	12.78	29.91
GCA_002018015.1_ASM201801v1_genomic_prodigal_proteins	1578	GCA_002737305.1_ASM273730v1_genomic_prodigal_proteins	1951	709	63.11	12.59	44.93
GCA_002018015.1_ASM201801v1_genomic_prodigal_proteins	1578	GCA_003210515.1_ASM321051v1_genomic_prodigal_proteins	1673	503	60.93	12.87	31.88
GCA_002018015.1_ASM201801v1_genomic_prodigal_proteins	1578	GCA_011525445.1_ASM1152544v1_genomic_prodigal_proteins	3208	730	60.23	12.44	46.26
GCA_002018015.1_ASM201801v1_genomic_prodigal_proteins	1578	GCA_902599435.1_AG-916-N22_genomic_prodigal_proteins	793	234	64.22	12.14	29.51
GCA_002018015.1_ASM201801v1_genomic_prodigal_proteins	1578	GCA_003149585.1_ASM314958v1_genomic_prodigal_proteins	2600	917	62.83	12.42	58.11
GCA_002018015.1_ASM201801v1_genomic_prodigal_proteins	1578	GCA_902560665.1_AG-905-O11_genomic_prodigal_proteins	401	91	62.16	14.30	22.69
GCA_002018015.1_ASM201801v1_genomic_prodigal_proteins	1578	GCA_003331795.1_ASM333179v1_genomic_prodigal_proteins	1948	740	63.27	12.73	46.89
GCA_002018015.1_ASM201801v1_genomic_prodigal_proteins	1578	GCA_002017955.1_ASM201795v1_genomic_prodigal_proteins	512	324	98.06	5.67	63.28
GCA_002018015.1_ASM201801v1_genomic_prodigal_proteins	1578	GCA_902584485.1_AG-912-O23_genomic_prodigal_proteins	535	114	60.87	14.21	21.31
GCA_002018015.1_ASM201801v1_genomic_prodigal_proteins	1578	GCA_902527915.1_AG-896-G19_genomic_prodigal_proteins	1003	274	63.08	12.98	27.32
GCA_002018015.1_ASM201801v1_genomic_prodigal_proteins	1578	GCA_902635365.1_AG-447-D19_genomic_prodigal_proteins	1690	422	61.85	13.22	26.74
GCA_002018015.1_ASM201801v1_genomic_prodigal_proteins	1578	GCA_900474085.1_UW86_genomic_prodigal_proteins	2403	892	62.30	12.68	56.53
GCA_002018015.1_ASM201801v1_genomic_prodigal_proteins	1578	GCA_001885215.1_ASM188521v1_genomic_prodigal_proteins	2897	924	62.62	12.53	58.56
GCA_002018015.1_ASM201801v1_genomic_prodigal_proteins	1578	GCA_902575935.1_AG-426-B22_genomic_prodigal_proteins	254	100	64.79	14.39	39.37
GCA_002018015.1_ASM201801v1_genomic_prodigal_proteins	1578	GCA_900474295.1_UW140_genomic_prodigal_proteins	2925	895	62.12	12.86	56.72
GCA_002018015.1_ASM201801v1_genomic_prodigal_proteins	1578	GCA_003211565.1_ASM321156v1_genomic_prodigal_proteins	1489	399	62.25	12.79	26.80
GCA_002018015.1_ASM201801v1_genomic_prodigal_proteins	1578	GCA_003526105.1_ASM352610v1_genomic_prodigal_proteins	1581	484	62.78	12.76	30.67
GCA_002018015.1_ASM201801v1_genomic_prodigal_proteins	1578	GCA_002172935.1_ASM217293v1_genomic_prodigal_proteins	1996	688	61.13	12.87	43.60
GCA_002018015.1_ASM201801v1_genomic_prodigal_proteins	1578	GCA_003210335.1_ASM321033v1_genomic_prodigal_proteins	942	158	62.01	13.50	16.77
GCA_002018015.1_ASM201801v1_genomic_prodigal_proteins	1578	GCA_009846115.1_ASM984611v1_genomic_prodigal_proteins	2048	992	85.97	8.84	62.86
GCA_002018015.1_ASM201801v1_genomic_prodigal_proteins	1578	GCA_001693295.1_ASM169329v1_genomic_prodigal_proteins	3183	707	54.29	12.50	44.80
GCA_002018015.1_ASM201801v1_genomic_prodigal_proteins	1578	GCA_900473965.1_UW179A_genomic_prodigal_proteins	3383	885	61.60	13.03	56.08
GCA_002018015.1_ASM201801v1_genomic_prodigal_proteins	1578	GCA_003213755.1_ASM321375v1_genomic_prodigal_proteins	1050	318	62.45	12.59	30.29
GCA_002018015.1_ASM201801v1_genomic_prodigal_proteins	1578	GCA_003209155.1_ASM320915v1_genomic_prodigal_proteins	2305	656	61.68	12.93	41.57
GCA_002018015.1_ASM201801v1_genomic_prodigal_proteins	1578	GCA_003211515.1_ASM321151v1_genomic_prodigal_proteins	2451	562	61.27	12.80	35.61
GCA_002018015.1_ASM201801v1_genomic_prodigal_proteins	1578	GCA_002693285.1_ASM269328v1_genomic_prodigal_proteins	2440	786	61.55	13.03	49.81
GCA_002018015.1_ASM201801v1_genomic_prodigal_proteins	1578	GCA_003210555.1_ASM321055v1_genomic_prodigal_proteins	1847	472	60.91	13.00	29.91
GCA_002018015.1_ASM201801v1_genomic_prodigal_proteins	1578	GCA_000155595.1_ASM15559v1_genomic_prodigal_proteins	5270	720	53.45	12.43	45.63
GCA_002018015.1_ASM201801v1_genomic_prodigal_proteins	1578	GCA_001007665.1_ASM100766v1_genomic_prodigal_proteins	2356	1112	86.61	8.01	70.47
GCA_002018015.1_ASM201801v1_genomic_prodigal_proteins	1578	GCA_009919765.1_ASM991976v1_genomic_prodigal_proteins	2524	619	62.97	12.65	39.23
GCA_002018015.1_ASM201801v1_genomic_prodigal_proteins	1578	GCA_003331225.1_ASM333122v1_genomic_prodigal_proteins	2113	788	63.18	12.78	49.94
GCA_002018015.1_ASM201801v1_genomic_prodigal_proteins	1578	GCA_900177825.1_IMG-taxon_2708742468_annotated_assembly_genomic_prodigal_proteins	3317	698	54.26	12.55	44.23
GCA_002018015.1_ASM201801v1_genomic_prodigal_proteins	1578	GCA_000195975.1_ASM19597v1_genomic_prodigal_proteins	2719	899	62.11	12.72	56.97
GCA_002018015.1_ASM201801v1_genomic_prodigal_proteins	1578	GCA_902618885.1_AG-920-D15_genomic_prodigal_proteins	1178	339	63.41	13.51	28.78
GCA_002018015.1_ASM201801v1_genomic_prodigal_proteins	1578	GCA_003209165.1_ASM320916v1_genomic_prodigal_proteins	2711	766	61.83	12.94	48.54
GCA_002018015.1_ASM201801v1_genomic_prodigal_proteins	1578	GCA_001007625.1_ASM100762v1_genomic_prodigal_proteins	2478	999	86.80	9.04	63.31
GCA_002018015.1_ASM201801v1_genomic_prodigal_proteins	1578	GCA_008386235.1_ASM838623v1_genomic_prodigal_proteins	2571	711	54.72	12.20	45.06
GCA_002018015.1_ASM201801v1_genomic_prodigal_proteins	1578	GCA_001631935.1_ASM163193v1_genomic_prodigal_proteins	3526	884	61.67	12.97	56.02
GCA_002018015.1_ASM201801v1_genomic_prodigal_proteins	1578	GCA_002151525.1_ASM215152v1_genomic_prodigal_proteins	1628	660	61.94	12.77	41.83
GCA_002018015.1_ASM201801v1_genomic_prodigal_proteins	1578	GCA_000153065.1_ASM15306v1_genomic_prodigal_proteins	2704	888	62.80	12.94	56.27
GCA_002018015.1_ASM201801v1_genomic_prodigal_proteins	1578	GCA_009837265.1_ASM983726v1_genomic_prodigal_proteins	2126	1046	86.03	8.76	66.29
GCA_002018015.1_ASM201801v1_genomic_prodigal_proteins	1578	GCA_902533725.1_AG-898-C20_genomic_prodigal_proteins	421	83	62.54	13.40	19.71
GCA_002018015.1_ASM201801v1_genomic_prodigal_proteins	1578	GCA_002171075.2_ASM217107v2_genomic_prodigal_proteins	1919	689	61.85	12.25	43.66
GCA_002018015.1_ASM201801v1_genomic_prodigal_proteins	1578	GCA_002760395.1_ASM276039v1_genomic_prodigal_proteins	2661	653	53.70	11.78	41.38
GCA_002018015.1_ASM201801v1_genomic_prodigal_proteins	1578	GCA_003209005.1_ASM320900v1_genomic_prodigal_proteins	2548	740	61.58	12.68	46.89
GCA_002018015.1_ASM201801v1_genomic_prodigal_proteins	1578	GCA_002017915.1_ASM201791v1_genomic_prodigal_proteins	623	400	98.03	5.91	64.21
GCA_002018015.1_ASM201801v1_genomic_prodigal_proteins	1578	GCA_900047545.1_m9_genomic_prodigal_proteins	1575	872	85.82	8.05	55.37
GCA_002018015.1_ASM201801v1_genomic_prodigal_proteins	1578	GCA_001632105.1_ASM163210v1_genomic_prodigal_proteins	3521	886	61.68	12.96	56.15
GCA_002018015.1_ASM201801v1_genomic_prodigal_proteins	1578	GCA_004212765.1_ASM421276v1_genomic_prodigal_proteins	1162	433	62.77	12.11	37.26
GCA_002018015.1_ASM201801v1_genomic_prodigal_proteins	1578	GCA_002685515.1_ASM268551v1_genomic_prodigal_proteins	1286	478	60.77	12.53	37.17
GCA_002018015.1_ASM201801v1_genomic_prodigal_proteins	1578	GCA_007828135.1_ASM782813v1_genomic_prodigal_proteins	2917	925	62.60	12.55	58.62
GCA_002018015.1_ASM201801v1_genomic_prodigal_proteins	1578	GCA_011047875.1_ASM1104787v1_genomic_prodigal_proteins	2810	651	53.57	11.82	41.25
GCA_002018015.1_ASM201801v1_genomic_prodigal_proteins	1578	GCA_009840445.1_ASM984044v1_genomic_prodigal_proteins	2167	1128	86.06	8.70	71.48
GCA_002018015.1_ASM201801v1_genomic_prodigal_proteins	1578	GCA_003210995.1_ASM321099v1_genomic_prodigal_proteins	2385	620	61.79	13.15	39.29
GCA_002018015.1_ASM201801v1_genomic_prodigal_proteins	1578	GCA_902616995.1_AG-919-L20_genomic_prodigal_proteins	654	171	62.34	13.13	26.15
GCA_002018015.1_ASM201801v1_genomic_prodigal_proteins	1578	GCA_009845825.1_ASM984582v1_genomic_prodigal_proteins	2168	971	87.29	7.98	61.53
GCA_002018015.1_ASM201801v1_genomic_prodigal_proteins	1578	GCA_000515235.1_ASM51523v1_genomic_prodigal_proteins	2873	880	61.99	12.69	55.77
GCA_002018015.1_ASM201801v1_genomic_prodigal_proteins	1578	GCA_003523965.1_ASM352396v1_genomic_prodigal_proteins	1735	763	85.88	8.40	48.35
GCA_002018015.1_ASM201801v1_genomic_prodigal_proteins	1578	GCA_002684175.1_ASM268417v1_genomic_prodigal_proteins	1819	546	60.15	12.59	34.60
GCA_002018015.1_ASM201801v1_genomic_prodigal_proteins	1578	GCA_011523295.1_ASM1152329v1_genomic_prodigal_proteins	2851	679	60.29	12.44	43.03
GCA_002018015.1_ASM201801v1_genomic_prodigal_proteins	1578	GCA_003211015.1_ASM321101v1_genomic_prodigal_proteins	2128	645	61.00	12.80	40.87
GCA_002018015.1_ASM201801v1_genomic_prodigal_proteins	1578	GCA_002006815.1_ASM200681v1_genomic_prodigal_proteins	1973	808	62.72	12.43	51.20
GCA_003209035.1_ASM320903v1_genomic_prodigal_proteins	1803	GCA_003712085.1_ASM371208v1_genomic_prodigal_proteins	2745	1131	77.71	12.78	62.73
GCA_003209035.1_ASM320903v1_genomic_prodigal_proteins	1803	GCA_003212155.1_ASM321215v1_genomic_prodigal_proteins	262	65	66.21	18.09	24.81
GCA_003209035.1_ASM320903v1_genomic_prodigal_proteins	1803	GCA_001040845.1_ASM104084v1_genomic_prodigal_proteins	2917	1003	68.95	14.08	55.63
GCA_003209035.1_ASM320903v1_genomic_prodigal_proteins	1803	GCA_002018015.1_ASM201801v1_genomic_prodigal_proteins	1578	479	61.42	13.20	30.35
GCA_003209035.1_ASM320903v1_genomic_prodigal_proteins	1803	GCA_003211255.1_ASM321125v1_genomic_prodigal_proteins	1850	839	94.22	9.91	46.53
GCA_003209035.1_ASM320903v1_genomic_prodigal_proteins	1803	GCA_002721235.1_ASM272123v1_genomic_prodigal_proteins	3119	585	52.54	12.93	32.45
GCA_003209035.1_ASM320903v1_genomic_prodigal_proteins	1803	GCA_009839305.1_ASM983930v1_genomic_prodigal_proteins	1816	473	61.00	13.40	26.23
GCA_003209035.1_ASM320903v1_genomic_prodigal_proteins	1803	GCA_011365345.1_ASM1136534v1_genomic_prodigal_proteins	2655	1135	75.92	13.61	62.95
GCA_003209035.1_ASM320903v1_genomic_prodigal_proteins	1803	GCA_001039265.1_ASM103926v1_genomic_prodigal_proteins	2832	599	66.97	14.16	33.22
GCA_003209035.1_ASM320903v1_genomic_prodigal_proteins	1803	GCA_001628325.1_ASM162832v1_genomic_prodigal_proteins	2129	950	77.00	13.03	52.69
GCA_003209035.1_ASM320903v1_genomic_prodigal_proteins	1803	GCA_003209215.1_ASM320921v1_genomic_prodigal_proteins	1679	588	75.44	13.99	35.02
GCA_003209035.1_ASM320903v1_genomic_prodigal_proteins	1803	GCA_002737305.1_ASM273730v1_genomic_prodigal_proteins	1951	654	65.54	14.15	36.27
GCA_003209035.1_ASM320903v1_genomic_prodigal_proteins	1803	GCA_003210515.1_ASM321051v1_genomic_prodigal_proteins	1673	681	72.72	13.90	40.71
GCA_003209035.1_ASM320903v1_genomic_prodigal_proteins	1803	GCA_011525445.1_ASM1152544v1_genomic_prodigal_proteins	3208	862	68.43	14.48	47.81
GCA_003209035.1_ASM320903v1_genomic_prodigal_proteins	1803	GCA_902599435.1_AG-916-N22_genomic_prodigal_proteins	793	293	75.84	15.82	36.95
GCA_003209035.1_ASM320903v1_genomic_prodigal_proteins	1803	GCA_003149585.1_ASM314958v1_genomic_prodigal_proteins	2600	897	65.80	13.90	49.75
GCA_003209035.1_ASM320903v1_genomic_prodigal_proteins	1803	GCA_902560665.1_AG-905-O11_genomic_prodigal_proteins	401	155	78.00	14.16	38.65
GCA_003209035.1_ASM320903v1_genomic_prodigal_proteins	1803	GCA_003331795.1_ASM333179v1_genomic_prodigal_proteins	1948	720	65.03	14.72	39.93
GCA_003209035.1_ASM320903v1_genomic_prodigal_proteins	1803	GCA_002017955.1_ASM201795v1_genomic_prodigal_proteins	512	151	59.96	12.93	29.49
GCA_003209035.1_ASM320903v1_genomic_prodigal_proteins	1803	GCA_902584485.1_AG-912-O23_genomic_prodigal_proteins	535	206	74.81	15.01	38.50
GCA_003209035.1_ASM320903v1_genomic_prodigal_proteins	1803	GCA_902527915.1_AG-896-G19_genomic_prodigal_proteins	1003	434	77.43	13.74	43.27
GCA_003209035.1_ASM320903v1_genomic_prodigal_proteins	1803	GCA_902635365.1_AG-447-D19_genomic_prodigal_proteins	1690	603	73.93	14.24	35.68
GCA_003209035.1_ASM320903v1_genomic_prodigal_proteins	1803	GCA_900474085.1_UW86_genomic_prodigal_proteins	2403	1046	76.84	13.23	58.01
GCA_003209035.1_ASM320903v1_genomic_prodigal_proteins	1803	GCA_001885215.1_ASM188521v1_genomic_prodigal_proteins	2897	852	65.20	13.54	47.25
GCA_003209035.1_ASM320903v1_genomic_prodigal_proteins	1803	GCA_902575935.1_AG-426-B22_genomic_prodigal_proteins	254	124	76.53	15.24	48.82
GCA_003209035.1_ASM320903v1_genomic_prodigal_proteins	1803	GCA_900474295.1_UW140_genomic_prodigal_proteins	2925	1038	69.64	14.12	57.57
GCA_003209035.1_ASM320903v1_genomic_prodigal_proteins	1803	GCA_003211565.1_ASM321156v1_genomic_prodigal_proteins	1489	522	75.65	13.87	35.06
GCA_003209035.1_ASM320903v1_genomic_prodigal_proteins	1803	GCA_003526105.1_ASM352610v1_genomic_prodigal_proteins	1581	559	77.39	13.05	35.36
GCA_003209035.1_ASM320903v1_genomic_prodigal_proteins	1803	GCA_002172935.1_ASM217293v1_genomic_prodigal_proteins	1996	793	68.91	14.19	43.98
GCA_003209035.1_ASM320903v1_genomic_prodigal_proteins	1803	GCA_003210335.1_ASM321033v1_genomic_prodigal_proteins	942	208	65.98	16.28	22.08
GCA_003209035.1_ASM320903v1_genomic_prodigal_proteins	1803	GCA_009846115.1_ASM984611v1_genomic_prodigal_proteins	2048	574	60.71	12.77	31.84
GCA_003209035.1_ASM320903v1_genomic_prodigal_proteins	1803	GCA_001693295.1_ASM169329v1_genomic_prodigal_proteins	3183	585	52.48	12.97	32.45
GCA_003209035.1_ASM320903v1_genomic_prodigal_proteins	1803	GCA_900473965.1_UW179A_genomic_prodigal_proteins	3383	1093	69.72	14.37	60.62
GCA_003209035.1_ASM320903v1_genomic_prodigal_proteins	1803	GCA_003213755.1_ASM321375v1_genomic_prodigal_proteins	1050	312	64.28	15.32	29.71
GCA_003209035.1_ASM320903v1_genomic_prodigal_proteins	1803	GCA_003209155.1_ASM320915v1_genomic_prodigal_proteins	2305	830	69.33	14.13	46.03
GCA_003209035.1_ASM320903v1_genomic_prodigal_proteins	1803	GCA_003211515.1_ASM321151v1_genomic_prodigal_proteins	2451	811	72.16	14.21	44.98
GCA_003209035.1_ASM320903v1_genomic_prodigal_proteins	1803	GCA_002693285.1_ASM269328v1_genomic_prodigal_proteins	2440	896	69.28	14.17	49.69
GCA_003209035.1_ASM320903v1_genomic_prodigal_proteins	1803	GCA_003210555.1_ASM321055v1_genomic_prodigal_proteins	1847	602	67.80	14.32	33.39
GCA_003209035.1_ASM320903v1_genomic_prodigal_proteins	1803	GCA_000155595.1_ASM15559v1_genomic_prodigal_proteins	5270	624	52.23	12.58	34.61
GCA_003209035.1_ASM320903v1_genomic_prodigal_proteins	1803	GCA_001007665.1_ASM100766v1_genomic_prodigal_proteins	2356	645	60.38	12.93	35.77
GCA_003209035.1_ASM320903v1_genomic_prodigal_proteins	1803	GCA_009919765.1_ASM991976v1_genomic_prodigal_proteins	2524	628	64.85	14.45	34.83
GCA_003209035.1_ASM320903v1_genomic_prodigal_proteins	1803	GCA_003331225.1_ASM333122v1_genomic_prodigal_proteins	2113	795	65.72	14.42	44.09
GCA_003209035.1_ASM320903v1_genomic_prodigal_proteins	1803	GCA_900177825.1_IMG-taxon_2708742468_annotated_assembly_genomic_prodigal_proteins	3317	577	52.54	13.01	32.00
GCA_003209035.1_ASM320903v1_genomic_prodigal_proteins	1803	GCA_000195975.1_ASM19597v1_genomic_prodigal_proteins	2719	1112	77.80	12.78	61.67
GCA_003209035.1_ASM320903v1_genomic_prodigal_proteins	1803	GCA_902618885.1_AG-920-D15_genomic_prodigal_proteins	1178	483	76.59	14.37	41.00
GCA_003209035.1_ASM320903v1_genomic_prodigal_proteins	1803	GCA_003209165.1_ASM320916v1_genomic_prodigal_proteins	2711	967	75.96	13.50	53.63
GCA_003209035.1_ASM320903v1_genomic_prodigal_proteins	1803	GCA_001007625.1_ASM100762v1_genomic_prodigal_proteins	2478	555	61.11	13.00	30.78
GCA_003209035.1_ASM320903v1_genomic_prodigal_proteins	1803	GCA_008386235.1_ASM838623v1_genomic_prodigal_proteins	2571	540	52.82	12.78	29.95
GCA_003209035.1_ASM320903v1_genomic_prodigal_proteins	1803	GCA_001631935.1_ASM163193v1_genomic_prodigal_proteins	3526	1070	69.58	14.11	59.35
GCA_003209035.1_ASM320903v1_genomic_prodigal_proteins	1803	GCA_002151525.1_ASM215152v1_genomic_prodigal_proteins	1628	600	63.36	13.96	36.86
GCA_003209035.1_ASM320903v1_genomic_prodigal_proteins	1803	GCA_000153065.1_ASM15306v1_genomic_prodigal_proteins	2704	934	70.39	13.63	51.80
GCA_003209035.1_ASM320903v1_genomic_prodigal_proteins	1803	GCA_009837265.1_ASM983726v1_genomic_prodigal_proteins	2126	602	60.83	12.83	33.39
GCA_003209035.1_ASM320903v1_genomic_prodigal_proteins	1803	GCA_902533725.1_AG-898-C20_genomic_prodigal_proteins	421	105	72.69	16.80	24.94
GCA_003209035.1_ASM320903v1_genomic_prodigal_proteins	1803	GCA_002171075.2_ASM217107v2_genomic_prodigal_proteins	1919	683	63.34	14.35	37.88
GCA_003209035.1_ASM320903v1_genomic_prodigal_proteins	1803	GCA_002760395.1_ASM276039v1_genomic_prodigal_proteins	2661	484	52.49	11.93	26.84
GCA_003209035.1_ASM320903v1_genomic_prodigal_proteins	1803	GCA_003209005.1_ASM320900v1_genomic_prodigal_proteins	2548	902	69.62	14.22	50.03
GCA_003209035.1_ASM320903v1_genomic_prodigal_proteins	1803	GCA_002017915.1_ASM201791v1_genomic_prodigal_proteins	623	169	62.10	15.37	27.13
GCA_003209035.1_ASM320903v1_genomic_prodigal_proteins	1803	GCA_900047545.1_m9_genomic_prodigal_proteins	1575	498	60.17	13.16	31.62
GCA_003209035.1_ASM320903v1_genomic_prodigal_proteins	1803	GCA_001632105.1_ASM163210v1_genomic_prodigal_proteins	3521	1074	69.56	14.08	59.57
GCA_003209035.1_ASM320903v1_genomic_prodigal_proteins	1803	GCA_004212765.1_ASM421276v1_genomic_prodigal_proteins	1162	524	77.57	12.48	45.09
GCA_003209035.1_ASM320903v1_genomic_prodigal_proteins	1803	GCA_002685515.1_ASM268551v1_genomic_prodigal_proteins	1286	521	68.61	14.01	40.51
GCA_003209035.1_ASM320903v1_genomic_prodigal_proteins	1803	GCA_007828135.1_ASM782813v1_genomic_prodigal_proteins	2917	852	65.25	13.58	47.25
GCA_003209035.1_ASM320903v1_genomic_prodigal_proteins	1803	GCA_011047875.1_ASM1104787v1_genomic_prodigal_proteins	2810	497	52.31	12.04	27.57
GCA_003209035.1_ASM320903v1_genomic_prodigal_proteins	1803	GCA_009840445.1_ASM984044v1_genomic_prodigal_proteins	2167	656	60.60	12.80	36.38
GCA_003209035.1_ASM320903v1_genomic_prodigal_proteins	1803	GCA_003210995.1_ASM321099v1_genomic_prodigal_proteins	2385	835	68.98	14.68	46.31
GCA_003209035.1_ASM320903v1_genomic_prodigal_proteins	1803	GCA_902616995.1_AG-919-L20_genomic_prodigal_proteins	654	271	75.68	13.79	41.44
GCA_003209035.1_ASM320903v1_genomic_prodigal_proteins	1803	GCA_009845825.1_ASM984582v1_genomic_prodigal_proteins	2168	564	61.02	12.90	31.28
GCA_003209035.1_ASM320903v1_genomic_prodigal_proteins	1803	GCA_000515235.1_ASM51523v1_genomic_prodigal_proteins	2873	1125	73.99	13.78	62.40
GCA_003209035.1_ASM320903v1_genomic_prodigal_proteins	1803	GCA_003523965.1_ASM352396v1_genomic_prodigal_proteins	1735	435	61.54	13.13	25.07
GCA_003209035.1_ASM320903v1_genomic_prodigal_proteins	1803	GCA_002684175.1_ASM268417v1_genomic_prodigal_proteins	1819	664	73.50	13.40	36.83
GCA_003209035.1_ASM320903v1_genomic_prodigal_proteins	1803	GCA_011523295.1_ASM1152329v1_genomic_prodigal_proteins	2851	882	72.40	13.99	48.92
GCA_003209035.1_ASM320903v1_genomic_prodigal_proteins	1803	GCA_003211015.1_ASM321101v1_genomic_prodigal_proteins	2128	805	68.75	14.15	44.65
GCA_003209035.1_ASM320903v1_genomic_prodigal_proteins	1803	GCA_002006815.1_ASM200681v1_genomic_prodigal_proteins	1973	753	63.94	14.22	41.76
GCA_003211255.1_ASM321125v1_genomic_prodigal_proteins	1850	GCA_002721235.1_ASM272123v1_genomic_prodigal_proteins	3119	605	51.91	12.65	32.70
GCA_003211255.1_ASM321125v1_genomic_prodigal_proteins	1850	GCA_009839305.1_ASM983930v1_genomic_prodigal_proteins	1816	489	60.30	12.86	26.93
GCA_003211255.1_ASM321125v1_genomic_prodigal_proteins	1850	GCA_011365345.1_ASM1136534v1_genomic_prodigal_proteins	2655	1141	75.81	13.82	61.68
GCA_003211255.1_ASM321125v1_genomic_prodigal_proteins	1850	GCA_001039265.1_ASM103926v1_genomic_prodigal_proteins	2832	606	66.81	14.05	32.76
GCA_003211255.1_ASM321125v1_genomic_prodigal_proteins	1850	GCA_001628325.1_ASM162832v1_genomic_prodigal_proteins	2129	972	76.75	13.29	52.54
GCA_003211255.1_ASM321125v1_genomic_prodigal_proteins	1850	GCA_003209215.1_ASM320921v1_genomic_prodigal_proteins	1679	600	74.49	14.11	35.74
GCA_003211255.1_ASM321125v1_genomic_prodigal_proteins	1850	GCA_002737305.1_ASM273730v1_genomic_prodigal_proteins	1951	674	65.68	13.67	36.43
GCA_003211255.1_ASM321125v1_genomic_prodigal_proteins	1850	GCA_003210515.1_ASM321051v1_genomic_prodigal_proteins	1673	695	73.40	13.94	41.54
GCA_003211255.1_ASM321125v1_genomic_prodigal_proteins	1850	GCA_011525445.1_ASM1152544v1_genomic_prodigal_proteins	3208	871	68.38	13.73	47.08
GCA_003211255.1_ASM321125v1_genomic_prodigal_proteins	1850	GCA_902599435.1_AG-916-N22_genomic_prodigal_proteins	793	329	76.16	14.02	41.49
GCA_003211255.1_ASM321125v1_genomic_prodigal_proteins	1850	GCA_003149585.1_ASM314958v1_genomic_prodigal_proteins	2600	935	65.49	14.03	50.54
GCA_003211255.1_ASM321125v1_genomic_prodigal_proteins	1850	GCA_902560665.1_AG-905-O11_genomic_prodigal_proteins	401	152	75.33	14.36	37.91
GCA_003211255.1_ASM321125v1_genomic_prodigal_proteins	1850	GCA_003331795.1_ASM333179v1_genomic_prodigal_proteins	1948	738	64.71	14.66	39.89
GCA_003211255.1_ASM321125v1_genomic_prodigal_proteins	1850	GCA_002017955.1_ASM201795v1_genomic_prodigal_proteins	512	144	60.59	13.03	28.12
GCA_003211255.1_ASM321125v1_genomic_prodigal_proteins	1850	GCA_902584485.1_AG-912-O23_genomic_prodigal_proteins	535	189	71.51	16.67	35.33
GCA_003211255.1_ASM321125v1_genomic_prodigal_proteins	1850	GCA_902527915.1_AG-896-G19_genomic_prodigal_proteins	1003	439	76.74	13.39	43.77
GCA_003211255.1_ASM321125v1_genomic_prodigal_proteins	1850	GCA_902635365.1_AG-447-D19_genomic_prodigal_proteins	1690	625	73.56	14.03	36.98
GCA_003211255.1_ASM321125v1_genomic_prodigal_proteins	1850	GCA_900474085.1_UW86_genomic_prodigal_proteins	2403	1072	76.84	13.31	57.95
GCA_003211255.1_ASM321125v1_genomic_prodigal_proteins	1850	GCA_001885215.1_ASM188521v1_genomic_prodigal_proteins	2897	905	64.58	13.30	48.92
GCA_003211255.1_ASM321125v1_genomic_prodigal_proteins	1850	GCA_902575935.1_AG-426-B22_genomic_prodigal_proteins	254	91	74.56	15.73	35.83
GCA_003211255.1_ASM321125v1_genomic_prodigal_proteins	1850	GCA_900474295.1_UW140_genomic_prodigal_proteins	2925	1041	70.02	13.60	56.27
GCA_003211255.1_ASM321125v1_genomic_prodigal_proteins	1850	GCA_003211565.1_ASM321156v1_genomic_prodigal_proteins	1489	512	75.06	14.05	34.39
GCA_003211255.1_ASM321125v1_genomic_prodigal_proteins	1850	GCA_003526105.1_ASM352610v1_genomic_prodigal_proteins	1581	552	76.63	13.70	34.91
GCA_003211255.1_ASM321125v1_genomic_prodigal_proteins	1850	GCA_002172935.1_ASM217293v1_genomic_prodigal_proteins	1996	783	68.62	14.15	42.32
GCA_003211255.1_ASM321125v1_genomic_prodigal_proteins	1850	GCA_003210335.1_ASM321033v1_genomic_prodigal_proteins	942	244	66.63	14.90	25.90
GCA_003211255.1_ASM321125v1_genomic_prodigal_proteins	1850	GCA_009846115.1_ASM984611v1_genomic_prodigal_proteins	2048	593	60.05	12.76	32.05
GCA_003211255.1_ASM321125v1_genomic_prodigal_proteins	1850	GCA_001693295.1_ASM169329v1_genomic_prodigal_proteins	3183	600	51.78	12.58	32.43
GCA_003211255.1_ASM321125v1_genomic_prodigal_proteins	1850	GCA_900473965.1_UW179A_genomic_prodigal_proteins	3383	1083	69.08	14.03	58.54
GCA_003211255.1_ASM321125v1_genomic_prodigal_proteins	1850	GCA_003213755.1_ASM321375v1_genomic_prodigal_proteins	1050	347	64.56	14.93	33.05
GCA_003211255.1_ASM321125v1_genomic_prodigal_proteins	1850	GCA_003209155.1_ASM320915v1_genomic_prodigal_proteins	2305	831	68.90	13.74	44.92
GCA_003211255.1_ASM321125v1_genomic_prodigal_proteins	1850	GCA_003211515.1_ASM321151v1_genomic_prodigal_proteins	2451	819	72.99	13.85	44.27
GCA_003211255.1_ASM321125v1_genomic_prodigal_proteins	1850	GCA_002693285.1_ASM269328v1_genomic_prodigal_proteins	2440	912	69.38	14.00	49.30
GCA_003211255.1_ASM321125v1_genomic_prodigal_proteins	1850	GCA_003210555.1_ASM321055v1_genomic_prodigal_proteins	1847	650	68.47	13.94	35.19
GCA_003211255.1_ASM321125v1_genomic_prodigal_proteins	1850	GCA_000155595.1_ASM15559v1_genomic_prodigal_proteins	5270	604	51.69	12.29	32.65
GCA_003211255.1_ASM321125v1_genomic_prodigal_proteins	1850	GCA_001007665.1_ASM100766v1_genomic_prodigal_proteins	2356	673	59.92	12.68	36.38
GCA_003211255.1_ASM321125v1_genomic_prodigal_proteins	1850	GCA_009919765.1_ASM991976v1_genomic_prodigal_proteins	2524	642	64.70	14.22	34.70
GCA_003211255.1_ASM321125v1_genomic_prodigal_proteins	1850	GCA_003331225.1_ASM333122v1_genomic_prodigal_proteins	2113	789	64.59	14.00	42.65
GCA_003211255.1_ASM321125v1_genomic_prodigal_proteins	1850	GCA_900177825.1_IMG-taxon_2708742468_annotated_assembly_genomic_prodigal_proteins	3317	600	51.73	12.65	32.43
GCA_003211255.1_ASM321125v1_genomic_prodigal_proteins	1850	GCA_000195975.1_ASM19597v1_genomic_prodigal_proteins	2719	1164	77.34	13.12	62.92
GCA_003211255.1_ASM321125v1_genomic_prodigal_proteins	1850	GCA_902618885.1_AG-920-D15_genomic_prodigal_proteins	1178	478	76.22	14.51	40.58
GCA_003211255.1_ASM321125v1_genomic_prodigal_proteins	1850	GCA_003209165.1_ASM320916v1_genomic_prodigal_proteins	2711	980	75.48	13.49	52.97
GCA_003211255.1_ASM321125v1_genomic_prodigal_proteins	1850	GCA_001007625.1_ASM100762v1_genomic_prodigal_proteins	2478	589	60.30	12.97	31.84
GCA_003211255.1_ASM321125v1_genomic_prodigal_proteins	1850	GCA_008386235.1_ASM838623v1_genomic_prodigal_proteins	2571	564	52.25	12.17	30.49
GCA_003211255.1_ASM321125v1_genomic_prodigal_proteins	1850	GCA_001631935.1_ASM163193v1_genomic_prodigal_proteins	3526	1077	69.46	13.86	58.22
GCA_003211255.1_ASM321125v1_genomic_prodigal_proteins	1850	GCA_002151525.1_ASM215152v1_genomic_prodigal_proteins	1628	641	62.94	13.97	39.37
GCA_003211255.1_ASM321125v1_genomic_prodigal_proteins	1850	GCA_000153065.1_ASM15306v1_genomic_prodigal_proteins	2704	981	70.38	13.50	53.03
GCA_003211255.1_ASM321125v1_genomic_prodigal_proteins	1850	GCA_009837265.1_ASM983726v1_genomic_prodigal_proteins	2126	620	60.21	12.61	33.51
GCA_003211255.1_ASM321125v1_genomic_prodigal_proteins	1850	GCA_902533725.1_AG-898-C20_genomic_prodigal_proteins	421	110	73.75	14.76	26.13
GCA_003211255.1_ASM321125v1_genomic_prodigal_proteins	1850	GCA_002171075.2_ASM217107v2_genomic_prodigal_proteins	1919	697	62.86	13.68	37.68
GCA_003211255.1_ASM321125v1_genomic_prodigal_proteins	1850	GCA_002760395.1_ASM276039v1_genomic_prodigal_proteins	2661	489	51.95	11.54	26.43
GCA_003211255.1_ASM321125v1_genomic_prodigal_proteins	1850	GCA_003209005.1_ASM320900v1_genomic_prodigal_proteins	2548	928	69.29	13.97	50.16
GCA_003211255.1_ASM321125v1_genomic_prodigal_proteins	1850	GCA_002017915.1_ASM201791v1_genomic_prodigal_proteins	623	170	61.81	14.15	27.29
GCA_003211255.1_ASM321125v1_genomic_prodigal_proteins	1850	GCA_900047545.1_m9_genomic_prodigal_proteins	1575	520	59.94	12.59	33.02
GCA_003211255.1_ASM321125v1_genomic_prodigal_proteins	1850	GCA_001632105.1_ASM163210v1_genomic_prodigal_proteins	3521	1082	69.36	13.88	58.49
GCA_003211255.1_ASM321125v1_genomic_prodigal_proteins	1850	GCA_004212765.1_ASM421276v1_genomic_prodigal_proteins	1162	569	77.34	12.77	48.97
GCA_003211255.1_ASM321125v1_genomic_prodigal_proteins	1850	GCA_002685515.1_ASM268551v1_genomic_prodigal_proteins	1286	535	68.11	13.50	41.60
GCA_003211255.1_ASM321125v1_genomic_prodigal_proteins	1850	GCA_007828135.1_ASM782813v1_genomic_prodigal_proteins	2917	904	64.60	13.29	48.86
GCA_003211255.1_ASM321125v1_genomic_prodigal_proteins	1850	GCA_011047875.1_ASM1104787v1_genomic_prodigal_proteins	2810	500	51.86	11.74	27.03
GCA_003211255.1_ASM321125v1_genomic_prodigal_proteins	1850	GCA_009840445.1_ASM984044v1_genomic_prodigal_proteins	2167	678	60.20	12.61	36.65
GCA_003211255.1_ASM321125v1_genomic_prodigal_proteins	1850	GCA_003210995.1_ASM321099v1_genomic_prodigal_proteins	2385	807	68.82	14.39	43.62
GCA_003211255.1_ASM321125v1_genomic_prodigal_proteins	1850	GCA_902616995.1_AG-919-L20_genomic_prodigal_proteins	654	267	76.10	13.56	40.83
GCA_003211255.1_ASM321125v1_genomic_prodigal_proteins	1850	GCA_009845825.1_ASM984582v1_genomic_prodigal_proteins	2168	553	60.36	12.66	29.89
GCA_003211255.1_ASM321125v1_genomic_prodigal_proteins	1850	GCA_000515235.1_ASM51523v1_genomic_prodigal_proteins	2873	1135	73.28	13.81	61.35
GCA_003211255.1_ASM321125v1_genomic_prodigal_proteins	1850	GCA_003523965.1_ASM352396v1_genomic_prodigal_proteins	1735	434	61.52	13.00	25.01
GCA_003211255.1_ASM321125v1_genomic_prodigal_proteins	1850	GCA_002684175.1_ASM268417v1_genomic_prodigal_proteins	1819	652	72.92	12.86	35.84
GCA_003211255.1_ASM321125v1_genomic_prodigal_proteins	1850	GCA_011523295.1_ASM1152329v1_genomic_prodigal_proteins	2851	859	72.24	14.12	46.43
GCA_003211255.1_ASM321125v1_genomic_prodigal_proteins	1850	GCA_003211015.1_ASM321101v1_genomic_prodigal_proteins	2128	769	69.60	13.96	41.57
GCA_003211255.1_ASM321125v1_genomic_prodigal_proteins	1850	GCA_002006815.1_ASM200681v1_genomic_prodigal_proteins	1973	754	63.19	13.60	40.76
GCA_001040845.1_ASM104084v1_genomic_prodigal_proteins	2917	GCA_002018015.1_ASM201801v1_genomic_prodigal_proteins	1578	897	61.44	12.97	56.84
GCA_001040845.1_ASM104084v1_genomic_prodigal_proteins	2917	GCA_003211255.1_ASM321125v1_genomic_prodigal_proteins	1850	1032	69.22	13.72	55.78
GCA_001040845.1_ASM104084v1_genomic_prodigal_proteins	2917	GCA_002721235.1_ASM272123v1_genomic_prodigal_proteins	3119	1076	53.29	12.71	36.89
GCA_001040845.1_ASM104084v1_genomic_prodigal_proteins	2917	GCA_009839305.1_ASM983930v1_genomic_prodigal_proteins	1816	884	61.02	13.28	48.68
GCA_001040845.1_ASM104084v1_genomic_prodigal_proteins	2917	GCA_011365345.1_ASM1136534v1_genomic_prodigal_proteins	2655	1866	70.19	13.95	70.28
GCA_001040845.1_ASM104084v1_genomic_prodigal_proteins	2917	GCA_001039265.1_ASM103926v1_genomic_prodigal_proteins	2832	1121	67.79	13.82	39.58
GCA_001040845.1_ASM104084v1_genomic_prodigal_proteins	2917	GCA_001628325.1_ASM162832v1_genomic_prodigal_proteins	2129	1593	70.97	13.35	74.82
GCA_001040845.1_ASM104084v1_genomic_prodigal_proteins	2917	GCA_003209215.1_ASM320921v1_genomic_prodigal_proteins	1679	904	70.36	13.71	53.84
GCA_001040845.1_ASM104084v1_genomic_prodigal_proteins	2917	GCA_002737305.1_ASM273730v1_genomic_prodigal_proteins	1951	1235	66.94	13.80	63.30
GCA_001040845.1_ASM104084v1_genomic_prodigal_proteins	2917	GCA_003210515.1_ASM321051v1_genomic_prodigal_proteins	1673	1050	69.47	13.76	62.76
GCA_001040845.1_ASM104084v1_genomic_prodigal_proteins	2917	GCA_011525445.1_ASM1152544v1_genomic_prodigal_proteins	3208	1715	81.68	11.36	58.79
GCA_001040845.1_ASM104084v1_genomic_prodigal_proteins	2917	GCA_902599435.1_AG-916-N22_genomic_prodigal_proteins	793	439	71.86	13.75	55.36
GCA_001040845.1_ASM104084v1_genomic_prodigal_proteins	2917	GCA_003149585.1_ASM314958v1_genomic_prodigal_proteins	2600	1729	66.50	13.90	66.50
GCA_001040845.1_ASM104084v1_genomic_prodigal_proteins	2917	GCA_902560665.1_AG-905-O11_genomic_prodigal_proteins	401	187	70.87	14.07	46.63
GCA_001040845.1_ASM104084v1_genomic_prodigal_proteins	2917	GCA_003331795.1_ASM333179v1_genomic_prodigal_proteins	1948	1354	65.16	14.38	69.51
GCA_001040845.1_ASM104084v1_genomic_prodigal_proteins	2917	GCA_002017955.1_ASM201795v1_genomic_prodigal_proteins	512	250	61.16	12.87	48.83
GCA_001040845.1_ASM104084v1_genomic_prodigal_proteins	2917	GCA_902584485.1_AG-912-O23_genomic_prodigal_proteins	535	247	70.38	14.33	46.17
GCA_001040845.1_ASM104084v1_genomic_prodigal_proteins	2917	GCA_902527915.1_AG-896-G19_genomic_prodigal_proteins	1003	567	70.63	13.36	56.53
GCA_001040845.1_ASM104084v1_genomic_prodigal_proteins	2917	GCA_902635365.1_AG-447-D19_genomic_prodigal_proteins	1690	919	70.09	14.08	54.38
GCA_001040845.1_ASM104084v1_genomic_prodigal_proteins	2917	GCA_900474085.1_UW86_genomic_prodigal_proteins	2403	1770	70.87	13.60	73.66
GCA_001040845.1_ASM104084v1_genomic_prodigal_proteins	2917	GCA_001885215.1_ASM188521v1_genomic_prodigal_proteins	2897	1648	65.51	13.45	56.89
GCA_001040845.1_ASM104084v1_genomic_prodigal_proteins	2917	GCA_902575935.1_AG-426-B22_genomic_prodigal_proteins	254	157	73.09	13.86	61.81
GCA_001040845.1_ASM104084v1_genomic_prodigal_proteins	2917	GCA_900474295.1_UW140_genomic_prodigal_proteins	2925	1994	72.70	13.41	68.36
GCA_001040845.1_ASM104084v1_genomic_prodigal_proteins	2917	GCA_003211565.1_ASM321156v1_genomic_prodigal_proteins	1489	819	69.88	13.71	55.00
GCA_001040845.1_ASM104084v1_genomic_prodigal_proteins	2917	GCA_003526105.1_ASM352610v1_genomic_prodigal_proteins	1581	937	71.50	13.39	59.27
GCA_001040845.1_ASM104084v1_genomic_prodigal_proteins	2917	GCA_002172935.1_ASM217293v1_genomic_prodigal_proteins	1996	1508	73.08	12.94	75.55
GCA_001040845.1_ASM104084v1_genomic_prodigal_proteins	2917	GCA_003210335.1_ASM321033v1_genomic_prodigal_proteins	942	431	70.58	13.77	45.75
GCA_001040845.1_ASM104084v1_genomic_prodigal_proteins	2917	GCA_009846115.1_ASM984611v1_genomic_prodigal_proteins	2048	1046	60.56	12.86	51.07
GCA_001040845.1_ASM104084v1_genomic_prodigal_proteins	2917	GCA_001693295.1_ASM169329v1_genomic_prodigal_proteins	3183	1076	53.18	12.78	36.89
GCA_001040845.1_ASM104084v1_genomic_prodigal_proteins	2917	GCA_900473965.1_UW179A_genomic_prodigal_proteins	3383	2040	73.23	13.10	69.93
GCA_001040845.1_ASM104084v1_genomic_prodigal_proteins	2917	GCA_003213755.1_ASM321375v1_genomic_prodigal_proteins	1050	606	64.47	14.94	57.71
GCA_001040845.1_ASM104084v1_genomic_prodigal_proteins	2917	GCA_003209155.1_ASM320915v1_genomic_prodigal_proteins	2305	1553	73.06	12.91	67.38
GCA_001040845.1_ASM104084v1_genomic_prodigal_proteins	2917	GCA_003211515.1_ASM321151v1_genomic_prodigal_proteins	2451	1240	68.82	14.09	50.59
GCA_001040845.1_ASM104084v1_genomic_prodigal_proteins	2917	GCA_002693285.1_ASM269328v1_genomic_prodigal_proteins	2440	1725	73.14	12.94	70.70
GCA_001040845.1_ASM104084v1_genomic_prodigal_proteins	2917	GCA_003210555.1_ASM321055v1_genomic_prodigal_proteins	1847	1299	90.33	9.78	70.33
GCA_001040845.1_ASM104084v1_genomic_prodigal_proteins	2917	GCA_000155595.1_ASM15559v1_genomic_prodigal_proteins	5270	1144	52.49	12.65	39.22
GCA_001040845.1_ASM104084v1_genomic_prodigal_proteins	2917	GCA_001007665.1_ASM100766v1_genomic_prodigal_proteins	2356	1201	60.53	12.81	50.98
GCA_001040845.1_ASM104084v1_genomic_prodigal_proteins	2917	GCA_009919765.1_ASM991976v1_genomic_prodigal_proteins	2524	1134	65.13	14.09	44.93
GCA_001040845.1_ASM104084v1_genomic_prodigal_proteins	2917	GCA_003331225.1_ASM333122v1_genomic_prodigal_proteins	2113	1482	64.98	14.04	70.14
GCA_001040845.1_ASM104084v1_genomic_prodigal_proteins	2917	GCA_900177825.1_IMG-taxon_2708742468_annotated_assembly_genomic_prodigal_proteins	3317	1070	53.14	12.84	36.68
GCA_001040845.1_ASM104084v1_genomic_prodigal_proteins	2917	GCA_000195975.1_ASM19597v1_genomic_prodigal_proteins	2719	1789	70.95	13.46	65.80
GCA_001040845.1_ASM104084v1_genomic_prodigal_proteins	2917	GCA_902618885.1_AG-920-D15_genomic_prodigal_proteins	1178	677	71.66	14.20	57.47
GCA_001040845.1_ASM104084v1_genomic_prodigal_proteins	2917	GCA_003209165.1_ASM320916v1_genomic_prodigal_proteins	2711	1531	70.21	13.59	56.47
GCA_001040845.1_ASM104084v1_genomic_prodigal_proteins	2917	GCA_001007625.1_ASM100762v1_genomic_prodigal_proteins	2478	1054	60.88	12.98	42.53
GCA_001040845.1_ASM104084v1_genomic_prodigal_proteins	2917	GCA_008386235.1_ASM838623v1_genomic_prodigal_proteins	2571	1031	53.28	12.48	40.10
GCA_001040845.1_ASM104084v1_genomic_prodigal_proteins	2917	GCA_001631935.1_ASM163193v1_genomic_prodigal_proteins	3526	2045	73.35	13.03	70.11
GCA_001040845.1_ASM104084v1_genomic_prodigal_proteins	2917	GCA_002151525.1_ASM215152v1_genomic_prodigal_proteins	1628	1116	63.77	13.90	68.55
GCA_001040845.1_ASM104084v1_genomic_prodigal_proteins	2917	GCA_000153065.1_ASM15306v1_genomic_prodigal_proteins	2704	1843	73.87	12.94	68.16
GCA_001040845.1_ASM104084v1_genomic_prodigal_proteins	2917	GCA_009837265.1_ASM983726v1_genomic_prodigal_proteins	2126	1120	60.61	12.89	52.68
GCA_001040845.1_ASM104084v1_genomic_prodigal_proteins	2917	GCA_902533725.1_AG-898-C20_genomic_prodigal_proteins	421	163	68.39	14.42	38.72
GCA_001040845.1_ASM104084v1_genomic_prodigal_proteins	2917	GCA_002171075.2_ASM217107v2_genomic_prodigal_proteins	1919	1255	63.38	13.62	65.40
GCA_001040845.1_ASM104084v1_genomic_prodigal_proteins	2917	GCA_002760395.1_ASM276039v1_genomic_prodigal_proteins	2661	910	52.75	11.84	34.20
GCA_001040845.1_ASM104084v1_genomic_prodigal_proteins	2917	GCA_003209005.1_ASM320900v1_genomic_prodigal_proteins	2548	1669	73.47	12.74	65.50
GCA_001040845.1_ASM104084v1_genomic_prodigal_proteins	2917	GCA_002017915.1_ASM201791v1_genomic_prodigal_proteins	623	326	63.00	13.83	52.33
GCA_001040845.1_ASM104084v1_genomic_prodigal_proteins	2917	GCA_900047545.1_m9_genomic_prodigal_proteins	1575	924	60.41	12.91	58.67
GCA_001040845.1_ASM104084v1_genomic_prodigal_proteins	2917	GCA_001632105.1_ASM163210v1_genomic_prodigal_proteins	3521	2057	73.30	13.04	70.52
GCA_001040845.1_ASM104084v1_genomic_prodigal_proteins	2917	GCA_004212765.1_ASM421276v1_genomic_prodigal_proteins	1162	856	70.33	13.50	73.67
GCA_001040845.1_ASM104084v1_genomic_prodigal_proteins	2917	GCA_002685515.1_ASM268551v1_genomic_prodigal_proteins	1286	1004	72.99	12.62	78.07
GCA_001040845.1_ASM104084v1_genomic_prodigal_proteins	2917	GCA_007828135.1_ASM782813v1_genomic_prodigal_proteins	2917	1650	65.52	13.48	56.56
GCA_001040845.1_ASM104084v1_genomic_prodigal_proteins	2917	GCA_011047875.1_ASM1104787v1_genomic_prodigal_proteins	2810	916	52.55	12.02	32.60
GCA_001040845.1_ASM104084v1_genomic_prodigal_proteins	2917	GCA_009840445.1_ASM984044v1_genomic_prodigal_proteins	2167	1220	60.60	12.85	56.30
GCA_001040845.1_ASM104084v1_genomic_prodigal_proteins	2917	GCA_003210995.1_ASM321099v1_genomic_prodigal_proteins	2385	1506	73.16	13.10	63.14
GCA_001040845.1_ASM104084v1_genomic_prodigal_proteins	2917	GCA_902616995.1_AG-919-L20_genomic_prodigal_proteins	654	346	70.56	13.28	52.91
GCA_001040845.1_ASM104084v1_genomic_prodigal_proteins	2917	GCA_009845825.1_ASM984582v1_genomic_prodigal_proteins	2168	1027	60.90	12.77	47.37
GCA_001040845.1_ASM104084v1_genomic_prodigal_proteins	2917	GCA_000515235.1_ASM51523v1_genomic_prodigal_proteins	2873	1857	69.80	13.81	64.64
GCA_001040845.1_ASM104084v1_genomic_prodigal_proteins	2917	GCA_003523965.1_ASM352396v1_genomic_prodigal_proteins	1735	778	61.90	12.88	44.84
GCA_001040845.1_ASM104084v1_genomic_prodigal_proteins	2917	GCA_002684175.1_ASM268417v1_genomic_prodigal_proteins	1819	1101	68.35	13.03	60.53
GCA_001040845.1_ASM104084v1_genomic_prodigal_proteins	2917	GCA_011523295.1_ASM1152329v1_genomic_prodigal_proteins	2851	1433	68.62	13.61	50.26
GCA_001040845.1_ASM104084v1_genomic_prodigal_proteins	2917	GCA_003211015.1_ASM321101v1_genomic_prodigal_proteins	2128	1469	73.17	12.99	69.03
GCA_001040845.1_ASM104084v1_genomic_prodigal_proteins	2917	GCA_002006815.1_ASM200681v1_genomic_prodigal_proteins	1973	1385	64.13	13.79	70.20
GCA_001039265.1_ASM103926v1_genomic_prodigal_proteins	2832	GCA_001628325.1_ASM162832v1_genomic_prodigal_proteins	2129	1008	68.30	13.70	47.35
GCA_001039265.1_ASM103926v1_genomic_prodigal_proteins	2832	GCA_003209215.1_ASM320921v1_genomic_prodigal_proteins	1679	599	68.21	13.93	35.68
GCA_001039265.1_ASM103926v1_genomic_prodigal_proteins	2832	GCA_002737305.1_ASM273730v1_genomic_prodigal_proteins	1951	937	73.34	12.93	48.03
GCA_001039265.1_ASM103926v1_genomic_prodigal_proteins	2832	GCA_003210515.1_ASM321051v1_genomic_prodigal_proteins	1673	647	66.94	13.50	38.67
GCA_001039265.1_ASM103926v1_genomic_prodigal_proteins	2832	GCA_011525445.1_ASM1152544v1_genomic_prodigal_proteins	3208	969	66.68	13.64	34.22
GCA_001039265.1_ASM103926v1_genomic_prodigal_proteins	2832	GCA_902599435.1_AG-916-N22_genomic_prodigal_proteins	793	303	69.97	13.96	38.21
GCA_001039265.1_ASM103926v1_genomic_prodigal_proteins	2832	GCA_003149585.1_ASM314958v1_genomic_prodigal_proteins	2600	1233	72.92	13.76	47.42
GCA_001039265.1_ASM103926v1_genomic_prodigal_proteins	2832	GCA_902560665.1_AG-905-O11_genomic_prodigal_proteins	401	117	68.79	15.67	29.18
GCA_001039265.1_ASM103926v1_genomic_prodigal_proteins	2832	GCA_003331795.1_ASM333179v1_genomic_prodigal_proteins	1948	882	68.08	14.05	45.28
GCA_001039265.1_ASM103926v1_genomic_prodigal_proteins	2832	GCA_002017955.1_ASM201795v1_genomic_prodigal_proteins	512	192	63.66	13.14	37.50
GCA_001039265.1_ASM103926v1_genomic_prodigal_proteins	2832	GCA_902584485.1_AG-912-O23_genomic_prodigal_proteins	535	162	66.47	15.36	30.28
GCA_001039265.1_ASM103926v1_genomic_prodigal_proteins	2832	GCA_902527915.1_AG-896-G19_genomic_prodigal_proteins	1003	362	67.70	14.80	36.09
GCA_001039265.1_ASM103926v1_genomic_prodigal_proteins	2832	GCA_902635365.1_AG-447-D19_genomic_prodigal_proteins	1690	551	68.55	14.22	32.60
GCA_001039265.1_ASM103926v1_genomic_prodigal_proteins	2832	GCA_900474085.1_UW86_genomic_prodigal_proteins	2403	1120	68.53	13.78	46.61
GCA_001039265.1_ASM103926v1_genomic_prodigal_proteins	2832	GCA_001885215.1_ASM188521v1_genomic_prodigal_proteins	2897	1253	71.02	12.81	44.24
GCA_001039265.1_ASM103926v1_genomic_prodigal_proteins	2832	GCA_902575935.1_AG-426-B22_genomic_prodigal_proteins	254	117	69.17	16.19	46.06
GCA_001039265.1_ASM103926v1_genomic_prodigal_proteins	2832	GCA_900474295.1_UW140_genomic_prodigal_proteins	2925	1152	68.55	13.73	40.68
GCA_001039265.1_ASM103926v1_genomic_prodigal_proteins	2832	GCA_003211565.1_ASM321156v1_genomic_prodigal_proteins	1489	515	67.15	14.44	34.59
GCA_001039265.1_ASM103926v1_genomic_prodigal_proteins	2832	GCA_003526105.1_ASM352610v1_genomic_prodigal_proteins	1581	624	68.50	13.71	39.47
GCA_001039265.1_ASM103926v1_genomic_prodigal_proteins	2832	GCA_002172935.1_ASM217293v1_genomic_prodigal_proteins	1996	900	67.81	13.55	45.09
GCA_001039265.1_ASM103926v1_genomic_prodigal_proteins	2832	GCA_003210335.1_ASM321033v1_genomic_prodigal_proteins	942	246	63.76	15.19	26.11
GCA_001039265.1_ASM103926v1_genomic_prodigal_proteins	2832	GCA_009846115.1_ASM984611v1_genomic_prodigal_proteins	2048	765	63.43	12.61	37.35
GCA_001039265.1_ASM103926v1_genomic_prodigal_proteins	2832	GCA_001693295.1_ASM169329v1_genomic_prodigal_proteins	3183	821	55.48	12.86	28.99
GCA_001039265.1_ASM103926v1_genomic_prodigal_proteins	2832	GCA_900473965.1_UW179A_genomic_prodigal_proteins	3383	1149	67.81	13.91	40.57
GCA_001039265.1_ASM103926v1_genomic_prodigal_proteins	2832	GCA_003213755.1_ASM321375v1_genomic_prodigal_proteins	1050	410	66.67	14.92	39.05
GCA_001039265.1_ASM103926v1_genomic_prodigal_proteins	2832	GCA_003209155.1_ASM320915v1_genomic_prodigal_proteins	2305	836	67.73	14.00	36.27
GCA_001039265.1_ASM103926v1_genomic_prodigal_proteins	2832	GCA_003211515.1_ASM321151v1_genomic_prodigal_proteins	2451	730	67.04	14.16	29.78
GCA_001039265.1_ASM103926v1_genomic_prodigal_proteins	2832	GCA_002693285.1_ASM269328v1_genomic_prodigal_proteins	2440	1001	67.77	13.63	41.02
GCA_001039265.1_ASM103926v1_genomic_prodigal_proteins	2832	GCA_003210555.1_ASM321055v1_genomic_prodigal_proteins	1847	654	66.68	14.36	35.41
GCA_001039265.1_ASM103926v1_genomic_prodigal_proteins	2832	GCA_000155595.1_ASM15559v1_genomic_prodigal_proteins	5270	816	54.94	12.83	28.81
GCA_001039265.1_ASM103926v1_genomic_prodigal_proteins	2832	GCA_001007665.1_ASM100766v1_genomic_prodigal_proteins	2356	863	63.49	12.33	36.63
GCA_001039265.1_ASM103926v1_genomic_prodigal_proteins	2832	GCA_009919765.1_ASM991976v1_genomic_prodigal_proteins	2524	802	67.68	14.19	31.77
GCA_001039265.1_ASM103926v1_genomic_prodigal_proteins	2832	GCA_003331225.1_ASM333122v1_genomic_prodigal_proteins	2113	989	68.10	13.53	46.81
GCA_001039265.1_ASM103926v1_genomic_prodigal_proteins	2832	GCA_900177825.1_IMG-taxon_2708742468_annotated_assembly_genomic_prodigal_proteins	3317	815	55.40	12.93	28.78
GCA_001039265.1_ASM103926v1_genomic_prodigal_proteins	2832	GCA_000195975.1_ASM19597v1_genomic_prodigal_proteins	2719	1137	68.77	13.70	41.82
GCA_001039265.1_ASM103926v1_genomic_prodigal_proteins	2832	GCA_902618885.1_AG-920-D15_genomic_prodigal_proteins	1178	448	68.64	15.14	38.03
GCA_001039265.1_ASM103926v1_genomic_prodigal_proteins	2832	GCA_003209165.1_ASM320916v1_genomic_prodigal_proteins	2711	952	68.39	13.92	35.12
GCA_001039265.1_ASM103926v1_genomic_prodigal_proteins	2832	GCA_001007625.1_ASM100762v1_genomic_prodigal_proteins	2478	784	63.51	12.47	31.64
GCA_001039265.1_ASM103926v1_genomic_prodigal_proteins	2832	GCA_008386235.1_ASM838623v1_genomic_prodigal_proteins	2571	807	55.83	12.88	31.39
GCA_001039265.1_ASM103926v1_genomic_prodigal_proteins	2832	GCA_001631935.1_ASM163193v1_genomic_prodigal_proteins	3526	1141	67.86	13.88	40.29
GCA_001039265.1_ASM103926v1_genomic_prodigal_proteins	2832	GCA_002151525.1_ASM215152v1_genomic_prodigal_proteins	1628	816	67.25	14.08	50.12
GCA_001039265.1_ASM103926v1_genomic_prodigal_proteins	2832	GCA_000153065.1_ASM15306v1_genomic_prodigal_proteins	2704	1176	69.84	13.88	43.49
GCA_001039265.1_ASM103926v1_genomic_prodigal_proteins	2832	GCA_009837265.1_ASM983726v1_genomic_prodigal_proteins	2126	806	63.73	12.48	37.91
GCA_001039265.1_ASM103926v1_genomic_prodigal_proteins	2832	GCA_902533725.1_AG-898-C20_genomic_prodigal_proteins	421	96	69.88	15.61	22.80
GCA_001039265.1_ASM103926v1_genomic_prodigal_proteins	2832	GCA_002171075.2_ASM217107v2_genomic_prodigal_proteins	1919	869	66.00	13.27	45.28
GCA_001039265.1_ASM103926v1_genomic_prodigal_proteins	2832	GCA_002760395.1_ASM276039v1_genomic_prodigal_proteins	2661	689	55.30	12.21	25.89
GCA_001039265.1_ASM103926v1_genomic_prodigal_proteins	2832	GCA_003209005.1_ASM320900v1_genomic_prodigal_proteins	2548	957	67.62	13.74	37.56
GCA_001039265.1_ASM103926v1_genomic_prodigal_proteins	2832	GCA_002017915.1_ASM201791v1_genomic_prodigal_proteins	623	244	65.52	13.50	39.17
GCA_001039265.1_ASM103926v1_genomic_prodigal_proteins	2832	GCA_900047545.1_m9_genomic_prodigal_proteins	1575	653	63.35	13.01	41.46
GCA_001039265.1_ASM103926v1_genomic_prodigal_proteins	2832	GCA_001632105.1_ASM163210v1_genomic_prodigal_proteins	3521	1150	67.76	13.91	40.61
GCA_001039265.1_ASM103926v1_genomic_prodigal_proteins	2832	GCA_004212765.1_ASM421276v1_genomic_prodigal_proteins	1162	543	68.54	13.66	46.73
GCA_001039265.1_ASM103926v1_genomic_prodigal_proteins	2832	GCA_002685515.1_ASM268551v1_genomic_prodigal_proteins	1286	606	67.11	13.54	47.12
GCA_001039265.1_ASM103926v1_genomic_prodigal_proteins	2832	GCA_007828135.1_ASM782813v1_genomic_prodigal_proteins	2917	1254	71.00	12.82	44.28
GCA_001039265.1_ASM103926v1_genomic_prodigal_proteins	2832	GCA_011047875.1_ASM1104787v1_genomic_prodigal_proteins	2810	703	55.07	12.33	25.02
GCA_001039265.1_ASM103926v1_genomic_prodigal_proteins	2832	GCA_009840445.1_ASM984044v1_genomic_prodigal_proteins	2167	866	63.73	12.50	39.96
GCA_001039265.1_ASM103926v1_genomic_prodigal_proteins	2832	GCA_003210995.1_ASM321099v1_genomic_prodigal_proteins	2385	831	67.90	14.34	34.84
GCA_001039265.1_ASM103926v1_genomic_prodigal_proteins	2832	GCA_902616995.1_AG-919-L20_genomic_prodigal_proteins	654	217	66.40	15.26	33.18
GCA_001039265.1_ASM103926v1_genomic_prodigal_proteins	2832	GCA_009845825.1_ASM984582v1_genomic_prodigal_proteins	2168	726	63.76	12.30	33.49
GCA_001039265.1_ASM103926v1_genomic_prodigal_proteins	2832	GCA_000515235.1_ASM51523v1_genomic_prodigal_proteins	2873	1121	68.35	13.62	39.58
GCA_001039265.1_ASM103926v1_genomic_prodigal_proteins	2832	GCA_003523965.1_ASM352396v1_genomic_prodigal_proteins	1735	595	64.40	12.89	34.29
GCA_001039265.1_ASM103926v1_genomic_prodigal_proteins	2832	GCA_002684175.1_ASM268417v1_genomic_prodigal_proteins	1819	677	65.79	13.42	37.22
GCA_001039265.1_ASM103926v1_genomic_prodigal_proteins	2832	GCA_011523295.1_ASM1152329v1_genomic_prodigal_proteins	2851	881	67.01	13.56	31.11
GCA_001039265.1_ASM103926v1_genomic_prodigal_proteins	2832	GCA_003211015.1_ASM321101v1_genomic_prodigal_proteins	2128	850	67.29	13.84	39.94
GCA_001039265.1_ASM103926v1_genomic_prodigal_proteins	2832	GCA_002006815.1_ASM200681v1_genomic_prodigal_proteins	1973	1010	68.15	13.57	51.19
GCA_002721235.1_ASM272123v1_genomic_prodigal_proteins	3119	GCA_009839305.1_ASM983930v1_genomic_prodigal_proteins	1816	682	54.37	12.49	37.56
GCA_002721235.1_ASM272123v1_genomic_prodigal_proteins	3119	GCA_011365345.1_ASM1136534v1_genomic_prodigal_proteins	2655	1065	53.71	12.75	40.11
GCA_002721235.1_ASM272123v1_genomic_prodigal_proteins	3119	GCA_001039265.1_ASM103926v1_genomic_prodigal_proteins	2832	805	55.54	12.71	28.43
GCA_002721235.1_ASM272123v1_genomic_prodigal_proteins	3119	GCA_001628325.1_ASM162832v1_genomic_prodigal_proteins	2129	958	53.55	12.46	45.00
GCA_002721235.1_ASM272123v1_genomic_prodigal_proteins	3119	GCA_003209215.1_ASM320921v1_genomic_prodigal_proteins	1679	555	53.75	13.01	33.06
GCA_002721235.1_ASM272123v1_genomic_prodigal_proteins	3119	GCA_002737305.1_ASM273730v1_genomic_prodigal_proteins	1951	866	54.59	12.73	44.39
GCA_002721235.1_ASM272123v1_genomic_prodigal_proteins	3119	GCA_003210515.1_ASM321051v1_genomic_prodigal_proteins	1673	612	52.40	12.70	36.58
GCA_002721235.1_ASM272123v1_genomic_prodigal_proteins	3119	GCA_011525445.1_ASM1152544v1_genomic_prodigal_proteins	3208	873	52.61	12.41	27.99
GCA_002721235.1_ASM272123v1_genomic_prodigal_proteins	3119	GCA_902599435.1_AG-916-N22_genomic_prodigal_proteins	793	272	55.26	12.89	34.30
GCA_002721235.1_ASM272123v1_genomic_prodigal_proteins	3119	GCA_003149585.1_ASM314958v1_genomic_prodigal_proteins	2600	1138	53.95	12.69	43.77
GCA_002721235.1_ASM272123v1_genomic_prodigal_proteins	3119	GCA_902560665.1_AG-905-O11_genomic_prodigal_proteins	401	96	55.67	13.83	23.94
GCA_002721235.1_ASM272123v1_genomic_prodigal_proteins	3119	GCA_003331795.1_ASM333179v1_genomic_prodigal_proteins	1948	897	53.57	12.93	46.05
GCA_002721235.1_ASM272123v1_genomic_prodigal_proteins	3119	GCA_002017955.1_ASM201795v1_genomic_prodigal_proteins	512	201	53.62	12.53	39.26
GCA_002721235.1_ASM272123v1_genomic_prodigal_proteins	3119	GCA_902584485.1_AG-912-O23_genomic_prodigal_proteins	535	148	53.00	13.10	27.66
GCA_002721235.1_ASM272123v1_genomic_prodigal_proteins	3119	GCA_902527915.1_AG-896-G19_genomic_prodigal_proteins	1003	340	53.37	13.16	33.90
GCA_002721235.1_ASM272123v1_genomic_prodigal_proteins	3119	GCA_902635365.1_AG-447-D19_genomic_prodigal_proteins	1690	507	53.91	12.80	30.00
GCA_002721235.1_ASM272123v1_genomic_prodigal_proteins	3119	GCA_900474085.1_UW86_genomic_prodigal_proteins	2403	1052	53.67	12.76	43.78
GCA_002721235.1_ASM272123v1_genomic_prodigal_proteins	3119	GCA_001885215.1_ASM188521v1_genomic_prodigal_proteins	2897	1180	53.59	12.48	40.73
GCA_002721235.1_ASM272123v1_genomic_prodigal_proteins	3119	GCA_902575935.1_AG-426-B22_genomic_prodigal_proteins	254	99	57.97	14.00	38.98
GCA_002721235.1_ASM272123v1_genomic_prodigal_proteins	3119	GCA_900474295.1_UW140_genomic_prodigal_proteins	2925	1085	53.40	12.81	37.09
GCA_002721235.1_ASM272123v1_genomic_prodigal_proteins	3119	GCA_003211565.1_ASM321156v1_genomic_prodigal_proteins	1489	483	53.22	13.00	32.44
GCA_002721235.1_ASM272123v1_genomic_prodigal_proteins	3119	GCA_003526105.1_ASM352610v1_genomic_prodigal_proteins	1581	570	54.41	12.58	36.05
GCA_002721235.1_ASM272123v1_genomic_prodigal_proteins	3119	GCA_002172935.1_ASM217293v1_genomic_prodigal_proteins	1996	835	52.67	12.49	41.83
GCA_002721235.1_ASM272123v1_genomic_prodigal_proteins	3119	GCA_003210335.1_ASM321033v1_genomic_prodigal_proteins	942	202	52.22	13.38	21.44
GCA_002721235.1_ASM272123v1_genomic_prodigal_proteins	3119	GCA_009846115.1_ASM984611v1_genomic_prodigal_proteins	2048	814	53.16	12.31	39.75
GCA_002721235.1_ASM272123v1_genomic_prodigal_proteins	3119	GCA_001693295.1_ASM169329v1_genomic_prodigal_proteins	3183	2760	98.01	4.94	88.49
GCA_002721235.1_ASM272123v1_genomic_prodigal_proteins	3119	GCA_900473965.1_UW179A_genomic_prodigal_proteins	3383	1073	53.32	12.90	34.40
GCA_002721235.1_ASM272123v1_genomic_prodigal_proteins	3119	GCA_003213755.1_ASM321375v1_genomic_prodigal_proteins	1050	382	53.37	13.14	36.38
GCA_002721235.1_ASM272123v1_genomic_prodigal_proteins	3119	GCA_003209155.1_ASM320915v1_genomic_prodigal_proteins	2305	803	53.35	12.76	34.84
GCA_002721235.1_ASM272123v1_genomic_prodigal_proteins	3119	GCA_003211515.1_ASM321151v1_genomic_prodigal_proteins	2451	707	52.50	12.80	28.85
GCA_002721235.1_ASM272123v1_genomic_prodigal_proteins	3119	GCA_002693285.1_ASM269328v1_genomic_prodigal_proteins	2440	932	52.91	12.72	38.20
GCA_002721235.1_ASM272123v1_genomic_prodigal_proteins	3119	GCA_003210555.1_ASM321055v1_genomic_prodigal_proteins	1847	590	53.10	12.64	31.94
GCA_002721235.1_ASM272123v1_genomic_prodigal_proteins	3119	GCA_000155595.1_ASM15559v1_genomic_prodigal_proteins	5270	1706	59.03	12.91	54.70
GCA_002721235.1_ASM272123v1_genomic_prodigal_proteins	3119	GCA_001007665.1_ASM100766v1_genomic_prodigal_proteins	2356	931	53.49	12.27	39.52
GCA_002721235.1_ASM272123v1_genomic_prodigal_proteins	3119	GCA_009919765.1_ASM991976v1_genomic_prodigal_proteins	2524	760	53.62	12.93	30.11
GCA_002721235.1_ASM272123v1_genomic_prodigal_proteins	3119	GCA_003331225.1_ASM333122v1_genomic_prodigal_proteins	2113	969	53.65	12.80	45.86
GCA_002721235.1_ASM272123v1_genomic_prodigal_proteins	3119	GCA_900177825.1_IMG-taxon_2708742468_annotated_assembly_genomic_prodigal_proteins	3317	2698	97.59	6.17	86.50
GCA_002721235.1_ASM272123v1_genomic_prodigal_proteins	3119	GCA_000195975.1_ASM19597v1_genomic_prodigal_proteins	2719	1098	53.27	12.85	40.38
GCA_002721235.1_ASM272123v1_genomic_prodigal_proteins	3119	GCA_902618885.1_AG-920-D15_genomic_prodigal_proteins	1178	418	53.89	13.14	35.48
GCA_002721235.1_ASM272123v1_genomic_prodigal_proteins	3119	GCA_003209165.1_ASM320916v1_genomic_prodigal_proteins	2711	918	53.57	12.76	33.86
GCA_002721235.1_ASM272123v1_genomic_prodigal_proteins	3119	GCA_001007625.1_ASM100762v1_genomic_prodigal_proteins	2478	819	54.13	12.37	33.05
GCA_002721235.1_ASM272123v1_genomic_prodigal_proteins	3119	GCA_008386235.1_ASM838623v1_genomic_prodigal_proteins	2571	1442	59.25	12.90	56.09
GCA_002721235.1_ASM272123v1_genomic_prodigal_proteins	3119	GCA_001631935.1_ASM163193v1_genomic_prodigal_proteins	3526	1059	53.37	12.79	33.95
GCA_002721235.1_ASM272123v1_genomic_prodigal_proteins	3119	GCA_002151525.1_ASM215152v1_genomic_prodigal_proteins	1628	782	53.64	12.71	48.03
GCA_002721235.1_ASM272123v1_genomic_prodigal_proteins	3119	GCA_000153065.1_ASM15306v1_genomic_prodigal_proteins	2704	1087	53.66	12.77	40.20
GCA_002721235.1_ASM272123v1_genomic_prodigal_proteins	3119	GCA_009837265.1_ASM983726v1_genomic_prodigal_proteins	2126	860	53.53	12.36	40.45
GCA_002721235.1_ASM272123v1_genomic_prodigal_proteins	3119	GCA_902533725.1_AG-898-C20_genomic_prodigal_proteins	421	95	54.86	14.76	22.57
GCA_002721235.1_ASM272123v1_genomic_prodigal_proteins	3119	GCA_002171075.2_ASM217107v2_genomic_prodigal_proteins	1919	812	52.48	12.52	42.31
GCA_002721235.1_ASM272123v1_genomic_prodigal_proteins	3119	GCA_002760395.1_ASM276039v1_genomic_prodigal_proteins	2661	1228	56.44	12.27	46.15
GCA_002721235.1_ASM272123v1_genomic_prodigal_proteins	3119	GCA_003209005.1_ASM320900v1_genomic_prodigal_proteins	2548	880	52.90	12.64	34.54
GCA_002721235.1_ASM272123v1_genomic_prodigal_proteins	3119	GCA_002017915.1_ASM201791v1_genomic_prodigal_proteins	623	274	55.13	13.21	43.98
GCA_002721235.1_ASM272123v1_genomic_prodigal_proteins	3119	GCA_900047545.1_m9_genomic_prodigal_proteins	1575	705	53.30	12.43	44.76
GCA_002721235.1_ASM272123v1_genomic_prodigal_proteins	3119	GCA_001632105.1_ASM163210v1_genomic_prodigal_proteins	3521	1061	53.33	12.76	34.02
GCA_002721235.1_ASM272123v1_genomic_prodigal_proteins	3119	GCA_004212765.1_ASM421276v1_genomic_prodigal_proteins	1162	546	53.00	12.64	46.99
GCA_002721235.1_ASM272123v1_genomic_prodigal_proteins	3119	GCA_002685515.1_ASM268551v1_genomic_prodigal_proteins	1286	568	52.02	12.47	44.17
GCA_002721235.1_ASM272123v1_genomic_prodigal_proteins	3119	GCA_007828135.1_ASM782813v1_genomic_prodigal_proteins	2917	1181	53.62	12.53	40.49
GCA_002721235.1_ASM272123v1_genomic_prodigal_proteins	3119	GCA_011047875.1_ASM1104787v1_genomic_prodigal_proteins	2810	1252	56.69	12.24	44.56
GCA_002721235.1_ASM272123v1_genomic_prodigal_proteins	3119	GCA_009840445.1_ASM984044v1_genomic_prodigal_proteins	2167	950	53.32	12.32	43.84
GCA_002721235.1_ASM272123v1_genomic_prodigal_proteins	3119	GCA_003210995.1_ASM321099v1_genomic_prodigal_proteins	2385	751	53.80	13.09	31.49
GCA_002721235.1_ASM272123v1_genomic_prodigal_proteins	3119	GCA_902616995.1_AG-919-L20_genomic_prodigal_proteins	654	205	52.86	12.90	31.35
GCA_002721235.1_ASM272123v1_genomic_prodigal_proteins	3119	GCA_009845825.1_ASM984582v1_genomic_prodigal_proteins	2168	809	53.68	12.13	37.32
GCA_002721235.1_ASM272123v1_genomic_prodigal_proteins	3119	GCA_000515235.1_ASM51523v1_genomic_prodigal_proteins	2873	1070	53.40	12.80	37.24
GCA_002721235.1_ASM272123v1_genomic_prodigal_proteins	3119	GCA_003523965.1_ASM352396v1_genomic_prodigal_proteins	1735	619	54.72	12.25	35.68
GCA_002721235.1_ASM272123v1_genomic_prodigal_proteins	3119	GCA_002684175.1_ASM268417v1_genomic_prodigal_proteins	1819	634	51.88	12.13	34.85
GCA_002721235.1_ASM272123v1_genomic_prodigal_proteins	3119	GCA_011523295.1_ASM1152329v1_genomic_prodigal_proteins	2851	829	51.34	12.28	29.08
GCA_002721235.1_ASM272123v1_genomic_prodigal_proteins	3119	GCA_003211015.1_ASM321101v1_genomic_prodigal_proteins	2128	773	52.67	12.67	36.33
GCA_002721235.1_ASM272123v1_genomic_prodigal_proteins	3119	GCA_002006815.1_ASM200681v1_genomic_prodigal_proteins	1973	989	53.59	12.76	50.13
GCA_003209215.1_ASM320921v1_genomic_prodigal_proteins	1679	GCA_002737305.1_ASM273730v1_genomic_prodigal_proteins	1951	634	66.59	14.28	37.76
GCA_003209215.1_ASM320921v1_genomic_prodigal_proteins	1679	GCA_003210515.1_ASM321051v1_genomic_prodigal_proteins	1673	584	74.54	13.79	34.91
GCA_003209215.1_ASM320921v1_genomic_prodigal_proteins	1679	GCA_011525445.1_ASM1152544v1_genomic_prodigal_proteins	3208	782	69.37	13.75	46.58
GCA_003209215.1_ASM320921v1_genomic_prodigal_proteins	1679	GCA_902599435.1_AG-916-N22_genomic_prodigal_proteins	793	244	79.15	15.34	30.77
GCA_003209215.1_ASM320921v1_genomic_prodigal_proteins	1679	GCA_003149585.1_ASM314958v1_genomic_prodigal_proteins	2600	850	67.23	13.69	50.63
GCA_003209215.1_ASM320921v1_genomic_prodigal_proteins	1679	GCA_902560665.1_AG-905-O11_genomic_prodigal_proteins	401	131	77.03	15.62	32.67
GCA_003209215.1_ASM320921v1_genomic_prodigal_proteins	1679	GCA_003331795.1_ASM333179v1_genomic_prodigal_proteins	1948	679	65.71	14.46	40.44
GCA_003209215.1_ASM320921v1_genomic_prodigal_proteins	1679	GCA_002017955.1_ASM201795v1_genomic_prodigal_proteins	512	130	60.85	12.36	25.39
GCA_003209215.1_ASM320921v1_genomic_prodigal_proteins	1679	GCA_902584485.1_AG-912-O23_genomic_prodigal_proteins	535	183	77.02	14.39	34.21
GCA_003209215.1_ASM320921v1_genomic_prodigal_proteins	1679	GCA_902527915.1_AG-896-G19_genomic_prodigal_proteins	1003	375	75.79	14.53	37.39
GCA_003209215.1_ASM320921v1_genomic_prodigal_proteins	1679	GCA_902635365.1_AG-447-D19_genomic_prodigal_proteins	1690	543	75.20	14.92	32.34
GCA_003209215.1_ASM320921v1_genomic_prodigal_proteins	1679	GCA_900474085.1_UW86_genomic_prodigal_proteins	2403	1055	94.29	7.62	62.84
GCA_003209215.1_ASM320921v1_genomic_prodigal_proteins	1679	GCA_001885215.1_ASM188521v1_genomic_prodigal_proteins	2897	805	66.20	13.50	47.95
GCA_003209215.1_ASM320921v1_genomic_prodigal_proteins	1679	GCA_902575935.1_AG-426-B22_genomic_prodigal_proteins	254	110	93.34	10.68	43.31
GCA_003209215.1_ASM320921v1_genomic_prodigal_proteins	1679	GCA_900474295.1_UW140_genomic_prodigal_proteins	2925	907	71.29	13.55	54.02
GCA_003209215.1_ASM320921v1_genomic_prodigal_proteins	1679	GCA_003211565.1_ASM321156v1_genomic_prodigal_proteins	1489	620	96.84	8.17	41.64
GCA_003209215.1_ASM320921v1_genomic_prodigal_proteins	1679	GCA_003526105.1_ASM352610v1_genomic_prodigal_proteins	1581	564	94.66	9.17	35.67
GCA_003209215.1_ASM320921v1_genomic_prodigal_proteins	1679	GCA_002172935.1_ASM217293v1_genomic_prodigal_proteins	1996	692	70.22	14.08	41.22
GCA_003209215.1_ASM320921v1_genomic_prodigal_proteins	1679	GCA_003210335.1_ASM321033v1_genomic_prodigal_proteins	942	164	65.66	14.62	17.41
GCA_003209215.1_ASM320921v1_genomic_prodigal_proteins	1679	GCA_009846115.1_ASM984611v1_genomic_prodigal_proteins	2048	540	60.49	12.83	32.16
GCA_003209215.1_ASM320921v1_genomic_prodigal_proteins	1679	GCA_001693295.1_ASM169329v1_genomic_prodigal_proteins	3183	550	53.90	12.97	32.76
GCA_003209215.1_ASM320921v1_genomic_prodigal_proteins	1679	GCA_900473965.1_UW179A_genomic_prodigal_proteins	3383	941	70.72	13.86	56.05
GCA_003209215.1_ASM320921v1_genomic_prodigal_proteins	1679	GCA_003213755.1_ASM321375v1_genomic_prodigal_proteins	1050	316	64.25	14.79	30.10
GCA_003209215.1_ASM320921v1_genomic_prodigal_proteins	1679	GCA_003209155.1_ASM320915v1_genomic_prodigal_proteins	2305	667	70.22	13.93	39.73
GCA_003209215.1_ASM320921v1_genomic_prodigal_proteins	1679	GCA_003211515.1_ASM321151v1_genomic_prodigal_proteins	2451	589	73.34	14.10	35.08
GCA_003209215.1_ASM320921v1_genomic_prodigal_proteins	1679	GCA_002693285.1_ASM269328v1_genomic_prodigal_proteins	2440	823	70.57	13.74	49.02
GCA_003209215.1_ASM320921v1_genomic_prodigal_proteins	1679	GCA_003210555.1_ASM321055v1_genomic_prodigal_proteins	1847	559	68.95	13.75	33.29
GCA_003209215.1_ASM320921v1_genomic_prodigal_proteins	1679	GCA_000155595.1_ASM15559v1_genomic_prodigal_proteins	5270	583	52.87	12.72	34.72
GCA_003209215.1_ASM320921v1_genomic_prodigal_proteins	1679	GCA_001007665.1_ASM100766v1_genomic_prodigal_proteins	2356	595	60.26	12.92	35.44
GCA_003209215.1_ASM320921v1_genomic_prodigal_proteins	1679	GCA_009919765.1_ASM991976v1_genomic_prodigal_proteins	2524	607	65.51	14.66	36.15
GCA_003209215.1_ASM320921v1_genomic_prodigal_proteins	1679	GCA_003331225.1_ASM333122v1_genomic_prodigal_proteins	2113	726	66.09	13.98	43.24
GCA_003209215.1_ASM320921v1_genomic_prodigal_proteins	1679	GCA_900177825.1_IMG-taxon_2708742468_annotated_assembly_genomic_prodigal_proteins	3317	542	53.98	13.03	32.28
GCA_003209215.1_ASM320921v1_genomic_prodigal_proteins	1679	GCA_000195975.1_ASM19597v1_genomic_prodigal_proteins	2719	1030	77.93	13.09	61.35
GCA_003209215.1_ASM320921v1_genomic_prodigal_proteins	1679	GCA_902618885.1_AG-920-D15_genomic_prodigal_proteins	1178	435	76.66	15.07	36.93
GCA_003209215.1_ASM320921v1_genomic_prodigal_proteins	1679	GCA_003209165.1_ASM320916v1_genomic_prodigal_proteins	2711	965	89.27	9.91	57.47
GCA_003209215.1_ASM320921v1_genomic_prodigal_proteins	1679	GCA_001007625.1_ASM100762v1_genomic_prodigal_proteins	2478	523	61.13	12.72	31.15
GCA_003209215.1_ASM320921v1_genomic_prodigal_proteins	1679	GCA_008386235.1_ASM838623v1_genomic_prodigal_proteins	2571	508	54.03	12.38	30.26
GCA_003209215.1_ASM320921v1_genomic_prodigal_proteins	1679	GCA_001631935.1_ASM163193v1_genomic_prodigal_proteins	3526	927	70.47	13.99	55.21
GCA_003209215.1_ASM320921v1_genomic_prodigal_proteins	1679	GCA_002151525.1_ASM215152v1_genomic_prodigal_proteins	1628	569	63.19	14.05	34.95
GCA_003209215.1_ASM320921v1_genomic_prodigal_proteins	1679	GCA_000153065.1_ASM15306v1_genomic_prodigal_proteins	2704	867	71.91	13.36	51.64
GCA_003209215.1_ASM320921v1_genomic_prodigal_proteins	1679	GCA_009837265.1_ASM983726v1_genomic_prodigal_proteins	2126	569	60.68	12.94	33.89
GCA_003209215.1_ASM320921v1_genomic_prodigal_proteins	1679	GCA_902533725.1_AG-898-C20_genomic_prodigal_proteins	421	181	91.65	10.79	42.99
GCA_003209215.1_ASM320921v1_genomic_prodigal_proteins	1679	GCA_002171075.2_ASM217107v2_genomic_prodigal_proteins	1919	619	64.55	13.73	36.87
GCA_003209215.1_ASM320921v1_genomic_prodigal_proteins	1679	GCA_002760395.1_ASM276039v1_genomic_prodigal_proteins	2661	460	53.13	12.04	27.40
GCA_003209215.1_ASM320921v1_genomic_prodigal_proteins	1679	GCA_003209005.1_ASM320900v1_genomic_prodigal_proteins	2548	766	70.02	13.68	45.62
GCA_003209215.1_ASM320921v1_genomic_prodigal_proteins	1679	GCA_002017915.1_ASM201791v1_genomic_prodigal_proteins	623	159	64.45	12.52	25.52
GCA_003209215.1_ASM320921v1_genomic_prodigal_proteins	1679	GCA_900047545.1_m9_genomic_prodigal_proteins	1575	481	60.99	12.66	30.54
GCA_003209215.1_ASM320921v1_genomic_prodigal_proteins	1679	GCA_001632105.1_ASM163210v1_genomic_prodigal_proteins	3521	927	70.42	13.95	55.21
GCA_003209215.1_ASM320921v1_genomic_prodigal_proteins	1679	GCA_004212765.1_ASM421276v1_genomic_prodigal_proteins	1162	479	76.90	13.46	41.22
GCA_003209215.1_ASM320921v1_genomic_prodigal_proteins	1679	GCA_002685515.1_ASM268551v1_genomic_prodigal_proteins	1286	452	69.18	14.32	35.15
GCA_003209215.1_ASM320921v1_genomic_prodigal_proteins	1679	GCA_007828135.1_ASM782813v1_genomic_prodigal_proteins	2917	806	66.24	13.53	48.00
GCA_003209215.1_ASM320921v1_genomic_prodigal_proteins	1679	GCA_011047875.1_ASM1104787v1_genomic_prodigal_proteins	2810	466	53.12	12.16	27.75
GCA_003209215.1_ASM320921v1_genomic_prodigal_proteins	1679	GCA_009840445.1_ASM984044v1_genomic_prodigal_proteins	2167	606	60.69	12.72	36.09
GCA_003209215.1_ASM320921v1_genomic_prodigal_proteins	1679	GCA_003210995.1_ASM321099v1_genomic_prodigal_proteins	2385	721	70.52	14.26	42.94
GCA_003209215.1_ASM320921v1_genomic_prodigal_proteins	1679	GCA_902616995.1_AG-919-L20_genomic_prodigal_proteins	654	236	76.25	14.93	36.09
GCA_003209215.1_ASM320921v1_genomic_prodigal_proteins	1679	GCA_009845825.1_ASM984582v1_genomic_prodigal_proteins	2168	528	60.79	12.18	31.45
GCA_003209215.1_ASM320921v1_genomic_prodigal_proteins	1679	GCA_000515235.1_ASM51523v1_genomic_prodigal_proteins	2873	998	75.19	13.24	59.44
GCA_003209215.1_ASM320921v1_genomic_prodigal_proteins	1679	GCA_003523965.1_ASM352396v1_genomic_prodigal_proteins	1735	417	62.01	13.12	24.84
GCA_003209215.1_ASM320921v1_genomic_prodigal_proteins	1679	GCA_002684175.1_ASM268417v1_genomic_prodigal_proteins	1819	613	75.34	12.10	36.51
GCA_003209215.1_ASM320921v1_genomic_prodigal_proteins	1679	GCA_011523295.1_ASM1152329v1_genomic_prodigal_proteins	2851	808	76.00	13.89	48.12
GCA_003209215.1_ASM320921v1_genomic_prodigal_proteins	1679	GCA_003211015.1_ASM321101v1_genomic_prodigal_proteins	2128	675	69.86	13.86	40.20
GCA_003209215.1_ASM320921v1_genomic_prodigal_proteins	1679	GCA_002006815.1_ASM200681v1_genomic_prodigal_proteins	1973	694	63.65	13.88	41.33
GCA_902584485.1_AG-912-O23_genomic_prodigal_proteins	535	GCA_902527915.1_AG-896-G19_genomic_prodigal_proteins	1003	111	85.87	19.85	20.75
GCA_902584485.1_AG-912-O23_genomic_prodigal_proteins	535	GCA_902635365.1_AG-447-D19_genomic_prodigal_proteins	1690	155	70.75	16.21	28.97
GCA_902584485.1_AG-912-O23_genomic_prodigal_proteins	535	GCA_900474085.1_UW86_genomic_prodigal_proteins	2403	258	77.28	14.71	48.22
GCA_902584485.1_AG-912-O23_genomic_prodigal_proteins	535	GCA_001885215.1_ASM188521v1_genomic_prodigal_proteins	2897	207	64.60	13.94	38.69
GCA_902584485.1_AG-912-O23_genomic_prodigal_proteins	535	GCA_902575935.1_AG-426-B22_genomic_prodigal_proteins	254	24	73.47	17.05	9.45
GCA_902584485.1_AG-912-O23_genomic_prodigal_proteins	535	GCA_900474295.1_UW140_genomic_prodigal_proteins	2925	266	69.67	15.28	49.72
GCA_902584485.1_AG-912-O23_genomic_prodigal_proteins	535	GCA_003211565.1_ASM321156v1_genomic_prodigal_proteins	1489	130	77.29	16.06	24.30
GCA_902584485.1_AG-912-O23_genomic_prodigal_proteins	535	GCA_003526105.1_ASM352610v1_genomic_prodigal_proteins	1581	101	75.26	16.73	18.88
GCA_902584485.1_AG-912-O23_genomic_prodigal_proteins	535	GCA_002172935.1_ASM217293v1_genomic_prodigal_proteins	1996	159	67.92	15.41	29.72
GCA_902584485.1_AG-912-O23_genomic_prodigal_proteins	535	GCA_003210335.1_ASM321033v1_genomic_prodigal_proteins	942	59	62.71	20.52	11.03
GCA_902584485.1_AG-912-O23_genomic_prodigal_proteins	535	GCA_009846115.1_ASM984611v1_genomic_prodigal_proteins	2048	131	59.98	13.47	24.49
GCA_902584485.1_AG-912-O23_genomic_prodigal_proteins	535	GCA_001693295.1_ASM169329v1_genomic_prodigal_proteins	3183	147	53.11	12.98	27.48
GCA_902584485.1_AG-912-O23_genomic_prodigal_proteins	535	GCA_900473965.1_UW179A_genomic_prodigal_proteins	3383	265	69.09	14.62	49.53
GCA_902584485.1_AG-912-O23_genomic_prodigal_proteins	535	GCA_003213755.1_ASM321375v1_genomic_prodigal_proteins	1050	100	65.49	17.10	18.69
GCA_902584485.1_AG-912-O23_genomic_prodigal_proteins	535	GCA_003209155.1_ASM320915v1_genomic_prodigal_proteins	2305	192	68.63	14.67	35.89
GCA_902584485.1_AG-912-O23_genomic_prodigal_proteins	535	GCA_003211515.1_ASM321151v1_genomic_prodigal_proteins	2451	172	68.85	16.31	32.15
GCA_902584485.1_AG-912-O23_genomic_prodigal_proteins	535	GCA_002693285.1_ASM269328v1_genomic_prodigal_proteins	2440	218	70.30	13.67	40.75
GCA_902584485.1_AG-912-O23_genomic_prodigal_proteins	535	GCA_003210555.1_ASM321055v1_genomic_prodigal_proteins	1847	167	67.18	15.77	31.21
GCA_902584485.1_AG-912-O23_genomic_prodigal_proteins	535	GCA_000155595.1_ASM15559v1_genomic_prodigal_proteins	5270	158	53.46	12.46	29.53
GCA_902584485.1_AG-912-O23_genomic_prodigal_proteins	535	GCA_001007665.1_ASM100766v1_genomic_prodigal_proteins	2356	158	59.89	13.30	29.53
GCA_902584485.1_AG-912-O23_genomic_prodigal_proteins	535	GCA_009919765.1_ASM991976v1_genomic_prodigal_proteins	2524	138	62.91	15.98	25.79
GCA_902584485.1_AG-912-O23_genomic_prodigal_proteins	535	GCA_003331225.1_ASM333122v1_genomic_prodigal_proteins	2113	189	65.15	14.18	35.33
GCA_902584485.1_AG-912-O23_genomic_prodigal_proteins	535	GCA_900177825.1_IMG-taxon_2708742468_annotated_assembly_genomic_prodigal_proteins	3317	148	53.00	13.08	27.66
GCA_902584485.1_AG-912-O23_genomic_prodigal_proteins	535	GCA_000195975.1_ASM19597v1_genomic_prodigal_proteins	2719	356	94.39	10.50	66.54
GCA_902584485.1_AG-912-O23_genomic_prodigal_proteins	535	GCA_902618885.1_AG-920-D15_genomic_prodigal_proteins	1178	114	87.77	20.71	21.31
GCA_902584485.1_AG-912-O23_genomic_prodigal_proteins	535	GCA_003209165.1_ASM320916v1_genomic_prodigal_proteins	2711	244	76.41	13.71	45.61
GCA_902584485.1_AG-912-O23_genomic_prodigal_proteins	535	GCA_001007625.1_ASM100762v1_genomic_prodigal_proteins	2478	136	60.48	12.87	25.42
GCA_902584485.1_AG-912-O23_genomic_prodigal_proteins	535	GCA_008386235.1_ASM838623v1_genomic_prodigal_proteins	2571	133	51.81	12.94	24.86
GCA_902584485.1_AG-912-O23_genomic_prodigal_proteins	535	GCA_001631935.1_ASM163193v1_genomic_prodigal_proteins	3526	260	69.57	14.75	48.60
GCA_902584485.1_AG-912-O23_genomic_prodigal_proteins	535	GCA_002151525.1_ASM215152v1_genomic_prodigal_proteins	1628	147	62.11	14.73	27.48
GCA_902584485.1_AG-912-O23_genomic_prodigal_proteins	535	GCA_000153065.1_ASM15306v1_genomic_prodigal_proteins	2704	245	69.61	14.64	45.79
GCA_902584485.1_AG-912-O23_genomic_prodigal_proteins	535	GCA_009837265.1_ASM983726v1_genomic_prodigal_proteins	2126	141	60.46	13.81	26.36
GCA_902584485.1_AG-912-O23_genomic_prodigal_proteins	535	GCA_902533725.1_AG-898-C20_genomic_prodigal_proteins	421	39	81.99	12.70	9.26
GCA_902584485.1_AG-912-O23_genomic_prodigal_proteins	535	GCA_002171075.2_ASM217107v2_genomic_prodigal_proteins	1919	185	62.75	14.79	34.58
GCA_902584485.1_AG-912-O23_genomic_prodigal_proteins	535	GCA_002760395.1_ASM276039v1_genomic_prodigal_proteins	2661	119	51.64	12.25	22.24
GCA_902584485.1_AG-912-O23_genomic_prodigal_proteins	535	GCA_003209005.1_ASM320900v1_genomic_prodigal_proteins	2548	231	68.82	15.31	43.18
GCA_902584485.1_AG-912-O23_genomic_prodigal_proteins	535	GCA_002017915.1_ASM201791v1_genomic_prodigal_proteins	623	54	61.25	15.34	10.09
GCA_902584485.1_AG-912-O23_genomic_prodigal_proteins	535	GCA_900047545.1_m9_genomic_prodigal_proteins	1575	117	61.11	13.60	21.87
GCA_902584485.1_AG-912-O23_genomic_prodigal_proteins	535	GCA_001632105.1_ASM163210v1_genomic_prodigal_proteins	3521	266	69.42	14.60	49.72
GCA_902584485.1_AG-912-O23_genomic_prodigal_proteins	535	GCA_004212765.1_ASM421276v1_genomic_prodigal_proteins	1162	127	84.37	17.87	23.74
GCA_902584485.1_AG-912-O23_genomic_prodigal_proteins	535	GCA_002685515.1_ASM268551v1_genomic_prodigal_proteins	1286	71	64.33	16.30	13.27
GCA_902584485.1_AG-912-O23_genomic_prodigal_proteins	535	GCA_007828135.1_ASM782813v1_genomic_prodigal_proteins	2917	209	64.88	14.21	39.07
GCA_902584485.1_AG-912-O23_genomic_prodigal_proteins	535	GCA_011047875.1_ASM1104787v1_genomic_prodigal_proteins	2810	129	51.91	12.36	24.11
GCA_902584485.1_AG-912-O23_genomic_prodigal_proteins	535	GCA_009840445.1_ASM984044v1_genomic_prodigal_proteins	2167	157	60.00	13.73	29.35
GCA_902584485.1_AG-912-O23_genomic_prodigal_proteins	535	GCA_003210995.1_ASM321099v1_genomic_prodigal_proteins	2385	227	69.37	14.86	42.43
GCA_902584485.1_AG-912-O23_genomic_prodigal_proteins	535	GCA_902616995.1_AG-919-L20_genomic_prodigal_proteins	654	153	89.56	15.92	28.60
GCA_902584485.1_AG-912-O23_genomic_prodigal_proteins	535	GCA_009845825.1_ASM984582v1_genomic_prodigal_proteins	2168	133	59.64	13.93	24.86
GCA_902584485.1_AG-912-O23_genomic_prodigal_proteins	535	GCA_000515235.1_ASM51523v1_genomic_prodigal_proteins	2873	287	72.84	15.21	53.64
GCA_902584485.1_AG-912-O23_genomic_prodigal_proteins	535	GCA_003523965.1_ASM352396v1_genomic_prodigal_proteins	1735	103	60.43	14.54	19.25
GCA_902584485.1_AG-912-O23_genomic_prodigal_proteins	535	GCA_002684175.1_ASM268417v1_genomic_prodigal_proteins	1819	170	72.97	13.36	31.78
GCA_902584485.1_AG-912-O23_genomic_prodigal_proteins	535	GCA_011523295.1_ASM1152329v1_genomic_prodigal_proteins	2851	196	71.16	16.28	36.64
GCA_902584485.1_AG-912-O23_genomic_prodigal_proteins	535	GCA_003211015.1_ASM321101v1_genomic_prodigal_proteins	2128	220	69.44	15.01	41.12
GCA_902584485.1_AG-912-O23_genomic_prodigal_proteins	535	GCA_002006815.1_ASM200681v1_genomic_prodigal_proteins	1973	178	61.66	15.06	33.27
GCA_902635365.1_AG-447-D19_genomic_prodigal_proteins	1690	GCA_900474085.1_UW86_genomic_prodigal_proteins	2403	951	76.85	13.55	56.27
GCA_902635365.1_AG-447-D19_genomic_prodigal_proteins	1690	GCA_001885215.1_ASM188521v1_genomic_prodigal_proteins	2897	769	65.68	13.76	45.50
GCA_902635365.1_AG-447-D19_genomic_prodigal_proteins	1690	GCA_902575935.1_AG-426-B22_genomic_prodigal_proteins	254	122	77.46	15.28	48.03
GCA_902635365.1_AG-447-D19_genomic_prodigal_proteins	1690	GCA_900474295.1_UW140_genomic_prodigal_proteins	2925	924	70.88	13.97	54.67
GCA_902635365.1_AG-447-D19_genomic_prodigal_proteins	1690	GCA_003211565.1_ASM321156v1_genomic_prodigal_proteins	1489	471	75.47	13.94	31.63
GCA_902635365.1_AG-447-D19_genomic_prodigal_proteins	1690	GCA_003526105.1_ASM352610v1_genomic_prodigal_proteins	1581	487	78.79	13.26	30.80
GCA_902635365.1_AG-447-D19_genomic_prodigal_proteins	1690	GCA_002172935.1_ASM217293v1_genomic_prodigal_proteins	1996	637	69.45	14.54	37.69
GCA_902635365.1_AG-447-D19_genomic_prodigal_proteins	1690	GCA_003210335.1_ASM321033v1_genomic_prodigal_proteins	942	201	66.70	15.05	21.34
GCA_902635365.1_AG-447-D19_genomic_prodigal_proteins	1690	GCA_009846115.1_ASM984611v1_genomic_prodigal_proteins	2048	495	60.51	13.24	29.29
GCA_902635365.1_AG-447-D19_genomic_prodigal_proteins	1690	GCA_001693295.1_ASM169329v1_genomic_prodigal_proteins	3183	508	53.89	12.80	30.06
GCA_902635365.1_AG-447-D19_genomic_prodigal_proteins	1690	GCA_900473965.1_UW179A_genomic_prodigal_proteins	3383	918	69.72	14.41	54.32
GCA_902635365.1_AG-447-D19_genomic_prodigal_proteins	1690	GCA_003213755.1_ASM321375v1_genomic_prodigal_proteins	1050	302	65.40	14.86	28.76
GCA_902635365.1_AG-447-D19_genomic_prodigal_proteins	1690	GCA_003209155.1_ASM320915v1_genomic_prodigal_proteins	2305	710	69.50	14.27	42.01
GCA_902635365.1_AG-447-D19_genomic_prodigal_proteins	1690	GCA_003211515.1_ASM321151v1_genomic_prodigal_proteins	2451	704	71.97	14.92	41.66
GCA_902635365.1_AG-447-D19_genomic_prodigal_proteins	1690	GCA_002693285.1_ASM269328v1_genomic_prodigal_proteins	2440	803	69.64	14.06	47.51
GCA_902635365.1_AG-447-D19_genomic_prodigal_proteins	1690	GCA_003210555.1_ASM321055v1_genomic_prodigal_proteins	1847	552	68.45	14.55	32.66
GCA_902635365.1_AG-447-D19_genomic_prodigal_proteins	1690	GCA_000155595.1_ASM15559v1_genomic_prodigal_proteins	5270	562	52.45	12.86	33.25
GCA_902635365.1_AG-447-D19_genomic_prodigal_proteins	1690	GCA_001007665.1_ASM100766v1_genomic_prodigal_proteins	2356	576	60.51	13.23	34.08
GCA_902635365.1_AG-447-D19_genomic_prodigal_proteins	1690	GCA_009919765.1_ASM991976v1_genomic_prodigal_proteins	2524	543	66.16	14.41	32.13
GCA_902635365.1_AG-447-D19_genomic_prodigal_proteins	1690	GCA_003331225.1_ASM333122v1_genomic_prodigal_proteins	2113	689	65.88	14.58	40.77
GCA_902635365.1_AG-447-D19_genomic_prodigal_proteins	1690	GCA_900177825.1_IMG-taxon_2708742468_annotated_assembly_genomic_prodigal_proteins	3317	498	53.83	12.86	29.47
GCA_902635365.1_AG-447-D19_genomic_prodigal_proteins	1690	GCA_000195975.1_ASM19597v1_genomic_prodigal_proteins	2719	979	75.78	13.84	57.93
GCA_902635365.1_AG-447-D19_genomic_prodigal_proteins	1690	GCA_902618885.1_AG-920-D15_genomic_prodigal_proteins	1178	413	74.95	14.85	35.06
GCA_902635365.1_AG-447-D19_genomic_prodigal_proteins	1690	GCA_003209165.1_ASM320916v1_genomic_prodigal_proteins	2711	886	74.99	14.53	52.43
GCA_902635365.1_AG-447-D19_genomic_prodigal_proteins	1690	GCA_001007625.1_ASM100762v1_genomic_prodigal_proteins	2478	503	61.15	13.28	29.76
GCA_902635365.1_AG-447-D19_genomic_prodigal_proteins	1690	GCA_008386235.1_ASM838623v1_genomic_prodigal_proteins	2571	495	53.73	12.66	29.29
GCA_902635365.1_AG-447-D19_genomic_prodigal_proteins	1690	GCA_001631935.1_ASM163193v1_genomic_prodigal_proteins	3526	930	69.78	14.37	55.03
GCA_902635365.1_AG-447-D19_genomic_prodigal_proteins	1690	GCA_002151525.1_ASM215152v1_genomic_prodigal_proteins	1628	506	62.73	14.25	31.08
GCA_902635365.1_AG-447-D19_genomic_prodigal_proteins	1690	GCA_000153065.1_ASM15306v1_genomic_prodigal_proteins	2704	845	71.05	13.65	50.00
GCA_902635365.1_AG-447-D19_genomic_prodigal_proteins	1690	GCA_009837265.1_ASM983726v1_genomic_prodigal_proteins	2126	524	60.84	13.17	31.01
GCA_902635365.1_AG-447-D19_genomic_prodigal_proteins	1690	GCA_902533725.1_AG-898-C20_genomic_prodigal_proteins	421	87	70.05	15.75	20.67
GCA_902635365.1_AG-447-D19_genomic_prodigal_proteins	1690	GCA_002171075.2_ASM217107v2_genomic_prodigal_proteins	1919	567	63.45	14.91	33.55
GCA_902635365.1_AG-447-D19_genomic_prodigal_proteins	1690	GCA_002760395.1_ASM276039v1_genomic_prodigal_proteins	2661	428	53.18	12.00	25.33
GCA_902635365.1_AG-447-D19_genomic_prodigal_proteins	1690	GCA_003209005.1_ASM320900v1_genomic_prodigal_proteins	2548	797	69.47	14.45	47.16
GCA_902635365.1_AG-447-D19_genomic_prodigal_proteins	1690	GCA_002017915.1_ASM201791v1_genomic_prodigal_proteins	623	157	62.93	14.31	25.20
GCA_902635365.1_AG-447-D19_genomic_prodigal_proteins	1690	GCA_900047545.1_m9_genomic_prodigal_proteins	1575	437	60.60	13.29	27.75
GCA_902635365.1_AG-447-D19_genomic_prodigal_proteins	1690	GCA_001632105.1_ASM163210v1_genomic_prodigal_proteins	3521	943	69.80	14.53	55.80
GCA_902635365.1_AG-447-D19_genomic_prodigal_proteins	1690	GCA_004212765.1_ASM421276v1_genomic_prodigal_proteins	1162	407	75.98	14.31	35.03
GCA_902635365.1_AG-447-D19_genomic_prodigal_proteins	1690	GCA_002685515.1_ASM268551v1_genomic_prodigal_proteins	1286	428	68.06	14.72	33.28
GCA_902635365.1_AG-447-D19_genomic_prodigal_proteins	1690	GCA_007828135.1_ASM782813v1_genomic_prodigal_proteins	2917	769	65.68	13.77	45.50
GCA_902635365.1_AG-447-D19_genomic_prodigal_proteins	1690	GCA_011047875.1_ASM1104787v1_genomic_prodigal_proteins	2810	439	52.82	12.16	25.98
GCA_902635365.1_AG-447-D19_genomic_prodigal_proteins	1690	GCA_009840445.1_ASM984044v1_genomic_prodigal_proteins	2167	581	60.71	13.34	34.38
GCA_902635365.1_AG-447-D19_genomic_prodigal_proteins	1690	GCA_003210995.1_ASM321099v1_genomic_prodigal_proteins	2385	742	69.40	14.92	43.91
GCA_902635365.1_AG-447-D19_genomic_prodigal_proteins	1690	GCA_902616995.1_AG-919-L20_genomic_prodigal_proteins	654	235	73.17	14.91	35.93
GCA_902635365.1_AG-447-D19_genomic_prodigal_proteins	1690	GCA_009845825.1_ASM984582v1_genomic_prodigal_proteins	2168	490	60.83	12.77	28.99
GCA_902635365.1_AG-447-D19_genomic_prodigal_proteins	1690	GCA_000515235.1_ASM51523v1_genomic_prodigal_proteins	2873	994	73.61	14.16	58.82
GCA_902635365.1_AG-447-D19_genomic_prodigal_proteins	1690	GCA_003523965.1_ASM352396v1_genomic_prodigal_proteins	1735	369	62.20	13.19	21.83
GCA_902635365.1_AG-447-D19_genomic_prodigal_proteins	1690	GCA_002684175.1_ASM268417v1_genomic_prodigal_proteins	1819	616	73.58	13.20	36.45
GCA_902635365.1_AG-447-D19_genomic_prodigal_proteins	1690	GCA_011523295.1_ASM1152329v1_genomic_prodigal_proteins	2851	760	73.02	14.03	44.97
GCA_902635365.1_AG-447-D19_genomic_prodigal_proteins	1690	GCA_003211015.1_ASM321101v1_genomic_prodigal_proteins	2128	679	69.36	14.55	40.18
GCA_902635365.1_AG-447-D19_genomic_prodigal_proteins	1690	GCA_002006815.1_ASM200681v1_genomic_prodigal_proteins	1973	659	64.05	14.31	38.99
GCA_902575935.1_AG-426-B22_genomic_prodigal_proteins	254	GCA_900474295.1_UW140_genomic_prodigal_proteins	2925	163	74.85	13.87	64.17
GCA_902575935.1_AG-426-B22_genomic_prodigal_proteins	254	GCA_003211565.1_ASM321156v1_genomic_prodigal_proteins	1489	109	90.84	13.17	42.91
GCA_902575935.1_AG-426-B22_genomic_prodigal_proteins	254	GCA_003526105.1_ASM352610v1_genomic_prodigal_proteins	1581	115	97.12	9.11	45.28
GCA_902575935.1_AG-426-B22_genomic_prodigal_proteins	254	GCA_002172935.1_ASM217293v1_genomic_prodigal_proteins	1996	129	73.88	14.11	50.79
GCA_902575935.1_AG-426-B22_genomic_prodigal_proteins	254	GCA_003210335.1_ASM321033v1_genomic_prodigal_proteins	942	24	65.66	18.58	9.45
GCA_902575935.1_AG-426-B22_genomic_prodigal_proteins	254	GCA_009846115.1_ASM984611v1_genomic_prodigal_proteins	2048	109	63.51	15.29	42.91
GCA_902575935.1_AG-426-B22_genomic_prodigal_proteins	254	GCA_001693295.1_ASM169329v1_genomic_prodigal_proteins	3183	98	58.12	14.23	38.58
GCA_902575935.1_AG-426-B22_genomic_prodigal_proteins	254	GCA_900473965.1_UW179A_genomic_prodigal_proteins	3383	160	73.11	14.50	62.99
GCA_902575935.1_AG-426-B22_genomic_prodigal_proteins	254	GCA_003213755.1_ASM321375v1_genomic_prodigal_proteins	1050	51	64.41	17.26	20.08
GCA_902575935.1_AG-426-B22_genomic_prodigal_proteins	254	GCA_003209155.1_ASM320915v1_genomic_prodigal_proteins	2305	140	73.80	13.51	55.12
GCA_902575935.1_AG-426-B22_genomic_prodigal_proteins	254	GCA_003211515.1_ASM321151v1_genomic_prodigal_proteins	2451	89	73.51	15.47	35.04
GCA_902575935.1_AG-426-B22_genomic_prodigal_proteins	254	GCA_002693285.1_ASM269328v1_genomic_prodigal_proteins	2440	150	73.63	13.97	59.06
GCA_902575935.1_AG-426-B22_genomic_prodigal_proteins	254	GCA_003210555.1_ASM321055v1_genomic_prodigal_proteins	1847	82	68.38	14.05	32.28
GCA_902575935.1_AG-426-B22_genomic_prodigal_proteins	254	GCA_000155595.1_ASM15559v1_genomic_prodigal_proteins	5270	104	56.76	14.59	40.94
GCA_902575935.1_AG-426-B22_genomic_prodigal_proteins	254	GCA_001007665.1_ASM100766v1_genomic_prodigal_proteins	2356	116	62.72	14.52	45.67
GCA_902575935.1_AG-426-B22_genomic_prodigal_proteins	254	GCA_009919765.1_ASM991976v1_genomic_prodigal_proteins	2524	113	69.76	14.22	44.49
GCA_902575935.1_AG-426-B22_genomic_prodigal_proteins	254	GCA_003331225.1_ASM333122v1_genomic_prodigal_proteins	2113	131	69.44	14.61	51.57
GCA_902575935.1_AG-426-B22_genomic_prodigal_proteins	254	GCA_900177825.1_IMG-taxon_2708742468_annotated_assembly_genomic_prodigal_proteins	3317	96	58.12	14.32	37.80
GCA_902575935.1_AG-426-B22_genomic_prodigal_proteins	254	GCA_000195975.1_ASM19597v1_genomic_prodigal_proteins	2719	171	80.11	13.11	67.32
GCA_902575935.1_AG-426-B22_genomic_prodigal_proteins	254	GCA_902618885.1_AG-920-D15_genomic_prodigal_proteins	1178	101	79.62	15.20	39.76
GCA_902575935.1_AG-426-B22_genomic_prodigal_proteins	254	GCA_003209165.1_ASM320916v1_genomic_prodigal_proteins	2711	155	89.99	11.14	61.02
GCA_902575935.1_AG-426-B22_genomic_prodigal_proteins	254	GCA_001007625.1_ASM100762v1_genomic_prodigal_proteins	2478	109	63.51	14.39	42.91
GCA_902575935.1_AG-426-B22_genomic_prodigal_proteins	254	GCA_008386235.1_ASM838623v1_genomic_prodigal_proteins	2571	93	58.31	13.76	36.61
GCA_902575935.1_AG-426-B22_genomic_prodigal_proteins	254	GCA_001631935.1_ASM163193v1_genomic_prodigal_proteins	3526	158	73.42	14.05	62.20
GCA_902575935.1_AG-426-B22_genomic_prodigal_proteins	254	GCA_002151525.1_ASM215152v1_genomic_prodigal_proteins	1628	96	66.20	14.21	37.80
GCA_902575935.1_AG-426-B22_genomic_prodigal_proteins	254	GCA_000153065.1_ASM15306v1_genomic_prodigal_proteins	2704	143	74.41	14.05	56.30
GCA_902575935.1_AG-426-B22_genomic_prodigal_proteins	254	GCA_009837265.1_ASM983726v1_genomic_prodigal_proteins	2126	111	63.81	14.79	43.70
GCA_902575935.1_AG-426-B22_genomic_prodigal_proteins	254	GCA_902533725.1_AG-898-C20_genomic_prodigal_proteins	421	26	91.26	13.90	10.24
GCA_902575935.1_AG-426-B22_genomic_prodigal_proteins	254	GCA_002171075.2_ASM217107v2_genomic_prodigal_proteins	1919	112	67.12	15.51	44.09
GCA_902575935.1_AG-426-B22_genomic_prodigal_proteins	254	GCA_002760395.1_ASM276039v1_genomic_prodigal_proteins	2661	85	58.23	12.97	33.46
GCA_902575935.1_AG-426-B22_genomic_prodigal_proteins	254	GCA_003209005.1_ASM320900v1_genomic_prodigal_proteins	2548	113	71.91	14.65	44.49
GCA_902575935.1_AG-426-B22_genomic_prodigal_proteins	254	GCA_002017915.1_ASM201791v1_genomic_prodigal_proteins	623	46	64.32	16.10	18.11
GCA_902575935.1_AG-426-B22_genomic_prodigal_proteins	254	GCA_900047545.1_m9_genomic_prodigal_proteins	1575	94	62.47	14.02	37.01
GCA_902575935.1_AG-426-B22_genomic_prodigal_proteins	254	GCA_001632105.1_ASM163210v1_genomic_prodigal_proteins	3521	157	72.86	14.17	61.81
GCA_902575935.1_AG-426-B22_genomic_prodigal_proteins	254	GCA_004212765.1_ASM421276v1_genomic_prodigal_proteins	1162	67	78.46	15.50	26.38
GCA_902575935.1_AG-426-B22_genomic_prodigal_proteins	254	GCA_002685515.1_ASM268551v1_genomic_prodigal_proteins	1286	67	71.01	14.45	26.38
GCA_902575935.1_AG-426-B22_genomic_prodigal_proteins	254	GCA_007828135.1_ASM782813v1_genomic_prodigal_proteins	2917	136	69.17	14.51	53.54
GCA_902575935.1_AG-426-B22_genomic_prodigal_proteins	254	GCA_011047875.1_ASM1104787v1_genomic_prodigal_proteins	2810	86	58.06	13.11	33.86
GCA_902575935.1_AG-426-B22_genomic_prodigal_proteins	254	GCA_009840445.1_ASM984044v1_genomic_prodigal_proteins	2167	119	63.20	14.92	46.85
GCA_902575935.1_AG-426-B22_genomic_prodigal_proteins	254	GCA_003210995.1_ASM321099v1_genomic_prodigal_proteins	2385	139	73.65	14.52	54.72
GCA_902575935.1_AG-426-B22_genomic_prodigal_proteins	254	GCA_902616995.1_AG-919-L20_genomic_prodigal_proteins	654	65	78.35	14.34	25.59
GCA_902575935.1_AG-426-B22_genomic_prodigal_proteins	254	GCA_009845825.1_ASM984582v1_genomic_prodigal_proteins	2168	103	63.31	14.62	40.55
GCA_902575935.1_AG-426-B22_genomic_prodigal_proteins	254	GCA_000515235.1_ASM51523v1_genomic_prodigal_proteins	2873	164	77.30	14.22	64.57
GCA_902575935.1_AG-426-B22_genomic_prodigal_proteins	254	GCA_003523965.1_ASM352396v1_genomic_prodigal_proteins	1735	79	66.01	14.05	31.10
GCA_902575935.1_AG-426-B22_genomic_prodigal_proteins	254	GCA_002684175.1_ASM268417v1_genomic_prodigal_proteins	1819	126	76.39	12.53	49.61
GCA_902575935.1_AG-426-B22_genomic_prodigal_proteins	254	GCA_011523295.1_ASM1152329v1_genomic_prodigal_proteins	2851	140	77.99	13.95	55.12
GCA_902575935.1_AG-426-B22_genomic_prodigal_proteins	254	GCA_003211015.1_ASM321101v1_genomic_prodigal_proteins	2128	104	69.73	15.58	40.94
GCA_902575935.1_AG-426-B22_genomic_prodigal_proteins	254	GCA_002006815.1_ASM200681v1_genomic_prodigal_proteins	1973	125	68.49	15.18	49.21
GCA_902599435.1_AG-916-N22_genomic_prodigal_proteins	793	GCA_003149585.1_ASM314958v1_genomic_prodigal_proteins	2600	405	68.22	14.52	51.07
GCA_902599435.1_AG-916-N22_genomic_prodigal_proteins	793	GCA_902560665.1_AG-905-O11_genomic_prodigal_proteins	401	68	86.32	16.94	16.96
GCA_902599435.1_AG-916-N22_genomic_prodigal_proteins	793	GCA_003331795.1_ASM333179v1_genomic_prodigal_proteins	1948	344	67.23	15.18	43.38
GCA_902599435.1_AG-916-N22_genomic_prodigal_proteins	793	GCA_002017955.1_ASM201795v1_genomic_prodigal_proteins	512	64	62.52	11.16	12.50
GCA_902599435.1_AG-916-N22_genomic_prodigal_proteins	793	GCA_902584485.1_AG-912-O23_genomic_prodigal_proteins	535	117	82.32	20.34	21.87
GCA_902599435.1_AG-916-N22_genomic_prodigal_proteins	793	GCA_902527915.1_AG-896-G19_genomic_prodigal_proteins	1003	209	87.05	14.31	26.36
GCA_902599435.1_AG-916-N22_genomic_prodigal_proteins	793	GCA_902635365.1_AG-447-D19_genomic_prodigal_proteins	1690	323	74.79	16.01	40.73
GCA_902599435.1_AG-916-N22_genomic_prodigal_proteins	793	GCA_900474085.1_UW86_genomic_prodigal_proteins	2403	480	79.00	14.17	60.53
GCA_902599435.1_AG-916-N22_genomic_prodigal_proteins	793	GCA_001885215.1_ASM188521v1_genomic_prodigal_proteins	2897	387	67.28	13.70	48.80
GCA_902599435.1_AG-916-N22_genomic_prodigal_proteins	793	GCA_902575935.1_AG-426-B22_genomic_prodigal_proteins	254	75	80.41	15.42	29.53
GCA_902599435.1_AG-916-N22_genomic_prodigal_proteins	793	GCA_900474295.1_UW140_genomic_prodigal_proteins	2925	454	72.28	13.98	57.25
GCA_902599435.1_AG-916-N22_genomic_prodigal_proteins	793	GCA_003211565.1_ASM321156v1_genomic_prodigal_proteins	1489	278	78.72	13.85	35.06
GCA_902599435.1_AG-916-N22_genomic_prodigal_proteins	793	GCA_003526105.1_ASM352610v1_genomic_prodigal_proteins	1581	261	79.69	13.77	32.91
GCA_902599435.1_AG-916-N22_genomic_prodigal_proteins	793	GCA_002172935.1_ASM217293v1_genomic_prodigal_proteins	1996	332	71.38	14.77	41.87
GCA_902599435.1_AG-916-N22_genomic_prodigal_proteins	793	GCA_003210335.1_ASM321033v1_genomic_prodigal_proteins	942	96	68.32	15.48	12.11
GCA_902599435.1_AG-916-N22_genomic_prodigal_proteins	793	GCA_009846115.1_ASM984611v1_genomic_prodigal_proteins	2048	263	62.67	12.91	33.17
GCA_902599435.1_AG-916-N22_genomic_prodigal_proteins	793	GCA_001693295.1_ASM169329v1_genomic_prodigal_proteins	3183	270	55.15	12.91	34.05
GCA_902599435.1_AG-916-N22_genomic_prodigal_proteins	793	GCA_900473965.1_UW179A_genomic_prodigal_proteins	3383	450	71.43	14.28	56.75
GCA_902599435.1_AG-916-N22_genomic_prodigal_proteins	793	GCA_003213755.1_ASM321375v1_genomic_prodigal_proteins	1050	182	67.51	15.01	22.95
GCA_902599435.1_AG-916-N22_genomic_prodigal_proteins	793	GCA_003209155.1_ASM320915v1_genomic_prodigal_proteins	2305	351	70.94	14.68	44.26
GCA_902599435.1_AG-916-N22_genomic_prodigal_proteins	793	GCA_003211515.1_ASM321151v1_genomic_prodigal_proteins	2451	373	73.98	14.27	47.04
GCA_902599435.1_AG-916-N22_genomic_prodigal_proteins	793	GCA_002693285.1_ASM269328v1_genomic_prodigal_proteins	2440	414	72.63	14.11	52.21
GCA_902599435.1_AG-916-N22_genomic_prodigal_proteins	793	GCA_003210555.1_ASM321055v1_genomic_prodigal_proteins	1847	257	69.39	15.18	32.41
GCA_902599435.1_AG-916-N22_genomic_prodigal_proteins	793	GCA_000155595.1_ASM15559v1_genomic_prodigal_proteins	5270	286	54.44	13.07	36.07
GCA_902599435.1_AG-916-N22_genomic_prodigal_proteins	793	GCA_001007665.1_ASM100766v1_genomic_prodigal_proteins	2356	287	61.74	13.11	36.19
GCA_902599435.1_AG-916-N22_genomic_prodigal_proteins	793	GCA_009919765.1_ASM991976v1_genomic_prodigal_proteins	2524	302	67.26	14.98	38.08
GCA_902599435.1_AG-916-N22_genomic_prodigal_proteins	793	GCA_003331225.1_ASM333122v1_genomic_prodigal_proteins	2113	356	67.42	14.63	44.89
GCA_902599435.1_AG-916-N22_genomic_prodigal_proteins	793	GCA_900177825.1_IMG-taxon_2708742468_annotated_assembly_genomic_prodigal_proteins	3317	264	55.29	12.95	33.29
GCA_902599435.1_AG-916-N22_genomic_prodigal_proteins	793	GCA_000195975.1_ASM19597v1_genomic_prodigal_proteins	2719	561	90.28	9.95	70.74
GCA_902599435.1_AG-916-N22_genomic_prodigal_proteins	793	GCA_902618885.1_AG-920-D15_genomic_prodigal_proteins	1178	234	90.08	11.90	29.51
GCA_902599435.1_AG-916-N22_genomic_prodigal_proteins	793	GCA_003209165.1_ASM320916v1_genomic_prodigal_proteins	2711	436	77.87	14.70	54.98
GCA_902599435.1_AG-916-N22_genomic_prodigal_proteins	793	GCA_001007625.1_ASM100762v1_genomic_prodigal_proteins	2478	267	62.59	12.71	33.67
GCA_902599435.1_AG-916-N22_genomic_prodigal_proteins	793	GCA_008386235.1_ASM838623v1_genomic_prodigal_proteins	2571	254	56.02	12.18	32.03
GCA_902599435.1_AG-916-N22_genomic_prodigal_proteins	793	GCA_001631935.1_ASM163193v1_genomic_prodigal_proteins	3526	443	71.83	14.09	55.86
GCA_902599435.1_AG-916-N22_genomic_prodigal_proteins	793	GCA_002151525.1_ASM215152v1_genomic_prodigal_proteins	1628	271	63.85	14.53	34.17
GCA_902599435.1_AG-916-N22_genomic_prodigal_proteins	793	GCA_000153065.1_ASM15306v1_genomic_prodigal_proteins	2704	416	73.00	14.22	52.46
GCA_902599435.1_AG-916-N22_genomic_prodigal_proteins	793	GCA_009837265.1_ASM983726v1_genomic_prodigal_proteins	2126	273	62.73	13.00	34.43
GCA_902599435.1_AG-916-N22_genomic_prodigal_proteins	793	GCA_902533725.1_AG-898-C20_genomic_prodigal_proteins	421	55	77.63	16.18	13.06
GCA_902599435.1_AG-916-N22_genomic_prodigal_proteins	793	GCA_002171075.2_ASM217107v2_genomic_prodigal_proteins	1919	314	65.73	14.57	39.60
GCA_902599435.1_AG-916-N22_genomic_prodigal_proteins	793	GCA_002760395.1_ASM276039v1_genomic_prodigal_proteins	2661	232	54.43	11.98	29.26
GCA_902599435.1_AG-916-N22_genomic_prodigal_proteins	793	GCA_003209005.1_ASM320900v1_genomic_prodigal_proteins	2548	394	72.05	14.36	49.68
GCA_902599435.1_AG-916-N22_genomic_prodigal_proteins	793	GCA_002017915.1_ASM201791v1_genomic_prodigal_proteins	623	118	64.17	13.01	18.94
GCA_902599435.1_AG-916-N22_genomic_prodigal_proteins	793	GCA_900047545.1_m9_genomic_prodigal_proteins	1575	234	62.85	12.87	29.51
GCA_902599435.1_AG-916-N22_genomic_prodigal_proteins	793	GCA_001632105.1_ASM163210v1_genomic_prodigal_proteins	3521	447	71.72	13.97	56.37
GCA_902599435.1_AG-916-N22_genomic_prodigal_proteins	793	GCA_004212765.1_ASM421276v1_genomic_prodigal_proteins	1162	283	97.48	9.41	35.69
GCA_902599435.1_AG-916-N22_genomic_prodigal_proteins	793	GCA_002685515.1_ASM268551v1_genomic_prodigal_proteins	1286	189	71.52	13.54	23.83
GCA_902599435.1_AG-916-N22_genomic_prodigal_proteins	793	GCA_007828135.1_ASM782813v1_genomic_prodigal_proteins	2917	388	67.35	13.76	48.93
GCA_902599435.1_AG-916-N22_genomic_prodigal_proteins	793	GCA_011047875.1_ASM1104787v1_genomic_prodigal_proteins	2810	241	54.39	11.83	30.39
GCA_902599435.1_AG-916-N22_genomic_prodigal_proteins	793	GCA_009840445.1_ASM984044v1_genomic_prodigal_proteins	2167	287	62.65	12.62	36.19
GCA_902599435.1_AG-916-N22_genomic_prodigal_proteins	793	GCA_003210995.1_ASM321099v1_genomic_prodigal_proteins	2385	316	70.53	15.78	39.85
GCA_902599435.1_AG-916-N22_genomic_prodigal_proteins	793	GCA_902616995.1_AG-919-L20_genomic_prodigal_proteins	654	105	86.44	18.31	16.06
GCA_902599435.1_AG-916-N22_genomic_prodigal_proteins	793	GCA_009845825.1_ASM984582v1_genomic_prodigal_proteins	2168	256	62.72	12.68	32.28
GCA_902599435.1_AG-916-N22_genomic_prodigal_proteins	793	GCA_000515235.1_ASM51523v1_genomic_prodigal_proteins	2873	518	75.46	13.96	65.32
GCA_902599435.1_AG-916-N22_genomic_prodigal_proteins	793	GCA_003523965.1_ASM352396v1_genomic_prodigal_proteins	1735	202	62.37	13.29	25.47
GCA_902599435.1_AG-916-N22_genomic_prodigal_proteins	793	GCA_002684175.1_ASM268417v1_genomic_prodigal_proteins	1819	286	75.77	13.22	36.07
GCA_902599435.1_AG-916-N22_genomic_prodigal_proteins	793	GCA_011523295.1_ASM1152329v1_genomic_prodigal_proteins	2851	379	75.35	14.12	47.79
GCA_902599435.1_AG-916-N22_genomic_prodigal_proteins	793	GCA_003211015.1_ASM321101v1_genomic_prodigal_proteins	2128	310	71.30	14.58	39.09
GCA_902599435.1_AG-916-N22_genomic_prodigal_proteins	793	GCA_002006815.1_ASM200681v1_genomic_prodigal_proteins	1973	326	64.74	15.26	41.11
GCA_011365345.1_ASM1136534v1_genomic_prodigal_proteins	2655	GCA_001039265.1_ASM103926v1_genomic_prodigal_proteins	2832	1117	68.10	13.92	42.07
GCA_011365345.1_ASM1136534v1_genomic_prodigal_proteins	2655	GCA_001628325.1_ASM162832v1_genomic_prodigal_proteins	2129	1858	90.71	7.57	87.27
GCA_011365345.1_ASM1136534v1_genomic_prodigal_proteins	2655	GCA_003209215.1_ASM320921v1_genomic_prodigal_proteins	1679	1073	88.70	9.01	63.91
GCA_011365345.1_ASM1136534v1_genomic_prodigal_proteins	2655	GCA_002737305.1_ASM273730v1_genomic_prodigal_proteins	1951	1218	67.18	13.78	62.43
GCA_011365345.1_ASM1136534v1_genomic_prodigal_proteins	2655	GCA_003210515.1_ASM321051v1_genomic_prodigal_proteins	1673	1168	75.89	13.27	69.81
GCA_011365345.1_ASM1136534v1_genomic_prodigal_proteins	2655	GCA_011525445.1_ASM1152544v1_genomic_prodigal_proteins	3208	1541	70.09	13.92	58.04
GCA_011365345.1_ASM1136534v1_genomic_prodigal_proteins	2655	GCA_902599435.1_AG-916-N22_genomic_prodigal_proteins	793	499	79.52	13.40	62.93
GCA_011365345.1_ASM1136534v1_genomic_prodigal_proteins	2655	GCA_003149585.1_ASM314958v1_genomic_prodigal_proteins	2600	1694	67.09	13.98	65.15
GCA_011365345.1_ASM1136534v1_genomic_prodigal_proteins	2655	GCA_902560665.1_AG-905-O11_genomic_prodigal_proteins	401	216	78.62	13.60	53.87
GCA_011365345.1_ASM1136534v1_genomic_prodigal_proteins	2655	GCA_003331795.1_ASM333179v1_genomic_prodigal_proteins	1948	1346	66.05	14.41	69.10
GCA_011365345.1_ASM1136534v1_genomic_prodigal_proteins	2655	GCA_002017955.1_ASM201795v1_genomic_prodigal_proteins	512	258	61.62	12.58	50.39
GCA_011365345.1_ASM1136534v1_genomic_prodigal_proteins	2655	GCA_902584485.1_AG-912-O23_genomic_prodigal_proteins	535	273	78.13	13.36	51.03
GCA_011365345.1_ASM1136534v1_genomic_prodigal_proteins	2655	GCA_902527915.1_AG-896-G19_genomic_prodigal_proteins	1003	668	77.38	13.95	66.60
GCA_011365345.1_ASM1136534v1_genomic_prodigal_proteins	2655	GCA_902635365.1_AG-447-D19_genomic_prodigal_proteins	1690	1011	76.24	13.61	59.82
GCA_011365345.1_ASM1136534v1_genomic_prodigal_proteins	2655	GCA_900474085.1_UW86_genomic_prodigal_proteins	2403	2061	89.92	8.47	85.77
GCA_011365345.1_ASM1136534v1_genomic_prodigal_proteins	2655	GCA_001885215.1_ASM188521v1_genomic_prodigal_proteins	2897	1619	65.93	13.34	60.98
GCA_011365345.1_ASM1136534v1_genomic_prodigal_proteins	2655	GCA_902575935.1_AG-426-B22_genomic_prodigal_proteins	254	175	88.92	11.28	68.90
GCA_011365345.1_ASM1136534v1_genomic_prodigal_proteins	2655	GCA_900474295.1_UW140_genomic_prodigal_proteins	2925	1890	70.99	14.05	71.19
GCA_011365345.1_ASM1136534v1_genomic_prodigal_proteins	2655	GCA_003211565.1_ASM321156v1_genomic_prodigal_proteins	1489	990	88.66	9.14	66.49
GCA_011365345.1_ASM1136534v1_genomic_prodigal_proteins	2655	GCA_003526105.1_ASM352610v1_genomic_prodigal_proteins	1581	1097	90.64	8.17	69.39
GCA_011365345.1_ASM1136534v1_genomic_prodigal_proteins	2655	GCA_002172935.1_ASM217293v1_genomic_prodigal_proteins	1996	1409	70.20	13.96	70.59
GCA_011365345.1_ASM1136534v1_genomic_prodigal_proteins	2655	GCA_003210335.1_ASM321033v1_genomic_prodigal_proteins	942	394	67.49	14.41	41.83
GCA_011365345.1_ASM1136534v1_genomic_prodigal_proteins	2655	GCA_009846115.1_ASM984611v1_genomic_prodigal_proteins	2048	1044	61.10	12.86	50.98
GCA_011365345.1_ASM1136534v1_genomic_prodigal_proteins	2655	GCA_001693295.1_ASM169329v1_genomic_prodigal_proteins	3183	1061	53.64	12.81	39.96
GCA_011365345.1_ASM1136534v1_genomic_prodigal_proteins	2655	GCA_900473965.1_UW179A_genomic_prodigal_proteins	3383	1900	70.52	14.04	71.56
GCA_011365345.1_ASM1136534v1_genomic_prodigal_proteins	2655	GCA_003213755.1_ASM321375v1_genomic_prodigal_proteins	1050	594	66.00	14.59	56.57
GCA_011365345.1_ASM1136534v1_genomic_prodigal_proteins	2655	GCA_003209155.1_ASM320915v1_genomic_prodigal_proteins	2305	1433	70.58	13.99	62.17
GCA_011365345.1_ASM1136534v1_genomic_prodigal_proteins	2655	GCA_003211515.1_ASM321151v1_genomic_prodigal_proteins	2451	1324	74.31	13.96	54.02
GCA_011365345.1_ASM1136534v1_genomic_prodigal_proteins	2655	GCA_002693285.1_ASM269328v1_genomic_prodigal_proteins	2440	1653	70.87	13.89	67.75
GCA_011365345.1_ASM1136534v1_genomic_prodigal_proteins	2655	GCA_003210555.1_ASM321055v1_genomic_prodigal_proteins	1847	1071	69.38	13.72	57.99
GCA_011365345.1_ASM1136534v1_genomic_prodigal_proteins	2655	GCA_000155595.1_ASM15559v1_genomic_prodigal_proteins	5270	1117	53.10	12.63	42.07
GCA_011365345.1_ASM1136534v1_genomic_prodigal_proteins	2655	GCA_001007665.1_ASM100766v1_genomic_prodigal_proteins	2356	1202	60.82	12.90	51.02
GCA_011365345.1_ASM1136534v1_genomic_prodigal_proteins	2655	GCA_009919765.1_ASM991976v1_genomic_prodigal_proteins	2524	1139	66.35	14.52	45.13
GCA_011365345.1_ASM1136534v1_genomic_prodigal_proteins	2655	GCA_003331225.1_ASM333122v1_genomic_prodigal_proteins	2113	1468	65.90	14.15	69.47
GCA_011365345.1_ASM1136534v1_genomic_prodigal_proteins	2655	GCA_900177825.1_IMG-taxon_2708742468_annotated_assembly_genomic_prodigal_proteins	3317	1051	53.67	12.83	39.59
GCA_011365345.1_ASM1136534v1_genomic_prodigal_proteins	2655	GCA_000195975.1_ASM19597v1_genomic_prodigal_proteins	2719	1984	78.33	13.10	74.73
GCA_011365345.1_ASM1136534v1_genomic_prodigal_proteins	2655	GCA_902618885.1_AG-920-D15_genomic_prodigal_proteins	1178	795	78.22	13.67	67.49
GCA_011365345.1_ASM1136534v1_genomic_prodigal_proteins	2655	GCA_003209165.1_ASM320916v1_genomic_prodigal_proteins	2711	1812	88.95	8.86	68.25
GCA_011365345.1_ASM1136534v1_genomic_prodigal_proteins	2655	GCA_001007625.1_ASM100762v1_genomic_prodigal_proteins	2478	1047	61.40	12.89	42.25
GCA_011365345.1_ASM1136534v1_genomic_prodigal_proteins	2655	GCA_008386235.1_ASM838623v1_genomic_prodigal_proteins	2571	1014	53.84	12.46	39.44
GCA_011365345.1_ASM1136534v1_genomic_prodigal_proteins	2655	GCA_001631935.1_ASM163193v1_genomic_prodigal_proteins	3526	1887	70.46	14.19	71.07
GCA_011365345.1_ASM1136534v1_genomic_prodigal_proteins	2655	GCA_002151525.1_ASM215152v1_genomic_prodigal_proteins	1628	1098	64.24	14.00	67.44
GCA_011365345.1_ASM1136534v1_genomic_prodigal_proteins	2655	GCA_000153065.1_ASM15306v1_genomic_prodigal_proteins	2704	1760	71.71	13.58	66.29
GCA_011365345.1_ASM1136534v1_genomic_prodigal_proteins	2655	GCA_009837265.1_ASM983726v1_genomic_prodigal_proteins	2126	1105	61.29	12.77	51.98
GCA_011365345.1_ASM1136534v1_genomic_prodigal_proteins	2655	GCA_902533725.1_AG-898-C20_genomic_prodigal_proteins	421	222	85.50	12.15	52.73
GCA_011365345.1_ASM1136534v1_genomic_prodigal_proteins	2655	GCA_002171075.2_ASM217107v2_genomic_prodigal_proteins	1919	1246	64.24	13.66	64.93
GCA_011365345.1_ASM1136534v1_genomic_prodigal_proteins	2655	GCA_002760395.1_ASM276039v1_genomic_prodigal_proteins	2661	899	53.07	11.80	33.86
GCA_011365345.1_ASM1136534v1_genomic_prodigal_proteins	2655	GCA_003209005.1_ASM320900v1_genomic_prodigal_proteins	2548	1574	70.42	13.98	61.77
GCA_011365345.1_ASM1136534v1_genomic_prodigal_proteins	2655	GCA_002017915.1_ASM201791v1_genomic_prodigal_proteins	623	323	63.72	13.32	51.85
GCA_011365345.1_ASM1136534v1_genomic_prodigal_proteins	2655	GCA_900047545.1_m9_genomic_prodigal_proteins	1575	924	61.14	12.73	58.67
GCA_011365345.1_ASM1136534v1_genomic_prodigal_proteins	2655	GCA_001632105.1_ASM163210v1_genomic_prodigal_proteins	3521	1897	70.46	14.15	71.45
GCA_011365345.1_ASM1136534v1_genomic_prodigal_proteins	2655	GCA_004212765.1_ASM421276v1_genomic_prodigal_proteins	1162	917	77.52	13.18	78.92
GCA_011365345.1_ASM1136534v1_genomic_prodigal_proteins	2655	GCA_002685515.1_ASM268551v1_genomic_prodigal_proteins	1286	940	69.92	13.63	73.09
GCA_011365345.1_ASM1136534v1_genomic_prodigal_proteins	2655	GCA_007828135.1_ASM782813v1_genomic_prodigal_proteins	2917	1620	65.95	13.36	61.02
GCA_011365345.1_ASM1136534v1_genomic_prodigal_proteins	2655	GCA_011047875.1_ASM1104787v1_genomic_prodigal_proteins	2810	918	53.04	11.94	34.58
GCA_011365345.1_ASM1136534v1_genomic_prodigal_proteins	2655	GCA_009840445.1_ASM984044v1_genomic_prodigal_proteins	2167	1210	61.17	12.86	55.84
GCA_011365345.1_ASM1136534v1_genomic_prodigal_proteins	2655	GCA_003210995.1_ASM321099v1_genomic_prodigal_proteins	2385	1392	70.58	14.26	58.36
GCA_011365345.1_ASM1136534v1_genomic_prodigal_proteins	2655	GCA_902616995.1_AG-919-L20_genomic_prodigal_proteins	654	402	78.16	13.07	61.47
GCA_011365345.1_ASM1136534v1_genomic_prodigal_proteins	2655	GCA_009845825.1_ASM984582v1_genomic_prodigal_proteins	2168	1024	61.40	12.72	47.23
GCA_011365345.1_ASM1136534v1_genomic_prodigal_proteins	2655	GCA_000515235.1_ASM51523v1_genomic_prodigal_proteins	2873	2004	75.27	13.49	75.48
GCA_011365345.1_ASM1136534v1_genomic_prodigal_proteins	2655	GCA_003523965.1_ASM352396v1_genomic_prodigal_proteins	1735	779	62.42	13.13	44.90
GCA_011365345.1_ASM1136534v1_genomic_prodigal_proteins	2655	GCA_002684175.1_ASM268417v1_genomic_prodigal_proteins	1819	1193	75.41	12.05	65.59
GCA_011365345.1_ASM1136534v1_genomic_prodigal_proteins	2655	GCA_011523295.1_ASM1152329v1_genomic_prodigal_proteins	2851	1563	76.20	13.46	58.87
GCA_011365345.1_ASM1136534v1_genomic_prodigal_proteins	2655	GCA_003211015.1_ASM321101v1_genomic_prodigal_proteins	2128	1366	70.60	14.01	64.19
GCA_011365345.1_ASM1136534v1_genomic_prodigal_proteins	2655	GCA_002006815.1_ASM200681v1_genomic_prodigal_proteins	1973	1370	64.32	13.93	69.44
GCA_902560665.1_AG-905-O11_genomic_prodigal_proteins	401	GCA_003331795.1_ASM333179v1_genomic_prodigal_proteins	1948	131	65.52	15.72	32.67
GCA_902560665.1_AG-905-O11_genomic_prodigal_proteins	401	GCA_002017955.1_ASM201795v1_genomic_prodigal_proteins	512	33	65.29	12.95	8.23
GCA_902560665.1_AG-905-O11_genomic_prodigal_proteins	401	GCA_902584485.1_AG-912-O23_genomic_prodigal_proteins	535	46	85.85	19.26	11.47
GCA_902560665.1_AG-905-O11_genomic_prodigal_proteins	401	GCA_902527915.1_AG-896-G19_genomic_prodigal_proteins	1003	148	94.68	10.79	36.91
GCA_902560665.1_AG-905-O11_genomic_prodigal_proteins	401	GCA_902635365.1_AG-447-D19_genomic_prodigal_proteins	1690	140	73.52	14.89	34.91
GCA_902560665.1_AG-905-O11_genomic_prodigal_proteins	401	GCA_900474085.1_UW86_genomic_prodigal_proteins	2403	215	78.92	13.64	53.62
GCA_902560665.1_AG-905-O11_genomic_prodigal_proteins	401	GCA_001885215.1_ASM188521v1_genomic_prodigal_proteins	2897	164	66.90	13.93	40.90
GCA_902560665.1_AG-905-O11_genomic_prodigal_proteins	401	GCA_902575935.1_AG-426-B22_genomic_prodigal_proteins	254	32	77.90	17.11	12.60
GCA_902560665.1_AG-905-O11_genomic_prodigal_proteins	401	GCA_900474295.1_UW140_genomic_prodigal_proteins	2925	193	71.76	14.80	48.13
GCA_902560665.1_AG-905-O11_genomic_prodigal_proteins	401	GCA_003211565.1_ASM321156v1_genomic_prodigal_proteins	1489	82	75.54	14.84	20.45
GCA_902560665.1_AG-905-O11_genomic_prodigal_proteins	401	GCA_003526105.1_ASM352610v1_genomic_prodigal_proteins	1581	90	77.67	13.85	22.44
GCA_902560665.1_AG-905-O11_genomic_prodigal_proteins	401	GCA_002172935.1_ASM217293v1_genomic_prodigal_proteins	1996	125	70.26	15.09	31.17
GCA_902560665.1_AG-905-O11_genomic_prodigal_proteins	401	GCA_003210335.1_ASM321033v1_genomic_prodigal_proteins	942	72	67.44	16.54	17.96
GCA_902560665.1_AG-905-O11_genomic_prodigal_proteins	401	GCA_009846115.1_ASM984611v1_genomic_prodigal_proteins	2048	109	59.95	13.68	27.18
GCA_902560665.1_AG-905-O11_genomic_prodigal_proteins	401	GCA_001693295.1_ASM169329v1_genomic_prodigal_proteins	3183	95	55.77	13.71	23.69
GCA_902560665.1_AG-905-O11_genomic_prodigal_proteins	401	GCA_900473965.1_UW179A_genomic_prodigal_proteins	3383	192	70.40	15.04	47.88
GCA_902560665.1_AG-905-O11_genomic_prodigal_proteins	401	GCA_003213755.1_ASM321375v1_genomic_prodigal_proteins	1050	131	66.06	15.18	32.67
GCA_902560665.1_AG-905-O11_genomic_prodigal_proteins	401	GCA_003209155.1_ASM320915v1_genomic_prodigal_proteins	2305	150	68.22	15.40	37.41
GCA_902560665.1_AG-905-O11_genomic_prodigal_proteins	401	GCA_003211515.1_ASM321151v1_genomic_prodigal_proteins	2451	169	75.13	15.23	42.14
GCA_902560665.1_AG-905-O11_genomic_prodigal_proteins	401	GCA_002693285.1_ASM269328v1_genomic_prodigal_proteins	2440	140	69.56	14.69	34.91
GCA_902560665.1_AG-905-O11_genomic_prodigal_proteins	401	GCA_003210555.1_ASM321055v1_genomic_prodigal_proteins	1847	116	70.59	15.39	28.93
GCA_902560665.1_AG-905-O11_genomic_prodigal_proteins	401	GCA_000155595.1_ASM15559v1_genomic_prodigal_proteins	5270	111	53.28	14.08	27.68
GCA_902560665.1_AG-905-O11_genomic_prodigal_proteins	401	GCA_001007665.1_ASM100766v1_genomic_prodigal_proteins	2356	117	60.48	14.06	29.18
GCA_902560665.1_AG-905-O11_genomic_prodigal_proteins	401	GCA_009919765.1_ASM991976v1_genomic_prodigal_proteins	2524	105	66.83	15.83	26.18
GCA_902560665.1_AG-905-O11_genomic_prodigal_proteins	401	GCA_003331225.1_ASM333122v1_genomic_prodigal_proteins	2113	137	67.33	14.58	34.16
GCA_902560665.1_AG-905-O11_genomic_prodigal_proteins	401	GCA_900177825.1_IMG-taxon_2708742468_annotated_assembly_genomic_prodigal_proteins	3317	96	55.41	13.82	23.94
GCA_902560665.1_AG-905-O11_genomic_prodigal_proteins	401	GCA_000195975.1_ASM19597v1_genomic_prodigal_proteins	2719	260	94.25	8.36	64.84
GCA_902560665.1_AG-905-O11_genomic_prodigal_proteins	401	GCA_902618885.1_AG-920-D15_genomic_prodigal_proteins	1178	136	92.59	12.75	33.92
GCA_902560665.1_AG-905-O11_genomic_prodigal_proteins	401	GCA_003209165.1_ASM320916v1_genomic_prodigal_proteins	2711	216	76.23	14.57	53.87
GCA_902560665.1_AG-905-O11_genomic_prodigal_proteins	401	GCA_001007625.1_ASM100762v1_genomic_prodigal_proteins	2478	101	60.62	13.85	25.19
GCA_902560665.1_AG-905-O11_genomic_prodigal_proteins	401	GCA_008386235.1_ASM838623v1_genomic_prodigal_proteins	2571	91	54.18	14.49	22.69
GCA_902560665.1_AG-905-O11_genomic_prodigal_proteins	401	GCA_001631935.1_ASM163193v1_genomic_prodigal_proteins	3526	194	70.29	15.39	48.38
GCA_902560665.1_AG-905-O11_genomic_prodigal_proteins	401	GCA_002151525.1_ASM215152v1_genomic_prodigal_proteins	1628	107	64.77	15.53	26.68
GCA_902560665.1_AG-905-O11_genomic_prodigal_proteins	401	GCA_000153065.1_ASM15306v1_genomic_prodigal_proteins	2704	168	71.76	14.66	41.90
GCA_902560665.1_AG-905-O11_genomic_prodigal_proteins	401	GCA_009837265.1_ASM983726v1_genomic_prodigal_proteins	2126	118	59.58	13.29	29.43
GCA_902560665.1_AG-905-O11_genomic_prodigal_proteins	401	GCA_902533725.1_AG-898-C20_genomic_prodigal_proteins	421	24	70.85	13.96	5.99
GCA_902560665.1_AG-905-O11_genomic_prodigal_proteins	401	GCA_002171075.2_ASM217107v2_genomic_prodigal_proteins	1919	123	66.20	14.55	30.67
GCA_902560665.1_AG-905-O11_genomic_prodigal_proteins	401	GCA_002760395.1_ASM276039v1_genomic_prodigal_proteins	2661	81	53.88	13.87	20.20
GCA_902560665.1_AG-905-O11_genomic_prodigal_proteins	401	GCA_003209005.1_ASM320900v1_genomic_prodigal_proteins	2548	154	69.97	15.16	38.40
GCA_902560665.1_AG-905-O11_genomic_prodigal_proteins	401	GCA_002017915.1_ASM201791v1_genomic_prodigal_proteins	623	47	63.09	14.63	11.72
GCA_902560665.1_AG-905-O11_genomic_prodigal_proteins	401	GCA_900047545.1_m9_genomic_prodigal_proteins	1575	87	61.05	13.18	21.70
GCA_902560665.1_AG-905-O11_genomic_prodigal_proteins	401	GCA_001632105.1_ASM163210v1_genomic_prodigal_proteins	3521	195	70.25	15.15	48.63
GCA_902560665.1_AG-905-O11_genomic_prodigal_proteins	401	GCA_004212765.1_ASM421276v1_genomic_prodigal_proteins	1162	95	86.94	13.05	23.69
GCA_902560665.1_AG-905-O11_genomic_prodigal_proteins	401	GCA_002685515.1_ASM268551v1_genomic_prodigal_proteins	1286	78	66.37	13.85	19.45
GCA_902560665.1_AG-905-O11_genomic_prodigal_proteins	401	GCA_007828135.1_ASM782813v1_genomic_prodigal_proteins	2917	166	67.28	14.17	41.40
GCA_902560665.1_AG-905-O11_genomic_prodigal_proteins	401	GCA_011047875.1_ASM1104787v1_genomic_prodigal_proteins	2810	86	53.47	13.63	21.45
GCA_902560665.1_AG-905-O11_genomic_prodigal_proteins	401	GCA_009840445.1_ASM984044v1_genomic_prodigal_proteins	2167	123	60.83	13.68	30.67
GCA_902560665.1_AG-905-O11_genomic_prodigal_proteins	401	GCA_003210995.1_ASM321099v1_genomic_prodigal_proteins	2385	166	70.77	16.02	41.40
GCA_902560665.1_AG-905-O11_genomic_prodigal_proteins	401	GCA_902616995.1_AG-919-L20_genomic_prodigal_proteins	654	92	93.36	12.13	22.94
GCA_902560665.1_AG-905-O11_genomic_prodigal_proteins	401	GCA_009845825.1_ASM984582v1_genomic_prodigal_proteins	2168	109	60.37	13.04	27.18
GCA_902560665.1_AG-905-O11_genomic_prodigal_proteins	401	GCA_000515235.1_ASM51523v1_genomic_prodigal_proteins	2873	216	74.41	14.91	53.87
GCA_902560665.1_AG-905-O11_genomic_prodigal_proteins	401	GCA_003523965.1_ASM352396v1_genomic_prodigal_proteins	1735	82	62.01	14.07	20.45
GCA_902560665.1_AG-905-O11_genomic_prodigal_proteins	401	GCA_002684175.1_ASM268417v1_genomic_prodigal_proteins	1819	107	73.58	14.81	26.68
GCA_902560665.1_AG-905-O11_genomic_prodigal_proteins	401	GCA_011523295.1_ASM1152329v1_genomic_prodigal_proteins	2851	152	71.95	14.92	37.91
GCA_902560665.1_AG-905-O11_genomic_prodigal_proteins	401	GCA_003211015.1_ASM321101v1_genomic_prodigal_proteins	2128	134	71.08	14.74	33.42
GCA_902560665.1_AG-905-O11_genomic_prodigal_proteins	401	GCA_002006815.1_ASM200681v1_genomic_prodigal_proteins	1973	148	64.98	14.78	36.91
GCA_003712085.1_ASM371208v1_genomic_prodigal_proteins	2745	GCA_003212155.1_ASM321215v1_genomic_prodigal_proteins	262	119	66.44	16.65	45.42
GCA_003712085.1_ASM371208v1_genomic_prodigal_proteins	2745	GCA_001040845.1_ASM104084v1_genomic_prodigal_proteins	2917	1801	70.82	13.48	65.61
GCA_003712085.1_ASM371208v1_genomic_prodigal_proteins	2745	GCA_002018015.1_ASM201801v1_genomic_prodigal_proteins	1578	900	62.04	12.68	57.03
GCA_003712085.1_ASM371208v1_genomic_prodigal_proteins	2745	GCA_003211255.1_ASM321125v1_genomic_prodigal_proteins	1850	1169	76.91	13.18	63.19
GCA_003712085.1_ASM371208v1_genomic_prodigal_proteins	2745	GCA_002721235.1_ASM272123v1_genomic_prodigal_proteins	3119	1100	53.29	12.78	40.07
GCA_003712085.1_ASM371208v1_genomic_prodigal_proteins	2745	GCA_009839305.1_ASM983930v1_genomic_prodigal_proteins	1816	899	61.58	13.06	49.50
GCA_003712085.1_ASM371208v1_genomic_prodigal_proteins	2745	GCA_011365345.1_ASM1136534v1_genomic_prodigal_proteins	2655	1995	78.33	13.16	75.14
GCA_003712085.1_ASM371208v1_genomic_prodigal_proteins	2745	GCA_001039265.1_ASM103926v1_genomic_prodigal_proteins	2832	1128	68.39	13.82	41.09
GCA_003712085.1_ASM371208v1_genomic_prodigal_proteins	2745	GCA_001628325.1_ASM162832v1_genomic_prodigal_proteins	2129	1726	79.03	12.71	81.07
GCA_003712085.1_ASM371208v1_genomic_prodigal_proteins	2745	GCA_003209215.1_ASM320921v1_genomic_prodigal_proteins	1679	1034	78.02	13.02	61.58
GCA_003712085.1_ASM371208v1_genomic_prodigal_proteins	2745	GCA_002737305.1_ASM273730v1_genomic_prodigal_proteins	1951	1230	67.61	13.69	63.04
GCA_003712085.1_ASM371208v1_genomic_prodigal_proteins	2745	GCA_003210515.1_ASM321051v1_genomic_prodigal_proteins	1673	1105	75.68	12.98	66.05
GCA_003712085.1_ASM371208v1_genomic_prodigal_proteins	2745	GCA_011525445.1_ASM1152544v1_genomic_prodigal_proteins	3208	1511	69.85	13.74	55.05
GCA_003712085.1_ASM371208v1_genomic_prodigal_proteins	2745	GCA_902599435.1_AG-916-N22_genomic_prodigal_proteins	793	546	89.92	10.42	68.85
GCA_003712085.1_ASM371208v1_genomic_prodigal_proteins	2745	GCA_003149585.1_ASM314958v1_genomic_prodigal_proteins	2600	1682	67.49	13.74	64.69
GCA_003712085.1_ASM371208v1_genomic_prodigal_proteins	2745	GCA_902560665.1_AG-905-O11_genomic_prodigal_proteins	401	255	93.83	8.40	63.59
GCA_003712085.1_ASM371208v1_genomic_prodigal_proteins	2745	GCA_003331795.1_ASM333179v1_genomic_prodigal_proteins	1948	1341	66.20	14.31	68.84
GCA_003712085.1_ASM371208v1_genomic_prodigal_proteins	2745	GCA_002017955.1_ASM201795v1_genomic_prodigal_proteins	512	263	61.90	12.32	51.37
GCA_003712085.1_ASM371208v1_genomic_prodigal_proteins	2745	GCA_902584485.1_AG-912-O23_genomic_prodigal_proteins	535	354	95.20	11.13	66.17
GCA_003712085.1_ASM371208v1_genomic_prodigal_proteins	2745	GCA_902527915.1_AG-896-G19_genomic_prodigal_proteins	1003	797	95.16	8.37	79.46
GCA_003712085.1_ASM371208v1_genomic_prodigal_proteins	2745	GCA_902635365.1_AG-447-D19_genomic_prodigal_proteins	1690	981	76.00	13.40	58.05
GCA_003712085.1_ASM371208v1_genomic_prodigal_proteins	2745	GCA_900474085.1_UW86_genomic_prodigal_proteins	2403	1914	78.73	13.04	79.65
GCA_003712085.1_ASM371208v1_genomic_prodigal_proteins	2745	GCA_001885215.1_ASM188521v1_genomic_prodigal_proteins	2897	1604	66.30	13.27	58.43
GCA_003712085.1_ASM371208v1_genomic_prodigal_proteins	2745	GCA_902575935.1_AG-426-B22_genomic_prodigal_proteins	254	171	79.69	13.08	67.32
GCA_003712085.1_ASM371208v1_genomic_prodigal_proteins	2745	GCA_900474295.1_UW140_genomic_prodigal_proteins	2925	1840	71.42	13.68	67.03
GCA_003712085.1_ASM371208v1_genomic_prodigal_proteins	2745	GCA_003211565.1_ASM321156v1_genomic_prodigal_proteins	1489	937	77.88	13.25	62.93
GCA_003712085.1_ASM371208v1_genomic_prodigal_proteins	2745	GCA_003526105.1_ASM352610v1_genomic_prodigal_proteins	1581	1004	79.49	12.78	63.50
GCA_003712085.1_ASM371208v1_genomic_prodigal_proteins	2745	GCA_002172935.1_ASM217293v1_genomic_prodigal_proteins	1996	1406	70.81	13.77	70.44
GCA_003712085.1_ASM371208v1_genomic_prodigal_proteins	2745	GCA_003210335.1_ASM321033v1_genomic_prodigal_proteins	942	364	67.65	14.35	38.64
GCA_003712085.1_ASM371208v1_genomic_prodigal_proteins	2745	GCA_009846115.1_ASM984611v1_genomic_prodigal_proteins	2048	1058	61.08	12.79	51.66
GCA_003712085.1_ASM371208v1_genomic_prodigal_proteins	2745	GCA_001693295.1_ASM169329v1_genomic_prodigal_proteins	3183	1092	53.34	12.77	39.78
GCA_003712085.1_ASM371208v1_genomic_prodigal_proteins	2745	GCA_900473965.1_UW179A_genomic_prodigal_proteins	3383	1838	70.69	13.84	66.96
GCA_003712085.1_ASM371208v1_genomic_prodigal_proteins	2745	GCA_003213755.1_ASM321375v1_genomic_prodigal_proteins	1050	586	66.28	14.55	55.81
GCA_003712085.1_ASM371208v1_genomic_prodigal_proteins	2745	GCA_003209155.1_ASM320915v1_genomic_prodigal_proteins	2305	1372	70.94	13.53	59.52
GCA_003712085.1_ASM371208v1_genomic_prodigal_proteins	2745	GCA_003211515.1_ASM321151v1_genomic_prodigal_proteins	2451	1292	74.64	13.75	52.71
GCA_003712085.1_ASM371208v1_genomic_prodigal_proteins	2745	GCA_002693285.1_ASM269328v1_genomic_prodigal_proteins	2440	1594	70.99	13.79	65.33
GCA_003712085.1_ASM371208v1_genomic_prodigal_proteins	2745	GCA_003210555.1_ASM321055v1_genomic_prodigal_proteins	1847	1039	69.71	13.60	56.25
GCA_003712085.1_ASM371208v1_genomic_prodigal_proteins	2745	GCA_000155595.1_ASM15559v1_genomic_prodigal_proteins	5270	1130	53.11	12.58	41.17
GCA_003712085.1_ASM371208v1_genomic_prodigal_proteins	2745	GCA_001007665.1_ASM100766v1_genomic_prodigal_proteins	2356	1213	61.05	12.62	51.49
GCA_003712085.1_ASM371208v1_genomic_prodigal_proteins	2745	GCA_009919765.1_ASM991976v1_genomic_prodigal_proteins	2524	1131	66.23	14.19	44.81
GCA_003712085.1_ASM371208v1_genomic_prodigal_proteins	2745	GCA_003331225.1_ASM333122v1_genomic_prodigal_proteins	2113	1449	66.26	13.89	68.58
GCA_003712085.1_ASM371208v1_genomic_prodigal_proteins	2745	GCA_900177825.1_IMG-taxon_2708742468_annotated_assembly_genomic_prodigal_proteins	3317	1084	53.31	12.82	39.49
GCA_003712085.1_ASM371208v1_genomic_prodigal_proteins	2745	GCA_000195975.1_ASM19597v1_genomic_prodigal_proteins	2719	2361	97.99	4.86	86.83
GCA_003712085.1_ASM371208v1_genomic_prodigal_proteins	2745	GCA_902618885.1_AG-920-D15_genomic_prodigal_proteins	1178	956	96.34	7.18	81.15
GCA_003712085.1_ASM371208v1_genomic_prodigal_proteins	2745	GCA_003209165.1_ASM320916v1_genomic_prodigal_proteins	2711	1694	77.82	13.06	62.49
GCA_003712085.1_ASM371208v1_genomic_prodigal_proteins	2745	GCA_001007625.1_ASM100762v1_genomic_prodigal_proteins	2478	1065	61.36	12.70	42.98
GCA_003712085.1_ASM371208v1_genomic_prodigal_proteins	2745	GCA_008386235.1_ASM838623v1_genomic_prodigal_proteins	2571	1051	53.32	12.51	40.88
GCA_003712085.1_ASM371208v1_genomic_prodigal_proteins	2745	GCA_001631935.1_ASM163193v1_genomic_prodigal_proteins	3526	1823	70.77	13.85	66.41
GCA_003712085.1_ASM371208v1_genomic_prodigal_proteins	2745	GCA_002151525.1_ASM215152v1_genomic_prodigal_proteins	1628	1103	64.27	14.00	67.75
GCA_003712085.1_ASM371208v1_genomic_prodigal_proteins	2745	GCA_000153065.1_ASM15306v1_genomic_prodigal_proteins	2704	1774	72.24	13.34	65.61
GCA_003712085.1_ASM371208v1_genomic_prodigal_proteins	2745	GCA_009837265.1_ASM983726v1_genomic_prodigal_proteins	2126	1128	61.16	12.74	53.06
GCA_003712085.1_ASM371208v1_genomic_prodigal_proteins	2745	GCA_902533725.1_AG-898-C20_genomic_prodigal_proteins	421	207	76.36	15.25	49.17
GCA_003712085.1_ASM371208v1_genomic_prodigal_proteins	2745	GCA_002171075.2_ASM217107v2_genomic_prodigal_proteins	1919	1246	64.46	13.70	64.93
GCA_003712085.1_ASM371208v1_genomic_prodigal_proteins	2745	GCA_002760395.1_ASM276039v1_genomic_prodigal_proteins	2661	908	52.79	11.84	34.12
GCA_003712085.1_ASM371208v1_genomic_prodigal_proteins	2745	GCA_003209005.1_ASM320900v1_genomic_prodigal_proteins	2548	1515	70.61	13.74	59.46
GCA_003712085.1_ASM371208v1_genomic_prodigal_proteins	2745	GCA_002017915.1_ASM201791v1_genomic_prodigal_proteins	623	325	63.64	13.51	52.17
GCA_003712085.1_ASM371208v1_genomic_prodigal_proteins	2745	GCA_900047545.1_m9_genomic_prodigal_proteins	1575	934	61.16	12.84	59.30
GCA_003712085.1_ASM371208v1_genomic_prodigal_proteins	2745	GCA_001632105.1_ASM163210v1_genomic_prodigal_proteins	3521	1839	70.70	13.90	66.99
GCA_003712085.1_ASM371208v1_genomic_prodigal_proteins	2745	GCA_004212765.1_ASM421276v1_genomic_prodigal_proteins	1162	997	90.19	8.14	85.80
GCA_003712085.1_ASM371208v1_genomic_prodigal_proteins	2745	GCA_002685515.1_ASM268551v1_genomic_prodigal_proteins	1286	927	70.00	13.36	72.08
GCA_003712085.1_ASM371208v1_genomic_prodigal_proteins	2745	GCA_007828135.1_ASM782813v1_genomic_prodigal_proteins	2917	1603	66.31	13.27	58.40
GCA_003712085.1_ASM371208v1_genomic_prodigal_proteins	2745	GCA_011047875.1_ASM1104787v1_genomic_prodigal_proteins	2810	918	52.98	11.85	33.44
GCA_003712085.1_ASM371208v1_genomic_prodigal_proteins	2745	GCA_009840445.1_ASM984044v1_genomic_prodigal_proteins	2167	1228	61.17	12.74	56.67
GCA_003712085.1_ASM371208v1_genomic_prodigal_proteins	2745	GCA_003210995.1_ASM321099v1_genomic_prodigal_proteins	2385	1356	70.41	14.33	56.86
GCA_003712085.1_ASM371208v1_genomic_prodigal_proteins	2745	GCA_902616995.1_AG-919-L20_genomic_prodigal_proteins	654	473	94.58	9.12	72.32
GCA_003712085.1_ASM371208v1_genomic_prodigal_proteins	2745	GCA_009845825.1_ASM984582v1_genomic_prodigal_proteins	2168	1031	61.55	12.51	47.56
GCA_003712085.1_ASM371208v1_genomic_prodigal_proteins	2745	GCA_000515235.1_ASM51523v1_genomic_prodigal_proteins	2873	1998	75.86	13.33	72.79
GCA_003712085.1_ASM371208v1_genomic_prodigal_proteins	2745	GCA_003523965.1_ASM352396v1_genomic_prodigal_proteins	1735	796	62.33	13.02	45.88
GCA_003712085.1_ASM371208v1_genomic_prodigal_proteins	2745	GCA_002684175.1_ASM268417v1_genomic_prodigal_proteins	1819	1151	74.82	12.53	63.28
GCA_003712085.1_ASM371208v1_genomic_prodigal_proteins	2745	GCA_011523295.1_ASM1152329v1_genomic_prodigal_proteins	2851	1496	74.72	13.26	54.50
GCA_003712085.1_ASM371208v1_genomic_prodigal_proteins	2745	GCA_003211015.1_ASM321101v1_genomic_prodigal_proteins	2128	1320	70.95	13.64	62.03
GCA_003712085.1_ASM371208v1_genomic_prodigal_proteins	2745	GCA_002006815.1_ASM200681v1_genomic_prodigal_proteins	1973	1388	64.16	13.89	70.35
GCA_009839305.1_ASM983930v1_genomic_prodigal_proteins	1816	GCA_011365345.1_ASM1136534v1_genomic_prodigal_proteins	2655	872	61.85	13.15	48.02
GCA_009839305.1_ASM983930v1_genomic_prodigal_proteins	1816	GCA_001039265.1_ASM103926v1_genomic_prodigal_proteins	2832	627	64.35	12.92	34.53
GCA_009839305.1_ASM983930v1_genomic_prodigal_proteins	1816	GCA_001628325.1_ASM162832v1_genomic_prodigal_proteins	2129	807	61.65	13.07	44.44
GCA_009839305.1_ASM983930v1_genomic_prodigal_proteins	1816	GCA_003209215.1_ASM320921v1_genomic_prodigal_proteins	1679	456	61.45	13.22	27.16
GCA_009839305.1_ASM983930v1_genomic_prodigal_proteins	1816	GCA_002737305.1_ASM273730v1_genomic_prodigal_proteins	1951	697	63.03	12.91	38.38
GCA_009839305.1_ASM983930v1_genomic_prodigal_proteins	1816	GCA_003210515.1_ASM321051v1_genomic_prodigal_proteins	1673	475	60.36	13.46	28.39
GCA_009839305.1_ASM983930v1_genomic_prodigal_proteins	1816	GCA_011525445.1_ASM1152544v1_genomic_prodigal_proteins	3208	721	59.99	12.80	39.70
GCA_009839305.1_ASM983930v1_genomic_prodigal_proteins	1816	GCA_902599435.1_AG-916-N22_genomic_prodigal_proteins	793	231	63.21	13.49	29.13
GCA_009839305.1_ASM983930v1_genomic_prodigal_proteins	1816	GCA_003149585.1_ASM314958v1_genomic_prodigal_proteins	2600	898	62.23	12.97	49.45
GCA_009839305.1_ASM983930v1_genomic_prodigal_proteins	1816	GCA_902560665.1_AG-905-O11_genomic_prodigal_proteins	401	96	61.52	13.83	23.94
GCA_009839305.1_ASM983930v1_genomic_prodigal_proteins	1816	GCA_003331795.1_ASM333179v1_genomic_prodigal_proteins	1948	738	62.32	13.12	40.64
GCA_009839305.1_ASM983930v1_genomic_prodigal_proteins	1816	GCA_002017955.1_ASM201795v1_genomic_prodigal_proteins	512	238	84.17	11.24	46.48
GCA_009839305.1_ASM983930v1_genomic_prodigal_proteins	1816	GCA_902584485.1_AG-912-O23_genomic_prodigal_proteins	535	121	60.10	14.69	22.62
GCA_009839305.1_ASM983930v1_genomic_prodigal_proteins	1816	GCA_902527915.1_AG-896-G19_genomic_prodigal_proteins	1003	272	61.89	13.71	27.12
GCA_009839305.1_ASM983930v1_genomic_prodigal_proteins	1816	GCA_902635365.1_AG-447-D19_genomic_prodigal_proteins	1690	413	61.89	13.89	24.44
GCA_009839305.1_ASM983930v1_genomic_prodigal_proteins	1816	GCA_900474085.1_UW86_genomic_prodigal_proteins	2403	881	61.65	13.19	48.51
GCA_009839305.1_ASM983930v1_genomic_prodigal_proteins	1816	GCA_001885215.1_ASM188521v1_genomic_prodigal_proteins	2897	897	62.55	12.54	49.39
GCA_009839305.1_ASM983930v1_genomic_prodigal_proteins	1816	GCA_902575935.1_AG-426-B22_genomic_prodigal_proteins	254	98	64.15	15.06	38.58
GCA_009839305.1_ASM983930v1_genomic_prodigal_proteins	1816	GCA_900474295.1_UW140_genomic_prodigal_proteins	2925	873	61.85	13.16	48.07
GCA_009839305.1_ASM983930v1_genomic_prodigal_proteins	1816	GCA_003211565.1_ASM321156v1_genomic_prodigal_proteins	1489	403	61.50	13.53	27.07
GCA_009839305.1_ASM983930v1_genomic_prodigal_proteins	1816	GCA_003526105.1_ASM352610v1_genomic_prodigal_proteins	1581	497	61.87	13.42	31.44
GCA_009839305.1_ASM983930v1_genomic_prodigal_proteins	1816	GCA_002172935.1_ASM217293v1_genomic_prodigal_proteins	1996	700	60.94	12.93	38.55
GCA_009839305.1_ASM983930v1_genomic_prodigal_proteins	1816	GCA_003210335.1_ASM321033v1_genomic_prodigal_proteins	942	162	59.94	14.32	17.20
GCA_009839305.1_ASM983930v1_genomic_prodigal_proteins	1816	GCA_009846115.1_ASM984611v1_genomic_prodigal_proteins	2048	1397	99.55	3.90	76.93
GCA_009839305.1_ASM983930v1_genomic_prodigal_proteins	1816	GCA_001693295.1_ASM169329v1_genomic_prodigal_proteins	3183	684	54.34	12.49	37.67
GCA_009839305.1_ASM983930v1_genomic_prodigal_proteins	1816	GCA_900473965.1_UW179A_genomic_prodigal_proteins	3383	867	61.31	13.25	47.74
GCA_009839305.1_ASM983930v1_genomic_prodigal_proteins	1816	GCA_003213755.1_ASM321375v1_genomic_prodigal_proteins	1050	311	61.90	13.58	29.62
GCA_009839305.1_ASM983930v1_genomic_prodigal_proteins	1816	GCA_003209155.1_ASM320915v1_genomic_prodigal_proteins	2305	664	60.99	13.04	36.56
GCA_009839305.1_ASM983930v1_genomic_prodigal_proteins	1816	GCA_003211515.1_ASM321151v1_genomic_prodigal_proteins	2451	574	60.83	13.18	31.61
GCA_009839305.1_ASM983930v1_genomic_prodigal_proteins	1816	GCA_002693285.1_ASM269328v1_genomic_prodigal_proteins	2440	749	61.17	13.05	41.24
GCA_009839305.1_ASM983930v1_genomic_prodigal_proteins	1816	GCA_003210555.1_ASM321055v1_genomic_prodigal_proteins	1847	481	60.57	13.00	26.49
GCA_009839305.1_ASM983930v1_genomic_prodigal_proteins	1816	GCA_000155595.1_ASM15559v1_genomic_prodigal_proteins	5270	707	53.26	12.53	38.93
GCA_009839305.1_ASM983930v1_genomic_prodigal_proteins	1816	GCA_001007665.1_ASM100766v1_genomic_prodigal_proteins	2356	1131	88.07	7.69	62.28
GCA_009839305.1_ASM983930v1_genomic_prodigal_proteins	1816	GCA_009919765.1_ASM991976v1_genomic_prodigal_proteins	2524	633	62.24	13.11	34.86
GCA_009839305.1_ASM983930v1_genomic_prodigal_proteins	1816	GCA_003331225.1_ASM333122v1_genomic_prodigal_proteins	2113	783	62.59	12.94	43.12
GCA_009839305.1_ASM983930v1_genomic_prodigal_proteins	1816	GCA_900177825.1_IMG-taxon_2708742468_annotated_assembly_genomic_prodigal_proteins	3317	680	54.35	12.46	37.44
GCA_009839305.1_ASM983930v1_genomic_prodigal_proteins	1816	GCA_000195975.1_ASM19597v1_genomic_prodigal_proteins	2719	892	61.63	13.17	49.12
GCA_009839305.1_ASM983930v1_genomic_prodigal_proteins	1816	GCA_902618885.1_AG-920-D15_genomic_prodigal_proteins	1178	353	62.08	13.99	29.97
GCA_009839305.1_ASM983930v1_genomic_prodigal_proteins	1816	GCA_003209165.1_ASM320916v1_genomic_prodigal_proteins	2711	755	61.40	13.32	41.57
GCA_009839305.1_ASM983930v1_genomic_prodigal_proteins	1816	GCA_001007625.1_ASM100762v1_genomic_prodigal_proteins	2478	1034	86.37	9.22	56.94
GCA_009839305.1_ASM983930v1_genomic_prodigal_proteins	1816	GCA_008386235.1_ASM838623v1_genomic_prodigal_proteins	2571	680	54.91	12.46	37.44
GCA_009839305.1_ASM983930v1_genomic_prodigal_proteins	1816	GCA_001631935.1_ASM163193v1_genomic_prodigal_proteins	3526	866	61.48	13.01	47.69
GCA_009839305.1_ASM983930v1_genomic_prodigal_proteins	1816	GCA_002151525.1_ASM215152v1_genomic_prodigal_proteins	1628	633	61.12	13.16	38.88
GCA_009839305.1_ASM983930v1_genomic_prodigal_proteins	1816	GCA_000153065.1_ASM15306v1_genomic_prodigal_proteins	2704	876	62.62	13.17	48.24
GCA_009839305.1_ASM983930v1_genomic_prodigal_proteins	1816	GCA_009837265.1_ASM983726v1_genomic_prodigal_proteins	2126	1415	99.78	1.79	77.92
GCA_009839305.1_ASM983930v1_genomic_prodigal_proteins	1816	GCA_902533725.1_AG-898-C20_genomic_prodigal_proteins	421	63	62.98	14.61	14.96
GCA_009839305.1_ASM983930v1_genomic_prodigal_proteins	1816	GCA_002171075.2_ASM217107v2_genomic_prodigal_proteins	1919	683	61.14	12.79	37.61
GCA_009839305.1_ASM983930v1_genomic_prodigal_proteins	1816	GCA_002760395.1_ASM276039v1_genomic_prodigal_proteins	2661	597	54.09	11.94	32.87
GCA_009839305.1_ASM983930v1_genomic_prodigal_proteins	1816	GCA_003209005.1_ASM320900v1_genomic_prodigal_proteins	2548	717	60.98	13.06	39.48
GCA_009839305.1_ASM983930v1_genomic_prodigal_proteins	1816	GCA_002017915.1_ASM201791v1_genomic_prodigal_proteins	623	324	86.63	10.12	52.01
GCA_009839305.1_ASM983930v1_genomic_prodigal_proteins	1816	GCA_900047545.1_m9_genomic_prodigal_proteins	1575	918	91.10	6.44	58.29
GCA_009839305.1_ASM983930v1_genomic_prodigal_proteins	1816	GCA_001632105.1_ASM163210v1_genomic_prodigal_proteins	3521	869	61.46	12.99	47.85
GCA_009839305.1_ASM983930v1_genomic_prodigal_proteins	1816	GCA_004212765.1_ASM421276v1_genomic_prodigal_proteins	1162	447	61.45	13.27	38.47
GCA_009839305.1_ASM983930v1_genomic_prodigal_proteins	1816	GCA_002685515.1_ASM268551v1_genomic_prodigal_proteins	1286	469	60.42	12.59	36.47
GCA_009839305.1_ASM983930v1_genomic_prodigal_proteins	1816	GCA_007828135.1_ASM782813v1_genomic_prodigal_proteins	2917	898	62.59	12.58	49.45
GCA_009839305.1_ASM983930v1_genomic_prodigal_proteins	1816	GCA_011047875.1_ASM1104787v1_genomic_prodigal_proteins	2810	609	54.24	11.88	33.54
GCA_009839305.1_ASM983930v1_genomic_prodigal_proteins	1816	GCA_009840445.1_ASM984044v1_genomic_prodigal_proteins	2167	1393	99.10	3.38	76.71
GCA_009839305.1_ASM983930v1_genomic_prodigal_proteins	1816	GCA_003210995.1_ASM321099v1_genomic_prodigal_proteins	2385	640	61.07	13.28	35.24
GCA_009839305.1_ASM983930v1_genomic_prodigal_proteins	1816	GCA_902616995.1_AG-919-L20_genomic_prodigal_proteins	654	164	60.95	12.89	25.08
GCA_009839305.1_ASM983930v1_genomic_prodigal_proteins	1816	GCA_009845825.1_ASM984582v1_genomic_prodigal_proteins	2168	1039	86.91	9.09	57.21
GCA_009839305.1_ASM983930v1_genomic_prodigal_proteins	1816	GCA_000515235.1_ASM51523v1_genomic_prodigal_proteins	2873	873	61.55	13.13	48.07
GCA_009839305.1_ASM983930v1_genomic_prodigal_proteins	1816	GCA_003523965.1_ASM352396v1_genomic_prodigal_proteins	1735	777	85.78	8.99	44.78
GCA_009839305.1_ASM983930v1_genomic_prodigal_proteins	1816	GCA_002684175.1_ASM268417v1_genomic_prodigal_proteins	1819	543	59.84	12.87	29.90
GCA_009839305.1_ASM983930v1_genomic_prodigal_proteins	1816	GCA_011523295.1_ASM1152329v1_genomic_prodigal_proteins	2851	676	60.02	12.66	37.22
GCA_009839305.1_ASM983930v1_genomic_prodigal_proteins	1816	GCA_003211015.1_ASM321101v1_genomic_prodigal_proteins	2128	643	60.73	12.88	35.41
GCA_009839305.1_ASM983930v1_genomic_prodigal_proteins	1816	GCA_002006815.1_ASM200681v1_genomic_prodigal_proteins	1973	789	61.85	12.93	43.45
GCA_902527915.1_AG-896-G19_genomic_prodigal_proteins	1003	GCA_902635365.1_AG-447-D19_genomic_prodigal_proteins	1690	328	73.91	14.42	32.70
GCA_902527915.1_AG-896-G19_genomic_prodigal_proteins	1003	GCA_900474085.1_UW86_genomic_prodigal_proteins	2403	638	78.03	13.64	63.61
GCA_902527915.1_AG-896-G19_genomic_prodigal_proteins	1003	GCA_001885215.1_ASM188521v1_genomic_prodigal_proteins	2897	503	66.16	13.67	50.15
GCA_902527915.1_AG-896-G19_genomic_prodigal_proteins	1003	GCA_902575935.1_AG-426-B22_genomic_prodigal_proteins	254	44	75.33	15.28	17.32
GCA_902527915.1_AG-896-G19_genomic_prodigal_proteins	1003	GCA_900474295.1_UW140_genomic_prodigal_proteins	2925	577	71.32	13.53	57.53
GCA_902527915.1_AG-896-G19_genomic_prodigal_proteins	1003	GCA_003211565.1_ASM321156v1_genomic_prodigal_proteins	1489	275	74.86	15.35	27.42
GCA_902527915.1_AG-896-G19_genomic_prodigal_proteins	1003	GCA_003526105.1_ASM352610v1_genomic_prodigal_proteins	1581	346	78.21	13.91	34.50
GCA_902527915.1_AG-896-G19_genomic_prodigal_proteins	1003	GCA_002172935.1_ASM217293v1_genomic_prodigal_proteins	1996	464	70.38	13.81	46.26
GCA_902527915.1_AG-896-G19_genomic_prodigal_proteins	1003	GCA_003210335.1_ASM321033v1_genomic_prodigal_proteins	942	174	66.66	14.74	18.47
GCA_902527915.1_AG-896-G19_genomic_prodigal_proteins	1003	GCA_009846115.1_ASM984611v1_genomic_prodigal_proteins	2048	320	61.55	13.10	31.90
GCA_902527915.1_AG-896-G19_genomic_prodigal_proteins	1003	GCA_001693295.1_ASM169329v1_genomic_prodigal_proteins	3183	339	53.31	13.16	33.80
GCA_902527915.1_AG-896-G19_genomic_prodigal_proteins	1003	GCA_900473965.1_UW179A_genomic_prodigal_proteins	3383	590	70.20	13.94	58.82
GCA_902527915.1_AG-896-G19_genomic_prodigal_proteins	1003	GCA_003213755.1_ASM321375v1_genomic_prodigal_proteins	1050	204	66.11	15.18	20.34
GCA_902527915.1_AG-896-G19_genomic_prodigal_proteins	1003	GCA_003209155.1_ASM320915v1_genomic_prodigal_proteins	2305	471	69.80	13.75	46.96
GCA_902527915.1_AG-896-G19_genomic_prodigal_proteins	1003	GCA_003211515.1_ASM321151v1_genomic_prodigal_proteins	2451	451	74.02	14.83	44.97
GCA_902527915.1_AG-896-G19_genomic_prodigal_proteins	1003	GCA_002693285.1_ASM269328v1_genomic_prodigal_proteins	2440	515	70.68	13.99	51.35
GCA_902527915.1_AG-896-G19_genomic_prodigal_proteins	1003	GCA_003210555.1_ASM321055v1_genomic_prodigal_proteins	1847	307	69.08	14.09	30.61
GCA_902527915.1_AG-896-G19_genomic_prodigal_proteins	1003	GCA_000155595.1_ASM15559v1_genomic_prodigal_proteins	5270	349	53.65	12.94	34.80
GCA_902527915.1_AG-896-G19_genomic_prodigal_proteins	1003	GCA_001007665.1_ASM100766v1_genomic_prodigal_proteins	2356	366	61.69	12.98	36.49
GCA_902527915.1_AG-896-G19_genomic_prodigal_proteins	1003	GCA_009919765.1_ASM991976v1_genomic_prodigal_proteins	2524	356	66.11	14.40	35.49
GCA_902527915.1_AG-896-G19_genomic_prodigal_proteins	1003	GCA_003331225.1_ASM333122v1_genomic_prodigal_proteins	2113	449	66.18	14.12	44.77
GCA_902527915.1_AG-896-G19_genomic_prodigal_proteins	1003	GCA_900177825.1_IMG-taxon_2708742468_annotated_assembly_genomic_prodigal_proteins	3317	342	53.05	13.38	34.10
GCA_902527915.1_AG-896-G19_genomic_prodigal_proteins	1003	GCA_000195975.1_ASM19597v1_genomic_prodigal_proteins	2719	805	95.48	7.60	80.26
GCA_902527915.1_AG-896-G19_genomic_prodigal_proteins	1003	GCA_902618885.1_AG-920-D15_genomic_prodigal_proteins	1178	364	93.82	11.95	36.29
GCA_902527915.1_AG-896-G19_genomic_prodigal_proteins	1003	GCA_003209165.1_ASM320916v1_genomic_prodigal_proteins	2711	570	77.06	14.11	56.83
GCA_902527915.1_AG-896-G19_genomic_prodigal_proteins	1003	GCA_001007625.1_ASM100762v1_genomic_prodigal_proteins	2478	320	62.07	13.23	31.90
GCA_902527915.1_AG-896-G19_genomic_prodigal_proteins	1003	GCA_008386235.1_ASM838623v1_genomic_prodigal_proteins	2571	311	53.45	12.90	31.01
GCA_902527915.1_AG-896-G19_genomic_prodigal_proteins	1003	GCA_001631935.1_ASM163193v1_genomic_prodigal_proteins	3526	582	69.80	14.06	58.03
GCA_902527915.1_AG-896-G19_genomic_prodigal_proteins	1003	GCA_002151525.1_ASM215152v1_genomic_prodigal_proteins	1628	346	63.57	14.31	34.50
GCA_902527915.1_AG-896-G19_genomic_prodigal_proteins	1003	GCA_000153065.1_ASM15306v1_genomic_prodigal_proteins	2704	563	71.84	13.44	56.13
GCA_902527915.1_AG-896-G19_genomic_prodigal_proteins	1003	GCA_009837265.1_ASM983726v1_genomic_prodigal_proteins	2126	338	61.59	12.98	33.70
GCA_902527915.1_AG-896-G19_genomic_prodigal_proteins	1003	GCA_902533725.1_AG-898-C20_genomic_prodigal_proteins	421	94	74.32	16.40	22.33
GCA_902527915.1_AG-896-G19_genomic_prodigal_proteins	1003	GCA_002171075.2_ASM217107v2_genomic_prodigal_proteins	1919	436	64.58	13.65	43.47
GCA_902527915.1_AG-896-G19_genomic_prodigal_proteins	1003	GCA_002760395.1_ASM276039v1_genomic_prodigal_proteins	2661	263	53.17	12.25	26.22
GCA_902527915.1_AG-896-G19_genomic_prodigal_proteins	1003	GCA_003209005.1_ASM320900v1_genomic_prodigal_proteins	2548	531	70.11	14.00	52.94
GCA_902527915.1_AG-896-G19_genomic_prodigal_proteins	1003	GCA_002017915.1_ASM201791v1_genomic_prodigal_proteins	623	89	62.56	14.89	14.29
GCA_902527915.1_AG-896-G19_genomic_prodigal_proteins	1003	GCA_900047545.1_m9_genomic_prodigal_proteins	1575	287	61.89	12.90	28.61
GCA_902527915.1_AG-896-G19_genomic_prodigal_proteins	1003	GCA_001632105.1_ASM163210v1_genomic_prodigal_proteins	3521	586	69.80	14.15	58.42
GCA_902527915.1_AG-896-G19_genomic_prodigal_proteins	1003	GCA_004212765.1_ASM421276v1_genomic_prodigal_proteins	1162	352	88.39	11.06	35.09
GCA_902527915.1_AG-896-G19_genomic_prodigal_proteins	1003	GCA_002685515.1_ASM268551v1_genomic_prodigal_proteins	1286	283	68.66	14.23	28.22
GCA_902527915.1_AG-896-G19_genomic_prodigal_proteins	1003	GCA_007828135.1_ASM782813v1_genomic_prodigal_proteins	2917	505	66.27	13.78	50.35
GCA_902527915.1_AG-896-G19_genomic_prodigal_proteins	1003	GCA_011047875.1_ASM1104787v1_genomic_prodigal_proteins	2810	270	53.03	12.31	26.92
GCA_902527915.1_AG-896-G19_genomic_prodigal_proteins	1003	GCA_009840445.1_ASM984044v1_genomic_prodigal_proteins	2167	364	61.87	12.87	36.29
GCA_902527915.1_AG-896-G19_genomic_prodigal_proteins	1003	GCA_003210995.1_ASM321099v1_genomic_prodigal_proteins	2385	444	69.14	14.36	44.27
GCA_902527915.1_AG-896-G19_genomic_prodigal_proteins	1003	GCA_902616995.1_AG-919-L20_genomic_prodigal_proteins	654	229	94.88	10.75	35.02
GCA_902527915.1_AG-896-G19_genomic_prodigal_proteins	1003	GCA_009845825.1_ASM984582v1_genomic_prodigal_proteins	2168	304	61.83	12.81	30.31
GCA_902527915.1_AG-896-G19_genomic_prodigal_proteins	1003	GCA_000515235.1_ASM51523v1_genomic_prodigal_proteins	2873	681	75.52	13.62	67.90
GCA_902527915.1_AG-896-G19_genomic_prodigal_proteins	1003	GCA_003523965.1_ASM352396v1_genomic_prodigal_proteins	1735	246	62.22	13.34	24.53
GCA_902527915.1_AG-896-G19_genomic_prodigal_proteins	1003	GCA_002684175.1_ASM268417v1_genomic_prodigal_proteins	1819	341	74.12	14.11	34.00
GCA_902527915.1_AG-896-G19_genomic_prodigal_proteins	1003	GCA_011523295.1_ASM1152329v1_genomic_prodigal_proteins	2851	487	73.32	14.40	48.55
GCA_902527915.1_AG-896-G19_genomic_prodigal_proteins	1003	GCA_003211015.1_ASM321101v1_genomic_prodigal_proteins	2128	376	69.23	14.87	37.49
GCA_902527915.1_AG-896-G19_genomic_prodigal_proteins	1003	GCA_002006815.1_ASM200681v1_genomic_prodigal_proteins	1973	448	64.02	14.20	44.67
GCA_001628325.1_ASM162832v1_genomic_prodigal_proteins	2129	GCA_003209215.1_ASM320921v1_genomic_prodigal_proteins	1679	955	95.31	6.51	56.88
GCA_001628325.1_ASM162832v1_genomic_prodigal_proteins	2129	GCA_002737305.1_ASM273730v1_genomic_prodigal_proteins	1951	1108	67.50	13.59	56.79
GCA_001628325.1_ASM162832v1_genomic_prodigal_proteins	2129	GCA_003210515.1_ASM321051v1_genomic_prodigal_proteins	1673	1029	76.79	13.02	61.51
GCA_001628325.1_ASM162832v1_genomic_prodigal_proteins	2129	GCA_011525445.1_ASM1152544v1_genomic_prodigal_proteins	3208	1329	70.68	13.43	62.42
GCA_001628325.1_ASM162832v1_genomic_prodigal_proteins	2129	GCA_902599435.1_AG-916-N22_genomic_prodigal_proteins	793	434	79.49	13.60	54.73
GCA_001628325.1_ASM162832v1_genomic_prodigal_proteins	2129	GCA_003149585.1_ASM314958v1_genomic_prodigal_proteins	2600	1501	67.62	13.76	70.50
GCA_001628325.1_ASM162832v1_genomic_prodigal_proteins	2129	GCA_902560665.1_AG-905-O11_genomic_prodigal_proteins	401	178	78.30	13.25	44.39
GCA_001628325.1_ASM162832v1_genomic_prodigal_proteins	2129	GCA_003331795.1_ASM333179v1_genomic_prodigal_proteins	1948	1221	66.51	14.31	62.68
GCA_001628325.1_ASM162832v1_genomic_prodigal_proteins	2129	GCA_002017955.1_ASM201795v1_genomic_prodigal_proteins	512	243	61.63	12.45	47.46
GCA_001628325.1_ASM162832v1_genomic_prodigal_proteins	2129	GCA_902584485.1_AG-912-O23_genomic_prodigal_proteins	535	214	77.38	14.19	40.00
GCA_001628325.1_ASM162832v1_genomic_prodigal_proteins	2129	GCA_902527915.1_AG-896-G19_genomic_prodigal_proteins	1003	580	78.15	13.47	57.83
GCA_001628325.1_ASM162832v1_genomic_prodigal_proteins	2129	GCA_902635365.1_AG-447-D19_genomic_prodigal_proteins	1690	850	77.59	13.09	50.30
GCA_001628325.1_ASM162832v1_genomic_prodigal_proteins	2129	GCA_900474085.1_UW86_genomic_prodigal_proteins	2403	1911	98.30	2.86	89.76
GCA_001628325.1_ASM162832v1_genomic_prodigal_proteins	2129	GCA_001885215.1_ASM188521v1_genomic_prodigal_proteins	2897	1434	66.28	13.14	67.36
GCA_001628325.1_ASM162832v1_genomic_prodigal_proteins	2129	GCA_902575935.1_AG-426-B22_genomic_prodigal_proteins	254	172	97.83	6.59	67.72
GCA_001628325.1_ASM162832v1_genomic_prodigal_proteins	2129	GCA_900474295.1_UW140_genomic_prodigal_proteins	2925	1619	71.74	13.54	76.05
GCA_001628325.1_ASM162832v1_genomic_prodigal_proteins	2129	GCA_003211565.1_ASM321156v1_genomic_prodigal_proteins	1489	901	95.30	6.26	60.51
GCA_001628325.1_ASM162832v1_genomic_prodigal_proteins	2129	GCA_003526105.1_ASM352610v1_genomic_prodigal_proteins	1581	1114	98.81	4.65	70.46
GCA_001628325.1_ASM162832v1_genomic_prodigal_proteins	2129	GCA_002172935.1_ASM217293v1_genomic_prodigal_proteins	1996	1274	70.93	13.62	63.83
GCA_001628325.1_ASM162832v1_genomic_prodigal_proteins	2129	GCA_003210335.1_ASM321033v1_genomic_prodigal_proteins	942	314	67.58	13.91	33.33
GCA_001628325.1_ASM162832v1_genomic_prodigal_proteins	2129	GCA_009846115.1_ASM984611v1_genomic_prodigal_proteins	2048	958	61.18	12.68	46.78
GCA_001628325.1_ASM162832v1_genomic_prodigal_proteins	2129	GCA_001693295.1_ASM169329v1_genomic_prodigal_proteins	3183	959	53.50	12.49	45.04
GCA_001628325.1_ASM162832v1_genomic_prodigal_proteins	2129	GCA_900473965.1_UW179A_genomic_prodigal_proteins	3383	1619	71.13	13.65	76.05
GCA_001628325.1_ASM162832v1_genomic_prodigal_proteins	2129	GCA_003213755.1_ASM321375v1_genomic_prodigal_proteins	1050	480	65.78	14.07	45.71
GCA_001628325.1_ASM162832v1_genomic_prodigal_proteins	2129	GCA_003209155.1_ASM320915v1_genomic_prodigal_proteins	2305	1249	71.20	13.59	58.67
GCA_001628325.1_ASM162832v1_genomic_prodigal_proteins	2129	GCA_003211515.1_ASM321151v1_genomic_prodigal_proteins	2451	1121	75.22	13.35	52.65
GCA_001628325.1_ASM162832v1_genomic_prodigal_proteins	2129	GCA_002693285.1_ASM269328v1_genomic_prodigal_proteins	2440	1449	71.45	13.79	68.06
GCA_001628325.1_ASM162832v1_genomic_prodigal_proteins	2129	GCA_003210555.1_ASM321055v1_genomic_prodigal_proteins	1847	914	70.11	13.20	49.49
GCA_001628325.1_ASM162832v1_genomic_prodigal_proteins	2129	GCA_000155595.1_ASM15559v1_genomic_prodigal_proteins	5270	999	52.98	12.33	46.92
GCA_001628325.1_ASM162832v1_genomic_prodigal_proteins	2129	GCA_001007665.1_ASM100766v1_genomic_prodigal_proteins	2356	1082	61.09	12.65	50.82
GCA_001628325.1_ASM162832v1_genomic_prodigal_proteins	2129	GCA_009919765.1_ASM991976v1_genomic_prodigal_proteins	2524	1047	66.74	14.47	49.18
GCA_001628325.1_ASM162832v1_genomic_prodigal_proteins	2129	GCA_003331225.1_ASM333122v1_genomic_prodigal_proteins	2113	1315	66.48	13.78	62.23
GCA_001628325.1_ASM162832v1_genomic_prodigal_proteins	2129	GCA_900177825.1_IMG-taxon_2708742468_annotated_assembly_genomic_prodigal_proteins	3317	951	53.54	12.46	44.67
GCA_001628325.1_ASM162832v1_genomic_prodigal_proteins	2129	GCA_000195975.1_ASM19597v1_genomic_prodigal_proteins	2719	1731	78.90	12.74	81.31
GCA_001628325.1_ASM162832v1_genomic_prodigal_proteins	2129	GCA_902618885.1_AG-920-D15_genomic_prodigal_proteins	1178	695	78.87	13.36	59.00
GCA_001628325.1_ASM162832v1_genomic_prodigal_proteins	2129	GCA_003209165.1_ASM320916v1_genomic_prodigal_proteins	2711	1560	91.62	7.59	73.27
GCA_001628325.1_ASM162832v1_genomic_prodigal_proteins	2129	GCA_001007625.1_ASM100762v1_genomic_prodigal_proteins	2478	953	61.64	12.65	44.76
GCA_001628325.1_ASM162832v1_genomic_prodigal_proteins	2129	GCA_008386235.1_ASM838623v1_genomic_prodigal_proteins	2571	903	53.84	12.03	42.41
GCA_001628325.1_ASM162832v1_genomic_prodigal_proteins	2129	GCA_001631935.1_ASM163193v1_genomic_prodigal_proteins	3526	1613	71.17	13.75	75.76
GCA_001628325.1_ASM162832v1_genomic_prodigal_proteins	2129	GCA_002151525.1_ASM215152v1_genomic_prodigal_proteins	1628	988	64.17	13.63	60.69
GCA_001628325.1_ASM162832v1_genomic_prodigal_proteins	2129	GCA_000153065.1_ASM15306v1_genomic_prodigal_proteins	2704	1546	72.42	13.11	72.62
GCA_001628325.1_ASM162832v1_genomic_prodigal_proteins	2129	GCA_009837265.1_ASM983726v1_genomic_prodigal_proteins	2126	1012	61.30	12.61	47.60
GCA_001628325.1_ASM162832v1_genomic_prodigal_proteins	2129	GCA_902533725.1_AG-898-C20_genomic_prodigal_proteins	421	175	94.47	7.69	41.57
GCA_001628325.1_ASM162832v1_genomic_prodigal_proteins	2129	GCA_002171075.2_ASM217107v2_genomic_prodigal_proteins	1919	1096	64.61	13.41	57.11
GCA_001628325.1_ASM162832v1_genomic_prodigal_proteins	2129	GCA_002760395.1_ASM276039v1_genomic_prodigal_proteins	2661	808	52.99	11.52	37.95
GCA_001628325.1_ASM162832v1_genomic_prodigal_proteins	2129	GCA_003209005.1_ASM320900v1_genomic_prodigal_proteins	2548	1349	70.73	13.72	63.36
GCA_001628325.1_ASM162832v1_genomic_prodigal_proteins	2129	GCA_002017915.1_ASM201791v1_genomic_prodigal_proteins	623	284	63.16	13.18	45.59
GCA_001628325.1_ASM162832v1_genomic_prodigal_proteins	2129	GCA_900047545.1_m9_genomic_prodigal_proteins	1575	832	61.31	12.45	52.83
GCA_001628325.1_ASM162832v1_genomic_prodigal_proteins	2129	GCA_001632105.1_ASM163210v1_genomic_prodigal_proteins	3521	1622	71.18	13.78	76.19
GCA_001628325.1_ASM162832v1_genomic_prodigal_proteins	2129	GCA_004212765.1_ASM421276v1_genomic_prodigal_proteins	1162	841	78.20	12.91	72.38
GCA_001628325.1_ASM162832v1_genomic_prodigal_proteins	2129	GCA_002685515.1_ASM268551v1_genomic_prodigal_proteins	1286	849	70.24	13.72	66.02
GCA_001628325.1_ASM162832v1_genomic_prodigal_proteins	2129	GCA_007828135.1_ASM782813v1_genomic_prodigal_proteins	2917	1433	66.29	13.14	67.31
GCA_001628325.1_ASM162832v1_genomic_prodigal_proteins	2129	GCA_011047875.1_ASM1104787v1_genomic_prodigal_proteins	2810	826	53.11	11.63	38.80
GCA_001628325.1_ASM162832v1_genomic_prodigal_proteins	2129	GCA_009840445.1_ASM984044v1_genomic_prodigal_proteins	2167	1101	61.35	12.59	51.71
GCA_001628325.1_ASM162832v1_genomic_prodigal_proteins	2129	GCA_003210995.1_ASM321099v1_genomic_prodigal_proteins	2385	1188	71.03	13.98	55.80
GCA_001628325.1_ASM162832v1_genomic_prodigal_proteins	2129	GCA_902616995.1_AG-919-L20_genomic_prodigal_proteins	654	353	78.22	12.87	53.98
GCA_001628325.1_ASM162832v1_genomic_prodigal_proteins	2129	GCA_009845825.1_ASM984582v1_genomic_prodigal_proteins	2168	935	61.52	12.45	43.92
GCA_001628325.1_ASM162832v1_genomic_prodigal_proteins	2129	GCA_000515235.1_ASM51523v1_genomic_prodigal_proteins	2873	1675	76.46	12.67	78.68
GCA_001628325.1_ASM162832v1_genomic_prodigal_proteins	2129	GCA_003523965.1_ASM352396v1_genomic_prodigal_proteins	1735	704	62.69	12.72	40.58
GCA_001628325.1_ASM162832v1_genomic_prodigal_proteins	2129	GCA_002684175.1_ASM268417v1_genomic_prodigal_proteins	1819	1045	76.23	11.74	57.45
GCA_001628325.1_ASM162832v1_genomic_prodigal_proteins	2129	GCA_011523295.1_ASM1152329v1_genomic_prodigal_proteins	2851	1400	77.15	13.28	65.76
GCA_001628325.1_ASM162832v1_genomic_prodigal_proteins	2129	GCA_003211015.1_ASM321101v1_genomic_prodigal_proteins	2128	1169	71.36	13.50	54.93
GCA_001628325.1_ASM162832v1_genomic_prodigal_proteins	2129	GCA_002006815.1_ASM200681v1_genomic_prodigal_proteins	1973	1240	64.44	13.67	62.85
GCA_002017955.1_ASM201795v1_genomic_prodigal_proteins	512	GCA_902584485.1_AG-912-O23_genomic_prodigal_proteins	535	24	56.44	13.72	4.69
GCA_002017955.1_ASM201795v1_genomic_prodigal_proteins	512	GCA_902527915.1_AG-896-G19_genomic_prodigal_proteins	1003	94	62.39	12.07	18.36
GCA_002017955.1_ASM201795v1_genomic_prodigal_proteins	512	GCA_902635365.1_AG-447-D19_genomic_prodigal_proteins	1690	164	60.47	12.47	32.03
GCA_002017955.1_ASM201795v1_genomic_prodigal_proteins	512	GCA_900474085.1_UW86_genomic_prodigal_proteins	2403	255	61.90	12.53	49.80
GCA_002017955.1_ASM201795v1_genomic_prodigal_proteins	512	GCA_001885215.1_ASM188521v1_genomic_prodigal_proteins	2897	265	61.21	12.73	51.76
GCA_002017955.1_ASM201795v1_genomic_prodigal_proteins	512	GCA_902575935.1_AG-426-B22_genomic_prodigal_proteins	254	28	58.55	12.60	11.02
GCA_002017955.1_ASM201795v1_genomic_prodigal_proteins	512	GCA_900474295.1_UW140_genomic_prodigal_proteins	2925	253	61.61	12.79	49.41
GCA_002017955.1_ASM201795v1_genomic_prodigal_proteins	512	GCA_003211565.1_ASM321156v1_genomic_prodigal_proteins	1489	93	58.92	12.49	18.16
GCA_002017955.1_ASM201795v1_genomic_prodigal_proteins	512	GCA_003526105.1_ASM352610v1_genomic_prodigal_proteins	1581	138	61.53	13.33	26.95
GCA_002017955.1_ASM201795v1_genomic_prodigal_proteins	512	GCA_002172935.1_ASM217293v1_genomic_prodigal_proteins	1996	191	60.51	12.57	37.30
GCA_002017955.1_ASM201795v1_genomic_prodigal_proteins	512	GCA_003210335.1_ASM321033v1_genomic_prodigal_proteins	942	42	64.84	13.75	8.20
GCA_002017955.1_ASM201795v1_genomic_prodigal_proteins	512	GCA_009846115.1_ASM984611v1_genomic_prodigal_proteins	2048	281	84.78	9.60	54.88
GCA_002017955.1_ASM201795v1_genomic_prodigal_proteins	512	GCA_001693295.1_ASM169329v1_genomic_prodigal_proteins	3183	201	53.56	12.60	39.26
GCA_002017955.1_ASM201795v1_genomic_prodigal_proteins	512	GCA_900473965.1_UW179A_genomic_prodigal_proteins	3383	257	60.85	12.95	50.20
GCA_002017955.1_ASM201795v1_genomic_prodigal_proteins	512	GCA_003213755.1_ASM321375v1_genomic_prodigal_proteins	1050	122	62.26	13.46	23.83
GCA_002017955.1_ASM201795v1_genomic_prodigal_proteins	512	GCA_003209155.1_ASM320915v1_genomic_prodigal_proteins	2305	177	60.76	12.93	34.57
GCA_002017955.1_ASM201795v1_genomic_prodigal_proteins	512	GCA_003211515.1_ASM321151v1_genomic_prodigal_proteins	2451	171	60.78	13.30	33.40
GCA_002017955.1_ASM201795v1_genomic_prodigal_proteins	512	GCA_002693285.1_ASM269328v1_genomic_prodigal_proteins	2440	221	60.94	12.72	43.16
GCA_002017955.1_ASM201795v1_genomic_prodigal_proteins	512	GCA_003210555.1_ASM321055v1_genomic_prodigal_proteins	1847	134	60.43	13.36	26.17
GCA_002017955.1_ASM201795v1_genomic_prodigal_proteins	512	GCA_000155595.1_ASM15559v1_genomic_prodigal_proteins	5270	211	53.08	12.72	41.21
GCA_002017955.1_ASM201795v1_genomic_prodigal_proteins	512	GCA_001007665.1_ASM100766v1_genomic_prodigal_proteins	2356	319	85.57	9.08	62.30
GCA_002017955.1_ASM201795v1_genomic_prodigal_proteins	512	GCA_009919765.1_ASM991976v1_genomic_prodigal_proteins	2524	182	62.88	12.58	35.55
GCA_002017955.1_ASM201795v1_genomic_prodigal_proteins	512	GCA_003331225.1_ASM333122v1_genomic_prodigal_proteins	2113	219	62.78	12.55	42.77
GCA_002017955.1_ASM201795v1_genomic_prodigal_proteins	512	GCA_900177825.1_IMG-taxon_2708742468_annotated_assembly_genomic_prodigal_proteins	3317	202	53.13	12.63	39.45
GCA_002017955.1_ASM201795v1_genomic_prodigal_proteins	512	GCA_000195975.1_ASM19597v1_genomic_prodigal_proteins	2719	261	61.91	12.32	50.98
GCA_002017955.1_ASM201795v1_genomic_prodigal_proteins	512	GCA_902618885.1_AG-920-D15_genomic_prodigal_proteins	1178	102	59.94	12.61	19.92
GCA_002017955.1_ASM201795v1_genomic_prodigal_proteins	512	GCA_003209165.1_ASM320916v1_genomic_prodigal_proteins	2711	224	60.93	12.18	43.75
GCA_002017955.1_ASM201795v1_genomic_prodigal_proteins	512	GCA_001007625.1_ASM100762v1_genomic_prodigal_proteins	2478	299	85.21	10.80	58.40
GCA_002017955.1_ASM201795v1_genomic_prodigal_proteins	512	GCA_008386235.1_ASM838623v1_genomic_prodigal_proteins	2571	204	53.58	12.84	39.84
GCA_002017955.1_ASM201795v1_genomic_prodigal_proteins	512	GCA_001631935.1_ASM163193v1_genomic_prodigal_proteins	3526	252	61.17	12.98	49.22
GCA_002017955.1_ASM201795v1_genomic_prodigal_proteins	512	GCA_002151525.1_ASM215152v1_genomic_prodigal_proteins	1628	206	60.55	13.05	40.23
GCA_002017955.1_ASM201795v1_genomic_prodigal_proteins	512	GCA_000153065.1_ASM15306v1_genomic_prodigal_proteins	2704	251	62.40	12.82	49.02
GCA_002017955.1_ASM201795v1_genomic_prodigal_proteins	512	GCA_009837265.1_ASM983726v1_genomic_prodigal_proteins	2126	302	85.00	9.48	58.98
GCA_002017955.1_ASM201795v1_genomic_prodigal_proteins	512	GCA_902533725.1_AG-898-C20_genomic_prodigal_proteins	421	17	54.70	10.88	4.04
GCA_002017955.1_ASM201795v1_genomic_prodigal_proteins	512	GCA_002171075.2_ASM217107v2_genomic_prodigal_proteins	1919	183	60.99	11.49	35.74
GCA_002017955.1_ASM201795v1_genomic_prodigal_proteins	512	GCA_002760395.1_ASM276039v1_genomic_prodigal_proteins	2661	181	52.40	11.70	35.35
GCA_002017955.1_ASM201795v1_genomic_prodigal_proteins	512	GCA_003209005.1_ASM320900v1_genomic_prodigal_proteins	2548	217	61.15	12.53	42.38
GCA_002017955.1_ASM201795v1_genomic_prodigal_proteins	512	GCA_002017915.1_ASM201791v1_genomic_prodigal_proteins	623	170	97.27	10.52	33.20
GCA_002017955.1_ASM201795v1_genomic_prodigal_proteins	512	GCA_900047545.1_m9_genomic_prodigal_proteins	1575	245	84.69	9.41	47.85
GCA_002017955.1_ASM201795v1_genomic_prodigal_proteins	512	GCA_001632105.1_ASM163210v1_genomic_prodigal_proteins	3521	252	61.17	13.03	49.22
GCA_002017955.1_ASM201795v1_genomic_prodigal_proteins	512	GCA_004212765.1_ASM421276v1_genomic_prodigal_proteins	1162	122	61.62	12.62	23.83
GCA_002017955.1_ASM201795v1_genomic_prodigal_proteins	512	GCA_002685515.1_ASM268551v1_genomic_prodigal_proteins	1286	135	60.33	12.80	26.37
GCA_002017955.1_ASM201795v1_genomic_prodigal_proteins	512	GCA_007828135.1_ASM782813v1_genomic_prodigal_proteins	2917	265	61.19	12.73	51.76
GCA_002017955.1_ASM201795v1_genomic_prodigal_proteins	512	GCA_011047875.1_ASM1104787v1_genomic_prodigal_proteins	2810	186	52.16	11.47	36.33
GCA_002017955.1_ASM201795v1_genomic_prodigal_proteins	512	GCA_009840445.1_ASM984044v1_genomic_prodigal_proteins	2167	323	85.08	9.59	63.09
GCA_002017955.1_ASM201795v1_genomic_prodigal_proteins	512	GCA_003210995.1_ASM321099v1_genomic_prodigal_proteins	2385	194	60.88	12.92	37.89
GCA_002017955.1_ASM201795v1_genomic_prodigal_proteins	512	GCA_902616995.1_AG-919-L20_genomic_prodigal_proteins	654	62	61.93	13.21	12.11
GCA_002017955.1_ASM201795v1_genomic_prodigal_proteins	512	GCA_009845825.1_ASM984582v1_genomic_prodigal_proteins	2168	275	85.97	8.96	53.71
GCA_002017955.1_ASM201795v1_genomic_prodigal_proteins	512	GCA_000515235.1_ASM51523v1_genomic_prodigal_proteins	2873	262	61.26	12.54	51.17
GCA_002017955.1_ASM201795v1_genomic_prodigal_proteins	512	GCA_003523965.1_ASM352396v1_genomic_prodigal_proteins	1735	216	83.86	11.17	42.19
GCA_002017955.1_ASM201795v1_genomic_prodigal_proteins	512	GCA_002684175.1_ASM268417v1_genomic_prodigal_proteins	1819	161	59.62	12.53	31.45
GCA_002017955.1_ASM201795v1_genomic_prodigal_proteins	512	GCA_011523295.1_ASM1152329v1_genomic_prodigal_proteins	2851	194	61.28	12.17	37.89
GCA_002017955.1_ASM201795v1_genomic_prodigal_proteins	512	GCA_003211015.1_ASM321101v1_genomic_prodigal_proteins	2128	173	60.80	13.00	33.79
GCA_002017955.1_ASM201795v1_genomic_prodigal_proteins	512	GCA_002006815.1_ASM200681v1_genomic_prodigal_proteins	1973	251	61.25	12.69	49.02
GCA_002737305.1_ASM273730v1_genomic_prodigal_proteins	1951	GCA_003210515.1_ASM321051v1_genomic_prodigal_proteins	1673	708	66.11	13.66	42.32
GCA_002737305.1_ASM273730v1_genomic_prodigal_proteins	1951	GCA_011525445.1_ASM1152544v1_genomic_prodigal_proteins	3208	1050	65.73	13.61	53.82
GCA_002737305.1_ASM273730v1_genomic_prodigal_proteins	1951	GCA_902599435.1_AG-916-N22_genomic_prodigal_proteins	793	338	69.49	13.73	42.62
GCA_002737305.1_ASM273730v1_genomic_prodigal_proteins	1951	GCA_003149585.1_ASM314958v1_genomic_prodigal_proteins	2600	1377	72.94	12.94	70.58
GCA_002737305.1_ASM273730v1_genomic_prodigal_proteins	1951	GCA_902560665.1_AG-905-O11_genomic_prodigal_proteins	401	119	66.99	14.41	29.68
GCA_002737305.1_ASM273730v1_genomic_prodigal_proteins	1951	GCA_003331795.1_ASM333179v1_genomic_prodigal_proteins	1948	1000	67.30	13.83	51.33
GCA_002737305.1_ASM273730v1_genomic_prodigal_proteins	1951	GCA_002017955.1_ASM201795v1_genomic_prodigal_proteins	512	209	61.37	12.52	40.82
GCA_002737305.1_ASM273730v1_genomic_prodigal_proteins	1951	GCA_902584485.1_AG-912-O23_genomic_prodigal_proteins	535	155	65.74	15.04	28.97
GCA_002737305.1_ASM273730v1_genomic_prodigal_proteins	1951	GCA_902527915.1_AG-896-G19_genomic_prodigal_proteins	1003	412	66.87	13.72	41.08
GCA_002737305.1_ASM273730v1_genomic_prodigal_proteins	1951	GCA_902635365.1_AG-447-D19_genomic_prodigal_proteins	1690	603	66.71	14.45	35.68
GCA_002737305.1_ASM273730v1_genomic_prodigal_proteins	1951	GCA_900474085.1_UW86_genomic_prodigal_proteins	2403	1247	67.59	13.80	63.92
GCA_002737305.1_ASM273730v1_genomic_prodigal_proteins	1951	GCA_001885215.1_ASM188521v1_genomic_prodigal_proteins	2897	1362	71.71	12.40	69.81
GCA_002737305.1_ASM273730v1_genomic_prodigal_proteins	1951	GCA_902575935.1_AG-426-B22_genomic_prodigal_proteins	254	106	70.44	14.57	41.73
GCA_002737305.1_ASM273730v1_genomic_prodigal_proteins	1951	GCA_900474295.1_UW140_genomic_prodigal_proteins	2925	1281	67.51	13.79	65.66
GCA_002737305.1_ASM273730v1_genomic_prodigal_proteins	1951	GCA_003211565.1_ASM321156v1_genomic_prodigal_proteins	1489	558	66.52	14.26	37.47
GCA_002737305.1_ASM273730v1_genomic_prodigal_proteins	1951	GCA_003526105.1_ASM352610v1_genomic_prodigal_proteins	1581	674	68.39	13.63	42.63
GCA_002737305.1_ASM273730v1_genomic_prodigal_proteins	1951	GCA_002172935.1_ASM217293v1_genomic_prodigal_proteins	1996	1024	66.51	13.82	52.49
GCA_002737305.1_ASM273730v1_genomic_prodigal_proteins	1951	GCA_003210335.1_ASM321033v1_genomic_prodigal_proteins	942	232	64.94	14.38	24.63
GCA_002737305.1_ASM273730v1_genomic_prodigal_proteins	1951	GCA_009846115.1_ASM984611v1_genomic_prodigal_proteins	2048	847	62.67	12.52	43.41
GCA_002737305.1_ASM273730v1_genomic_prodigal_proteins	1951	GCA_001693295.1_ASM169329v1_genomic_prodigal_proteins	3183	895	54.59	12.83	45.87
GCA_002737305.1_ASM273730v1_genomic_prodigal_proteins	1951	GCA_900473965.1_UW179A_genomic_prodigal_proteins	3383	1278	66.65	13.84	65.50
GCA_002737305.1_ASM273730v1_genomic_prodigal_proteins	1951	GCA_003213755.1_ASM321375v1_genomic_prodigal_proteins	1050	437	66.71	14.38	41.62
GCA_002737305.1_ASM273730v1_genomic_prodigal_proteins	1951	GCA_003209155.1_ASM320915v1_genomic_prodigal_proteins	2305	970	66.29	13.74	49.72
GCA_002737305.1_ASM273730v1_genomic_prodigal_proteins	1951	GCA_003211515.1_ASM321151v1_genomic_prodigal_proteins	2451	812	65.94	13.89	41.62
GCA_002737305.1_ASM273730v1_genomic_prodigal_proteins	1951	GCA_002693285.1_ASM269328v1_genomic_prodigal_proteins	2440	1108	67.04	13.92	56.79
GCA_002737305.1_ASM273730v1_genomic_prodigal_proteins	1951	GCA_003210555.1_ASM321055v1_genomic_prodigal_proteins	1847	717	66.62	13.99	38.82
GCA_002737305.1_ASM273730v1_genomic_prodigal_proteins	1951	GCA_000155595.1_ASM15559v1_genomic_prodigal_proteins	5270	915	54.14	12.60	46.90
GCA_002737305.1_ASM273730v1_genomic_prodigal_proteins	1951	GCA_001007665.1_ASM100766v1_genomic_prodigal_proteins	2356	982	62.65	12.43	50.33
GCA_002737305.1_ASM273730v1_genomic_prodigal_proteins	1951	GCA_009919765.1_ASM991976v1_genomic_prodigal_proteins	2524	865	67.70	13.56	44.34
GCA_002737305.1_ASM273730v1_genomic_prodigal_proteins	1951	GCA_003331225.1_ASM333122v1_genomic_prodigal_proteins	2113	1092	67.49	13.42	55.97
GCA_002737305.1_ASM273730v1_genomic_prodigal_proteins	1951	GCA_900177825.1_IMG-taxon_2708742468_annotated_assembly_genomic_prodigal_proteins	3317	881	54.74	12.76	45.16
GCA_002737305.1_ASM273730v1_genomic_prodigal_proteins	1951	GCA_000195975.1_ASM19597v1_genomic_prodigal_proteins	2719	1261	67.75	13.57	64.63
GCA_002737305.1_ASM273730v1_genomic_prodigal_proteins	1951	GCA_902618885.1_AG-920-D15_genomic_prodigal_proteins	1178	484	67.63	14.78	41.09
GCA_002737305.1_ASM273730v1_genomic_prodigal_proteins	1951	GCA_003209165.1_ASM320916v1_genomic_prodigal_proteins	2711	1085	67.11	13.88	55.61
GCA_002737305.1_ASM273730v1_genomic_prodigal_proteins	1951	GCA_001007625.1_ASM100762v1_genomic_prodigal_proteins	2478	870	63.05	12.51	44.59
GCA_002737305.1_ASM273730v1_genomic_prodigal_proteins	1951	GCA_008386235.1_ASM838623v1_genomic_prodigal_proteins	2571	866	55.05	12.43	44.39
GCA_002737305.1_ASM273730v1_genomic_prodigal_proteins	1951	GCA_001631935.1_ASM163193v1_genomic_prodigal_proteins	3526	1271	66.74	13.78	65.15
GCA_002737305.1_ASM273730v1_genomic_prodigal_proteins	1951	GCA_002151525.1_ASM215152v1_genomic_prodigal_proteins	1628	951	67.14	13.93	58.42
GCA_002737305.1_ASM273730v1_genomic_prodigal_proteins	1951	GCA_000153065.1_ASM15306v1_genomic_prodigal_proteins	2704	1303	68.63	13.72	66.79
GCA_002737305.1_ASM273730v1_genomic_prodigal_proteins	1951	GCA_009837265.1_ASM983726v1_genomic_prodigal_proteins	2126	903	62.68	12.60	46.28
GCA_002737305.1_ASM273730v1_genomic_prodigal_proteins	1951	GCA_902533725.1_AG-898-C20_genomic_prodigal_proteins	421	104	69.37	13.79	24.70
GCA_002737305.1_ASM273730v1_genomic_prodigal_proteins	1951	GCA_002171075.2_ASM217107v2_genomic_prodigal_proteins	1919	946	65.37	13.50	49.30
GCA_002737305.1_ASM273730v1_genomic_prodigal_proteins	1951	GCA_002760395.1_ASM276039v1_genomic_prodigal_proteins	2661	776	54.42	11.73	39.77
GCA_002737305.1_ASM273730v1_genomic_prodigal_proteins	1951	GCA_003209005.1_ASM320900v1_genomic_prodigal_proteins	2548	1057	66.51	13.66	54.18
GCA_002737305.1_ASM273730v1_genomic_prodigal_proteins	1951	GCA_002017915.1_ASM201791v1_genomic_prodigal_proteins	623	278	65.35	13.47	44.62
GCA_002737305.1_ASM273730v1_genomic_prodigal_proteins	1951	GCA_900047545.1_m9_genomic_prodigal_proteins	1575	754	62.53	12.68	47.87
GCA_002737305.1_ASM273730v1_genomic_prodigal_proteins	1951	GCA_001632105.1_ASM163210v1_genomic_prodigal_proteins	3521	1280	66.72	13.78	65.61
GCA_002737305.1_ASM273730v1_genomic_prodigal_proteins	1951	GCA_004212765.1_ASM421276v1_genomic_prodigal_proteins	1162	663	67.40	13.28	57.06
GCA_002737305.1_ASM273730v1_genomic_prodigal_proteins	1951	GCA_002685515.1_ASM268551v1_genomic_prodigal_proteins	1286	679	66.00	13.38	52.80
GCA_002737305.1_ASM273730v1_genomic_prodigal_proteins	1951	GCA_007828135.1_ASM782813v1_genomic_prodigal_proteins	2917	1364	71.73	12.39	69.91
GCA_002737305.1_ASM273730v1_genomic_prodigal_proteins	1951	GCA_011047875.1_ASM1104787v1_genomic_prodigal_proteins	2810	787	54.16	11.93	40.34
GCA_002737305.1_ASM273730v1_genomic_prodigal_proteins	1951	GCA_009840445.1_ASM984044v1_genomic_prodigal_proteins	2167	996	62.72	12.52	51.05
GCA_002737305.1_ASM273730v1_genomic_prodigal_proteins	1951	GCA_003210995.1_ASM321099v1_genomic_prodigal_proteins	2385	924	66.38	14.06	47.36
GCA_002737305.1_ASM273730v1_genomic_prodigal_proteins	1951	GCA_902616995.1_AG-919-L20_genomic_prodigal_proteins	654	219	66.49	14.32	33.49
GCA_002737305.1_ASM273730v1_genomic_prodigal_proteins	1951	GCA_009845825.1_ASM984582v1_genomic_prodigal_proteins	2168	848	62.85	12.36	43.46
GCA_002737305.1_ASM273730v1_genomic_prodigal_proteins	1951	GCA_000515235.1_ASM51523v1_genomic_prodigal_proteins	2873	1267	67.00	13.69	64.94
GCA_002737305.1_ASM273730v1_genomic_prodigal_proteins	1951	GCA_003523965.1_ASM352396v1_genomic_prodigal_proteins	1735	668	63.59	12.69	38.50
GCA_002737305.1_ASM273730v1_genomic_prodigal_proteins	1951	GCA_002684175.1_ASM268417v1_genomic_prodigal_proteins	1819	759	64.39	13.65	41.73
GCA_002737305.1_ASM273730v1_genomic_prodigal_proteins	1951	GCA_011523295.1_ASM1152329v1_genomic_prodigal_proteins	2851	980	65.65	13.64	50.23
GCA_002737305.1_ASM273730v1_genomic_prodigal_proteins	1951	GCA_003211015.1_ASM321101v1_genomic_prodigal_proteins	2128	917	66.49	13.61	47.00
GCA_002737305.1_ASM273730v1_genomic_prodigal_proteins	1951	GCA_002006815.1_ASM200681v1_genomic_prodigal_proteins	1973	1156	67.65	13.59	59.25
GCA_003210515.1_ASM321051v1_genomic_prodigal_proteins	1673	GCA_011525445.1_ASM1152544v1_genomic_prodigal_proteins	3208	883	68.23	13.77	52.78
GCA_003210515.1_ASM321051v1_genomic_prodigal_proteins	1673	GCA_902599435.1_AG-916-N22_genomic_prodigal_proteins	793	309	73.11	14.51	38.97
GCA_003210515.1_ASM321051v1_genomic_prodigal_proteins	1673	GCA_003149585.1_ASM314958v1_genomic_prodigal_proteins	2600	957	65.78	14.01	57.20
GCA_003210515.1_ASM321051v1_genomic_prodigal_proteins	1673	GCA_902560665.1_AG-905-O11_genomic_prodigal_proteins	401	96	71.48	16.58	23.94
GCA_003210515.1_ASM321051v1_genomic_prodigal_proteins	1673	GCA_003331795.1_ASM333179v1_genomic_prodigal_proteins	1948	778	64.46	14.82	46.50
GCA_003210515.1_ASM321051v1_genomic_prodigal_proteins	1673	GCA_002017955.1_ASM201795v1_genomic_prodigal_proteins	512	161	60.67	12.91	31.45
GCA_003210515.1_ASM321051v1_genomic_prodigal_proteins	1673	GCA_902584485.1_AG-912-O23_genomic_prodigal_proteins	535	176	72.23	14.79	32.90
GCA_003210515.1_ASM321051v1_genomic_prodigal_proteins	1673	GCA_902527915.1_AG-896-G19_genomic_prodigal_proteins	1003	411	73.50	14.83	40.98
GCA_003210515.1_ASM321051v1_genomic_prodigal_proteins	1673	GCA_902635365.1_AG-447-D19_genomic_prodigal_proteins	1690	743	91.21	8.83	44.41
GCA_003210515.1_ASM321051v1_genomic_prodigal_proteins	1673	GCA_900474085.1_UW86_genomic_prodigal_proteins	2403	1114	76.58	13.00	66.59
GCA_003210515.1_ASM321051v1_genomic_prodigal_proteins	1673	GCA_001885215.1_ASM188521v1_genomic_prodigal_proteins	2897	904	64.98	13.54	54.03
GCA_003210515.1_ASM321051v1_genomic_prodigal_proteins	1673	GCA_902575935.1_AG-426-B22_genomic_prodigal_proteins	254	73	72.85	16.77	28.74
GCA_003210515.1_ASM321051v1_genomic_prodigal_proteins	1673	GCA_900474295.1_UW140_genomic_prodigal_proteins	2925	1062	69.69	13.60	63.48
GCA_003210515.1_ASM321051v1_genomic_prodigal_proteins	1673	GCA_003211565.1_ASM321156v1_genomic_prodigal_proteins	1489	534	74.79	13.46	35.86
GCA_003210515.1_ASM321051v1_genomic_prodigal_proteins	1673	GCA_003526105.1_ASM352610v1_genomic_prodigal_proteins	1581	607	77.16	13.52	38.39
GCA_003210515.1_ASM321051v1_genomic_prodigal_proteins	1673	GCA_002172935.1_ASM217293v1_genomic_prodigal_proteins	1996	779	68.89	13.76	46.56
GCA_003210515.1_ASM321051v1_genomic_prodigal_proteins	1673	GCA_003210335.1_ASM321033v1_genomic_prodigal_proteins	942	255	67.04	14.52	27.07
GCA_003210515.1_ASM321051v1_genomic_prodigal_proteins	1673	GCA_009846115.1_ASM984611v1_genomic_prodigal_proteins	2048	589	60.07	12.90	35.21
GCA_003210515.1_ASM321051v1_genomic_prodigal_proteins	1673	GCA_001693295.1_ASM169329v1_genomic_prodigal_proteins	3183	614	52.48	12.73	36.70
GCA_003210515.1_ASM321051v1_genomic_prodigal_proteins	1673	GCA_900473965.1_UW179A_genomic_prodigal_proteins	3383	1062	68.96	13.90	63.48
GCA_003210515.1_ASM321051v1_genomic_prodigal_proteins	1673	GCA_003213755.1_ASM321375v1_genomic_prodigal_proteins	1050	319	64.17	15.00	30.38
GCA_003210515.1_ASM321051v1_genomic_prodigal_proteins	1673	GCA_003209155.1_ASM320915v1_genomic_prodigal_proteins	2305	831	68.87	13.90	49.67
GCA_003210515.1_ASM321051v1_genomic_prodigal_proteins	1673	GCA_003211515.1_ASM321151v1_genomic_prodigal_proteins	2451	805	72.95	13.73	48.12
GCA_003210515.1_ASM321051v1_genomic_prodigal_proteins	1673	GCA_002693285.1_ASM269328v1_genomic_prodigal_proteins	2440	952	69.04	13.94	56.90
GCA_003210515.1_ASM321051v1_genomic_prodigal_proteins	1673	GCA_003210555.1_ASM321055v1_genomic_prodigal_proteins	1847	588	68.31	13.42	35.15
GCA_003210515.1_ASM321051v1_genomic_prodigal_proteins	1673	GCA_000155595.1_ASM15559v1_genomic_prodigal_proteins	5270	627	52.10	12.54	37.48
GCA_003210515.1_ASM321051v1_genomic_prodigal_proteins	1673	GCA_001007665.1_ASM100766v1_genomic_prodigal_proteins	2356	678	59.82	12.95	40.53
GCA_003210515.1_ASM321051v1_genomic_prodigal_proteins	1673	GCA_009919765.1_ASM991976v1_genomic_prodigal_proteins	2524	653	63.97	14.66	39.03
GCA_003210515.1_ASM321051v1_genomic_prodigal_proteins	1673	GCA_003331225.1_ASM333122v1_genomic_prodigal_proteins	2113	819	64.27	14.41	48.95
GCA_003210515.1_ASM321051v1_genomic_prodigal_proteins	1673	GCA_900177825.1_IMG-taxon_2708742468_annotated_assembly_genomic_prodigal_proteins	3317	604	52.45	12.80	36.10
GCA_003210515.1_ASM321051v1_genomic_prodigal_proteins	1673	GCA_000195975.1_ASM19597v1_genomic_prodigal_proteins	2719	1114	75.57	13.30	66.59
GCA_003210515.1_ASM321051v1_genomic_prodigal_proteins	1673	GCA_902618885.1_AG-920-D15_genomic_prodigal_proteins	1178	427	73.22	15.39	36.25
GCA_003210515.1_ASM321051v1_genomic_prodigal_proteins	1673	GCA_003209165.1_ASM320916v1_genomic_prodigal_proteins	2711	992	75.31	13.24	59.29
GCA_003210515.1_ASM321051v1_genomic_prodigal_proteins	1673	GCA_001007625.1_ASM100762v1_genomic_prodigal_proteins	2478	597	60.26	13.04	35.68
GCA_003210515.1_ASM321051v1_genomic_prodigal_proteins	1673	GCA_008386235.1_ASM838623v1_genomic_prodigal_proteins	2571	577	52.89	12.57	34.49
GCA_003210515.1_ASM321051v1_genomic_prodigal_proteins	1673	GCA_001631935.1_ASM163193v1_genomic_prodigal_proteins	3526	1069	68.98	14.14	63.90
GCA_003210515.1_ASM321051v1_genomic_prodigal_proteins	1673	GCA_002151525.1_ASM215152v1_genomic_prodigal_proteins	1628	627	62.87	13.96	38.51
GCA_003210515.1_ASM321051v1_genomic_prodigal_proteins	1673	GCA_000153065.1_ASM15306v1_genomic_prodigal_proteins	2704	971	70.51	13.29	58.04
GCA_003210515.1_ASM321051v1_genomic_prodigal_proteins	1673	GCA_009837265.1_ASM983726v1_genomic_prodigal_proteins	2126	606	60.37	12.89	36.22
GCA_003210515.1_ASM321051v1_genomic_prodigal_proteins	1673	GCA_902533725.1_AG-898-C20_genomic_prodigal_proteins	421	117	71.25	14.77	27.79
GCA_003210515.1_ASM321051v1_genomic_prodigal_proteins	1673	GCA_002171075.2_ASM217107v2_genomic_prodigal_proteins	1919	681	62.53	13.88	40.71
GCA_003210515.1_ASM321051v1_genomic_prodigal_proteins	1673	GCA_002760395.1_ASM276039v1_genomic_prodigal_proteins	2661	506	52.40	12.19	30.25
GCA_003210515.1_ASM321051v1_genomic_prodigal_proteins	1673	GCA_003209005.1_ASM320900v1_genomic_prodigal_proteins	2548	923	68.55	14.28	55.17
GCA_003210515.1_ASM321051v1_genomic_prodigal_proteins	1673	GCA_002017915.1_ASM201791v1_genomic_prodigal_proteins	623	179	62.01	13.61	28.73
GCA_003210515.1_ASM321051v1_genomic_prodigal_proteins	1673	GCA_900047545.1_m9_genomic_prodigal_proteins	1575	501	59.38	12.66	31.81
GCA_003210515.1_ASM321051v1_genomic_prodigal_proteins	1673	GCA_001632105.1_ASM163210v1_genomic_prodigal_proteins	3521	1071	69.05	14.15	64.02
GCA_003210515.1_ASM321051v1_genomic_prodigal_proteins	1673	GCA_004212765.1_ASM421276v1_genomic_prodigal_proteins	1162	588	75.41	13.36	50.60
GCA_003210515.1_ASM321051v1_genomic_prodigal_proteins	1673	GCA_002685515.1_ASM268551v1_genomic_prodigal_proteins	1286	536	68.02	14.29	41.68
GCA_003210515.1_ASM321051v1_genomic_prodigal_proteins	1673	GCA_007828135.1_ASM782813v1_genomic_prodigal_proteins	2917	905	64.97	13.54	54.09
GCA_003210515.1_ASM321051v1_genomic_prodigal_proteins	1673	GCA_011047875.1_ASM1104787v1_genomic_prodigal_proteins	2810	509	52.46	12.34	30.42
GCA_003210515.1_ASM321051v1_genomic_prodigal_proteins	1673	GCA_009840445.1_ASM984044v1_genomic_prodigal_proteins	2167	682	60.32	12.88	40.77
GCA_003210515.1_ASM321051v1_genomic_prodigal_proteins	1673	GCA_003210995.1_ASM321099v1_genomic_prodigal_proteins	2385	796	68.55	14.19	47.58
GCA_003210515.1_ASM321051v1_genomic_prodigal_proteins	1673	GCA_902616995.1_AG-919-L20_genomic_prodigal_proteins	654	257	73.04	14.59	39.30
GCA_003210515.1_ASM321051v1_genomic_prodigal_proteins	1673	GCA_009845825.1_ASM984582v1_genomic_prodigal_proteins	2168	581	60.04	12.84	34.73
GCA_003210515.1_ASM321051v1_genomic_prodigal_proteins	1673	GCA_000515235.1_ASM51523v1_genomic_prodigal_proteins	2873	1111	73.71	13.18	66.41
GCA_003210515.1_ASM321051v1_genomic_prodigal_proteins	1673	GCA_003523965.1_ASM352396v1_genomic_prodigal_proteins	1735	440	61.22	13.08	26.30
GCA_003210515.1_ASM321051v1_genomic_prodigal_proteins	1673	GCA_002684175.1_ASM268417v1_genomic_prodigal_proteins	1819	699	73.39	12.57	41.78
GCA_003210515.1_ASM321051v1_genomic_prodigal_proteins	1673	GCA_011523295.1_ASM1152329v1_genomic_prodigal_proteins	2851	904	72.48	13.87	54.03
GCA_003210515.1_ASM321051v1_genomic_prodigal_proteins	1673	GCA_003211015.1_ASM321101v1_genomic_prodigal_proteins	2128	794	69.54	14.08	47.46
GCA_003210515.1_ASM321051v1_genomic_prodigal_proteins	1673	GCA_002006815.1_ASM200681v1_genomic_prodigal_proteins	1973	764	63.34	14.05	45.67
GCA_003211565.1_ASM321156v1_genomic_prodigal_proteins	1489	GCA_003526105.1_ASM352610v1_genomic_prodigal_proteins	1581	550	94.75	8.44	36.94
GCA_003211565.1_ASM321156v1_genomic_prodigal_proteins	1489	GCA_002172935.1_ASM217293v1_genomic_prodigal_proteins	1996	631	69.86	14.06	42.38
GCA_003211565.1_ASM321156v1_genomic_prodigal_proteins	1489	GCA_003210335.1_ASM321033v1_genomic_prodigal_proteins	942	140	63.40	14.87	14.86
GCA_003211565.1_ASM321156v1_genomic_prodigal_proteins	1489	GCA_009846115.1_ASM984611v1_genomic_prodigal_proteins	2048	457	61.29	13.14	30.69
GCA_003211565.1_ASM321156v1_genomic_prodigal_proteins	1489	GCA_001693295.1_ASM169329v1_genomic_prodigal_proteins	3183	479	53.39	13.01	32.17
GCA_003211565.1_ASM321156v1_genomic_prodigal_proteins	1489	GCA_900473965.1_UW179A_genomic_prodigal_proteins	3383	862	70.16	14.15	57.89
GCA_003211565.1_ASM321156v1_genomic_prodigal_proteins	1489	GCA_003213755.1_ASM321375v1_genomic_prodigal_proteins	1050	257	65.31	15.33	24.48
GCA_003211565.1_ASM321156v1_genomic_prodigal_proteins	1489	GCA_003209155.1_ASM320915v1_genomic_prodigal_proteins	2305	654	70.01	14.46	43.92
GCA_003211565.1_ASM321156v1_genomic_prodigal_proteins	1489	GCA_003211515.1_ASM321151v1_genomic_prodigal_proteins	2451	609	74.08	13.47	40.90
GCA_003211565.1_ASM321156v1_genomic_prodigal_proteins	1489	GCA_002693285.1_ASM269328v1_genomic_prodigal_proteins	2440	741	69.88	13.98	49.76
GCA_003211565.1_ASM321156v1_genomic_prodigal_proteins	1489	GCA_003210555.1_ASM321055v1_genomic_prodigal_proteins	1847	481	68.47	13.96	32.30
GCA_003211565.1_ASM321156v1_genomic_prodigal_proteins	1489	GCA_000155595.1_ASM15559v1_genomic_prodigal_proteins	5270	501	52.87	12.77	33.65
GCA_003211565.1_ASM321156v1_genomic_prodigal_proteins	1489	GCA_001007665.1_ASM100766v1_genomic_prodigal_proteins	2356	513	60.85	12.88	34.45
GCA_003211565.1_ASM321156v1_genomic_prodigal_proteins	1489	GCA_009919765.1_ASM991976v1_genomic_prodigal_proteins	2524	536	64.83	14.81	36.00
GCA_003211565.1_ASM321156v1_genomic_prodigal_proteins	1489	GCA_003331225.1_ASM333122v1_genomic_prodigal_proteins	2113	647	65.63	14.22	43.45
GCA_003211565.1_ASM321156v1_genomic_prodigal_proteins	1489	GCA_900177825.1_IMG-taxon_2708742468_annotated_assembly_genomic_prodigal_proteins	3317	477	53.36	13.07	32.03
GCA_003211565.1_ASM321156v1_genomic_prodigal_proteins	1489	GCA_000195975.1_ASM19597v1_genomic_prodigal_proteins	2719	940	78.11	13.04	63.13
GCA_003211565.1_ASM321156v1_genomic_prodigal_proteins	1489	GCA_902618885.1_AG-920-D15_genomic_prodigal_proteins	1178	430	77.89	13.46	36.50
GCA_003211565.1_ASM321156v1_genomic_prodigal_proteins	1489	GCA_003209165.1_ASM320916v1_genomic_prodigal_proteins	2711	877	89.87	8.55	58.90
GCA_003211565.1_ASM321156v1_genomic_prodigal_proteins	1489	GCA_001007625.1_ASM100762v1_genomic_prodigal_proteins	2478	459	61.23	12.85	30.83
GCA_003211565.1_ASM321156v1_genomic_prodigal_proteins	1489	GCA_008386235.1_ASM838623v1_genomic_prodigal_proteins	2571	454	53.69	12.43	30.49
GCA_003211565.1_ASM321156v1_genomic_prodigal_proteins	1489	GCA_001631935.1_ASM163193v1_genomic_prodigal_proteins	3526	850	69.93	14.27	57.09
GCA_003211565.1_ASM321156v1_genomic_prodigal_proteins	1489	GCA_002151525.1_ASM215152v1_genomic_prodigal_proteins	1628	489	63.45	14.52	32.84
GCA_003211565.1_ASM321156v1_genomic_prodigal_proteins	1489	GCA_000153065.1_ASM15306v1_genomic_prodigal_proteins	2704	765	71.47	13.49	51.38
GCA_003211565.1_ASM321156v1_genomic_prodigal_proteins	1489	GCA_009837265.1_ASM983726v1_genomic_prodigal_proteins	2126	487	61.31	13.04	32.71
GCA_003211565.1_ASM321156v1_genomic_prodigal_proteins	1489	GCA_902533725.1_AG-898-C20_genomic_prodigal_proteins	421	169	91.76	10.24	40.14
GCA_003211565.1_ASM321156v1_genomic_prodigal_proteins	1489	GCA_002171075.2_ASM217107v2_genomic_prodigal_proteins	1919	565	64.64	13.88	37.94
GCA_003211565.1_ASM321156v1_genomic_prodigal_proteins	1489	GCA_002760395.1_ASM276039v1_genomic_prodigal_proteins	2661	405	52.74	12.40	27.20
GCA_003211565.1_ASM321156v1_genomic_prodigal_proteins	1489	GCA_003209005.1_ASM320900v1_genomic_prodigal_proteins	2548	732	69.37	14.25	49.16
GCA_003211565.1_ASM321156v1_genomic_prodigal_proteins	1489	GCA_002017915.1_ASM201791v1_genomic_prodigal_proteins	623	133	64.77	13.24	21.35
GCA_003211565.1_ASM321156v1_genomic_prodigal_proteins	1489	GCA_900047545.1_m9_genomic_prodigal_proteins	1575	407	61.10	12.72	27.33
GCA_003211565.1_ASM321156v1_genomic_prodigal_proteins	1489	GCA_001632105.1_ASM163210v1_genomic_prodigal_proteins	3521	853	69.93	14.27	57.29
GCA_003211565.1_ASM321156v1_genomic_prodigal_proteins	1489	GCA_004212765.1_ASM421276v1_genomic_prodigal_proteins	1162	441	77.31	13.75	37.95
GCA_003211565.1_ASM321156v1_genomic_prodigal_proteins	1489	GCA_002685515.1_ASM268551v1_genomic_prodigal_proteins	1286	446	68.85	14.15	34.68
GCA_003211565.1_ASM321156v1_genomic_prodigal_proteins	1489	GCA_007828135.1_ASM782813v1_genomic_prodigal_proteins	2917	702	65.74	13.66	47.15
GCA_003211565.1_ASM321156v1_genomic_prodigal_proteins	1489	GCA_011047875.1_ASM1104787v1_genomic_prodigal_proteins	2810	415	52.75	12.50	27.87
GCA_003211565.1_ASM321156v1_genomic_prodigal_proteins	1489	GCA_009840445.1_ASM984044v1_genomic_prodigal_proteins	2167	533	61.21	12.92	35.80
GCA_003211565.1_ASM321156v1_genomic_prodigal_proteins	1489	GCA_003210995.1_ASM321099v1_genomic_prodigal_proteins	2385	603	69.78	14.87	40.50
GCA_003211565.1_ASM321156v1_genomic_prodigal_proteins	1489	GCA_902616995.1_AG-919-L20_genomic_prodigal_proteins	654	186	75.97	15.52	28.44
GCA_003211565.1_ASM321156v1_genomic_prodigal_proteins	1489	GCA_009845825.1_ASM984582v1_genomic_prodigal_proteins	2168	456	61.51	13.01	30.62
GCA_003211565.1_ASM321156v1_genomic_prodigal_proteins	1489	GCA_000515235.1_ASM51523v1_genomic_prodigal_proteins	2873	872	75.23	13.25	58.56
GCA_003211565.1_ASM321156v1_genomic_prodigal_proteins	1489	GCA_003523965.1_ASM352396v1_genomic_prodigal_proteins	1735	346	62.82	12.76	23.24
GCA_003211565.1_ASM321156v1_genomic_prodigal_proteins	1489	GCA_002684175.1_ASM268417v1_genomic_prodigal_proteins	1819	566	75.03	11.90	38.01
GCA_003211565.1_ASM321156v1_genomic_prodigal_proteins	1489	GCA_011523295.1_ASM1152329v1_genomic_prodigal_proteins	2851	713	75.63	14.07	47.88
GCA_003211565.1_ASM321156v1_genomic_prodigal_proteins	1489	GCA_003211015.1_ASM321101v1_genomic_prodigal_proteins	2128	613	69.53	14.32	41.17
GCA_003211565.1_ASM321156v1_genomic_prodigal_proteins	1489	GCA_002006815.1_ASM200681v1_genomic_prodigal_proteins	1973	602	63.60	14.40	40.43
GCA_900474085.1_UW86_genomic_prodigal_proteins	2403	GCA_001885215.1_ASM188521v1_genomic_prodigal_proteins	2897	1575	66.32	13.29	65.54
GCA_900474085.1_UW86_genomic_prodigal_proteins	2403	GCA_902575935.1_AG-426-B22_genomic_prodigal_proteins	254	189	97.06	6.71	74.41
GCA_900474085.1_UW86_genomic_prodigal_proteins	2403	GCA_900474295.1_UW140_genomic_prodigal_proteins	2925	1795	71.69	13.70	74.70
GCA_900474085.1_UW86_genomic_prodigal_proteins	2403	GCA_003211565.1_ASM321156v1_genomic_prodigal_proteins	1489	985	94.20	7.48	66.15
GCA_900474085.1_UW86_genomic_prodigal_proteins	2403	GCA_003526105.1_ASM352610v1_genomic_prodigal_proteins	1581	1118	98.02	4.97	70.71
GCA_900474085.1_UW86_genomic_prodigal_proteins	2403	GCA_002172935.1_ASM217293v1_genomic_prodigal_proteins	1996	1363	70.78	13.59	68.29
GCA_900474085.1_UW86_genomic_prodigal_proteins	2403	GCA_003210335.1_ASM321033v1_genomic_prodigal_proteins	942	362	67.66	14.60	38.43
GCA_900474085.1_UW86_genomic_prodigal_proteins	2403	GCA_009846115.1_ASM984611v1_genomic_prodigal_proteins	2048	1048	61.16	12.86	51.17
GCA_900474085.1_UW86_genomic_prodigal_proteins	2403	GCA_001693295.1_ASM169329v1_genomic_prodigal_proteins	3183	1049	53.67	12.75	43.65
GCA_900474085.1_UW86_genomic_prodigal_proteins	2403	GCA_900473965.1_UW179A_genomic_prodigal_proteins	3383	1801	71.03	13.80	74.95
GCA_900474085.1_UW86_genomic_prodigal_proteins	2403	GCA_003213755.1_ASM321375v1_genomic_prodigal_proteins	1050	564	66.15	14.44	53.71
GCA_900474085.1_UW86_genomic_prodigal_proteins	2403	GCA_003209155.1_ASM320915v1_genomic_prodigal_proteins	2305	1361	70.91	13.78	59.05
GCA_900474085.1_UW86_genomic_prodigal_proteins	2403	GCA_003211515.1_ASM321151v1_genomic_prodigal_proteins	2451	1223	75.17	13.41	50.89
GCA_900474085.1_UW86_genomic_prodigal_proteins	2403	GCA_002693285.1_ASM269328v1_genomic_prodigal_proteins	2440	1577	71.35	13.75	65.63
GCA_900474085.1_UW86_genomic_prodigal_proteins	2403	GCA_003210555.1_ASM321055v1_genomic_prodigal_proteins	1847	1009	69.94	13.35	54.63
GCA_900474085.1_UW86_genomic_prodigal_proteins	2403	GCA_000155595.1_ASM15559v1_genomic_prodigal_proteins	5270	1097	53.13	12.64	45.65
GCA_900474085.1_UW86_genomic_prodigal_proteins	2403	GCA_001007665.1_ASM100766v1_genomic_prodigal_proteins	2356	1200	60.89	12.89	50.93
GCA_900474085.1_UW86_genomic_prodigal_proteins	2403	GCA_009919765.1_ASM991976v1_genomic_prodigal_proteins	2524	1121	66.60	14.62	46.65
GCA_900474085.1_UW86_genomic_prodigal_proteins	2403	GCA_003331225.1_ASM333122v1_genomic_prodigal_proteins	2113	1417	66.23	13.91	67.06
GCA_900474085.1_UW86_genomic_prodigal_proteins	2403	GCA_900177825.1_IMG-taxon_2708742468_annotated_assembly_genomic_prodigal_proteins	3317	1042	53.65	12.78	43.36
GCA_900474085.1_UW86_genomic_prodigal_proteins	2403	GCA_000195975.1_ASM19597v1_genomic_prodigal_proteins	2719	1927	78.66	13.06	80.19
GCA_900474085.1_UW86_genomic_prodigal_proteins	2403	GCA_902618885.1_AG-920-D15_genomic_prodigal_proteins	1178	760	78.82	13.52	64.52
GCA_900474085.1_UW86_genomic_prodigal_proteins	2403	GCA_003209165.1_ASM320916v1_genomic_prodigal_proteins	2711	1755	90.82	8.54	73.03
GCA_900474085.1_UW86_genomic_prodigal_proteins	2403	GCA_001007625.1_ASM100762v1_genomic_prodigal_proteins	2478	1044	61.50	12.93	43.45
GCA_900474085.1_UW86_genomic_prodigal_proteins	2403	GCA_008386235.1_ASM838623v1_genomic_prodigal_proteins	2571	996	54.09	12.40	41.45
GCA_900474085.1_UW86_genomic_prodigal_proteins	2403	GCA_001631935.1_ASM163193v1_genomic_prodigal_proteins	3526	1797	71.04	13.85	74.78
GCA_900474085.1_UW86_genomic_prodigal_proteins	2403	GCA_002151525.1_ASM215152v1_genomic_prodigal_proteins	1628	1086	64.32	13.93	66.71
GCA_900474085.1_UW86_genomic_prodigal_proteins	2403	GCA_000153065.1_ASM15306v1_genomic_prodigal_proteins	2704	1698	72.43	13.26	70.66
GCA_900474085.1_UW86_genomic_prodigal_proteins	2403	GCA_009837265.1_ASM983726v1_genomic_prodigal_proteins	2126	1109	61.27	12.82	52.16
GCA_900474085.1_UW86_genomic_prodigal_proteins	2403	GCA_902533725.1_AG-898-C20_genomic_prodigal_proteins	421	226	92.90	9.46	53.68
GCA_900474085.1_UW86_genomic_prodigal_proteins	2403	GCA_002171075.2_ASM217107v2_genomic_prodigal_proteins	1919	1203	64.50	13.53	62.69
GCA_900474085.1_UW86_genomic_prodigal_proteins	2403	GCA_002760395.1_ASM276039v1_genomic_prodigal_proteins	2661	891	53.23	11.83	37.08
GCA_900474085.1_UW86_genomic_prodigal_proteins	2403	GCA_003209005.1_ASM320900v1_genomic_prodigal_proteins	2548	1499	70.79	13.87	62.38
GCA_900474085.1_UW86_genomic_prodigal_proteins	2403	GCA_002017915.1_ASM201791v1_genomic_prodigal_proteins	623	326	63.94	13.18	52.33
GCA_900474085.1_UW86_genomic_prodigal_proteins	2403	GCA_900047545.1_m9_genomic_prodigal_proteins	1575	919	61.20	12.72	58.35
GCA_900474085.1_UW86_genomic_prodigal_proteins	2403	GCA_001632105.1_ASM163210v1_genomic_prodigal_proteins	3521	1807	70.99	13.87	75.20
GCA_900474085.1_UW86_genomic_prodigal_proteins	2403	GCA_004212765.1_ASM421276v1_genomic_prodigal_proteins	1162	903	78.22	13.03	77.71
GCA_900474085.1_UW86_genomic_prodigal_proteins	2403	GCA_002685515.1_ASM268551v1_genomic_prodigal_proteins	1286	908	70.18	13.68	70.61
GCA_900474085.1_UW86_genomic_prodigal_proteins	2403	GCA_007828135.1_ASM782813v1_genomic_prodigal_proteins	2917	1574	66.33	13.29	65.50
GCA_900474085.1_UW86_genomic_prodigal_proteins	2403	GCA_011047875.1_ASM1104787v1_genomic_prodigal_proteins	2810	898	53.22	11.91	37.37
GCA_900474085.1_UW86_genomic_prodigal_proteins	2403	GCA_009840445.1_ASM984044v1_genomic_prodigal_proteins	2167	1207	61.24	12.86	55.70
GCA_900474085.1_UW86_genomic_prodigal_proteins	2403	GCA_003210995.1_ASM321099v1_genomic_prodigal_proteins	2385	1313	71.10	14.08	55.05
GCA_900474085.1_UW86_genomic_prodigal_proteins	2403	GCA_902616995.1_AG-919-L20_genomic_prodigal_proteins	654	386	77.86	13.53	59.02
GCA_900474085.1_UW86_genomic_prodigal_proteins	2403	GCA_009845825.1_ASM984582v1_genomic_prodigal_proteins	2168	1025	61.45	12.72	47.28
GCA_900474085.1_UW86_genomic_prodigal_proteins	2403	GCA_000515235.1_ASM51523v1_genomic_prodigal_proteins	2873	1860	76.08	13.06	77.40
GCA_900474085.1_UW86_genomic_prodigal_proteins	2403	GCA_003523965.1_ASM352396v1_genomic_prodigal_proteins	1735	771	62.56	12.96	44.44
GCA_900474085.1_UW86_genomic_prodigal_proteins	2403	GCA_002684175.1_ASM268417v1_genomic_prodigal_proteins	1819	1127	75.87	11.88	61.96
GCA_900474085.1_UW86_genomic_prodigal_proteins	2403	GCA_011523295.1_ASM1152329v1_genomic_prodigal_proteins	2851	1486	76.88	13.47	61.84
GCA_900474085.1_UW86_genomic_prodigal_proteins	2403	GCA_003211015.1_ASM321101v1_genomic_prodigal_proteins	2128	1296	71.15	13.65	60.90
GCA_900474085.1_UW86_genomic_prodigal_proteins	2403	GCA_002006815.1_ASM200681v1_genomic_prodigal_proteins	1973	1346	64.50	13.80	68.22
GCA_900474295.1_UW140_genomic_prodigal_proteins	2925	GCA_003211565.1_ASM321156v1_genomic_prodigal_proteins	1489	819	70.70	13.65	55.00
GCA_900474295.1_UW140_genomic_prodigal_proteins	2925	GCA_003526105.1_ASM352610v1_genomic_prodigal_proteins	1581	954	72.36	13.64	60.34
GCA_900474295.1_UW140_genomic_prodigal_proteins	2925	GCA_002172935.1_ASM217293v1_genomic_prodigal_proteins	1996	1466	72.25	13.26	73.45
GCA_900474295.1_UW140_genomic_prodigal_proteins	2925	GCA_003210335.1_ASM321033v1_genomic_prodigal_proteins	942	428	69.75	14.69	45.44
GCA_900474295.1_UW140_genomic_prodigal_proteins	2925	GCA_009846115.1_ASM984611v1_genomic_prodigal_proteins	2048	1041	61.22	12.87	50.83
GCA_900474295.1_UW140_genomic_prodigal_proteins	2925	GCA_001693295.1_ASM169329v1_genomic_prodigal_proteins	3183	1078	53.37	12.85	36.85
GCA_900474295.1_UW140_genomic_prodigal_proteins	2925	GCA_900473965.1_UW179A_genomic_prodigal_proteins	3383	2042	72.45	13.57	69.81
GCA_900474295.1_UW140_genomic_prodigal_proteins	2925	GCA_003213755.1_ASM321375v1_genomic_prodigal_proteins	1050	596	65.27	14.88	56.76
GCA_900474295.1_UW140_genomic_prodigal_proteins	2925	GCA_003209155.1_ASM320915v1_genomic_prodigal_proteins	2305	1544	72.53	13.47	66.98
GCA_900474295.1_UW140_genomic_prodigal_proteins	2925	GCA_003211515.1_ASM321151v1_genomic_prodigal_proteins	2451	1266	69.47	14.23	51.65
GCA_900474295.1_UW140_genomic_prodigal_proteins	2925	GCA_002693285.1_ASM269328v1_genomic_prodigal_proteins	2440	1722	72.42	13.42	70.57
GCA_900474295.1_UW140_genomic_prodigal_proteins	2925	GCA_003210555.1_ASM321055v1_genomic_prodigal_proteins	1847	1157	71.75	13.34	62.64
GCA_900474295.1_UW140_genomic_prodigal_proteins	2925	GCA_000155595.1_ASM15559v1_genomic_prodigal_proteins	5270	1136	52.73	12.70	38.84
GCA_900474295.1_UW140_genomic_prodigal_proteins	2925	GCA_001007665.1_ASM100766v1_genomic_prodigal_proteins	2356	1201	60.97	12.65	50.98
GCA_900474295.1_UW140_genomic_prodigal_proteins	2925	GCA_009919765.1_ASM991976v1_genomic_prodigal_proteins	2524	1131	65.77	14.14	44.81
GCA_900474295.1_UW140_genomic_prodigal_proteins	2925	GCA_003331225.1_ASM333122v1_genomic_prodigal_proteins	2113	1474	65.59	14.05	69.76
GCA_900474295.1_UW140_genomic_prodigal_proteins	2925	GCA_900177825.1_IMG-taxon_2708742468_annotated_assembly_genomic_prodigal_proteins	3317	1069	53.36	12.91	36.55
GCA_900474295.1_UW140_genomic_prodigal_proteins	2925	GCA_000195975.1_ASM19597v1_genomic_prodigal_proteins	2719	1819	71.66	13.49	66.90
GCA_900474295.1_UW140_genomic_prodigal_proteins	2925	GCA_902618885.1_AG-920-D15_genomic_prodigal_proteins	1178	702	71.95	14.33	59.59
GCA_900474295.1_UW140_genomic_prodigal_proteins	2925	GCA_003209165.1_ASM320916v1_genomic_prodigal_proteins	2711	1566	71.01	13.75	57.76
GCA_900474295.1_UW140_genomic_prodigal_proteins	2925	GCA_001007625.1_ASM100762v1_genomic_prodigal_proteins	2478	1056	61.31	12.94	42.62
GCA_900474295.1_UW140_genomic_prodigal_proteins	2925	GCA_008386235.1_ASM838623v1_genomic_prodigal_proteins	2571	1027	53.44	12.56	39.95
GCA_900474295.1_UW140_genomic_prodigal_proteins	2925	GCA_001631935.1_ASM163193v1_genomic_prodigal_proteins	3526	2021	72.46	13.63	69.09
GCA_900474295.1_UW140_genomic_prodigal_proteins	2925	GCA_002151525.1_ASM215152v1_genomic_prodigal_proteins	1628	1133	63.93	14.03	69.59
GCA_900474295.1_UW140_genomic_prodigal_proteins	2925	GCA_000153065.1_ASM15306v1_genomic_prodigal_proteins	2704	1900	75.35	13.01	70.27
GCA_900474295.1_UW140_genomic_prodigal_proteins	2925	GCA_009837265.1_ASM983726v1_genomic_prodigal_proteins	2126	1112	61.22	12.80	52.30
GCA_900474295.1_UW140_genomic_prodigal_proteins	2925	GCA_902533725.1_AG-898-C20_genomic_prodigal_proteins	421	166	69.92	14.55	39.43
GCA_900474295.1_UW140_genomic_prodigal_proteins	2925	GCA_002171075.2_ASM217107v2_genomic_prodigal_proteins	1919	1262	63.89	13.68	65.76
GCA_900474295.1_UW140_genomic_prodigal_proteins	2925	GCA_002760395.1_ASM276039v1_genomic_prodigal_proteins	2661	909	52.82	11.81	34.16
GCA_900474295.1_UW140_genomic_prodigal_proteins	2925	GCA_003209005.1_ASM320900v1_genomic_prodigal_proteins	2548	1686	72.51	13.31	66.17
GCA_900474295.1_UW140_genomic_prodigal_proteins	2925	GCA_002017915.1_ASM201791v1_genomic_prodigal_proteins	623	328	63.70	13.77	52.65
GCA_900474295.1_UW140_genomic_prodigal_proteins	2925	GCA_900047545.1_m9_genomic_prodigal_proteins	1575	912	61.18	12.83	57.90
GCA_900474295.1_UW140_genomic_prodigal_proteins	2925	GCA_001632105.1_ASM163210v1_genomic_prodigal_proteins	3521	2033	72.44	13.62	69.50
GCA_900474295.1_UW140_genomic_prodigal_proteins	2925	GCA_004212765.1_ASM421276v1_genomic_prodigal_proteins	1162	860	70.97	13.58	74.01
GCA_900474295.1_UW140_genomic_prodigal_proteins	2925	GCA_002685515.1_ASM268551v1_genomic_prodigal_proteins	1286	964	72.56	12.59	74.96
GCA_900474295.1_UW140_genomic_prodigal_proteins	2925	GCA_007828135.1_ASM782813v1_genomic_prodigal_proteins	2917	1650	65.92	13.49	56.56
GCA_900474295.1_UW140_genomic_prodigal_proteins	2925	GCA_011047875.1_ASM1104787v1_genomic_prodigal_proteins	2810	916	52.79	11.97	32.60
GCA_900474295.1_UW140_genomic_prodigal_proteins	2925	GCA_009840445.1_ASM984044v1_genomic_prodigal_proteins	2167	1216	61.29	12.81	56.11
GCA_900474295.1_UW140_genomic_prodigal_proteins	2925	GCA_003210995.1_ASM321099v1_genomic_prodigal_proteins	2385	1522	72.23	13.78	63.82
GCA_900474295.1_UW140_genomic_prodigal_proteins	2925	GCA_902616995.1_AG-919-L20_genomic_prodigal_proteins	654	369	70.87	13.78	56.42
GCA_900474295.1_UW140_genomic_prodigal_proteins	2925	GCA_009845825.1_ASM984582v1_genomic_prodigal_proteins	2168	1018	61.47	12.64	46.96
GCA_900474295.1_UW140_genomic_prodigal_proteins	2925	GCA_000515235.1_ASM51523v1_genomic_prodigal_proteins	2873	1860	70.38	13.91	64.74
GCA_900474295.1_UW140_genomic_prodigal_proteins	2925	GCA_003523965.1_ASM352396v1_genomic_prodigal_proteins	1735	774	62.22	13.08	44.61
GCA_900474295.1_UW140_genomic_prodigal_proteins	2925	GCA_002684175.1_ASM268417v1_genomic_prodigal_proteins	1819	1108	68.82	13.08	60.91
GCA_900474295.1_UW140_genomic_prodigal_proteins	2925	GCA_011523295.1_ASM1152329v1_genomic_prodigal_proteins	2851	1435	69.95	13.73	50.33
GCA_900474295.1_UW140_genomic_prodigal_proteins	2925	GCA_003211015.1_ASM321101v1_genomic_prodigal_proteins	2128	1494	72.77	13.34	70.21
GCA_900474295.1_UW140_genomic_prodigal_proteins	2925	GCA_002006815.1_ASM200681v1_genomic_prodigal_proteins	1973	1392	64.41	13.86	70.55
GCA_003331795.1_ASM333179v1_genomic_prodigal_proteins	1948	GCA_002017955.1_ASM201795v1_genomic_prodigal_proteins	512	221	62.69	13.06	43.16
GCA_003331795.1_ASM333179v1_genomic_prodigal_proteins	1948	GCA_902584485.1_AG-912-O23_genomic_prodigal_proteins	535	168	63.08	15.24	31.40
GCA_003331795.1_ASM333179v1_genomic_prodigal_proteins	1948	GCA_902527915.1_AG-896-G19_genomic_prodigal_proteins	1003	423	65.97	14.18	42.17
GCA_003331795.1_ASM333179v1_genomic_prodigal_proteins	1948	GCA_902635365.1_AG-447-D19_genomic_prodigal_proteins	1690	615	66.21	14.51	36.39
GCA_003331795.1_ASM333179v1_genomic_prodigal_proteins	1948	GCA_900474085.1_UW86_genomic_prodigal_proteins	2403	1313	66.22	14.36	67.40
GCA_003331795.1_ASM333179v1_genomic_prodigal_proteins	1948	GCA_001885215.1_ASM188521v1_genomic_prodigal_proteins	2897	1293	66.34	13.43	66.38
GCA_003331795.1_ASM333179v1_genomic_prodigal_proteins	1948	GCA_902575935.1_AG-426-B22_genomic_prodigal_proteins	254	133	69.62	15.40	52.36
GCA_003331795.1_ASM333179v1_genomic_prodigal_proteins	1948	GCA_900474295.1_UW140_genomic_prodigal_proteins	2925	1355	65.62	14.38	69.56
GCA_003331795.1_ASM333179v1_genomic_prodigal_proteins	1948	GCA_003211565.1_ASM321156v1_genomic_prodigal_proteins	1489	610	64.88	14.60	40.97
GCA_003331795.1_ASM333179v1_genomic_prodigal_proteins	1948	GCA_003526105.1_ASM352610v1_genomic_prodigal_proteins	1581	733	66.94	14.55	46.36
GCA_003331795.1_ASM333179v1_genomic_prodigal_proteins	1948	GCA_002172935.1_ASM217293v1_genomic_prodigal_proteins	1996	1094	64.69	14.34	56.16
GCA_003331795.1_ASM333179v1_genomic_prodigal_proteins	1948	GCA_003210335.1_ASM321033v1_genomic_prodigal_proteins	942	264	61.91	15.06	28.03
GCA_003331795.1_ASM333179v1_genomic_prodigal_proteins	1948	GCA_009846115.1_ASM984611v1_genomic_prodigal_proteins	2048	859	61.97	12.68	44.10
GCA_003331795.1_ASM333179v1_genomic_prodigal_proteins	1948	GCA_001693295.1_ASM169329v1_genomic_prodigal_proteins	3183	892	53.65	12.95	45.79
GCA_003331795.1_ASM333179v1_genomic_prodigal_proteins	1948	GCA_900473965.1_UW179A_genomic_prodigal_proteins	3383	1376	65.01	14.44	70.64
GCA_003331795.1_ASM333179v1_genomic_prodigal_proteins	1948	GCA_003213755.1_ASM321375v1_genomic_prodigal_proteins	1050	601	95.53	9.01	57.24
GCA_003331795.1_ASM333179v1_genomic_prodigal_proteins	1948	GCA_003209155.1_ASM320915v1_genomic_prodigal_proteins	2305	1049	65.25	14.44	53.85
GCA_003331795.1_ASM333179v1_genomic_prodigal_proteins	1948	GCA_003211515.1_ASM321151v1_genomic_prodigal_proteins	2451	860	64.90	14.23	44.15
GCA_003331795.1_ASM333179v1_genomic_prodigal_proteins	1948	GCA_002693285.1_ASM269328v1_genomic_prodigal_proteins	2440	1210	65.16	14.36	62.11
GCA_003331795.1_ASM333179v1_genomic_prodigal_proteins	1948	GCA_003210555.1_ASM321055v1_genomic_prodigal_proteins	1847	753	64.49	14.29	40.77
GCA_003331795.1_ASM333179v1_genomic_prodigal_proteins	1948	GCA_000155595.1_ASM15559v1_genomic_prodigal_proteins	5270	912	53.27	12.78	46.82
GCA_003331795.1_ASM333179v1_genomic_prodigal_proteins	1948	GCA_001007665.1_ASM100766v1_genomic_prodigal_proteins	2356	982	62.06	12.46	50.41
GCA_003331795.1_ASM333179v1_genomic_prodigal_proteins	1948	GCA_009919765.1_ASM991976v1_genomic_prodigal_proteins	2524	1390	98.64	4.96	71.36
GCA_003331795.1_ASM333179v1_genomic_prodigal_proteins	1948	GCA_003331225.1_ASM333122v1_genomic_prodigal_proteins	2113	1524	77.66	12.14	78.23
GCA_003331795.1_ASM333179v1_genomic_prodigal_proteins	1948	GCA_900177825.1_IMG-taxon_2708742468_annotated_assembly_genomic_prodigal_proteins	3317	882	53.64	12.93	45.28
GCA_003331795.1_ASM333179v1_genomic_prodigal_proteins	1948	GCA_000195975.1_ASM19597v1_genomic_prodigal_proteins	2719	1336	66.34	14.22	68.58
GCA_003331795.1_ASM333179v1_genomic_prodigal_proteins	1948	GCA_902618885.1_AG-920-D15_genomic_prodigal_proteins	1178	548	67.54	14.97	46.52
GCA_003331795.1_ASM333179v1_genomic_prodigal_proteins	1948	GCA_003209165.1_ASM320916v1_genomic_prodigal_proteins	2711	1116	65.78	14.36	57.29
GCA_003331795.1_ASM333179v1_genomic_prodigal_proteins	1948	GCA_001007625.1_ASM100762v1_genomic_prodigal_proteins	2478	884	62.18	12.60	45.38
GCA_003331795.1_ASM333179v1_genomic_prodigal_proteins	1948	GCA_008386235.1_ASM838623v1_genomic_prodigal_proteins	2571	839	54.33	12.33	43.07
GCA_003331795.1_ASM333179v1_genomic_prodigal_proteins	1948	GCA_001631935.1_ASM163193v1_genomic_prodigal_proteins	3526	1370	65.19	14.40	70.33
GCA_003331795.1_ASM333179v1_genomic_prodigal_proteins	1948	GCA_002151525.1_ASM215152v1_genomic_prodigal_proteins	1628	1041	70.24	13.18	63.94
GCA_003331795.1_ASM333179v1_genomic_prodigal_proteins	1948	GCA_000153065.1_ASM15306v1_genomic_prodigal_proteins	2704	1316	66.53	14.13	67.56
GCA_003331795.1_ASM333179v1_genomic_prodigal_proteins	1948	GCA_009837265.1_ASM983726v1_genomic_prodigal_proteins	2126	923	62.14	12.54	47.38
GCA_003331795.1_ASM333179v1_genomic_prodigal_proteins	1948	GCA_902533725.1_AG-898-C20_genomic_prodigal_proteins	421	109	64.14	14.90	25.89
GCA_003331795.1_ASM333179v1_genomic_prodigal_proteins	1948	GCA_002171075.2_ASM217107v2_genomic_prodigal_proteins	1919	1264	75.12	12.00	65.87
GCA_003331795.1_ASM333179v1_genomic_prodigal_proteins	1948	GCA_002760395.1_ASM276039v1_genomic_prodigal_proteins	2661	756	53.11	12.00	38.81
GCA_003331795.1_ASM333179v1_genomic_prodigal_proteins	1948	GCA_003209005.1_ASM320900v1_genomic_prodigal_proteins	2548	1128	64.97	14.32	57.91
GCA_003331795.1_ASM333179v1_genomic_prodigal_proteins	1948	GCA_002017915.1_ASM201791v1_genomic_prodigal_proteins	623	264	65.51	13.02	42.38
GCA_003331795.1_ASM333179v1_genomic_prodigal_proteins	1948	GCA_900047545.1_m9_genomic_prodigal_proteins	1575	746	61.94	12.50	47.37
GCA_003331795.1_ASM333179v1_genomic_prodigal_proteins	1948	GCA_001632105.1_ASM163210v1_genomic_prodigal_proteins	3521	1374	65.26	14.36	70.53
GCA_003331795.1_ASM333179v1_genomic_prodigal_proteins	1948	GCA_004212765.1_ASM421276v1_genomic_prodigal_proteins	1162	660	65.57	14.22	56.80
GCA_003331795.1_ASM333179v1_genomic_prodigal_proteins	1948	GCA_002685515.1_ASM268551v1_genomic_prodigal_proteins	1286	721	64.20	14.16	56.07
GCA_003331795.1_ASM333179v1_genomic_prodigal_proteins	1948	GCA_007828135.1_ASM782813v1_genomic_prodigal_proteins	2917	1293	66.33	13.43	66.38
GCA_003331795.1_ASM333179v1_genomic_prodigal_proteins	1948	GCA_011047875.1_ASM1104787v1_genomic_prodigal_proteins	2810	766	53.18	12.12	39.32
GCA_003331795.1_ASM333179v1_genomic_prodigal_proteins	1948	GCA_009840445.1_ASM984044v1_genomic_prodigal_proteins	2167	998	62.10	12.57	51.23
GCA_003331795.1_ASM333179v1_genomic_prodigal_proteins	1948	GCA_003210995.1_ASM321099v1_genomic_prodigal_proteins	2385	988	65.21	14.74	50.72
GCA_003331795.1_ASM333179v1_genomic_prodigal_proteins	1948	GCA_902616995.1_AG-919-L20_genomic_prodigal_proteins	654	248	65.50	14.94	37.92
GCA_003331795.1_ASM333179v1_genomic_prodigal_proteins	1948	GCA_009845825.1_ASM984582v1_genomic_prodigal_proteins	2168	842	62.57	12.31	43.22
GCA_003331795.1_ASM333179v1_genomic_prodigal_proteins	1948	GCA_000515235.1_ASM51523v1_genomic_prodigal_proteins	2873	1330	65.35	14.26	68.28
GCA_003331795.1_ASM333179v1_genomic_prodigal_proteins	1948	GCA_003523965.1_ASM352396v1_genomic_prodigal_proteins	1735	658	62.72	12.70	37.93
GCA_003331795.1_ASM333179v1_genomic_prodigal_proteins	1948	GCA_002684175.1_ASM268417v1_genomic_prodigal_proteins	1819	819	63.77	13.71	45.02
GCA_003331795.1_ASM333179v1_genomic_prodigal_proteins	1948	GCA_011523295.1_ASM1152329v1_genomic_prodigal_proteins	2851	1036	64.23	13.98	53.18
GCA_003331795.1_ASM333179v1_genomic_prodigal_proteins	1948	GCA_003211015.1_ASM321101v1_genomic_prodigal_proteins	2128	985	65.40	14.07	50.56
GCA_003331795.1_ASM333179v1_genomic_prodigal_proteins	1948	GCA_002006815.1_ASM200681v1_genomic_prodigal_proteins	1973	1252	71.05	13.01	64.27
GCA_003149585.1_ASM314958v1_genomic_prodigal_proteins	2600	GCA_902560665.1_AG-905-O11_genomic_prodigal_proteins	401	161	67.08	15.07	40.15
GCA_003149585.1_ASM314958v1_genomic_prodigal_proteins	2600	GCA_003331795.1_ASM333179v1_genomic_prodigal_proteins	1948	1366	67.08	13.82	70.12
GCA_003149585.1_ASM314958v1_genomic_prodigal_proteins	2600	GCA_002017955.1_ASM201795v1_genomic_prodigal_proteins	512	262	61.25	12.76	51.17
GCA_003149585.1_ASM314958v1_genomic_prodigal_proteins	2600	GCA_902584485.1_AG-912-O23_genomic_prodigal_proteins	535	236	65.87	15.10	44.11
GCA_003149585.1_ASM314958v1_genomic_prodigal_proteins	2600	GCA_902527915.1_AG-896-G19_genomic_prodigal_proteins	1003	524	67.10	13.96	52.24
GCA_003149585.1_ASM314958v1_genomic_prodigal_proteins	2600	GCA_902635365.1_AG-447-D19_genomic_prodigal_proteins	1690	806	66.49	14.20	47.69
GCA_003149585.1_ASM314958v1_genomic_prodigal_proteins	2600	GCA_900474085.1_UW86_genomic_prodigal_proteins	2403	1648	67.53	13.89	68.58
GCA_003149585.1_ASM314958v1_genomic_prodigal_proteins	2600	GCA_001885215.1_ASM188521v1_genomic_prodigal_proteins	2897	1710	69.66	12.46	65.77
GCA_003149585.1_ASM314958v1_genomic_prodigal_proteins	2600	GCA_902575935.1_AG-426-B22_genomic_prodigal_proteins	254	138	71.06	14.59	54.33
GCA_003149585.1_ASM314958v1_genomic_prodigal_proteins	2600	GCA_900474295.1_UW140_genomic_prodigal_proteins	2925	1738	67.18	13.97	66.85
GCA_003149585.1_ASM314958v1_genomic_prodigal_proteins	2600	GCA_003211565.1_ASM321156v1_genomic_prodigal_proteins	1489	747	66.54	14.01	50.17
GCA_003149585.1_ASM314958v1_genomic_prodigal_proteins	2600	GCA_003526105.1_ASM352610v1_genomic_prodigal_proteins	1581	883	68.27	13.88	55.85
GCA_003149585.1_ASM314958v1_genomic_prodigal_proteins	2600	GCA_002172935.1_ASM217293v1_genomic_prodigal_proteins	1996	1379	66.06	13.83	69.09
GCA_003149585.1_ASM314958v1_genomic_prodigal_proteins	2600	GCA_003210335.1_ASM321033v1_genomic_prodigal_proteins	942	349	63.83	14.48	37.05
GCA_003149585.1_ASM314958v1_genomic_prodigal_proteins	2600	GCA_009846115.1_ASM984611v1_genomic_prodigal_proteins	2048	1055	61.93	12.47	51.51
GCA_003149585.1_ASM314958v1_genomic_prodigal_proteins	2600	GCA_001693295.1_ASM169329v1_genomic_prodigal_proteins	3183	1136	53.89	12.77	43.69
GCA_003149585.1_ASM314958v1_genomic_prodigal_proteins	2600	GCA_900473965.1_UW179A_genomic_prodigal_proteins	3383	1740	66.25	14.04	66.92
GCA_003149585.1_ASM314958v1_genomic_prodigal_proteins	2600	GCA_003213755.1_ASM321375v1_genomic_prodigal_proteins	1050	593	66.49	14.30	56.48
GCA_003149585.1_ASM314958v1_genomic_prodigal_proteins	2600	GCA_003209155.1_ASM320915v1_genomic_prodigal_proteins	2305	1301	66.18	13.91	56.44
GCA_003149585.1_ASM314958v1_genomic_prodigal_proteins	2600	GCA_003211515.1_ASM321151v1_genomic_prodigal_proteins	2451	1091	65.75	14.13	44.51
GCA_003149585.1_ASM314958v1_genomic_prodigal_proteins	2600	GCA_002693285.1_ASM269328v1_genomic_prodigal_proteins	2440	1509	66.33	13.99	61.84
GCA_003149585.1_ASM314958v1_genomic_prodigal_proteins	2600	GCA_003210555.1_ASM321055v1_genomic_prodigal_proteins	1847	979	65.88	13.73	53.00
GCA_003149585.1_ASM314958v1_genomic_prodigal_proteins	2600	GCA_000155595.1_ASM15559v1_genomic_prodigal_proteins	5270	1172	53.34	12.69	45.08
GCA_003149585.1_ASM314958v1_genomic_prodigal_proteins	2600	GCA_001007665.1_ASM100766v1_genomic_prodigal_proteins	2356	1220	61.67	12.46	51.78
GCA_003149585.1_ASM314958v1_genomic_prodigal_proteins	2600	GCA_009919765.1_ASM991976v1_genomic_prodigal_proteins	2524	1169	67.12	13.87	46.32
GCA_003149585.1_ASM314958v1_genomic_prodigal_proteins	2600	GCA_003331225.1_ASM333122v1_genomic_prodigal_proteins	2113	1466	66.98	13.61	69.38
GCA_003149585.1_ASM314958v1_genomic_prodigal_proteins	2600	GCA_900177825.1_IMG-taxon_2708742468_annotated_assembly_genomic_prodigal_proteins	3317	1123	53.96	12.78	43.19
GCA_003149585.1_ASM314958v1_genomic_prodigal_proteins	2600	GCA_000195975.1_ASM19597v1_genomic_prodigal_proteins	2719	1674	67.46	13.74	64.38
GCA_003149585.1_ASM314958v1_genomic_prodigal_proteins	2600	GCA_902618885.1_AG-920-D15_genomic_prodigal_proteins	1178	632	67.75	14.63	53.65
GCA_003149585.1_ASM314958v1_genomic_prodigal_proteins	2600	GCA_003209165.1_ASM320916v1_genomic_prodigal_proteins	2711	1452	66.71	14.04	55.85
GCA_003149585.1_ASM314958v1_genomic_prodigal_proteins	2600	GCA_001007625.1_ASM100762v1_genomic_prodigal_proteins	2478	1065	62.16	12.60	42.98
GCA_003149585.1_ASM314958v1_genomic_prodigal_proteins	2600	GCA_008386235.1_ASM838623v1_genomic_prodigal_proteins	2571	1099	54.02	12.53	42.75
GCA_003149585.1_ASM314958v1_genomic_prodigal_proteins	2600	GCA_001631935.1_ASM163193v1_genomic_prodigal_proteins	3526	1741	66.28	14.05	66.96
GCA_003149585.1_ASM314958v1_genomic_prodigal_proteins	2600	GCA_002151525.1_ASM215152v1_genomic_prodigal_proteins	1628	1162	65.91	13.85	71.38
GCA_003149585.1_ASM314958v1_genomic_prodigal_proteins	2600	GCA_000153065.1_ASM15306v1_genomic_prodigal_proteins	2704	1746	68.27	13.89	67.15
GCA_003149585.1_ASM314958v1_genomic_prodigal_proteins	2600	GCA_009837265.1_ASM983726v1_genomic_prodigal_proteins	2126	1126	62.03	12.52	52.96
GCA_003149585.1_ASM314958v1_genomic_prodigal_proteins	2600	GCA_902533725.1_AG-898-C20_genomic_prodigal_proteins	421	148	67.44	14.25	35.15
GCA_003149585.1_ASM314958v1_genomic_prodigal_proteins	2600	GCA_002171075.2_ASM217107v2_genomic_prodigal_proteins	1919	1263	65.09	13.41	65.82
GCA_003149585.1_ASM314958v1_genomic_prodigal_proteins	2600	GCA_002760395.1_ASM276039v1_genomic_prodigal_proteins	2661	956	53.57	11.71	36.77
GCA_003149585.1_ASM314958v1_genomic_prodigal_proteins	2600	GCA_003209005.1_ASM320900v1_genomic_prodigal_proteins	2548	1426	66.17	13.86	55.97
GCA_003149585.1_ASM314958v1_genomic_prodigal_proteins	2600	GCA_002017915.1_ASM201791v1_genomic_prodigal_proteins	623	324	64.74	12.94	52.01
GCA_003149585.1_ASM314958v1_genomic_prodigal_proteins	2600	GCA_900047545.1_m9_genomic_prodigal_proteins	1575	923	61.92	12.47	58.60
GCA_003149585.1_ASM314958v1_genomic_prodigal_proteins	2600	GCA_001632105.1_ASM163210v1_genomic_prodigal_proteins	3521	1747	66.24	14.03	67.19
GCA_003149585.1_ASM314958v1_genomic_prodigal_proteins	2600	GCA_004212765.1_ASM421276v1_genomic_prodigal_proteins	1162	813	67.33	13.34	69.97
GCA_003149585.1_ASM314958v1_genomic_prodigal_proteins	2600	GCA_002685515.1_ASM268551v1_genomic_prodigal_proteins	1286	903	65.73	13.49	70.22
GCA_003149585.1_ASM314958v1_genomic_prodigal_proteins	2600	GCA_007828135.1_ASM782813v1_genomic_prodigal_proteins	2917	1711	69.68	12.47	65.81
GCA_003149585.1_ASM314958v1_genomic_prodigal_proteins	2600	GCA_011047875.1_ASM1104787v1_genomic_prodigal_proteins	2810	974	53.29	11.93	37.46
GCA_003149585.1_ASM314958v1_genomic_prodigal_proteins	2600	GCA_009840445.1_ASM984044v1_genomic_prodigal_proteins	2167	1222	62.08	12.39	56.39
GCA_003149585.1_ASM314958v1_genomic_prodigal_proteins	2600	GCA_003210995.1_ASM321099v1_genomic_prodigal_proteins	2385	1240	66.41	14.12	51.99
GCA_003149585.1_ASM314958v1_genomic_prodigal_proteins	2600	GCA_902616995.1_AG-919-L20_genomic_prodigal_proteins	654	319	66.49	14.04	48.78
GCA_003149585.1_ASM314958v1_genomic_prodigal_proteins	2600	GCA_009845825.1_ASM984582v1_genomic_prodigal_proteins	2168	1033	62.19	12.41	47.65
GCA_003149585.1_ASM314958v1_genomic_prodigal_proteins	2600	GCA_000515235.1_ASM51523v1_genomic_prodigal_proteins	2873	1668	66.54	13.83	64.15
GCA_003149585.1_ASM314958v1_genomic_prodigal_proteins	2600	GCA_003523965.1_ASM352396v1_genomic_prodigal_proteins	1735	791	62.89	12.69	45.59
GCA_003149585.1_ASM314958v1_genomic_prodigal_proteins	2600	GCA_002684175.1_ASM268417v1_genomic_prodigal_proteins	1819	1004	64.50	13.38	55.20
GCA_003149585.1_ASM314958v1_genomic_prodigal_proteins	2600	GCA_011523295.1_ASM1152329v1_genomic_prodigal_proteins	2851	1325	65.65	13.71	50.96
GCA_003149585.1_ASM314958v1_genomic_prodigal_proteins	2600	GCA_003211015.1_ASM321101v1_genomic_prodigal_proteins	2128	1246	66.48	13.70	58.55
GCA_003149585.1_ASM314958v1_genomic_prodigal_proteins	2600	GCA_002006815.1_ASM200681v1_genomic_prodigal_proteins	1973	1449	66.46	13.69	73.44
GCA_001885215.1_ASM188521v1_genomic_prodigal_proteins	2897	GCA_902575935.1_AG-426-B22_genomic_prodigal_proteins	254	139	69.56	14.61	54.72
GCA_001885215.1_ASM188521v1_genomic_prodigal_proteins	2897	GCA_900474295.1_UW140_genomic_prodigal_proteins	2925	1652	65.95	13.48	57.02
GCA_001885215.1_ASM188521v1_genomic_prodigal_proteins	2897	GCA_003211565.1_ASM321156v1_genomic_prodigal_proteins	1489	706	65.83	13.73	47.41
GCA_001885215.1_ASM188521v1_genomic_prodigal_proteins	2897	GCA_003526105.1_ASM352610v1_genomic_prodigal_proteins	1581	847	66.85	13.16	53.57
GCA_001885215.1_ASM188521v1_genomic_prodigal_proteins	2897	GCA_002172935.1_ASM217293v1_genomic_prodigal_proteins	1996	1272	65.26	13.31	63.73
GCA_001885215.1_ASM188521v1_genomic_prodigal_proteins	2897	GCA_003210335.1_ASM321033v1_genomic_prodigal_proteins	942	320	63.01	14.33	33.97
GCA_001885215.1_ASM188521v1_genomic_prodigal_proteins	2897	GCA_009846115.1_ASM984611v1_genomic_prodigal_proteins	2048	1066	62.08	12.34	52.05
GCA_001885215.1_ASM188521v1_genomic_prodigal_proteins	2897	GCA_001693295.1_ASM169329v1_genomic_prodigal_proteins	3183	1170	53.67	12.59	40.39
GCA_001885215.1_ASM188521v1_genomic_prodigal_proteins	2897	GCA_900473965.1_UW179A_genomic_prodigal_proteins	3383	1637	65.48	13.49	56.51
GCA_001885215.1_ASM188521v1_genomic_prodigal_proteins	2897	GCA_003213755.1_ASM321375v1_genomic_prodigal_proteins	1050	561	65.97	13.68	53.43
GCA_001885215.1_ASM188521v1_genomic_prodigal_proteins	2897	GCA_003209155.1_ASM320915v1_genomic_prodigal_proteins	2305	1225	65.29	13.41	53.15
GCA_001885215.1_ASM188521v1_genomic_prodigal_proteins	2897	GCA_003211515.1_ASM321151v1_genomic_prodigal_proteins	2451	1041	65.01	13.59	42.47
GCA_001885215.1_ASM188521v1_genomic_prodigal_proteins	2897	GCA_002693285.1_ASM269328v1_genomic_prodigal_proteins	2440	1431	65.19	13.40	58.65
GCA_001885215.1_ASM188521v1_genomic_prodigal_proteins	2897	GCA_003210555.1_ASM321055v1_genomic_prodigal_proteins	1847	919	65.32	13.44	49.76
GCA_001885215.1_ASM188521v1_genomic_prodigal_proteins	2897	GCA_000155595.1_ASM15559v1_genomic_prodigal_proteins	5270	1230	53.33	12.64	42.46
GCA_001885215.1_ASM188521v1_genomic_prodigal_proteins	2897	GCA_001007665.1_ASM100766v1_genomic_prodigal_proteins	2356	1227	61.71	12.42	52.08
GCA_001885215.1_ASM188521v1_genomic_prodigal_proteins	2897	GCA_009919765.1_ASM991976v1_genomic_prodigal_proteins	2524	1085	66.27	13.37	42.99
GCA_001885215.1_ASM188521v1_genomic_prodigal_proteins	2897	GCA_003331225.1_ASM333122v1_genomic_prodigal_proteins	2113	1401	66.61	13.09	66.30
GCA_001885215.1_ASM188521v1_genomic_prodigal_proteins	2897	GCA_900177825.1_IMG-taxon_2708742468_annotated_assembly_genomic_prodigal_proteins	3317	1163	53.66	12.58	40.14
GCA_001885215.1_ASM188521v1_genomic_prodigal_proteins	2897	GCA_000195975.1_ASM19597v1_genomic_prodigal_proteins	2719	1603	66.42	13.29	58.96
GCA_001885215.1_ASM188521v1_genomic_prodigal_proteins	2897	GCA_902618885.1_AG-920-D15_genomic_prodigal_proteins	1178	605	67.11	13.92	51.36
GCA_001885215.1_ASM188521v1_genomic_prodigal_proteins	2897	GCA_003209165.1_ASM320916v1_genomic_prodigal_proteins	2711	1365	66.06	13.43	50.35
GCA_001885215.1_ASM188521v1_genomic_prodigal_proteins	2897	GCA_001007625.1_ASM100762v1_genomic_prodigal_proteins	2478	1078	62.09	12.61	43.50
GCA_001885215.1_ASM188521v1_genomic_prodigal_proteins	2897	GCA_008386235.1_ASM838623v1_genomic_prodigal_proteins	2571	1094	54.13	12.28	42.55
GCA_001885215.1_ASM188521v1_genomic_prodigal_proteins	2897	GCA_001631935.1_ASM163193v1_genomic_prodigal_proteins	3526	1631	65.42	13.49	56.30
GCA_001885215.1_ASM188521v1_genomic_prodigal_proteins	2897	GCA_002151525.1_ASM215152v1_genomic_prodigal_proteins	1628	1146	66.29	13.36	70.39
GCA_001885215.1_ASM188521v1_genomic_prodigal_proteins	2897	GCA_000153065.1_ASM15306v1_genomic_prodigal_proteins	2704	1713	67.38	13.15	63.35
GCA_001885215.1_ASM188521v1_genomic_prodigal_proteins	2897	GCA_009837265.1_ASM983726v1_genomic_prodigal_proteins	2126	1136	62.16	12.32	53.43
GCA_001885215.1_ASM188521v1_genomic_prodigal_proteins	2897	GCA_902533725.1_AG-898-C20_genomic_prodigal_proteins	421	130	67.03	14.22	30.88
GCA_001885215.1_ASM188521v1_genomic_prodigal_proteins	2897	GCA_002171075.2_ASM217107v2_genomic_prodigal_proteins	1919	1213	64.54	12.90	63.21
GCA_001885215.1_ASM188521v1_genomic_prodigal_proteins	2897	GCA_002760395.1_ASM276039v1_genomic_prodigal_proteins	2661	959	53.62	11.82	36.04
GCA_001885215.1_ASM188521v1_genomic_prodigal_proteins	2897	GCA_003209005.1_ASM320900v1_genomic_prodigal_proteins	2548	1344	65.16	13.37	52.75
GCA_001885215.1_ASM188521v1_genomic_prodigal_proteins	2897	GCA_002017915.1_ASM201791v1_genomic_prodigal_proteins	623	333	64.12	13.17	53.45
GCA_001885215.1_ASM188521v1_genomic_prodigal_proteins	2897	GCA_900047545.1_m9_genomic_prodigal_proteins	1575	933	62.00	12.27	59.24
GCA_001885215.1_ASM188521v1_genomic_prodigal_proteins	2897	GCA_001632105.1_ASM163210v1_genomic_prodigal_proteins	3521	1637	65.47	13.45	56.51
GCA_001885215.1_ASM188521v1_genomic_prodigal_proteins	2897	GCA_004212765.1_ASM421276v1_genomic_prodigal_proteins	1162	766	66.31	13.26	65.92
GCA_001885215.1_ASM188521v1_genomic_prodigal_proteins	2897	GCA_002685515.1_ASM268551v1_genomic_prodigal_proteins	1286	851	64.96	12.89	66.17
GCA_001885215.1_ASM188521v1_genomic_prodigal_proteins	2897	GCA_007828135.1_ASM782813v1_genomic_prodigal_proteins	2917	2805	99.98	0.17	96.82
GCA_001885215.1_ASM188521v1_genomic_prodigal_proteins	2897	GCA_011047875.1_ASM1104787v1_genomic_prodigal_proteins	2810	975	53.29	12.15	34.70
GCA_001885215.1_ASM188521v1_genomic_prodigal_proteins	2897	GCA_009840445.1_ASM984044v1_genomic_prodigal_proteins	2167	1243	62.19	12.31	57.36
GCA_001885215.1_ASM188521v1_genomic_prodigal_proteins	2897	GCA_003210995.1_ASM321099v1_genomic_prodigal_proteins	2385	1183	65.38	13.69	49.60
GCA_001885215.1_ASM188521v1_genomic_prodigal_proteins	2897	GCA_902616995.1_AG-919-L20_genomic_prodigal_proteins	654	298	66.40	13.18	45.57
GCA_001885215.1_ASM188521v1_genomic_prodigal_proteins	2897	GCA_009845825.1_ASM984582v1_genomic_prodigal_proteins	2168	1051	62.21	12.22	48.48
GCA_001885215.1_ASM188521v1_genomic_prodigal_proteins	2897	GCA_000515235.1_ASM51523v1_genomic_prodigal_proteins	2873	1620	65.83	13.38	56.39
GCA_001885215.1_ASM188521v1_genomic_prodigal_proteins	2897	GCA_003523965.1_ASM352396v1_genomic_prodigal_proteins	1735	800	63.19	12.58	46.11
GCA_001885215.1_ASM188521v1_genomic_prodigal_proteins	2897	GCA_002684175.1_ASM268417v1_genomic_prodigal_proteins	1819	954	63.81	12.94	52.45
GCA_001885215.1_ASM188521v1_genomic_prodigal_proteins	2897	GCA_011523295.1_ASM1152329v1_genomic_prodigal_proteins	2851	1234	64.32	13.18	43.28
GCA_001885215.1_ASM188521v1_genomic_prodigal_proteins	2897	GCA_003211015.1_ASM321101v1_genomic_prodigal_proteins	2128	1186	65.33	13.19	55.73
GCA_001885215.1_ASM188521v1_genomic_prodigal_proteins	2897	GCA_002006815.1_ASM200681v1_genomic_prodigal_proteins	1973	1435	66.54	13.39	72.73
GCA_011525445.1_ASM1152544v1_genomic_prodigal_proteins	3208	GCA_902599435.1_AG-916-N22_genomic_prodigal_proteins	793	366	70.69	14.66	46.15
GCA_011525445.1_ASM1152544v1_genomic_prodigal_proteins	3208	GCA_003149585.1_ASM314958v1_genomic_prodigal_proteins	2600	1411	65.53	13.70	54.27
GCA_011525445.1_ASM1152544v1_genomic_prodigal_proteins	3208	GCA_902560665.1_AG-905-O11_genomic_prodigal_proteins	401	175	70.76	15.50	43.64
GCA_011525445.1_ASM1152544v1_genomic_prodigal_proteins	3208	GCA_003331795.1_ASM333179v1_genomic_prodigal_proteins	1948	1124	64.54	14.62	57.70
GCA_011525445.1_ASM1152544v1_genomic_prodigal_proteins	3208	GCA_002017955.1_ASM201795v1_genomic_prodigal_proteins	512	208	61.13	12.44	40.62
GCA_011525445.1_ASM1152544v1_genomic_prodigal_proteins	3208	GCA_902584485.1_AG-912-O23_genomic_prodigal_proteins	535	224	66.67	14.89	41.87
GCA_011525445.1_ASM1152544v1_genomic_prodigal_proteins	3208	GCA_902527915.1_AG-896-G19_genomic_prodigal_proteins	1003	487	69.93	14.05	48.55
GCA_011525445.1_ASM1152544v1_genomic_prodigal_proteins	3208	GCA_902635365.1_AG-447-D19_genomic_prodigal_proteins	1690	767	69.11	14.11	45.38
GCA_011525445.1_ASM1152544v1_genomic_prodigal_proteins	3208	GCA_900474085.1_UW86_genomic_prodigal_proteins	2403	1458	70.55	13.58	60.67
GCA_011525445.1_ASM1152544v1_genomic_prodigal_proteins	3208	GCA_001885215.1_ASM188521v1_genomic_prodigal_proteins	2897	1346	64.67	13.36	46.46
GCA_011525445.1_ASM1152544v1_genomic_prodigal_proteins	3208	GCA_902575935.1_AG-426-B22_genomic_prodigal_proteins	254	125	72.75	13.59	49.21
GCA_011525445.1_ASM1152544v1_genomic_prodigal_proteins	3208	GCA_900474295.1_UW140_genomic_prodigal_proteins	2925	1599	71.20	13.48	54.67
GCA_011525445.1_ASM1152544v1_genomic_prodigal_proteins	3208	GCA_003211565.1_ASM321156v1_genomic_prodigal_proteins	1489	703	69.51	14.18	47.21
GCA_011525445.1_ASM1152544v1_genomic_prodigal_proteins	3208	GCA_003526105.1_ASM352610v1_genomic_prodigal_proteins	1581	795	71.26	13.49	50.28
GCA_011525445.1_ASM1152544v1_genomic_prodigal_proteins	3208	GCA_002172935.1_ASM217293v1_genomic_prodigal_proteins	1996	1243	72.21	13.08	62.27
GCA_011525445.1_ASM1152544v1_genomic_prodigal_proteins	3208	GCA_003210335.1_ASM321033v1_genomic_prodigal_proteins	942	355	69.83	13.45	37.69
GCA_011525445.1_ASM1152544v1_genomic_prodigal_proteins	3208	GCA_009846115.1_ASM984611v1_genomic_prodigal_proteins	2048	847	59.76	12.68	41.36
GCA_011525445.1_ASM1152544v1_genomic_prodigal_proteins	3208	GCA_001693295.1_ASM169329v1_genomic_prodigal_proteins	3183	874	52.40	12.41	27.46
GCA_011525445.1_ASM1152544v1_genomic_prodigal_proteins	3208	GCA_900473965.1_UW179A_genomic_prodigal_proteins	3383	1650	71.84	13.27	51.43
GCA_011525445.1_ASM1152544v1_genomic_prodigal_proteins	3208	GCA_003213755.1_ASM321375v1_genomic_prodigal_proteins	1050	521	65.37	15.24	49.62
GCA_011525445.1_ASM1152544v1_genomic_prodigal_proteins	3208	GCA_003209155.1_ASM320915v1_genomic_prodigal_proteins	2305	1221	71.61	13.27	52.97
GCA_011525445.1_ASM1152544v1_genomic_prodigal_proteins	3208	GCA_003211515.1_ASM321151v1_genomic_prodigal_proteins	2451	1064	67.88	14.41	43.41
GCA_011525445.1_ASM1152544v1_genomic_prodigal_proteins	3208	GCA_002693285.1_ASM269328v1_genomic_prodigal_proteins	2440	1397	72.13	13.06	57.25
GCA_011525445.1_ASM1152544v1_genomic_prodigal_proteins	3208	GCA_003210555.1_ASM321055v1_genomic_prodigal_proteins	1847	984	81.00	12.47	53.28
GCA_011525445.1_ASM1152544v1_genomic_prodigal_proteins	3208	GCA_000155595.1_ASM15559v1_genomic_prodigal_proteins	5270	913	52.04	12.27	28.46
GCA_011525445.1_ASM1152544v1_genomic_prodigal_proteins	3208	GCA_001007665.1_ASM100766v1_genomic_prodigal_proteins	2356	975	59.67	12.54	41.38
GCA_011525445.1_ASM1152544v1_genomic_prodigal_proteins	3208	GCA_009919765.1_ASM991976v1_genomic_prodigal_proteins	2524	967	64.85	14.51	38.31
GCA_011525445.1_ASM1152544v1_genomic_prodigal_proteins	3208	GCA_003331225.1_ASM333122v1_genomic_prodigal_proteins	2113	1212	64.61	14.06	57.36
GCA_011525445.1_ASM1152544v1_genomic_prodigal_proteins	3208	GCA_900177825.1_IMG-taxon_2708742468_annotated_assembly_genomic_prodigal_proteins	3317	872	52.33	12.46	27.18
GCA_011525445.1_ASM1152544v1_genomic_prodigal_proteins	3208	GCA_000195975.1_ASM19597v1_genomic_prodigal_proteins	2719	1482	70.25	13.47	54.51
GCA_011525445.1_ASM1152544v1_genomic_prodigal_proteins	3208	GCA_902618885.1_AG-920-D15_genomic_prodigal_proteins	1178	551	70.28	14.98	46.77
GCA_011525445.1_ASM1152544v1_genomic_prodigal_proteins	3208	GCA_003209165.1_ASM320916v1_genomic_prodigal_proteins	2711	1288	70.07	13.85	47.51
GCA_011525445.1_ASM1152544v1_genomic_prodigal_proteins	3208	GCA_001007625.1_ASM100762v1_genomic_prodigal_proteins	2478	870	59.73	12.64	35.11
GCA_011525445.1_ASM1152544v1_genomic_prodigal_proteins	3208	GCA_008386235.1_ASM838623v1_genomic_prodigal_proteins	2571	825	52.80	12.28	32.09
GCA_011525445.1_ASM1152544v1_genomic_prodigal_proteins	3208	GCA_001631935.1_ASM163193v1_genomic_prodigal_proteins	3526	1633	71.73	13.29	50.90
GCA_011525445.1_ASM1152544v1_genomic_prodigal_proteins	3208	GCA_002151525.1_ASM215152v1_genomic_prodigal_proteins	1628	919	63.12	13.76	56.45
GCA_011525445.1_ASM1152544v1_genomic_prodigal_proteins	3208	GCA_000153065.1_ASM15306v1_genomic_prodigal_proteins	2704	1503	72.19	13.29	55.58
GCA_011525445.1_ASM1152544v1_genomic_prodigal_proteins	3208	GCA_009837265.1_ASM983726v1_genomic_prodigal_proteins	2126	897	59.62	12.56	42.19
GCA_011525445.1_ASM1152544v1_genomic_prodigal_proteins	3208	GCA_902533725.1_AG-898-C20_genomic_prodigal_proteins	421	130	67.69	15.41	30.88
GCA_011525445.1_ASM1152544v1_genomic_prodigal_proteins	3208	GCA_002171075.2_ASM217107v2_genomic_prodigal_proteins	1919	1022	62.95	13.56	53.26
GCA_011525445.1_ASM1152544v1_genomic_prodigal_proteins	3208	GCA_002760395.1_ASM276039v1_genomic_prodigal_proteins	2661	729	51.79	11.74	27.40
GCA_011525445.1_ASM1152544v1_genomic_prodigal_proteins	3208	GCA_003209005.1_ASM320900v1_genomic_prodigal_proteins	2548	1329	71.86	13.06	52.16
GCA_011525445.1_ASM1152544v1_genomic_prodigal_proteins	3208	GCA_002017915.1_ASM201791v1_genomic_prodigal_proteins	623	253	61.39	13.37	40.61
GCA_011525445.1_ASM1152544v1_genomic_prodigal_proteins	3208	GCA_900047545.1_m9_genomic_prodigal_proteins	1575	757	59.81	12.66	48.06
GCA_011525445.1_ASM1152544v1_genomic_prodigal_proteins	3208	GCA_001632105.1_ASM163210v1_genomic_prodigal_proteins	3521	1640	71.77	13.29	51.12
GCA_011525445.1_ASM1152544v1_genomic_prodigal_proteins	3208	GCA_004212765.1_ASM421276v1_genomic_prodigal_proteins	1162	711	70.04	13.78	61.19
GCA_011525445.1_ASM1152544v1_genomic_prodigal_proteins	3208	GCA_002685515.1_ASM268551v1_genomic_prodigal_proteins	1286	832	71.69	13.09	64.70
GCA_011525445.1_ASM1152544v1_genomic_prodigal_proteins	3208	GCA_007828135.1_ASM782813v1_genomic_prodigal_proteins	2917	1345	64.69	13.36	46.11
GCA_011525445.1_ASM1152544v1_genomic_prodigal_proteins	3208	GCA_011047875.1_ASM1104787v1_genomic_prodigal_proteins	2810	738	51.63	11.80	26.26
GCA_011525445.1_ASM1152544v1_genomic_prodigal_proteins	3208	GCA_009840445.1_ASM984044v1_genomic_prodigal_proteins	2167	983	59.66	12.59	45.36
GCA_011525445.1_ASM1152544v1_genomic_prodigal_proteins	3208	GCA_003210995.1_ASM321099v1_genomic_prodigal_proteins	2385	1214	71.73	13.37	50.90
GCA_011525445.1_ASM1152544v1_genomic_prodigal_proteins	3208	GCA_902616995.1_AG-919-L20_genomic_prodigal_proteins	654	316	71.15	14.28	48.32
GCA_011525445.1_ASM1152544v1_genomic_prodigal_proteins	3208	GCA_009845825.1_ASM984582v1_genomic_prodigal_proteins	2168	843	59.75	12.48	38.88
GCA_011525445.1_ASM1152544v1_genomic_prodigal_proteins	3208	GCA_000515235.1_ASM51523v1_genomic_prodigal_proteins	2873	1525	68.97	13.73	53.08
GCA_011525445.1_ASM1152544v1_genomic_prodigal_proteins	3208	GCA_003523965.1_ASM352396v1_genomic_prodigal_proteins	1735	630	60.82	12.71	36.31
GCA_011525445.1_ASM1152544v1_genomic_prodigal_proteins	3208	GCA_002684175.1_ASM268417v1_genomic_prodigal_proteins	1819	916	67.53	13.08	50.36
GCA_011525445.1_ASM1152544v1_genomic_prodigal_proteins	3208	GCA_011523295.1_ASM1152329v1_genomic_prodigal_proteins	2851	1244	68.27	13.87	43.63
GCA_011525445.1_ASM1152544v1_genomic_prodigal_proteins	3208	GCA_003211015.1_ASM321101v1_genomic_prodigal_proteins	2128	1191	71.88	13.22	55.97
GCA_011525445.1_ASM1152544v1_genomic_prodigal_proteins	3208	GCA_002006815.1_ASM200681v1_genomic_prodigal_proteins	1973	1140	63.06	13.76	57.78
GCA_003210335.1_ASM321033v1_genomic_prodigal_proteins	942	GCA_009846115.1_ASM984611v1_genomic_prodigal_proteins	2048	186	59.85	13.33	19.75
GCA_003210335.1_ASM321033v1_genomic_prodigal_proteins	942	GCA_001693295.1_ASM169329v1_genomic_prodigal_proteins	3183	197	52.32	13.51	20.91
GCA_003210335.1_ASM321033v1_genomic_prodigal_proteins	942	GCA_900473965.1_UW179A_genomic_prodigal_proteins	3383	549	86.41	12.40	58.28
GCA_003210335.1_ASM321033v1_genomic_prodigal_proteins	942	GCA_003213755.1_ASM321375v1_genomic_prodigal_proteins	1050	153	61.84	16.73	16.24
GCA_003210335.1_ASM321033v1_genomic_prodigal_proteins	942	GCA_003209155.1_ASM320915v1_genomic_prodigal_proteins	2305	443	87.54	12.21	47.03
GCA_003210335.1_ASM321033v1_genomic_prodigal_proteins	942	GCA_003211515.1_ASM321151v1_genomic_prodigal_proteins	2451	315	66.41	14.67	33.44
GCA_003210335.1_ASM321033v1_genomic_prodigal_proteins	942	GCA_002693285.1_ASM269328v1_genomic_prodigal_proteins	2440	387	76.17	13.24	41.08
GCA_003210335.1_ASM321033v1_genomic_prodigal_proteins	942	GCA_003210555.1_ASM321055v1_genomic_prodigal_proteins	1847	264	69.33	14.40	28.03
GCA_003210335.1_ASM321033v1_genomic_prodigal_proteins	942	GCA_000155595.1_ASM15559v1_genomic_prodigal_proteins	5270	218	50.83	12.96	23.14
GCA_003210335.1_ASM321033v1_genomic_prodigal_proteins	942	GCA_001007665.1_ASM100766v1_genomic_prodigal_proteins	2356	215	59.53	13.86	22.82
GCA_003210335.1_ASM321033v1_genomic_prodigal_proteins	942	GCA_009919765.1_ASM991976v1_genomic_prodigal_proteins	2524	228	62.27	14.83	24.20
GCA_003210335.1_ASM321033v1_genomic_prodigal_proteins	942	GCA_003331225.1_ASM333122v1_genomic_prodigal_proteins	2113	285	62.84	14.74	30.25
GCA_003210335.1_ASM321033v1_genomic_prodigal_proteins	942	GCA_900177825.1_IMG-taxon_2708742468_annotated_assembly_genomic_prodigal_proteins	3317	195	52.37	13.59	20.70
GCA_003210335.1_ASM321033v1_genomic_prodigal_proteins	942	GCA_000195975.1_ASM19597v1_genomic_prodigal_proteins	2719	366	67.69	14.45	38.85
GCA_003210335.1_ASM321033v1_genomic_prodigal_proteins	942	GCA_902618885.1_AG-920-D15_genomic_prodigal_proteins	1178	169	65.87	15.31	17.94
GCA_003210335.1_ASM321033v1_genomic_prodigal_proteins	942	GCA_003209165.1_ASM320916v1_genomic_prodigal_proteins	2711	343	67.33	14.41	36.41
GCA_003210335.1_ASM321033v1_genomic_prodigal_proteins	942	GCA_001007625.1_ASM100762v1_genomic_prodigal_proteins	2478	190	59.34	14.30	20.17
GCA_003210335.1_ASM321033v1_genomic_prodigal_proteins	942	GCA_008386235.1_ASM838623v1_genomic_prodigal_proteins	2571	200	51.95	12.84	21.23
GCA_003210335.1_ASM321033v1_genomic_prodigal_proteins	942	GCA_001631935.1_ASM163193v1_genomic_prodigal_proteins	3526	551	86.36	12.02	58.49
GCA_003210335.1_ASM321033v1_genomic_prodigal_proteins	942	GCA_002151525.1_ASM215152v1_genomic_prodigal_proteins	1628	199	62.04	14.72	21.13
GCA_003210335.1_ASM321033v1_genomic_prodigal_proteins	942	GCA_000153065.1_ASM15306v1_genomic_prodigal_proteins	2704	378	70.84	13.94	40.13
GCA_003210335.1_ASM321033v1_genomic_prodigal_proteins	942	GCA_009837265.1_ASM983726v1_genomic_prodigal_proteins	2126	198	59.60	13.51	21.02
GCA_003210335.1_ASM321033v1_genomic_prodigal_proteins	942	GCA_902533725.1_AG-898-C20_genomic_prodigal_proteins	421	39	65.12	15.13	9.26
GCA_003210335.1_ASM321033v1_genomic_prodigal_proteins	942	GCA_002171075.2_ASM217107v2_genomic_prodigal_proteins	1919	271	61.37	14.46	28.77
GCA_003210335.1_ASM321033v1_genomic_prodigal_proteins	942	GCA_002760395.1_ASM276039v1_genomic_prodigal_proteins	2661	166	52.04	12.09	17.62
GCA_003210335.1_ASM321033v1_genomic_prodigal_proteins	942	GCA_003209005.1_ASM320900v1_genomic_prodigal_proteins	2548	475	86.51	13.85	50.42
GCA_003210335.1_ASM321033v1_genomic_prodigal_proteins	942	GCA_002017915.1_ASM201791v1_genomic_prodigal_proteins	623	50	62.94	14.82	8.03
GCA_003210335.1_ASM321033v1_genomic_prodigal_proteins	942	GCA_900047545.1_m9_genomic_prodigal_proteins	1575	152	60.13	13.45	16.14
GCA_003210335.1_ASM321033v1_genomic_prodigal_proteins	942	GCA_001632105.1_ASM163210v1_genomic_prodigal_proteins	3521	549	86.43	11.96	58.28
GCA_003210335.1_ASM321033v1_genomic_prodigal_proteins	942	GCA_004212765.1_ASM421276v1_genomic_prodigal_proteins	1162	159	65.89	14.19	16.88
GCA_003210335.1_ASM321033v1_genomic_prodigal_proteins	942	GCA_002685515.1_ASM268551v1_genomic_prodigal_proteins	1286	155	87.86	15.82	16.45
GCA_003210335.1_ASM321033v1_genomic_prodigal_proteins	942	GCA_007828135.1_ASM782813v1_genomic_prodigal_proteins	2917	317	62.92	14.29	33.65
GCA_003210335.1_ASM321033v1_genomic_prodigal_proteins	942	GCA_011047875.1_ASM1104787v1_genomic_prodigal_proteins	2810	165	51.71	12.14	17.52
GCA_003210335.1_ASM321033v1_genomic_prodigal_proteins	942	GCA_009840445.1_ASM984044v1_genomic_prodigal_proteins	2167	212	60.22	13.15	22.51
GCA_003210335.1_ASM321033v1_genomic_prodigal_proteins	942	GCA_003210995.1_ASM321099v1_genomic_prodigal_proteins	2385	428	84.70	15.31	45.44
GCA_003210335.1_ASM321033v1_genomic_prodigal_proteins	942	GCA_902616995.1_AG-919-L20_genomic_prodigal_proteins	654	93	64.82	17.49	14.22
GCA_003210335.1_ASM321033v1_genomic_prodigal_proteins	942	GCA_009845825.1_ASM984582v1_genomic_prodigal_proteins	2168	180	61.10	13.47	19.11
GCA_003210335.1_ASM321033v1_genomic_prodigal_proteins	942	GCA_000515235.1_ASM51523v1_genomic_prodigal_proteins	2873	393	66.81	14.76	41.72
GCA_003210335.1_ASM321033v1_genomic_prodigal_proteins	942	GCA_003523965.1_ASM352396v1_genomic_prodigal_proteins	1735	148	59.01	13.96	15.71
GCA_003210335.1_ASM321033v1_genomic_prodigal_proteins	942	GCA_002684175.1_ASM268417v1_genomic_prodigal_proteins	1819	186	65.57	14.87	19.75
GCA_003210335.1_ASM321033v1_genomic_prodigal_proteins	942	GCA_011523295.1_ASM1152329v1_genomic_prodigal_proteins	2851	317	66.49	14.39	33.65
GCA_003210335.1_ASM321033v1_genomic_prodigal_proteins	942	GCA_003211015.1_ASM321101v1_genomic_prodigal_proteins	2128	373	85.57	15.05	39.60
GCA_003210335.1_ASM321033v1_genomic_prodigal_proteins	942	GCA_002006815.1_ASM200681v1_genomic_prodigal_proteins	1973	273	61.86	15.01	28.98
GCA_003526105.1_ASM352610v1_genomic_prodigal_proteins	1581	GCA_002172935.1_ASM217293v1_genomic_prodigal_proteins	1996	768	71.59	13.44	48.58
GCA_003526105.1_ASM352610v1_genomic_prodigal_proteins	1581	GCA_003210335.1_ASM321033v1_genomic_prodigal_proteins	942	180	67.84	15.66	19.11
GCA_003526105.1_ASM352610v1_genomic_prodigal_proteins	1581	GCA_009846115.1_ASM984611v1_genomic_prodigal_proteins	2048	582	61.87	12.89	36.81
GCA_003526105.1_ASM352610v1_genomic_prodigal_proteins	1581	GCA_001693295.1_ASM169329v1_genomic_prodigal_proteins	3183	567	54.20	12.52	35.86
GCA_003526105.1_ASM352610v1_genomic_prodigal_proteins	1581	GCA_900473965.1_UW179A_genomic_prodigal_proteins	3383	958	71.47	13.74	60.59
GCA_003526105.1_ASM352610v1_genomic_prodigal_proteins	1581	GCA_003213755.1_ASM321375v1_genomic_prodigal_proteins	1050	253	65.74	13.97	24.10
GCA_003526105.1_ASM352610v1_genomic_prodigal_proteins	1581	GCA_003209155.1_ASM320915v1_genomic_prodigal_proteins	2305	764	71.42	14.36	48.32
GCA_003526105.1_ASM352610v1_genomic_prodigal_proteins	1581	GCA_003211515.1_ASM321151v1_genomic_prodigal_proteins	2451	656	75.93	13.25	41.49
GCA_003526105.1_ASM352610v1_genomic_prodigal_proteins	1581	GCA_002693285.1_ASM269328v1_genomic_prodigal_proteins	2440	876	72.02	13.71	55.41
GCA_003526105.1_ASM352610v1_genomic_prodigal_proteins	1581	GCA_003210555.1_ASM321055v1_genomic_prodigal_proteins	1847	544	69.30	13.23	34.41
GCA_003526105.1_ASM352610v1_genomic_prodigal_proteins	1581	GCA_000155595.1_ASM15559v1_genomic_prodigal_proteins	5270	589	53.42	12.39	37.25
GCA_003526105.1_ASM352610v1_genomic_prodigal_proteins	1581	GCA_001007665.1_ASM100766v1_genomic_prodigal_proteins	2356	649	61.78	12.75	41.05
GCA_003526105.1_ASM352610v1_genomic_prodigal_proteins	1581	GCA_009919765.1_ASM991976v1_genomic_prodigal_proteins	2524	665	67.22	14.83	42.06
GCA_003526105.1_ASM352610v1_genomic_prodigal_proteins	1581	GCA_003331225.1_ASM333122v1_genomic_prodigal_proteins	2113	797	66.85	14.06	50.41
GCA_003526105.1_ASM352610v1_genomic_prodigal_proteins	1581	GCA_900177825.1_IMG-taxon_2708742468_annotated_assembly_genomic_prodigal_proteins	3317	560	54.32	12.51	35.42
GCA_003526105.1_ASM352610v1_genomic_prodigal_proteins	1581	GCA_000195975.1_ASM19597v1_genomic_prodigal_proteins	2719	1011	79.51	12.70	63.95
GCA_003526105.1_ASM352610v1_genomic_prodigal_proteins	1581	GCA_902618885.1_AG-920-D15_genomic_prodigal_proteins	1178	422	79.69	13.47	35.82
GCA_003526105.1_ASM352610v1_genomic_prodigal_proteins	1581	GCA_003209165.1_ASM320916v1_genomic_prodigal_proteins	2711	921	91.66	8.16	58.25
GCA_003526105.1_ASM352610v1_genomic_prodigal_proteins	1581	GCA_001007625.1_ASM100762v1_genomic_prodigal_proteins	2478	582	62.13	12.78	36.81
GCA_003526105.1_ASM352610v1_genomic_prodigal_proteins	1581	GCA_008386235.1_ASM838623v1_genomic_prodigal_proteins	2571	558	54.58	11.91	35.29
GCA_003526105.1_ASM352610v1_genomic_prodigal_proteins	1581	GCA_001631935.1_ASM163193v1_genomic_prodigal_proteins	3526	957	71.47	13.89	60.53
GCA_003526105.1_ASM352610v1_genomic_prodigal_proteins	1581	GCA_002151525.1_ASM215152v1_genomic_prodigal_proteins	1628	587	64.68	13.68	37.13
GCA_003526105.1_ASM352610v1_genomic_prodigal_proteins	1581	GCA_000153065.1_ASM15306v1_genomic_prodigal_proteins	2704	909	73.03	13.01	57.50
GCA_003526105.1_ASM352610v1_genomic_prodigal_proteins	1581	GCA_009837265.1_ASM983726v1_genomic_prodigal_proteins	2126	611	61.84	12.73	38.65
GCA_003526105.1_ASM352610v1_genomic_prodigal_proteins	1581	GCA_902533725.1_AG-898-C20_genomic_prodigal_proteins	421	114	92.42	14.27	27.08
GCA_003526105.1_ASM352610v1_genomic_prodigal_proteins	1581	GCA_002171075.2_ASM217107v2_genomic_prodigal_proteins	1919	637	64.93	13.71	40.29
GCA_003526105.1_ASM352610v1_genomic_prodigal_proteins	1581	GCA_002760395.1_ASM276039v1_genomic_prodigal_proteins	2661	490	53.25	11.54	30.99
GCA_003526105.1_ASM352610v1_genomic_prodigal_proteins	1581	GCA_003209005.1_ASM320900v1_genomic_prodigal_proteins	2548	795	70.77	14.12	50.28
GCA_003526105.1_ASM352610v1_genomic_prodigal_proteins	1581	GCA_002017915.1_ASM201791v1_genomic_prodigal_proteins	623	167	63.23	14.10	26.81
GCA_003526105.1_ASM352610v1_genomic_prodigal_proteins	1581	GCA_900047545.1_m9_genomic_prodigal_proteins	1575	501	61.44	12.69	31.81
GCA_003526105.1_ASM352610v1_genomic_prodigal_proteins	1581	GCA_001632105.1_ASM163210v1_genomic_prodigal_proteins	3521	962	71.43	13.91	60.85
GCA_003526105.1_ASM352610v1_genomic_prodigal_proteins	1581	GCA_004212765.1_ASM421276v1_genomic_prodigal_proteins	1162	536	77.91	13.67	46.13
GCA_003526105.1_ASM352610v1_genomic_prodigal_proteins	1581	GCA_002685515.1_ASM268551v1_genomic_prodigal_proteins	1286	539	70.88	13.86	41.91
GCA_003526105.1_ASM352610v1_genomic_prodigal_proteins	1581	GCA_007828135.1_ASM782813v1_genomic_prodigal_proteins	2917	844	66.89	13.16	53.38
GCA_003526105.1_ASM352610v1_genomic_prodigal_proteins	1581	GCA_011047875.1_ASM1104787v1_genomic_prodigal_proteins	2810	503	53.21	11.50	31.82
GCA_003526105.1_ASM352610v1_genomic_prodigal_proteins	1581	GCA_009840445.1_ASM984044v1_genomic_prodigal_proteins	2167	656	62.01	12.80	41.49
GCA_003526105.1_ASM352610v1_genomic_prodigal_proteins	1581	GCA_003210995.1_ASM321099v1_genomic_prodigal_proteins	2385	718	71.41	14.36	45.41
GCA_003526105.1_ASM352610v1_genomic_prodigal_proteins	1581	GCA_902616995.1_AG-919-L20_genomic_prodigal_proteins	654	211	78.43	14.34	32.26
GCA_003526105.1_ASM352610v1_genomic_prodigal_proteins	1581	GCA_009845825.1_ASM984582v1_genomic_prodigal_proteins	2168	573	61.93	12.82	36.24
GCA_003526105.1_ASM352610v1_genomic_prodigal_proteins	1581	GCA_000515235.1_ASM51523v1_genomic_prodigal_proteins	2873	972	77.08	12.72	61.48
GCA_003526105.1_ASM352610v1_genomic_prodigal_proteins	1581	GCA_003523965.1_ASM352396v1_genomic_prodigal_proteins	1735	444	62.68	13.09	28.08
GCA_003526105.1_ASM352610v1_genomic_prodigal_proteins	1581	GCA_002684175.1_ASM268417v1_genomic_prodigal_proteins	1819	651	76.46	12.23	41.18
GCA_003526105.1_ASM352610v1_genomic_prodigal_proteins	1581	GCA_011523295.1_ASM1152329v1_genomic_prodigal_proteins	2851	846	77.25	13.54	53.51
GCA_003526105.1_ASM352610v1_genomic_prodigal_proteins	1581	GCA_003211015.1_ASM321101v1_genomic_prodigal_proteins	2128	686	71.21	13.99	43.39
GCA_003526105.1_ASM352610v1_genomic_prodigal_proteins	1581	GCA_002006815.1_ASM200681v1_genomic_prodigal_proteins	1973	741	65.12	13.73	46.87
GCA_009846115.1_ASM984611v1_genomic_prodigal_proteins	2048	GCA_001693295.1_ASM169329v1_genomic_prodigal_proteins	3183	816	53.13	12.32	39.84
GCA_009846115.1_ASM984611v1_genomic_prodigal_proteins	2048	GCA_900473965.1_UW179A_genomic_prodigal_proteins	3383	1030	60.77	12.93	50.29
GCA_009846115.1_ASM984611v1_genomic_prodigal_proteins	2048	GCA_003213755.1_ASM321375v1_genomic_prodigal_proteins	1050	375	61.48	13.07	35.71
GCA_009846115.1_ASM984611v1_genomic_prodigal_proteins	2048	GCA_003209155.1_ASM320915v1_genomic_prodigal_proteins	2305	783	60.49	12.82	38.23
GCA_009846115.1_ASM984611v1_genomic_prodigal_proteins	2048	GCA_003211515.1_ASM321151v1_genomic_prodigal_proteins	2451	664	60.33	12.83	32.42
GCA_009846115.1_ASM984611v1_genomic_prodigal_proteins	2048	GCA_002693285.1_ASM269328v1_genomic_prodigal_proteins	2440	895	60.62	12.91	43.70
GCA_009846115.1_ASM984611v1_genomic_prodigal_proteins	2048	GCA_003210555.1_ASM321055v1_genomic_prodigal_proteins	1847	583	60.18	12.80	31.56
GCA_009846115.1_ASM984611v1_genomic_prodigal_proteins	2048	GCA_000155595.1_ASM15559v1_genomic_prodigal_proteins	5270	836	52.39	12.17	40.82
GCA_009846115.1_ASM984611v1_genomic_prodigal_proteins	2048	GCA_001007665.1_ASM100766v1_genomic_prodigal_proteins	2356	1348	87.87	7.71	65.82
GCA_009846115.1_ASM984611v1_genomic_prodigal_proteins	2048	GCA_009919765.1_ASM991976v1_genomic_prodigal_proteins	2524	727	62.22	12.45	35.50
GCA_009846115.1_ASM984611v1_genomic_prodigal_proteins	2048	GCA_003331225.1_ASM333122v1_genomic_prodigal_proteins	2113	923	62.31	12.59	45.07
GCA_009846115.1_ASM984611v1_genomic_prodigal_proteins	2048	GCA_900177825.1_IMG-taxon_2708742468_annotated_assembly_genomic_prodigal_proteins	3317	808	53.19	12.32	39.45
GCA_009846115.1_ASM984611v1_genomic_prodigal_proteins	2048	GCA_000195975.1_ASM19597v1_genomic_prodigal_proteins	2719	1051	61.13	12.83	51.32
GCA_009846115.1_ASM984611v1_genomic_prodigal_proteins	2048	GCA_902618885.1_AG-920-D15_genomic_prodigal_proteins	1178	403	61.51	13.72	34.21
GCA_009846115.1_ASM984611v1_genomic_prodigal_proteins	2048	GCA_003209165.1_ASM320916v1_genomic_prodigal_proteins	2711	891	61.04	12.92	43.51
GCA_009846115.1_ASM984611v1_genomic_prodigal_proteins	2048	GCA_001007625.1_ASM100762v1_genomic_prodigal_proteins	2478	1204	86.27	8.91	58.79
GCA_009846115.1_ASM984611v1_genomic_prodigal_proteins	2048	GCA_008386235.1_ASM838623v1_genomic_prodigal_proteins	2571	799	54.20	12.08	39.01
GCA_009846115.1_ASM984611v1_genomic_prodigal_proteins	2048	GCA_001631935.1_ASM163193v1_genomic_prodigal_proteins	3526	1024	60.93	12.75	50.00
GCA_009846115.1_ASM984611v1_genomic_prodigal_proteins	2048	GCA_002151525.1_ASM215152v1_genomic_prodigal_proteins	1628	744	61.02	13.01	45.70
GCA_009846115.1_ASM984611v1_genomic_prodigal_proteins	2048	GCA_000153065.1_ASM15306v1_genomic_prodigal_proteins	2704	1030	61.89	12.87	50.29
GCA_009846115.1_ASM984611v1_genomic_prodigal_proteins	2048	GCA_009837265.1_ASM983726v1_genomic_prodigal_proteins	2126	1675	99.86	0.87	81.79
GCA_009846115.1_ASM984611v1_genomic_prodigal_proteins	2048	GCA_902533725.1_AG-898-C20_genomic_prodigal_proteins	421	87	62.54	13.36	20.67
GCA_009846115.1_ASM984611v1_genomic_prodigal_proteins	2048	GCA_002171075.2_ASM217107v2_genomic_prodigal_proteins	1919	796	60.62	12.31	41.48
GCA_009846115.1_ASM984611v1_genomic_prodigal_proteins	2048	GCA_002760395.1_ASM276039v1_genomic_prodigal_proteins	2661	701	53.31	11.51	34.23
GCA_009846115.1_ASM984611v1_genomic_prodigal_proteins	2048	GCA_003209005.1_ASM320900v1_genomic_prodigal_proteins	2548	852	60.63	12.66	41.60
GCA_009846115.1_ASM984611v1_genomic_prodigal_proteins	2048	GCA_002017915.1_ASM201791v1_genomic_prodigal_proteins	623	370	86.47	9.78	59.39
GCA_009846115.1_ASM984611v1_genomic_prodigal_proteins	2048	GCA_900047545.1_m9_genomic_prodigal_proteins	1575	1062	91.02	6.29	67.43
GCA_009846115.1_ASM984611v1_genomic_prodigal_proteins	2048	GCA_001632105.1_ASM163210v1_genomic_prodigal_proteins	3521	1031	60.92	12.78	50.34
GCA_009846115.1_ASM984611v1_genomic_prodigal_proteins	2048	GCA_004212765.1_ASM421276v1_genomic_prodigal_proteins	1162	517	61.19	12.71	44.49
GCA_009846115.1_ASM984611v1_genomic_prodigal_proteins	2048	GCA_002685515.1_ASM268551v1_genomic_prodigal_proteins	1286	550	60.16	12.34	42.77
GCA_009846115.1_ASM984611v1_genomic_prodigal_proteins	2048	GCA_007828135.1_ASM782813v1_genomic_prodigal_proteins	2917	1063	62.00	12.31	51.90
GCA_009846115.1_ASM984611v1_genomic_prodigal_proteins	2048	GCA_011047875.1_ASM1104787v1_genomic_prodigal_proteins	2810	711	53.27	11.64	34.72
GCA_009846115.1_ASM984611v1_genomic_prodigal_proteins	2048	GCA_009840445.1_ASM984044v1_genomic_prodigal_proteins	2167	1637	99.08	3.75	79.93
GCA_009846115.1_ASM984611v1_genomic_prodigal_proteins	2048	GCA_003210995.1_ASM321099v1_genomic_prodigal_proteins	2385	739	60.68	12.91	36.08
GCA_009846115.1_ASM984611v1_genomic_prodigal_proteins	2048	GCA_902616995.1_AG-919-L20_genomic_prodigal_proteins	654	198	60.24	12.99	30.28
GCA_009846115.1_ASM984611v1_genomic_prodigal_proteins	2048	GCA_009845825.1_ASM984582v1_genomic_prodigal_proteins	2168	1194	86.77	8.85	58.30
GCA_009846115.1_ASM984611v1_genomic_prodigal_proteins	2048	GCA_000515235.1_ASM51523v1_genomic_prodigal_proteins	2873	1036	60.92	12.81	50.59
GCA_009846115.1_ASM984611v1_genomic_prodigal_proteins	2048	GCA_003523965.1_ASM352396v1_genomic_prodigal_proteins	1735	897	85.50	8.88	51.70
GCA_009846115.1_ASM984611v1_genomic_prodigal_proteins	2048	GCA_002684175.1_ASM268417v1_genomic_prodigal_proteins	1819	645	59.11	12.60	35.46
GCA_009846115.1_ASM984611v1_genomic_prodigal_proteins	2048	GCA_011523295.1_ASM1152329v1_genomic_prodigal_proteins	2851	792	59.52	12.55	38.67
GCA_009846115.1_ASM984611v1_genomic_prodigal_proteins	2048	GCA_003211015.1_ASM321101v1_genomic_prodigal_proteins	2128	760	60.39	12.47	37.11
GCA_009846115.1_ASM984611v1_genomic_prodigal_proteins	2048	GCA_002006815.1_ASM200681v1_genomic_prodigal_proteins	1973	939	61.31	12.76	47.59
GCA_002172935.1_ASM217293v1_genomic_prodigal_proteins	1996	GCA_003210335.1_ASM321033v1_genomic_prodigal_proteins	942	318	73.19	13.63	33.76
GCA_002172935.1_ASM217293v1_genomic_prodigal_proteins	1996	GCA_009846115.1_ASM984611v1_genomic_prodigal_proteins	2048	804	60.61	12.73	40.28
GCA_002172935.1_ASM217293v1_genomic_prodigal_proteins	1996	GCA_001693295.1_ASM169329v1_genomic_prodigal_proteins	3183	838	52.57	12.60	41.98
GCA_002172935.1_ASM217293v1_genomic_prodigal_proteins	1996	GCA_900473965.1_UW179A_genomic_prodigal_proteins	3383	1534	77.09	11.85	76.85
GCA_002172935.1_ASM217293v1_genomic_prodigal_proteins	1996	GCA_003213755.1_ASM321375v1_genomic_prodigal_proteins	1050	418	64.09	14.19	39.81
GCA_002172935.1_ASM217293v1_genomic_prodigal_proteins	1996	GCA_003209155.1_ASM320915v1_genomic_prodigal_proteins	2305	1199	76.69	12.42	60.07
GCA_002172935.1_ASM217293v1_genomic_prodigal_proteins	1996	GCA_003211515.1_ASM321151v1_genomic_prodigal_proteins	2451	924	68.48	14.10	46.29
GCA_002172935.1_ASM217293v1_genomic_prodigal_proteins	1996	GCA_002693285.1_ASM269328v1_genomic_prodigal_proteins	2440	1386	77.27	12.13	69.44
GCA_002172935.1_ASM217293v1_genomic_prodigal_proteins	1996	GCA_003210555.1_ASM321055v1_genomic_prodigal_proteins	1847	834	72.04	13.23	45.15
GCA_002172935.1_ASM217293v1_genomic_prodigal_proteins	1996	GCA_000155595.1_ASM15559v1_genomic_prodigal_proteins	5270	854	52.19	12.50	42.79
GCA_002172935.1_ASM217293v1_genomic_prodigal_proteins	1996	GCA_001007665.1_ASM100766v1_genomic_prodigal_proteins	2356	931	60.39	12.61	46.64
GCA_002172935.1_ASM217293v1_genomic_prodigal_proteins	1996	GCA_009919765.1_ASM991976v1_genomic_prodigal_proteins	2524	918	64.95	14.00	45.99
GCA_002172935.1_ASM217293v1_genomic_prodigal_proteins	1996	GCA_003331225.1_ASM333122v1_genomic_prodigal_proteins	2113	1181	64.71	13.91	59.17
GCA_002172935.1_ASM217293v1_genomic_prodigal_proteins	1996	GCA_900177825.1_IMG-taxon_2708742468_annotated_assembly_genomic_prodigal_proteins	3317	825	52.61	12.61	41.33
GCA_002172935.1_ASM217293v1_genomic_prodigal_proteins	1996	GCA_000195975.1_ASM19597v1_genomic_prodigal_proteins	2719	1411	70.86	13.72	70.69
GCA_002172935.1_ASM217293v1_genomic_prodigal_proteins	1996	GCA_902618885.1_AG-920-D15_genomic_prodigal_proteins	1178	558	71.20	14.53	47.37
GCA_002172935.1_ASM217293v1_genomic_prodigal_proteins	1996	GCA_003209165.1_ASM320916v1_genomic_prodigal_proteins	2711	1170	70.11	13.78	58.62
GCA_002172935.1_ASM217293v1_genomic_prodigal_proteins	1996	GCA_001007625.1_ASM100762v1_genomic_prodigal_proteins	2478	831	60.52	12.94	41.63
GCA_002172935.1_ASM217293v1_genomic_prodigal_proteins	1996	GCA_008386235.1_ASM838623v1_genomic_prodigal_proteins	2571	789	53.08	12.26	39.53
GCA_002172935.1_ASM217293v1_genomic_prodigal_proteins	1996	GCA_001631935.1_ASM163193v1_genomic_prodigal_proteins	3526	1529	77.14	11.91	76.60
GCA_002172935.1_ASM217293v1_genomic_prodigal_proteins	1996	GCA_002151525.1_ASM215152v1_genomic_prodigal_proteins	1628	907	62.94	13.91	55.71
GCA_002172935.1_ASM217293v1_genomic_prodigal_proteins	1996	GCA_000153065.1_ASM15306v1_genomic_prodigal_proteins	2704	1527	73.90	13.13	76.50
GCA_002172935.1_ASM217293v1_genomic_prodigal_proteins	1996	GCA_009837265.1_ASM983726v1_genomic_prodigal_proteins	2126	867	60.57	12.66	43.44
GCA_002172935.1_ASM217293v1_genomic_prodigal_proteins	1996	GCA_902533725.1_AG-898-C20_genomic_prodigal_proteins	421	79	67.79	13.02	18.76
GCA_002172935.1_ASM217293v1_genomic_prodigal_proteins	1996	GCA_002171075.2_ASM217107v2_genomic_prodigal_proteins	1919	986	63.28	13.53	51.38
GCA_002172935.1_ASM217293v1_genomic_prodigal_proteins	1996	GCA_002760395.1_ASM276039v1_genomic_prodigal_proteins	2661	688	52.53	11.71	34.47
GCA_002172935.1_ASM217293v1_genomic_prodigal_proteins	1996	GCA_003209005.1_ASM320900v1_genomic_prodigal_proteins	2548	1280	77.12	11.83	64.13
GCA_002172935.1_ASM217293v1_genomic_prodigal_proteins	1996	GCA_002017915.1_ASM201791v1_genomic_prodigal_proteins	623	248	62.15	13.79	39.81
GCA_002172935.1_ASM217293v1_genomic_prodigal_proteins	1996	GCA_900047545.1_m9_genomic_prodigal_proteins	1575	717	60.40	12.66	45.52
GCA_002172935.1_ASM217293v1_genomic_prodigal_proteins	1996	GCA_001632105.1_ASM163210v1_genomic_prodigal_proteins	3521	1538	77.17	11.92	77.05
GCA_002172935.1_ASM217293v1_genomic_prodigal_proteins	1996	GCA_004212765.1_ASM421276v1_genomic_prodigal_proteins	1162	735	70.67	13.78	63.25
GCA_002172935.1_ASM217293v1_genomic_prodigal_proteins	1996	GCA_002685515.1_ASM268551v1_genomic_prodigal_proteins	1286	849	76.74	11.84	66.02
GCA_002172935.1_ASM217293v1_genomic_prodigal_proteins	1996	GCA_007828135.1_ASM782813v1_genomic_prodigal_proteins	2917	1275	65.29	13.30	63.88
GCA_002172935.1_ASM217293v1_genomic_prodigal_proteins	1996	GCA_011047875.1_ASM1104787v1_genomic_prodigal_proteins	2810	699	52.35	11.81	35.02
GCA_002172935.1_ASM217293v1_genomic_prodigal_proteins	1996	GCA_009840445.1_ASM984044v1_genomic_prodigal_proteins	2167	941	60.67	12.66	47.14
GCA_002172935.1_ASM217293v1_genomic_prodigal_proteins	1996	GCA_003210995.1_ASM321099v1_genomic_prodigal_proteins	2385	1121	76.75	12.63	56.16
GCA_002172935.1_ASM217293v1_genomic_prodigal_proteins	1996	GCA_902616995.1_AG-919-L20_genomic_prodigal_proteins	654	279	69.50	14.02	42.66
GCA_002172935.1_ASM217293v1_genomic_prodigal_proteins	1996	GCA_009845825.1_ASM984582v1_genomic_prodigal_proteins	2168	800	60.59	12.53	40.08
GCA_002172935.1_ASM217293v1_genomic_prodigal_proteins	1996	GCA_000515235.1_ASM51523v1_genomic_prodigal_proteins	2873	1426	69.71	13.81	71.44
GCA_002172935.1_ASM217293v1_genomic_prodigal_proteins	1996	GCA_003523965.1_ASM352396v1_genomic_prodigal_proteins	1735	607	61.51	12.98	34.99
GCA_002172935.1_ASM217293v1_genomic_prodigal_proteins	1996	GCA_002684175.1_ASM268417v1_genomic_prodigal_proteins	1819	896	67.86	13.27	49.26
GCA_002172935.1_ASM217293v1_genomic_prodigal_proteins	1996	GCA_011523295.1_ASM1152329v1_genomic_prodigal_proteins	2851	1152	68.55	14.01	57.72
GCA_002172935.1_ASM217293v1_genomic_prodigal_proteins	1996	GCA_003211015.1_ASM321101v1_genomic_prodigal_proteins	2128	1080	76.75	12.19	54.11
GCA_002172935.1_ASM217293v1_genomic_prodigal_proteins	1996	GCA_002006815.1_ASM200681v1_genomic_prodigal_proteins	1973	1120	63.65	13.80	56.77
GCA_001693295.1_ASM169329v1_genomic_prodigal_proteins	3183	GCA_900473965.1_UW179A_genomic_prodigal_proteins	3383	1074	53.36	12.99	33.74
GCA_001693295.1_ASM169329v1_genomic_prodigal_proteins	3183	GCA_003213755.1_ASM321375v1_genomic_prodigal_proteins	1050	383	53.39	13.37	36.48
GCA_001693295.1_ASM169329v1_genomic_prodigal_proteins	3183	GCA_003209155.1_ASM320915v1_genomic_prodigal_proteins	2305	798	53.29	12.70	34.62
GCA_001693295.1_ASM169329v1_genomic_prodigal_proteins	3183	GCA_003211515.1_ASM321151v1_genomic_prodigal_proteins	2451	708	52.57	12.83	28.89
GCA_001693295.1_ASM169329v1_genomic_prodigal_proteins	3183	GCA_002693285.1_ASM269328v1_genomic_prodigal_proteins	2440	929	52.85	12.75	38.07
GCA_001693295.1_ASM169329v1_genomic_prodigal_proteins	3183	GCA_003210555.1_ASM321055v1_genomic_prodigal_proteins	1847	585	53.09	12.62	31.67
GCA_001693295.1_ASM169329v1_genomic_prodigal_proteins	3183	GCA_000155595.1_ASM15559v1_genomic_prodigal_proteins	5270	1718	58.90	13.03	53.97
GCA_001693295.1_ASM169329v1_genomic_prodigal_proteins	3183	GCA_001007665.1_ASM100766v1_genomic_prodigal_proteins	2356	930	53.34	12.24	39.47
GCA_001693295.1_ASM169329v1_genomic_prodigal_proteins	3183	GCA_009919765.1_ASM991976v1_genomic_prodigal_proteins	2524	757	53.54	12.93	29.99
GCA_001693295.1_ASM169329v1_genomic_prodigal_proteins	3183	GCA_003331225.1_ASM333122v1_genomic_prodigal_proteins	2113	963	53.71	12.78	45.58
GCA_001693295.1_ASM169329v1_genomic_prodigal_proteins	3183	GCA_900177825.1_IMG-taxon_2708742468_annotated_assembly_genomic_prodigal_proteins	3317	2767	97.87	5.51	86.93
GCA_001693295.1_ASM169329v1_genomic_prodigal_proteins	3183	GCA_000195975.1_ASM19597v1_genomic_prodigal_proteins	2719	1089	53.42	12.92	40.05
GCA_001693295.1_ASM169329v1_genomic_prodigal_proteins	3183	GCA_902618885.1_AG-920-D15_genomic_prodigal_proteins	1178	413	54.13	13.27	35.06
GCA_001693295.1_ASM169329v1_genomic_prodigal_proteins	3183	GCA_003209165.1_ASM320916v1_genomic_prodigal_proteins	2711	920	53.60	12.88	33.94
GCA_001693295.1_ASM169329v1_genomic_prodigal_proteins	3183	GCA_001007625.1_ASM100762v1_genomic_prodigal_proteins	2478	816	54.20	12.31	32.93
GCA_001693295.1_ASM169329v1_genomic_prodigal_proteins	3183	GCA_008386235.1_ASM838623v1_genomic_prodigal_proteins	2571	1450	59.19	12.98	56.40
GCA_001693295.1_ASM169329v1_genomic_prodigal_proteins	3183	GCA_001631935.1_ASM163193v1_genomic_prodigal_proteins	3526	1058	53.39	12.92	33.24
GCA_001693295.1_ASM169329v1_genomic_prodigal_proteins	3183	GCA_002151525.1_ASM215152v1_genomic_prodigal_proteins	1628	780	53.79	12.77	47.91
GCA_001693295.1_ASM169329v1_genomic_prodigal_proteins	3183	GCA_000153065.1_ASM15306v1_genomic_prodigal_proteins	2704	1087	53.71	12.89	40.20
GCA_001693295.1_ASM169329v1_genomic_prodigal_proteins	3183	GCA_009837265.1_ASM983726v1_genomic_prodigal_proteins	2126	864	53.55	12.44	40.64
GCA_001693295.1_ASM169329v1_genomic_prodigal_proteins	3183	GCA_902533725.1_AG-898-C20_genomic_prodigal_proteins	421	95	55.57	15.11	22.57
GCA_001693295.1_ASM169329v1_genomic_prodigal_proteins	3183	GCA_002171075.2_ASM217107v2_genomic_prodigal_proteins	1919	814	52.45	12.53	42.42
GCA_001693295.1_ASM169329v1_genomic_prodigal_proteins	3183	GCA_002760395.1_ASM276039v1_genomic_prodigal_proteins	2661	1225	56.55	12.38	46.04
GCA_001693295.1_ASM169329v1_genomic_prodigal_proteins	3183	GCA_003209005.1_ASM320900v1_genomic_prodigal_proteins	2548	879	52.89	12.70	34.50
GCA_001693295.1_ASM169329v1_genomic_prodigal_proteins	3183	GCA_002017915.1_ASM201791v1_genomic_prodigal_proteins	623	273	55.13	13.13	43.82
GCA_001693295.1_ASM169329v1_genomic_prodigal_proteins	3183	GCA_900047545.1_m9_genomic_prodigal_proteins	1575	710	53.20	12.48	45.08
GCA_001693295.1_ASM169329v1_genomic_prodigal_proteins	3183	GCA_001632105.1_ASM163210v1_genomic_prodigal_proteins	3521	1059	53.33	12.84	33.27
GCA_001693295.1_ASM169329v1_genomic_prodigal_proteins	3183	GCA_004212765.1_ASM421276v1_genomic_prodigal_proteins	1162	543	53.05	12.67	46.73
GCA_001693295.1_ASM169329v1_genomic_prodigal_proteins	3183	GCA_002685515.1_ASM268551v1_genomic_prodigal_proteins	1286	564	52.11	12.47	43.86
GCA_001693295.1_ASM169329v1_genomic_prodigal_proteins	3183	GCA_007828135.1_ASM782813v1_genomic_prodigal_proteins	2917	1174	53.71	12.67	40.25
GCA_001693295.1_ASM169329v1_genomic_prodigal_proteins	3183	GCA_011047875.1_ASM1104787v1_genomic_prodigal_proteins	2810	1254	56.76	12.33	44.63
GCA_001693295.1_ASM169329v1_genomic_prodigal_proteins	3183	GCA_009840445.1_ASM984044v1_genomic_prodigal_proteins	2167	953	53.32	12.40	43.98
GCA_001693295.1_ASM169329v1_genomic_prodigal_proteins	3183	GCA_003210995.1_ASM321099v1_genomic_prodigal_proteins	2385	751	53.77	13.19	31.49
GCA_001693295.1_ASM169329v1_genomic_prodigal_proteins	3183	GCA_902616995.1_AG-919-L20_genomic_prodigal_proteins	654	211	53.12	13.42	32.26
GCA_001693295.1_ASM169329v1_genomic_prodigal_proteins	3183	GCA_009845825.1_ASM984582v1_genomic_prodigal_proteins	2168	807	53.82	12.23	37.22
GCA_001693295.1_ASM169329v1_genomic_prodigal_proteins	3183	GCA_000515235.1_ASM51523v1_genomic_prodigal_proteins	2873	1074	53.40	12.88	37.38
GCA_001693295.1_ASM169329v1_genomic_prodigal_proteins	3183	GCA_003523965.1_ASM352396v1_genomic_prodigal_proteins	1735	616	54.77	12.31	35.50
GCA_001693295.1_ASM169329v1_genomic_prodigal_proteins	3183	GCA_002684175.1_ASM268417v1_genomic_prodigal_proteins	1819	634	51.80	12.17	34.85
GCA_001693295.1_ASM169329v1_genomic_prodigal_proteins	3183	GCA_011523295.1_ASM1152329v1_genomic_prodigal_proteins	2851	821	51.42	12.23	28.80
GCA_001693295.1_ASM169329v1_genomic_prodigal_proteins	3183	GCA_003211015.1_ASM321101v1_genomic_prodigal_proteins	2128	774	52.71	12.82	36.37
GCA_001693295.1_ASM169329v1_genomic_prodigal_proteins	3183	GCA_002006815.1_ASM200681v1_genomic_prodigal_proteins	1973	993	53.75	12.84	50.33
GCA_902533725.1_AG-898-C20_genomic_prodigal_proteins	421	GCA_002171075.2_ASM217107v2_genomic_prodigal_proteins	1919	118	64.89	14.74	28.03
GCA_902533725.1_AG-898-C20_genomic_prodigal_proteins	421	GCA_002760395.1_ASM276039v1_genomic_prodigal_proteins	2661	87	52.98	13.47	20.67
GCA_902533725.1_AG-898-C20_genomic_prodigal_proteins	421	GCA_003209005.1_ASM320900v1_genomic_prodigal_proteins	2548	146	68.92	13.36	34.68
GCA_902533725.1_AG-898-C20_genomic_prodigal_proteins	421	GCA_002017915.1_ASM201791v1_genomic_prodigal_proteins	623	34	64.09	13.19	8.08
GCA_902533725.1_AG-898-C20_genomic_prodigal_proteins	421	GCA_900047545.1_m9_genomic_prodigal_proteins	1575	88	61.88	13.32	20.90
GCA_902533725.1_AG-898-C20_genomic_prodigal_proteins	421	GCA_001632105.1_ASM163210v1_genomic_prodigal_proteins	3521	167	69.22	13.42	39.67
GCA_902533725.1_AG-898-C20_genomic_prodigal_proteins	421	GCA_004212765.1_ASM421276v1_genomic_prodigal_proteins	1162	115	74.67	14.91	27.32
GCA_902533725.1_AG-898-C20_genomic_prodigal_proteins	421	GCA_002685515.1_ASM268551v1_genomic_prodigal_proteins	1286	70	66.83	14.53	16.63
GCA_902533725.1_AG-898-C20_genomic_prodigal_proteins	421	GCA_007828135.1_ASM782813v1_genomic_prodigal_proteins	2917	132	66.73	13.93	31.35
GCA_902533725.1_AG-898-C20_genomic_prodigal_proteins	421	GCA_011047875.1_ASM1104787v1_genomic_prodigal_proteins	2810	82	52.86	14.10	19.48
GCA_902533725.1_AG-898-C20_genomic_prodigal_proteins	421	GCA_009840445.1_ASM984044v1_genomic_prodigal_proteins	2167	99	62.19	13.71	23.52
GCA_902533725.1_AG-898-C20_genomic_prodigal_proteins	421	GCA_003210995.1_ASM321099v1_genomic_prodigal_proteins	2385	132	67.64	14.50	31.35
GCA_902533725.1_AG-898-C20_genomic_prodigal_proteins	421	GCA_902616995.1_AG-919-L20_genomic_prodigal_proteins	654	57	71.50	15.93	13.54
GCA_902533725.1_AG-898-C20_genomic_prodigal_proteins	421	GCA_009845825.1_ASM984582v1_genomic_prodigal_proteins	2168	81	62.78	13.13	19.24
GCA_902533725.1_AG-898-C20_genomic_prodigal_proteins	421	GCA_000515235.1_ASM51523v1_genomic_prodigal_proteins	2873	186	73.49	14.65	44.18
GCA_902533725.1_AG-898-C20_genomic_prodigal_proteins	421	GCA_003523965.1_ASM352396v1_genomic_prodigal_proteins	1735	72	63.81	13.37	17.10
GCA_902533725.1_AG-898-C20_genomic_prodigal_proteins	421	GCA_002684175.1_ASM268417v1_genomic_prodigal_proteins	1819	112	72.91	13.55	26.60
GCA_902533725.1_AG-898-C20_genomic_prodigal_proteins	421	GCA_011523295.1_ASM1152329v1_genomic_prodigal_proteins	2851	148	76.30	15.23	35.15
GCA_902533725.1_AG-898-C20_genomic_prodigal_proteins	421	GCA_003211015.1_ASM321101v1_genomic_prodigal_proteins	2128	135	68.75	14.19	32.07
GCA_902533725.1_AG-898-C20_genomic_prodigal_proteins	421	GCA_002006815.1_ASM200681v1_genomic_prodigal_proteins	1973	105	62.53	13.95	24.94
GCA_002151525.1_ASM215152v1_genomic_prodigal_proteins	1628	GCA_000153065.1_ASM15306v1_genomic_prodigal_proteins	2704	1173	64.51	14.08	72.05
GCA_002151525.1_ASM215152v1_genomic_prodigal_proteins	1628	GCA_009837265.1_ASM983726v1_genomic_prodigal_proteins	2126	805	61.22	12.95	49.45
GCA_002151525.1_ASM215152v1_genomic_prodigal_proteins	1628	GCA_902533725.1_AG-898-C20_genomic_prodigal_proteins	421	102	66.12	15.10	24.23
GCA_002151525.1_ASM215152v1_genomic_prodigal_proteins	1628	GCA_002171075.2_ASM217107v2_genomic_prodigal_proteins	1919	915	68.72	12.68	56.20
GCA_002151525.1_ASM215152v1_genomic_prodigal_proteins	1628	GCA_002760395.1_ASM276039v1_genomic_prodigal_proteins	2661	671	53.21	11.76	41.22
GCA_002151525.1_ASM215152v1_genomic_prodigal_proteins	1628	GCA_003209005.1_ASM320900v1_genomic_prodigal_proteins	2548	963	62.92	13.94	59.15
GCA_002151525.1_ASM215152v1_genomic_prodigal_proteins	1628	GCA_002017915.1_ASM201791v1_genomic_prodigal_proteins	623	217	63.33	13.76	34.83
GCA_002151525.1_ASM215152v1_genomic_prodigal_proteins	1628	GCA_900047545.1_m9_genomic_prodigal_proteins	1575	656	60.95	12.81	41.65
GCA_002151525.1_ASM215152v1_genomic_prodigal_proteins	1628	GCA_001632105.1_ASM163210v1_genomic_prodigal_proteins	3521	1126	63.46	13.98	69.16
GCA_002151525.1_ASM215152v1_genomic_prodigal_proteins	1628	GCA_004212765.1_ASM421276v1_genomic_prodigal_proteins	1162	555	63.89	13.79	47.76
GCA_002151525.1_ASM215152v1_genomic_prodigal_proteins	1628	GCA_002685515.1_ASM268551v1_genomic_prodigal_proteins	1286	614	62.56	13.62	47.74
GCA_002151525.1_ASM215152v1_genomic_prodigal_proteins	1628	GCA_007828135.1_ASM782813v1_genomic_prodigal_proteins	2917	1144	66.22	13.35	70.27
GCA_002151525.1_ASM215152v1_genomic_prodigal_proteins	1628	GCA_011047875.1_ASM1104787v1_genomic_prodigal_proteins	2810	684	53.21	11.85	42.01
GCA_002151525.1_ASM215152v1_genomic_prodigal_proteins	1628	GCA_009840445.1_ASM984044v1_genomic_prodigal_proteins	2167	861	61.22	12.79	52.89
GCA_002151525.1_ASM215152v1_genomic_prodigal_proteins	1628	GCA_003210995.1_ASM321099v1_genomic_prodigal_proteins	2385	798	63.22	14.26	49.02
GCA_002151525.1_ASM215152v1_genomic_prodigal_proteins	1628	GCA_902616995.1_AG-919-L20_genomic_prodigal_proteins	654	232	64.28	13.99	35.47
GCA_002151525.1_ASM215152v1_genomic_prodigal_proteins	1628	GCA_009845825.1_ASM984582v1_genomic_prodigal_proteins	2168	733	61.17	12.66	45.02
GCA_002151525.1_ASM215152v1_genomic_prodigal_proteins	1628	GCA_000515235.1_ASM51523v1_genomic_prodigal_proteins	2873	1113	63.63	14.10	68.37
GCA_002151525.1_ASM215152v1_genomic_prodigal_proteins	1628	GCA_003523965.1_ASM352396v1_genomic_prodigal_proteins	1735	581	62.16	12.97	35.69
GCA_002151525.1_ASM215152v1_genomic_prodigal_proteins	1628	GCA_002684175.1_ASM268417v1_genomic_prodigal_proteins	1819	634	61.47	13.49	38.94
GCA_002151525.1_ASM215152v1_genomic_prodigal_proteins	1628	GCA_011523295.1_ASM1152329v1_genomic_prodigal_proteins	2851	854	62.24	13.72	52.46
GCA_002151525.1_ASM215152v1_genomic_prodigal_proteins	1628	GCA_003211015.1_ASM321101v1_genomic_prodigal_proteins	2128	833	63.35	13.64	51.17
GCA_002151525.1_ASM215152v1_genomic_prodigal_proteins	1628	GCA_002006815.1_ASM200681v1_genomic_prodigal_proteins	1973	1330	96.87	4.70	81.70
GCA_902618885.1_AG-920-D15_genomic_prodigal_proteins	1178	GCA_003209165.1_ASM320916v1_genomic_prodigal_proteins	2711	711	77.58	14.11	60.36
GCA_902618885.1_AG-920-D15_genomic_prodigal_proteins	1178	GCA_001007625.1_ASM100762v1_genomic_prodigal_proteins	2478	407	61.94	13.36	34.55
GCA_902618885.1_AG-920-D15_genomic_prodigal_proteins	1178	GCA_008386235.1_ASM838623v1_genomic_prodigal_proteins	2571	395	53.56	13.14	33.53
GCA_902618885.1_AG-920-D15_genomic_prodigal_proteins	1178	GCA_001631935.1_ASM163193v1_genomic_prodigal_proteins	3526	695	71.39	14.54	59.00
GCA_902618885.1_AG-920-D15_genomic_prodigal_proteins	1178	GCA_002151525.1_ASM215152v1_genomic_prodigal_proteins	1628	401	64.21	14.33	34.04
GCA_902618885.1_AG-920-D15_genomic_prodigal_proteins	1178	GCA_000153065.1_ASM15306v1_genomic_prodigal_proteins	2704	654	73.02	14.08	55.52
GCA_902618885.1_AG-920-D15_genomic_prodigal_proteins	1178	GCA_009837265.1_ASM983726v1_genomic_prodigal_proteins	2126	418	61.59	13.43	35.48
GCA_902618885.1_AG-920-D15_genomic_prodigal_proteins	1178	GCA_902533725.1_AG-898-C20_genomic_prodigal_proteins	421	70	70.18	16.42	16.63
GCA_902618885.1_AG-920-D15_genomic_prodigal_proteins	1178	GCA_002171075.2_ASM217107v2_genomic_prodigal_proteins	1919	496	65.44	14.02	42.11
GCA_902618885.1_AG-920-D15_genomic_prodigal_proteins	1178	GCA_002760395.1_ASM276039v1_genomic_prodigal_proteins	2661	331	53.50	12.40	28.10
GCA_902618885.1_AG-920-D15_genomic_prodigal_proteins	1178	GCA_003209005.1_ASM320900v1_genomic_prodigal_proteins	2548	569	70.64	14.78	48.30
GCA_902618885.1_AG-920-D15_genomic_prodigal_proteins	1178	GCA_002017915.1_ASM201791v1_genomic_prodigal_proteins	623	140	64.81	14.24	22.47
GCA_902618885.1_AG-920-D15_genomic_prodigal_proteins	1178	GCA_900047545.1_m9_genomic_prodigal_proteins	1575	345	61.59	13.41	29.29
GCA_902618885.1_AG-920-D15_genomic_prodigal_proteins	1178	GCA_001632105.1_ASM163210v1_genomic_prodigal_proteins	3521	703	71.31	14.61	59.68
GCA_902618885.1_AG-920-D15_genomic_prodigal_proteins	1178	GCA_004212765.1_ASM421276v1_genomic_prodigal_proteins	1162	366	89.06	12.24	31.50
GCA_902618885.1_AG-920-D15_genomic_prodigal_proteins	1178	GCA_002685515.1_ASM268551v1_genomic_prodigal_proteins	1286	331	69.66	14.95	28.10
GCA_902618885.1_AG-920-D15_genomic_prodigal_proteins	1178	GCA_007828135.1_ASM782813v1_genomic_prodigal_proteins	2917	603	67.06	13.93	51.19
GCA_902618885.1_AG-920-D15_genomic_prodigal_proteins	1178	GCA_011047875.1_ASM1104787v1_genomic_prodigal_proteins	2810	337	53.83	12.29	28.61
GCA_902618885.1_AG-920-D15_genomic_prodigal_proteins	1178	GCA_009840445.1_ASM984044v1_genomic_prodigal_proteins	2167	458	61.76	13.51	38.88
GCA_902618885.1_AG-920-D15_genomic_prodigal_proteins	1178	GCA_003210995.1_ASM321099v1_genomic_prodigal_proteins	2385	551	70.83	15.17	46.77
GCA_902618885.1_AG-920-D15_genomic_prodigal_proteins	1178	GCA_902616995.1_AG-919-L20_genomic_prodigal_proteins	654	246	93.39	12.76	37.61
GCA_902618885.1_AG-920-D15_genomic_prodigal_proteins	1178	GCA_009845825.1_ASM984582v1_genomic_prodigal_proteins	2168	393	62.53	13.29	33.36
GCA_902618885.1_AG-920-D15_genomic_prodigal_proteins	1178	GCA_000515235.1_ASM51523v1_genomic_prodigal_proteins	2873	786	75.40	14.72	66.72
GCA_902618885.1_AG-920-D15_genomic_prodigal_proteins	1178	GCA_003523965.1_ASM352396v1_genomic_prodigal_proteins	1735	305	63.25	13.86	25.89
GCA_902618885.1_AG-920-D15_genomic_prodigal_proteins	1178	GCA_002684175.1_ASM268417v1_genomic_prodigal_proteins	1819	472	74.71	13.32	40.07
GCA_902618885.1_AG-920-D15_genomic_prodigal_proteins	1178	GCA_011523295.1_ASM1152329v1_genomic_prodigal_proteins	2851	587	74.35	14.05	49.83
GCA_902618885.1_AG-920-D15_genomic_prodigal_proteins	1178	GCA_003211015.1_ASM321101v1_genomic_prodigal_proteins	2128	481	70.55	14.77	40.83
GCA_902618885.1_AG-920-D15_genomic_prodigal_proteins	1178	GCA_002006815.1_ASM200681v1_genomic_prodigal_proteins	1973	515	65.19	14.44	43.72
GCA_001631935.1_ASM163193v1_genomic_prodigal_proteins	3526	GCA_002151525.1_ASM215152v1_genomic_prodigal_proteins	1628	1125	63.47	13.98	69.10
GCA_001631935.1_ASM163193v1_genomic_prodigal_proteins	3526	GCA_000153065.1_ASM15306v1_genomic_prodigal_proteins	2704	1865	73.84	13.18	68.97
GCA_001631935.1_ASM163193v1_genomic_prodigal_proteins	3526	GCA_009837265.1_ASM983726v1_genomic_prodigal_proteins	2126	1094	60.97	12.67	51.46
GCA_001631935.1_ASM163193v1_genomic_prodigal_proteins	3526	GCA_902533725.1_AG-898-C20_genomic_prodigal_proteins	421	159	69.51	13.54	37.77
GCA_001631935.1_ASM163193v1_genomic_prodigal_proteins	3526	GCA_002171075.2_ASM217107v2_genomic_prodigal_proteins	1919	1251	63.62	13.68	65.19
GCA_001631935.1_ASM163193v1_genomic_prodigal_proteins	3526	GCA_002760395.1_ASM276039v1_genomic_prodigal_proteins	2661	888	52.83	11.85	33.37
GCA_001631935.1_ASM163193v1_genomic_prodigal_proteins	3526	GCA_003209005.1_ASM320900v1_genomic_prodigal_proteins	2548	1984	89.98	9.33	77.86
GCA_001631935.1_ASM163193v1_genomic_prodigal_proteins	3526	GCA_002017915.1_ASM201791v1_genomic_prodigal_proteins	623	324	63.42	13.36	52.01
GCA_001631935.1_ASM163193v1_genomic_prodigal_proteins	3526	GCA_900047545.1_m9_genomic_prodigal_proteins	1575	913	60.93	12.67	57.97
GCA_001631935.1_ASM163193v1_genomic_prodigal_proteins	3526	GCA_001632105.1_ASM163210v1_genomic_prodigal_proteins	3521	3282	99.63	2.16	93.21
GCA_001631935.1_ASM163193v1_genomic_prodigal_proteins	3526	GCA_004212765.1_ASM421276v1_genomic_prodigal_proteins	1162	846	70.58	13.71	72.81
GCA_001631935.1_ASM163193v1_genomic_prodigal_proteins	3526	GCA_002685515.1_ASM268551v1_genomic_prodigal_proteins	1286	1110	90.15	7.57	86.31
GCA_001631935.1_ASM163193v1_genomic_prodigal_proteins	3526	GCA_007828135.1_ASM782813v1_genomic_prodigal_proteins	2917	1630	65.40	13.49	55.88
GCA_001631935.1_ASM163193v1_genomic_prodigal_proteins	3526	GCA_011047875.1_ASM1104787v1_genomic_prodigal_proteins	2810	904	52.77	11.86	32.17
GCA_001631935.1_ASM163193v1_genomic_prodigal_proteins	3526	GCA_009840445.1_ASM984044v1_genomic_prodigal_proteins	2167	1191	61.03	12.70	54.96
GCA_001631935.1_ASM163193v1_genomic_prodigal_proteins	3526	GCA_003210995.1_ASM321099v1_genomic_prodigal_proteins	2385	1823	89.50	9.69	76.44
GCA_001631935.1_ASM163193v1_genomic_prodigal_proteins	3526	GCA_902616995.1_AG-919-L20_genomic_prodigal_proteins	654	354	70.74	13.87	54.13
GCA_001631935.1_ASM163193v1_genomic_prodigal_proteins	3526	GCA_009845825.1_ASM984582v1_genomic_prodigal_proteins	2168	1019	61.14	12.70	47.00
GCA_001631935.1_ASM163193v1_genomic_prodigal_proteins	3526	GCA_000515235.1_ASM51523v1_genomic_prodigal_proteins	2873	1887	70.06	14.02	65.68
GCA_001631935.1_ASM163193v1_genomic_prodigal_proteins	3526	GCA_003523965.1_ASM352396v1_genomic_prodigal_proteins	1735	776	61.83	13.07	44.73
GCA_001631935.1_ASM163193v1_genomic_prodigal_proteins	3526	GCA_002684175.1_ASM268417v1_genomic_prodigal_proteins	1819	1120	69.00	13.21	61.57
GCA_001631935.1_ASM163193v1_genomic_prodigal_proteins	3526	GCA_011523295.1_ASM1152329v1_genomic_prodigal_proteins	2851	1434	69.02	13.84	50.30
GCA_001631935.1_ASM163193v1_genomic_prodigal_proteins	3526	GCA_003211015.1_ASM321101v1_genomic_prodigal_proteins	2128	1720	89.95	9.25	80.83
GCA_001631935.1_ASM163193v1_genomic_prodigal_proteins	3526	GCA_002006815.1_ASM200681v1_genomic_prodigal_proteins	1973	1402	63.94	13.94	71.06
GCA_002017915.1_ASM201791v1_genomic_prodigal_proteins	623	GCA_900047545.1_m9_genomic_prodigal_proteins	1575	305	86.06	9.34	48.96
GCA_002017915.1_ASM201791v1_genomic_prodigal_proteins	623	GCA_001632105.1_ASM163210v1_genomic_prodigal_proteins	3521	326	63.26	13.48	52.33
GCA_002017915.1_ASM201791v1_genomic_prodigal_proteins	623	GCA_004212765.1_ASM421276v1_genomic_prodigal_proteins	1162	166	64.34	13.31	26.65
GCA_002017915.1_ASM201791v1_genomic_prodigal_proteins	623	GCA_002685515.1_ASM268551v1_genomic_prodigal_proteins	1286	169	61.73	12.45	27.13
GCA_002017915.1_ASM201791v1_genomic_prodigal_proteins	623	GCA_007828135.1_ASM782813v1_genomic_prodigal_proteins	2917	331	64.03	13.15	53.13
GCA_002017915.1_ASM201791v1_genomic_prodigal_proteins	623	GCA_011047875.1_ASM1104787v1_genomic_prodigal_proteins	2810	251	55.04	12.29	40.29
GCA_002017915.1_ASM201791v1_genomic_prodigal_proteins	623	GCA_009840445.1_ASM984044v1_genomic_prodigal_proteins	2167	407	86.67	9.35	65.33
GCA_002017915.1_ASM201791v1_genomic_prodigal_proteins	623	GCA_003210995.1_ASM321099v1_genomic_prodigal_proteins	2385	238	62.24	14.21	38.20
GCA_002017915.1_ASM201791v1_genomic_prodigal_proteins	623	GCA_902616995.1_AG-919-L20_genomic_prodigal_proteins	654	63	62.97	13.71	10.11
GCA_002017915.1_ASM201791v1_genomic_prodigal_proteins	623	GCA_009845825.1_ASM984582v1_genomic_prodigal_proteins	2168	366	86.85	10.29	58.75
GCA_002017915.1_ASM201791v1_genomic_prodigal_proteins	623	GCA_000515235.1_ASM51523v1_genomic_prodigal_proteins	2873	314	63.67	13.38	50.40
GCA_002017915.1_ASM201791v1_genomic_prodigal_proteins	623	GCA_003523965.1_ASM352396v1_genomic_prodigal_proteins	1735	282	85.65	10.63	45.26
GCA_002017915.1_ASM201791v1_genomic_prodigal_proteins	623	GCA_002684175.1_ASM268417v1_genomic_prodigal_proteins	1819	218	61.53	13.14	34.99
GCA_002017915.1_ASM201791v1_genomic_prodigal_proteins	623	GCA_011523295.1_ASM1152329v1_genomic_prodigal_proteins	2851	242	61.57	13.29	38.84
GCA_002017915.1_ASM201791v1_genomic_prodigal_proteins	623	GCA_003211015.1_ASM321101v1_genomic_prodigal_proteins	2128	240	62.29	13.19	38.52
GCA_002017915.1_ASM201791v1_genomic_prodigal_proteins	623	GCA_002006815.1_ASM200681v1_genomic_prodigal_proteins	1973	292	63.68	13.36	46.87
GCA_900473965.1_UW179A_genomic_prodigal_proteins	3383	GCA_003213755.1_ASM321375v1_genomic_prodigal_proteins	1050	615	64.63	14.71	58.57
GCA_900473965.1_UW179A_genomic_prodigal_proteins	3383	GCA_003209155.1_ASM320915v1_genomic_prodigal_proteins	2305	1870	90.16	8.75	81.13
GCA_900473965.1_UW179A_genomic_prodigal_proteins	3383	GCA_003211515.1_ASM321151v1_genomic_prodigal_proteins	2451	1289	69.08	14.45	52.59
GCA_900473965.1_UW179A_genomic_prodigal_proteins	3383	GCA_002693285.1_ASM269328v1_genomic_prodigal_proteins	2440	1827	79.50	11.58	74.88
GCA_900473965.1_UW179A_genomic_prodigal_proteins	3383	GCA_003210555.1_ASM321055v1_genomic_prodigal_proteins	1847	1193	72.42	13.20	64.59
GCA_900473965.1_UW179A_genomic_prodigal_proteins	3383	GCA_000155595.1_ASM15559v1_genomic_prodigal_proteins	5270	1144	52.41	12.69	33.82
GCA_900473965.1_UW179A_genomic_prodigal_proteins	3383	GCA_001007665.1_ASM100766v1_genomic_prodigal_proteins	2356	1185	60.63	12.97	50.30
GCA_900473965.1_UW179A_genomic_prodigal_proteins	3383	GCA_009919765.1_ASM991976v1_genomic_prodigal_proteins	2524	1148	65.06	14.05	45.48
GCA_900473965.1_UW179A_genomic_prodigal_proteins	3383	GCA_003331225.1_ASM333122v1_genomic_prodigal_proteins	2113	1483	65.24	14.23	70.18
GCA_900473965.1_UW179A_genomic_prodigal_proteins	3383	GCA_900177825.1_IMG-taxon_2708742468_annotated_assembly_genomic_prodigal_proteins	3317	1066	53.22	12.99	32.14
GCA_900473965.1_UW179A_genomic_prodigal_proteins	3383	GCA_000195975.1_ASM19597v1_genomic_prodigal_proteins	2719	1822	70.96	13.71	67.01
GCA_900473965.1_UW179A_genomic_prodigal_proteins	3383	GCA_902618885.1_AG-920-D15_genomic_prodigal_proteins	1178	701	71.45	14.60	59.51
GCA_900473965.1_UW179A_genomic_prodigal_proteins	3383	GCA_003209165.1_ASM320916v1_genomic_prodigal_proteins	2711	1567	70.75	13.93	57.80
GCA_900473965.1_UW179A_genomic_prodigal_proteins	3383	GCA_001007625.1_ASM100762v1_genomic_prodigal_proteins	2478	1040	60.94	13.13	41.97
GCA_900473965.1_UW179A_genomic_prodigal_proteins	3383	GCA_008386235.1_ASM838623v1_genomic_prodigal_proteins	2571	1017	53.44	12.49	39.56
GCA_900473965.1_UW179A_genomic_prodigal_proteins	3383	GCA_001631935.1_ASM163193v1_genomic_prodigal_proteins	3526	2595	92.43	7.82	76.71
GCA_900473965.1_UW179A_genomic_prodigal_proteins	3383	GCA_002151525.1_ASM215152v1_genomic_prodigal_proteins	1628	1141	63.28	13.95	70.09
GCA_900473965.1_UW179A_genomic_prodigal_proteins	3383	GCA_000153065.1_ASM15306v1_genomic_prodigal_proteins	2704	1879	73.70	13.14	69.49
GCA_900473965.1_UW179A_genomic_prodigal_proteins	3383	GCA_009837265.1_ASM983726v1_genomic_prodigal_proteins	2126	1095	60.80	12.82	51.51
GCA_900473965.1_UW179A_genomic_prodigal_proteins	3383	GCA_902533725.1_AG-898-C20_genomic_prodigal_proteins	421	169	69.69	14.32	40.14
GCA_900473965.1_UW179A_genomic_prodigal_proteins	3383	GCA_002171075.2_ASM217107v2_genomic_prodigal_proteins	1919	1272	63.73	13.81	66.28
GCA_900473965.1_UW179A_genomic_prodigal_proteins	3383	GCA_002760395.1_ASM276039v1_genomic_prodigal_proteins	2661	891	52.91	11.95	33.48
GCA_900473965.1_UW179A_genomic_prodigal_proteins	3383	GCA_003209005.1_ASM320900v1_genomic_prodigal_proteins	2548	1996	90.01	9.57	78.34
GCA_900473965.1_UW179A_genomic_prodigal_proteins	3383	GCA_002017915.1_ASM201791v1_genomic_prodigal_proteins	623	328	63.07	13.44	52.65
GCA_900473965.1_UW179A_genomic_prodigal_proteins	3383	GCA_900047545.1_m9_genomic_prodigal_proteins	1575	914	60.80	12.86	58.03
GCA_900473965.1_UW179A_genomic_prodigal_proteins	3383	GCA_001632105.1_ASM163210v1_genomic_prodigal_proteins	3521	2606	92.46	7.77	77.03
GCA_900473965.1_UW179A_genomic_prodigal_proteins	3383	GCA_004212765.1_ASM421276v1_genomic_prodigal_proteins	1162	859	70.63	13.65	73.92
GCA_900473965.1_UW179A_genomic_prodigal_proteins	3383	GCA_002685515.1_ASM268551v1_genomic_prodigal_proteins	1286	1120	90.32	7.65	87.09
GCA_900473965.1_UW179A_genomic_prodigal_proteins	3383	GCA_007828135.1_ASM782813v1_genomic_prodigal_proteins	2917	1633	65.45	13.48	55.98
GCA_900473965.1_UW179A_genomic_prodigal_proteins	3383	GCA_011047875.1_ASM1104787v1_genomic_prodigal_proteins	2810	911	52.68	12.04	32.42
GCA_900473965.1_UW179A_genomic_prodigal_proteins	3383	GCA_009840445.1_ASM984044v1_genomic_prodigal_proteins	2167	1191	60.91	12.82	54.96
GCA_900473965.1_UW179A_genomic_prodigal_proteins	3383	GCA_003210995.1_ASM321099v1_genomic_prodigal_proteins	2385	1839	89.55	9.68	77.11
GCA_900473965.1_UW179A_genomic_prodigal_proteins	3383	GCA_902616995.1_AG-919-L20_genomic_prodigal_proteins	654	359	70.89	13.97	54.89
GCA_900473965.1_UW179A_genomic_prodigal_proteins	3383	GCA_009845825.1_ASM984582v1_genomic_prodigal_proteins	2168	1011	61.11	12.78	46.63
GCA_900473965.1_UW179A_genomic_prodigal_proteins	3383	GCA_000515235.1_ASM51523v1_genomic_prodigal_proteins	2873	1926	70.02	14.08	67.04
GCA_900473965.1_UW179A_genomic_prodigal_proteins	3383	GCA_003523965.1_ASM352396v1_genomic_prodigal_proteins	1735	776	61.94	13.17	44.73
GCA_900473965.1_UW179A_genomic_prodigal_proteins	3383	GCA_002684175.1_ASM268417v1_genomic_prodigal_proteins	1819	1135	68.96	13.27	62.40
GCA_900473965.1_UW179A_genomic_prodigal_proteins	3383	GCA_011523295.1_ASM1152329v1_genomic_prodigal_proteins	2851	1456	68.85	13.90	51.07
GCA_900473965.1_UW179A_genomic_prodigal_proteins	3383	GCA_003211015.1_ASM321101v1_genomic_prodigal_proteins	2128	1723	89.89	9.50	80.97
GCA_900473965.1_UW179A_genomic_prodigal_proteins	3383	GCA_002006815.1_ASM200681v1_genomic_prodigal_proteins	1973	1416	63.91	13.79	71.77
GCA_900047545.1_m9_genomic_prodigal_proteins	1575	GCA_001632105.1_ASM163210v1_genomic_prodigal_proteins	3521	917	60.90	12.71	58.22
GCA_900047545.1_m9_genomic_prodigal_proteins	1575	GCA_004212765.1_ASM421276v1_genomic_prodigal_proteins	1162	458	60.80	12.56	39.41
GCA_900047545.1_m9_genomic_prodigal_proteins	1575	GCA_002685515.1_ASM268551v1_genomic_prodigal_proteins	1286	486	59.94	12.58	37.79
GCA_900047545.1_m9_genomic_prodigal_proteins	1575	GCA_007828135.1_ASM782813v1_genomic_prodigal_proteins	2917	932	61.98	12.30	59.17
GCA_900047545.1_m9_genomic_prodigal_proteins	1575	GCA_011047875.1_ASM1104787v1_genomic_prodigal_proteins	2810	640	52.96	11.79	40.63
GCA_900047545.1_m9_genomic_prodigal_proteins	1575	GCA_009840445.1_ASM984044v1_genomic_prodigal_proteins	2167	1187	90.88	6.58	75.37
GCA_900047545.1_m9_genomic_prodigal_proteins	1575	GCA_003210995.1_ASM321099v1_genomic_prodigal_proteins	2385	660	60.73	12.93	41.90
GCA_900047545.1_m9_genomic_prodigal_proteins	1575	GCA_902616995.1_AG-919-L20_genomic_prodigal_proteins	654	181	59.94	12.43	27.68
GCA_900047545.1_m9_genomic_prodigal_proteins	1575	GCA_009845825.1_ASM984582v1_genomic_prodigal_proteins	2168	992	86.50	7.85	62.98
GCA_900047545.1_m9_genomic_prodigal_proteins	1575	GCA_000515235.1_ASM51523v1_genomic_prodigal_proteins	2873	905	61.12	12.68	57.46
GCA_900047545.1_m9_genomic_prodigal_proteins	1575	GCA_003523965.1_ASM352396v1_genomic_prodigal_proteins	1735	774	85.09	8.88	49.14
GCA_900047545.1_m9_genomic_prodigal_proteins	1575	GCA_002684175.1_ASM268417v1_genomic_prodigal_proteins	1819	561	59.09	12.47	35.62
GCA_900047545.1_m9_genomic_prodigal_proteins	1575	GCA_011523295.1_ASM1152329v1_genomic_prodigal_proteins	2851	685	59.68	12.36	43.49
GCA_900047545.1_m9_genomic_prodigal_proteins	1575	GCA_003211015.1_ASM321101v1_genomic_prodigal_proteins	2128	668	60.52	12.66	42.41
GCA_900047545.1_m9_genomic_prodigal_proteins	1575	GCA_002006815.1_ASM200681v1_genomic_prodigal_proteins	1973	821	61.27	12.44	52.13
GCA_008386235.1_ASM838623v1_genomic_prodigal_proteins	2571	GCA_001631935.1_ASM163193v1_genomic_prodigal_proteins	3526	1021	53.53	12.56	39.71
GCA_008386235.1_ASM838623v1_genomic_prodigal_proteins	2571	GCA_002151525.1_ASM215152v1_genomic_prodigal_proteins	1628	767	53.97	12.52	47.11
GCA_008386235.1_ASM838623v1_genomic_prodigal_proteins	2571	GCA_000153065.1_ASM15306v1_genomic_prodigal_proteins	2704	1078	53.90	12.63	41.93
GCA_008386235.1_ASM838623v1_genomic_prodigal_proteins	2571	GCA_009837265.1_ASM983726v1_genomic_prodigal_proteins	2126	858	54.27	12.16	40.36
GCA_008386235.1_ASM838623v1_genomic_prodigal_proteins	2571	GCA_902533725.1_AG-898-C20_genomic_prodigal_proteins	421	79	54.93	13.42	18.76
GCA_008386235.1_ASM838623v1_genomic_prodigal_proteins	2571	GCA_002171075.2_ASM217107v2_genomic_prodigal_proteins	1919	746	53.07	12.02	38.87
GCA_008386235.1_ASM838623v1_genomic_prodigal_proteins	2571	GCA_002760395.1_ASM276039v1_genomic_prodigal_proteins	2661	1269	58.34	12.69	49.36
GCA_008386235.1_ASM838623v1_genomic_prodigal_proteins	2571	GCA_003209005.1_ASM320900v1_genomic_prodigal_proteins	2548	841	53.05	12.50	33.01
GCA_008386235.1_ASM838623v1_genomic_prodigal_proteins	2571	GCA_002017915.1_ASM201791v1_genomic_prodigal_proteins	623	269	55.68	12.94	43.18
GCA_008386235.1_ASM838623v1_genomic_prodigal_proteins	2571	GCA_900047545.1_m9_genomic_prodigal_proteins	1575	705	54.22	12.09	44.76
GCA_008386235.1_ASM838623v1_genomic_prodigal_proteins	2571	GCA_001632105.1_ASM163210v1_genomic_prodigal_proteins	3521	1025	53.32	12.51	39.87
GCA_008386235.1_ASM838623v1_genomic_prodigal_proteins	2571	GCA_004212765.1_ASM421276v1_genomic_prodigal_proteins	1162	522	53.44	12.33	44.92
GCA_008386235.1_ASM838623v1_genomic_prodigal_proteins	2571	GCA_002685515.1_ASM268551v1_genomic_prodigal_proteins	1286	550	52.53	11.93	42.77
GCA_008386235.1_ASM838623v1_genomic_prodigal_proteins	2571	GCA_007828135.1_ASM782813v1_genomic_prodigal_proteins	2917	1095	54.16	12.33	42.59
GCA_008386235.1_ASM838623v1_genomic_prodigal_proteins	2571	GCA_011047875.1_ASM1104787v1_genomic_prodigal_proteins	2810	1291	58.07	12.88	50.21
GCA_008386235.1_ASM838623v1_genomic_prodigal_proteins	2571	GCA_009840445.1_ASM984044v1_genomic_prodigal_proteins	2167	934	54.26	12.14	43.10
GCA_008386235.1_ASM838623v1_genomic_prodigal_proteins	2571	GCA_003210995.1_ASM321099v1_genomic_prodigal_proteins	2385	710	53.78	12.77	29.77
GCA_008386235.1_ASM838623v1_genomic_prodigal_proteins	2571	GCA_902616995.1_AG-919-L20_genomic_prodigal_proteins	654	191	52.99	13.40	29.20
GCA_008386235.1_ASM838623v1_genomic_prodigal_proteins	2571	GCA_009845825.1_ASM984582v1_genomic_prodigal_proteins	2168	803	54.22	12.11	37.04
GCA_008386235.1_ASM838623v1_genomic_prodigal_proteins	2571	GCA_000515235.1_ASM51523v1_genomic_prodigal_proteins	2873	1044	53.32	12.67	40.61
GCA_008386235.1_ASM838623v1_genomic_prodigal_proteins	2571	GCA_003523965.1_ASM352396v1_genomic_prodigal_proteins	1735	612	55.46	12.08	35.27
GCA_008386235.1_ASM838623v1_genomic_prodigal_proteins	2571	GCA_002684175.1_ASM268417v1_genomic_prodigal_proteins	1819	601	52.06	11.86	33.04
GCA_008386235.1_ASM838623v1_genomic_prodigal_proteins	2571	GCA_011523295.1_ASM1152329v1_genomic_prodigal_proteins	2851	769	52.03	11.97	29.91
GCA_008386235.1_ASM838623v1_genomic_prodigal_proteins	2571	GCA_003211015.1_ASM321101v1_genomic_prodigal_proteins	2128	725	53.01	12.29	34.07
GCA_008386235.1_ASM838623v1_genomic_prodigal_proteins	2571	GCA_002006815.1_ASM200681v1_genomic_prodigal_proteins	1973	969	53.96	12.45	49.11
GCA_003209165.1_ASM320916v1_genomic_prodigal_proteins	2711	GCA_001007625.1_ASM100762v1_genomic_prodigal_proteins	2478	905	61.18	12.87	36.52
GCA_003209165.1_ASM320916v1_genomic_prodigal_proteins	2711	GCA_008386235.1_ASM838623v1_genomic_prodigal_proteins	2571	865	53.86	12.39	33.64
GCA_003209165.1_ASM320916v1_genomic_prodigal_proteins	2711	GCA_001631935.1_ASM163193v1_genomic_prodigal_proteins	3526	1549	70.57	13.88	57.14
GCA_003209165.1_ASM320916v1_genomic_prodigal_proteins	2711	GCA_002151525.1_ASM215152v1_genomic_prodigal_proteins	1628	930	63.87	13.97	57.13
GCA_003209165.1_ASM320916v1_genomic_prodigal_proteins	2711	GCA_000153065.1_ASM15306v1_genomic_prodigal_proteins	2704	1482	71.47	13.59	54.81
GCA_003209165.1_ASM320916v1_genomic_prodigal_proteins	2711	GCA_009837265.1_ASM983726v1_genomic_prodigal_proteins	2126	944	61.11	12.86	44.40
GCA_003209165.1_ASM320916v1_genomic_prodigal_proteins	2711	GCA_902533725.1_AG-898-C20_genomic_prodigal_proteins	421	218	88.44	9.70	51.78
GCA_003209165.1_ASM320916v1_genomic_prodigal_proteins	2711	GCA_002171075.2_ASM217107v2_genomic_prodigal_proteins	1919	1058	64.44	13.67	55.13
GCA_003209165.1_ASM320916v1_genomic_prodigal_proteins	2711	GCA_002760395.1_ASM276039v1_genomic_prodigal_proteins	2661	773	53.03	11.91	29.05
GCA_003209165.1_ASM320916v1_genomic_prodigal_proteins	2711	GCA_003209005.1_ASM320900v1_genomic_prodigal_proteins	2548	1322	70.08	14.02	51.88
GCA_003209165.1_ASM320916v1_genomic_prodigal_proteins	2711	GCA_002017915.1_ASM201791v1_genomic_prodigal_proteins	623	284	63.31	13.62	45.59
GCA_003209165.1_ASM320916v1_genomic_prodigal_proteins	2711	GCA_900047545.1_m9_genomic_prodigal_proteins	1575	791	61.00	12.70	50.22
GCA_003209165.1_ASM320916v1_genomic_prodigal_proteins	2711	GCA_001632105.1_ASM163210v1_genomic_prodigal_proteins	3521	1557	70.57	13.90	57.43
GCA_003209165.1_ASM320916v1_genomic_prodigal_proteins	2711	GCA_004212765.1_ASM421276v1_genomic_prodigal_proteins	1162	773	77.11	13.18	66.52
GCA_003209165.1_ASM320916v1_genomic_prodigal_proteins	2711	GCA_002685515.1_ASM268551v1_genomic_prodigal_proteins	1286	770	69.62	13.75	59.88
GCA_003209165.1_ASM320916v1_genomic_prodigal_proteins	2711	GCA_007828135.1_ASM782813v1_genomic_prodigal_proteins	2917	1361	66.03	13.42	50.20
GCA_003209165.1_ASM320916v1_genomic_prodigal_proteins	2711	GCA_011047875.1_ASM1104787v1_genomic_prodigal_proteins	2810	769	53.22	11.90	28.37
GCA_003209165.1_ASM320916v1_genomic_prodigal_proteins	2711	GCA_009840445.1_ASM984044v1_genomic_prodigal_proteins	2167	1032	60.99	12.85	47.62
GCA_003209165.1_ASM320916v1_genomic_prodigal_proteins	2711	GCA_003210995.1_ASM321099v1_genomic_prodigal_proteins	2385	1173	70.22	14.09	49.18
GCA_003209165.1_ASM320916v1_genomic_prodigal_proteins	2711	GCA_902616995.1_AG-919-L20_genomic_prodigal_proteins	654	388	77.25	13.39	59.33
GCA_003209165.1_ASM320916v1_genomic_prodigal_proteins	2711	GCA_009845825.1_ASM984582v1_genomic_prodigal_proteins	2168	888	61.11	12.78	40.96
GCA_003209165.1_ASM320916v1_genomic_prodigal_proteins	2711	GCA_000515235.1_ASM51523v1_genomic_prodigal_proteins	2873	1696	75.15	13.39	62.56
GCA_003209165.1_ASM320916v1_genomic_prodigal_proteins	2711	GCA_003523965.1_ASM352396v1_genomic_prodigal_proteins	1735	681	62.08	13.17	39.25
GCA_003209165.1_ASM320916v1_genomic_prodigal_proteins	2711	GCA_002684175.1_ASM268417v1_genomic_prodigal_proteins	1819	989	75.06	12.09	54.37
GCA_003209165.1_ASM320916v1_genomic_prodigal_proteins	2711	GCA_011523295.1_ASM1152329v1_genomic_prodigal_proteins	2851	1311	75.99	13.63	48.36
GCA_003209165.1_ASM320916v1_genomic_prodigal_proteins	2711	GCA_003211015.1_ASM321101v1_genomic_prodigal_proteins	2128	1134	70.52	13.68	53.29
GCA_003209165.1_ASM320916v1_genomic_prodigal_proteins	2711	GCA_002006815.1_ASM200681v1_genomic_prodigal_proteins	1973	1145	64.26	13.81	58.03
GCA_000153065.1_ASM15306v1_genomic_prodigal_proteins	2704	GCA_009837265.1_ASM983726v1_genomic_prodigal_proteins	2126	1106	62.05	12.83	52.02
GCA_000153065.1_ASM15306v1_genomic_prodigal_proteins	2704	GCA_902533725.1_AG-898-C20_genomic_prodigal_proteins	421	137	71.86	13.57	32.54
GCA_000153065.1_ASM15306v1_genomic_prodigal_proteins	2704	GCA_002171075.2_ASM217107v2_genomic_prodigal_proteins	1919	1241	64.45	13.60	64.67
GCA_000153065.1_ASM15306v1_genomic_prodigal_proteins	2704	GCA_002760395.1_ASM276039v1_genomic_prodigal_proteins	2661	928	53.56	12.04	34.87
GCA_000153065.1_ASM15306v1_genomic_prodigal_proteins	2704	GCA_003209005.1_ASM320900v1_genomic_prodigal_proteins	2548	1540	73.90	12.88	60.44
GCA_000153065.1_ASM15306v1_genomic_prodigal_proteins	2704	GCA_002017915.1_ASM201791v1_genomic_prodigal_proteins	623	323	63.82	13.81	51.85
GCA_000153065.1_ASM15306v1_genomic_prodigal_proteins	2704	GCA_900047545.1_m9_genomic_prodigal_proteins	1575	907	61.80	12.91	57.59
GCA_000153065.1_ASM15306v1_genomic_prodigal_proteins	2704	GCA_001632105.1_ASM163210v1_genomic_prodigal_proteins	3521	1886	73.79	13.22	69.75
GCA_000153065.1_ASM15306v1_genomic_prodigal_proteins	2704	GCA_004212765.1_ASM421276v1_genomic_prodigal_proteins	1162	852	72.32	13.07	73.32
GCA_000153065.1_ASM15306v1_genomic_prodigal_proteins	2704	GCA_002685515.1_ASM268551v1_genomic_prodigal_proteins	1286	964	73.40	12.40	74.96
GCA_000153065.1_ASM15306v1_genomic_prodigal_proteins	2704	GCA_007828135.1_ASM782813v1_genomic_prodigal_proteins	2917	1720	67.47	13.20	63.61
GCA_000153065.1_ASM15306v1_genomic_prodigal_proteins	2704	GCA_011047875.1_ASM1104787v1_genomic_prodigal_proteins	2810	933	53.34	12.20	34.50
GCA_000153065.1_ASM15306v1_genomic_prodigal_proteins	2704	GCA_009840445.1_ASM984044v1_genomic_prodigal_proteins	2167	1201	62.01	12.82	55.42
GCA_000153065.1_ASM15306v1_genomic_prodigal_proteins	2704	GCA_003210995.1_ASM321099v1_genomic_prodigal_proteins	2385	1356	73.74	13.14	56.86
GCA_000153065.1_ASM15306v1_genomic_prodigal_proteins	2704	GCA_902616995.1_AG-919-L20_genomic_prodigal_proteins	654	346	71.47	13.99	52.91
GCA_000153065.1_ASM15306v1_genomic_prodigal_proteins	2704	GCA_009845825.1_ASM984582v1_genomic_prodigal_proteins	2168	1016	62.33	12.53	46.86
GCA_000153065.1_ASM15306v1_genomic_prodigal_proteins	2704	GCA_000515235.1_ASM51523v1_genomic_prodigal_proteins	2873	1789	71.28	13.55	66.16
GCA_000153065.1_ASM15306v1_genomic_prodigal_proteins	2704	GCA_003523965.1_ASM352396v1_genomic_prodigal_proteins	1735	780	62.93	13.04	44.96
GCA_000153065.1_ASM15306v1_genomic_prodigal_proteins	2704	GCA_002684175.1_ASM268417v1_genomic_prodigal_proteins	1819	1054	69.29	12.76	57.94
GCA_000153065.1_ASM15306v1_genomic_prodigal_proteins	2704	GCA_011523295.1_ASM1152329v1_genomic_prodigal_proteins	2851	1383	70.28	13.67	51.15
GCA_000153065.1_ASM15306v1_genomic_prodigal_proteins	2704	GCA_003211015.1_ASM321101v1_genomic_prodigal_proteins	2128	1356	73.83	13.03	63.72
GCA_000153065.1_ASM15306v1_genomic_prodigal_proteins	2704	GCA_002006815.1_ASM200681v1_genomic_prodigal_proteins	1973	1467	65.07	13.95	74.35
GCA_003213755.1_ASM321375v1_genomic_prodigal_proteins	1050	GCA_003209155.1_ASM320915v1_genomic_prodigal_proteins	2305	422	63.93	14.18	40.19
GCA_003213755.1_ASM321375v1_genomic_prodigal_proteins	1050	GCA_003211515.1_ASM321151v1_genomic_prodigal_proteins	2451	393	64.75	15.21	37.43
GCA_003213755.1_ASM321375v1_genomic_prodigal_proteins	1050	GCA_002693285.1_ASM269328v1_genomic_prodigal_proteins	2440	489	64.54	14.66	46.57
GCA_003213755.1_ASM321375v1_genomic_prodigal_proteins	1050	GCA_003210555.1_ASM321055v1_genomic_prodigal_proteins	1847	390	64.07	15.08	37.14
GCA_003213755.1_ASM321375v1_genomic_prodigal_proteins	1050	GCA_000155595.1_ASM15559v1_genomic_prodigal_proteins	5270	414	52.80	13.15	39.43
GCA_003213755.1_ASM321375v1_genomic_prodigal_proteins	1050	GCA_001007665.1_ASM100766v1_genomic_prodigal_proteins	2356	417	61.83	12.70	39.71
GCA_003213755.1_ASM321375v1_genomic_prodigal_proteins	1050	GCA_009919765.1_ASM991976v1_genomic_prodigal_proteins	2524	536	94.97	10.10	51.05
GCA_003213755.1_ASM321375v1_genomic_prodigal_proteins	1050	GCA_003331225.1_ASM333122v1_genomic_prodigal_proteins	2113	564	75.84	13.09	53.71
GCA_003213755.1_ASM321375v1_genomic_prodigal_proteins	1050	GCA_900177825.1_IMG-taxon_2708742468_annotated_assembly_genomic_prodigal_proteins	3317	379	53.30	13.26	36.10
GCA_003213755.1_ASM321375v1_genomic_prodigal_proteins	1050	GCA_000195975.1_ASM19597v1_genomic_prodigal_proteins	2719	577	66.81	14.41	54.95
GCA_003213755.1_ASM321375v1_genomic_prodigal_proteins	1050	GCA_902618885.1_AG-920-D15_genomic_prodigal_proteins	1178	221	65.02	15.33	21.05
GCA_003213755.1_ASM321375v1_genomic_prodigal_proteins	1050	GCA_003209165.1_ASM320916v1_genomic_prodigal_proteins	2711	492	65.12	14.74	46.86
GCA_003213755.1_ASM321375v1_genomic_prodigal_proteins	1050	GCA_001007625.1_ASM100762v1_genomic_prodigal_proteins	2478	379	61.44	13.02	36.10
GCA_003213755.1_ASM321375v1_genomic_prodigal_proteins	1050	GCA_008386235.1_ASM838623v1_genomic_prodigal_proteins	2571	372	53.73	12.92	35.43
GCA_003213755.1_ASM321375v1_genomic_prodigal_proteins	1050	GCA_001631935.1_ASM163193v1_genomic_prodigal_proteins	3526	606	64.75	14.88	57.71
GCA_003213755.1_ASM321375v1_genomic_prodigal_proteins	1050	GCA_002151525.1_ASM215152v1_genomic_prodigal_proteins	1628	453	69.74	14.07	43.14
GCA_003213755.1_ASM321375v1_genomic_prodigal_proteins	1050	GCA_000153065.1_ASM15306v1_genomic_prodigal_proteins	2704	560	66.24	14.30	53.33
GCA_003213755.1_ASM321375v1_genomic_prodigal_proteins	1050	GCA_009837265.1_ASM983726v1_genomic_prodigal_proteins	2126	405	62.08	12.82	38.57
GCA_003213755.1_ASM321375v1_genomic_prodigal_proteins	1050	GCA_902533725.1_AG-898-C20_genomic_prodigal_proteins	421	44	65.07	17.55	10.45
GCA_003213755.1_ASM321375v1_genomic_prodigal_proteins	1050	GCA_002171075.2_ASM217107v2_genomic_prodigal_proteins	1919	449	73.93	13.25	42.76
GCA_003213755.1_ASM321375v1_genomic_prodigal_proteins	1050	GCA_002760395.1_ASM276039v1_genomic_prodigal_proteins	2661	316	53.28	12.41	30.10
GCA_003213755.1_ASM321375v1_genomic_prodigal_proteins	1050	GCA_003209005.1_ASM320900v1_genomic_prodigal_proteins	2548	545	64.59	14.64	51.90
GCA_003213755.1_ASM321375v1_genomic_prodigal_proteins	1050	GCA_002017915.1_ASM201791v1_genomic_prodigal_proteins	623	118	63.46	13.19	18.94
GCA_003213755.1_ASM321375v1_genomic_prodigal_proteins	1050	GCA_900047545.1_m9_genomic_prodigal_proteins	1575	341	61.47	13.15	32.48
GCA_003213755.1_ASM321375v1_genomic_prodigal_proteins	1050	GCA_001632105.1_ASM163210v1_genomic_prodigal_proteins	3521	611	64.53	14.94	58.19
GCA_003213755.1_ASM321375v1_genomic_prodigal_proteins	1050	GCA_004212765.1_ASM421276v1_genomic_prodigal_proteins	1162	235	65.13	14.16	22.38
GCA_003213755.1_ASM321375v1_genomic_prodigal_proteins	1050	GCA_002685515.1_ASM268551v1_genomic_prodigal_proteins	1286	263	63.12	14.24	25.05
GCA_003213755.1_ASM321375v1_genomic_prodigal_proteins	1050	GCA_007828135.1_ASM782813v1_genomic_prodigal_proteins	2917	559	65.88	13.64	53.24
GCA_003213755.1_ASM321375v1_genomic_prodigal_proteins	1050	GCA_011047875.1_ASM1104787v1_genomic_prodigal_proteins	2810	326	53.03	12.64	31.05
GCA_003213755.1_ASM321375v1_genomic_prodigal_proteins	1050	GCA_009840445.1_ASM984044v1_genomic_prodigal_proteins	2167	430	61.68	12.79	40.95
GCA_003213755.1_ASM321375v1_genomic_prodigal_proteins	1050	GCA_003210995.1_ASM321099v1_genomic_prodigal_proteins	2385	423	64.47	15.00	40.29
GCA_003213755.1_ASM321375v1_genomic_prodigal_proteins	1050	GCA_902616995.1_AG-919-L20_genomic_prodigal_proteins	654	114	65.23	14.99	17.43
GCA_003213755.1_ASM321375v1_genomic_prodigal_proteins	1050	GCA_009845825.1_ASM984582v1_genomic_prodigal_proteins	2168	366	62.07	12.46	34.86
GCA_003213755.1_ASM321375v1_genomic_prodigal_proteins	1050	GCA_000515235.1_ASM51523v1_genomic_prodigal_proteins	2873	591	64.82	14.50	56.29
GCA_003213755.1_ASM321375v1_genomic_prodigal_proteins	1050	GCA_003523965.1_ASM352396v1_genomic_prodigal_proteins	1735	286	61.13	13.64	27.24
GCA_003213755.1_ASM321375v1_genomic_prodigal_proteins	1050	GCA_002684175.1_ASM268417v1_genomic_prodigal_proteins	1819	346	63.67	14.06	32.95
GCA_003213755.1_ASM321375v1_genomic_prodigal_proteins	1050	GCA_011523295.1_ASM1152329v1_genomic_prodigal_proteins	2851	436	62.98	14.21	41.52
GCA_003213755.1_ASM321375v1_genomic_prodigal_proteins	1050	GCA_003211015.1_ASM321101v1_genomic_prodigal_proteins	2128	426	64.91	14.61	40.57
GCA_003213755.1_ASM321375v1_genomic_prodigal_proteins	1050	GCA_002006815.1_ASM200681v1_genomic_prodigal_proteins	1973	530	70.16	13.57	50.48
GCA_009837265.1_ASM983726v1_genomic_prodigal_proteins	2126	GCA_902533725.1_AG-898-C20_genomic_prodigal_proteins	421	88	62.16	14.16	20.90
GCA_009837265.1_ASM983726v1_genomic_prodigal_proteins	2126	GCA_002171075.2_ASM217107v2_genomic_prodigal_proteins	1919	848	60.59	12.31	44.19
GCA_009837265.1_ASM983726v1_genomic_prodigal_proteins	2126	GCA_002760395.1_ASM276039v1_genomic_prodigal_proteins	2661	759	53.36	11.70	35.70
GCA_009837265.1_ASM983726v1_genomic_prodigal_proteins	2126	GCA_003209005.1_ASM320900v1_genomic_prodigal_proteins	2548	911	60.49	12.65	42.85
GCA_009837265.1_ASM983726v1_genomic_prodigal_proteins	2126	GCA_002017915.1_ASM201791v1_genomic_prodigal_proteins	623	378	86.49	9.65	60.67
GCA_009837265.1_ASM983726v1_genomic_prodigal_proteins	2126	GCA_900047545.1_m9_genomic_prodigal_proteins	1575	1102	90.95	6.69	69.97
GCA_009837265.1_ASM983726v1_genomic_prodigal_proteins	2126	GCA_001632105.1_ASM163210v1_genomic_prodigal_proteins	3521	1100	60.94	12.72	51.74
GCA_009837265.1_ASM983726v1_genomic_prodigal_proteins	2126	GCA_004212765.1_ASM421276v1_genomic_prodigal_proteins	1162	540	61.39	12.65	46.47
GCA_009837265.1_ASM983726v1_genomic_prodigal_proteins	2126	GCA_002685515.1_ASM268551v1_genomic_prodigal_proteins	1286	590	59.90	12.17	45.88
GCA_009837265.1_ASM983726v1_genomic_prodigal_proteins	2126	GCA_007828135.1_ASM782813v1_genomic_prodigal_proteins	2917	1133	62.11	12.29	53.29
GCA_009837265.1_ASM983726v1_genomic_prodigal_proteins	2126	GCA_011047875.1_ASM1104787v1_genomic_prodigal_proteins	2810	768	53.44	11.75	36.12
GCA_009837265.1_ASM983726v1_genomic_prodigal_proteins	2126	GCA_009840445.1_ASM984044v1_genomic_prodigal_proteins	2167	1763	99.19	3.37	82.93
GCA_009837265.1_ASM983726v1_genomic_prodigal_proteins	2126	GCA_003210995.1_ASM321099v1_genomic_prodigal_proteins	2385	796	60.78	12.81	37.44
GCA_009837265.1_ASM983726v1_genomic_prodigal_proteins	2126	GCA_902616995.1_AG-919-L20_genomic_prodigal_proteins	654	199	60.77	12.92	30.43
GCA_009837265.1_ASM983726v1_genomic_prodigal_proteins	2126	GCA_009845825.1_ASM984582v1_genomic_prodigal_proteins	2168	1258	86.85	8.94	59.17
GCA_009837265.1_ASM983726v1_genomic_prodigal_proteins	2126	GCA_000515235.1_ASM51523v1_genomic_prodigal_proteins	2873	1098	61.01	12.76	51.65
GCA_009837265.1_ASM983726v1_genomic_prodigal_proteins	2126	GCA_003523965.1_ASM352396v1_genomic_prodigal_proteins	1735	944	85.62	8.96	54.41
GCA_009837265.1_ASM983726v1_genomic_prodigal_proteins	2126	GCA_002684175.1_ASM268417v1_genomic_prodigal_proteins	1819	685	58.90	12.54	37.66
GCA_009837265.1_ASM983726v1_genomic_prodigal_proteins	2126	GCA_011523295.1_ASM1152329v1_genomic_prodigal_proteins	2851	843	59.65	12.40	39.65
GCA_009837265.1_ASM983726v1_genomic_prodigal_proteins	2126	GCA_003211015.1_ASM321101v1_genomic_prodigal_proteins	2128	807	60.29	12.50	37.96
GCA_009837265.1_ASM983726v1_genomic_prodigal_proteins	2126	GCA_002006815.1_ASM200681v1_genomic_prodigal_proteins	1973	997	61.61	12.67	50.53
GCA_003211515.1_ASM321151v1_genomic_prodigal_proteins	2451	GCA_002693285.1_ASM269328v1_genomic_prodigal_proteins	2440	1120	68.82	14.07	45.90
GCA_003211515.1_ASM321151v1_genomic_prodigal_proteins	2451	GCA_003210555.1_ASM321055v1_genomic_prodigal_proteins	1847	732	67.93	14.30	39.63
GCA_003211515.1_ASM321151v1_genomic_prodigal_proteins	2451	GCA_000155595.1_ASM15559v1_genomic_prodigal_proteins	5270	734	52.36	12.54	29.95
GCA_003211515.1_ASM321151v1_genomic_prodigal_proteins	2451	GCA_001007665.1_ASM100766v1_genomic_prodigal_proteins	2356	765	60.53	12.70	32.47
GCA_003211515.1_ASM321151v1_genomic_prodigal_proteins	2451	GCA_009919765.1_ASM991976v1_genomic_prodigal_proteins	2524	721	64.81	14.03	29.42
GCA_003211515.1_ASM321151v1_genomic_prodigal_proteins	2451	GCA_003331225.1_ASM333122v1_genomic_prodigal_proteins	2113	978	64.82	14.34	46.28
GCA_003211515.1_ASM321151v1_genomic_prodigal_proteins	2451	GCA_900177825.1_IMG-taxon_2708742468_annotated_assembly_genomic_prodigal_proteins	3317	697	52.61	12.77	28.44
GCA_003211515.1_ASM321151v1_genomic_prodigal_proteins	2451	GCA_000195975.1_ASM19597v1_genomic_prodigal_proteins	2719	1284	74.96	13.60	52.39
GCA_003211515.1_ASM321151v1_genomic_prodigal_proteins	2451	GCA_902618885.1_AG-920-D15_genomic_prodigal_proteins	1178	507	74.07	14.97	43.04
GCA_003211515.1_ASM321151v1_genomic_prodigal_proteins	2451	GCA_003209165.1_ASM320916v1_genomic_prodigal_proteins	2711	1123	74.34	13.82	45.82
GCA_003211515.1_ASM321151v1_genomic_prodigal_proteins	2451	GCA_001007625.1_ASM100762v1_genomic_prodigal_proteins	2478	681	60.89	12.65	27.78
GCA_003211515.1_ASM321151v1_genomic_prodigal_proteins	2451	GCA_008386235.1_ASM838623v1_genomic_prodigal_proteins	2571	658	53.19	12.55	26.85
GCA_003211515.1_ASM321151v1_genomic_prodigal_proteins	2451	GCA_001631935.1_ASM163193v1_genomic_prodigal_proteins	3526	1270	68.83	14.50	51.82
GCA_003211515.1_ASM321151v1_genomic_prodigal_proteins	2451	GCA_002151525.1_ASM215152v1_genomic_prodigal_proteins	1628	728	62.89	14.25	44.72
GCA_003211515.1_ASM321151v1_genomic_prodigal_proteins	2451	GCA_000153065.1_ASM15306v1_genomic_prodigal_proteins	2704	1168	70.11	13.83	47.65
GCA_003211515.1_ASM321151v1_genomic_prodigal_proteins	2451	GCA_009837265.1_ASM983726v1_genomic_prodigal_proteins	2126	704	60.40	12.59	33.11
GCA_003211515.1_ASM321151v1_genomic_prodigal_proteins	2451	GCA_902533725.1_AG-898-C20_genomic_prodigal_proteins	421	105	70.46	14.11	24.94
GCA_003211515.1_ASM321151v1_genomic_prodigal_proteins	2451	GCA_002171075.2_ASM217107v2_genomic_prodigal_proteins	1919	813	63.29	13.88	42.37
GCA_003211515.1_ASM321151v1_genomic_prodigal_proteins	2451	GCA_002760395.1_ASM276039v1_genomic_prodigal_proteins	2661	601	52.33	11.88	24.52
GCA_003211515.1_ASM321151v1_genomic_prodigal_proteins	2451	GCA_003209005.1_ASM320900v1_genomic_prodigal_proteins	2548	1075	68.53	14.51	43.86
GCA_003211515.1_ASM321151v1_genomic_prodigal_proteins	2451	GCA_002017915.1_ASM201791v1_genomic_prodigal_proteins	623	206	62.46	13.67	33.07
GCA_003211515.1_ASM321151v1_genomic_prodigal_proteins	2451	GCA_900047545.1_m9_genomic_prodigal_proteins	1575	579	60.00	12.65	36.76
GCA_003211515.1_ASM321151v1_genomic_prodigal_proteins	2451	GCA_001632105.1_ASM163210v1_genomic_prodigal_proteins	3521	1278	68.77	14.51	52.14
GCA_003211515.1_ASM321151v1_genomic_prodigal_proteins	2451	GCA_004212765.1_ASM421276v1_genomic_prodigal_proteins	1162	629	75.02	13.39	54.13
GCA_003211515.1_ASM321151v1_genomic_prodigal_proteins	2451	GCA_002685515.1_ASM268551v1_genomic_prodigal_proteins	1286	600	68.08	13.95	46.66
GCA_003211515.1_ASM321151v1_genomic_prodigal_proteins	2451	GCA_007828135.1_ASM782813v1_genomic_prodigal_proteins	2917	1039	64.99	13.59	42.39
GCA_003211515.1_ASM321151v1_genomic_prodigal_proteins	2451	GCA_011047875.1_ASM1104787v1_genomic_prodigal_proteins	2810	604	52.35	12.03	24.64
GCA_003211515.1_ASM321151v1_genomic_prodigal_proteins	2451	GCA_009840445.1_ASM984044v1_genomic_prodigal_proteins	2167	772	60.40	12.75	35.63
GCA_003211515.1_ASM321151v1_genomic_prodigal_proteins	2451	GCA_003210995.1_ASM321099v1_genomic_prodigal_proteins	2385	958	68.33	14.83	40.17
GCA_003211515.1_ASM321151v1_genomic_prodigal_proteins	2451	GCA_902616995.1_AG-919-L20_genomic_prodigal_proteins	654	260	72.93	15.73	39.76
GCA_003211515.1_ASM321151v1_genomic_prodigal_proteins	2451	GCA_009845825.1_ASM984582v1_genomic_prodigal_proteins	2168	656	60.81	12.54	30.26
GCA_003211515.1_ASM321151v1_genomic_prodigal_proteins	2451	GCA_000515235.1_ASM51523v1_genomic_prodigal_proteins	2873	1452	75.36	13.77	59.24
GCA_003211515.1_ASM321151v1_genomic_prodigal_proteins	2451	GCA_003523965.1_ASM352396v1_genomic_prodigal_proteins	1735	503	61.66	13.08	28.99
GCA_003211515.1_ASM321151v1_genomic_prodigal_proteins	2451	GCA_002684175.1_ASM268417v1_genomic_prodigal_proteins	1819	775	72.32	13.25	42.61
GCA_003211515.1_ASM321151v1_genomic_prodigal_proteins	2451	GCA_011523295.1_ASM1152329v1_genomic_prodigal_proteins	2851	1064	71.68	14.01	43.41
GCA_003211515.1_ASM321151v1_genomic_prodigal_proteins	2451	GCA_003211015.1_ASM321101v1_genomic_prodigal_proteins	2128	944	68.68	14.83	44.36
GCA_003211515.1_ASM321151v1_genomic_prodigal_proteins	2451	GCA_002006815.1_ASM200681v1_genomic_prodigal_proteins	1973	902	63.34	14.01	45.72
GCA_003210555.1_ASM321055v1_genomic_prodigal_proteins	1847	GCA_000155595.1_ASM15559v1_genomic_prodigal_proteins	5270	644	52.22	12.62	34.87
GCA_003210555.1_ASM321055v1_genomic_prodigal_proteins	1847	GCA_001007665.1_ASM100766v1_genomic_prodigal_proteins	2356	640	59.95	12.89	34.65
GCA_003210555.1_ASM321055v1_genomic_prodigal_proteins	1847	GCA_009919765.1_ASM991976v1_genomic_prodigal_proteins	2524	652	63.97	14.21	35.30
GCA_003210555.1_ASM321055v1_genomic_prodigal_proteins	1847	GCA_003331225.1_ASM333122v1_genomic_prodigal_proteins	2113	817	64.80	13.89	44.23
GCA_003210555.1_ASM321055v1_genomic_prodigal_proteins	1847	GCA_900177825.1_IMG-taxon_2708742468_annotated_assembly_genomic_prodigal_proteins	3317	584	53.09	12.66	31.62
GCA_003210555.1_ASM321055v1_genomic_prodigal_proteins	1847	GCA_000195975.1_ASM19597v1_genomic_prodigal_proteins	2719	1033	69.96	13.32	55.93
GCA_003210555.1_ASM321055v1_genomic_prodigal_proteins	1847	GCA_902618885.1_AG-920-D15_genomic_prodigal_proteins	1178	369	69.08	14.46	31.32
GCA_003210555.1_ASM321055v1_genomic_prodigal_proteins	1847	GCA_003209165.1_ASM320916v1_genomic_prodigal_proteins	2711	901	69.52	13.42	48.78
GCA_003210555.1_ASM321055v1_genomic_prodigal_proteins	1847	GCA_001007625.1_ASM100762v1_genomic_prodigal_proteins	2478	562	60.64	12.94	30.43
GCA_003210555.1_ASM321055v1_genomic_prodigal_proteins	1847	GCA_008386235.1_ASM838623v1_genomic_prodigal_proteins	2571	570	52.72	12.28	30.86
GCA_003210555.1_ASM321055v1_genomic_prodigal_proteins	1847	GCA_001631935.1_ASM163193v1_genomic_prodigal_proteins	3526	1176	72.37	13.20	63.67
GCA_003210555.1_ASM321055v1_genomic_prodigal_proteins	1847	GCA_002151525.1_ASM215152v1_genomic_prodigal_proteins	1628	661	63.41	13.98	40.60
GCA_003210555.1_ASM321055v1_genomic_prodigal_proteins	1847	GCA_000153065.1_ASM15306v1_genomic_prodigal_proteins	2704	1041	72.95	13.07	56.36
GCA_003210555.1_ASM321055v1_genomic_prodigal_proteins	1847	GCA_009837265.1_ASM983726v1_genomic_prodigal_proteins	2126	602	60.04	12.78	32.59
GCA_003210555.1_ASM321055v1_genomic_prodigal_proteins	1847	GCA_902533725.1_AG-898-C20_genomic_prodigal_proteins	421	113	66.85	15.28	26.84
GCA_003210555.1_ASM321055v1_genomic_prodigal_proteins	1847	GCA_002171075.2_ASM217107v2_genomic_prodigal_proteins	1919	684	63.53	13.52	37.03
GCA_003210555.1_ASM321055v1_genomic_prodigal_proteins	1847	GCA_002760395.1_ASM276039v1_genomic_prodigal_proteins	2661	499	52.76	11.61	27.02
GCA_003210555.1_ASM321055v1_genomic_prodigal_proteins	1847	GCA_003209005.1_ASM320900v1_genomic_prodigal_proteins	2548	970	72.56	13.18	52.52
GCA_003210555.1_ASM321055v1_genomic_prodigal_proteins	1847	GCA_002017915.1_ASM201791v1_genomic_prodigal_proteins	623	163	63.78	13.79	26.16
GCA_003210555.1_ASM321055v1_genomic_prodigal_proteins	1847	GCA_900047545.1_m9_genomic_prodigal_proteins	1575	508	60.58	12.94	32.25
GCA_003210555.1_ASM321055v1_genomic_prodigal_proteins	1847	GCA_001632105.1_ASM163210v1_genomic_prodigal_proteins	3521	1190	72.26	13.28	64.43
GCA_003210555.1_ASM321055v1_genomic_prodigal_proteins	1847	GCA_004212765.1_ASM421276v1_genomic_prodigal_proteins	1162	485	68.42	14.10	41.74
GCA_003210555.1_ASM321055v1_genomic_prodigal_proteins	1847	GCA_002685515.1_ASM268551v1_genomic_prodigal_proteins	1286	530	72.14	12.55	41.21
GCA_003210555.1_ASM321055v1_genomic_prodigal_proteins	1847	GCA_007828135.1_ASM782813v1_genomic_prodigal_proteins	2917	918	65.22	13.39	49.70
GCA_003210555.1_ASM321055v1_genomic_prodigal_proteins	1847	GCA_011047875.1_ASM1104787v1_genomic_prodigal_proteins	2810	517	52.43	11.92	27.99
GCA_003210555.1_ASM321055v1_genomic_prodigal_proteins	1847	GCA_009840445.1_ASM984044v1_genomic_prodigal_proteins	2167	649	60.06	12.78	35.14
GCA_003210555.1_ASM321055v1_genomic_prodigal_proteins	1847	GCA_003210995.1_ASM321099v1_genomic_prodigal_proteins	2385	876	71.83	13.64	47.43
GCA_003210555.1_ASM321055v1_genomic_prodigal_proteins	1847	GCA_902616995.1_AG-919-L20_genomic_prodigal_proteins	654	248	67.98	13.83	37.92
GCA_003210555.1_ASM321055v1_genomic_prodigal_proteins	1847	GCA_009845825.1_ASM984582v1_genomic_prodigal_proteins	2168	540	60.40	12.65	29.24
GCA_003210555.1_ASM321055v1_genomic_prodigal_proteins	1847	GCA_000515235.1_ASM51523v1_genomic_prodigal_proteins	2873	1062	69.24	13.65	57.50
GCA_003210555.1_ASM321055v1_genomic_prodigal_proteins	1847	GCA_003523965.1_ASM352396v1_genomic_prodigal_proteins	1735	407	61.49	12.95	23.46
GCA_003210555.1_ASM321055v1_genomic_prodigal_proteins	1847	GCA_002684175.1_ASM268417v1_genomic_prodigal_proteins	1819	648	67.20	13.07	35.62
GCA_003210555.1_ASM321055v1_genomic_prodigal_proteins	1847	GCA_011523295.1_ASM1152329v1_genomic_prodigal_proteins	2851	847	67.80	13.64	45.86
GCA_003210555.1_ASM321055v1_genomic_prodigal_proteins	1847	GCA_003211015.1_ASM321101v1_genomic_prodigal_proteins	2128	841	72.34	13.55	45.53
GCA_003210555.1_ASM321055v1_genomic_prodigal_proteins	1847	GCA_002006815.1_ASM200681v1_genomic_prodigal_proteins	1973	782	63.35	13.85	42.34
GCA_001007625.1_ASM100762v1_genomic_prodigal_proteins	2478	GCA_008386235.1_ASM838623v1_genomic_prodigal_proteins	2571	822	54.68	12.27	33.17
GCA_001007625.1_ASM100762v1_genomic_prodigal_proteins	2478	GCA_001631935.1_ASM163193v1_genomic_prodigal_proteins	3526	1050	60.94	13.00	42.37
GCA_001007625.1_ASM100762v1_genomic_prodigal_proteins	2478	GCA_002151525.1_ASM215152v1_genomic_prodigal_proteins	1628	764	61.41	13.03	46.93
GCA_001007625.1_ASM100762v1_genomic_prodigal_proteins	2478	GCA_000153065.1_ASM15306v1_genomic_prodigal_proteins	2704	1034	62.07	12.88	41.73
GCA_001007625.1_ASM100762v1_genomic_prodigal_proteins	2478	GCA_009837265.1_ASM983726v1_genomic_prodigal_proteins	2126	1285	86.18	9.22	60.44
GCA_001007625.1_ASM100762v1_genomic_prodigal_proteins	2478	GCA_902533725.1_AG-898-C20_genomic_prodigal_proteins	421	81	62.60	13.17	19.24
GCA_001007625.1_ASM100762v1_genomic_prodigal_proteins	2478	GCA_002171075.2_ASM217107v2_genomic_prodigal_proteins	1919	809	60.74	12.29	42.16
GCA_001007625.1_ASM100762v1_genomic_prodigal_proteins	2478	GCA_002760395.1_ASM276039v1_genomic_prodigal_proteins	2661	741	53.23	11.68	29.90
GCA_001007625.1_ASM100762v1_genomic_prodigal_proteins	2478	GCA_003209005.1_ASM320900v1_genomic_prodigal_proteins	2548	869	60.61	13.10	35.07
GCA_001007625.1_ASM100762v1_genomic_prodigal_proteins	2478	GCA_002017915.1_ASM201791v1_genomic_prodigal_proteins	623	379	87.43	8.60	60.83
GCA_001007625.1_ASM100762v1_genomic_prodigal_proteins	2478	GCA_900047545.1_m9_genomic_prodigal_proteins	1575	1027	85.95	8.21	65.21
GCA_001007625.1_ASM100762v1_genomic_prodigal_proteins	2478	GCA_001632105.1_ASM163210v1_genomic_prodigal_proteins	3521	1054	60.87	13.06	42.53
GCA_001007625.1_ASM100762v1_genomic_prodigal_proteins	2478	GCA_004212765.1_ASM421276v1_genomic_prodigal_proteins	1162	512	61.21	12.53	44.06
GCA_001007625.1_ASM100762v1_genomic_prodigal_proteins	2478	GCA_002685515.1_ASM268551v1_genomic_prodigal_proteins	1286	565	59.58	13.00	43.93
GCA_001007625.1_ASM100762v1_genomic_prodigal_proteins	2478	GCA_007828135.1_ASM782813v1_genomic_prodigal_proteins	2917	1078	62.03	12.62	43.50
GCA_001007625.1_ASM100762v1_genomic_prodigal_proteins	2478	GCA_011047875.1_ASM1104787v1_genomic_prodigal_proteins	2810	747	53.13	11.84	30.15
GCA_001007625.1_ASM100762v1_genomic_prodigal_proteins	2478	GCA_009840445.1_ASM984044v1_genomic_prodigal_proteins	2167	1381	86.32	8.92	63.73
GCA_001007625.1_ASM100762v1_genomic_prodigal_proteins	2478	GCA_003210995.1_ASM321099v1_genomic_prodigal_proteins	2385	755	60.96	13.12	31.66
GCA_001007625.1_ASM100762v1_genomic_prodigal_proteins	2478	GCA_902616995.1_AG-919-L20_genomic_prodigal_proteins	654	195	61.14	12.94	29.82
GCA_001007625.1_ASM100762v1_genomic_prodigal_proteins	2478	GCA_009845825.1_ASM984582v1_genomic_prodigal_proteins	2168	1184	88.07	7.79	54.61
GCA_001007625.1_ASM100762v1_genomic_prodigal_proteins	2478	GCA_000515235.1_ASM51523v1_genomic_prodigal_proteins	2873	1037	61.35	12.71	41.85
GCA_001007625.1_ASM100762v1_genomic_prodigal_proteins	2478	GCA_003523965.1_ASM352396v1_genomic_prodigal_proteins	1735	935	86.06	9.35	53.89
GCA_001007625.1_ASM100762v1_genomic_prodigal_proteins	2478	GCA_002684175.1_ASM268417v1_genomic_prodigal_proteins	1819	623	59.27	12.56	34.25
GCA_001007625.1_ASM100762v1_genomic_prodigal_proteins	2478	GCA_011523295.1_ASM1152329v1_genomic_prodigal_proteins	2851	791	59.71	12.70	31.92
GCA_001007625.1_ASM100762v1_genomic_prodigal_proteins	2478	GCA_003211015.1_ASM321101v1_genomic_prodigal_proteins	2128	766	60.25	13.09	36.00
GCA_001007625.1_ASM100762v1_genomic_prodigal_proteins	2478	GCA_002006815.1_ASM200681v1_genomic_prodigal_proteins	1973	946	61.88	12.68	47.95
GCA_004212765.1_ASM421276v1_genomic_prodigal_proteins	1162	GCA_002685515.1_ASM268551v1_genomic_prodigal_proteins	1286	509	70.18	13.62	43.80
GCA_004212765.1_ASM421276v1_genomic_prodigal_proteins	1162	GCA_007828135.1_ASM782813v1_genomic_prodigal_proteins	2917	767	66.30	13.25	66.01
GCA_004212765.1_ASM421276v1_genomic_prodigal_proteins	1162	GCA_011047875.1_ASM1104787v1_genomic_prodigal_proteins	2810	448	53.15	12.15	38.55
GCA_004212765.1_ASM421276v1_genomic_prodigal_proteins	1162	GCA_009840445.1_ASM984044v1_genomic_prodigal_proteins	2167	587	61.29	12.62	50.52
GCA_004212765.1_ASM421276v1_genomic_prodigal_proteins	1162	GCA_003210995.1_ASM321099v1_genomic_prodigal_proteins	2385	590	69.73	14.28	50.77
GCA_004212765.1_ASM421276v1_genomic_prodigal_proteins	1162	GCA_902616995.1_AG-919-L20_genomic_prodigal_proteins	654	224	87.57	13.04	34.25
GCA_004212765.1_ASM421276v1_genomic_prodigal_proteins	1162	GCA_009845825.1_ASM984582v1_genomic_prodigal_proteins	2168	500	61.48	12.64	43.03
GCA_004212765.1_ASM421276v1_genomic_prodigal_proteins	1162	GCA_000515235.1_ASM51523v1_genomic_prodigal_proteins	2873	922	76.37	12.72	79.35
GCA_004212765.1_ASM421276v1_genomic_prodigal_proteins	1162	GCA_003523965.1_ASM352396v1_genomic_prodigal_proteins	1735	385	62.31	12.42	33.13
GCA_004212765.1_ASM421276v1_genomic_prodigal_proteins	1162	GCA_002684175.1_ASM268417v1_genomic_prodigal_proteins	1819	619	74.41	12.80	53.27
GCA_004212765.1_ASM421276v1_genomic_prodigal_proteins	1162	GCA_011523295.1_ASM1152329v1_genomic_prodigal_proteins	2851	796	75.11	13.48	68.50
GCA_004212765.1_ASM421276v1_genomic_prodigal_proteins	1162	GCA_003211015.1_ASM321101v1_genomic_prodigal_proteins	2128	599	70.08	13.99	51.55
GCA_004212765.1_ASM421276v1_genomic_prodigal_proteins	1162	GCA_002006815.1_ASM200681v1_genomic_prodigal_proteins	1973	685	63.68	13.78	58.95
GCA_002760395.1_ASM276039v1_genomic_prodigal_proteins	2661	GCA_003209005.1_ASM320900v1_genomic_prodigal_proteins	2548	750	52.24	11.83	29.43
GCA_002760395.1_ASM276039v1_genomic_prodigal_proteins	2661	GCA_002017915.1_ASM201791v1_genomic_prodigal_proteins	623	243	55.60	11.98	39.00
GCA_002760395.1_ASM276039v1_genomic_prodigal_proteins	2661	GCA_900047545.1_m9_genomic_prodigal_proteins	1575	646	52.94	11.80	41.02
GCA_002760395.1_ASM276039v1_genomic_prodigal_proteins	2661	GCA_001632105.1_ASM163210v1_genomic_prodigal_proteins	3521	894	52.78	11.90	33.60
GCA_002760395.1_ASM276039v1_genomic_prodigal_proteins	2661	GCA_004212765.1_ASM421276v1_genomic_prodigal_proteins	1162	433	53.46	12.08	37.26
GCA_002760395.1_ASM276039v1_genomic_prodigal_proteins	2661	GCA_002685515.1_ASM268551v1_genomic_prodigal_proteins	1286	478	51.94	11.59	37.17
GCA_002760395.1_ASM276039v1_genomic_prodigal_proteins	2661	GCA_007828135.1_ASM782813v1_genomic_prodigal_proteins	2917	962	53.71	11.92	36.15
GCA_002760395.1_ASM276039v1_genomic_prodigal_proteins	2661	GCA_011047875.1_ASM1104787v1_genomic_prodigal_proteins	2810	2146	87.02	8.06	80.65
GCA_002760395.1_ASM276039v1_genomic_prodigal_proteins	2661	GCA_009840445.1_ASM984044v1_genomic_prodigal_proteins	2167	839	53.28	11.73	38.72
GCA_002760395.1_ASM276039v1_genomic_prodigal_proteins	2661	GCA_003210995.1_ASM321099v1_genomic_prodigal_proteins	2385	630	53.17	12.00	26.42
GCA_002760395.1_ASM276039v1_genomic_prodigal_proteins	2661	GCA_902616995.1_AG-919-L20_genomic_prodigal_proteins	654	170	53.41	13.18	25.99
GCA_002760395.1_ASM276039v1_genomic_prodigal_proteins	2661	GCA_009845825.1_ASM984582v1_genomic_prodigal_proteins	2168	723	53.35	11.51	33.35
GCA_002760395.1_ASM276039v1_genomic_prodigal_proteins	2661	GCA_000515235.1_ASM51523v1_genomic_prodigal_proteins	2873	910	52.98	11.98	34.20
GCA_002760395.1_ASM276039v1_genomic_prodigal_proteins	2661	GCA_003523965.1_ASM352396v1_genomic_prodigal_proteins	1735	560	54.00	11.42	32.28
GCA_002760395.1_ASM276039v1_genomic_prodigal_proteins	2661	GCA_002684175.1_ASM268417v1_genomic_prodigal_proteins	1819	527	52.00	11.14	28.97
GCA_002760395.1_ASM276039v1_genomic_prodigal_proteins	2661	GCA_011523295.1_ASM1152329v1_genomic_prodigal_proteins	2851	686	51.29	11.26	25.78
GCA_002760395.1_ASM276039v1_genomic_prodigal_proteins	2661	GCA_003211015.1_ASM321101v1_genomic_prodigal_proteins	2128	659	52.28	11.71	30.97
GCA_002760395.1_ASM276039v1_genomic_prodigal_proteins	2661	GCA_002006815.1_ASM200681v1_genomic_prodigal_proteins	1973	854	53.02	11.91	43.28
GCA_000195975.1_ASM19597v1_genomic_prodigal_proteins	2719	GCA_902618885.1_AG-920-D15_genomic_prodigal_proteins	1178	957	96.79	5.77	81.24
GCA_000195975.1_ASM19597v1_genomic_prodigal_proteins	2719	GCA_003209165.1_ASM320916v1_genomic_prodigal_proteins	2711	1696	78.05	12.97	62.56
GCA_000195975.1_ASM19597v1_genomic_prodigal_proteins	2719	GCA_001007625.1_ASM100762v1_genomic_prodigal_proteins	2478	1055	61.44	12.66	42.57
GCA_000195975.1_ASM19597v1_genomic_prodigal_proteins	2719	GCA_008386235.1_ASM838623v1_genomic_prodigal_proteins	2571	1038	53.50	12.64	40.37
GCA_000195975.1_ASM19597v1_genomic_prodigal_proteins	2719	GCA_001631935.1_ASM163193v1_genomic_prodigal_proteins	3526	1814	71.03	13.77	66.72
GCA_000195975.1_ASM19597v1_genomic_prodigal_proteins	2719	GCA_002151525.1_ASM215152v1_genomic_prodigal_proteins	1628	1105	64.47	13.90	67.87
GCA_000195975.1_ASM19597v1_genomic_prodigal_proteins	2719	GCA_000153065.1_ASM15306v1_genomic_prodigal_proteins	2704	1761	72.61	13.16	65.13
GCA_000195975.1_ASM19597v1_genomic_prodigal_proteins	2719	GCA_009837265.1_ASM983726v1_genomic_prodigal_proteins	2126	1121	61.24	12.81	52.73
GCA_000195975.1_ASM19597v1_genomic_prodigal_proteins	2719	GCA_902533725.1_AG-898-C20_genomic_prodigal_proteins	421	214	75.70	15.39	50.83
GCA_000195975.1_ASM19597v1_genomic_prodigal_proteins	2719	GCA_002171075.2_ASM217107v2_genomic_prodigal_proteins	1919	1247	64.48	13.67	64.98
GCA_000195975.1_ASM19597v1_genomic_prodigal_proteins	2719	GCA_002760395.1_ASM276039v1_genomic_prodigal_proteins	2661	904	53.04	11.99	33.97
GCA_000195975.1_ASM19597v1_genomic_prodigal_proteins	2719	GCA_003209005.1_ASM320900v1_genomic_prodigal_proteins	2548	1508	70.77	13.75	59.18
GCA_000195975.1_ASM19597v1_genomic_prodigal_proteins	2719	GCA_002017915.1_ASM201791v1_genomic_prodigal_proteins	623	320	64.09	13.38	51.36
GCA_000195975.1_ASM19597v1_genomic_prodigal_proteins	2719	GCA_900047545.1_m9_genomic_prodigal_proteins	1575	924	61.12	12.80	58.67
GCA_000195975.1_ASM19597v1_genomic_prodigal_proteins	2719	GCA_001632105.1_ASM163210v1_genomic_prodigal_proteins	3521	1829	70.96	13.84	67.27
GCA_000195975.1_ASM19597v1_genomic_prodigal_proteins	2719	GCA_004212765.1_ASM421276v1_genomic_prodigal_proteins	1162	997	90.45	7.83	85.80
GCA_000195975.1_ASM19597v1_genomic_prodigal_proteins	2719	GCA_002685515.1_ASM268551v1_genomic_prodigal_proteins	1286	920	70.12	13.38	71.54
GCA_000195975.1_ASM19597v1_genomic_prodigal_proteins	2719	GCA_007828135.1_ASM782813v1_genomic_prodigal_proteins	2917	1605	66.50	13.37	59.03
GCA_000195975.1_ASM19597v1_genomic_prodigal_proteins	2719	GCA_011047875.1_ASM1104787v1_genomic_prodigal_proteins	2810	922	53.03	12.10	33.91
GCA_000195975.1_ASM19597v1_genomic_prodigal_proteins	2719	GCA_009840445.1_ASM984044v1_genomic_prodigal_proteins	2167	1219	61.32	12.73	56.25
GCA_000195975.1_ASM19597v1_genomic_prodigal_proteins	2719	GCA_003210995.1_ASM321099v1_genomic_prodigal_proteins	2385	1329	70.94	14.01	55.72
GCA_000195975.1_ASM19597v1_genomic_prodigal_proteins	2719	GCA_902616995.1_AG-919-L20_genomic_prodigal_proteins	654	490	95.56	6.63	74.92
GCA_000195975.1_ASM19597v1_genomic_prodigal_proteins	2719	GCA_009845825.1_ASM984582v1_genomic_prodigal_proteins	2168	1025	61.62	12.53	47.28
GCA_000195975.1_ASM19597v1_genomic_prodigal_proteins	2719	GCA_000515235.1_ASM51523v1_genomic_prodigal_proteins	2873	1978	76.26	13.13	72.75
GCA_000195975.1_ASM19597v1_genomic_prodigal_proteins	2719	GCA_003523965.1_ASM352396v1_genomic_prodigal_proteins	1735	791	62.41	12.97	45.59
GCA_000195975.1_ASM19597v1_genomic_prodigal_proteins	2719	GCA_002684175.1_ASM268417v1_genomic_prodigal_proteins	1819	1146	74.71	12.48	63.00
GCA_000195975.1_ASM19597v1_genomic_prodigal_proteins	2719	GCA_011523295.1_ASM1152329v1_genomic_prodigal_proteins	2851	1494	74.77	13.29	54.95
GCA_000195975.1_ASM19597v1_genomic_prodigal_proteins	2719	GCA_003211015.1_ASM321101v1_genomic_prodigal_proteins	2128	1314	71.20	13.53	61.75
GCA_000195975.1_ASM19597v1_genomic_prodigal_proteins	2719	GCA_002006815.1_ASM200681v1_genomic_prodigal_proteins	1973	1380	64.50	13.81	69.94
GCA_003209005.1_ASM320900v1_genomic_prodigal_proteins	2548	GCA_002017915.1_ASM201791v1_genomic_prodigal_proteins	623	263	62.36	13.34	42.22
GCA_003209005.1_ASM320900v1_genomic_prodigal_proteins	2548	GCA_900047545.1_m9_genomic_prodigal_proteins	1575	768	60.81	12.75	48.76
GCA_003209005.1_ASM320900v1_genomic_prodigal_proteins	2548	GCA_001632105.1_ASM163210v1_genomic_prodigal_proteins	3521	1998	89.96	9.32	78.41
GCA_003209005.1_ASM320900v1_genomic_prodigal_proteins	2548	GCA_004212765.1_ASM421276v1_genomic_prodigal_proteins	1162	706	70.21	13.41	60.76
GCA_003209005.1_ASM320900v1_genomic_prodigal_proteins	2548	GCA_002685515.1_ASM268551v1_genomic_prodigal_proteins	1286	979	90.70	8.17	76.13
GCA_003209005.1_ASM320900v1_genomic_prodigal_proteins	2548	GCA_007828135.1_ASM782813v1_genomic_prodigal_proteins	2917	1342	65.17	13.39	52.67
GCA_003209005.1_ASM320900v1_genomic_prodigal_proteins	2548	GCA_011047875.1_ASM1104787v1_genomic_prodigal_proteins	2810	758	52.17	11.77	29.75
GCA_003209005.1_ASM320900v1_genomic_prodigal_proteins	2548	GCA_009840445.1_ASM984044v1_genomic_prodigal_proteins	2167	986	60.62	12.76	45.50
GCA_003209005.1_ASM320900v1_genomic_prodigal_proteins	2548	GCA_003210995.1_ASM321099v1_genomic_prodigal_proteins	2385	1557	93.38	9.33	65.28
GCA_003209005.1_ASM320900v1_genomic_prodigal_proteins	2548	GCA_902616995.1_AG-919-L20_genomic_prodigal_proteins	654	314	70.17	13.75	48.01
GCA_003209005.1_ASM320900v1_genomic_prodigal_proteins	2548	GCA_009845825.1_ASM984582v1_genomic_prodigal_proteins	2168	844	60.73	12.81	38.93
GCA_003209005.1_ASM320900v1_genomic_prodigal_proteins	2548	GCA_000515235.1_ASM51523v1_genomic_prodigal_proteins	2873	1580	69.79	14.05	62.01
GCA_003209005.1_ASM320900v1_genomic_prodigal_proteins	2548	GCA_003523965.1_ASM352396v1_genomic_prodigal_proteins	1735	644	61.86	12.86	37.12
GCA_003209005.1_ASM320900v1_genomic_prodigal_proteins	2548	GCA_002684175.1_ASM268417v1_genomic_prodigal_proteins	1819	915	68.63	13.06	50.30
GCA_003209005.1_ASM320900v1_genomic_prodigal_proteins	2548	GCA_011523295.1_ASM1152329v1_genomic_prodigal_proteins	2851	1208	68.78	13.62	47.41
GCA_003209005.1_ASM320900v1_genomic_prodigal_proteins	2548	GCA_003211015.1_ASM321101v1_genomic_prodigal_proteins	2128	1582	97.40	6.99	74.34
GCA_003209005.1_ASM320900v1_genomic_prodigal_proteins	2548	GCA_002006815.1_ASM200681v1_genomic_prodigal_proteins	1973	1143	63.57	13.90	57.93
GCA_001632105.1_ASM163210v1_genomic_prodigal_proteins	3521	GCA_004212765.1_ASM421276v1_genomic_prodigal_proteins	1162	852	70.61	13.68	73.32
GCA_001632105.1_ASM163210v1_genomic_prodigal_proteins	3521	GCA_002685515.1_ASM268551v1_genomic_prodigal_proteins	1286	1115	90.15	7.60	86.70
GCA_001632105.1_ASM163210v1_genomic_prodigal_proteins	3521	GCA_007828135.1_ASM782813v1_genomic_prodigal_proteins	2917	1634	65.43	13.44	56.02
GCA_001632105.1_ASM163210v1_genomic_prodigal_proteins	3521	GCA_011047875.1_ASM1104787v1_genomic_prodigal_proteins	2810	911	52.66	11.87	32.42
GCA_001632105.1_ASM163210v1_genomic_prodigal_proteins	3521	GCA_009840445.1_ASM984044v1_genomic_prodigal_proteins	2167	1197	61.00	12.74	55.24
GCA_001632105.1_ASM163210v1_genomic_prodigal_proteins	3521	GCA_003210995.1_ASM321099v1_genomic_prodigal_proteins	2385	1832	89.54	9.62	76.81
GCA_001632105.1_ASM163210v1_genomic_prodigal_proteins	3521	GCA_902616995.1_AG-919-L20_genomic_prodigal_proteins	654	356	70.56	13.93	54.43
GCA_001632105.1_ASM163210v1_genomic_prodigal_proteins	3521	GCA_009845825.1_ASM984582v1_genomic_prodigal_proteins	2168	1025	61.07	12.77	47.28
GCA_001632105.1_ASM163210v1_genomic_prodigal_proteins	3521	GCA_000515235.1_ASM51523v1_genomic_prodigal_proteins	2873	1895	70.05	14.01	65.96
GCA_001632105.1_ASM163210v1_genomic_prodigal_proteins	3521	GCA_003523965.1_ASM352396v1_genomic_prodigal_proteins	1735	781	61.77	13.13	45.01
GCA_001632105.1_ASM163210v1_genomic_prodigal_proteins	3521	GCA_002684175.1_ASM268417v1_genomic_prodigal_proteins	1819	1126	68.98	13.22	61.90
GCA_001632105.1_ASM163210v1_genomic_prodigal_proteins	3521	GCA_011523295.1_ASM1152329v1_genomic_prodigal_proteins	2851	1442	68.98	13.84	50.58
GCA_001632105.1_ASM163210v1_genomic_prodigal_proteins	3521	GCA_003211015.1_ASM321101v1_genomic_prodigal_proteins	2128	1729	89.92	9.34	81.25
GCA_001632105.1_ASM163210v1_genomic_prodigal_proteins	3521	GCA_002006815.1_ASM200681v1_genomic_prodigal_proteins	1973	1404	63.93	13.93	71.16
GCA_002685515.1_ASM268551v1_genomic_prodigal_proteins	1286	GCA_007828135.1_ASM782813v1_genomic_prodigal_proteins	2917	851	64.99	12.89	66.17
GCA_002685515.1_ASM268551v1_genomic_prodigal_proteins	1286	GCA_011047875.1_ASM1104787v1_genomic_prodigal_proteins	2810	478	52.14	11.40	37.17
GCA_002685515.1_ASM268551v1_genomic_prodigal_proteins	1286	GCA_009840445.1_ASM984044v1_genomic_prodigal_proteins	2167	636	60.13	12.34	49.46
GCA_002685515.1_ASM268551v1_genomic_prodigal_proteins	1286	GCA_003210995.1_ASM321099v1_genomic_prodigal_proteins	2385	813	89.87	9.95	63.22
GCA_002685515.1_ASM268551v1_genomic_prodigal_proteins	1286	GCA_902616995.1_AG-919-L20_genomic_prodigal_proteins	654	157	69.74	13.87	24.01
GCA_002685515.1_ASM268551v1_genomic_prodigal_proteins	1286	GCA_009845825.1_ASM984582v1_genomic_prodigal_proteins	2168	537	60.02	12.40	41.76
GCA_002685515.1_ASM268551v1_genomic_prodigal_proteins	1286	GCA_000515235.1_ASM51523v1_genomic_prodigal_proteins	2873	948	69.71	13.46	73.72
GCA_002685515.1_ASM268551v1_genomic_prodigal_proteins	1286	GCA_003523965.1_ASM352396v1_genomic_prodigal_proteins	1735	411	60.94	12.38	31.96
GCA_002685515.1_ASM268551v1_genomic_prodigal_proteins	1286	GCA_002684175.1_ASM268417v1_genomic_prodigal_proteins	1819	598	67.46	13.36	46.50
GCA_002685515.1_ASM268551v1_genomic_prodigal_proteins	1286	GCA_011523295.1_ASM1152329v1_genomic_prodigal_proteins	2851	778	68.47	13.52	60.50
GCA_002685515.1_ASM268551v1_genomic_prodigal_proteins	1286	GCA_003211015.1_ASM321101v1_genomic_prodigal_proteins	2128	845	90.31	9.35	65.71
GCA_002685515.1_ASM268551v1_genomic_prodigal_proteins	1286	GCA_002006815.1_ASM200681v1_genomic_prodigal_proteins	1973	746	63.36	13.28	58.01
GCA_003211015.1_ASM321101v1_genomic_prodigal_proteins	2128	GCA_002006815.1_ASM200681v1_genomic_prodigal_proteins	1973	1021	63.47	13.61	51.75
GCA_002171075.2_ASM217107v2_genomic_prodigal_proteins	1919	GCA_002760395.1_ASM276039v1_genomic_prodigal_proteins	2661	664	52.24	11.37	34.60
GCA_002171075.2_ASM217107v2_genomic_prodigal_proteins	1919	GCA_003209005.1_ASM320900v1_genomic_prodigal_proteins	2548	1002	63.37	13.76	52.21
GCA_002171075.2_ASM217107v2_genomic_prodigal_proteins	1919	GCA_002017915.1_ASM201791v1_genomic_prodigal_proteins	623	282	63.39	12.95	45.26
GCA_002171075.2_ASM217107v2_genomic_prodigal_proteins	1919	GCA_900047545.1_m9_genomic_prodigal_proteins	1575	697	60.49	12.29	44.25
GCA_002171075.2_ASM217107v2_genomic_prodigal_proteins	1919	GCA_001632105.1_ASM163210v1_genomic_prodigal_proteins	3521	1252	63.58	13.70	65.24
GCA_002171075.2_ASM217107v2_genomic_prodigal_proteins	1919	GCA_004212765.1_ASM421276v1_genomic_prodigal_proteins	1162	607	64.19	13.64	52.24
GCA_002171075.2_ASM217107v2_genomic_prodigal_proteins	1919	GCA_002685515.1_ASM268551v1_genomic_prodigal_proteins	1286	644	62.94	13.17	50.08
GCA_002171075.2_ASM217107v2_genomic_prodigal_proteins	1919	GCA_007828135.1_ASM782813v1_genomic_prodigal_proteins	2917	1218	64.49	12.94	63.47
GCA_002171075.2_ASM217107v2_genomic_prodigal_proteins	1919	GCA_011047875.1_ASM1104787v1_genomic_prodigal_proteins	2810	678	52.21	11.50	35.33
GCA_002171075.2_ASM217107v2_genomic_prodigal_proteins	1919	GCA_009840445.1_ASM984044v1_genomic_prodigal_proteins	2167	928	60.52	12.20	48.36
GCA_002171075.2_ASM217107v2_genomic_prodigal_proteins	1919	GCA_003210995.1_ASM321099v1_genomic_prodigal_proteins	2385	958	63.97	13.93	49.92
GCA_002171075.2_ASM217107v2_genomic_prodigal_proteins	1919	GCA_902616995.1_AG-919-L20_genomic_prodigal_proteins	654	253	64.25	13.65	38.69
GCA_002171075.2_ASM217107v2_genomic_prodigal_proteins	1919	GCA_009845825.1_ASM984582v1_genomic_prodigal_proteins	2168	798	60.86	12.18	41.58
GCA_002171075.2_ASM217107v2_genomic_prodigal_proteins	1919	GCA_000515235.1_ASM51523v1_genomic_prodigal_proteins	2873	1261	63.70	13.89	65.71
GCA_002171075.2_ASM217107v2_genomic_prodigal_proteins	1919	GCA_003523965.1_ASM352396v1_genomic_prodigal_proteins	1735	604	61.36	12.23	34.81
GCA_002171075.2_ASM217107v2_genomic_prodigal_proteins	1919	GCA_002684175.1_ASM268417v1_genomic_prodigal_proteins	1819	747	62.78	13.25	41.07
GCA_002171075.2_ASM217107v2_genomic_prodigal_proteins	1919	GCA_011523295.1_ASM1152329v1_genomic_prodigal_proteins	2851	941	62.82	13.24	49.04
GCA_002171075.2_ASM217107v2_genomic_prodigal_proteins	1919	GCA_003211015.1_ASM321101v1_genomic_prodigal_proteins	2128	875	63.83	13.50	45.60
GCA_002171075.2_ASM217107v2_genomic_prodigal_proteins	1919	GCA_002006815.1_ASM200681v1_genomic_prodigal_proteins	1973	1188	69.16	12.50	61.91
GCA_011523295.1_ASM1152329v1_genomic_prodigal_proteins	2851	GCA_003211015.1_ASM321101v1_genomic_prodigal_proteins	2128	1058	68.71	13.71	49.72
GCA_011523295.1_ASM1152329v1_genomic_prodigal_proteins	2851	GCA_002006815.1_ASM200681v1_genomic_prodigal_proteins	1973	1075	62.47	13.67	54.49
GCA_002684175.1_ASM268417v1_genomic_prodigal_proteins	1819	GCA_011523295.1_ASM1152329v1_genomic_prodigal_proteins	2851	945	71.38	12.76	51.95
GCA_002684175.1_ASM268417v1_genomic_prodigal_proteins	1819	GCA_003211015.1_ASM321101v1_genomic_prodigal_proteins	2128	813	68.73	12.90	44.69
GCA_002684175.1_ASM268417v1_genomic_prodigal_proteins	1819	GCA_002006815.1_ASM200681v1_genomic_prodigal_proteins	1973	837	62.27	13.34	46.01
GCA_902616995.1_AG-919-L20_genomic_prodigal_proteins	654	GCA_009845825.1_ASM984582v1_genomic_prodigal_proteins	2168	187	60.31	13.04	28.59
GCA_902616995.1_AG-919-L20_genomic_prodigal_proteins	654	GCA_000515235.1_ASM51523v1_genomic_prodigal_proteins	2873	412	75.01	13.85	63.00
GCA_902616995.1_AG-919-L20_genomic_prodigal_proteins	654	GCA_003523965.1_ASM352396v1_genomic_prodigal_proteins	1735	146	62.10	13.87	22.32
GCA_902616995.1_AG-919-L20_genomic_prodigal_proteins	654	GCA_002684175.1_ASM268417v1_genomic_prodigal_proteins	1819	228	73.57	13.35	34.86
GCA_902616995.1_AG-919-L20_genomic_prodigal_proteins	654	GCA_011523295.1_ASM1152329v1_genomic_prodigal_proteins	2851	327	72.74	15.01	50.00
GCA_902616995.1_AG-919-L20_genomic_prodigal_proteins	654	GCA_003211015.1_ASM321101v1_genomic_prodigal_proteins	2128	254	70.41	13.60	38.84
GCA_902616995.1_AG-919-L20_genomic_prodigal_proteins	654	GCA_002006815.1_ASM200681v1_genomic_prodigal_proteins	1973	267	64.25	13.86	40.83
GCA_900177825.1_IMG-taxon_2708742468_annotated_assembly_genomic_prodigal_proteins	3317	GCA_000195975.1_ASM19597v1_genomic_prodigal_proteins	2719	1080	53.36	12.94	39.72
GCA_900177825.1_IMG-taxon_2708742468_annotated_assembly_genomic_prodigal_proteins	3317	GCA_902618885.1_AG-920-D15_genomic_prodigal_proteins	1178	410	54.14	13.33	34.80
GCA_900177825.1_IMG-taxon_2708742468_annotated_assembly_genomic_prodigal_proteins	3317	GCA_003209165.1_ASM320916v1_genomic_prodigal_proteins	2711	907	53.66	12.85	33.46
GCA_900177825.1_IMG-taxon_2708742468_annotated_assembly_genomic_prodigal_proteins	3317	GCA_001007625.1_ASM100762v1_genomic_prodigal_proteins	2478	814	54.08	12.40	32.85
GCA_900177825.1_IMG-taxon_2708742468_annotated_assembly_genomic_prodigal_proteins	3317	GCA_008386235.1_ASM838623v1_genomic_prodigal_proteins	2571	1441	59.21	13.00	56.05
GCA_900177825.1_IMG-taxon_2708742468_annotated_assembly_genomic_prodigal_proteins	3317	GCA_001631935.1_ASM163193v1_genomic_prodigal_proteins	3526	1053	53.28	12.94	31.75
GCA_900177825.1_IMG-taxon_2708742468_annotated_assembly_genomic_prodigal_proteins	3317	GCA_002151525.1_ASM215152v1_genomic_prodigal_proteins	1628	773	53.72	12.75	47.48
GCA_900177825.1_IMG-taxon_2708742468_annotated_assembly_genomic_prodigal_proteins	3317	GCA_000153065.1_ASM15306v1_genomic_prodigal_proteins	2704	1089	53.55	12.92	40.27
GCA_900177825.1_IMG-taxon_2708742468_annotated_assembly_genomic_prodigal_proteins	3317	GCA_009837265.1_ASM983726v1_genomic_prodigal_proteins	2126	856	53.52	12.40	40.26
GCA_900177825.1_IMG-taxon_2708742468_annotated_assembly_genomic_prodigal_proteins	3317	GCA_902533725.1_AG-898-C20_genomic_prodigal_proteins	421	93	55.31	14.80	22.09
GCA_900177825.1_IMG-taxon_2708742468_annotated_assembly_genomic_prodigal_proteins	3317	GCA_002171075.2_ASM217107v2_genomic_prodigal_proteins	1919	805	52.48	12.52	41.95
GCA_900177825.1_IMG-taxon_2708742468_annotated_assembly_genomic_prodigal_proteins	3317	GCA_002760395.1_ASM276039v1_genomic_prodigal_proteins	2661	1227	56.45	12.34	46.11
GCA_900177825.1_IMG-taxon_2708742468_annotated_assembly_genomic_prodigal_proteins	3317	GCA_003209005.1_ASM320900v1_genomic_prodigal_proteins	2548	870	52.90	12.72	34.14
GCA_900177825.1_IMG-taxon_2708742468_annotated_assembly_genomic_prodigal_proteins	3317	GCA_002017915.1_ASM201791v1_genomic_prodigal_proteins	623	273	54.74	13.38	43.82
GCA_900177825.1_IMG-taxon_2708742468_annotated_assembly_genomic_prodigal_proteins	3317	GCA_900047545.1_m9_genomic_prodigal_proteins	1575	705	53.16	12.51	44.76
GCA_900177825.1_IMG-taxon_2708742468_annotated_assembly_genomic_prodigal_proteins	3317	GCA_001632105.1_ASM163210v1_genomic_prodigal_proteins	3521	1053	53.22	12.85	31.75
GCA_900177825.1_IMG-taxon_2708742468_annotated_assembly_genomic_prodigal_proteins	3317	GCA_004212765.1_ASM421276v1_genomic_prodigal_proteins	1162	539	52.99	12.71	46.39
GCA_900177825.1_IMG-taxon_2708742468_annotated_assembly_genomic_prodigal_proteins	3317	GCA_002685515.1_ASM268551v1_genomic_prodigal_proteins	1286	563	51.94	12.50	43.78
GCA_900177825.1_IMG-taxon_2708742468_annotated_assembly_genomic_prodigal_proteins	3317	GCA_007828135.1_ASM782813v1_genomic_prodigal_proteins	2917	1169	53.62	12.66	40.08
GCA_900177825.1_IMG-taxon_2708742468_annotated_assembly_genomic_prodigal_proteins	3317	GCA_011047875.1_ASM1104787v1_genomic_prodigal_proteins	2810	1252	56.66	12.25	44.56
GCA_900177825.1_IMG-taxon_2708742468_annotated_assembly_genomic_prodigal_proteins	3317	GCA_009840445.1_ASM984044v1_genomic_prodigal_proteins	2167	940	53.39	12.31	43.38
GCA_900177825.1_IMG-taxon_2708742468_annotated_assembly_genomic_prodigal_proteins	3317	GCA_003210995.1_ASM321099v1_genomic_prodigal_proteins	2385	742	53.86	13.19	31.11
GCA_900177825.1_IMG-taxon_2708742468_annotated_assembly_genomic_prodigal_proteins	3317	GCA_902616995.1_AG-919-L20_genomic_prodigal_proteins	654	211	52.79	13.32	32.26
GCA_900177825.1_IMG-taxon_2708742468_annotated_assembly_genomic_prodigal_proteins	3317	GCA_009845825.1_ASM984582v1_genomic_prodigal_proteins	2168	806	53.59	12.23	37.18
GCA_900177825.1_IMG-taxon_2708742468_annotated_assembly_genomic_prodigal_proteins	3317	GCA_000515235.1_ASM51523v1_genomic_prodigal_proteins	2873	1060	53.42	12.89	36.90
GCA_900177825.1_IMG-taxon_2708742468_annotated_assembly_genomic_prodigal_proteins	3317	GCA_003523965.1_ASM352396v1_genomic_prodigal_proteins	1735	615	54.62	12.28	35.45
GCA_900177825.1_IMG-taxon_2708742468_annotated_assembly_genomic_prodigal_proteins	3317	GCA_002684175.1_ASM268417v1_genomic_prodigal_proteins	1819	626	51.96	12.18	34.41
GCA_900177825.1_IMG-taxon_2708742468_annotated_assembly_genomic_prodigal_proteins	3317	GCA_011523295.1_ASM1152329v1_genomic_prodigal_proteins	2851	817	51.38	12.24	28.66
GCA_900177825.1_IMG-taxon_2708742468_annotated_assembly_genomic_prodigal_proteins	3317	GCA_003211015.1_ASM321101v1_genomic_prodigal_proteins	2128	767	52.59	12.84	36.04
GCA_900177825.1_IMG-taxon_2708742468_annotated_assembly_genomic_prodigal_proteins	3317	GCA_002006815.1_ASM200681v1_genomic_prodigal_proteins	1973	980	53.74	12.82	49.67
GCA_003209155.1_ASM320915v1_genomic_prodigal_proteins	2305	GCA_003211515.1_ASM321151v1_genomic_prodigal_proteins	2451	1002	68.71	14.21	43.47
GCA_003209155.1_ASM320915v1_genomic_prodigal_proteins	2305	GCA_002693285.1_ASM269328v1_genomic_prodigal_proteins	2440	1446	79.61	11.66	62.73
GCA_003209155.1_ASM320915v1_genomic_prodigal_proteins	2305	GCA_003210555.1_ASM321055v1_genomic_prodigal_proteins	1847	871	72.11	13.27	47.16
GCA_003209155.1_ASM320915v1_genomic_prodigal_proteins	2305	GCA_000155595.1_ASM15559v1_genomic_prodigal_proteins	5270	864	52.43	12.45	37.48
GCA_003209155.1_ASM320915v1_genomic_prodigal_proteins	2305	GCA_001007665.1_ASM100766v1_genomic_prodigal_proteins	2356	904	60.42	12.88	39.22
GCA_003209155.1_ASM320915v1_genomic_prodigal_proteins	2305	GCA_009919765.1_ASM991976v1_genomic_prodigal_proteins	2524	863	65.22	13.94	37.44
GCA_003209155.1_ASM320915v1_genomic_prodigal_proteins	2305	GCA_003331225.1_ASM333122v1_genomic_prodigal_proteins	2113	1164	65.35	13.79	55.09
GCA_003209155.1_ASM320915v1_genomic_prodigal_proteins	2305	GCA_900177825.1_IMG-taxon_2708742468_annotated_assembly_genomic_prodigal_proteins	3317	794	53.23	12.78	34.45
GCA_003209155.1_ASM320915v1_genomic_prodigal_proteins	2305	GCA_000195975.1_ASM19597v1_genomic_prodigal_proteins	2719	1365	70.97	13.47	59.22
GCA_003209155.1_ASM320915v1_genomic_prodigal_proteins	2305	GCA_902618885.1_AG-920-D15_genomic_prodigal_proteins	1178	610	71.38	14.67	51.78
GCA_003209155.1_ASM320915v1_genomic_prodigal_proteins	2305	GCA_003209165.1_ASM320916v1_genomic_prodigal_proteins	2711	1163	70.58	13.67	50.46
GCA_003209155.1_ASM320915v1_genomic_prodigal_proteins	2305	GCA_001007625.1_ASM100762v1_genomic_prodigal_proteins	2478	799	60.68	12.90	34.66
GCA_003209155.1_ASM320915v1_genomic_prodigal_proteins	2305	GCA_008386235.1_ASM838623v1_genomic_prodigal_proteins	2571	751	53.52	12.42	32.58
GCA_003209155.1_ASM320915v1_genomic_prodigal_proteins	2305	GCA_001631935.1_ASM163193v1_genomic_prodigal_proteins	3526	1847	90.24	8.47	80.13
GCA_003209155.1_ASM320915v1_genomic_prodigal_proteins	2305	GCA_002151525.1_ASM215152v1_genomic_prodigal_proteins	1628	849	62.88	13.87	52.15
GCA_003209155.1_ASM320915v1_genomic_prodigal_proteins	2305	GCA_000153065.1_ASM15306v1_genomic_prodigal_proteins	2704	1396	73.74	12.94	60.56
GCA_003209155.1_ASM320915v1_genomic_prodigal_proteins	2305	GCA_009837265.1_ASM983726v1_genomic_prodigal_proteins	2126	830	60.50	12.69	39.04
GCA_003209155.1_ASM320915v1_genomic_prodigal_proteins	2305	GCA_902533725.1_AG-898-C20_genomic_prodigal_proteins	421	117	68.02	13.51	27.79
GCA_003209155.1_ASM320915v1_genomic_prodigal_proteins	2305	GCA_002171075.2_ASM217107v2_genomic_prodigal_proteins	1919	958	63.52	13.31	49.92
GCA_003209155.1_ASM320915v1_genomic_prodigal_proteins	2305	GCA_002760395.1_ASM276039v1_genomic_prodigal_proteins	2661	672	52.73	11.64	29.15
GCA_003209155.1_ASM320915v1_genomic_prodigal_proteins	2305	GCA_003209005.1_ASM320900v1_genomic_prodigal_proteins	2548	1550	93.93	7.94	67.25
GCA_003209155.1_ASM320915v1_genomic_prodigal_proteins	2305	GCA_002017915.1_ASM201791v1_genomic_prodigal_proteins	623	241	62.99	13.32	38.68
GCA_003209155.1_ASM320915v1_genomic_prodigal_proteins	2305	GCA_900047545.1_m9_genomic_prodigal_proteins	1575	691	60.48	12.65	43.87
GCA_003209155.1_ASM320915v1_genomic_prodigal_proteins	2305	GCA_001632105.1_ASM163210v1_genomic_prodigal_proteins	3521	1860	90.24	8.53	80.69
GCA_003209155.1_ASM320915v1_genomic_prodigal_proteins	2305	GCA_004212765.1_ASM421276v1_genomic_prodigal_proteins	1162	708	70.60	13.71	60.93
GCA_003209155.1_ASM320915v1_genomic_prodigal_proteins	2305	GCA_002685515.1_ASM268551v1_genomic_prodigal_proteins	1286	857	90.40	8.90	66.64
GCA_003209155.1_ASM320915v1_genomic_prodigal_proteins	2305	GCA_007828135.1_ASM782813v1_genomic_prodigal_proteins	2917	1222	65.27	13.40	53.02
GCA_003209155.1_ASM320915v1_genomic_prodigal_proteins	2305	GCA_011047875.1_ASM1104787v1_genomic_prodigal_proteins	2810	686	52.83	11.74	29.76
GCA_003209155.1_ASM320915v1_genomic_prodigal_proteins	2305	GCA_009840445.1_ASM984044v1_genomic_prodigal_proteins	2167	908	60.64	12.72	41.90
GCA_003209155.1_ASM320915v1_genomic_prodigal_proteins	2305	GCA_003210995.1_ASM321099v1_genomic_prodigal_proteins	2385	1603	97.66	5.76	69.54
GCA_003209155.1_ASM320915v1_genomic_prodigal_proteins	2305	GCA_902616995.1_AG-919-L20_genomic_prodigal_proteins	654	283	69.99	13.90	43.27
GCA_003209155.1_ASM320915v1_genomic_prodigal_proteins	2305	GCA_009845825.1_ASM984582v1_genomic_prodigal_proteins	2168	767	60.88	12.67	35.38
GCA_003209155.1_ASM320915v1_genomic_prodigal_proteins	2305	GCA_000515235.1_ASM51523v1_genomic_prodigal_proteins	2873	1411	69.88	13.99	61.21
GCA_003209155.1_ASM320915v1_genomic_prodigal_proteins	2305	GCA_003523965.1_ASM352396v1_genomic_prodigal_proteins	1735	585	61.84	13.14	33.72
GCA_003209155.1_ASM320915v1_genomic_prodigal_proteins	2305	GCA_002684175.1_ASM268417v1_genomic_prodigal_proteins	1819	890	68.89	13.42	48.93
GCA_003209155.1_ASM320915v1_genomic_prodigal_proteins	2305	GCA_011523295.1_ASM1152329v1_genomic_prodigal_proteins	2851	1095	68.63	14.04	47.51
GCA_003209155.1_ASM320915v1_genomic_prodigal_proteins	2305	GCA_003211015.1_ASM321101v1_genomic_prodigal_proteins	2128	1381	93.80	8.50	64.90
GCA_003209155.1_ASM320915v1_genomic_prodigal_proteins	2305	GCA_002006815.1_ASM200681v1_genomic_prodigal_proteins	1973	1079	63.93	13.67	54.69
GCA_003523965.1_ASM352396v1_genomic_prodigal_proteins	1735	GCA_002684175.1_ASM268417v1_genomic_prodigal_proteins	1819	472	59.88	12.76	27.20
GCA_003523965.1_ASM352396v1_genomic_prodigal_proteins	1735	GCA_011523295.1_ASM1152329v1_genomic_prodigal_proteins	2851	588	60.48	12.35	33.89
GCA_003523965.1_ASM352396v1_genomic_prodigal_proteins	1735	GCA_003211015.1_ASM321101v1_genomic_prodigal_proteins	2128	574	61.12	12.89	33.08
GCA_003523965.1_ASM352396v1_genomic_prodigal_proteins	1735	GCA_002006815.1_ASM200681v1_genomic_prodigal_proteins	1973	697	62.67	12.71	40.17
GCA_009840445.1_ASM984044v1_genomic_prodigal_proteins	2167	GCA_003210995.1_ASM321099v1_genomic_prodigal_proteins	2385	863	60.81	12.94	39.82
GCA_009840445.1_ASM984044v1_genomic_prodigal_proteins	2167	GCA_902616995.1_AG-919-L20_genomic_prodigal_proteins	654	216	60.67	12.73	33.03
GCA_009840445.1_ASM984044v1_genomic_prodigal_proteins	2167	GCA_009845825.1_ASM984582v1_genomic_prodigal_proteins	2168	1332	86.98	8.71	61.47
GCA_009840445.1_ASM984044v1_genomic_prodigal_proteins	2167	GCA_000515235.1_ASM51523v1_genomic_prodigal_proteins	2873	1202	60.98	12.77	55.47
GCA_009840445.1_ASM984044v1_genomic_prodigal_proteins	2167	GCA_003523965.1_ASM352396v1_genomic_prodigal_proteins	1735	1012	85.48	9.27	58.33
GCA_009840445.1_ASM984044v1_genomic_prodigal_proteins	2167	GCA_002684175.1_ASM268417v1_genomic_prodigal_proteins	1819	741	59.07	12.45	40.74
GCA_009840445.1_ASM984044v1_genomic_prodigal_proteins	2167	GCA_011523295.1_ASM1152329v1_genomic_prodigal_proteins	2851	904	59.60	12.46	41.72
GCA_009840445.1_ASM984044v1_genomic_prodigal_proteins	2167	GCA_003211015.1_ASM321101v1_genomic_prodigal_proteins	2128	879	60.57	12.54	41.31
GCA_009840445.1_ASM984044v1_genomic_prodigal_proteins	2167	GCA_002006815.1_ASM200681v1_genomic_prodigal_proteins	1973	1085	61.66	12.56	54.99
GCA_000155595.1_ASM15559v1_genomic_prodigal_proteins	5270	GCA_001007665.1_ASM100766v1_genomic_prodigal_proteins	2356	970	52.47	12.08	41.17
GCA_000155595.1_ASM15559v1_genomic_prodigal_proteins	5270	GCA_009919765.1_ASM991976v1_genomic_prodigal_proteins	2524	756	53.59	12.73	29.95
GCA_000155595.1_ASM15559v1_genomic_prodigal_proteins	5270	GCA_003331225.1_ASM333122v1_genomic_prodigal_proteins	2113	988	53.48	12.64	46.76
GCA_000155595.1_ASM15559v1_genomic_prodigal_proteins	5270	GCA_900177825.1_IMG-taxon_2708742468_annotated_assembly_genomic_prodigal_proteins	3317	1696	58.94	13.03	51.13
GCA_000155595.1_ASM15559v1_genomic_prodigal_proteins	5270	GCA_000195975.1_ASM19597v1_genomic_prodigal_proteins	2719	1129	53.26	12.80	41.52
GCA_000155595.1_ASM15559v1_genomic_prodigal_proteins	5270	GCA_902618885.1_AG-920-D15_genomic_prodigal_proteins	1178	434	54.05	13.38	36.84
GCA_000155595.1_ASM15559v1_genomic_prodigal_proteins	5270	GCA_003209165.1_ASM320916v1_genomic_prodigal_proteins	2711	945	53.31	12.62	34.86
GCA_000155595.1_ASM15559v1_genomic_prodigal_proteins	5270	GCA_001007625.1_ASM100762v1_genomic_prodigal_proteins	2478	837	53.34	12.27	33.78
GCA_000155595.1_ASM15559v1_genomic_prodigal_proteins	5270	GCA_008386235.1_ASM838623v1_genomic_prodigal_proteins	2571	1432	58.43	12.83	55.70
GCA_000155595.1_ASM15559v1_genomic_prodigal_proteins	5270	GCA_001631935.1_ASM163193v1_genomic_prodigal_proteins	3526	1138	52.52	12.82	32.27
GCA_000155595.1_ASM15559v1_genomic_prodigal_proteins	5270	GCA_002151525.1_ASM215152v1_genomic_prodigal_proteins	1628	805	53.26	12.70	49.45
GCA_000155595.1_ASM15559v1_genomic_prodigal_proteins	5270	GCA_000153065.1_ASM15306v1_genomic_prodigal_proteins	2704	1115	53.30	12.73	41.24
GCA_000155595.1_ASM15559v1_genomic_prodigal_proteins	5270	GCA_009837265.1_ASM983726v1_genomic_prodigal_proteins	2126	892	52.65	12.35	41.96
GCA_000155595.1_ASM15559v1_genomic_prodigal_proteins	5270	GCA_902533725.1_AG-898-C20_genomic_prodigal_proteins	421	91	54.50	13.67	21.62
GCA_000155595.1_ASM15559v1_genomic_prodigal_proteins	5270	GCA_002171075.2_ASM217107v2_genomic_prodigal_proteins	1919	823	52.38	12.26	42.89
GCA_000155595.1_ASM15559v1_genomic_prodigal_proteins	5270	GCA_002760395.1_ASM276039v1_genomic_prodigal_proteins	2661	1283	56.09	12.00	48.21
GCA_000155595.1_ASM15559v1_genomic_prodigal_proteins	5270	GCA_003209005.1_ASM320900v1_genomic_prodigal_proteins	2548	947	52.19	12.65	37.17
GCA_000155595.1_ASM15559v1_genomic_prodigal_proteins	5270	GCA_002017915.1_ASM201791v1_genomic_prodigal_proteins	623	277	54.65	12.83	44.46
GCA_000155595.1_ASM15559v1_genomic_prodigal_proteins	5270	GCA_900047545.1_m9_genomic_prodigal_proteins	1575	732	52.83	12.27	46.48
GCA_000155595.1_ASM15559v1_genomic_prodigal_proteins	5270	GCA_001632105.1_ASM163210v1_genomic_prodigal_proteins	3521	1139	52.43	12.72	32.35
GCA_000155595.1_ASM15559v1_genomic_prodigal_proteins	5270	GCA_004212765.1_ASM421276v1_genomic_prodigal_proteins	1162	536	52.91	12.41	46.13
GCA_000155595.1_ASM15559v1_genomic_prodigal_proteins	5270	GCA_002685515.1_ASM268551v1_genomic_prodigal_proteins	1286	587	51.69	12.29	45.65
GCA_000155595.1_ASM15559v1_genomic_prodigal_proteins	5270	GCA_007828135.1_ASM782813v1_genomic_prodigal_proteins	2917	1232	53.41	12.79	42.24
GCA_000155595.1_ASM15559v1_genomic_prodigal_proteins	5270	GCA_011047875.1_ASM1104787v1_genomic_prodigal_proteins	2810	1339	55.81	12.21	47.65
GCA_000155595.1_ASM15559v1_genomic_prodigal_proteins	5270	GCA_009840445.1_ASM984044v1_genomic_prodigal_proteins	2167	978	52.74	12.24	45.13
GCA_000155595.1_ASM15559v1_genomic_prodigal_proteins	5270	GCA_003210995.1_ASM321099v1_genomic_prodigal_proteins	2385	806	53.04	12.87	33.79
GCA_000155595.1_ASM15559v1_genomic_prodigal_proteins	5270	GCA_902616995.1_AG-919-L20_genomic_prodigal_proteins	654	213	53.28	13.56	32.57
GCA_000155595.1_ASM15559v1_genomic_prodigal_proteins	5270	GCA_009845825.1_ASM984582v1_genomic_prodigal_proteins	2168	826	52.96	12.23	38.10
GCA_000155595.1_ASM15559v1_genomic_prodigal_proteins	5270	GCA_000515235.1_ASM51523v1_genomic_prodigal_proteins	2873	1119	52.99	12.76	38.95
GCA_000155595.1_ASM15559v1_genomic_prodigal_proteins	5270	GCA_003523965.1_ASM352396v1_genomic_prodigal_proteins	1735	619	54.10	12.12	35.68
GCA_000155595.1_ASM15559v1_genomic_prodigal_proteins	5270	GCA_002684175.1_ASM268417v1_genomic_prodigal_proteins	1819	652	51.80	11.84	35.84
GCA_000155595.1_ASM15559v1_genomic_prodigal_proteins	5270	GCA_011523295.1_ASM1152329v1_genomic_prodigal_proteins	2851	856	51.22	11.87	30.02
GCA_000155595.1_ASM15559v1_genomic_prodigal_proteins	5270	GCA_003211015.1_ASM321101v1_genomic_prodigal_proteins	2128	818	52.31	12.61	38.44
GCA_000155595.1_ASM15559v1_genomic_prodigal_proteins	5270	GCA_002006815.1_ASM200681v1_genomic_prodigal_proteins	1973	1001	53.29	12.74	50.73
GCA_000515235.1_ASM51523v1_genomic_prodigal_proteins	2873	GCA_003523965.1_ASM352396v1_genomic_prodigal_proteins	1735	776	62.34	13.03	44.73
GCA_000515235.1_ASM51523v1_genomic_prodigal_proteins	2873	GCA_002684175.1_ASM268417v1_genomic_prodigal_proteins	1819	1160	73.07	12.51	63.77
GCA_000515235.1_ASM51523v1_genomic_prodigal_proteins	2873	GCA_011523295.1_ASM1152329v1_genomic_prodigal_proteins	2851	1518	72.80	13.27	53.24
GCA_000515235.1_ASM51523v1_genomic_prodigal_proteins	2873	GCA_003211015.1_ASM321101v1_genomic_prodigal_proteins	2128	1357	70.06	13.86	63.77
GCA_000515235.1_ASM51523v1_genomic_prodigal_proteins	2873	GCA_002006815.1_ASM200681v1_genomic_prodigal_proteins	1973	1387	63.85	13.96	70.30
GCA_003210995.1_ASM321099v1_genomic_prodigal_proteins	2385	GCA_902616995.1_AG-919-L20_genomic_prodigal_proteins	654	297	70.23	14.10	45.41
GCA_003210995.1_ASM321099v1_genomic_prodigal_proteins	2385	GCA_009845825.1_ASM984582v1_genomic_prodigal_proteins	2168	734	61.19	12.89	33.86
GCA_003210995.1_ASM321099v1_genomic_prodigal_proteins	2385	GCA_000515235.1_ASM51523v1_genomic_prodigal_proteins	2873	1409	69.55	14.47	59.08
GCA_003210995.1_ASM321099v1_genomic_prodigal_proteins	2385	GCA_003523965.1_ASM352396v1_genomic_prodigal_proteins	1735	562	61.64	13.57	32.39
GCA_003210995.1_ASM321099v1_genomic_prodigal_proteins	2385	GCA_002684175.1_ASM268417v1_genomic_prodigal_proteins	1819	848	68.83	13.56	46.62
GCA_003210995.1_ASM321099v1_genomic_prodigal_proteins	2385	GCA_011523295.1_ASM1152329v1_genomic_prodigal_proteins	2851	1053	68.70	14.30	44.15
GCA_003210995.1_ASM321099v1_genomic_prodigal_proteins	2385	GCA_003211015.1_ASM321101v1_genomic_prodigal_proteins	2128	1405	93.42	8.75	66.02
GCA_003210995.1_ASM321099v1_genomic_prodigal_proteins	2385	GCA_002006815.1_ASM200681v1_genomic_prodigal_proteins	1973	1012	63.91	14.17	51.29
GCA_009919765.1_ASM991976v1_genomic_prodigal_proteins	2524	GCA_003331225.1_ASM333122v1_genomic_prodigal_proteins	2113	1276	77.32	12.20	60.39
GCA_009919765.1_ASM991976v1_genomic_prodigal_proteins	2524	GCA_900177825.1_IMG-taxon_2708742468_annotated_assembly_genomic_prodigal_proteins	3317	749	53.51	12.95	29.68
GCA_009919765.1_ASM991976v1_genomic_prodigal_proteins	2524	GCA_000195975.1_ASM19597v1_genomic_prodigal_proteins	2719	1123	66.41	14.11	44.49
GCA_009919765.1_ASM991976v1_genomic_prodigal_proteins	2524	GCA_902618885.1_AG-920-D15_genomic_prodigal_proteins	1178	446	67.44	14.81	37.86
GCA_009919765.1_ASM991976v1_genomic_prodigal_proteins	2524	GCA_003209165.1_ASM320916v1_genomic_prodigal_proteins	2711	959	65.89	14.49	38.00
GCA_009919765.1_ASM991976v1_genomic_prodigal_proteins	2524	GCA_001007625.1_ASM100762v1_genomic_prodigal_proteins	2478	733	62.15	12.85	29.58
GCA_009919765.1_ASM991976v1_genomic_prodigal_proteins	2524	GCA_008386235.1_ASM838623v1_genomic_prodigal_proteins	2571	696	54.38	12.25	27.58
GCA_009919765.1_ASM991976v1_genomic_prodigal_proteins	2524	GCA_001631935.1_ASM163193v1_genomic_prodigal_proteins	3526	1148	65.21	14.02	45.48
GCA_009919765.1_ASM991976v1_genomic_prodigal_proteins	2524	GCA_002151525.1_ASM215152v1_genomic_prodigal_proteins	1628	880	70.43	12.91	54.05
GCA_009919765.1_ASM991976v1_genomic_prodigal_proteins	2524	GCA_000153065.1_ASM15306v1_genomic_prodigal_proteins	2704	1124	66.52	13.96	44.53
GCA_009919765.1_ASM991976v1_genomic_prodigal_proteins	2524	GCA_009837265.1_ASM983726v1_genomic_prodigal_proteins	2126	768	62.00	12.55	36.12
GCA_009919765.1_ASM991976v1_genomic_prodigal_proteins	2524	GCA_902533725.1_AG-898-C20_genomic_prodigal_proteins	421	85	64.29	15.03	20.19
GCA_009919765.1_ASM991976v1_genomic_prodigal_proteins	2524	GCA_002171075.2_ASM217107v2_genomic_prodigal_proteins	1919	1056	74.68	12.36	55.03
GCA_009919765.1_ASM991976v1_genomic_prodigal_proteins	2524	GCA_002760395.1_ASM276039v1_genomic_prodigal_proteins	2661	617	53.03	11.71	24.45
GCA_009919765.1_ASM991976v1_genomic_prodigal_proteins	2524	GCA_003209005.1_ASM320900v1_genomic_prodigal_proteins	2548	947	65.20	14.09	37.52
GCA_009919765.1_ASM991976v1_genomic_prodigal_proteins	2524	GCA_002017915.1_ASM201791v1_genomic_prodigal_proteins	623	218	65.21	13.00	34.99
GCA_009919765.1_ASM991976v1_genomic_prodigal_proteins	2524	GCA_900047545.1_m9_genomic_prodigal_proteins	1575	633	61.70	12.90	40.19
GCA_009919765.1_ASM991976v1_genomic_prodigal_proteins	2524	GCA_001632105.1_ASM163210v1_genomic_prodigal_proteins	3521	1150	65.23	14.00	45.56
GCA_009919765.1_ASM991976v1_genomic_prodigal_proteins	2524	GCA_004212765.1_ASM421276v1_genomic_prodigal_proteins	1162	552	66.05	13.91	47.50
GCA_009919765.1_ASM991976v1_genomic_prodigal_proteins	2524	GCA_002685515.1_ASM268551v1_genomic_prodigal_proteins	1286	603	64.77	13.99	46.89
GCA_009919765.1_ASM991976v1_genomic_prodigal_proteins	2524	GCA_007828135.1_ASM782813v1_genomic_prodigal_proteins	2917	1083	66.25	13.38	42.91
GCA_009919765.1_ASM991976v1_genomic_prodigal_proteins	2524	GCA_011047875.1_ASM1104787v1_genomic_prodigal_proteins	2810	628	52.96	11.91	24.88
GCA_009919765.1_ASM991976v1_genomic_prodigal_proteins	2524	GCA_009840445.1_ASM984044v1_genomic_prodigal_proteins	2167	823	62.06	12.57	37.98
GCA_009919765.1_ASM991976v1_genomic_prodigal_proteins	2524	GCA_003210995.1_ASM321099v1_genomic_prodigal_proteins	2385	821	65.74	14.26	34.42
GCA_009919765.1_ASM991976v1_genomic_prodigal_proteins	2524	GCA_902616995.1_AG-919-L20_genomic_prodigal_proteins	654	201	64.69	14.06	30.73
GCA_009919765.1_ASM991976v1_genomic_prodigal_proteins	2524	GCA_009845825.1_ASM984582v1_genomic_prodigal_proteins	2168	715	62.36	12.29	32.98
GCA_009919765.1_ASM991976v1_genomic_prodigal_proteins	2524	GCA_000515235.1_ASM51523v1_genomic_prodigal_proteins	2873	1131	65.46	14.06	44.81
GCA_009919765.1_ASM991976v1_genomic_prodigal_proteins	2524	GCA_003523965.1_ASM352396v1_genomic_prodigal_proteins	1735	578	62.60	12.59	33.31
GCA_009919765.1_ASM991976v1_genomic_prodigal_proteins	2524	GCA_002684175.1_ASM268417v1_genomic_prodigal_proteins	1819	710	63.68	13.46	39.03
GCA_009919765.1_ASM991976v1_genomic_prodigal_proteins	2524	GCA_011523295.1_ASM1152329v1_genomic_prodigal_proteins	2851	907	64.64	13.86	35.94
GCA_009919765.1_ASM991976v1_genomic_prodigal_proteins	2524	GCA_003211015.1_ASM321101v1_genomic_prodigal_proteins	2128	836	65.45	13.97	39.29
GCA_009919765.1_ASM991976v1_genomic_prodigal_proteins	2524	GCA_002006815.1_ASM200681v1_genomic_prodigal_proteins	1973	1079	70.83	13.04	54.69
GCA_003331225.1_ASM333122v1_genomic_prodigal_proteins	2113	GCA_900177825.1_IMG-taxon_2708742468_annotated_assembly_genomic_prodigal_proteins	3317	955	53.72	12.79	45.20
GCA_003331225.1_ASM333122v1_genomic_prodigal_proteins	2113	GCA_000195975.1_ASM19597v1_genomic_prodigal_proteins	2719	1446	66.23	13.94	68.43
GCA_003331225.1_ASM333122v1_genomic_prodigal_proteins	2113	GCA_902618885.1_AG-920-D15_genomic_prodigal_proteins	1178	584	67.74	14.29	49.58
GCA_003331225.1_ASM333122v1_genomic_prodigal_proteins	2113	GCA_003209165.1_ASM320916v1_genomic_prodigal_proteins	2711	1207	65.96	14.12	57.12
GCA_003331225.1_ASM333122v1_genomic_prodigal_proteins	2113	GCA_001007625.1_ASM100762v1_genomic_prodigal_proteins	2478	929	62.40	12.58	43.97
GCA_003331225.1_ASM333122v1_genomic_prodigal_proteins	2113	GCA_008386235.1_ASM838623v1_genomic_prodigal_proteins	2571	907	54.22	12.42	42.92
GCA_003331225.1_ASM333122v1_genomic_prodigal_proteins	2113	GCA_001631935.1_ASM163193v1_genomic_prodigal_proteins	3526	1477	65.20	14.08	69.90
GCA_003331225.1_ASM333122v1_genomic_prodigal_proteins	2113	GCA_002151525.1_ASM215152v1_genomic_prodigal_proteins	1628	1121	70.30	13.18	68.86
GCA_003331225.1_ASM333122v1_genomic_prodigal_proteins	2113	GCA_000153065.1_ASM15306v1_genomic_prodigal_proteins	2704	1450	66.31	13.84	68.62
GCA_003331225.1_ASM333122v1_genomic_prodigal_proteins	2113	GCA_009837265.1_ASM983726v1_genomic_prodigal_proteins	2126	985	62.29	12.49	46.62
GCA_003331225.1_ASM333122v1_genomic_prodigal_proteins	2113	GCA_902533725.1_AG-898-C20_genomic_prodigal_proteins	421	116	65.02	14.05	27.55
GCA_003331225.1_ASM333122v1_genomic_prodigal_proteins	2113	GCA_002171075.2_ASM217107v2_genomic_prodigal_proteins	1919	1606	94.96	6.02	83.69
GCA_003331225.1_ASM333122v1_genomic_prodigal_proteins	2113	GCA_002760395.1_ASM276039v1_genomic_prodigal_proteins	2661	812	53.46	11.80	38.43
GCA_003331225.1_ASM333122v1_genomic_prodigal_proteins	2113	GCA_003209005.1_ASM320900v1_genomic_prodigal_proteins	2548	1205	65.03	14.03	57.03
GCA_003331225.1_ASM333122v1_genomic_prodigal_proteins	2113	GCA_002017915.1_ASM201791v1_genomic_prodigal_proteins	623	288	65.01	13.24	46.23
GCA_003331225.1_ASM333122v1_genomic_prodigal_proteins	2113	GCA_900047545.1_m9_genomic_prodigal_proteins	1575	809	62.22	12.47	51.37
GCA_003331225.1_ASM333122v1_genomic_prodigal_proteins	2113	GCA_001632105.1_ASM163210v1_genomic_prodigal_proteins	3521	1484	65.20	14.05	70.23
GCA_003331225.1_ASM333122v1_genomic_prodigal_proteins	2113	GCA_004212765.1_ASM421276v1_genomic_prodigal_proteins	1162	733	65.35	13.62	63.08
GCA_003331225.1_ASM333122v1_genomic_prodigal_proteins	2113	GCA_002685515.1_ASM268551v1_genomic_prodigal_proteins	1286	789	64.43	13.73	61.35
GCA_003331225.1_ASM333122v1_genomic_prodigal_proteins	2113	GCA_007828135.1_ASM782813v1_genomic_prodigal_proteins	2917	1399	66.60	13.09	66.21
GCA_003331225.1_ASM333122v1_genomic_prodigal_proteins	2113	GCA_011047875.1_ASM1104787v1_genomic_prodigal_proteins	2810	825	53.41	11.92	39.04
GCA_003331225.1_ASM333122v1_genomic_prodigal_proteins	2113	GCA_009840445.1_ASM984044v1_genomic_prodigal_proteins	2167	1076	62.31	12.44	50.92
GCA_003331225.1_ASM333122v1_genomic_prodigal_proteins	2113	GCA_003210995.1_ASM321099v1_genomic_prodigal_proteins	2385	1078	65.82	14.14	51.02
GCA_003331225.1_ASM333122v1_genomic_prodigal_proteins	2113	GCA_902616995.1_AG-919-L20_genomic_prodigal_proteins	654	268	66.13	13.72	40.98
GCA_003331225.1_ASM333122v1_genomic_prodigal_proteins	2113	GCA_009845825.1_ASM984582v1_genomic_prodigal_proteins	2168	907	62.54	12.23	42.92
GCA_003331225.1_ASM333122v1_genomic_prodigal_proteins	2113	GCA_000515235.1_ASM51523v1_genomic_prodigal_proteins	2873	1452	65.55	14.21	68.72
GCA_003331225.1_ASM333122v1_genomic_prodigal_proteins	2113	GCA_003523965.1_ASM352396v1_genomic_prodigal_proteins	1735	687	63.26	12.46	39.60
GCA_003331225.1_ASM333122v1_genomic_prodigal_proteins	2113	GCA_002684175.1_ASM268417v1_genomic_prodigal_proteins	1819	898	64.08	13.76	49.37
GCA_003331225.1_ASM333122v1_genomic_prodigal_proteins	2113	GCA_011523295.1_ASM1152329v1_genomic_prodigal_proteins	2851	1145	64.18	13.53	54.19
GCA_003331225.1_ASM333122v1_genomic_prodigal_proteins	2113	GCA_003211015.1_ASM321101v1_genomic_prodigal_proteins	2128	1052	65.55	13.65	49.79
GCA_003331225.1_ASM333122v1_genomic_prodigal_proteins	2113	GCA_002006815.1_ASM200681v1_genomic_prodigal_proteins	1973	1390	71.25	12.93	70.45
GCA_011047875.1_ASM1104787v1_genomic_prodigal_proteins	2810	GCA_009840445.1_ASM984044v1_genomic_prodigal_proteins	2167	840	53.31	11.67	38.76
GCA_011047875.1_ASM1104787v1_genomic_prodigal_proteins	2810	GCA_003210995.1_ASM321099v1_genomic_prodigal_proteins	2385	648	52.95	12.02	27.17
GCA_011047875.1_ASM1104787v1_genomic_prodigal_proteins	2810	GCA_902616995.1_AG-919-L20_genomic_prodigal_proteins	654	165	52.86	12.94	25.23
GCA_011047875.1_ASM1104787v1_genomic_prodigal_proteins	2810	GCA_009845825.1_ASM984582v1_genomic_prodigal_proteins	2168	735	53.16	11.43	33.90
GCA_011047875.1_ASM1104787v1_genomic_prodigal_proteins	2810	GCA_000515235.1_ASM51523v1_genomic_prodigal_proteins	2873	915	52.94	11.89	32.56
GCA_011047875.1_ASM1104787v1_genomic_prodigal_proteins	2810	GCA_003523965.1_ASM352396v1_genomic_prodigal_proteins	1735	581	53.62	11.64	33.49
GCA_011047875.1_ASM1104787v1_genomic_prodigal_proteins	2810	GCA_002684175.1_ASM268417v1_genomic_prodigal_proteins	1819	535	51.89	11.32	29.41
GCA_011047875.1_ASM1104787v1_genomic_prodigal_proteins	2810	GCA_011523295.1_ASM1152329v1_genomic_prodigal_proteins	2851	675	51.44	11.31	24.02
GCA_011047875.1_ASM1104787v1_genomic_prodigal_proteins	2810	GCA_003211015.1_ASM321101v1_genomic_prodigal_proteins	2128	677	52.15	11.61	31.81
GCA_011047875.1_ASM1104787v1_genomic_prodigal_proteins	2810	GCA_002006815.1_ASM200681v1_genomic_prodigal_proteins	1973	865	53.03	11.76	43.84
GCA_002693285.1_ASM269328v1_genomic_prodigal_proteins	2440	GCA_003210555.1_ASM321055v1_genomic_prodigal_proteins	1847	1007	72.21	12.99	54.52
GCA_002693285.1_ASM269328v1_genomic_prodigal_proteins	2440	GCA_000155595.1_ASM15559v1_genomic_prodigal_proteins	5270	1002	52.24	12.66	41.07
GCA_002693285.1_ASM269328v1_genomic_prodigal_proteins	2440	GCA_001007665.1_ASM100766v1_genomic_prodigal_proteins	2356	1081	60.46	12.86	45.88
GCA_002693285.1_ASM269328v1_genomic_prodigal_proteins	2440	GCA_009919765.1_ASM991976v1_genomic_prodigal_proteins	2524	1040	65.27	14.15	42.62
GCA_002693285.1_ASM269328v1_genomic_prodigal_proteins	2440	GCA_003331225.1_ASM333122v1_genomic_prodigal_proteins	2113	1380	65.13	13.93	65.31
GCA_002693285.1_ASM269328v1_genomic_prodigal_proteins	2440	GCA_900177825.1_IMG-taxon_2708742468_annotated_assembly_genomic_prodigal_proteins	3317	940	52.97	12.76	38.52
GCA_002693285.1_ASM269328v1_genomic_prodigal_proteins	2440	GCA_000195975.1_ASM19597v1_genomic_prodigal_proteins	2719	1619	71.22	13.68	66.35
GCA_002693285.1_ASM269328v1_genomic_prodigal_proteins	2440	GCA_902618885.1_AG-920-D15_genomic_prodigal_proteins	1178	635	71.80	14.55	53.90
GCA_002693285.1_ASM269328v1_genomic_prodigal_proteins	2440	GCA_003209165.1_ASM320916v1_genomic_prodigal_proteins	2711	1391	70.35	13.94	57.01
GCA_002693285.1_ASM269328v1_genomic_prodigal_proteins	2440	GCA_001007625.1_ASM100762v1_genomic_prodigal_proteins	2478	945	60.68	13.14	38.73
GCA_002693285.1_ASM269328v1_genomic_prodigal_proteins	2440	GCA_008386235.1_ASM838623v1_genomic_prodigal_proteins	2571	903	53.37	12.31	37.01
GCA_002693285.1_ASM269328v1_genomic_prodigal_proteins	2440	GCA_001631935.1_ASM163193v1_genomic_prodigal_proteins	3526	1866	79.54	11.58	76.48
GCA_002693285.1_ASM269328v1_genomic_prodigal_proteins	2440	GCA_002151525.1_ASM215152v1_genomic_prodigal_proteins	1628	1028	63.10	13.82	63.14
GCA_002693285.1_ASM269328v1_genomic_prodigal_proteins	2440	GCA_000153065.1_ASM15306v1_genomic_prodigal_proteins	2704	1662	73.88	12.95	68.11
GCA_002693285.1_ASM269328v1_genomic_prodigal_proteins	2440	GCA_009837265.1_ASM983726v1_genomic_prodigal_proteins	2126	980	60.64	12.83	46.10
GCA_002693285.1_ASM269328v1_genomic_prodigal_proteins	2440	GCA_902533725.1_AG-898-C20_genomic_prodigal_proteins	421	173	69.48	13.72	41.09
GCA_002693285.1_ASM269328v1_genomic_prodigal_proteins	2440	GCA_002171075.2_ASM217107v2_genomic_prodigal_proteins	1919	1110	63.35	13.68	57.84
GCA_002693285.1_ASM269328v1_genomic_prodigal_proteins	2440	GCA_002760395.1_ASM276039v1_genomic_prodigal_proteins	2661	809	52.50	11.74	33.16
GCA_002693285.1_ASM269328v1_genomic_prodigal_proteins	2440	GCA_003209005.1_ASM320900v1_genomic_prodigal_proteins	2548	1558	79.84	11.67	63.85
GCA_002693285.1_ASM269328v1_genomic_prodigal_proteins	2440	GCA_002017915.1_ASM201791v1_genomic_prodigal_proteins	623	285	63.43	13.02	45.75
GCA_002693285.1_ASM269328v1_genomic_prodigal_proteins	2440	GCA_900047545.1_m9_genomic_prodigal_proteins	1575	832	60.36	12.85	52.83
GCA_002693285.1_ASM269328v1_genomic_prodigal_proteins	2440	GCA_001632105.1_ASM163210v1_genomic_prodigal_proteins	3521	1875	79.57	11.59	76.84
GCA_002693285.1_ASM269328v1_genomic_prodigal_proteins	2440	GCA_004212765.1_ASM421276v1_genomic_prodigal_proteins	1162	834	71.02	13.59	71.77
GCA_002693285.1_ASM269328v1_genomic_prodigal_proteins	2440	GCA_002685515.1_ASM268551v1_genomic_prodigal_proteins	1286	928	79.46	11.36	72.16
GCA_002693285.1_ASM269328v1_genomic_prodigal_proteins	2440	GCA_007828135.1_ASM782813v1_genomic_prodigal_proteins	2917	1471	65.13	13.40	60.29
GCA_002693285.1_ASM269328v1_genomic_prodigal_proteins	2440	GCA_011047875.1_ASM1104787v1_genomic_prodigal_proteins	2810	802	52.50	11.90	32.87
GCA_002693285.1_ASM269328v1_genomic_prodigal_proteins	2440	GCA_009840445.1_ASM984044v1_genomic_prodigal_proteins	2167	1078	60.66	12.83	49.75
GCA_002693285.1_ASM269328v1_genomic_prodigal_proteins	2440	GCA_003210995.1_ASM321099v1_genomic_prodigal_proteins	2385	1359	78.98	12.12	56.98
GCA_002693285.1_ASM269328v1_genomic_prodigal_proteins	2440	GCA_902616995.1_AG-919-L20_genomic_prodigal_proteins	654	325	69.72	13.88	49.69
GCA_002693285.1_ASM269328v1_genomic_prodigal_proteins	2440	GCA_009845825.1_ASM984582v1_genomic_prodigal_proteins	2168	931	60.58	12.69	42.94
GCA_002693285.1_ASM269328v1_genomic_prodigal_proteins	2440	GCA_000515235.1_ASM51523v1_genomic_prodigal_proteins	2873	1667	69.78	13.95	68.32
GCA_002693285.1_ASM269328v1_genomic_prodigal_proteins	2440	GCA_003523965.1_ASM352396v1_genomic_prodigal_proteins	1735	694	61.83	12.92	40.00
GCA_002693285.1_ASM269328v1_genomic_prodigal_proteins	2440	GCA_002684175.1_ASM268417v1_genomic_prodigal_proteins	1819	1014	68.55	13.25	55.74
GCA_002693285.1_ASM269328v1_genomic_prodigal_proteins	2440	GCA_011523295.1_ASM1152329v1_genomic_prodigal_proteins	2851	1357	69.19	14.11	55.61
GCA_002693285.1_ASM269328v1_genomic_prodigal_proteins	2440	GCA_003211015.1_ASM321101v1_genomic_prodigal_proteins	2128	1368	79.86	11.45	64.29
GCA_002693285.1_ASM269328v1_genomic_prodigal_proteins	2440	GCA_002006815.1_ASM200681v1_genomic_prodigal_proteins	1973	1266	63.35	13.68	64.17
GCA_009845825.1_ASM984582v1_genomic_prodigal_proteins	2168	GCA_000515235.1_ASM51523v1_genomic_prodigal_proteins	2873	1022	61.30	12.64	47.14
GCA_009845825.1_ASM984582v1_genomic_prodigal_proteins	2168	GCA_003523965.1_ASM352396v1_genomic_prodigal_proteins	1735	910	89.59	8.37	52.45
GCA_009845825.1_ASM984582v1_genomic_prodigal_proteins	2168	GCA_002684175.1_ASM268417v1_genomic_prodigal_proteins	1819	632	59.11	12.22	34.74
GCA_009845825.1_ASM984582v1_genomic_prodigal_proteins	2168	GCA_011523295.1_ASM1152329v1_genomic_prodigal_proteins	2851	783	59.78	12.55	36.12
GCA_009845825.1_ASM984582v1_genomic_prodigal_proteins	2168	GCA_003211015.1_ASM321101v1_genomic_prodigal_proteins	2128	757	60.35	12.59	35.57
GCA_009845825.1_ASM984582v1_genomic_prodigal_proteins	2168	GCA_002006815.1_ASM200681v1_genomic_prodigal_proteins	1973	921	61.89	12.33	46.68
GCA_007828135.1_ASM782813v1_genomic_prodigal_proteins	2917	GCA_011047875.1_ASM1104787v1_genomic_prodigal_proteins	2810	975	53.35	12.19	34.70
GCA_007828135.1_ASM782813v1_genomic_prodigal_proteins	2917	GCA_009840445.1_ASM984044v1_genomic_prodigal_proteins	2167	1243	62.14	12.31	57.36
GCA_007828135.1_ASM782813v1_genomic_prodigal_proteins	2917	GCA_003210995.1_ASM321099v1_genomic_prodigal_proteins	2385	1184	65.40	13.72	49.64
GCA_007828135.1_ASM782813v1_genomic_prodigal_proteins	2917	GCA_902616995.1_AG-919-L20_genomic_prodigal_proteins	654	299	66.52	13.29	45.72
GCA_007828135.1_ASM782813v1_genomic_prodigal_proteins	2917	GCA_009845825.1_ASM984582v1_genomic_prodigal_proteins	2168	1050	62.18	12.19	48.43
GCA_007828135.1_ASM782813v1_genomic_prodigal_proteins	2917	GCA_000515235.1_ASM51523v1_genomic_prodigal_proteins	2873	1620	65.83	13.39	56.39
GCA_007828135.1_ASM782813v1_genomic_prodigal_proteins	2917	GCA_003523965.1_ASM352396v1_genomic_prodigal_proteins	1735	798	63.16	12.55	45.99
GCA_007828135.1_ASM782813v1_genomic_prodigal_proteins	2917	GCA_002684175.1_ASM268417v1_genomic_prodigal_proteins	1819	954	63.80	12.95	52.45
GCA_007828135.1_ASM782813v1_genomic_prodigal_proteins	2917	GCA_011523295.1_ASM1152329v1_genomic_prodigal_proteins	2851	1233	64.33	13.18	43.25
GCA_007828135.1_ASM782813v1_genomic_prodigal_proteins	2917	GCA_003211015.1_ASM321101v1_genomic_prodigal_proteins	2128	1188	65.38	13.24	55.83
GCA_007828135.1_ASM782813v1_genomic_prodigal_proteins	2917	GCA_002006815.1_ASM200681v1_genomic_prodigal_proteins	1973	1438	66.56	13.40	72.88
GCA_001007665.1_ASM100766v1_genomic_prodigal_proteins	2356	GCA_009919765.1_ASM991976v1_genomic_prodigal_proteins	2524	806	62.20	12.48	34.21
GCA_001007665.1_ASM100766v1_genomic_prodigal_proteins	2356	GCA_003331225.1_ASM333122v1_genomic_prodigal_proteins	2113	1068	62.00	12.35	50.54
GCA_001007665.1_ASM100766v1_genomic_prodigal_proteins	2356	GCA_900177825.1_IMG-taxon_2708742468_annotated_assembly_genomic_prodigal_proteins	3317	927	53.33	12.22	39.35
GCA_001007665.1_ASM100766v1_genomic_prodigal_proteins	2356	GCA_000195975.1_ASM19597v1_genomic_prodigal_proteins	2719	1200	61.05	12.56	50.93
GCA_001007665.1_ASM100766v1_genomic_prodigal_proteins	2356	GCA_902618885.1_AG-920-D15_genomic_prodigal_proteins	1178	448	61.55	13.38	38.03
GCA_001007665.1_ASM100766v1_genomic_prodigal_proteins	2356	GCA_003209165.1_ASM320916v1_genomic_prodigal_proteins	2711	1026	60.63	12.84	43.55
GCA_001007665.1_ASM100766v1_genomic_prodigal_proteins	2356	GCA_001007625.1_ASM100762v1_genomic_prodigal_proteins	2478	1338	86.54	8.55	56.79
GCA_001007665.1_ASM100766v1_genomic_prodigal_proteins	2356	GCA_008386235.1_ASM838623v1_genomic_prodigal_proteins	2571	930	53.99	12.08	39.47
GCA_001007665.1_ASM100766v1_genomic_prodigal_proteins	2356	GCA_001631935.1_ASM163193v1_genomic_prodigal_proteins	3526	1184	60.62	12.90	50.25
GCA_001007665.1_ASM100766v1_genomic_prodigal_proteins	2356	GCA_002151525.1_ASM215152v1_genomic_prodigal_proteins	1628	868	60.84	12.82	53.32
GCA_001007665.1_ASM100766v1_genomic_prodigal_proteins	2356	GCA_000153065.1_ASM15306v1_genomic_prodigal_proteins	2704	1199	61.63	12.74	50.89
GCA_001007665.1_ASM100766v1_genomic_prodigal_proteins	2356	GCA_009837265.1_ASM983726v1_genomic_prodigal_proteins	2126	1424	87.80	8.11	66.98
GCA_001007665.1_ASM100766v1_genomic_prodigal_proteins	2356	GCA_902533725.1_AG-898-C20_genomic_prodigal_proteins	421	100	61.42	13.51	23.75
GCA_001007665.1_ASM100766v1_genomic_prodigal_proteins	2356	GCA_002171075.2_ASM217107v2_genomic_prodigal_proteins	1919	909	60.42	12.13	47.37
GCA_001007665.1_ASM100766v1_genomic_prodigal_proteins	2356	GCA_002760395.1_ASM276039v1_genomic_prodigal_proteins	2661	838	52.99	11.48	35.57
GCA_001007665.1_ASM100766v1_genomic_prodigal_proteins	2356	GCA_003209005.1_ASM320900v1_genomic_prodigal_proteins	2548	977	60.44	12.86	41.47
GCA_001007665.1_ASM100766v1_genomic_prodigal_proteins	2356	GCA_002017915.1_ASM201791v1_genomic_prodigal_proteins	623	400	87.32	8.34	64.21
GCA_001007665.1_ASM100766v1_genomic_prodigal_proteins	2356	GCA_900047545.1_m9_genomic_prodigal_proteins	1575	1144	87.87	7.13	72.63
GCA_001007665.1_ASM100766v1_genomic_prodigal_proteins	2356	GCA_001632105.1_ASM163210v1_genomic_prodigal_proteins	3521	1191	60.54	12.98	50.55
GCA_001007665.1_ASM100766v1_genomic_prodigal_proteins	2356	GCA_004212765.1_ASM421276v1_genomic_prodigal_proteins	1162	593	60.84	12.49	51.03
GCA_001007665.1_ASM100766v1_genomic_prodigal_proteins	2356	GCA_002685515.1_ASM268551v1_genomic_prodigal_proteins	1286	616	59.81	12.35	47.90
GCA_001007665.1_ASM100766v1_genomic_prodigal_proteins	2356	GCA_007828135.1_ASM782813v1_genomic_prodigal_proteins	2917	1226	61.68	12.41	52.04
GCA_001007665.1_ASM100766v1_genomic_prodigal_proteins	2356	GCA_011047875.1_ASM1104787v1_genomic_prodigal_proteins	2810	845	52.88	11.60	35.87
GCA_001007665.1_ASM100766v1_genomic_prodigal_proteins	2356	GCA_009840445.1_ASM984044v1_genomic_prodigal_proteins	2167	1557	87.74	8.00	71.85
GCA_001007665.1_ASM100766v1_genomic_prodigal_proteins	2356	GCA_003210995.1_ASM321099v1_genomic_prodigal_proteins	2385	851	60.57	13.09	36.12
GCA_001007665.1_ASM100766v1_genomic_prodigal_proteins	2356	GCA_902616995.1_AG-919-L20_genomic_prodigal_proteins	654	215	60.95	12.66	32.87
GCA_001007665.1_ASM100766v1_genomic_prodigal_proteins	2356	GCA_009845825.1_ASM984582v1_genomic_prodigal_proteins	2168	1298	86.65	8.65	59.87
GCA_001007665.1_ASM100766v1_genomic_prodigal_proteins	2356	GCA_000515235.1_ASM51523v1_genomic_prodigal_proteins	2873	1183	60.85	12.64	50.21
GCA_001007665.1_ASM100766v1_genomic_prodigal_proteins	2356	GCA_003523965.1_ASM352396v1_genomic_prodigal_proteins	1735	999	85.38	8.76	57.58
GCA_001007665.1_ASM100766v1_genomic_prodigal_proteins	2356	GCA_002684175.1_ASM268417v1_genomic_prodigal_proteins	1819	733	58.87	12.50	40.30
GCA_001007665.1_ASM100766v1_genomic_prodigal_proteins	2356	GCA_011523295.1_ASM1152329v1_genomic_prodigal_proteins	2851	906	59.26	12.42	38.46
GCA_001007665.1_ASM100766v1_genomic_prodigal_proteins	2356	GCA_003211015.1_ASM321101v1_genomic_prodigal_proteins	2128	863	60.22	12.63	40.55
GCA_001007665.1_ASM100766v1_genomic_prodigal_proteins	2356	GCA_002006815.1_ASM200681v1_genomic_prodigal_proteins	1973	1076	61.37	12.43	54.54
